829
857
726
818
0
544
734
694
831
874
731
959
0
651
1470
1189
1238
1565
927
954
663
891
984
1524
1049
1360
1013
0
1243
855
1407
1124
1103
2394
0
967
1072
1094
866
806
757
0
1202
903
932
1322
770
963
737
794
676
1323
704
791
665
855
1045
804
707
947
1251
1447
1082
841
0
0
461
805
694
1825
0
938
465
1096
1049
1016
727
1163
0
0
750
865
926
899
1060
1149
1175
891
992
899
866
533
738
1281
525
886
0
847
535
1419
1222
0
568
1238
974
964
2456
887
0
1091
912
986
1011
988
1004
0
937
1005
0
1451
883
648
762
891
598
1017
1111
0
659
862
695
904
0
820
1008
712
1710
870
963
849
776
442
1157
840
1074
692
924
551
1147
736
0
778
809
998
1452
876
876
814
1043
884
771
780
854
1014
1383
846
550
1325
0
1913
1002
629
893
749
1388
991
648
911
1106
1654
947
695
685
918
845
726
644
861
1848
731
714
1013
815
953
778
1376
691
809
809
750
861
1182
0
950
1302
1835
854
602
1117
1090
650
866
890
1296
1015
1028
864
662
1062
591
617
765
531
951
504
974
826
729
702
610
773
926
1012
0
1144
849
1004
621
1045
1392
1151
2036
1050
2610
1025
922
608
653
706
927
1019
972
775
1040
908
941
982
630
1041
592
783
808
719
1241
911
941
887
906
685
699
883
939
796
704
858
965
1086
807
794
926
1145
736
903
993
678
718
718
0
925
0
1509
1244
1052
2125
2203
851
1186
0
812
919
550
817
466
1680
560
4
619
1806
1108
740
977
1053
591
858
775
1113
1285
750
899
834
970
940
1152
1051
1649
1019
753
0
800
1076
886
892
781
819
685
1375
1262
0
758
832
850
975
852
13
1972
1164
679
919
1616
1216
924
693
878
786
1420
0
1060
688
1013
1145
538
1094
1035
1042
930
817
874
1038
1336
795
1131
1070
832
985
690
1279
0
732
908
2216
953
757
1285
604
1151
886
815
1169
544
787
1426
1203
702
657
882
974
694
795
1043
0
1027
1132
830
889
994
633
886
836
1132
809
895
0
748
1041
639
531
719
1423
1145
1267
719
943
1078
1015
1138
0
2450
876
1256
868
709
1064
743
604
750
815
1096
1204
942
519
803
651
1249
877
1157
1250
825
1023
1190
1376
1208
1170
948
986
950
708
1128
1135
1208
1101
808
813
920
877
724
912
596
1295
712
1021
1036
1262
784
1288
866
734
1100
550
1987
1484
1393
720
1289
659
958
553
1894
877
917
628
0
851
1122
634
1034
1029
916
494
813
1203
559
1106
705
704
928
902
783
1044
483
717
845
599
