440
261
712
340
269
403
113
-9
380
308
328
0
457
-9
172
199
201
326
393
658
-54
-41
212
455
444
-18
406
0
519
362
260
-187
0
389
0
18
499
0
367
262
403
-34
334
153
54
115
432
306
373
0
13
490
-40
297
-67
336
372
0
178
0
60
0
408
309
438
333
332
393
409
297
167
0
395
407
103
24
358
-61
442
259
0
-69
375
402
0
317
-44
267
278
328
374
217
322
-35
567
381
357
288
327
335
-7
207
452
369
487
362
505
419
75
92
-45
0
307
425
-32
322
401
406
70
394
266
358
447
424
347
235
0
504
502
260
157
319
413
-157
-11
430
191
33
-194
183
480
138
0
-155
20
342
64
307
177
536
377
272
460
447
453
460
161
480
363
354
258
29
60
306
327
189
494
348
0
170
387
84
324
28
251
293
11
439
374
0
0
282
431
221
1319
402
424
319
125
0
380
440
20
267
59
324
0
123
-66
340
30
336
310
388
292
382
-60
379
435
75
543
70
290
271
286
449
395
516
93
183
327
326
325
471
330
164
263
155
-99
33
427
395
249
405
68
128
188
543
115
202
34
417
0
-151
133
438
482
-153
277
350
429
287
159
311
77
380
