-416
562
-557
614
0
-263
533
480
-167
-309
271
670
0
-179
-734
-559
775
-62
560
-52
433
-1025
-925
548
647
-518
-647
0
-694
238
-194
-75
-1375
117
0
539
-286
637
-280
698
281
0
-215
-310
-330
-573
-405
638
-554
-304
563
-1
763
-243
-11
-664
-49
73
801
697
-274
1926
-272
312
0
0
575
2170
296
753
0
1327
676
-363
592
511
-192
-1500
0
0
-61
-427
-77
-113
-418
-118
-102
666
-547
-246
-608
308
-421
-553
-114
458
0
84
522
749
-322
0
483
615
632
-188
-233
-513
0
-1473
-407
457
1349
345
-243
0
774
-137
0
390
-234
-161
-447
-521
-1380
-340
-198
-3
347
-838
-9
945
0
-512
-456
-198
-493
-552
860
684
677
662
616
2050
1113
776
518
-1362
555
-448
2
869
-427
-257
894
726
-830
575
-221
773
-494
-416
-207
639
696
-166
544
-543
0
674
650
409
1671
-275
-24
808
918
401
-117
-534
270
1060
279
-338
636
840
783
-687
170
-813
711
647
-915
-591
575
-433
-198
868
1316
-332
-358
-185
0
905
-329
657
-628
884
-36
283
1088
-371
-116
615
764
-139
-175
841
-260
185
1424
-220
488
881
735
-715
736
992
1306
317
604
-152
760
0
-305
-201
-946
613
413
-649
-931
-53
-141
-446
605
698
131
-552
786
-286
936
-252
682
-276
298
56
832
896
780
852
-534
1866
653
-594
-274
-58
782
-195
-530
-103
-399
654
-502
491
-611
-325
783
984
865
-385
-522
-27
525
-304
-447
347
-416
0
-581
0
-277
149
634
-411
-685
-775
-373
-1
-396
1498
881
666
920
-181
419
-5
453
-222
1054
-184
801
660
684
-523
531
655
2010
-356
888
122
385
844
-550
-620
1955
701
506
0
-444
-576
-1256
-459
-194
661
-20
-195
667
0
926
-429
198
-684
601
-29
-1100
-202
-311
661
-400
929
692
692
333
-389
-458
0
-464
614
986
-221
772
-266
-738
30
-495
547
1017
741
757
-76
876
-860
-666
-392
-438
1010
0
-198
571
-95
-429
1581
-224
950
-422
437
690
-635
532
1654
-167
-577
559
1174
-480
-563
336
786
-95
0
-549
817
611
608
929
342
-79
-315
717
433
924
0
-353
-910
655
770
-84
-410
1128
-231
494
-608
688
-416
219
0
-68
552
-45
910
-159
948
-404
1513
-1022
937
778
-849
-12
629
641
210
-73
717
-157
-448
880
-609
-374
546
-350
-297
589
608
815
600
-249
1411
844
-227
-461
-208
-17
-312
577
977
-225
-545
-112
-671
573
836
867
-19
800
856
-589
786
-169
410
-694
895
-656
212
575
191
767
1013
-424
-125
0
843
671
-193
-202
606
-139
364
877
-193
904
588
-838
638
-249
-19
-91
-274
651
1206
1030
-354
