76
86
64
65
0
70
82
69
65
69
69
98
0
63
95
76
81
80
92
69
60
63
62
73
87
72
70
0
52
76
72
65
67
85
0
83
78
83
71
70
78
0
73
67
54
72
73
95
60
72
70
66
65
67
61
68
76
46
61
78
74
38
69
79
0
0
49
52
69
77
0
42
71
76
84
83
66
64
0
0
68
72
73
79
84
83
79
78
66
68
74
60
84
63
61
77
0
73
51
87
77
0
75
86
75
83
101
68
0
38
69
55
70
89
80
0
75
69
0
89
66
64
53
61
81
64
70
0
76
71
71
72
0
71
62
63
75
84
78
84
58
47
85
28
71
54
87
42
94
72
0
74
57
71
83
83
63
77
80
78
60
72
65
82
57
66
67
73
0
101
76
71
25
83
70
83
49
64
74
80
91
83
55
71
62
69
49
65
88
72
68
85
63
66
79
75
61
76
66
79
73
82
0
75
72
85
80
55
50
79
67
81
72
88
71
67
69
52
70
74
51
65
66
82
47
66
86
73
48
72
72
68
72
0
76
73
63
79
75
62
94
89
72
94
79
80
75
57
58
72
83
75
74
69
85
51
84
61
88
46
64
25
72
81
64
70
68
72
68
70
75
84
59
65
62
79
82
78
79
69
76
64
83
69
55
76
58
0
78
0
76
85
80
79
91
65
77
0
70
39
51
78
69
80
56
1
67
82
52
65
73
83
68
61
76
92
42
66
79
77
81
75
82
73
24
60
74
0
61
75
45
83
66
78
43
73
63
0
67
73
50
66
74
1
62
76
58
85
75
82
80
70
75
66
73
0
65
70
77
72
53
65
69
55
81
81
76
60
83
67
81
70
58
71
61
82
0
68
81
66
72
28
78
69
88
78
79
77
58
24
70
85
71
50
67
65
73
78
72
0
81
78
91
79
88
76
64
71
72
76
78
0
68
67
73
59
66
71
68
72
73
71
79
71
67
0
69
85
71
60
77
83
66
27
66
74
82
57
85
68
73
74
66
61
82
76
81
68
66
64
76
70
85
77
76
64
69
36
72
83
80
69
68
66
74
82
57
74
71
74
76
110
77
75
67
75
78
53
70
85
80
65
68
75
78
68
83
75
105
57
0
59
81
62
73
80
67
47
70
68
58
81
55
80
67
73
67
71
55
73
76
55
