6746
9646
6326
6891
7491
6135
7495
6918
7973
8290
7248
7284
6189
6383
6744
7049
6375
11025
6147
7844
6792
6632
6252
7193
6108
0
16329
8095
7710
12632
7514
11229
8316
15748
11482
8493
6815
8624
0
8283
6240
7898
10379
16370
7372
0
8349
7792
6409
9348
7431
0
6747
14061
7598
0
7724
7959
8951
10156
8202
9237
5877
6257
9578
6342
6799
0
6875
12017
6250
6485
13203
10792
7062
11598
14627
10372
8003
8765
7017
7674
10216
8552
7997
8553
0
8159
5654
7425
5745
5940
6383
8406
7907
0
10261
0
5967
6313
6731
13556
7581
8362
6271
8251
7215
11438
6113
6932
7220
7161
0
7716
8125
7320
6499
12080
0
6814
7803
6543
7162
6502
12884
9510
6319
6112
