1529
-1193
984
4954
1861
403
173
741
694
3426
4993
-1535
2262
1159
7095
9397
-4883
-764
148
1055
-2022
-631
626
-29
-925
-2129
1026
-1239
864
-2311
0
-356
-13753
-1793
-7065
-1112
1199
3949
-494
1397
914
-2175
-755
2502
843
1827
-928
-403
-965
-70
-2158
-1436
-162
-99
2047
-167
-64
-2094
2113
3939
-1797
-1982
0
139
-2249
-2007
-2128
-913
-64
1285
-2578
-1119
-2194
2056
-912
-798
0
476
567
-529
-1130
-620
4015
448
-3817
-2083
0
-243
-1891
834
-1051
657
-2794
7
551
-1644
1933
-6065
-147
1364
-2315
3884
-967
2084
-1313
-515
807
0
-1050
-637
1767
1087
74
1631
2505
-559
0
382
468
2095
-1786
-1654
-78
-7055
-2097
2684
952
-1301
-1842
1684
158
-211
356
2182
674
-282
1707
1388
-2757
-27
8609
5646
8200
-4710
3122
-3
-1964
-395
1189
-2474
-513
-1777
639
4787
-1590
-538
-572
323
0
-3368
1269
-898
-2261
1588
-2453
2601
16166
-4374
1707
-3125
4440
-467
5840
-301
-3070
87
475
3291
-2975
-1418
-218
1210
300
-671
2787
-7743
101
-2435
-230
2421
0
3326
-693
1341
2487
231
-1295
-1699
12837
569
1996
334
6307
-896
0
2069
958
3091
142
540
2592
-620
8077
5574
0
352
10571
2346
1593
-633
-5823
1657
-578
1397
-5253
-685
761
184
-949
-6645
-1372
1943
2732
4736
-12769
0
880
2182
-1455
-3405
1331
-269
9767
-1011
0
3264
-3863
1240
4241
3056
-1149
-1596
1743
9248
574
-1842
-911
-6017
1287
5319
-1215
-4331
-2539
-308
-2370
2487
-1649
3891
-1066
2662
2325
-6979
-1723
-1914
2694
177
-55
-4452
-2545
4018
274
3229
1875
-772
-61
952
0
-2905
-1739
-1343
488
156
837
708
915
3840
1009
-2000
7694
173
-4059
673
-4143
-618
1238
811
-1960
-1891
-186
-1503
758
709
-509
-3462
-2246
-4182
2027
-1932
0
-3947
377
-71
-11559
-660
-831
-299
2322
700
-145
5787
-3598
-541
0
1239
1478
59
1382
203
553
-856
-3425
1495
0
-402
-255
-2506
-149
-32
-2642
-1107
-750
1893
-1804
2057
-1339
4534
-2753
4075
-2285
4663
-2665
4029
-4008
0
-1561
3394
-657
-2798
-1758
-5279
-2421
213
0
776
3297
-4869
3116
-1971
282
637
-573
-735
73
51
-992
896
1819
-5314
1109
1929
1274
2311
-770
-1650
-1385
965
-1985
121
-5401
7681
-419
3388
2272
631
2873
-1879
188
893
809
2355
-2341
4093
-1344
-1918
0
4739
-3466
-79
2459
862
-1965
3510
1254
-5551
1265
1787
295
837
492
-1209
-4022
379
-1262
2499
912
-696
217
-71
-1945
-3953
3035
-1105
813
-3425
150
3479
0
2177
552
4355
1434
-758
-561
-3669
839
-55
-4620
-2061
1476
92
0
3061
-806
-3235
1936
-2928
3077
-2067
16401
-1226
0
-3
-1268
2244
-179
-788
259
-2107
1305
567
-317
-3727
132
-914
1122
2457
877
112
-561
1358
7452
0
4440
283
-224
-954
-788
-785
1935
-610
0
1354
-3520
39
-374
2366
-1576
-3841
-2222
1131
-676
-177
830
2523
-342
1140
-2132
-2344
-356
3985
-804
4731
-1641
-1254
-540
-959
-5835
5771
-1795
4565
-5999
-207
-645
-1997
2080
456
-583
-2299
-112
1190
-292
546
0
-4697
-4436
1141
5662
-477
-597
4455
1349
1468
-1453
-500
-1852
1415
-1894
-998
572
-137
-595
-2625
246
4214
-138
-478
-573
-3496
-1458
1038
-746
3163
-49
-830
0
-1205
6036
75
1321
3431
602
4255
2209
-3697
-4037
-3226
150
-1167
0
-5659
-5375
708
1366
2475
-5827
69
4706
-2754
0
-776
215
-2055
-1136
581
-6662
-311
-811
-88
996
-4319
-5180
558
-2171
1910
-647
-2570
-272
-2094
639
0
1519
1620
505
5492
6791
7477
-3060
281
0
673
-4743
-2283
-4720
8120
82
-3015
6850
1477
1091
-731
-377
-980
664
-102
-849
-1091
581
-330
-698
1809
-97
3068
2985
232
-1063
-1240
127
-308
1974
623
52
-469
-1712
154
1163
789
-711
-3212
-1057
-484
0
1894
15128
1165
-1955
244
-368
274
3081
-1552
-205
-1283
-1976
7622
-925
-1175
-1992
-161
793
-510
-401
122
1184
1501
579
-717
-1589
2891
-1150
1959
-417
5456
0
-550
-467
2290
-563
5054
-765
1881
5628
-1237
4247
-2754
963
969
0
1971
-4443
-585
3821
201
-10170
1305
-2652
-2175
0
946
716
483
542
-96
525
826
-427
162
1737
617
2294
668
193
-789
-3051
-882
-1399
1601
-1165
0
9
528
-73
-167
-1025
719
-2032
1269
0
-1384
15
-894
-3623
9988
181
8663
697
7433
45
-233
2305
2036
-385
12640
-2807
316
-2117
2679
1540
-78
1550
223
2204
35
1340
-1829
133
-813
211
-266
-616
-293
636
-450
212
-2266
3385
-2240
-557
-1228
0
2
460
-444
-2244
-1321
-2690
228
-237
-19218
254
1371
-1151
3244
-951
-1030
-13208
-842
-505
433
2598
-2350
422
1919
-202
4249
1138
1641
-353
-2191
1587
-1772
0
561
413
-1194
4283
-233
-1117
225
-613
1315
-1238
-1484
-547
-1461
0
-860
-385
-148
757
948
-350
231
-2473
892
0
1351
-561
5926
-1411
1561
-1407
131
-547
-1028
-841
975
-638
-2249
2
-528
1651
-2718
1750
-829
-15
0
-696
1182
-1220
176
-186
273
381
420
0
135
-2417
-200
-245
24
-1505
-2593
1769
-984
-1520
342
-2597
-918
1530
-6720
-51
1909
82
22
-1159
-473
-1255
781
-1903
1992
-1161
-2000
4040
4152
-5019
685
1489
791
-3765
5498
551
-1018
-3278
-1494
-2630
-1438
0
-4797
5480
2121
2398
499
-2497
-1523
807
-7584
1343
3752
3946
-2101
637
169
-5180
749
725
144
2523
4812
691
-2522
-767
-3632
-5340
6840
-683
3206
1071
1351
0
-3537
6377
-1836
-3960
1573
-4257
1948
2877
984
-4567
778
2376
893
0
3060
550
400
4554
-4245
-373
-84
11442
1276
0
-608
-858
159
235
559
5691
2073
1283
1533
4440
1263
-98
1243
-739
-1788
-4976
1402
3803
-871
2625
0
3482
3984
-277
66
-418
3929
846
381
0
-2613
-8332
-4175
4266
5787
-382
-541
-3299
-477
3908
-1115
2482
-2078
2193
902
2960
4078
2021
-165
2042
-279
-1062
-1713
-903
-1034
-2945
1289
3276
-1083
1679
4
-1597
-2780
-513
-432
-1075
3462
-376
-1576
-1846
-662
0
777
2148
-2159
-107
-27
-1312
-5505
-1574
-1035
3817
-1025
2901
2647
950
-2546
1907
-1237
-1674
-435
-506
338
-101
186
-102
-2421
-220
2757
1272
-471
-183
2865
0
593
25
840
2206
5582
134
-302
-510
-1340
-2909
-2967
766
218
0
-5511
-2894
370
5359
-613
3546
-2042
-1479
-3867
0
1691
1978
376
-1881
-898
1517
477
867
-137
2186
-964
1013
-272
1492
-5149
-106
921
-2228
339
3481
0
1318
1685
-237
-2431
72
424
-6992
-3312
0
-1776
-892
23
-3157
-1393
-727
-1731
-3798
2367
898
1029
4131
3362
9380
-704
-465
1717
113
-2345
132
-1618
-309
-1851
1983
-1966
323
180
-656
1118
-1538
-3281
-514
1237
-697
-790
621
-1284
608
-433
-2643
-1822
0
724
2686
195
2330
-225
-260
-2651
-1956
1648
-4664
-1908
486
-179
-207
-1659
-1672
-4294
-1461
452
1864
-725
-679
758
-1167
815
-1474
-2516
-635
1799
-586
-1703
0
-3832
-1096
-1564
-6090
-6
198
5335
1446
-3842
1188
-2837
1066
-198
0
-460
-960
29
495
1231
2865
-4934
-1761
-878
0
1716
806
1579
-1947
-14306
108
-396
-585
-870
-1256
848
315
6204
-6790
1654
1147
3105
355
-1924
-1186
0
-1037
-2163
775
7025
4857
2631
902
4590
0
-1013
-3282
-4736
-1972
-1189
-5696
-75
-480
-1324
770
1044
409
1370
506
-4781
-896
-1126
1035
59
-1988
1436
1307
-2132
962
549
3896
-128
-1268
-1434
494
-362
84
430
-557
77
1065
1317
-1198
-1338
-1376
195
0
1107
824
1497
-446
-168
583
2411
-637
-92
-1143
12317
1694
-155
-125
380
-21440
1860
193
225
-1802
-2299
368
-3968
-998
5802
-361
1061
-1861
-1212
1899
-344
0
1831
918
-2494
458
-770
252
-23
-704
-301
-4379
-357
1060
2733
0
-1125
-710
-499
564
1603
1279
-2401
-303
424
0
-1308
2698
-1995
1631
1369
-4026
1345
695
564
573
-897
-327
268
379
852
-1191
-726
796
-76
1278
0
520
8
1119
3209
-463
-109
-240
255
0
515
-3426
-151
179
-1647
31
1126
-149
152
-1160
158
-640
-357
-266
2525
-3116
-3245
-1091
1293
-2334
-526
702
-678
-1356
135
9928
5853
-41
699
-2369
240
-172
-1094
335
-1407
-598
-6133
-630
2824
521
920
0
1648
-6597
498
-2876
546
-461
5398
3921
1293
-1182
-8769
-5558
3970
-1711
-239
1944
-580
1474
-2
-5630
-609
-188
732
1886
1391
-2298
-3178
-291
-470
-986
-353
0
-4034
1238
-1284
1059
-750
-1149
-101
10674
-182
1720
-1462
-3924
-306
0
-744
-3018
-278
1466
1286
1593
-1010
-16671
-3877
0
665
847
527
1750
-764
-11185
-1333
-2886
678
-1018
-3954
279
401
-990
1379
66
-1080
-1585
-1249
-7937
0
-3038
-1307
802
-1
322
-130
3978
-333
0
-1134
835
671
-5807
-5087
398
-994
-2729
4367
1187
1238
-2572
-2739
-880
-299
-4749
-1190
679
-1346
-900
980
-223
-1341
2329
941
-2792
-3321
1422
1332
-5501
-247
183
-978
-504
4185
385
-3990
-1654
2798
-188
263
0
-1022
3757
712
6690
-598
-216
-89
1149
424
-2029
283
-6626
-9789
-581
568
-1633
160
596
-736
945
2386
-153
-665
545
1340
-3387
2239
343
-3822
306
-3171
0
1721
4353
-2451
4527
-6413
34
-2964
4335
7410
-2839
5501
-3153
-48
0
-5631
3217
-1379
259
1803
4249
-1404
2818
1666
0
896
-2253
-62
-3043
-1468
-3303
-9
-349
-1988
1861
-63
4271
-10497
-945
-1431
-1202
-6566
512
-610
1175
0
956
-3014
-667
-2136
-4924
-90
5974
572
0
-1795
-1484
4370
1391
-7942
-38
-4110
823
-5295
635
1097
-167
-196
122
-1852
-1204
-181
-1504
566
-1059
2575
-5904
1893
4817
-725
7187
-3983
2258
2549
-700
-321
-1785
-5080
-505
236
386
-2601
5530
2335
-63
1113
0
4839
2270
-1171
4500
-1663
756
301
-2263
-364
1341
-1705
-1794
1351
-1105
-1635
-2182
603
221
-777
-3372
-2867
490
1494
1447
-3204
607
3732
-3339
9278
-5764
-827
0
-995
-7531
-6722
3307
3047
-53
-455
-885
888
-1049
-6278
512
1477
0
31
5550
-667
1139
1545
599
818
-6518
-1294
0
-1693
-2024
-753
2053
-1129
332
1567
-1058
827
149
1198
394
1570
-800
-616
729
-4139
-618
-1741
-846
0
-641
-2094
-385
3513
-2758
-8005
-2892
-221
0
-549
4633
-2603
-3837
-809
-438
578
2456
75
-1035
-22
-2938
954
-738
3733
557
582
-168
-314
1277
-345
-4169
-821
-782
1048
-1382
-208
-1909
2203
1518
861
-285
-930
1654
335
1056
-1584
11257
-1040
-1660
-2484
0
-539
-1082
1768
-1391
718
-484
-566
1788
-3561
1299
-3706
-1196
-1373
1683
1444
1334
-250
1198
1929
6698
2046
-331
10427
-1770
-3735
-763
102
-970
2817
-5774
130
0
1081
2454
1280
1468
877
-6414
1131
908
2025
-98
-4852
501
1416
0
-611
714
354
-541
-254
-1789
-556
668
-1923
0
-1159
-249
7302
-259
-769
259
415
-1101
-336
4593
-1504
-13
453
-573
-1117
-682
377
8
1967
5052
0
4316
2863
2556
700
1448
1054
-58
223
0
-302
-710
224
-103
-276
1533
-1387
-336
436
2447
-2444
2072
666
-1012
1146
-1716
5257
-358
835
1417
-1176
-3745
1154
-1141
-2929
1328
1842
-883
-1092
-738
3567
3363
-213
-1162
-3269
4081
-1056
357
2105
8071
11301
0
-1093
-527
8529
-3352
1212
327
-297
-1323
884
3599
2552
-1482
714
-699
13554
1744
468
3071
-514
813
-236
1961
-654
9684
-1720
-1421
11041
-1734
-1251
2051
322
0
-1283
-266
-2024
-1302
-1321
6494
-1757
-12
-1842
-1586
-1509
-200
-1657
0
-271
-1226
-1363
-1794
906
2189
-112
4624
-1009
0
13387
2934
-1273
-21
614
-5084
-9050
-395
1882
2829
-1158
223
106
2394
1231
-1786
-1928
-1038
-1538
-4841
0
2340
46
-1140
-1124
1104
-3151
-1420
1665
0
-1534
-2034
-1636
-541
349
-8572
-370
1633
-299
11200
13913
-4142
-1000
1388
-8915
-668
895
1123
-39
-1876
-2421
4427
1546
-2482
3536
-2810
-5372
187
-503
3261
2225
889
-1267
-2757
-983
1044
5134
2705
580
-1738
2122
0
5068
5177
3058
2792
503
-2077
-2254
1083
-6254
3132
2196
-4806
-3535
1162
1269
-2957
-1294
2609
2996
1778
933
853
-1531
1700
-2243
-975
8424
-2832
-3291
172
2019
0
6315
-956
5381
4998
826
3355
-7343
2074
-2503
-2337
-3684
1377
168
0
4306
2963
-562
2913
-4409
-978
-1017
10388
194
0
-875
1230
-2162
2364
699
3791
4286
1198
1643
1971
1355
202
-2675
2014
-4187
1488
-1623
835
2075
2572
0
1478
1550
-645
663
-1307
-4922
-262
1001
0
-857
1281
1142
963
4060
2085
615
-911
-1401
-495
340
-1382
-4172
-444
4170
560
2448
1054
1438
1020
1270
-5383
-328
2342
-6123
714
-2885
442
6623
1595
-468
1665
-6907
-202
5371
-334
3114
-2683
1126
-40
-1433
0
-3435
562
-1592
-1544
-217
432
-2039
1874
3904
3188
1754
-1800
670
-3867
-883
-2702
-566
-2503
-8258
1468
9744
-407
1267
-1494
-914
2070
583
768
1895
-589
2042
0
2549
5228
-2500
4458
-1664
-219
-2688
-604
-711
-1364
778
-578
-1159
0
2576
-88
3739
804
-1488
984
637
3406
-3075
0
-1039
-485
107
2908
-94
5355
593
684
4344
1634
6227
1289
-3262
-4842
1185
1248
-2667
-2007
-2660
-795
0
1349
545
-528
4356
1676
7098
1118
-1375
0
-1347
-9417
3441
-2097
-1037
463
-2085
528
268
164
-376
-3611
-1995
449
-2463
1059
810
1191
5559
-1003
-2090
-7430
-2527
-5589
-11267
5313
-3377
2618
633
-3614
984
2111
-838
-2957
-1785
660
533
-751
679
-942
97
0
-1114
-205
-1174
180
1147
-1892
-5664
-2428
-2824
1124
-4158
910
-898
954
-394
-241
-993
780
-2008
-3254
95
9
1
1693
529
2731
-401
-867
-2438
1553
2071
0
1984
-1039
3185
3420
381
-2058
-698
-1729
-2425
152
-3606
-121
-23
0
-1496
-2480
-7727
2106
-103
1933
2645
-5968
-260
0
1061
3465
-1192
4799
-1054
-1561
2100
387
4999
1455
6514
3303
599
-4221
-550
272
222
551
-1843
-2674
0
-1974
4372
-708
-3104
-43
-338
-3076
81
0
-855
1006
-1496
-1250
1496
1126
7538
-3780
-1034
-808
110
10
2889
192
-4515
4006
20
-1860
2668
-198
385
2292
3749
-2730
174
2041
1650
-4589
477
-458
-456
-509
1167
-818
3569
-148
-4551
4012
-10936
-2001
-184
0
-14
-2200
883
172
77
-440
1681
3176
-5289
-934
-198
5655
2825
-278
-663
-2853
68
-670
-118
-2517
-1117
578
2041
-1595
-1553
-1011
4383
-5028
-2828
-6052
1939
0
-1848
-50
836
2260
-475
-60
-470
-3332
3490
-2659
-1620
3324
-652
0
5127
1736
-886
-1173
-5135
204
-128
2800
-288
0
-2138
771
-263
-976
-578
3480
17
-51
-2267
7308
-1349
-620
6301
706
-2067
98
-541
2089
2072
1472
0
1025
4925
-136
-3272
2285
2557
-850
-479
0
169
-999
-230
-2650
2978
748
-63
-1262
-960
-160
553
-122
996
1702
-158
-263
447
-161
694
-2514
-1590
1431
1058
1317
-2231
1078
530
-187
-1076
3014
1387
1776
-1375
-361
3178
1469
1395
6626
458
36
711
0
1446
113
-2590
3334
72
-1513
-428
-1021
582
711
-1325
716
191
56
-596
-2046
-370
-1043
3579
-1032
-363
-918
254
-7556
-4347
-674
-643
5665
-1049
-4903
-374
0
1580
-1218
1176
-447
-490
-9729
1154
492
1737
2477
-404
46
4403
0
1974
-736
-127
2209
2731
537
-110
-4799
868
0
4053
-1058
-1121
-1036
-966
1996
5765
-208
675
-2322
-1206
-184
1189
-4051
-321
842
1173
780
2134
-24
0
5491
-781
-7531
3021
1274
434
321
-416
0
950
2167
2043
-775
655
-468
-211
360
342
-5588
-14841
1343
-394
-2707
-153
-554
479
-561
-575
381
1633
1513
-281
-436
336
-85
1397
-1322
1314
-267
78
-40
-1224
569
1610
-1442
1280
1506
-412
-1543
-1665
0
123
89
-5055
6366
914
3557
1409
387
-1441
2705
-3147
1505
1467
938
-1554
-3142
-2635
7900
-1101
-1157
404
-1539
-1813
14310
-267
957
-796
1804
-279
-1950
-1531
0
248
-878
-199
-1042
-339
-5299
1827
-898
844
1738
157
688
-8621
0
750
933
448
-524
1357
1023
-716
-3117
851
0
625
-2904
1068
1848
5448
3551
380
494
-458
1092
-1581
-671
272
-4305
428
-719
307
179
-8
-743
0
-8394
1349
7377
59
-433
-554
115
1336
0
117
1189
-4
626
1879
2363
-1694
-350
-931
-9761
4601
-1862
749
-932
1549
-439
-256
-520
2991
487
1917
-3994
4860
-2422
1900
2369
474
-371
-1812
-2737
-301
179
3735
-4094
-3532
-128
-2346
2114
3249
1421
659
0
641
-2399
-2143
1342
-409
605
923
914
-6917
-1379
-10564
-2132
-1381
-99
-2204
5688
-1150
824
2880
-353
-2241
409
5280
149
-3722
1434
1299
706
2086
-1725
-1149
0
258
-1867
171
-2510
1219
226
30
-1330
-2063
1930
-5664
-1377
389
0
-2049
3234
-2798
-1066
907
-305
2912
-285
65
0
-902
-514
2110
118
-78
493
-83
267
-1236
691
62
-175
4070
-2018
312
634
1132
-92
-1582
-1785
0
-5346
-1155
647
-511
940
-3873
-161
-137
0
452
832
-2549
1533
-2305
-1097
2521
279
1455
-225
129
1283
-8843
-284
2414
3647
1416
123
-1942
1708
-3129
-2884
1216
924
-3510
3563
3094
-3580
-1414
-1567
-1016
-1742
-5442
2772
-3023
-440
8415
543
-2697
313
-426
0
2787
-5589
49
-5455
216
-645
5145
3882
662
461
-1654
-5036
9370
-572
-1196
-2714
-312
-692
-3745
-1942
-1240
-111
423
-507
-57
209
3486
-21
-719
90
2342
0
4994
-1913
818
5985
218
-120
-6437
-7656
1941
-588
-668
5348
-111
0
7018
-4369
1906
-1026
-4919
-1757
-227
-310
-971
0
128
-978
-717
-1308
-763
3924
-754
-849
-2438
509
-1033
7199
-5482
428
-2114
-1788
-3588
-4220
6342
-1079
0
1290
-710
1052
-793
1967
-775
-4553
-540
0
3350
-588
5612
-6134
6278
1383
-1804
369
-974
-526
566
-149
1403
78
-2190
478
2399
116
85
1652
-2293
3094
-3207
-3485
3567
4519
-133
1233
-6421
3749
-1077
-1575
4591
-4207
-5881
98
737
1203
-1500
563
-307
0
1426
2949
-1007
-5018
-794
630
-10808
-851
-96
1469
-1172
1589
6635
-2777
-755
-2875
1511
909
4946
-94
-1471
-824
-1209
822
394
101
1933
-225
-3921
337
-2998
0
-563
702
-1729
-2994
3081
-607
1257
-2709
-6491
1851
-4458
-39
1524
0
2804
641
-2454
1022
-888
534
-968
-158
-2783
0
359
-398
717
-679
234
3160
850
202
60
2087
-2404
3416
4482
-1356
-386
2715
2731
1044
-1910
-445
0
-2473
2170
-1130
-3252
1436
-7077
-2947
-1667
0
-1945
1350
-4343
-4288
4681
413
7724
-2468
3121
864
24
0
0
0
0
0
0
0
0
0
0
0
0
0
0
0
0
0
0
0
0
0
0
0
0
0
0
0
0
0
0
0
0
0
0
0
0
0
0
0
0
0
0
0
0
0
0
0
0
0
0
0
0
0
0
0
0
0
0
0
0
0
0
0
0
0
0
0
0
0
0
0
0
0
0
0
0
0
0
0
0
0
0
0
0
0
0
0
0
0
0
0
0
0
0
0
0
0
0
0
0
0
0
0
0
0
0
0
0
0
0
0
0
0
0
0
0
0
0
0
0
0
0
0
0
0
0
0
0
-513
-5529
437
12
-479
1000
71
-215
258
-72
-166
-1110
419
189
-1375
-494
-376
-754
-2698
-1289
-1372
-2043
-311
-1335
-685
1415
-286
-332
70
-230
0
898
-43
-580
302
-1623
-221
810
645
-732
1377
-859
-2602
39
5148
203
-299
-61
-87
-1415
-366
-2369
-1495
821
401
-599
1677
-77
-1292
-638
538
754
0
268
-1499
-1499
708
-84
-522
-4891
1865
-432
-232
1025
8264
-632
0
-1367
-1865
-399
-765
-1046
1994
114
-90
12863
0
-186
-1123
290
-92
-437
1150
2598
20
-793
1667
-239
-584
-312
-843
-564
-3082
-1847
8563
6618
-3194
0
64
458
251
-3
448
-762
1284
181
0
19959
1796
-1
-287
-155
692
-1211
-1606
408
-536
456
3580
2054
2268
-877
4195
2733
-1329
1421
6693
-1809
864
-810
-886
1437
565
1442
5803
-97
241
-1528
2646
66
1982
-753
300
1539
-1161
-1216
922
-73
0
2171
-1402
669
-3973
-2288
4982
0
3180
3628
3974
5041
1804
-2739
1152
5177
2833
-267
601
-213
2059
1964
1800
1293
-102
1572
6025
-9007
-119
-1928
-362
4188
0
2489
1939
-79
338
289
2948
-1002
4877
-161
-920
2488
1305
251
0
-1664
1997
3750
-6515
-2055
-5196
1521
8617
1609
0
1064
3333
1642
1932
533
-573
-2914
-561
1663
-7262
2030
-79
-2100
1273
-4076
614
1589
1180
362
-6487
0
1181
2444
699
-180
369
1564
3011
1094
0
2259
1108
1038
1949
-3081
-590
1760
-161
-517
2239
-2169
-461
246
-394
670
608
997
-80
-712
365
2307
1261
-628
1114
3682
-3039
277
-166
200
793
-420
-500
4215
114
-32
4670
643
-5663
-2066
3610
9188
0
-1006
-104
-9926
1605
-826
1374
547
3106
31
368
-183
720
-511
739
1462
934
-748
-2701
1228
-922
708
-331
3747
-11357
3308
-733
-3883
-2981
2815
1572
-898
0
892
-1569
1566
2400
1008
4097
-133
-1215
-41
2068
1414
793
7587
0
2010
925
1567
1560
-409
-766
-404
-2868
184
0
10838
-1239
1511
-71
273
3165
4965
-285
1104
-368
-403
-246
-1590
2764
1196
793
134
-240
725
4
0
-3932
776
-12356
-4122
-70
700
-427
1492
0
-576
2711
198
1483
1518
1567
-725
-32
470
-4784
-9288
-1163
-1285
1845
-8062
5954
1629
1333
-491
2219
-174
2353
-366
-904
779
-1827
2921
4014
1185
1033
480
1214
-1176
-1714
4541
604
3145
-782
-1168
-724
-1808
0
-151
26
-179
1107
928
402
-517
-2525
-5950
5285
2019
1363
889
-689
963
1585
-108
-774
-342
-193
624
605
-3353
-761
928
1099
-1394
-54
-2339
2025
-104
0
-686
647
1687
-12845
332
-1905
2362
-791
4516
-1901
2926
-2034
-517
0
2291
3202
-2226
1178
-2360
880
-555
3521
-1443
0
2
-832
238
-85
865
-1537
-292
2189
-224
1904
283
-1014
10446
-376
1032
-6
9050
-1150
1219
1175
0
1514
5201
532
-4269
-1563
-2707
3349
405
0
-574
3233
-5360
-2361
1633
-145
-1389
700
2561
-484
-1054
7197
2064
841
-5419
-1461
313
-841
432
-1792
-860
2134
1822
234
-3572
-728
458
-3013
2426
-1795
-1229
-527
-1136
-499
1134
266
879
897
-74
969
-713
0
670
82
-2762
473
103
46
-42
124
4724
610
-13929
867
-125
1509
-391
10916
206
-383
169
-6733
-1255
794
1240
933
-409
1189
1910
-3310
-6961
-4783
911
0
1219
-1482
958
1108
-443
717
-2084
-1414
-969
2505
1589
-232
-64
0
-1106
-735
-563
1419
-414
-334
-865
2549
50
0
-2038
1873
1125
-555
1371
-1014
1480
-464
544
1799
-887
38
1963
-3922
550
-261
-2058
2254
-1166
-117
0
-1281
-473
-1301
753
1459
6176
-124
-378
0
2998
-1286
-1031
16
1372
762
210
-1366
-409
-1476
-1010
2365
843
-176
356
-1291
-1856
-345
333
-1020
6434
898
32
-9791
-2503
-5738
-5292
-1005
378
1350
149
1802
1042
978
902
324
857
2007
1027
725
-508
0
-210
-925
2235
-2894
1863
215
3742
-908
-487
-1927
1256
101
-1130
-400
47
3295
-756
265
1021
-340
2761
229
526
-392
-1380
2906
2090
-1054
852
884
-318
0
442
1226
1735
-671
-1589
-601
-430
1849
1542
-3004
-798
324
-1527
0
4025
2050
-696
-318
2314
1142
786
-2261
1153
0
1375
441
-1122
1021
-270
-522
-881
-1361
1821
-191
3897
-951
-952
3296
-4521
-324
-830
1369
-773
1872
0
1882
-694
-825
31
1519
1487
706
825
0
-1032
-251
1192
530
199
-719
-1111
3632
-4009
-2557
1322
104
585
2040
410
-1334
1996
766
-324
-394
-2245
-3144
1353
-1973
-2145
2496
-1836
-29
-1695
350
-829
1911
-4530
788
604
-2188
-1296
2499
2480
7831
3795
0
914
1065
746
2646
1495
2262
72
-2417
-1794
2257
-2362
-1375
195
248
2058
-1697
-3883
3725
-502
-3351
-947
3281
-735
-6086
934
-872
6779
2877
-4248
-837
380
0
1082
1173
-1074
-2525
-1364
-8083
-1387
858
-805
-794
-180
-16
4424
0
-2678
-3631
-3683
-1123
-192
1595
-2170
-661
-813
0
8728
199
-1565
1456
540
-1795
7045
206
1125
3766
-500
-296
244
-6587
-2976
-1168
1809
-119
-71
-14
0
-27
-1006
-7675
1911
-71
47
719
600
0
2152
-1684
-1212
-1012
1573
-4492
-150
-897
304
5290
-13364
-108
-106
-362
-324
-520
-1192
-1509
-305
-4842
-681
-593
356
-789
-641
1128
-168
-103
-418
-124
26722
-6819
1112
-1062
929
-2523
590
86
-671
673
-658
0
-655
782
-2100
581
-519
-3853
-278
-726
-572
-2563
-1362
-95
1716
-2184
-2187
-2144
1176
-3614
211
1193
1168
27539
-778
-1548
-506
3854
-1953
-160
-20
282
-1174
0
131
1052
-136
673
-150
-2826
523
-346
391
199
-801
-2006
-1778
0
-1021
-253
-1262
830
52
898
-675
1559
-3536
0
826
289
444
-735
-452
572
780
-1044
-1996
2552
876
1109
-899
345
-547
-376
-215
-2318
-1629
1121
0
1178
893
300
183
-1254
1412
-1858
-1058
0
-504
-27
-891
-2474
-1080
2929
-1489
-443
-790
-714
-110
756
301
-4846
113
-779
2081
-507
-34
-753
-816
822
-301
902
-1105
-213
-743
-995
-634
391
3035
-3626
-3757
451
219
-10897
915
-686
-553
1898
-3583
0
265
-364
7
1942
-226
3584
84
941
-8
1900
-196
16
411
214
-2025
-228
-3773
9134
248
-918
743
-3661
-766
5582
136
376
60
621
-510
-489
-595
0
744
270
-243
-2103
17
-1184
11
-1037
-494
367
-53
-569
-7161
0
355
382
1140
-2380
-563
-245
-4213
-41
-98
0
-5370
1088
376
3209
4948
-358
199
202
-984
-494
-1216
-334
-66
-3792
-1110
-59
-528
246
-420
116
0
-5937
-338
8134
-709
-53
-952
96
4990
0
539
-448
-216
571
-32
3824
-105
-511
581
-2975
-2464
2810
-79
1735
599
-1796
-1294
-921
-243
602
2380
88
-963
-408
-334
-165
943
-812
769
-1953
1809
-19
551
-452
-1452
176
-581
-2375
-701
2296
5055
0
-1936
-1022
-4232
300
-253
5656
604
-765
975
-1899
673
69
-241
673
1094
-257
-2011
6391
-760
116
966
181
-1171
-8358
1607
2291
657
-2156
2029
926
-1978
0
-1311
-565
-977
-355
161
3790
-1292
-1451
-449
469
-509
-854
9389
0
-360
1414
1376
-114
-764
565
3528
2180
804
0
13748
1297
562
-559
-1681
588
-3345
340
1295
388
-71
417
631
736
-77
-1223
-932
480
-1104
-281
0
6040
460
-4397
-441
174
-493
-1796
400
0
-977
24
188
436
-910
1111
-149
221
-1208
5694
-12741
-1795
-1101
798
-990
4
-491
-208
-2886
-86
-619
-4667
-3027
1637
-157
2926
457
-2487
-1554
-1091
524
-1200
-410
3348
4654
-1492
-3646
400
-3924
-366
565
0
-1197
2341
-766
4052
-4
2277
1193
1297
-2826
749
1963
2590
-4308
945
172
84
-170
-1995
-3962
-3515
1396
-888
-1977
-875
-1945
-682
6162
-1741
880
-2584
266
0
-1769
-685
1282
3757
1376
1070
2012
-1491
-888
-1206
-35
-473
-1622
0
1706
6099
1002
-1688
-3347
5970
318
7904
3378
0
-1130
-221
-349
-1649
-227
428
-1238
564
-2293
-429
-1356
1489
2842
-940
-385
-508
-2369
2778
-2514
3618
0
1345
4023
-734
2898
-837
-3333
867
-1847
0
642
5598
-3972
-2174
-1321
124
-8002
1710
-4302
-1443
348
-2383
-224
-4810
321
1478
-1266
126
1304
2455
635
1575
908
-744
175
106
1119
-403
1511
-5
844
915
539
-536
206
-1307
809
-1098
-1398
32413
-14842
0
104
-725
4040
3505
-780
-207
1379
-22
381
687
17
91
-273
879
-3506
227
-7476
-815
210
530
1397
-610
-199
-4747
-3228
-243
-2873
23
385
187
-138
0
-916
-70
2396
1105
257
-6831
493
1446
-873
-109
867
-323
-2872
0
1012
2444
958
-1461
-392
275
-6624
-1372
67
0
-6629
-517
783
781
5375
2239
2087
520
448
987
-321
-553
-88
2189
-158
502
350
635
445
-579
0
521
312
827
-1047
-622
-164
351
-779
0
-271
1955
348
226
1675
-12110
-1188
-887
316
-11807
-3376
0
0
0
0
0
0
0
0
0
0
0
0
0
0
0
0
0
0
0
0
0
0
0
0
0
0
0
0
0
0
0
0
0
0
0
0
0
0
0
0
0
0
0
0
0
0
0
0
0
0
0
0
0
0
0
0
0
0
0
0
0
0
0
0
0
0
0
0
0
0
0
0
0
0
0
0
0
0
0
0
0
0
0
0
0
0
0
0
0
0
0
0
0
0
0
0
0
0
0
0
0
0
0
0
0
0
0
0
0
0
0
0
0
0
0
0
0
0
0
0
0
0
0
0
0
0
0
0
-727
-496
-25
-5219
-1627
-279
303
-2051
-687
853
-1291
-1006
3212
-827
431
-2992
-2062
675
-1236
-266
-1179
946
2930
-1175
-683
-4141
-6194
4008
-1159
1057
0
258
618
1589
-3618
-177
5082
-516
-888
17939
-1662
1171
-1037
-1265
746
2017
-2508
1097
-773
-822
-14210
-186
-397
-3952
-44
531
-1485
872
-3309
225
-2135
4303
0
-874
469
-340
-1158
-1135
653
104
-1465
1458
2066
905
-954
584
0
-157
-1832
-874
-3712
-2263
446
-969
3044
-412
0
-968
2511
-4206
-3951
26
-264
1980
-1273
-1669
-710
-290
-862
-1374
-1314
570
-952
-116
-836
627
-2764
0
615
1393
290
-1060
1168
-2138
1068
-330
0
-852
-704
622
-485
1689
369
-3542
-866
2592
-321
172
381
770
19
-3755
-654
429
112
-568
-1560
1127
574
352
-988
-990
2032
-1803
-1537
-616
70
179
1137
2136
412
1122
138
201
-3649
-173
-304
1367
0
-571
-226
391
-3556
-15
3091
1427
-1099
2071
-444
6310
693
-1274
274
-8
-9210
1299
206
-492
-9673
307
-378
-4326
1433
2155
-838
738
1469
-1565
-410
703
0
1174
345
-781
-527
166
-1277
1345
-2414
728
-558
-959
1156
922
0
-2224
-1744
1235
-124
403
839
-2778
1444
372
0
-940
660
-4594
-13
-64
-4068
476
63
894
-400
137
572
790
2085
-768
-1253
-33
516
363
1771
0
-1714
898
-265
2012
602
-864
-150
111
0
455
-765
1034
-1141
-2500
-81
4441
1498
101
657
-2467
172
197
629
915
-23
1692
-1678
-569
112
451
-13188
578
-312
-1757
4187
-1769
1458
-150
-933
539
-1199
367
-204
-2543
-863
-3427
-10210
3316
2270
-398
0
1493
1329
1603
4178
-971
-1986
-2587
-1667
556
2142
-2570
1259
1667
964
-984
-4171
972
556
3312
-849
-2338
100
1146
-439
-3048
508
1099
-12499
13708
9802
-682
0
-1780
-103
-4408
2877
399
8688
374
804
2492
364
-2691
2451
-1221
0
-1631
1029
156
577
2525
-1500
-369
-3981
1573
0
-737
1329
4991
-304
828
504
2678
-882
-3802
2616
-4832
-1602
505
1215
-1994
295
844
2643
972
79
0
252
-107
-1771
2481
-41
-7305
-1388
1482
0
239
2937
-1655
55
358
-976
584
763
1113
-1105
-623
557
513
546
1273
-541
276
380
115
418
-1279
-870
290
-3247
-5949
1717
-941
1415
23
1419
-359
-11
4228
-115
878
-43
-256
2190
998
-87
-1209
0
974
927
390
3238
-374
935
878
-1784
-413
878
-1301
-133
10634
-1909
935
158
396
-599
1441
-467
219
395
1281
-192
-42
4327
2392
431
-1823
-24
1344
0
814
-141
-1537
703
23557
-562
-2507
4605
1558
-6203
2641
-1767
333
0
-1181
4446
-99
391
705
6856
-216
-1005
-573
0
-4
-7294
-1547
-60
-317
-1371
-141
-2003
-481
-1198
2191
2510
-1727
-1861
1477
2322
-475
-2141
-2291
-243
0
-451
245
-4
-833
-727
825
-20313
-1340
0
-1002
-1138
-625
-1241
1497
811
-775
3195
12222
-610
-326
-1301
-337
-447
85
7468
1156
2899
-1629
-1500
-928
-464
-976
2810
622
-4165
-5153
742
-231
-632
-1523
1624
401
-2907
-373
607
9760
-288
-1289
-412
-864
0
348
2092
-673
1868
-1209
-1118
-2744
-11081
-1206
1565
-649
6961
1574
255
274
-31
380
1546
576
-2899
906
-2289
563
-34
1769
1566
-291
543
439
-1260
-76
0
13457
89
-335
-2920
97
-198
-1033
-1107
-199
-2450
-1779
1188
1663
0
-10914
-729
-272
2013
-2372
-1826
-911
-3910
-682
0
716
-496
2356
206
-464
3609
736
1259
-1
846
-302
-855
-1702
-1048
-4679
-1395
-2028
-1021
-82
1627
0
-1220
11752
447
-672
-2557
822
-3179
216
0
2087
-951
-61
-1918
550
1100
-2000
443
-2979
-646
1689
-522
4292
1095
910
5301
2436
-1789
-1809
1412
-586
-2703
7336
404
-2124
4464
-807
4532
-37
-524
-552
-1467
1292
1381
-1128
-298
4666
1681
-1968
-994
-1278
0
815
-6255
1124
-4150
114
-453
8086
641
-3002
-137
-142
7081
5776
5382
130
-2856
-1317
-1120
1206
-403
-1930
169
-2275
-1929
-866
-1608
343
-1106
-417
1786
-1939
0
-5577
494
-1658
-4492
1709
-407
3796
-8924
1177
-1247
-2276
-2699
-1446
0
7056
-3855
-1193
1015
-4992
68
-512
1430
-2884
0
909
-1430
738
-1612
-287
4947
-1036
956
-1899
2146
-1048
6435
2098
-533
-1146
376
5100
-2085
-3482
1683
0
356
-573
283
2236
-1500
-677
-4035
-972
0
-2159
394
1129
-876
5918
-554
-3083
-1879
-340
462
774
0
0
0
0
0
0
0
0
0
0
0
0
0
0
0
0
0
0
0
0
0
0
0
0
0
0
0
0
0
0
0
0
0
0
0
0
0
0
0
0
0
0
0
0
0
0
0
0
0
0
0
0
0
0
0
0
0
0
0
0
0
0
0
0
0
0
0
0
0
0
0
0
0
0
0
0
0
0
0
0
0
0
0
0
0
0
0
0
0
0
0
0
0
0
0
0
0
0
0
0
0
0
0
0
0
0
0
0
0
0
0
0
0
0
0
0
0
0
0
0
0
0
0
0
0
0
0
0
312
-4394
1360
3518
1061
2023
2036
-682
-92
8089
-529
-2103
-2055
-1196
4838
857
-1001
381
2470
-2405
2649
1062
-742
871
346
-51
751
-210
702
-408
0
-1474
4819
-1956
4037
4587
-351
7284
-344
2644
1955
-1456
-672
2123
-5781
-316
-131
31
1112
1386
-2458
3603
-1618
-1056
-1137
-262
9450
3235
-705
-2402
591
1060
0
-639
1077
1488
-1602
1707
779
-782
2515
-926
-1564
-1070
-3921
790
0
-6705
696
-248
2255
-2772
1871
-1210
-4828
-6533
0
389
14548
765
397
542
3310
483
3394
2457
3881
-1917
497
22
1622
-16781
-722
-1343
-5937
-3593
1093
0
1720
1526
496
62
-3205
-767
-5360
168
0
-5149
-921
-117
-3104
-999
1852
-190
2477
-3109
-2120
1076
-3034
1504
2319
2088
-1013
461
-530
-922
-288
-2117
6234
777
1322
-2618
6080
-2280
24
-2396
-1898
1159
7
1144
142
1972
444
-467
-10757
3183
1078
-627
0
-1565
3029
1070
2136
-1748
-1551
-1887
-1923
484
986
-4501
1678
925
848
-814
-1406
1522
1352
-4235
-1036
-3114
-117
-1277
-165
1669
217
1532
-9214
-16919
11086
-1155
0
-455
-784
-1466
2399
921
6338
4204
-595
-2786
1882
2129
1030
1168
0
-1920
-10204
610
1660
2341
-1831
-828
-5609
-209
0
683
777
3737
938
1173
-560
653
-166
-387
2562
-1567
-1471
-496
4577
-1113
-714
-93
1288
1268
2485
0
1406
2887
96
-1559
1140
6447
39
-92
0
-148
-9725
-543
-926
-40
-4
1411
-1406
1090
-1911
-65
-334
-2298
-156
-440
-3244
-1344
-638
3457
-1693
4260
5869
-379
-2032
2277
-4809
2037
-1389
-3544
6074
-196
-1539
-5714
3453
-847
92
-2957
-234
-2939
275
1138
0
3356
-3379
1332
6100
-50
-1689
1163
-3426
-1852
-1238
1494
-4003
3316
2463
-1082
1513
-148
-306
873
40
627
603
-3123
534
439
394
1694
2324
-1370
1047
-999
0
-3359
-3544
3910
-1205
894
-231
-4222
2952
5089
-3905
-517
983
309
0
-5477
-5224
-996
4584
2811
-3366
-921
322
-1400
0
335
2235
2193
-1311
-377
-7735
-626
513
354
-26
-5053
-7204
295
6451
367
720
2655
-3221
1124
-984
0
112
-3799
740
-8817
-2652
-4998
-4905
-817
0
-951
5431
2858
-2207
6226
1140
-1075
5579
514
1470
-7
4025
-802
68
746
252
-771
898
4505
826
-143
-390
2696
-1622
-2203
-533
1902
1367
273
2027
1516
-2338
-4379
2173
-3014
-662
3023
2604
-5194
-1684
-1232
0
-145
-14595
-627
-720
-690
-808
1090
-30
697
-338
1057
686
3569
792
-454
-403
-397
-1138
-1555
925
925
-1060
-1152
-1035
-1045
240
1876
-40
3687
85
805
0
374
-183
2427
191
7184
-731
-54
2258
-2168
-4005
-2855
3038
-1028
0
3153
-5666
1227
2915
643
-2447
-876
4457
-3190
0
1451
-2114
279
-542
867
-81
1256
-839
735
2164
1209
-633
2848
3296
1365
-1050
2454
-4674
4115
-4032
0
231
-430
454
2723
1202
2219
-6917
-1575
0
1085
2199
1904
-6112
12346
1838
2473
-2734
4257
-721
871
516
283
6793
-1003
14
174
-614
103
-831
1996
450
555
-479
529
90
350
46
-182
1050
-150
2834
-395
-495
730
1332
1199
-1020
-2005
-9720
124
0
684
1108
-6825
9036
315
403
-169
74
-1893
-3703
-2277
1690
1183
788
3449
-1257
9926
-980
579
-1050
684
-243
2886
-2244
2780
-51
-1591
1271
-71
1928
-1806
0
1548
-1145
2268
-149
-295
5243
1572
226
303
-1067
579
1093
2517
0
2712
1230
-198
3055
-375
1031
7051
-3859
696
0
2729
-1162
478
-6644
-9090
5412
6810
1102
558
-1122
-1022
-1038
-516
-4027
-725
421
-547
-374
301
474
0
-3771
375
-245
2189
37
991
472
1741
0
1196
2962
2577
1023
3856
10427
-1608
558
1
14732
1274
0
0
0
0
0
0
0
0
0
0
0
0
0
0
0
0
0
0
0
0
0
0
0
0
0
0
0
0
0
0
0
0
0
0
0
0
0
0
0
0
0
0
0
0
0
0
0
0
0
0
0
0
0
0
0
0
0
0
0
0
0
0
0
0
0
0
0
0
0
0
0
0
0
0
0
0
0
0
0
0
0
0
0
0
0
0
0
0
0
0
0
0
0
0
0
0
0
0
0
0
0
0
0
0
0
0
0
0
0
0
0
0
0
0
0
0
0
0
0
0
0
0
0
0
0
0
0
0
1209
-4649
167
-7064
720
-2220
-995
509
-405
2330
-1597
1070
-1304
434
-1312
2468
-574
-592
1893
-241
367
798
2573
1204
-917
1791
-1508
3287
-652
-374
0
-1805
-1370
-997
1626
-23
31
-783
691
5386
-2070
-13570
263
2603
1271
-1050
5299
305
-35
-317
-8424
2279
881
96
-4
-2485
-1607
3424
3400
3117
-285
-166
0
474
-1382
3699
611
-1104
-3438
-1467
-1444
3605
-603
2561
-1385
-1386
0
38
1402
-760
-720
-1115
-2138
7
5117
1277
0
-464
195
-5669
-152
-865
1898
623
-1729
-343
-1746
-412
425
-4800
-1352
-2045
840
2478
155
397
-3371
0
-1760
-330
-769
-4475
-1293
-7772
580
1138
0
-1004
4322
1101
1240
3723
-390
-208
283
-2253
964
-1200
-1788
4247
-1136
-204
1100
-980
2016
7529
-469
-339
-233
6402
1538
-2663
-939
-1509
1628
2173
-2464
804
801
1433
-4828
-1754
-221
-275
780
394
-612
-211
0
-401
-2134
849
2072
592
185
2015
-607
-1697
-1253
500
4608
-1969
3800
-58
-1285
120
-247
-1447
702
-1698
590
1309
-1776
-688
-634
-3906
-244
4631
-122
260
0
-2683
1891
-812
-2507
-251
863
17122
980
-2758
-933
-885
1357
-44
0
548
2587
883
-1148
-946
2496
322
11240
518
0
-506
-1752
-2383
-113
1267
1995
-717
-54
-599
-1050
-734
901
4177
-2284
815
-3534
812
693
-6155
1306
0
-263
251
249
2264
3854
2636
636
350
0
-2795
-2654
-6311
-553
3857
-296
2984
-856
65
99
-741
143
-253
-2564
2608
-553
1383
-1032
-419
1029
1291
1621
-56
-1428
-938
340
-515
-109
457
-865
-1825
584
-420
93
-1276
-1956
-608
-1008
901
3361
-3791
0
763
-479
1991
-715
356
-3656
341
-1537
604
4608
-1476
-852
-375
382
-354
-469
-1836
755
-980
-467
1197
-233
-4279
2890
-1015
-621
2208
281
1012
-550
-88
0
-814
-95
936
-1766
761
-155
-77
1961
-2359
939
-1620
-576
-4214
0
456
-430
29
-6532
132
-299
-671
-570
1075
0
-1667
236
424
-2651
-61
-612
1850
-558
2291
1608
1273
-1396
543
809
-1007
-739
-2942
-465
-766
-1778
0
-288
-1361
-2073
-362
203
294
42
2361
0
100
561
491
407
-104
4480
-433
357
921
-1256
-388
0
0
0
0
0
0
0
0
0
0
0
0
0
0
0
0
0
0
0
0
0
0
0
0
0
0
0
0
0
0
0
0
0
0
0
0
0
0
0
0
0
0
0
0
0
0
0
0
0
0
0
0
0
0
0
0
0
0
0
0
0
0
0
0
0
0
0
0
0
0
0
0
0
0
0
0
0
0
0
0
0
0
0
0
0
0
0
0
0
0
0
0
0
0
0
0
0
0
0
0
0
0
0
0
0
0
0
0
0
0
0
0
0
0
0
0
0
0
0
0
0
0
0
0
0
0
0
0
-1983
-2435
-1166
-331
5262
1811
-358
1982
185
1509
-1414
-11750
-799
1305
6001
4572
2014
568
158
86
-7
395
1206
3333
-762
-2293
200
3934
-506
-1502
0
-1980
-1344
507
-1912
-145
299
2813
1895
-3732
-299
-1819
2883
-5175
-1800
1309
-624
505
-240
-2503
-3693
-87
-236
-1375
-3125
188
4773
892
1833
-3999
324
1228
0
-4175
-666
-833
-1345
-4215
-487
-162
-6801
5450
-2333
4267
-3157
224
0
6650
2574
-2098
-1818
-7694
11956
-865
4360
5033
0
-1075
1603
2242
-865
163
1490
-987
1454
-2090
4842
-1809
-3517
923
660
2812
-2427
3774
-117
86
1363
0
2507
470
1186
-4606
316
-441
2783
743
0
1558
2756
480
7270
-3816
-1221
-5269
-3141
-5157
832
-745
1220
-3768
-1442
126
2105
-4010
1571
-3159
-4801
-1341
2622
-1523
6519
6211
229
1042
-2287
4965
-31
-2513
1510
3754
-1351
2315
113
-4750
-1382
800
822
644
0
4702
-4604
2049
-4466
-4410
-4385
3182
-7104
-2347
-2542
4329
-6205
-994
-9004
245
1469
-151
430
2906
460
6891
340
-2494
1542
-1145
-3926
876
-966
1700
682
1531
0
-2505
4964
4961
-2443
1319
1627
-1274
-3673
-2195
3335
1578
-8070
-1562
0
-4382
1500
2480
3431
-1220
124
-1195
1696
-5169
0
387
-994
-1272
8318
-910
2246
-99
1766
9253
4326
9894
-211
-1746
2933
-3670
-566
-3111
-4678
-2993
-562
0
1885
-1954
-1124
552
-7655
5387
2045
-284
0
-4408
3199
-2990
-6023
-1138
1840
-370
-3982
4617
94
332
-3262
-5
-528
702
1328
4120
479
284
3151
-2285
-458
2232
-934
1037
1226
1552
1486
-932
-654
90
-230
1989
-1184
2530
669
-198
-2174
496
-870
1149
0
-801
-756
244
-1600
-629
3305
-2421
-1179
1041
2449
-514
2002
-1871
-524
-416
586
73
919
921
3402
-897
212
609
-1097
-1620
-3858
101
-650
-2685
23
1850
0
3064
334
-2933
1776
-5216
-447
-1448
-3413
772
-191
2115
-1473
818
0
-2550
3090
-927
-4123
-643
-6024
93
1082
2542
0
-2211
-1066
1048
-939
-585
1583
-1186
584
-3287
560
-10113
453
267
-1004
38
897
1248
2810
-323
2827
0
1167
3157
226
-346
-481
-870
3891
230
0
-149
-1172
-838
1295
-223
-1612
2010
-3575
-5844
1016
-829
313
1280
463
3330
-885
-413
-186
-2837
-2208
5149
-3378
1407
-5920
1114
-17877
-3397
1637
-3288
-2081
1295
2518
-873
-1063
1153
1012
2591
-1446
-4609
-1174
-794
0
-521
-3794
353
-970
4255
-3912
5130
493
3885
780
-464
2212
-2270
-135
-1715
2522
180
-263
-2270
-435
-2807
1484
-651
-192
-2015
-218
3852
1111
-2546
472
15
0
3131
-2352
-401
2253
-3016
1588
-1410
4879
256
-8238
-70
125
-2049
0
2598
192
-5352
603
5425
4024
-886
-8857
215
0
-2654
-972
25
1502
118
-1888
565
-29
3108
2629
1921
-1090
1510
3279
-4723
-2365
2882
-1202
2508
7921
0
1979
-205
-161
852
-1672
-2558
2928
475
0
1792
-1211
808
-1239
-2358
1426
2388
5361
-138
-1241
-1008
-519
538
-629
200
-3159
-92
283
-925
-331
1522
7851
-1539
20
4588
-7630
2862
77
8928
2769
710
1902
6252
-66
-5998
-1108
-516
-2936
-3376
-3131
874
0
3394
-1062
1459
8408
-976
-963
2959
-698
1374
-1417
2383
372
-4114
482
144
-5231
-873
-558
281
-164
-2601
-354
-3058
-1983
-168
-1820
837
3015
-8115
-2133
-612
0
87
714
-1438
-875
419
-1548
-109
97
1921
-6182
2960
1881
-1239
0
-1409
-2739
-1003
-1971
-504
3695
691
5957
2736
0
-928
-693
217
-1170
217
2848
42
160
554
-1023
-2068
1229
2018
2493
270
-2093
2122
-2353
1275
-1635
0
732
-1599
838
-727
582
2770
104
-236
0
1271
-2672
2016
4086
1671
-489
-8054
4942
-765
-93
2
-360
-1374
2545
-944
4207
6145
2155
641
5218
-2007
-1049
-1943
688
-305
6959
12729
4008
-704
-328
-1340
-1451
-1471
-1457
-1019
1115
2286
-58
3796
-1403
-2019
0
1174
-1190
-1486
1687
0
668
4070
-4264
2568
7206
-1352
3518
-89
1071
-1355
-882
-34
239
-1221
2293
-1867
-562
-1027
-2817
-164
-511
5567
1743
-2265
-2802
821
0
422
-586
952
999
3424
414
-1300
-5104
-1051
-6224
-2820
170
688
0
-8508
-708
-1366
67
-5424
-2892
123
-6505
-1540
0
-263
5571
2976
-2172
-393
2016
2894
1310
-2388
1409
-564
20
863
-70
-3931
-1000
-463
-1204
-177
5552
0
1087
3113
-131
-229
-933
-2289
-4733
-3010
0
-940
-1357
-681
-1391
-400
1879
-2431
-4197
-312
-1295
595
771
-168
-6171
-1338
527
1382
245
-314
4779
1225
528
-350
-1705
-539
-1058
-9
-984
552
-23
-3
2601
-1907
412
423
1222
71
388
-427
399
-5528
0
-171
962
-1378
3702
242
-4689
563
-984
-2915
4280
-2223
1144
495
273
5673
-2498
-3537
-4457
88
-1563
707
578
-864
-5245
-1627
2602
1336
1838
53
-807
-829
0
1137
-1053
110
-2239
-533
-3686
371
770
-1771
137
-252
-355
1989
0
1366
211
-578
-594
637
2330
-6863
-962
907
0
2433
-2004
888
2756
4681
2623
8578
728
-446
842
-1362
-248
-1075
-1596
7
292
-43
40
-43
-879
0
-2194
-506
-8357
-1128
-436
-671
243
3213
0
241
167
-158
1705
2355
11322
-1220
-1046
-244
-5629
-2949
-5805
-3520
1726
4608
-5409
-1326
-919
-2230
-2037
793
-5164
484
60
-3195
10106
-7269
1724
-4535
370
-1371
-1681
-1585
-644
-325
1056
-10589
-269
5089
-496
2197
0
1568
2090
1008
820
-1097
2193
-1356
-5297
5383
3103
-6310
-6730
2470
-3274
-3243
-1148
1075
1209
2201
153
-5606
244
1651
3618
1532
5130
-2785
-2101
-5208
-1247
2215
0
494
-345
-5494
-732
-2185
-1476
205
808
-1937
5171
-3682
-3990
3844
0
-4498
-7845
-5211
7644
4538
1999
-138
-12484
-3200
0
385
-1907
-545
-186
420
-7628
-1566
-839
-1011
-3257
-3552
386
-2308
-2753
1891
-57
-5798
-2655
-2761
7549
0
-3733
-569
-823
761
-2043
-2850
-1496
1928
0
-442
-3776
-2479
-4810
-3478
-355
1488
1567
-1800
-581
-901
-2260
1113
-2234
2227
-2905
-2317
-1469
-353
-3705
895
1593
147
-2259
1944
-938
-3359
-4347
474
346
-74
1043
1584
-1109
1157
-213
-3197
-1832
2877
-245
1840
0
1089
1033
-1065
373
160
464
315
1004
391
-2264
90
-3573
884
-1474
1037
1049
-812
569
4
-7178
1093
-131
-66
1208
16
-829
861
-1056
772
432
-2605
0
-1489
473
565
-1773
-5494
14
-704
4357
-174
1468
490
-822
2555
0
5326
146
74
2853
3468
2301
48
-4545
1242
0
-523
-1487
-1322
314
-353
-1620
-1272
-735
1503
2099
-820
-166
-1142
-2575
-1613
574
-1785
1061
-1386
116
0
-171
-1996
1732
-1087
-1557
881
5045
1651
0
-574
476
-1099
-95
2382
-15
2093
2730
-3687
1837
1680
-473
-4418
1603
-618
-266
-2031
166
195
-3327
-1977
-433
247
936
-3190
-128
790
-624
2002
-2992
263
-7266
-8702
758
4737
-3027
-376
-923
118
-429
-1040
0
-903
287
2711
-1086
-354
-133
797
-2373
-694
1073
-1340
1004
958
-118
242
-228
-9799
532
-3532
285
-1613
-149
-3232
-630
2453
-653
1343
1629
91
-709
-224
0
-3203
1590
-616
-433
-725
3080
-367
608
6833
644
5912
-1146
-2483
0
-68
-1329
785
-1504
291
1309
-12183
-315
232
0
-324
-1011
-343
2868
-4809
-68
1270
-512
-1046
144
-1992
425
-1557
-1890
49
-4460
-432
591
1823
-1035
0
1548
-1668
483
42
-2306
1330
-980
10822
0
805
-750
1809
1010
1496
2840
670
-631
-584
184
-1248
-3658
-828
-407
5404
-2873
-1107
-288
5515
1475
396
-3594
5754
1710
-889
3816
-5077
2040
3384
-1570
-294
-1056
-10540
2710
5375
-443
-2714
1726
-2157
2056
-398
0
1354
-848
-112
-3183
94
771
-2687
85
-4469
-1080
-6488
-2398
130
-687
-2485
4261
337
1418
-4221
3170
-1750
-988
-2959
1544
114
-804
3036
46
-1431
3378
-1419
0
-2206
-846
-1309
-1520
2188
-431
-34
3139
3793
1696
2403
-1260
-516
0
-2068
2509
-2052
-39
4392
-3749
1203
-5322
870
0
687
-1308
3334
-794
-581
-618
-310
457
-1299
-2040
2179
2041
-243
-1329
428
-4650
-1415
113
230
-2371
0
1368
-4216
1415
-1469
-280
-956
-551
212
0
1227
2543
-3295
-1395
5
835
4991
884
2414
492
-251
0
0
0
0
0
0
0
0
0
0
0
0
0
0
0
0
0
0
0
0
0
0
0
0
0
0
0
0
0
0
0
0
0
0
0
0
0
0
0
0
0
0
0
0
0
0
0
0
0
0
0
0
0
0
0
0
0
0
0
0
0
0
0
0
0
0
0
0
0
0
0
0
0
0
0
0
0
0
0
0
0
0
0
0
0
0
0
0
0
0
0
0
0
0
0
0
0
0
0
0
0
0
0
0
0
0
0
0
0
0
0
0
0
0
0
0
0
0
0
0
0
0
0
0
0
0
0
0
1140
-1666
-178
1220
-17
-1071
536
1739
-1392
-4162
-641
-902
6791
3695
18506
-2601
-3115
-2326
-1294
10
1080
-1302
1621
-1055
117
-670
-876
-3589
-678
457
0
4498
-259
252
-5229
940
728
-4147
1361
-32
-1176
-4696
1827
2906
571
-153
-1317
-297
886
-2743
-2162
-4180
44
1875
-347
2428
-3203
1052
33
1948
-1394
-2094
0
3956
2080
193
-821
5018
937
-45
-1780
-618
481
533
1302
2159
0
2098
-941
2052
315
-6212
1549
-556
-5343
193
0
-2016
2336
1472
1614
1027
3792
-191
-432
2352
139
3514
2682
797
-1522
2671
1490
2970
626
88
-3209
0
-1540
804
-83
1394
1013
946
-2638
1016
0
669
1216
511
728
1899
1050
4424
-10984
8091
-1339
-599
1005
-3418
3977
1033
1054
2277
1037
642
901
-372
2182
-900
-672
-1914
2582
-1429
437
2863
-3147
-2439
6265
-6538
551
5488
-491
1287
3550
-348
-3128
-1625
0
-928
393
-2951
588
144
2426
1032
259
-323
-3235
354
1200
1715
-2619
855
2161
6669
-1557
-3670
180
-3298
-371
-2380
1399
-1153
-659
1262
2877
477
-1001
283
0
-2838
2283
-708
-5420
-961
-950
667
1774
8210
217
4072
-2118
10
0
315
-129
421
1479
397
-793
7140
-3561
416
0
-365
-1532
642
-5439
-1371
-1636
1251
767
244
-2596
-1444
-139
1625
-3979
-487
-3902
1196
-2811
868
-1691
0
131
-1056
2078
4496
-1733
2264
-308
-8560
0
989
-2235
193
2260
319
-4423
197
-2030
1281
4087
-1774
7181
-3394
-5155
-393
-1764
1044
-503
-3029
-1837
284
231
-1949
-1354
3224
2524
759
-919
-1294
-946
1858
-2592
-2013
2611
898
-4966
-1411
959
-1474
4951
-3305
0
-1726
1665
-2021
1289
-636
-3238
-2019
-822
-1150
1608
-2212
-2488
1229
2173
-811
-1179
3759
-2804
2574
-2304
-299
-1601
-1646
-923
-1272
-369
-703
-207
-1593
-706
-2371
0
1528
104
110
434
395
-2051
-2768
421
2906
622
1000
3188
-5
0
-49
-1874
-3282
3691
-399
1184
2423
-5637
-227
0
-2904
-813
89
5615
10943
407
2770
660
-1501
2016
534
-628
-1727
981
825
1678
-648
-121
1415
-3228
0
-2460
680
-436
-8098
-346
-3927
186
-3738
0
-137
1248
1137
-303
-1956
10839
-514
-387
-1015
-3629
252
-2924
1201
-84
602
-3119
-3348
-1572
-1197
-2143
165
-5855
-4422
501
1385
4697
-5760
-6310
1735
-1643
-411
-560
143
895
3490
101
3430
97
7091
179
926
0
3432
5469
-301
1115
-297
-60
-6942
1273
367
546
-2197
5420
-179
4035
-850
1984
-364
1179
-216
-1309
-3262
359
-610
1800
601
1781
2145
3544
5163
1559
2874
0
-114
-296
-7447
2209
-5738
-2710
1495
3968
430
2211
-1660
-3368
571
0
-1636
-6638
-4509
1382
2874
812
65
-5379
-1792
0
148
-2470
-3444
996
60
-3755
-659
-937
-208
2508
-445
4610
-5238
266
3067
1108
3731
-2144
-3261
-2813
0
397
3490
73
2930
-4506
-7975
3527
382
0
3080
4676
2271
-2024
-2222
425
-1254
856
-4089
401
325
-337
-1951
489
1345
40
207
868
698
-89
-216
2955
1182
-1001
1302
2054
-1869
-42
-4247
4912
1306
254
-1555
3169
-2789
-217
608
-459
-2550
-416
8
0
-1984
-1258
-989
574
-401
700
418
-619
-674
1802
899
792
-340
17378
-437
-331
-167
-2142
3834
-152
4544
-717
-1546
-47
-2097
2505
3396
-1111
-5758
162
400
0
-1162
2864
3047
2397
-710
-1589
-9434
995
2392
289
785
11255
-587
0
1944
-222
-1100
-791
152
83
76
2197
-28
0
-1472
-1294
-40
-546
-4
726
1295
2478
-180
1321
3565
-2233
-1377
-1600
2743
1119
-2242
-4154
3152
-1797
0
-193
-733
385
1890
-11880
-5717
62
-317
0
342
3953
1466
-143
-2219
628
1307
-1213
893
105
-1586
199
2005
-8
224
538
-355
361
323
-187
-83
-5530
-1709
341
-2837
-2041
-718
-1032
-5138
1225
273
-304
1052
-656
-1372
88
675
917
-891
-196
668
0
1994
-814
-329
-127
375
-134
-751
-3325
1564
-235
8291
-560
471
368
-445
-10249
-1784
1005
1575
1871
-607
1026
1229
123
-1376
1747
58
41
8404
-2221
1033
0
181
-5307
4764
1120
-15
-2890
-496
-628
1673
-5595
-3276
-592
1397
0
1214
3359
519
-1506
-295
1643
1290
6313
-928
0
-816
-382
1264
3828
11
-561
-1141
708
223
1358
1201
-1313
-129
508
-394
2208
1510
-1551
1459
1842
0
-1538
-2222
953
274
-488
-6302
-160
451
0
-513
6940
1000
-2264
1669
542
-3380
832
-583
1066
1193
-5631
-860
-2664
-2859
630
-358
546
-177
-3719
-330
318
75
-445
667
686
-1651
-247
-6522
1826
-5097
-7448
3605
363
-4095
9381
-1426
133
-234
2708
-2575
0
143
1479
-9908
1024
257
677
-893
-421
407
-2369
-28
-5241
-990
177
-3800
-57
-3293
-11406
177
1571
486
5847
208
-3316
718
-599
1759
-485
-1416
282
-138
0
2240
-2439
1560
2161
141
-3832
-2306
495
-3078
570
-3151
3009
1931
0
359
29
-3863
5625
173
244
-3506
388
-2921
0
1300
446
-1188
-3825
1917
2070
-6421
802
-3697
-2033
-679
-613
-1185
1324
-1448
3667
-1273
1977
1756
1484
0
4625
-1517
-3337
838
-32
-3329
55
3147
0
244
494
986
-2952
376
7675
-46
125
-796
-43
370
-454
524
1202
-2164
807
-1568
-844
604
-1071
-2648
7207
1537
-1711
2369
2520
-1483
739
-6680
6305
-795
493
7066
-3717
-5861
-903
-3816
556
2076
-264
-626
0
2869
-1204
288
-942
-539
584
3272
-1019
-2932
-401
-2616
-839
-1192
-1518
1567
2431
1261
487
6448
-1148
10429
252
1191
-289
2782
2919
-1400
-1088
-1854
1240
1096
0
-1229
7108
787
-1825
-1676
-34
-395
29
-1450
774
-609
-3542
890
0
2184
2825
-1320
319
-1632
-406
397
-6684
-3814
0
-547
-271
899
1890
518
-2310
-53
560
1677
708
2965
760
2246
684
2547
1293
983
-1466
-1238
-4332
0
-906
1707
1746
-2934
-1539
-9348
-993
1229
0
-3210
5575
-3059
-1387
-1032
1833
4022
-95
560
-772
-1248
163
-5814
-117
-3955
2277
1336
1745
-3098
-1051
1133
-1593
-6208
2271
-1754
-350
-2326
1793
1579
-1595
232
1281
-2919
1017
2538
-575
581
-1301
-1347
-675
-1146
0
-1434
-52
-269
-255
-286
-2421
-903
-741
-1736
979
2676
4389
-1195
-717
-528
268
789
-528
-1095
-608
-148
207
1360
-443
70
1652
-692
-372
1821
-1386
1321
0
-4529
803
470
-1032
-500
1189
-935
-469
6446
-618
1813
-935
1020
0
1474
-2137
101
2697
-1315
748
348
4772
13044
0
-27
479
1034
-44
9
-854
233
25
880
-1012
-463
1022
-1768
658
-825
-14781
1165
7453
1629
-13
0
351
-442
141
-2385
-1816
-3
1428
2133
0
285
-485
-557
9015
3522
565
-5427
-213
-207
-1003
270
-2858
631
32
1377
-1380
-828
-2545
333
238
3434
1352
-673
-1922
1397
-3598
-3366
358
582
892
-875
3151
1071
212
1208
-581
-612
-306
3802
-568
139
0
400
1465
-44
-176
575
-1712
-130
690
-1541
-1356
1858
-1791
441
-2032
-899
864
1329
399
1125
-2328
2274
170
349
-213
716
2761
424
-849
-1845
1959
-957
0
-759
186
1015
-229
-7231
-1728
-658
3349
1208
-1235
-136
-2487
-1006
0
7789
1550
1727
1635
1025
2073
242
-740
986
0
-696
1177
541
3327
-833
-509
-880
-1094
2414
2087
1213
-1732
-1495
-1543
-3857
464
-2080
1136
-2401
-102
0
692
-2099
-1396
269
542
-559
6377
1154
0
-260
1004
953
812
1783
1534
4534
1889
-6578
-792
-821
152
3443
1118
-4541
-6190
344
-1435
1354
7
-2009
1156
195
6249
3136
7499
504
-1246
-2359
-7034
1191
-1252
-586
-159
-1298
-237
-948
-233
-546
-691
575
0
-984
-597
2458
325
-1190
1158
-4722
-3206
-2297
514
592
-2369
1475
1823
890
715
-224
-443
-532
3554
-8241
1196
705
-223
-117
-6581
-3151
-830
1160
-274
-3808
0
-2633
-6433
-4288
530
-979
-1021
1914
-2770
111
-6494
269
2682
1015
0
5148
-2212
-3374
-1835
2051
-2884
698
3667
2739
0
770
-12400
372
-735
822
-2651
354
-918
-2967
-1929
-3031
1935
611
-1309
25414
1881
1501
922
4536
243
0
-69
-4856
11
2678
1257
944
-1174
1230
0
2805
1366
502
1987
182
-1487
-1118
-3860
54
344
79
-1183
-452
-1964
504
-4186
-7138
-230
712
-4472
1831
1430
205
-5300
-2351
1632
-9276
-9480
1331
1197
-1113
1299
557
2701
-1709
794
-9862
985
4025
1375
-438
0
179
2430
-80
-2846
-692
-1452
3713
630
-219
-6797
-1167
-9203
1783
27
141
-1013
-361
2034
855
-408
3293
74
1640
-618
99
-630
-632
-1230
-5
1318
-6201
0
-7389
1002
270
-3803
-3061
7
1198
7762
1646
-2704
146
-2003
1766
0
16156
-2018
3174
1496
-1314
3744
-321
-3898
921
0
850
-8306
-1669
1486
-205
-2643
-2087
-891
425
1917
-1060
-690
-820
-2600
7638
2514
-1107
538
-3265
-2005
0
-539
-12388
554
163
3131
369
-753
2547
0
563
3178
788
-1573
-495
1110
256
2290
-5202
-1157
-245
923
3959
-12237
1575
-940
-1270
302
-3264
-228
1024
-1041
-4267
2202
-1906
1624
593
128
2183
-2646
1917
-1309
3664
-1261
-1484
-1213
-1496
1520
-960
3308
-285
0
17
1253
-1642
-682
-555
-666
-649
-1201
116
4458
-1046
1270
182
-686
416
-1118
4206
-818
-740
-626
-3051
-1575
2910
1616
-3058
-415
-213
-690
1815
-1279
-622
0
-4492
-795
-681
-8770
-1175
591
3447
2024
-3014
1198
-2546
-744
-612
0
-1701
206
164
-106
24
1149
4399
-5175
-846
0
-3168
-618
1324
2157
12736
-1391
3479
-260
2229
708
-197
2514
5389
-7796
1206
435
3851
-468
-2794
-1721
0
-1514
-170
453
4059
4818
2980
1293
-1971
0
-1685
-3568
-6362
-2860
292
6441
-2808
-967
-103
-1059
203
1858
-616
-513
-1486
-536
1396
1797
2459
1186
1782
-1799
565
-9
-3887
-2269
575
-157
1765
-1294
292
1950
-1193
-561
-1420
170
58
851
1679
-187
-1210
0
-361
472
1217
6669
880
567
1547
-2318
-2582
184
1986
-424
-3410
1309
885
279
47
181
-156
1750
-178
-1228
-2644
-1605
-2965
4874
-42
481
-637
-165
3235
0
-1167
36
1266
-1419
490
1362
-491
-11066
36
-8738
-419
1161
-210
0
2762
-1504
-2645
-1627
-10269
1606
-1451
10882
1786
0
-1609
-2771
963
-1333
505
3296
222
1414
94
4165
-531
1661
-269
483
3944
-1091
-125
1856
780
6858
0
4471
-457
527
-1763
570
-638
-10403
2891
0
-800
-1681
-1003
1071
5861
1375
-4814
12023
-9296
158
123
-1208
1242
-8413
-421
-744
738
1065
1017
-889
-308
880
-346
965
-1244
-1663
1083
-929
-1046
737
1483
-2473
3284
1665
-3860
-3657
-1105
-2328
-1255
305
518
0
584
-1266
-296
858
680
1865
-307
-1462
-1383
2959
-1381
-2319
-247
-634
-728
-611
-3403
2915
-1206
-1127
818
-2022
492
5953
1696
-632
-1242
650
-742
840
1400
0
-661
-1314
-552
2871
439
3178
-596
1734
-4512
-307
-2348
181
-6585
0
466
-666
-880
2345
-787
307
-4668
488
-1072
0
-2878
-504
-2595
-1028
5757
1607
3666
-114
-2106
-502
632
-581
-7029
2282
-292
192
-5680
-575
664
456
0
-2567
-1613
4220
-8290
-1097
-1220
158
1913
0
335
2007
3164
-40
-369
4151
241
-502
581
-2521
-2183
3912
1479
449
163
1199
542
-192
81
2009
-90
2663
827
780
757
2476
-1270
-1729
514
-1630
984
1791
520
1494
1021
515
906
782
-1109
6702
-2323
0
-83
-247
1916
7615
1452
2556
936
1109
389
3113
-2904
1438
1034
103
2749
-536
3396
1236
303
2154
-355
-547
-1238
-171
-320
1774
-2209
-1476
1110
1047
5
0
538
-199
-1053
774
-177
1130
395
1335
437
1438
1244
67
4857
0
682
1920
771
-1260
-1097
1532
-5396
-3320
820
0
239
1760
-532
-1011
2409
3682
-1307
-8
724
-1376
-1240
982
613
2586
913
412
913
1009
1609
-2998
0
532
935
2891
940
302
-404
74
-850
0
220
-409
682
811
1896
-2819
-673
269
-532
-50
1885
-2820
-323
-114
643
624
1267
326
-359
533
-1629
1174
581
-2251
1671
-1594
-1304
1253
-62
1597
84
1982
4278
-913
2673
542
-1036
-2084
796
-1255
1274
0
-1271
-1902
279
-2493
-1113
1248
-4239
-624
83
688
473
841
-1084
-1901
293
-719
1055
1668
911
1595
125
152
-475
-764
-1142
-475
1789
874
-1059
-1007
780
0
1143
338
-1442
682
-7921
410
-844
-2504
1282
-2560
1766
-1672
478
0
-1419
2836
789
-2965
390
-4368
849
814
2750
0
-1690
-680
251
746
844
3851
-478
1028
452
259
-2820
-1094
-1360
-1990
-3047
963
-512
3851
-2734
925
0
-309
2523
-1071
-457
-1526
-715
4850
2737
0
323
-6
-1094
2649
-306
-1325
5297
-487
-6909
216
963
-1173
-1082
291
-1447
-5235
262
-1462
54
1329
1972
3975
3083
-5475
1235
-3353
-10754
5989
5
3238
36
138
-2737
-693
-1571
1076
-8778
2022
2317
-1827
428
0
1643
59
-743
10314
388
2296
-1012
4665
-1199
2224
-1437
-7963
-3163
-209
-874
-459
-492
922
1622
-16
1862
298
364
472
845
-8660
4167
-1424
2523
198
13338
0
-4072
67
664
-451
907
-1232
-24
15300
195
-3219
-2201
-493
1090
0
-4478
-3612
1293
5109
9673
-5190
-392
-5331
-1156
0
-713
-432
-2550
187
43
-7019
429
-2386
-685
-1063
-406
-1625
-2915
-1341
1407
-197
-3811
-267
-1695
-3908
0
-3199
2178
-1235
2250
-685
2432
3836
444
0
-449
772
-132
50
2153
32
30
5650
4535
-1331
-909
0
0
0
0
0
0
0
0
0
0
0
0
0
0
0
0
0
0
0
0
0
0
0
0
0
0
0
0
0
0
0
0
0
0
0
0
0
0
0
0
0
0
0
0
0
0
0
0
0
0
0
0
0
0
0
0
0
0
0
0
0
0
0
0
0
0
0
0
0
0
0
0
0
0
0
0
0
0
0
0
0
0
0
0
0
0
0
0
0
0
0
0
0
0
0
0
0
0
0
0
0
0
0
0
0
0
0
0
0
0
0
0
0
0
0
0
0
0
0
0
0
0
0
0
0
0
0
0
-191
252
869
8968
1361
-211
1316
4016
9
3196
-5349
252
9329
842
16371
5536
251
-5049
-6021
1047
-2232
-970
-471
-1372
-421
2563
648
-3151
1320
-1154
0
-1663
-2740
-2221
3186
-885
2788
2852
-4224
4732
2592
-1524
2383
-330
-2694
965
651
-528
-962
-1239
-1390
-9696
1116
973
623
606
-172
-1533
1184
-5086
517
-616
0
2545
-3982
-2399
698
-1820
192
-150
-704
-532
-306
1690
-1980
698
0
-1550
1837
-5260
-2648
1164
-1019
356
-6806
-2004
0
326
1495
77
-4067
1551
1978
-2902
1764
-5882
1074
-5598
1075
2018
-5750
4761
1183
2214
-1917
-1198
-4828
0
-781
1434
-1041
10
-1191
-1340
925
-623
0
61
-1690
1967
-2796
-1573
-466
-1423
-4910
-284
-76
-635
937
-871
-628
-440
355
2364
-1197
269
-1894
-739
666
663
960
1328
3521
-1693
527
-483
-2167
4112
-3455
-2054
-1348
-911
-4032
-755
-860
782
3879
-2819
0
39
4321
4112
-1198
97
-2741
-431
-1679
-1866
1985
248
-225
130
-941
1430
-1149
-1466
8252
1295
553
-1096
-1388
175
5676
-2816
-2448
3241
-155
-2191
577
470
0
-1409
-2739
-1047
639
993
504
-2079
3856
-1459
-876
-2216
-695
-2639
0
-64
-525
767
1588
1567
901
-1983
1838
-1017
0
319
-1200
-414
703
1939
15
7496
-509
1292
2856
-689
-375
-1178
-1030
-986
-1165
-990
-224
-679
-5596
0
-450
-2052
2872
-1279
-599
-2137
998
3268
0
-1061
268
-1039
-59
1011
5147
-1003
-2010
1012
48
-2728
-1294
-1367
1506
-770
-274
-941
729
-272
-703
-1076
2763
155
-518
-283
1040
-291
374
69
-1362
81
4169
-4814
374
3647
-9362
1727
1108
-1511
-12962
-2397
0
387
1306
-2575
5971
955
2008
-64
-396
-1586
-1539
-1839
5
785
973
-610
-838
4466
9078
-24
-660
-501
1580
-538
10221
-433
502
-1761
479
-280
1586
67
0
-166
186
418
-243
55
-2535
1793
463
-84
1865
561
-707
-12031
0
-46
-395
-2121
2873
275
732
4494
-3608
-1034
0
-1090
-1063
528
-3342
-3371
2435
6972
627
-2335
2009
-1151
173
1346
-7066
50
-1003
184
-388
879
297
0
-7821
-1202
11203
3087
-784
692
292
-3304
0
-213
1721
1142
147
3038
-1918
-1326
-294
785
-318
-2265
-447
2511
-2570
1147
-290
2621
-364
265
-6788
-273
545
1092
-20
553
-73
-940
-1243
-2690
-239
-230
-2239
3337
-1807
-3085
-4576
-2925
774
726
36
-4071
0
-1355
339
-1977
133
53
-1686
1386
1929
122
3111
-2831
-2815
221
-573
1820
-1565
-10704
-656
2264
-951
-755
-2970
906
-2753
473
-324
770
-1253
1327
-384
-1623
0
2377
-1525
-811
-953
-355
-942
1497
-1125
-5071
1331
-4162
-842
215
0
-522
3100
-2872
-5344
-610
-263
-9904
-2628
1004
0
-4396
-865
997
1233
-3130
1802
2596
88
-418
190
-2668
-1199
406
-2629
1115
370
-3800
1224
-1384
-1930
0
-5579
-550
-877
4121
1017
-1594
-1803
8493
0
374
240
2182
2946
883
5622
365
1323
199
-1204
-179
-1096
436
4247
-4790
-598
-4119
844
-1638
1905
9
622
-1360
1159
1307
-2139
-151
-2093
-3703
820
-1622
5216
3834
-178
-2746
3515
2205
-62
-989
-2513
-2483
0
4338
3324
-1903
2184
236
-2219
-966
-482
14
-1918
1711
-3011
185
1449
931
-1234
2839
-4218
1158
-1321
550
-133
3510
-3174
-605
-693
4183
-1979
-656
222
1245
0
62
-3431
6273
3319
-204
1498
118
1037
-4170
-2122
-5181
1262
4637
0
1004
1741
30
-789
-1792
275
7005
3032
-3075
0
-1508
325
-1580
1081
-2546
2309
-50
-872
-723
-2118
-2466
-1056
-3002
1515
-1970
-24
-2449
227
-764
2994
0
1747
-2597
540
-1023
1402
-2869
-308
-4584
0
-60
1397
-648
-3501
3364
-6996
-1916
-614
1674
-1390
914
-1484
884
-586
-114
944
-1243
241
326
2152
-575
-1037
2
569
-1322
1249
-1523
1170
262
2586
-160
-543
-1435
-508
2448
2747
2380
7621
1277
-15296
-470
0
590
624
-3948
1372
-379
1524
-72
-530
-111
-743
-1285
1217
416
851
2127
-1245
-526
-2472
397
-372
545
-23
-2287
-2575
-1108
-1830
1052
5899
660
-6002
431
0
-189
-562
1345
-4973
161
-11634
-331
691
462
10
-79
685
301
0
50
86
-9
784
850
635
585
-336
1105
0
1545
-213
-1767
-162
466
1238
2315
-600
830
-731
304
-238
238
-3499
293
177
3106
1618
1339
2315
0
7840
-791
99
980
272
2324
1361
457
0
73
-562
-1654
611
258
6656
-423
400
269
14275
-3052
-1988
2098
517
-690
-2884
-3951
-1621
-1270
-4365
1013
-4409
336
112
-380
4483
-3150
-1216
-116
31
229
390
-2707
-728
1901
100
-4844
9621
-9978
308
790
0
-569
1110
963
1885
-575
-1585
1001
242
64
-875
-1071
-6043
2331
-186
-2057
-755
-339
914
2165
-3808
-255
270
1216
1461
1188
-1832
5199
-17846
-8118
-17491
-2985
0
-1316
-15
2208
5536
-2169
1995
1898
1494
1843
924
-5069
-107
752
0
-1337
5337
-201
-1122
-868
1823
84
-5285
1038
0
-795
1053
16172
503
863
-106
1443
-1908
939
1862
-841
-2630
2650
276
-2527
175
-5965
242
-848
-342
0
-773
-4185
-505
308
891
-461
1366
1114
0
548
-965
-1193
-212
-287
1324
501
920
-747
-727
626
2471
-514
861
3237
2456
3
536
3216
1646
-243
-2596
575
301
-1173
-457
38
6382
-1998
1638
45
348
1654
-119
1396
-391
3478
1206
9239
55
-1504
0
1152
374
-1700
492
-103
1151
717
-1397
-14615
745
2353
-104
-1097
-176
-1070
-5022
-497
-1516
481
5014
933
1136
196
-1561
-3189
503
2318
5469
3092
6174
-1491
0
-3142
150
954
-4842
55
-1095
226
-1041
-797
-1885
1163
-1391
-70
0
1480
-4155
764
499
-2307
66
-311
-128
2327
0
-337
178
-3174
-1551
-443
1622
182
646
-116
-915
220
-1560
-771
654
286
213
2642
1234
1352
-591
0
-291
-3818
-1249
1628
-315
-5379
783
-906
0
645
2130
1761
1633
1519
-140
1020
1007
949
-1314
787
0
0
0
0
0
0
0
0
0
0
0
0
0
0
0
0
0
0
0
0
0
0
0
0
0
0
0
0
0
0
0
0
0
0
0
0
0
0
0
0
0
0
0
0
0
0
0
0
0
0
0
0
0
0
0
0
0
0
0
0
0
0
0
0
0
0
0
0
0
0
0
0
0
0
0
0
0
0
0
0
0
0
0
0
0
0
0
0
0
0
0
0
0
0
0
0
0
0
0
0
0
0
0
0
0
0
0
0
0
0
0
0
0
0
0
0
0
0
0
0
0
0
0
0
0
0
0
0
-204
-646
-182
665
392
-176
-1070
698
-30
-520
1497
-302
-327
2264
8291
-1407
235
344
-649
50
563
-3620
-158
-679
418
1275
201
-2107
-1274
-421
0
-1076
-386
230
3670
68
345
117
-1953
1665
632
-1462
592
-11020
-1011
-271
-617
-212
131
-31
1897
-31
-198
-837
-1219
303
8502
1330
2071
1657
58
214
0
732
1611
79
1047
-27020
-77
1893
-2486
-1719
-4725
-2463
-2181
1183
0
-1695
-2030
-1103
-2276
-3915
-6643
990
-1781
-1936
0
-1682
3000
236
232
53
1097
793
1492
203
4699
592
1150
1187
2774
308
-2043
1215
-697
-196
-1939
0
183
-256
286
1870
-421
108
15063
1269
0
572
1859
1557
-1160
-2191
912
-232
-2544
-18309
-1516
149
0
0
0
0
0
0
0
0
0
0
0
0
0
0
0
0
0
0
0
0
0
0
0
0
0
0
0
0
0
0
0
0
0
0
0
0
0
0
0
0
0
0
0
0
0
0
0
0
0
0
0
0
0
0
0
0
0
0
0
0
0
0
0
0
0
0
0
0
0
0
0
0
0
0
0
0
0
0
0
0
0
0
0
0
0
0
0
0
0
0
0
0
0
0
0
0
0
0
0
0
0
0
0
0
0
0
0
0
0
0
0
0
0
0
0
0
0
0
0
0
0
0
0
0
0
0
0
0
-167
-4363
2423
-631
-1083
-648
974
1854
541
94
-5726
195
2161
-741
2607
1810
-77
-1529
5043
430
-562
-1613
13442
1458
130
615
2335
-644
-831
-804
0
3848
441
1678
2526
-2958
897
-1536
-1059
-1829
2303
-1310
-144
-930
-1463
-1054
-2786
935
306
-8154
255
6799
270
-1334
-822
1133
-1223
-539
-2963
2204
950
-2158
0
-757
-11469
-4867
198
2248
-894
2701
-1590
-2912
-1880
176
597
-166
0
-1022
-1548
4390
-180
1531
1384
-859
-947
8090
0
-331
-282
-2565
-749
334
-3484
890
217
-1087
-1536
-1826
7025
1774
-1124
201
-503
-2190
9146
-4773
613
0
-1615
-240
-486
-4468
-7824
6033
117
191
0
-2009
-3889
-4966
-7022
572
-773
-619
2864
-1056
-605
530
878
-931
-966
-641
-657
2804
-817
-1304
-691
2904
1618
-1048
1357
-1033
-523
-1191
-1534
-1273
-1797
1322
6653
-2237
82
3966
1934
-401
1658
1812
-410
1034
0
-1596
1856
-8113
473
-55
242
741
-482
-1166
-92
-664
409
606
-267
4180
-230
6337
-5615
-2169
-1276
-1753
-1278
233
-3570
-837
1393
1637
186
170
456
-1460
0
-874
-714
-237
-900
-587
-2771
-137
-2741
5294
804
2643
-1080
2185
0
-569
-695
215
711
33
-1287
14128
-3975
686
0
-5312
-2366
-334
-4135
5398
-56
1558
-264
4245
-1498
-2865
138
-1774
-2160
1237
-449
-1687
473
551
-298
0
99
-676
-862
532
283
1874
-2253
-6437
0
1191
614
2167
824
3013
-2549
-3188
418
-821
1188
905
-2573
-879
1372
6454
-690
-580
-2057
2850
-363
113
-1092
882
1093
910
1773
-698
335
218
-1872
86
-340
487
763
-27
-1098
-647
1621
-1790
694
137
0
1096
-1346
-318
-35
-133
-1442
-321
3259
-15406
-1438
-15731
740
-1641
3794
206
6297
-2028
-184
164
330
796
-200
2215
151
-165
-4013
963
406
-289
2039
-1327
0
-224
529
-1160
428
-1180
-1081
873
313
-372
680
1251
1181
-836
0
-2183
-607
1314
-1359
-1147
1320
1531
2788
-518
0
-1508
3472
443
185
1187
337
567
-995
533
-1371
-2283
935
-643
-1327
-1293
-948
-1503
-928
767
1000
0
-476
899
-1579
727
2489
-1051
604
-954
0
23
-1207
45
-141
-2977
124
-1378
-42
-166
575
-767
-420
1218
31
-885
-2283
-608
-1651
1520
-210
804
177
1398
-2087
-3590
7418
2263
-1127
-1180
927
812
-1453
-2091
-393
-1631
202
906
-454
629
-980
94
0
-2087
414
230
47
31845
-39
-1962
-812
-1207
276
-1402
749
-2648
-1118
149
-2561
-943
-156
3138
993
2138
-1400
-646
636
-1230
6212
-318
1187
-338
90
-79
0
714
-3242
-5451
-465
959
174
-2844
-952
942
-3206
-1546
2121
-268
0
-6463
-1207
-1993
-194
1559
-2461
18
8971
790
0
216
-2537
504
18
-289
-3180
219
-1982
774
-190
-1235
4261
-688
-500
1690
1078
-300
1772
2570
-5871
0
418
766
-842
-1530
-328
1791
429
-593
0
890
-1476
-795
-518
-260
13
-4
-1174
44
-122
-59
-20
2452
934
323
-3881
-2290
-1118
-275
-1695
3710
2557
-506
-3285
2802
-4481
-1061
733
-618
2045
613
887
4585
-124
1049
249
-457
463
8271
-1
225
0
1633
-2173
723
9194
-370
14
7301
-2697
1356
-402
-3079
-278
-9570
-1445
834
-973
-510
16
3390
906
2189
-850
981
-737
-1445
-2384
738
-3237
-3046
184
-2103
0
-2298
-2573
2315
-3644
-4882
-1811
1258
5799
-2687
-6139
-499
-1454
322
0
-4083
3349
-411
311
2173
4060
-2474
-191
-1302
0
-607
178
614
-1088
300
-6421
-177
-1642
-458
-1392
-2947
6853
873
-4907
3015
1909
-1213
1028
-158
-492
0
604
-2892
444
361
2266
-2969
7419
652
0
832
3781
-3414
-913
-7975
247
-7030
5949
-5744
153
107
-1172
-1501
-876
209
-2535
-4050
-2366
-724
-3063
2203
-1945
-1675
196
2342
3318
-1207
-4444
598
-712
692
-44
5177
815
2337
845
-1136
-9727
1294
-1056
920
0
-985
1660
1227
1009
-832
-419
-547
1142
-192
427
-1090
1090
3238
3203
-662
-1756
1121
875
1447
-980
99
-242
-7209
487
-1149
-381
3051
16692
1453
17127
-4694
0
-1224
1950
-2023
-4693
-731
-1217
-1205
-1510
-684
-168
4023
1242
1450
0
-1566
-8045
-299
-121
-807
3261
-257
-7202
-80
0
-1074
231
-11074
835
-669
1166
-659
-549
286
-4038
-545
571
-2263
117
-2038
-2478
8593
822
-465
420
0
512
-4292
43
1674
1167
-1683
-1258
-1026
0
73
-1054
2460
1013
-1411
455
-581
461
297
103
-47
-2058
1875
1085
-589
906
285
450
-5328
633
-39
-6973
736
7956
-2033
8450
-790
-3942
2698
8849
638
-117
-2884
-5260
-875
130
1126
-1815
4552
-234
-485
0
6897
-418
658
164
-1698
1081
-597
-2485
-942
1871
-4172
-1211
410
1641
-1020
315
410
833
-5692
-2310
3608
-817
428
-228
2103
648
1472
3413
4409
296
-722
0
533
-12177
-9632
-1847
-1598
95
-624
-148
-311
-970
-2753
-5355
2712
0
-71
65
3168
871
461
-3492
-1254
-5451
-1142
0
-393
1526
-20
892
1923
333
845
1456
245
-1509
3510
-4089
-1579
72
2639
-3820
4878
241
1304
-2612
0
-2075
-1215
2095
1134
6378
6976
-549
-1324
0
-1653
-2144
4690
-1440
-3102
631
-2114
1749
-2254
-1247
1660
-982
-1166
-2073
-462
1781
-3739
55
-177
-1518
-57
532
-616
257
-1269
-794
-64
418
1730
-4160
-6844
-3710
-2964
-208
3612
9751
176
494
1564
-185
-647
0
-918
175
-1409
-116
769
1598
-445
-1188
-1905
-1786
-169
1123
-22
-188
-1800
-38
-3283
-14220
-3040
945
-516
4659
146
-4280
-1054
-1624
-1433
682
999
-845
324
0
-2551
31
-2314
-3543
268
-3268
3558
-372
3482
-375
2150
-1249
5983
0
295
-1169
514
2473
-1753
69
-2333
1717
1223
0
1015
497
1135
-1008
1380
294
-4914
244
-3183
876
227
293
349
-4037
191
-3641
1242
-1944
8
-2002
0
3747
-354
-7821
756
1328
1591
-1017
3125
0
-420
-1899
37
1524
823
7359
-88
-476
-1341
-3358
3417
-1887
1520
-1886
412
-3477
824
429
2218
-2591
3081
-8247
2126
3934
-300
-6249
1050
190
-4895
1710
526
647
-2510
-3922
3215
106
2818
1329
4221
-671
-334
0
2228
-317
-952
5740
-955
-1494
1657
-1547
-983
-1953
1427
575
935
2530
-1650
-4926
-211
680
-6344
1404
4807
304
-653
-1538
-2572
-2723
5799
1325
8367
-2854
-2093
0
473
4881
2484
711
-454
1000
1133
655
-1112
-5920
-1039
-2814
-778
0
-1962
466
4840
1775
517
-870
-975
4510
513
0
-1497
96
3162
-1911
-687
1748
-14
394
-613
304
-5330
-537
-2777
-1339
770
-1296
2382
-694
2264
-335
0
1215
-40
1426
2315
373
2877
478
-572
0
63
-699
3059
-1681
4276
307
-3598
1648
275
-2238
991
1733
-939
-3622
789
-460
4054
-412
-557
6246
-153
1456
-60
370
-675
-303
-1285
-454
-327
19
-1259
-1897
-2478
515
-1587
6750
466
-770
-183
6334
-1287
0
1267
468
-1228
-307
-677
-1762
-162
737
-227
4609
-1299
595
-59
254
-1938
-764
-4133
-7202
-806
-1313
229
-1097
38
-7547
-155
-1300
1795
1786
-1342
-329
423
0
254
25
-1809
-2696
-260
-1777
-467
-299
-2139
-707
-329
-5
5396
0
1488
0
377
-853
544
758
-7368
1238
446
0
1310
1733
99
5343
5877
408
-530
31
1140
1856
-642
-979
-546
-3321
-646
-7
-835
612
-871
-1911
0
-4050
-20
-8121
-1183
-245
-941
330
7211
0
553
558
629
-154
-789
7381
53
-561
647
-4208
-194
-2747
3623
-442
1991
3365
1488
676
4027
1221
1017
-1386
-5456
3453
-3348
7219
4674
-2255
-1811
-2143
-629
-944
6890
2356
-1701
415
626
-589
2376
74
-102
0
-1908
-1458
-112
-1208
172
861
-426
25
619
358
-2708
-3410
-6488
-123
2275
-2293
999
-378
1587
-56
-4373
-189
431
-1528
-2675
3164
2705
147
-2989
82
1018
0
3377
-1860
-1788
4988
-3905
537
2558
-6309
-3869
-2343
-1702
-4280
483
0
3776
7883
570
-4484
-6943
11945
-86
4651
-3569
0
-2185
1159
-818
-1706
114
3939
586
503
-2624
2006
-1074
-7674
-811
-4098
2528
3497
-531
2235
-8533
1066
0
-963
-2899
-5
4244
-1011
704
2309
378
0
1933
-4918
566
2538
-5292
24
-1279
-1569
-3859
-999
413
1283
275
-960
122
-667
627
3692
-1363
-951
971
2448
-389
-3637
1537
-2721
-1479
354
1821
1670
542
3331
234
608
3569
-498
3148
823
-993
1444
-2620
0
687
-72
982
6300
2061
886
-3206
1343
89
706
3271
2062
-173
2725
1514
-2055
-467
-366
2735
-208
3486
625
720
-2821
-2280
2050
-4937
4442
1379
-1548
776
0
1739
1937
4478
1915
-111
3380
558
-1156
-825
-5116
1462
2251
1736
0
2073
4183
2193
-2354
212
818
-672
-7182
1675
0
-2381
-3233
2536
4264
59
10345
3824
985
811
-3538
243
2868
1209
3372
-1223
-82
1027
1498
-156
4426
0
2442
-521
1817
1136
481
1349
-1954
1507
0
256
-505
-760
2827
1423
-1393
762
-1391
-2031
-1630
-3322
-1716
1701
76
4970
717
2029
1087
-269
1301
-5160
44
368
5116
638
7612
6830
-361
-2502
-1623
362
-1793
766
314
283
-426
-176
134
1117
1675
-732
0
-1034
-2458
621
2316
-442
-506
-844
-156
472
298
-1248
947
-435
-1821
-10
51
1431
-1060
-1578
-6794
-4974
353
-764
-1416
-728
-2112
-2615
2750
-867
2347
-178
0
286
-2608
-2292
-232
-1887
1069
-274
-3859
621
3025
-101
-1340
-1227
0
-3179
1027
-2808
-2287
-773
-4964
-71
-4567
404
0
-1171
515
-798
-4750
-747
2925
885
212
-4966
-1395
-7121
-1450
-175
-2120
3914
698
-992
-271
-374
1051
0
-259
-168
-138
-1323
-828
-3125
2846
597
0
734
-1203
-198
1045
-729
-1053
-887
-1761
-1007
886
-899
-1172
701
-418
138
-6622
-3638
-1154
329
-3912
-270
11
1261
-810
-2215
-3112
383
-4986
-612
-702
1918
-721
-1697
1235
362
-1395
-1409
70
89
704
1956
0
-2029
972
-998
-4317
-378
-1998
-1804
-628
-2124
-3187
-2038
-2295
995
1197
-2506
59
-610
-529
-847
-3971
-2486
1925
42
-453
-1084
-3019
1935
-1160
643
396
-4146
0
-1732
-1458
-1531
-1420
-505
-39
487
-4024
287
-352
-553
537
-903
0
6045
-2355
-2215
3809
-34
2097
-1782
-4777
785
0
-123
-8138
-906
-2170
-76
-2788
1346
-1506
-1845
844
-5382
77
569
869
6916
571
855
366
1230
4406
0
-1529
-2565
-1537
171
1233
-621
-82
539
0
1540
-276
1217
433
1318
-473
1984
2645
2417
994
-748
0
0
0
0
0
0
0
0
0
0
0
0
0
0
0
0
0
0
0
0
0
0
0
0
0
0
0
0
0
0
0
0
0
0
0
0
0
0
0
0
0
0
0
0
0
0
0
0
0
0
0
0
0
0
0
0
0
0
0
0
0
0
0
0
0
0
0
0
0
0
0
0
0
0
0
0
0
0
0
0
0
0
0
0
0
0
0
0
0
0
0
0
0
0
0
0
0
0
0
0
0
0
0
0
0
0
0
0
0
0
0
0
0
0
0
0
0
0
0
0
0
0
0
0
0
0
0
0
1263
-144
-927
1148
-2077
-1540
-1591
-613
-2452
4472
985
389
-2428
320
-1912
-5533
-2712
406
1398
-273
132
-1996
212
-1622
490
-1121
547
-842
-857
-346
0
1139
-154
-42
2550
1077
-478
5340
1742
-1372
-2519
332
-2274
-410
350
-743
-1373
223
-49
712
-6933
1643
324
-212
410
-205
1904
-884
1480
712
-287
569
0
-1321
1015
1481
-1915
4914
-65
26
4363
-700
627
-1146
-12
1655
0
4320
-1144
1520
5737
2639
3748
-1323
-1948
-2756
0
272
2120
-1104
1434
286
-1890
156
-1736
3047
-1102
7477
-5072
455
2254
-2843
-1384
-107
-2403
15
-1002
0
-399
-1134
1762
-484
1252
813
-2967
879
0
-52
618
296
-2056
-720
43
-1027
5961
4133
1022
263
-152
-42
-852
-1592
933
-408
28201
149
1272
1747
-915
-649
837
35
1459
-6276
-499
520
-224
782
654
-231
2737
-1092
319
-1715
914
94
-1358
-908
0
1224
408
-4
-4266
481
511
1021
-3835
-2862
-465
-2762
415
250
1765
-628
-1695
771
-86
934
-2091
2014
-1181
-1037
51
-804
12222
-1270
-2271
-2293
546
-360
0
448
452
751
216
-390
-2186
1883
-601
1831
-1494
-218
-173
815
0
4479
-1001
3698
34
-2236
188
-185
8686
1700
0
330
2628
-1336
197
476
-3406
406
26206
-206
235
-1798
1058
-941
284
4233
1914
-631
414
1274
-4773
0
19
355
180
162
2399
-2350
-258
846
0
563
148
779
-2040
1507
440
-389
66
-609
-768
-719
-3393
-2466
29
-5693
1989
2489
1243
-13066
-135
-7894
-2677
800
3647
202
14089
-5274
206
-3190
-2198
-220
-841
387
1718
467
-874
226
-1951
603
-195
1047
0
3741
4256
-94
-5650
335
-822
-2079
-923
-2397
136
-5021
1929
-5982
-2395
-976
-1717
403
1479
-1348
679
-6062
-296
-330
1655
2759
1743
866
-682
-4271
2000
-980
0
2042
4428
-5310
135
-414
958
1050
-1962
1117
4750
1851
-2476
966
0
1777
2135
-1578
-201
-4983
-4204
-118
-5153
-676
0
2577
2487
-2037
970
249
4414
1247
1680
2411
899
5179
-3712
-1145
-2131
888
510
-1811
408
-2264
3489
0
-916
1390
-534
-1179
-684
-4144
5060
531
0
-2170
959
-2563
258
-3190
19
-2364
-5394
-3958
-886
2175
-1411
186
822
-20822
621
1382
201
-5242
-419
-486
-1819
-1132
-7595
-3523
-9547
-27
-2839
-1048
-398
464
920
507
-1157
-1200
1602
1226
-344
-1610
-622
-354
0
-2721
6452
8
4885
938
373
-1568
2579
-2479
472
387
92
1096
-418
-864
-1437
-467
945
-1030
-106
-540
278
-4377
-2164
-1263
3997
-138
130
-591
-240
479
0
-7
-840
-1328
-1409
1723
-875
-728
3224
-242
-7112
177
435
1051
0
-1256
1829
236
-69
-1420
-4925
369
3055
1167
0
-450
1204
-1465
-1251
-4
68
1058
-607
-1912
1866
-1145
-1685
681
407
-1758
-825
-259
68
983
5492
0
-403
-91
-132
-1489
-1510
-697
-1508
845
0
544
42
1112
1168
4252
795
552
2088
2484
-360
1050
716
-646
7683
1163
-611
1910
920
159
1043
503
190
-643
688
-342
1110
-252
-590
-3427
-206
-442
3844
3589
410
-4510
4314
-476
-2832
-2297
358
-1297
0
1218
19
-6618
398
912
-430
67
676
1516
-3685
-1485
-438
-1394
-1158
-1252
600
4223
-5766
-1135
-550
44
-195
5589
-10686
8085
-2125
-5103
-731
-585
149
596
0
180
-575
585
2038
169
-951
180
985
-5064
857
-1933
-1114
3597
0
692
-46
-150
-143
1536
-877
5631
-1888
6
0
-482
-1048
-1190
-1786
-7083
-761
-3040
210
849
-1106
-331
-1371
-4964
395
12
-1253
-4614
-1367
953
-2880
0
-2920
-1420
-1280
-5094
-809
-3575
654
-2314
0
-841
2798
4187
-1010
-531
-351
57
-1021
1689
284
2633
0
0
0
0
0
0
0
0
0
0
0
0
0
0
0
0
0
0
0
0
0
0
0
0
0
0
0
0
0
0
0
0
0
0
0
0
0
0
0
0
0
0
0
0
0
0
0
0
0
0
0
0
0
0
0
0
0
0
0
0
0
0
0
0
0
0
0
0
0
0
0
0
0
0
0
0
0
0
0
0
0
0
0
0
0
0
0
0
0
0
0
0
0
0
0
0
0
0
0
0
0
0
0
0
0
0
0
0
0
0
0
0
0
0
0
0
0
0
0
0
0
0
0
0
0
0
0
0
488
774
-739
-612
-728
-1440
-154
-2041
-1511
-1142
6766
-3005
1666
837
6050
-4350
1819
-8668
-1880
-534
-2587
-845
870
708
839
-5484
3635
-7972
88
3050
0
-7035
2761
1397
1350
-1463
628
-3569
-3695
-1212
-361
-3267
-3707
-1075
-4442
182
-2121
1131
362
-1393
-1834
-4212
363
-1138
456
1425
460
480
-1553
-10525
-4310
-185
0
-156
1971
3456
2355
-2625
-1259
-791
-1805
115
1567
1850
-143
32
0
-1410
-4464
3321
1621
92
403
-348
-8862
-1213
0
-895
-276
2533
1199
-426
-2555
-696
-505
-1130
-595
-1169
1483
1251
-2642
1652
-254
-7214
-1450
90
-3922
0
248
-4021
-271
-3132
1615
5675
11
-676
0
959
-7015
-1364
-1047
-1359
-1041
-534
2388
-3995
1907
563
2223
28
-488
-488
-695
197
-1329
220
-185
-537
1279
395
-230
1985
-95
2108
-172
315
2257
-412
-187
-1306
968
4453
-1126
2047
10397
-1330
-5149
-3678
0
-2346
-322
16089
2512
-809
36
1558
3070
470
254
599
72
-672
101
259
1096
-142
1402
1600
-1850
-560
-1722
-3268
3854
-5792
1745
-2613
11523
-848
-8073
-1367
0
743
-692
-1023
-5192
1391
-8109
-240
-1020
725
-327
1627
1292
-1145
0
422
-442
-671
427
-620
1390
-1085
-832
1731
0
-2171
2563
-3976
-47
2788
3410
-369
341
-20
-5736
-538
-662
2036
-3955
-2042
1057
3845
751
553
1510
0
4882
-700
1248
4453
603
3525
-2522
445
0
944
747
221
1943
570
2446
-154
3298
60
-1820
172
-1540
783
760
-137
-1351
-3141
-2031
285
-2936
438
-2324
1273
-575
-2767
1959
-4362
-10203
-1210
-1303
492
-888
4402
1837
-8841
441
5566
-753
746
-157
1104
0
711
-1702
198
-2577
1632
679
1551
7145
1745
-2576
-2469
-1311
-760
-4322
-1691
-4707
477
2960
1434
-4803
1681
1130
2220
1904
-1698
-3936
5326
1535
89
1137
861
0
6547
507
-1172
7250
2884
-1430
866
3953
-8365
-1087
-4005
-2752
645
0
671
2933
-869
2645
1164
-2717
482
18
-2453
0
-55
-1855
-4691
1250
1086
2002
-391
-160
-124
203
1015
-651
-5943
-133
3258
4083
-6200
-2395
-1913
-2192
0
-1580
5966
-327
7206
392
5328
-1893
-2515
0
-3134
-4958
5174
2282
-498
-571
2063
1503
2816
1073
-273
-7126
4661
-3536
1947
-5911
-2323
-977
-68
-4287
2450
-1670
2446
7144
3951
4809
-1216
-4318
1978
-1453
2782
2373
-963
-426
-1584
2638
-6987
-419
4102
2272
2156
0
1967
2146
-976
1667
-6529
-4233
-430
-191
2189
-7778
498
-1998
2914
10816
-2598
-314
1520
4147
5939
-2085
242
1702
-3586
1959
-149
-3505
1301
-493
-1551
-1124
-4422
0
-1173
2985
2310
-6662
835
-315
137
711
-134
821
-577
9402
-2309
0
-3926
-4272
8562
6316
-2480
-1559
-648
-586
9609
0
1547
-202
-187
780
182
2768
-2972
-1387
3213
4601
-1127
-5372
-855
-3863
-5777
2647
-3665
10387
2877
7041
0
-629
-430
-1446
-1826
4484
-2356
1112
3431
0
8198
-1490
-2070
6040
4902
882
-365
-371
3093
1825
-672
-1523
-2254
431
3486
-5021
376
-169
2227
1001
-2790
4167
4251
1208
-4033
2972
-6366
-1967
-2633
-2521
-1131
-1227
2144
-705
-11035
-1704
1506
1015
5008
957
140
0
-1066
34
614
-1417
-112
-308
-1976
-3527
-2332
348
-7941
-458
1200
-624
1034
-200
1074
-769
1302
3773
-803
184
2769
1197
921
-719
2669
4110
-1496
4176
-3148
0
-1955
-51
195
289
2638
919
-1150
2717
-1866
1749
449
-97
-372
0
-2944
-10926
1798
-1676
3184
-2560
513
-4614
4
0
826
851
-4181
-375
416
-460
-496
-989
-419
2779
819
276
-2815
-611
941
-1281
344
-2678
140
-5802
0
-1239
-2839
-2083
518
223
994
-3264
153
0
-797
-5327
3133
662
-1907
95
4859
2381
912
800
-743
-1055
4872
605
-2471
1498
-504
1516
-2394
1095
-2013
1650
-1068
-1426
478
-982
-537
-1006
-2162
203
105
334
4951
-2689
-4320
-672
-595
1774
2369
-230
187
0
-1212
-31
297
1551
454
252
438
637
-1284
-847
1434
-4587
-5575
-1874
1385
988
854
-31
1573
490
146
-1176
-1586
-835
-600
1393
432
-1118
565
-694
2076
0
791
-574
-64
-1121
696
-1299
-2160
1043
-9898
-55
-5395
-2516
-75
0
2427
-15
-3862
-493
-1083
239
424
4640
-1050
0
1181
-1174
391
-341
624
1350
373
1638
-2245
-2107
700
-734
-1618
-2413
1849
17806
-1808
5050
2856
-839
0
798
-603
1587
2600
3823
-1470
2226
555
0
496
559
1468
3810
665
572
-2925
-1005
2544
97
-1065
-2545
965
-808
1114
-107
-1274
-659
1725
-83
363
1750
902
-430
-190
1994
-292
-1482
-791
417
426
1946
2368
-353
1441
1500
-1159
1389
2048
283
-1020
0
530
-6104
-1450
-2255
744
507
5049
-958
1750
-1266
-942
-2486
-124
-2495
831
-57
2801
535
-226
1630
757
-410
-314
-2675
1445
1562
-2505
1416
-2118
-72
-1187
0
-53
867
-265
-720
-8791
-2661
-142
1204
1526
-308
3725
-2072
4220
0
3552
3772
-758
-2076
58
-5230
-2184
-1893
617
0
-4491
1155
-2004
692
-635
-1032
-1810
-388
-893
118
-989
1993
-1781
-3388
-1420
877
-1508
1512
-168
-994
0
-11
-1532
3448
414
-844
-202
4336
1169
0
-626
512
-644
955
1753
-122
1323
3578
-9247
-1957
-1343
6494
-4011
5489
-248
-1769
-1477
111
-602
-2629
2003
-1
-446
-1321
5137
-46
-1772
-1282
-1501
270
-4572
1990
-2205
3301
1032
-909
-1201
1310
-1788
-5773
-1847
0
-1719
863
-3074
2855
-334
350
317
624
-803
-487
-1485
-3399
895
2975
223
-3721
-4545
-951
2217
-3
-1578
83
33
3644
2941
-647
4
935
-1954
1639
-2513
0
1913
-237
246
1380
1376
-1021
-2304
-638
1797
2355
1329
3607
107
0
-969
-2452
-3536
-2498
95
104
-4330
-3927
77
0
-12
-351
-237
-4439
-13098
1962
3369
949
3164
244
39
-2712
-1919
4172
2131
2159
-2395
1336
2188
-3565
0
1542
357
676
-613
-2342
-4878
-343
5063
0
1257
3543
1072
-810
-1549
-8798
357
-16
-727
1351
783
1107
1774
1316
-7631
-7461
760
539
-2059
-1853
-2630
-816
1832
-1120
-11
-634
-14073
-1222
-1515
511
396
2472
-2733
-2168
1758
2122
-123
1353
4645
-3008
-2244
0
677
13272
723
5629
293
-1409
-9610
-2262
-4697
1140
569
-1749
-2263
-122
527
-6002
115
748
2980
1622
-445
-409
372
901
-2646
7049
2446
-1357
-2202
-415
-1078
0
-57
-813
-908
-575
-706
-2047
-32
-3615
-159
-3481
-2446
634
1587
0
338
-3579
484
3817
-2620
-3944
186
10092
518
0
397
-2072
-556
1612
-602
7103
2251
788
1134
1810
1719
1434
-2212
204
1721
-2007
-1905
333
-68
5962
0
3437
-651
188
-611
106
-2953
-4220
496
0
-116
-2200
-2758
-205
2902
1524
4493
606
-4704
-1479
975
