3878
17162
8354
5450
7416
17189
6556
5224
9337
11390
17150
8413
20394
5823
6268
27289
5406
2429
6416
5660
3783
4897
4646
8082
7622
0
-7910
14618
9866
2799
6772
-323
10787
-1047
1349
4326
4634
9145
0
15825
15432
15245
9447
-5910
6668
0
6706
12634
7657
15407
6796
0
5217
1806
-2620
0
6570
15756
4540
7684
7295
6906
2796
22620
543
16644
8203
0
5425
989
7005
8838
127
5372
12133
2137
-1180
-589
11180
12970
14415
13270
3918
595
4686
9177
0
6776
3424
6880
6278
5221
4377
10049
14335
0
9371
0
20401
6430
5500
6327
8385
9370
8939
13513
5775
3827
26311
5786
10700
14768
0
5952
7951
8041
6722
2595
0
7632
8618
9015
19265
7130
2493
1482
7520
4578
