4
-70
-59
-21
-12
-1
-15
28
-112
0
-5
-30
0
87
12
-21
-48
-63
-9
-42
-41
-25
-15
8
-38
0
-47
-58
-38
-32
-36
21
-43
-19
83
-43
-4
-51
-16
-31
16
-28
-21
-16
-41
76
8
118
-27
96
31
-76
-58
-29
-34
115
-18
88
-2
0
-13
-30
-61
-48
-49
-70
-48
111
-7
-37
-38
-28
-29
-63
91
-45
-37
14
-47
-11
12
33
-23
-36
103
-14
-69
63
22
117
-22
-43
-9
-32
-26
-25
-34
-50
141
50
39
-41
72
-38
-37
-41
5
25
-1
-36
-67
-37
118
-64
-28
-38
13
-24
-21
-28
-62
0
-53
53
-81
-32
-38
-13
-15
0
9
-54
118
8
36
-49
5
101
90
-42
-11
-53
-37
-18
-28
99
17
-6
-38
23
-73
-10
-45
95
67
-45
-31
23
-22
-38
-46
-159
-17
-56
-31
104
-68
13
-17
-43
0
-57
0
2
-47
-49
-36
-26
-101
-4
-32
-24
3
136
-63
-34
119
-6
-75
10
5
-33
-31
-25
-46
11
-92
-55
-24
-57
94
-36
-53
0
0
-63
-5
-52
-5
0
39
32
80
-91
125
-56
-44
50
59
0
-29
-11
78
-13
-48
-112
-141
-26
103
-23
-45
-58
-8
0
52
1
-56
-67
-24
-10
114
55
-13
-52
-43
109
-55
-24
56
-17
-48
-13
100
-30
-68
-43
-38
-39
-28
-76
-38
-36
55
107
73
-31
-37
-33
-59
73
80
-40
-65
-27
-56
79
-32
-27
37
-49
-45
-64
-29
0
-38
17
-55
-39
0
-16
-39
-8
-51
-60
-36
-32
48
-20
-31
-3
102
-29
-15
-10
90
38
-28
26
-5
-5
-102
-46
-62
0
-16
-74
-37
4
-25
-59
-37
-30
9
-28
-28
18
9
37
-17
-19
-23
-37
112
19
-66
0
0
-14
-64
-37
30
-68
52
-17
-10
-19
-30
-38
-43
-4
-37
-64
134
-71
6
0
-96
6
-51
-41
0
-23
-92
61
4
-37
-56
-4
-41
3
0
-4
-38
113
-5
0
-30
-78
-53
-42
88
22
-56
108
-16
-26
28
-4
9
102
72
85
87
-54
-47
-38
68
-41
0
-55
0
-53
17
8
-57
39
-35
25
45
-13
-36
53
-44
20
-59
66
-59
-35
18
-13
71
-26
21
-68
-39
-33
58
4
-5
-93
120
-47
-31
68
-57
-67
90
-28
161
2
-43
-41
-41
-15
91
75
-54
-26
49
-53
-35
-56
0
-48
-43
37
-40
-27
112
49
86
-64
-64
0
0
-36
-52
98
15
8
-31
0
64
-50
-75
-24
-26
0
48
1
-30
-28
7
8
-25
-61
-60
-52
24
-52
0
96
-18
-52
-47
0
-18
12
-28
-15
-42
-17
-27
-69
0
3
-60
114
2
-102
-31
142
