3573
2791
4523
4300
4009
5543
2914
2747
3666
3283
3540
4196
2717
3135
2742
3279
2738
2342
5305
2543
2589
0
5068
2878
2792
3183
2575
2672
3971
2827
1960
1860
3769
4284
3867
3675
2879
2932
2692
2631
3312
2585
3619
2
0
3478
2429
2447
2511
3471
3098
3371
1
3579
3520
2750
2226
2884
2176
2104
4144
4512
4613
2842
1907
3057
1898
3142
3886
2442
2810
2727
2050
3505
2635
2507
1759
3829
2484
2177
2695
4173
3412
4268
2088
4600
4616
5359
1
5221
2794
2674
2743
2118
4170
3158
2938
3287
3437
3586
3351
4699
0
2728
5209
5356
3318
3373
3683
2103
2180
0
4681
0
3244
2831
4155
1
4232
2754
1
3079
3044
2443
3882
2319
2697
2357
3853
2279
2588
2774
2414
2543
3917
3376
3083
1886
3241
4337
3681
0
2928
2406
2866
4666
2407
1
2120
4379
1744
3719
5172
4736
2906
2280
3049
4075
1801
3718
4126
2138
2465
2423
2623
2800
3243
3480
2938
4431
2751
3668
4128
4239
2735
3415
0
1805
2583
3320
3461
3359
3034
2109
2240
4277
3534
1
5163
2646
2158
2437
2027
4940
3501
2926
2976
2688
2427
2663
2620
2822
5361
3598
2560
3510
3357
4260
3541
3007
3910
3302
2873
3907
2057
3159
2277
4559
3266
4539
0
2493
1
4328
2552
4156
2990
4345
3856
2428
3248
4216
17
0
2733
3287
2339
3318
3509
3420
3404
3071
1897
5604
2364
1690
4472
2671
3507
3166
0
2676
2052
6463
2996
2
1
1965
3554
2441
3412
2134
2215
3047
8606
3743
3847
2225
1718
3103
2553
2450
2133
5313
1
3500
5093
4502
3667
3560
3628
2450
4692
6261
3064
3872
4818
2974
1952
4328
3480
6259
3030
2323
3504
3493
4780
1819
2202
2470
3540
3214
3944
2301
5232
2099
2352
3041
3674
2800
3026
3200
3879
2044
1
3353
2600
3475
5374
2285
2220
2510
0
3107
4860
3301
2431
2136
1915
858
3068
0
2325
3155
2831
3345
2449
2979
4212
0
8745
3743
4040
5119
2499
2465
0
1953
2665
3752
5040
2751
2135
2545
4599
3358
4881
3870
4352
3310
0
4292
3081
3078
2560
1950
3950
2954
2393
2076
3796
4552
2099
2132
1
4300
3009
2202
3338
2251
4105
2828
1962
2928
3603
2529
2263
2036
2812
2380
2067
6
2334
3647
4125
1962
3308
2202
2848
3472
3203
2139
2479
1776
1
5209
3226
1734
2001
4466
3870
2111
0
6241
2307
3792
3321
3252
3563
2368
4538
0
1967
2297
3005
4569
2669
4019
2363
3783
2990
2665
2436
2347
2090
2185
3079
3949
3241
3691
1
5005
4114
5465
3255
2820
3042
3529
3186
1299
3406
1759
2397
4674
3321
3993
2380
4766
3329
3107
3948
2842
3578
2103
5006
3522
3087
0
3483
3136
3855
3626
1
3362
2635
1562
5762
2482
2067
2467
0
3663
3073
2612
3374
2032
2841
2300
2435
2380
4422
1890
2941
3739
3161
2788
3712
2646
3546
2209
2173
5186
2480
3291
2676
3678
1284
3589
2409
4645
2157
2089
