18
20
13
21
0
78
32
8
11
17
8
22
8
82
36
21
17
35
25
7
36
23
66
11
20
14
11
26
23
29
36
18
12
37
15
3
18
0
3
19
23
51
24
30
14
18
27
10
33
11
21
27
28
13
20
23
9
51
20
23
63
21
0
28
55
11
14
19
21
22
11
42
19
18
31
22
18
101
6
20
17
24
29
18
32
79
11
12
41
4
19
93
19
50
68
23
17
18
13
18
34
13
20
45
13
15
15
12
27
25
13
44
12
36
27
39
1
17
21
12
14
18
19
25
0
8
21
19
64
25
11
35
35
32
0
50
31
21
54
18
49
12
10
0
44
70
11
24
59
31
46
48
18
38
39
36
24
37
85
43
14
20
21
6
25
10
9
33
39
0
27
14
0
27
28
21
12
23
41
17
27
28
30
5
47
85
11
63
0
14
10
27
23
16
13
34
17
18
15
25
89
10
21
92
21
6
66
15
18
0
38
0
11
14
12
13
34
11
17
26
23
6
11
10
10
42
32
11
0
9
33
15
11
0
27
16
34
1
34
43
65
16
20
24
11
12
0
0
33
10
6
0
19
15
12
29
50
57
21
15
29
22
7
10
17
11
10
22
11
0
62
0
9
44
38
0
15
89
53
15
40
53
15
198
0
25
12
54
3
25
0
57
20
14
19
68
15
0
56
0
55
33
0
8
31
11
52
6
19
29
30
15
34
9
22
33
10
27
32
14
20
18
27
93
14
52
13
19
0
54
23
18
14
30
50
0
29
45
16
20
21
34
36
13
42
11
17
25
20
10
38
17
18
28
9
17
61
18
192
56
47
17
16
25
9
71
119
44
36
11
0
20
33
36
34
68
31
20
36
8
31
36
32
23
36
7
41
33
14
105
42
0
8
36
44
51
7
22
12
45
30
43
16
12
20
25
53
33
13
28
38
29
25
27
23
38
26
22
27
41
0
21
38
20
31
9
27
18
13
19
42
28
5
70
63
0
11
15
0
0
36
5
124
38
43
17
9
6
14
28
25
50
24
67
16
75
46
53
11
26
13
0
75
14
41
20
26
5
31
21
32
20
54
64
20
20
35
32
49
24
0
20
0
14
44
34
11
0
10
36
21
6
13
12
16
32
17
101
14
29
8
29
42
18
27
33
19
16
8
27
8
24
