365
-1
-121
744
-870
-159
-2380
-164
-390
-902
679
-101
670
605
6628
2996
-542
-45
-434
-82
-430
883
-79
-608
-94
261
-5922
-375
2457
2900
0
395
-303
675
-4769
-877
-157
-1330
-4019
989
-387
-1250
1329
39
276
-17
468
515
-117
129
-312
306
-172
258
1708
71
-2097
-2677
-3029
-6325
2014
1151
0
-523
315
655
405
-6840
-2874
-460
3625
819
45
194
394
-1041
0
-7489
816
874
-325
-133
-2694
109
5718
-372
0
-3865
-3838
-1556
311
23
764
-720
-63
315
-979
-692
-2685
77
732
-6502
392
246
287
449
2165
0
191
-698
-163
80
219
699
1171
-244
0
76
487
89
467
-2444
-1261
291
-693
1147
2048
-3535
