40
47
202
96
183
-871
-36
-26
1
142
147
237
-348
-67
-927
-24
-65
-199
132
-83
10
0
4
17
371
4
34
5
-451
-14
147
38
142
225
188
-93
-57
-2831
-54
-24
266
-343
-22
0
0
78
-251
15
-34
-852
-255
-15
0
171
17
-250
16
97
-140
4
-115
113
-557
-49
157
-42
242
-11
87
30
254
-22
-281
-104
-273
160
161
-28
196
118
-36
96
-36
-638
-276
69
101
-430
0
106
-81
-26
-60
50
-11
-532
138
19
-103
116
-42
208
0
7
41
209
-684
-475
-396
-85
449
0
115
0
165
71
96
0
159
239
0
188
193
-17
33
-32
62
200
324
-143
-41
-416
259
-28
117
-109
-16
-362
136
-43
162
0
37
203
-48
-70
-14
0
455
143
92
-761
185
23
304
26
-36
-41
-222
88
200
-1259
330
36
141
-1937
153
96
30
-39
-32
-99
-687
-125
-93
-40
0
42
183
-20
-89
-369
-19
-193
1
92
241
0
20
51
-282
-25
131
-112
-417
129
5
0
20
-151
-62
-39
146
-715
-162
237
-113
-149
165
-344
65
0
-45
-43
0
1
-42
-64
161
155
0
64
0
252
108
-108
48
70
-937
228
-46
210
0
0
-627
-39
10
48
-406
-7
-19
-148
-218
64
-23
203
102
-68
25
5
0
-85
127
-489
-70
0
0
122
144
-100
-621
271
-52
120
10
-324
-530
-169
4
-23
-656
-141
-43
269
0
186
-589
163
-72
187
-122
104
114
46
9
-6
56
98
126
126
-20
46
-700
15
151
-69
178
-252
2
-949
13
-35
13
-161
-65
-88
147
72
-96
-2
2
310
-33
35
0
-28
-16
-132
-538
-294
-6
14
0
432
57
190
106
-196
77
0
218
0
-232
-30
149
248
-165
-33
-709
0
46
133
114
121
-134
-25
0
-322
-59
-18
-647
-5
-27
71
87
12
-14
119
-10
-122
0
210
44
-22
52
-538
-79
-59
-23
54
201
169
-452
-15
0
-154
25
-212
-10
8
-87
-263
-227
380
354
181
35
198
-53
-49
-115
0
16
-50
-555
-587
144
25
58
-72
-16
-239
16
52
0
-148
-4
-296
75
265
103
27
0
151
-66
-16
-101
194
-537
108
-42
0
139
-42
-59
-158
155
198
16
253
-136
19
-10
-48
40
-21
3
113
78
-35
0
-772
94
-443
156
-61
-20
-68
54
-92
73
-211
-277
-31
214
216
-462
118
-47
17
2
-157
129
-136
-127
166
-80
0
138
193
-106
-901
0
0
-35
-350
142
-61
35
-213
0
182
-35
-6
-56
-31
-36
-58
-34
-28
113
19
-71
11
-77
27
205
-261
9
-35
359
-497
-93
203
-38
-980
-897
30
-160
65
-2
-79
