174
171
106
260
0
244
278
305
253
270
334
305
200
255
179
305
332
340
313
311
280
260
290
311
251
282
334
256
264
318
390
255
233
229
271
219
328
0
258
283
147
280
277
304
316
233
232
258
251
381
479
191
279
312
291
285
272
291
321
306
213
284
0
352
288
274
268
285
313
259
244
310
276
289
242
259
274
311
296
236
286
262
336
312
303
263
92
286
215
244
328
297
250
210
283
279
271
245
254
294
307
111
192
252
252
293
279
278
270
351
127
254
267
202
231
369
217
254
205
282
288
253
250
313
0
299
330
140
302
271
305
329
279
260
0
238
254
279
220
261
230
304
287
0
246
301
191
289
304
298
288
233
254
335
327
274
252
350
209
262
216
161
307
191
292
292
350
334
277
0
181
298
0
295
261
317
268
227
263
243
247
179
222
342
263
274
300
265
0
284
235
207
246
247
249
274
318
292
210
258
232
275
281
276
316
286
298
297
240
0
372
0
286
280
266
201
391
267
264
178
255
289
219
255
280
215
211
282
0
249
220
260
316
0
284
227
159
208
242
220
222
259
208
350
279
277
223
0
309
274
218
0
125
-137
284
320
278
582
279
281
194
194
377
275
222
311
263
339
148
0
234
0
264
261
155
0
295
371
195
309
234
169
277
379
0
226
311
283
248
335
0
321
269
320
280
367
305
0
293
0
313
298
0
243
332
114
307
298
270
217
296
248
270
327
285
238
274
204
189
274
279
131
183
294
107
189
263
223
0
254
261
318
244
280
224
0
241
255
248
183
267
251
284
286
334
289
288
343
331
228
347
336
251
223
288
294
224
272
393
266
325
313
282
188
269
255
-285
255
258
240
0
240
297
179
286
324
209
300
168
260
229
327
236
222
313
276
226
220
154
165
252
0
288
258
232
273
86
354
435
193
365
225
313
263
122
221
323
205
262
324
289
363
240
337
177
-212
127
306
298
306
0
327
260
266
366
238
237
260
278
271
327
262
237
279
214
0
260
177
0
0
320
288
302
348
337
295
276
286
262
221
316
210
267
327
239
314
269
376
325
259
278
0
315
211
316
278
164
282
312
273
183
256
263
217
262
247
191
262
224
191
0
262
0
262
180
162
312
0
188
194
234
245
310
291
343
297
265
337
292
161
278
345
252
263
263
378
188
308
282
130
298
273
