-2036
299
-374
-907
984
430
0
51
-1647
-1071
-5
205
-158
-217
-821
229
0
-1359
130
-964
88
-109
-955
349
-473
573
-2249
1276
419
653
-139
-749
-324
559
73
-176
-780
2334
516
1088
-370
1011
-966
186
91
485
1188
-1538
125
721
1045
-352
-815
34
-618
826
-1210
-688
-767
691
774
224
29
-787
-744
-323
-78
-84
80
294
10
-592
-499
1715
170
-1330
495
-435
85
-223
-1110
896
-326
-1135
369
-142
-380
108
271
-1436
-446
-1857
-472
-288
-1316
-574
289
0
0
-82
234
-1139
111
169
340
-938
-932
1835
-145
-1201
643
-642
1115
-940
-260
1090
-619
-447
544
-1112
-1058
-1070
68
-1125
102
642
245
1228
892
100
471
-1003
214
-721
1128
-1122
-409
152
-463
-718
-895
-1388
-838
-178
-2647
-841
-1302
1063
887
-298
-59
274
-367
-775
432
603
-1018
-576
36
-555
-814
599
750
-344
1335
88
-661
65
288
-737
689
0
20
-2724
368
-645
-955
-495
-678
157
-1922
-264
-308
-47
-337
-1260
844
-891
157
730
65
364
241
-112
-1744
-728
-1066
-1686
371
89
-1593
-5
-325
-441
-1266
-118
-999
2530
651
-745
-653
-951
232
1423
-432
1153
215
279
-813
953
-1110
681
-1864
-137
1217
29
154
-590
-471
232
249
-293
-2381
-153
-888
-777
-1019
475
-10
684
788
931
-1693
-198
70
323
1322
20
1040
-1637
-849
-1577
102
908
-576
-172
-1464
370
-2032
-63
27
-1251
1432
-603
444
-1450
-353
391
-407
-1554
-769
376
1239
-777
220
-324
-510
-268
575
417
-254
-1065
-2067
-3
-616
310
-99
628
269
137
522
-917
634
-411
-570
546
-207
250
301
500
-753
-182
-486
19
1396
111
916
856
819
1721
-1049
-244
-665
-79
-86
-2197
1403
1489
-337
595
-569
-1742
-489
614
514
187
-153
267
406
-25
-718
-408
-263
-1695
244
-2502
91
27
-86
1700
1178
-374
279
743
-1383
-776
731
154
0
726
639
896
-398
1020
-813
-893
-108
-210
43
311
-351
-475
478
-298
-1032
-519
393
261
-1299
-187
-981
399
-1475
1222
-1657
-961
-719
-1107
68
-1548
-705
-208
-733
371
-1737
423
1022
-1085
-346
543
-1070
-870
-1511
-961
1818
300
173
-557
-141
-243
-210
-865
-596
552
1320
-1176
-661
-584
1768
905
-47
-513
-841
459
818
-593
354
1153
-580
-2242
52
652
-1085
0
-127
240
242
-843
-954
-1795
-707
649
283
-177
-644
-1184
-1339
649
-1237
-1319
-175
168
-2490
-490
-414
891
-126
-254
-970
-1228
378
85
1488
-34
0
-55
-1403
802
-999
-841
-220
1244
-1274
-1368
-119
917
-463
-440
97
1085
650
684
-743
498
-38
-114
982
-811
470
305
228
50
-103
-1566
1107
-779
1053
-282
100
-349
-1626
410
867
-410
-139
94
562
454
-796
55
735
192
-590
151
52
447
416
-1475
-214
277
-901
673
-1636
-365
-205
-306
-377
84
197
-183
-28
-671
-449
650
915
961
-651
-181
-196
764
-989
-671
211
-927
-136
-1196
-1768
-845
-8
122
826
-857
1274
-1072
-864
-304
-902
1135
688
-755
310
401
318
-1039
-1205
-80
-2434
-1573
929
-758
-36
3
-374
-321
-852
-829
-1952
205
-717
-486
-577
608
119
0
-1391
714
1602
-1450
951
-758
-734
-302
-792
969
410
-219
-104
-920
526
-920
-843
433
-322
-276
-88
-3108
-609
140
-188
-1165
-265
426
-984
-1189
11
-1901
-123
256
-609
115
968
506
366
-307
571
-625
-466
-336
-136
107
929
366
-1576
1106
-708
-754
-730
609
-1351
-168
1772
257
-2122
97
-813
-506
445
26
482
-191
21
-1884
-1916
1644
-1123
741
-2398
190
282
-300
-553
-41
-897
-722
-216
-982
4
696
13
-1095
352
-789
-594
1200
-963
1992
-1270
-126
-576
467
-9
327
-1010
1443
365
-958
-1852
-1736
-303
604
-1599
372
0
-527
-417
560
-1632
195
1165
-26
1003
-677
193
-9
834
703
-449
-500
-1231
-497
617
333
-807
-275
498
690
511
278
372
305
-85
-1236
-343
-125
-450
320
809
-233
1105
764
-327
-722
110
-194
-178
-423
-492
144
356
-549
-941
195
-1025
-1240
-184
-471
-225
-164
865
40
214
-640
-840
-623
-1484
-201
154
-846
1204
-962
-295
-83
-307
161
70
33
414
-298
-1100
-844
-69
-2204
300
-313
-450
-2598
-1749
938
-310
-59
-265
-206
1601
-126
-669
509
-259
-2233
-1279
-1326
-150
-1006
-2372
140
139
97
627
276
-427
-672
423
725
-538
1314
-397
-394
70
-787
1667
593
973
-862
-95
-93
-1027
-1272
-166
384
627
-1017
610
-20
-21
1339
-622
-97
-224
-537
-254
-408
-398
-1205
-103
565
-953
1133
-197
810
-1866
-621
-788
-19
-182
1729
-260
-203
-2977
500
-930
-1027
-599
868
972
345
-1109
448
-2829
-748
111
-686
-1246
657
122
-649
301
-1110
1487
1078
127
-10
-1724
-1177
-551
420
1512
-452
-135
712
-591
-327
1605
-599
-998
-1236
-2362
-940
-466
-2
-890
1204
-1332
407
-1275
750
-579
354
-932
141
469
-1104
-1263
278
426
-23
341
262
804
-1126
637
-197
-1443
420
485
1360
-204
15
-297
-642
-1474
-1191
18
178
-231
25
-1358
-97
1086
-323
469
29
-396
818
-1985
158
-2142
-420
922
-963
-766
-395
-538
-152
43
844
-437
-720
581
1286
-514
-816
-662
751
-1781
-1253
-1220
228
728
681
224
699
-1373
-59
103
779
0
-774
-1369
-428
1329
825
-292
256
324
101
-129
436
-139
-394
-621
-1323
-1070
-2076
-1321
-1022
49
30
-28
-654
-1721
96
-1407
-1105
-393
638
99
-66
397
-1254
-731
-865
233
124
-646
426
-369
-1019
540
546
550
-1171
220
326
-804
-706
-1521
909
-459
-1161
-1092
-878
140
-567
873
-347
664
112
1001
-240
1166
427
-85
-1151
-630
-606
