63
187
157
158
71
119
145
-135
24
60
94
0
1
67
100
68
81
100
58
71
-3
-153
86
126
78
153
-35
0
101
10
-35
42
0
124
0
118
72
0
33
277
132
92
118
45
67
54
128
-32
92
0
44
34
-127
193
-158
-31
24
0
105
0
-158
0
57
69
89
41
80
31
131
52
120
0
111
137
-16
14
47
-108
75
11
0
-129
-79
161
0
34
-102
131
121
43
-24
30
162
143
223
159
42
221
137
30
104
86
183
32
186
73
60
167
-87
-37
-94
0
57
132
-68
40
146
72
-108
147
-65
80
53
83
325
106
0
142
115
106
-15
232
30
-103
316
155
69
114
-28
0
87
-94
0
-114
-29
119
135
111
-44
168
372
72
161
206
205
227
140
100
140
70
11
239
272
32
66
255
260
-28
0
127
59
-19
68
44
3
88
-100
80
68
0
0
108
68
36
214
239
135
147
-53
0
59
94
-33
64
27
109
0
73
239
114
-44
-82
113
57
96
105
-17
35
62
265
54
-159
-23
146
13
83
-70
494
-114
33
106
101
125
21
129
-53
110
120
-37
-3
203
75
75
116
16
-124
100
-37
-27
-101
121
103
0
-105
15
125
206
116
51
100
191
55
62
16
-132
101
