10
10
6
-11
-41
-19
14
-20
0
7
4
11
-3
-10
-51
5
4
-8
0
13
7
12
0
-29
9
-23
-44
3
0
8
0
0
2
4
7
-22
0
-51
-10
8
-10
6
5
2
9
-52
11
5
10
5
2
-11
6
3
-18
4
-17
8
7
10
27
10
-18
13
10
3
4
5
-2
5
11
6
9
6
7
0
-39
-13
-12
7
9
6
10
17
-30
1
0
-12
0
-13
-31
-7
4
3
9
-20
6
-9
2
-38
0
-22
-48
-29
-12
-31
7
-51
9
7
7
-7
8
-49
3
12
-38
5
5
1
8
0
-12
-23
6
-16
0
1
5
5
11
3
11
-24
-21
1
-5
29
10
3
-24
14
5
-23
0
-22
2
-9
-30
14
0
-25
-15
0
5
4
-7
-33
-28
8
8
5
0
-29
5
-17
0
-12
2
7
0
6
-11
-13
5
-31
3
13
-39
-26
-11
11
8
-19
9
-11
-20
2
-10
-12
-14
4
13
2
4
-7
10
-22
6
-6
0
-11
6
0
7
8
3
-19
-34
19
2
-17
8
11
4
-40
7
0
7
0
-4
8
7
-11
7
-4
12
-28
8
-2
6
0
8
10
11
8
9
1
5
-15
-8
-55
-11
6
6
0
9
-27
1
3
1
-13
9
-19
4
10
2
0
7
17
9
8
8
-10
-37
5
0
21
6
2
7
6
3
5
9
12
-10
-6
14
5
-8
-44
4
3
12
-10
10
-5
12
0
-16
4
-5
2
9
11
9
10
-34
7
-13
-40
8
0
2
0
14
-10
10
8
6
0
0
0
-10
-17
-23
-8
4
14
5
5
15
5
-20
6
4
6
-5
2
-10
-40
0
-10
-26
-8
3
4
-4
-10
4
5
-23
12
3
0
8
-5
-14
-6
-49
8
-9
-12
2
15
6
5
7
13
-6
6
-22
6
14
-9
-7
7
-14
-18
6
0
4
5
-33
10
-8
-37
4
9
5
-16
0
13
-13
3
0
-14
7
10
0
12
-18
0
4
8
-6
-11
10
16
8
0
10
3
-30
4
6
-11
-18
0
3
3
4
9
0
-9
2
8
-20
8
-12
11
9
0
-32
-11
4
4
8
16
3
7
-24
13
-42
-17
-42
8
-6
-19
-51
0
-11
-8
-18
-43
6
0
21
16
-46
-26
7
2
8
3
9
4
-12
6
3
2
9
21
15
-12
-6
0
1
0
-10
3
-9
-6
-211
6
8
-45
-37
-12
13
7
11
17
1
-13
12
9
8
9
10
5
11
0
8
2
-1
9
-24
5
8
6
1
5
16
4
-44
-11
0
20
4
27
