-40
97
6
-134
83
26
-7
0
5
-98
0
178
60
-92
70
-125
-135
12
-91
-107
99
306
-11
116
57
-40
61
96
21
63
-29
179
15
4
-10
-71
61
8
3
45
-10
-85
0
255
-77
86
26
-124
-16
115
66
-126
-1
-123
-89
0
21
148
-10
-72
-54
49
0
171
29
72
-313
-70
112
36
-8
-96
-18
-167
-66
-166
-8
54
-20
13
-121
272
-45
0
29
-93
-71
29
0
0
185
-47
-11
-29
-92
73
152
183
-211
109
13
2
76
-53
-58
26
30
148
35
42
129
36
48
103
-21
217
156
65
-118
33
164
7
-104
31
58
-50
-87
-83
167
-58
-35
145
142
260
40
-43
-53
0
0
10
58
150
-85
93
32
-135
64
34
-5
-101
1
-64
-159
63
0
63
-7
0
-59
-87
-39
6
42
9
-63
161
18
-38
-20
-82
0
16
229
0
92
71
0
216
71
14
-11
-83
106
-93
51
6
-136
-72
10
-58
1
-166
58
19
37
0
46
-27
144
166
174
-48
-47
110
94
0
4
117
39
-2
78
-22
98
26
89
48
5
0
-10
91
25
156
184
6
11
184
83
102
105
0
157
-15
35
-84
82
152
0
-157
-119
-132
36
-74
98
211
237
5
-86
-177
-11
63
154
-53
96
-13
105
0
