-133
-10
47
-216
68
50
-284
0
0
39
0
106
-284
-101
-48
20
41
-333
43
-171
87
252
-204
118
-116
-36
69
-309
-20
-274
-107
-96
-144
-308
-113
46
-151
24
-305
89
112
14
113
-264
226
52
-327
-63
-135
100
73
26
96
-401
8
0
48
-275
100
76
32
-3
0
-293
203
33
236
-164
-340
48
100
56
-143
85
-131
73
60
57
-14
-277
172
-406
79
0
52
-233
24
-195
0
0
-363
-197
-118
-80
62
70
84
-403
25
52
-100
25
-250
-419
38
22
23
116
-319
-3
74
124
-171
57
0
-270
49
-48
22
-303
-1
53
6
-208
-61
-163
75
102
-235
-58
151
72
-53
103
53
45
126
0
0
-93
-7
-213
-280
46
-172
-387
1
-219
64
122
-261
115
13
45
1
-444
18
0
12
128
4
-302
59
30
69
-337
41
-115
-86
61
0
-344
105
0
-311
-256
0
-421
-385
108
68
47
301
-127
50
-41
47
-106
16
-87
0
69
101
-187
-101
0
60
-301
42
152
92
93
47
93
-396
0
53
-128
79
17
63
-129
-108
-146
87
98
-9
0
-228
82
-62
-260
-349
27
262
48
-195
92
-156
0
64
-168
-279
-44
6
-421
0
-84
71
-59
-375
50
71
-38
300
34
38
-193
2
-320
-332
-254
-238
121
136
0
