1263
952
1607
1454
1812
1260
553
1529
1447
1101
1286
1236
336
1265
368
0
1275
557
1258
1086
1239
1251
0
1709
2527
829
454
2037
1347
1241
1387
1036
1373
1141
1769
1382
1543
0
481
1499
1242
1062
0
1412
1685
1773
1157
1238
0
0
1897
1859
1170
1265
1660
1456
1350
1196
1612
463
1227
0
958
461
596
568
1204
1141
422
1143
1277
0
1482
1085
1326
1568
1637
1045
1846
1392
1448
1224
1766
929
1502
1588
1253
0
1297
1306
1345
1316
1333
612
1351
0
1258
1069
1225
844
1443
1056
565
0
1150
1337
1670
1576
969
1276
558
1301
1683
1301
1494
1078
1233
1505
1766
744
443
1333
1327
596
1175
1559
1747
1233
720
1203
1197
1592
378
1180
1174
1318
1294
1162
1472
1346
666
1287
0
1408
1379
1204
1387
1318
1757
628
643
1499
1316
1650
1482
1287
1279
1396
1088
0
1784
1511
1166
1427
1234
1363
946
1484
1253
0
514
511
1393
1367
1183
1236
1408
1104
937
765
1229
0
1427
1277
0
1224
1192
1352
568
1474
1456
605
1073
728
1089
1583
1262
1166
1338
1430
1216
433
1408
1216
0
1461
1483
481
1596
1115
771
1266
1166
1548
1400
1329
1101
1157
1589
1266
709
1171
453
1278
498
1364
1556
1349
500
439
1238
1175
883
1280
1080
1404
1457
445
1261
1226
658
1438
1635
941
1061
1197
1172
774
1263
0
1067
2008
1657
1523
2106
1327
1313
1378
1246
1721
490
551
1331
992
1456
1523
1246
1091
2505
1382
1265
1062
1466
1455
827
770
1863
638
1252
1463
1641
1527
1159
1014
1410
0
2133
1278
1290
1141
474
1078
1372
1319
1385
1303
1528
582
590
1394
2496
1278
1264
840
1229
1014
0
1370
1188
1348
1246
1435
1565
0
1119
1382
1211
427
1584
643
1422
1368
0
1546
1557
570
1316
383
1499
1471
576
1504
1240
1458
1353
1066
0
1307
1650
1366
578
1357
1263
1610
1358
1248
1416
1183
1470
1174
1635
1455
1429
1562
1167
1290
1468
1198
0
0
1380
1110
511
1877
2011
1130
1081
512
1554
596
1084
1153
1294
1324
1281
1546
1218
460
1176
1217
1200
0
1354
1357
1276
1142
581
1220
1382
664
1428
1565
1675
1298
1523
1357
1338
914
461
1016
581
1295
1440
1478
611
740
479
0
1546
1055
1053
479
380
1772
1531
1019
0
1173
1521
1572
1512
1326
1677
1552
499
0
1303
1231
745
1283
1339
1299
1314
1322
785
1262
376
1250
1293
1255
583
1789
1489
1253
1243
0
1369
0
1388
1344
0
1014
1309
519
1242
0
852
1561
1167
1412
951
1617
1234
1165
1270
1251
1451
1199
1307
587
1377
1329
608
1415
1329
1332
1342
0
1095
1216
549
1057
1260
1272
2028
780
1180
1402
1354
1479
986
520
1591
969
1360
1339
1089
582
1285
1283
683
902
1792
588
1468
0
1372
1529
454
1351
1228
1291
