45628
47871
30876
35051
34987
58642
43191
116071
108868
32079
35355
58690
52852
53889
16299
19884
73718
40138
40632
45545
45023
33179
55964
35180
41699
35644
43174
26865
15083
56816
20
60496
35171
39095
52418
55937
68896
26167
75597
32879
29547
42365
51453
25780
46749
38752
38508
22031
38707
54581
32772
32760
35556
33466
13293
28801
17038
22368
20191
35947
20348
63820
0
57645
54163
58547
35686
18391
60035
82869
21207
34180
66450
46087
47499
32596
14
24679
33741
53916
32714
45033
28091
24782
25385
52105
3
30768
44135
19808
39312
23486
27784
35012
45184
44421
25760
52648
21757
31821
37553
28260
54981
39686
47575
61938
20881
25
45908
34612
18228
22820
49627
28670
24651
46743
11
61845
35395
62297
48354
44736
27948
65077
32482
28863
22265
21864
