192
113
233
176
0
290
185
189
133
184
254
198
115
674
291
160
214
161
311
178
231
134
216
240
296
192
218
204
158
189
385
119
201
130
187
160
157
0
212
253
226
311
210
186
204
161
162
173
118
357
712
197
269
182
221
178
230
218
400
315
188
221
0
332
200
177
140
198
210
208
173
165
235
310
385
196
245
317
180
117
182
257
283
257
168
251
237
174
124
134
257
322
166
201
437
138
189
166
210
226
188
207
174
225
154
152
223
153
161
195
172
287
165
112
167
371
172
156
115
173
194
203
191
176
0
201
261
173
651
202
192
184
230
268
0
292
208
177
265
221
154
195
233
0
219
300
110
338
256
155
166
169
165
336
219
172
222
186
147
173
95
195
215
112
193
153
195
267
286
0
93
210
0
174
226
233
161
113
137
164
175
99
147
178
305
235
262
173
0
153
137
91
274
181
169
252
163
168
139
217
328
211
360
318
203
200
213
219
168
0
391
0
174
166
163
123
155
193
194
188
179
211
140
187
232
306
177
170
0
161
149
150
266
0
204
152
140
184
227
172
249
196
158
219
265
193
126
0
203
149
126
0
111
135
246
347
179
704
297
134
251
183
461
128
164
321
148
277
248
0
471
0
135
177
472
0
182
322
219
400
187
423
137
348
0
115
227
212
167
292
0
321
193
225
154
343
225
0
174
0
340
252
0
191
187
178
318
137
243
174
150
196
247
146
141
196
152
138
256
195
184
259
133
209
251
264
154
110
0
225
224
171
222
177
170
0
142
158
127
164
119
213
319
247
277
188
199
469
279
131
316
276
141
143
152
218
197
153
351
196
232
180
201
152
158
233
267
224
210
192
0
184
190
110
156
334
177
174
392
185
180
207
147
138
288
177
313
183
108
158
148
0
170
209
143
258
213
284
421
228
329
114
428
132
272
133
283
124
187
396
236
408
202
382
85
135
308
180
230
238
0
285
400
127
268
163
149
124
183
228
206
168
120
328
443
0
140
130
0
0
241
214
232
406
411
206
194
148
212
110
193
230
221
287
173
203
256
209
172
218
179
0
294
158
181
188
217
202
230
126
216
165
190
174
213
229
167
228
209
190
0
182
0
139
148
467
203
0
90
168
114
124
207
196
273
149
128
336
245
275
218
274
177
221
150
378
195
216
222
330
197
245
