51
86
81
16
0
79
45
-26
-11
-3
-41
-9
13
74
99
-16
-28
13
0
-44
17
11
58
-37
30
-15
-19
20
20
27
1
6
5
69
-3
-26
-36
0
-34
-8
99
26
22
-9
-26
16
31
7
32
-32
-52
77
8
-6
1
17
-20
27
-9
-1
100
-5
0
-21
56
2
16
-9
-15
19
1
8
2
5
42
18
3
111
-46
16
2
3
11
2
-4
77
79
-35
63
-38
-33
107
5
83
42
5
-20
22
-6
-17
19
108
45
80
-6
-21
-16
-13
40
-26
88
38
-17
105
54
-18
-50
8
58
7
6
10
14
-18
0
-37
-5
99
74
2
-51
11
73
21
0
48
25
1
76
7
67
-20
-28
0
66
79
18
3
61
6
45
104
9
1
3
37
22
-19
127
40
12
65
16
-4
32
-28
-58
14
20
0
63
12
0
0
32
-18
-8
28
80
16
37
65
49
-119
34
90
-21
69
0
-31
-1
52
24
5
-1
15
-21
3
23
21
105
-3
12
83
-4
-38
61
-3
14
0
-20
0
6
-16
-16
27
3
-13
6
91
30
-38
19
-10
-30
116
67
-28
0
-18
66
11
-37
0
30
20
117
-49
40
71
89
-1
39
-21
-15
-32
-85
0
17
-34
-12
0
111
107
-11
-6
63
-209
12
-35
63
40
-52
-29
24
-22
-7
-13
58
0
73
0
-4
62
92
0
-21
80
95
-19
88
111
-19
126
0
28
-24
62
-30
-21
0
41
-3
-21
-11
23
-4
0
48
0
49
10
0
-17
-11
97
55
-56
4
61
4
10
62
-28
-18
54
-41
63
97
3
-4
91
100
111
73
90
-13
21
0
55
10
-26
9
10
77
0
35
66
6
40
-4
66
18
-15
68
-30
-23
-13
-25
-3
20
0
16
47
-47
-6
83
-6
122
78
17
-37
0
70
-18
65
131
47
55
5
0
16
32
76
53
75
54
-21
84
-14
65
-17
50
43
16
-66
51
46
73
133
77
0
-64
29
94
65
80
-11
-54
84
-4
84
-15
-21
86
47
36
68
-1
3
37
-21
26
-13
55
67
102
-13
17
13
0
-17
51
6
-32
-3
36
-8
-4
-4
12
35
-30
91
122
0
5
40
0
0
20
-38
90
0
11
-28
-18
-46
4
48
-25
78
7
54
16
70
87
17
-58
22
-17
0
69
22
19
-3
61
-43
16
31
72
20
66
87
30
23
86
20
84
51
0
28
0
-13
99
111
-12
0
28
104
28
-26
-18
-30
-39
7
-13
101
-21
81
-22
-47
50
7
24
-20
66
-17
-28
94
-35
5
