7517
7975
6083
9780
9344
8591
11231
9477
9430
5671
8657
7629
6370
6363
9951
7622
11565
10904
9387
10980
9242
10246
8860
10846
9299
11513
6456
6130
5963
9915
0
8474
8976
6516
11530
13676
8309
9134
15094
9924
8022
13222
11822
8310
11485
6298
9731
5733
11125
7278
8769
10788
10241
5091
6855
4063
4832
6609
5180
10110
5151
11947
0
10061
10581
9976
10269
13132
5401
10358
8837
8341
7339
6270
11249
8196
0
7814
9120
8026
3577
6337
7778
5886
8392
11668
0
6134
10453
3510
7254
6934
8501
5466
11021
7916
4890
11523
5310
7671
7606
7464
10567
7721
10214
10060
6848
0
5508
10625
4761
6636
9465
10366
8855
8707
0
10628
7297
5912
10146
9517
7322
7257
6373
7391
5099
4976
