-70
-85
12
57
-132
-78
87
603
-153
56
-239
42
485
-431
282
213
-246
-28
174
13
-135
35
537
-4
-45
63
121
-161
-127
26
-80
726
-137
8
-113
-12
-21
99
-1
110
497
68
-30
101
-15
102
-42
114
-254
-604
-365
106
-114
135
-143
-430
-161
-55
21
-31
136
461
136
113
-47
-135
485
8
-508
189
-30
-125
-58
-334
-111
149
342
-305
23
305
-55
-106
98
-120
110
497
169
-86
161
-99
-49
-120
-50
-111
995
-160
-78
-152
-127
21
23
20
23
545
60
13
73
-6
-28
-110
-42
-55
-244
-80
-88
-303
-106
-5
507
244
-137
-8
-212
-35
-319
-153
-169
-99
-89
-117
-57
-175
-105
-195
-92
-270
-282
-3
-260
-56
299
-18
170
368
-13
-545
-67
-133
-180
-127
125
746
162
-9
-99
-32
-72
-399
-123
29
-87
-18
-43
-224
31
104
537
52
20
-93
-36
-95
-424
-84
-148
-498
-225
262
937
195
468
207
-147
192
59
-56
-28
-499
-144
0
0
0
0
0
0
0
0
0
-2
131
-29
-29
-607
-108
87
602
121
115
-8
-82
-836
210
627
90
-28
-65
-12
-28
22
-73
876
-21
-23
-61
-28
194
13
-153
568
-75
-445
127
-78
-139
-18
-77
99
920
-189
-586
-20
-70
74
175
-40
-189
587
-16
-463
195
-87
-150
-31
-28
33
-62
-639
-133
-3
-5
11
-182
-102
40
-407
-40
386
-118
160
232
-60
-139
-90
-102
1095
-177
-48
-186
-83
16
-122
-229
629
123
-621
301
37
-42
-64
-92
-11
-9
639
22
-1
145
-59
3
-9
21
29
556
110
24
83
39
-77
34
-54
98
571
175
17
-137
-36
14
-197
-77
561
11
-458
156
-121
-66
210
629
187
-119
-411
-126
-77
-230
-106
-146
-329
-268
-326
-94
-295
-190
-366
-149
127
-277
-63
667
-501
-245
391
-12
-107
-34
158
355
-386
-207
599
-239
-319
58
-118
22
82
-35
617
74
64
211
-146
-174
-73
-109
-94
31
-82
-131
-33
-165
-60
-89
-360
-33
788
-1
-135
-262
18
0
0
0
0
0
0
0
0
0
0
0
0
0
0
0
0
0
0
71
305
-204
-364
379
264
-152
-330
122
-112
-37
-108
-82
-86
-127
-138
-108
-149
-130
-273
-43
-219
-146
127
-20
76
740
-117
-332
-125
-102
-674
-77
262
1065
141
-31
-121
-43
-196
-317
-188
-19
-125
-28
-126
23
-106
-78
-187
-56
-116
-75
-113
-110
-291
-45
-400
243
244
-80
310
63
0
0
0
0
0
0
0
0
0
-126
177
-127
-154
652
-105
-157
186
-112
-40
-149
-66
-88
-400
-93
0
836
66
-135
-77
-151
-61
36
-91
-130
-97
-140
-3
613
344
-120
25
-66
-158
-523
-54
-105
-296
-49
-115
925
-180
-105
102
-104
-170
-330
-136
-154
-360
-231
252
763
265
285
624
236
-114
-125
-77
-188
-451
-189
-109
-249
260
-167
-360
459
-63
-182
277
-52
101
-59
-163
556
-78
-77
114
-114
-10
42
5
45
-879
-51
-33
-24
5
201
409
278
-24
-235
-103
-138
-306
-139
-86
-100
-90
-142
1083
-136
-54
-130
-84
180
-69
-93
537
-208
-321
286
-149
-200
-43
116
-82
-52
1006
-118
-60
-358
-82
24
-238
-50
401
-428
-344
368
250
60
26
46
11
2
428
20
23
72
35
395
747
444
-283
-335
-340
-185
-182
-149
-21
-12
-67
-103
827
-41
-26
-7
-48
92
-58
-101
598
-221
-285
289
-196
-99
9
106
8
9
-532
-127
-28
-179
-95
-73
-2
-80
-231
261
-243
-206
-29
-188
-110
-73
-121
-97
-158
-112
-98
-69
-122
-71
-130
347
-131
-265
260
0
-70
422
-84
-135
-112
-145
1147
-110
-74
-156
-121
78
172
75
-216
-441
-209
119
266
120
-61
-65
-67
-130
854
-40
-40
-51
-51
-18
-53
11
-332
1096
-339
-48
-67
-97
-52
80
265
-435
-173
665
-235
-255
108
-73
-7
100
264
293
-61
117
31
41
72
-242
81
-56
-746
139
187
325
193
97
-95
76
-78
-656
-244
-24
-196
107
-125
-53
-161
-36
9
-76
-184
-121
-190
-26
-118
-21
-70
679
-20
-69
-212
-48
86
-110
-337
-209
801
-65
-48
-135
102
19
15
17
17
-802
-41
4
6
35
0
0
0
0
0
0
0
0
0
-14
-292
21
289
529
-2
-96
-380
161
-165
-294
-119
-61
-352
-98
223
566
236
-4
-383
-3
-39
-571
-87
119
894
88
248
-121
-95
724
-140
-549
144
-154
-119
174
774
113
-60
-156
-14
-104
-491
-81
249
340
61
269
-539
-182
30
-145
-20
-24
-21
5
41
-665
-192
-18
107
-21
-7
34
3
39
641
13
-69
24
-73
-55
-90
-315
-190
751
163
-147
-140
1
-149
-163
48
-444
-44
643
-91
-99
105
31
-21
45
-17
595
20
8
12
-2
96
-317
-150
221
-291
-293
466
231
15
-15
-94
-22
-33
780
-25
-34
-78
-7
0
0
0
0
0
0
0
0
0
166
447
235
-48
-49
19
-172
-407
-143
76
-2
-67
331
-91
-86
203
149
-94
49
-377
-51
65
574
99
57
-92
99
-106
-112
-94
-163
-45
-168
-124
-137
-112
-24
62
12
132
-910
68
8
6
26
-145
-26
-159
-76
-132
-77
-122
-111
-140
-102
-554
-94
-279
-446
-308
330
1128
328
-9
3
-53
7
780
66
-25
30
-30
0
0
0
0
0
0
0
0
0
-81
20
-40
-52
475
-87
-28
188
-11
0
0
0
0
0
0
0
0
0
57
30
-2
-26
557
57
15
73
0
-83
-66
215
-271
-388
850
-20
-134
49
-84
9
-52
-58
575
14
-17
101
-10
0
0
0
0
0
0
0
0
0
54
76
32
32
401
55
27
130
35
-27
89
-49
-45
719
8
6
-13
-18
0
0
0
0
0
0
0
0
0
-9
51
-29
60
502
167
-43
60
80
0
32
-20
28
579
88
-4
8
1
-220
-281
-206
-134
-117
-95
194
535
314
-86
148
-55
-307
746
-412
-50
-30
71
-125
-418
-183
-125
-199
5
235
691
93
-94
-419
-121
-66
-110
-42
125
640
195
-67
-52
-44
-38
868
-66
-110
30
-89
-92
132
-44
148
508
155
-106
132
-72
-13
-56
12
99
-768
150
-29
231
-48
43
-41
81
226
-969
282
33
345
-2
-60
-93
-84
-44
-295
-79
-73
-109
-81
-89
21
-94
19
762
70
-89
35
-82
-167
-61
186
-488
-62
603
-197
-29
165
35
-38
6
-6
501
16
20
91
23
-90
-215
-140
-129
774
-130
-117
-105
-122
-150
-374
-119
-160
-17
-82
99
562
217
11
-5
29
19
-790
3
51
102
44
-64
30
-71
32
533
44
18
105
35
-63
-18
80
-105
-528
578
-39
-70
139
26
48
30
77
476
-13
76
103
46
0
0
0
0
0
0
0
0
0
2
-426
-87
-14
-159
-114
128
688
57
270
276
383
5
-158
-10
-10
-226
-67
-107
-234
-146
-246
71
360
-239
41
211
-49
-138
-48
-343
807
-156
-29
-217
-27
382
99
-95
613
-174
-512
117
-148
-271
0
0
0
0
0
0
0
0
0
-35
-120
-75
-168
1190
-111
-10
-96
-12
-105
-113
-112
128
553
118
-103
15
-113
-99
-24
-106
-130
1201
-389
-16
-441
19
-65
-164
-70
-123
-143
-148
-35
-217
-86
54
65
88
124
345
141
61
116
84
-137
-135
-224
-282
133
392
218
151
-72
-39
52
-49
13
703
116
-78
14
-87
-163
-586
-74
-70
161
84
-46
446
320
-71
-80
97
-361
-309
716
-104
-68
164
-27
704
37
-124
-342
-152
-22
-62
-41
52
136
76
102
-970
70
49
13
50
-23
0
-94
1
-149
622
-46
-147
131
42
51
-54
78
451
95
-80
79
182
-94
-125
-191
-126
-28
-106
-172
-163
-229
14
-107
-6
-146
964
-96
21
-24
34
-164
-254
-191
-117
-10
-138
209
506
243
-21
-26
-29
-64
819
-64
-16
-85
-23
-86
-167
-115
-163
-444
-194
-138
-178
-49
-4
24
2
66
493
110
20
117
51
167
276
208
90
133
64
-100
-287
-111
77
288
-16
272
290
-279
-79
-393
-137
98
451
83
197
-406
-305
-205
-62
134
120
74
109
65
-970
89
91
241
143
-50
-289
270
-136
-509
744
-123
-190
239
7
-124
6
-135
-372
-145
-33
-122
-41
179
-166
-66
713
-418
-258
147
-239
0
434
497
15
216
-465
-232
-47
-264
-250
-6
-31
40
-501
-121
592
-24
-92
71
0
0
0
0
0
0
0
0
0
-201
-547
-180
-86
-291
-136
249
1051
213
-7
-88
-3
-73
782
-34
20
-33
9
82
-55
-188
399
82
-407
153
47
-169
-36
-143
-106
-121
-126
-97
-110
-71
-125
-89
-66
-42
-15
-280
-58
-15
-137
-8
63
-340
-216
226
-291
-277
366
413
81
-55
-35
-67
-98
-488
-39
2
-54
-39
212
775
198
-93
-90
-79
-118
-660
-127
-143
-295
95
189
745
-115
-74
-257
29
-11
63
-13
98
459
137
1
122
31
0
0
0
0
0
0
0
0
0
-97
-195
38
-208
687
-47
2
-58
-158
-98
-129
-101
-171
1039
-133
-83
-217
-105
-74
-78
-138
-20
-246
-126
-131
-107
-140
-109
-72
198
-355
-120
679
-102
-229
123
-42
-51
-67
-214
1123
-194
-69
-332
-62
-91
-237
-63
-209
687
-145
-110
-85
-56
-189
-216
-173
-164
706
-129
-144
-151
-189
-36
1
-40
0
616
24
-57
10
-21
-305
-278
70
-310
-60
346
16
254
293
149
-53
-76
897
-249
-595
120
-81
-78
-23
-280
-200
176
-25
-274
671
161
-73
21
-45
-182
-157
-196
-133
-148
-164
-160
-61
-428
-67
-126
-231
-124
115
730
124
-91
-139
270
-254
-262
563
-147
-154
189
-89
201
61
-473
530
-192
148
69
9
-79
-33
-71
-73
-375
-140
-65
-93
-40
25
-103
-4
-109
-334
-134
33
-150
-24
11
-63
66
51
568
40
12
97
23
32
-282
-138
489
-433
-185
457
13
-68
76
-4
-159
218
-645
351
-162
-79
282
-20
66
-9
51
526
60
-9
27
23
-95
87
113
-228
-312
-159
100
-7
-224
145
153
165
159
-549
156
137
193
118
18
-54
37
45
506
43
-55
-452
-109
199
627
227
-210
-150
-225
-66
-323
-95
54
-185
-114
-111
-213
576
-232
-183
369
-55
-558
-308
0
64
21
315
565
-66
-13
194
83
-188
455
134
-246
-416
-67
-165
-215
-166
-145
984
-109
-137
-68
-189
-156
-28
614
-125
-343
131
13
-51
-124
-9
-9
4
24
546
78
28
33
-16
17
43
-16
-19
534
122
-7
55
-16
0
0
0
0
0
0
0
0
0
29
-126
-80
-136
-159
818
82
-81
-121
0
0
0
0
0
0
0
0
0
-40
113
31
-25
553
-37
-8
147
3
-2
68
-8
-11
705
-30
-114
-262
-117
37
-376
28
-156
-406
-169
74
855
10
-73
-9
-113
-46
863
-80
-101
-182
-84
-53
-218
-127
77
626
128
-37
-214
-92
92
-301
127
-93
-488
-51
158
-423
92
-3
-1
-20
-28
695
25
3
96
13
28
217
26
-133
-702
-86
98
428
112
-78
39
102
7
460
165
90
178
-92
0
0
0
0
0
0
0
0
0
0
0
0
0
0
0
0
0
0
55
-86
60
-63
-422
-254
119
-262
-114
5
88
444
-301
-307
427
-169
-277
88
171
568
152
-17
14
27
-181
-541
-184
-214
-65
25
-74
868
-342
-33
-18
-103
1
-37
-2
-16
-646
-45
-19
-11
37
102
-78
-101
583
-54
-453
139
-12
-131
-31
-63
129
-477
-205
676
-104
-93
162
-31
-165
185
-298
-573
835
-16
-212
152
22
40
26
41
-787
-29
64
37
54
108
208
-10
-225
358
4
-215
40
139
-149
-134
197
-553
-105
699
-147
7
169
-135
-87
-126
-146
1317
-183
-96
-241
-130
29
-153
-56
-76
663
-24
-18
-145
-27
210
-161
-66
833
-208
-580
146
-196
-36
-33
-221
72
-38
-475
718
-44
-1
98
-80
-348
-120
-16
-118
-35
44
583
141
0
0
0
0
0
0
0
0
0
-98
-271
-63
-13
-661
-174
190
947
107
-78
-107
-71
-184
1116
-188
-53
-239
-76
19
-85
35
-60
-462
-121
-6
-53
1
-68
-466
-22
-117
-239
-220
200
737
152
0
0
0
0
0
0
0
0
0
0
0
0
0
0
0
0
0
0
27
-73
-32
-67
899
-140
-71
-196
-30
83
-125
46
38
527
78
22
100
26
-52
10
-85
-216
843
-221
-66
-381
-64
-46
-70
-34
-41
-279
-139
-89
-135
-71
29
150
-37
47
852
-122
-100
-206
-100
181
517
137
-160
221
-153
-203
-451
-214
-52
-99
-34
-194
980
-123
-42
-267
-62
-295
21
253
617
-123
-475
-101
-17
147
-68
-36
-100
-123
-91
-126
-105
-133
-88
-37
1
-12
-3
-784
-42
-37
-21
-8
212
953
235
-159
-303
-214
-125
-635
-109
288
1030
226
-119
-177
-225
-202
-636
-148
-115
-100
144
-482
-153
686
-71
-39
106
-138
-117
-140
-87
228
-170
-133
-220
-78
-37
-24
15
90
-627
52
12
-54
44
-156
-145
212
-397
-158
675
-150
-104
206
-5
114
-41
-68
569
-17
-84
179
-28
0
0
0
0
0
0
0
0
0
7
33
20
40
532
98
-4
44
9
-13
-73
11
-25
-765
-47
5
-43
3
-17
111
13
108
373
133
15
92
34
117
-259
-106
245
-344
-258
565
19
-36
-24
-13
-15
42
564
63
-13
47
26
-97
2
-186
-42
-83
-78
-81
-96
-131
-125
-104
-123
-99
1004
-84
-115
-87
-122
21
-76
12
26
519
87
0
-12
-1
-7
18
-27
52
455
17
0
31
17
-117
-179
357
-165
-174
603
65
-211
-130
-221
560
-104
-40
86
-31
231
-639
130
-42
-130
-1
34
666
-24
-44
-303
-106
-53
-195
-18
-83
794
-120
-22
-145
-16
-125
-58
-115
-143
1149
-103
-144
-165
-113
5
-101
-72
-59
841
-55
-127
-175
-40
296
-147
-107
468
-336
-353
270
38
-113
-80
-136
186
-36
-240
361
-17
281
44
-47
-59
-62
-81
-406
-111
-75
-87
-74
246
849
282
-172
-375
-216
-92
-353
-93
-1
14
-4
19
510
66
-16
46
-16
150
550
162
-134
-271
-146
-83
-259
-105
7
48
53
-24
574
-297
-2
155
-239
40
-28
84
-52
-430
-146
-11
-248
-32
-43
-102
160
-305
-416
877
-138
-58
111
-116
-160
-154
-147
-58
-144
-165
-157
-170
-99
-246
-182
20
-129
-94
165
467
132
-138
-399
-175
-58
17
-50
143
423
164
0
204
153
-147
-432
516
-111
-263
157
63
52
-84
6
-621
-218
-119
254
150
-48
16
-80
-259
622
-239
-159
51
-75
286
939
319
-233
-301
-246
-188
-469
-166
81
199
72
20
-62
-37
141
198
204
122
-207
-76
-3
-192
708
62
-16
-262
-114
-56
231
-234
-339
685
-1
-277
-6
116
-43
-102
671
17
-631
109
-68
-74
429
169
-47
277
-191
-193
-158
-185
-72
-75
-12
17
56
531
207
6
158
-14
-153
-124
-18
-118
-243
152
-100
-113
714
-18
-21
210
-396
-94
792
-249
-181
65
0
0
0
0
0
0
0
0
0
59
205
214
-329
-155
362
-128
-203
-98
178
458
173
-17
15
-34
-158
-437
-205
112
-358
60
888
-306
-286
148
-357
-5
-17
-57
21
10
-758
-43
18
-84
33
-9
49
-10
-26
-526
-61
-42
-107
-23
55
-653
-15
-134
-108
-83
49
815
89
1
796
100
-84
-176
-83
10
-344
-180
0
0
0
0
0
0
0
0
0
69
109
-107
167
648
146
-94
41
34
-11
50
-48
9
478
50
-51
63
-64
-24
98
-13
-27
558
11
-42
127
-7
-127
-174
-134
-97
-64
-101
323
469
294
-140
-152
-105
-30
-272
-119
-61
-69
-68
429
-203
-238
779
-428
-248
622
-249
-307
0
0
-2
3
1
-3
3
3
-3
-57
64
-14
96
635
61
14
64
-74
0
0
0
0
0
0
0
0
0
-141
60
80
-347
-170
197
-106
-307
-57
211
597
149
-92
-108
-189
-82
-398
-108
86
-11
32
-98
-112
-99
-157
799
-183
-59
36
-7
40
547
88
0
115
-32
-183
-402
-100
-122
-396
-37
97
795
150
-103
-154
-63
-28
-608
27
132
624
183
-4
-137
-5
-87
-516
-113
-55
-65
-8
0
0
0
0
0
0
0
0
0
99
78
70
5
334
57
-2
18
28
-161
159
-169
111
426
146
-100
204
-65
43
21
-8
48
584
-16
3
-5
-54
50
-183
-7
64
617
-115
-153
-75
113
-7
34
90
-87
-789
134
86
193
116
139
780
195
-87
-151
-78
-101
-589
-133
0
0
0
0
0
0
0
0
0
-110
-25
-67
-47
-388
-130
-44
-185
-91
-229
-296
128
-426
-245
473
-24
158
405
-50
-101
15
-132
644
-330
-22
-109
-12
58
-92
65
-76
-602
-107
60
-90
28
-106
106
53
-398
711
36
-63
-412
-22
-110
-518
-155
-33
-150
-75
177
676
169
-124
78
-98
-239
933
-119
-81
-228
-36
-13
3
-31
-293
787
-281
-50
37
-80
-47
176
240
-418
78
276
-250
-128
93
15
634
16
-38
-550
101
-26
-46
-91
-18
-67
-9
19
635
92
20
-67
7
5
-22
4
-47
-97
547
-50
-339
-49
356
-14
-61
527
-339
-323
74
-290
-50
0
0
0
0
0
0
0
0
0
28
-1
-34
-110
764
-37
-62
-68
13
170
-22
-107
503
-202
-339
242
21
-152
114
13
-154
468
74
-496
100
-16
-152
135
737
167
-38
-63
-20
-143
-568
-147
-28
-111
45
-78
-676
-3
77
49
53
-68
-255
-66
-189
-234
-195
171
545
189
-180
-429
-174
-49
-63
-34
149
486
197
214
-58
-136
722
-24
-649
151
-101
-142
-127
-145
-108
-330
1181
-199
-47
-254
-26
50
24
28
87
472
135
5
-54
10
102
127
-52
-374
403
-73
-93
284
77
-62
-122
-14
-117
-201
-129
-110
-111
-142
-144
-443
-164
103
622
-429
137
270
-65
0
0
0
0
0
0
0
0
0
-103
-102
-108
-74
-226
-48
-133
-57
-111
-87
56
-149
-122
849
-277
-27
-316
20
-134
-158
-93
-68
-151
-136
-105
-139
-86
-265
-227
-18
-218
-283
284
55
298
393
659
134
-53
214
25
-322
-47
-278
-266
465
309
-183
136
-394
-221
-72
-168
32
-105
-128
-114
-94
-34
-135
-115
-132
-123
-40
-85
-42
-82
-332
-140
-29
-123
-50
8
180
-147
45
675
100
-136
95
81
-47
68
50
100
534
256
42
138
-194
7
-36
-24
-84
744
-13
1
-65
-9
-233
-36
4
-659
364
292
-72
107
312
263
701
344
-60
-27
-146
-145
-402
-199
-116
-276
-79
-160
-299
-142
260
616
192
190
-91
-139
801
-99
-665
155
-85
-132
301
-138
-194
749
-324
-452
258
-150
-159
0
0
0
0
0
0
0
0
0
-69
-188
-72
-198
1124
-179
-86
-275
-118
90
365
343
-271
-368
132
-118
-187
-9
-46
7
-29
-29
-634
-54
-35
-62
-25
-106
-408
-136
-287
1013
-200
-124
-223
-140
27
13
-26
-26
641
-36
15
-35
30
85
-53
-116
623
150
-640
158
-37
-149
154
117
-242
198
463
-305
-1
-175
-127
149
-7
-78
642
-260
-346
74
-215
-49
116
-69
-59
549
-271
-97
110
-174
-74
0
-49
45
5
-622
112
-8
18
-19
-109
-525
-127
5
-107
48
62
682
110
-277
-276
-175
-241
-492
-209
388
1021
391
0
0
0
0
0
0
0
0
0
-12
-138
33
-98
-493
685
-85
-156
97
-68
-160
-54
-52
-277
-20
63
564
35
8
83
34
-22
-661
-116
0
-128
-2
279
-86
-120
590
-198
-450
366
-143
-133
19
149
13
63
392
71
52
157
12
24
-10
-17
-5
573
28
-10
40
-8
-30
127
730
-267
-68
198
-204
-234
-35
0
0
0
0
0
0
0
0
0
-28
-53
-35
-99
717
-191
6
-29
-53
195
617
193
-113
-127
-125
-155
-429
-134
-153
-252
98
-258
-380
242
95
186
486
23
102
369
-294
-368
454
-79
-370
47
-55
-7
80
45
467
205
97
65
-67
35
-66
21
-2
-541
-112
-65
-97
6
-122
-22
-125
-62
937
-114
-117
-125
-84
-207
-224
-186
325
280
376
-126
-213
-151
0
0
0
0
0
0
0
0
0
-52
168
-74
-72
860
-63
-134
-248
-112
-154
6
223
-578
-106
760
-160
-203
155
-104
-127
175
-536
-150
727
-91
-90
139
-29
-247
-56
-298
873
-174
-74
-247
-86
-25
94
31
46
408
141
27
207
51
-35
91
-35
24
530
48
-21
142
-30
-195
-105
272
-436
-394
857
-115
-86
259
32
33
39
24
468
169
46
108
52
-117
-10
-127
-62
-199
-82
-142
-56
-121
185
785
122
-68
-227
-167
-121
-363
-85
-189
-121
303
-408
-192
628
-234
-37
258
-286
-361
112
-482
-214
320
78
326
501
-110
-146
-126
-172
1047
-126
-99
-82
-142
169
660
154
-75
-57
-132
-126
-503
-142
42
-197
-202
247
-222
-251
459
187
-15
-92
-208
39
-27
886
-69
-57
-170
-125
-87
-139
-33
-148
831
-159
0
-164
-27
13
-65
-5
724
-396
-150
143
-222
-53
0
0
0
0
0
0
0
0
0
-10
-177
-25
-123
-359
-113
18
-219
-3
-27
12
-19
-18
608
6
-20
-87
20
11
-26
11
32
-761
9
20
0
45
-127
20
-5
-80
852
-114
29
-115
-158
-144
-485
-132
-96
-89
-61
160
620
141
-1
-327
-229
185
-122
-263
357
343
41
-210
120
142
-319
-167
416
-212
-166
129
-64
-86
-49
-56
-164
11
148
517
126
-231
-560
-255
-62
-558
-159
372
1016
418
-129
291
26
323
360
-414
50
-320
-126
-303
75
-348
25
583
79
-316
11
-357
-45
-110
0
-41
-285
-87
-55
-62
-64
-79
-150
-154
-3
-167
-277
187
407
166
-117
49
18
87
478
187
13
90
36
12
25
-94
-214
856
-161
-119
72
-7
-100
-66
-72
-105
-264
-156
-98
-107
-95
10
237
-23
-54
382
-369
16
188
149
-45
-70
48
-541
-55
621
-75
-14
60
187
562
153
-24
-60
-76
-125
-432
-137
0
-49
-37
-126
-458
-127
44
731
70
75
163
3
-19
591
-251
-217
-490
-276
-18
90
-2
61
487
48
-58
6
-94
24
215
-37
137
112
-415
195
-278
-334
-31
-67
-58
-166
-521
-162
121
602
145
9
97
9
20
418
140
48
25
0
217
-125
-75
551
-410
-227
282
-190
-86
0
0
0
0
0
0
0
0
0
1
44
22
10
587
51
-44
36
-32
-84
-57
-99
-2
364
-15
35
461
18
-63
-141
66
-418
-220
742
-14
-133
67
44
-120
99
-78
-666
-142
43
-177
26
0
0
0
0
0
0
0
0
0
-77
-6
138
-441
-52
540
-154
-70
126
-151
-396
-169
-121
-145
-60
186
585
241
6
-21
-24
-43
-603
-37
7
23
-5
-42
-10
157
-1
448
89
175
-31
-186
-181
-55
223
-601
-119
757
-119
-111
143
189
-76
10
668
194
-493
-36
5
-314
-117
-80
-88
-117
-21
-135
-159
-114
-182
0
0
0
0
0
0
0
0
0
-64
24
-74
45
716
7
-46
-107
-16
142
-83
26
658
-422
-248
142
-145
-53
68
-393
-46
377
17
-322
55
447
-234
322
168
-19
386
-234
-307
85
-264
-190
-206
-58
-203
-200
1006
-146
-188
-16
-164
-120
-226
253
-406
-324
835
-83
-149
230
-77
26
332
-488
-285
783
-201
-254
108
129
-20
-145
602
34
-585
155
-50
-179
161
940
174
-217
-154
-153
-28
-702
-30
-18
-79
-106
-32
612
61
-27
-105
-21
27
17
-149
769
120
-723
97
-46
-123
-134
-178
-150
-191
-234
-264
246
444
400
-250
-216
46
-228
-40
201
17
200
316
-144
-248
-136
-84
-313
-128
188
624
134
-114
24
118
-447
132
522
-170
-23
58
11
19
51
-22
443
175
52
97
69
45
-104
-157
-23
-363
48
-161
-285
204
-117
-405
-76
-19
619
153
27
-57
-175
-195
-635
-103
-74
-174
-120
209
907
174
-3
21
-2
-20
824
38
-47
37
-68
10
-103
34
-106
-485
-79
-3
-31
2
-90
-182
206
-511
-312
802
-27
-84
120
-82
87
-142
2
715
22
-110
55
-118
135
495
152
-74
68
-33
-143
-531
-144
38
-146
30
-164
-585
-219
38
-122
7
64
-210
38
-125
-623
-153
57
-170
19
35
-461
43
-9
828
25
-24
-392
-57
-24
-202
-69
-256
705
-286
-31
-243
-21
-19
-136
-54
-192
776
-250
-64
62
-50
-156
-575
-119
-76
-61
-71
180
705
169
-116
-65
127
-519
-193
825
-183
-134
205
