366
-570
-505
52
0
374
-380
-131
-9
126
95
139
134
744
-725
132
64
-277
213
-94
203
36
30
110
202
113
-169
271
76
-317
123
40
119
-50
108
63
-126
0
62
140
-744
229
309
109
63
199
105
44
128
-145
126
71
207
-189
181
-239
110
136
189
187
106
148
0
157
-1
-176
-215
134
44
225
110
-20
189
178
402
135
184
-1062
83
86
104
170
-134
-233
114
208
-571
68
192
40
130
-1063
193
133
349
-1
123
-209
125
135
-164
-757
228
-625
95
84
99
134
-327
-172
-580
319
88
-722
238
204
28
66
54
-209
-188
191
200
38
0
83
-199
-734
326
103
39
-270
-168
234
0
278
207
165
284
198
33
118
113
0
-460
-677
176
188
-483
60
-66
-576
151
238
62
106
210
-201
-1169
115
49
224
-261
78
-310
-119
24
-30
219
0
-2
-266
0
53
158
118
99
41
-602
167
-84
-48
-31
15
262
16
123
25
0
-6
141
-73
252
167
123
209
-168
59
171
175
309
85
221
253
129
81
22
-200
186
0
202
0
-223
78
91
116
-236
51
105
-2
-191
77
125
111
116
-832
333
35
0
82
-503
75
106
0
-290
191
-875
19
123
-2
211
168
182
-194
143
82
6
0
-288
88
76
0
-770
-642
147
224
41
102
217
20
556
321
83
46
198
101
81
-115
32
0
714
0
-150
86
-710
0
86
-834
209
135
-583
1207
55
-1248
0
-34
134
-149
70
150
0
-68
168
-157
136
-151
-206
0
13
0
-75
173
0
97
32
-706
-384
45
165
65
230
184
-149
-130
32
-4
68
-93
-693
47
150
-669
-661
-930
-462
278
84
36
0
246
163
-130
163
121
-308
0
-27
-490
42
244
-2
-525
208
128
-45
87
136
213
146
47
-251
33
59
-128
75
120
261
162
-1170
22
-318
44
166
85
88
337
130
235
-378
142
0
132
6
-27
-447
-622
447
41
773
106
-450
-51
13
-100
331
30
482
346
-465
-1529
-61
0
27
233
-738
-533
-488
82
106
254
4
-616
159
-22
751
145
-437
47
170
272
-360
182
220
183
-40
-35
925
-41
23
139
0
140
463
39
151
120
161
8
36
82
-12
-211
59
-795
-1054
0
-182
143
0
0
-238
62
77
265
311
77
119
58
153
55
46
-338
138
-473
136
-184
-719
-338
72
202
149
0
-593
174
-293
99
218
62
76
-207
342
-54
4
66
180
228
69
211
-17
192
0
24
0
52
-451
-864
-149
0
73
-222
77
52
-139
50
79
87
29
-964
134
694
116
146
-217
163
91
196
41
110
52
867
39
138
