-23
-57
73
-81
-85
-78
64
-9
-79
0
-62
-53
0
-83
-15
-74
-46
-77
62
-53
0
50
-43
-74
-78
-90
19
-51
8
-100
11
-82
22
-94
-82
-75
20
-66
-90
-100
-33
-49
-95
-58
-40
0
-74
-42
8
-68
-36
0
-115
-60
-76
-84
-65
-87
-89
-53
-47
0
-57
-34
34
-78
52
-8
-45
0
-49
0
-71
24
0
-70
-68
-77
-56
2
-53
-76
-83
-10
-51
-83
-72
-70
-76
0
-23
-63
-71
-95
10
-80
-65
-68
80
-58
12
-67
-87
0
-82
8
0
-43
-77
-67
-65
-9
-67
-64
-83
-86
-64
-83
-7
47
0
-24
-58
0
-66
-33
-72
-79
-57
-71
-46
-61
-56
-78
-50
0
-68
-55
-87
0
0
-73
-72
-56
-47
-56
-85
-72
80
-34
-48
24
-37
72
-72
-56
0
-61
-39
0
-82
0
-48
-84
-47
-70
0
-82
33
-77
-28
-25
-38
0
-46
-57
-56
-55
-57
-81
-12
-95
-56
-56
-32
43
-60
-49
0
-58
0
-70
-62
-56
25
-90
-73
-44
-39
-61
-68
-65
-5
-48
-54
-67
-57
-20
-53
-10
-60
-37
-64
-35
-70
-98
-58
-79
-86
-44
-64
-53
-83
-51
-60
-60
-80
65
-90
0
-38
-81
-65
-96
0
-75
-53
-21
-89
-83
-111
-65
-47
-70
-72
-62
-76
0
-53
21
-60
-26
-86
-54
-81
-64
-65
27
-3
-36
52
-82
-57
-82
-81
-70
-64
-60
-54
-1
-61
-6
-63
-70
-73
-30
-35
-52
-87
80
-46
-58
0
-72
-61
-70
-68
-68
-37
-49
139
68
-51
66
0
-90
-79
-79
-50
-75
-73
-59
-72
-57
0
0
-61
5
-96
-26
-65
67
-99
-66
-53
-78
-65
-68
-24
-45
-112
-46
-36
-74
57
-56
-55
10
-85
-69
-57
-2
-105
-75
-36
-24
-100
74
55
-60
-82
0
-78
-78
-76
-43
-1
-81
-49
-53
-78
-84
-68
-48
-49
-75
-55
-74
74
-65
75
-39
-37
-51
-8
-24
-24
-69
-59
-50
-96
-52
-45
-73
-95
-70
-72
67
-26
-6
0
-50
-59
-64
61
-91
-122
0
-90
-5
-38
-36
-75
-34
-66
0
76
-43
-18
-88
-24
-83
-37
-16
-68
-74
-53
0
74
25
-44
0
-96
-42
0
-75
-18
-80
-74
-42
-75
-62
62
0
-63
-66
-56
59
-30
-68
0
0
-53
-37
-97
-71
-69
-45
-82
-34
-2
-69
-54
-79
-2
-74
55
-47
-68
-26
-71
-69
58
-72
-26
-6
-2
65
-69
-77
61
-57
-63
9
-84
-73
-61
-49
-53
-33
-66
-25
-57
-73
25
-73
-83
-44
-17
-74
-57
-81
-52
-56
-66
0
-79
-61
-56
-143
-68
-71
0
-76
-82
-54
-68
-79
-58
0
-76
-48
-63
0
0
7
0
-108
-89
-66
-33
-70
-68
-70
-68
-94
-67
-66
-74
16
-48
-55
-53
-64
-81
-35
-18
16
-50
-84
-75
-67
-78
40
-6
-63
-45
-81
-38
-69
-92
0
-81
-58
-68
-66
-74
-42
0
-84
-63
26
-72
-59
-72
0
-79
-49
0
8
-26
-81
-63
79
45
52
50
-60
-46
0
-70
-97
-85
-66
-54
-81
-87
-34
-42
-65
51
-94
-58
-36
-64
-52
0
-75
-67
-64
-61
-55
66
-64
71
-23
-99
-75
-63
-61
-63
-62
-45
-12
81
-108
-43
-19
-59
0
-60
-51
-118
-101
-57
-30
-87
-38
-13
-100
-66
-59
-89
-65
-46
-22
-51
20
-57
-66
0
0
-76
7
0
-49
-62
73
-70
0
-48
-35
-61
41
-80
-70
-55
-49
-75
-67
74
0
-74
0
4
-40
-88
0
-88
-11
0
-73
-24
-73
-79
-62
-45
60
25
-59
-75
61
-28
-22
63
0
-59
-46
-56
-44
-27
-56
9
-99
-53
31
-3
-35
-69
-10
72
-67
-9
-78
-39
0
-83
-21
-25
74
-111
-63
16
-52
-102
36
-84
-67
-53
-51
-57
73
0
33
-85
-86
-87
-12
-72
-72
23
-115
-50
78
-58
-89
46
-74
-79
-64
-65
-82
-28
0
-55
-66
53
-49
-63
57
-66
-48
0
-80
-6
-55
-57
74
-42
-55
-13
-57
6
-73
0
-88
-59
-53
-74
-80
-101
0
-60
-61
-63
-4
-64
-44
-49
-50
26
-88
-72
-47
-63
-56
-56
0
-54
-110
-70
-79
57
-72
-80
0
-97
-77
-47
-65
-96
-49
54
32
-86
-52
-54
0
68
77
-104
-26
0
-79
-65
-56
-55
15
1
0
-54
-19
-48
0
-58
-62
-50
-47
-61
-54
-55
42
-76
3
-50
-89
-79
-51
-81
-93
-56
-36
-42
-28
-59
-33
-53
-60
-73
-83
3
-40
-80
0
-75
-10
-83
-5
-52
-33
-81
-53
-53
-73
-69
-83
-79
-55
-70
-13
0
-60
-61
-46
-17
-70
-31
-89
0
-49
-61
-53
-94
-72
-53
-35
-70
-44
-62
-78
-44
-83
-47
-59
-66
0
-66
45
-52
-32
-57
-69
-41
-70
-57
-52
-69
65
0
-9
-82
-77
0
72
-72
-5
-63
-65
-76
0
78
-76
51
-33
-81
-137
-46
-58
16
-6
-69
-67
0
-64
-37
5
-60
-38
-11
-61
-91
-77
-61
-59
-50
-73
0
-61
-62
0
-83
-59
-46
-56
0
-91
-52
-68
-17
-78
-87
-73
-65
0
-50
-96
-72
-56
-65
-70
0
-45
0
-73
69
-55
-67
-48
-51
-69
-71
-51
-65
-61
-70
-69
30
-19
-25
-75
0
-68
-37
-70
-39
0
-80
-93
-38
-78
-62
-60
-47
-45
-65
-67
-62
-51
-6
-15
-25
-75
56
-80
-59
-73
-58
-70
-55
0
-51
-19
-44
-86
-32
0
-59
-86
-65
-71
-57
-57
51
8
