28
5
17
21
8
16
11
23
25
0
17
37
0
14
18
11
6
20
14
2
6
13
27
11
10
16
6
6
11
9
8
22
14
18
20
17
22
27
19
8
26
28
11
18
7
79
64
25
43
111
26
7
10
10
11
34
9
35
11
0
10
13
4
10
6
48
3
17
12
14
5
18
172
7
34
18
22
17
20
11
33
74
10
115
15
14
7
35
29
36
11
7
23
14
14
19
13
8
10
31
66
20
45
10
10
8
21
40
16
10
3
12
19
5
10
8
17
12
15
5
5
0
6
27
1
10
12
13
14
0
37
10
27
21
37
4
71
69
22
6
10
3
6
34
9
27
21
22
14
23
15
12
15
25
285
5
15
38
13
7
8
123
31
12
48
28
2
21
13
10
0
6
0
16
4
11
11
13
5
35
24
14
12
37
8
3
60
49
3
18
19
16
15
28
11
24
55
6
23
9
38
6
13
16
0
8
46
6
31
0
19
49
21
2
30
7
19
66
23
0
42
17
42
20
26
21
62
10
12
9
13
21
22
0
27
16
6
3
12
28
16
53
16
9
12
23
7
75
72
17
4
23
95
12
5
59
13
11
16
6
8
8
59
34
81
23
27
11
2
41
42
8
16
7
7
28
11
12
42
4
3
4
15
0
12
17
3
16
0
14
9
15
8
5
10
10
33
14
28
30
23
15
16
27
7
50
15
115
24
17
473
10
9
0
15
3
11
13
26
14
14
4
46
10
15
30
42
30
22
234
11
30
100
14
10
0
26
26
16
9
35
1
26
23
12
13
9
16
18
20
27
8
70
23
18
0
7
30
9
25
0
29
5
65
40
16
6
12
15
30
0
23
7
13
15
0
18
1
52
7
76
23
5
19
11
15
31
48
45
23
22
14
18
18
115
17
23
6
0
10
0
16
11
34
13
51
18
33
37
15
9
360
2
83
2
23
9
9
32
15
45
10
25
77
16
9
74
14
30
13
26
11
10
10
15
5
7
36
116
16
30
40
7
21
26
18
9
19
91
9
10
3
0
17
9
25
20
13
16
32
40
15
3
0
0
27
7
23
42
22
15
0
74
4
4
9
11
0
34
25
9
21
23
26
9
5
12
12
24
16
0
43
36
4
11
0
19
28
12
15
11
43
8
3
0
17
6
36
33
33
4
52
