2769
1783
2570
585
1828
2043
1430
666
848
2156
1607
1558
1591
1742
862
1236
825
2477
2179
2386
2476
1331
2052
1726
2248
1757
557
1740
1339
1082
0
1914
956
1665
663
1098
2149
1593
542
510
2033
472
1219
1779
1537
2159
509
2401
1898
2097
912
2044
2471
2004
1733
2070
2970
2177
1505
661
1926
-1289
4
2179
1871
1452
1504
1523
583
691
1195
1697
2484
1888
1887
1200
0
1011
1432
1694
2804
2156
1559
2281
669
1365
0
1088
951
1976
2315
2103
903
2810
1817
1947
2657
982
2443
2005
1720
905
1110
1654
1814
1194
1277
0
2228
2347
2117
1772
1807
1702
1986
2020
0
1960
1758
1837
1509
817
1754
544
1882
1911
1485
1249
