1742
1376
1570
1382
0
1424
1280
1635
1060
1425
1322
2271
0
1177
2706
2151
1988
1732
1227
1374
1226
1927
1960
1942
1379
2150
2005
0
2361
2180
1697
1484
2348
1740
0
2093
1556
2349
1478
1069
1272
0
1498
1460
2884
1749
1732
1816
1683
1391
1080
1588
1169
1319
1041
2338
1158
1518
952
1008
1326
2597
1405
1320
0
0
1216
3104
1307
2001
0
1765
1016
1945
1472
1503
1407
2449
0
0
1974
1714
1274
1686
1765
1348
1658
1135
1599
1573
1867
1054
1777
1594
1495
1363
0
1411
1196
1714
1617
1
1377
1812
1592
1562
3575
1614
0
2257
1779
1770
2159
1972
1586
0
908
1470
0
1720
1409
1350
1496
1406
2338
1591
1521
22
1260
1816
1039
893
0
1754
1797
1261
1807
2670
856
1589
1388
1305
1932
2220
2542
1362
1952
2041
2246
1823
8
821
1860
1651
1313
1173
2143
2073
1397
889
1603
1860
1347
1784
1994
1196
1298
1981
0
1425
1243
1026
1838
1465
1457
1724
1495
1915
1451
2049
1268
899
1460
1705
1458
1008
1419
1654
1582
2210
1148
1458
1871
1908
1235
2104
1401
853
2882
1860
1593
1682
0
809
1714
2175
2119
1044
1566
1451
2337
1803
1276
1433
1796
1615
1278
1690
1705
1143
2279
1255
1000
911
1364
1801
1881
1106
2058
1789
1255
1156
1639
0
1481
1364
1932
983
1382
2087
2690
1273
1163
1852
1589
1079
1057
1612
1284
1645
914
1411
1345
1577
1307
1468
850
1141
1098
1361
1750
1994
1182
1928
1540
1272
1031
1526
1849
1609
1921
2515
1531
1359
1817
1722
1437
789
901
1510
2020
1111
1667
1275
1723
1417
1389
0
1703
0
1687
1229
1354
1629
2347
2156
1887
3
1708
1814
1404
1264
837
1698
1293
90
1156
1561
1334
1410
859
1326
1852
1679
1406
1683
2391
1532
845
1225
1368
2254
2195
1831
1797
1837
1187
0
1649
1755
2200
2507
1302
894
1399
1518
1922
0
990
1944
1574
1751
1293
193
2397
1783
1244
2011
1658
988
1218
1131
1356
1858
1663
3
1585
1096
918
1326
1402
1534
2140
1916
2440
1321
863
2130
1808
1000
907
2200
1661
1722
1658
1182
0
1303
1624
1708
1642
1527
1595
1001
2269
1393
1001
1955
1357
1640
1714
2094
1180
1851
1905
1871
1209
775
1332
0
1977
1425
1421
1363
1737
1341
2257
1534
1861
1591
2192
0
1651
1933
1209
1111
1111
1740
1662
1476
1285
1909
1436
1626
1596
0
1944
1490
2246
1538
1483
844
1536
1450
1959
899
941
2139
1891
956
1283
1060
1481
1786
2322
1629
865
1975
1626
1888
1724
1702
1429
1241
861
1280
1561
1818
1908
1513
1895
1419
1524
1620
1757
905
1279
1810
1398
1851
1298
1398
982
1658
1948
851
1939
1286
1641
1724
1902
905
2152
1099
1710
1054
1906
1062
2431
1075
0
1575
1268
1139
1195
1380
1211
-1299
868
2009
1065
1430
1743
1021
1370
1618
1162
1561
1121
2814
906
1255
