6725
8691
10587
7967
7640
6491
0
7307
10626
6143
6313
4964
6492
10516
7674
6901
0
7996
6628
7858
9166
6708
4521
7565
10179
5030
8591
6613
4183
11626
6934
5188
7144
6172
6323
5282
7709
8588
8111
7269
6674
6132
7525
7603
1430
7436
6136
6176
6517
9325
7569
4863
5732
7177
7692
7458
4336
5558
9769
6133
7315
9022
6515
7425
7097
5742
6956
6918
9243
5571
5459
6063
6750
6773
4447
7718
5376
6671
8216
9540
11359
7442
6888
7132
4671
5042
5765
3102
8253
7139
5249
8105
6936
8352
6799
6942
13604
0
0
6708
4795
12543
6865
7977
7204
6689
6228
8550
8423
5865
6054
9299
6540
5647
4775
4937
5785
6823
7237
6149
8300
6540
6283
6473
6953
7640
5378
7041
8938
5322
6816
7012
9205
6836
9044
6375
7274
6822
7886
6395
9683
6769
9318
6738
5523
7678
6229
5871
7948
4740
12960
5137
4929
9077
6315
5585
5338
8069
7606
8870
5850
6218
7020
6717
7064
6243
8667
7863
5777
4695
7891
0
6550
9904
5806
6925
7306
9346
7437
7283
8454
1973
9857
6691
4300
11081
8390
5327
7778
7152
6402
7717
8116
5574
7163
8152
6336
7199
6287
7397
9602
9190
13427
9800
6073
4726
7883
7622
6159
6859
7949
5717
6455
5513
8351
5180
7417
4487
4044
7435
7839
7845
6370
6771
5506
7683
4966
9841
7468
6651
8089
5935
8347
10600
10059
8779
7856
8111
7156
6861
5411
6979
9491
7498
6299
7388
8567
6724
10220
7841
5372
16608
8365
9209
11899
8237
5868
4253
9722
8684
6717
9063
9530
2591
7183
7590
7386
5460
5602
5847
7387
6544
5520
7829
6274
7305
5249
5909
5804
6841
6598
6580
10202
6640
8080
9541
6683
6402
5328
7017
8671
7216
4522
9110
6948
8023
7184
9265
11223
5913
7824
8031
8929
7165
7351
5489
7230
4048
8080
6252
6419
11069
6370
6789
4747
6820
6053
6729
7681
6807
8626
4734
8194
6415
8247
10040
9700
6946
5889
1515
8827
6202
7726
6147
2501
9522
3862
7197
8413
8694
6897
6892
9559
7051
8690
7329
8317
6788
0
7161
6650
6900
6833
5922
5830
5502
4546
6340
10628
7274
9336
5509
6845
5609
7710
6251
8776
5064
6816
9382
8079
8389
8013
4804
7017
6691
9657
13976
8470
6475
6306
7455
7457
6280
7997
2937
4041
4136
9420
5043
5318
9298
4114
5933
7926
6627
5348
7308
5875
6986
5692
7541
6362
3694
7582
8049
5626
6869
8555
4524
7132
4640
6774
7292
7144
6534
6913
8301
4819
13393
5358
12633
5856
0
10714
6965
5425
4234
6064
7196
6551
6143
6503
10132
9926
11301
5619
8207
6158
9368
1833
7488
9646
7014
6456
6603
5889
8788
6396
6601
7202
6076
6131
893
0
3344
5378
8221
11790
3912
6337
6100
8095
5526
5760
8244
7072
7747
7618
5823
6044
4748
7751
5893
2023
6714
8632
6100
8492
7311
7347
4751
6033
4270
7754
5781
8858
6167
6021
5260
10144
8171
6197
7723
3108
6112
5918
8494
9109
7623
6968
10511
7487
6643
6036
10575
7574
7193
4765
7848
5314
8665
6507
5240
11685
7127
5523
6317
5849
7887
8399
6890
3123
7913
6343
5424
8299
4997
7805
8876
8888
10938
8913
9980
8647
7101
7857
6779
8073
5545
7864
6948
8070
4956
6543
6187
7728
8378
9678
5318
5760
7396
6412
8935
7559
5922
7461
4752
6954
7354
9364
5051
5815
2311
8542
5783
5300
9973
2705
5775
8037
8658
8276
0
6643
8025
5815
5780
7892
9094
8129
5964
8098
5354
6790
3567
6706
10767
5895
9847
8499
5889
6836
6034
11095
5887
4708
7406
4800
8084
6404
6562
7456
8174
7055
11020
7162
8056
7172
7355
7140
6336
6869
5040
6872
6059
6008
10504
3612
6977
7936
6898
13480
8792
10847
10893
6259
7200
6390
4776
8245
6945
5455
6832
6199
8566
6789
6871
8727
5526
5381
6222
11124
8159
6124
5783
4146
5664
6291
6199
3955
10110
8414
7999
5445
5845
8533
8158
7077
6111
7261
3496
5616
2998
8340
8501
4893
3627
10909
6591
7375
5607
8769
8547
9095
6248
11675
7194
5601
5713
11135
7733
0
7894
7636
8527
5430
4299
6188
9709
6419
4961
5963
6990
6490
6823
6660
7848
4556
5690
7597
7320
9120
5585
9723
7425
6438
8948
8118
5352
6708
5301
6995
9080
5715
3375
7576
9821
8022
6514
5007
9691
7055
3267
8246
5628
8507
6531
6795
7027
7947
6617
7751
6909
8248
6736
7541
7628
5874
8907
5771
5061
5979
7818
4905
5248
8110
10265
5237
5679
5784
6779
7072
7270
9670
5718
5319
7592
6913
7462
6884
6955
5621
6854
8746
6928
5094
6612
6934
5761
5178
4453
5913
6920
8080
8121
10806
5095
8556
8612
5524
5495
7811
4218
6262
5118
7876
4994
7224
5622
7835
8399
6753
5778
5105
5489
10029
6594
8260
5796
9010
8413
7264
6812
6368
8819
11640
5432
7379
5786
4957
5688
7234
7206
7885
7090
5546
8419
5786
8630
6991
6946
7635
8041
6540
8356
5526
7076
6211
6330
9528
7305
5742
6846
6885
5717
6438
4520
4078
4038
7968
3631
5230
8437
11935
4229
7245
7184
6344
8649
8604
7718
3371
11697
5375
8818
7430
6618
7179
5779
6771
10933
4832
5996
6136
7616
7155
8545
6946
6238
7864
6703
5628
6463
6578
7168
8914
7242
6203
5772
7540
7098
7847
7757
4396
6815
4312
1314
8907
7261
5179
4881
7112
6466
4319
10676
7468
7483
8302
7095
7796
4547
8357
4738
10885
6643
6140
7454
5955
11519
8430
7163
8580
6667
9689
6216
7611
6700
6919
8805
9907
5319
9704
6168
8348
5973
6124
5224
7760
3536
6985
8372
7549
6409
5419
4718
9470
8712
7257
6311
6423
5673
9354
6399
4012
7478
7222
10815
5985
5980
7122
12440
1763
7379
0
11629
12574
8025
5721
7602
7720
6178
8410
6229
9896
8912
5047
4128
7090
14563
6474
7218
4914
5378
8015
6834
3163
7539
4794
9254
6887
7013
10191
4250
4555
5884
6073
7311
5862
10052
3456
8057
7574
7731
10302
5546
12877
5996
5884
8914
7514
6738
5853
4921
7251
6683
9107
5755
13315
3182
6670
5109
7947
2084
7339
5485
7554
10225
6825
5369
3473
6920
7451
8772
