253
-100
353
216
-12
-276
647
45
-47
0
-305
-117
0
-242
10
-303
-423
-31
426
-256
0
183
-430
-455
-134
-399
89
-104
-166
-271
243
-389
230
-349
-421
-280
713
-139
-289
-121
-429
-388
-173
95
91
0
-280
-736
226
-191
152
0
-258
126
-44
-10
-20
-436
-205
150
99
0
-333
75
550
-640
337
359
-114
0
207
0
-297
650
0
191
-77
-52
-149
551
-98
-213
-113
279
326
-304
-481
144
133
0
-60
-51
-304
-204
-174
24
-183
-358
352
-77
439
-145
-559
0
-375
314
0
4
-231
-202
-277
322
-307
-17
-26
-400
48
-21
38
705
0
275
51
0
-80
-41
72
-72
-323
-372
107
-1
174
-328
415
0
-248
-153
-173
-1
0
-237
59
-330
33
14
-419
-369
391
441
490
690
25
368
-81
-26
0
-78
81
0
-343
0
118
-289
26
-492
0
-159
-189
-277
326
-186
-98
0
-347
-105
-78
-346
31
-541
499
-113
-152
82
-255
313
-79
-152
0
370
28
81
-107
-204
342
-333
-190
-40
-189
-194
-315
-584
223
76
-154
-255
-99
-105
-347
4
-252
101
-536
-19
-321
107
117
-118
25
-430
-362
-255
245
-218
-239
-134
-233
645
-207
0
182
-213
-199
-18
0
-188
-50
406
-222
-227
-411
139
-165
-218
193
-302
-324
0
-34
724
-154
-210
-266
-93
105
-375
-309
841
540
150
413
-121
-212
-116
-30
-29
-270
324
-329
-16
-151
168
-220
-264
-17
161
-67
-217
-579
315
-696
-23
0
-362
-239
-302
-267
-234
405
68
747
814
-128
300
0
32
-367
-175
-175
234
-147
-300
241
-121
0
0
-63
274
-9
5
-51
561
169
-164
-355
-244
-156
-326
171
290
-152
-501
375
-158
112
-37
-215
-120
-226
83
263
98
-444
-427
-82
15
-207
331
789
-120
-284
0
-453
-28
-89
-281
-66
92
-177
97
-347
-86
38
381
234
71
-9
-538
64
-110
493
192
56
-129
-152
450
-323
-37
-458
-81
163
72
-527
-248
-304
130
-105
224
186
-70
0
-145
-273
-127
-44
40
-522
0
-142
-220
-560
264
-95
-114
-466
0
541
658
161
-251
-50
-329
140
-34
-70
92
-49
0
907
602
-101
0
-309
-2
0
-169
-194
-167
91
78
-473
142
-630
0
99
46
136
63
184
207
0
0
35
197
-678
-522
-557
-42
-348
0
20
-30
-55
-332
568
320
367
-120
-365
-262
263
-290
688
140
174
230
271
87
-7
-243
288
-76
42
325
-130
-269
188
93
44
111
134
49
128
-521
231
40
-347
-255
-218
43
-265
-399
-105
-117
64
0
-429
-197
16
-295
-294
-74
0
-256
23
180
-130
3
-103
0
-437
-114
-76
0
0
168
0
-141
-520
-471
258
77
133
-11
-159
-420
-339
-69
-167
220
-15
-382
-115
253
-490
-491
-291
528
-40
-509
-36
-485
-96
729
-227
-64
186
-436
-46
-62
-183
0
-108
-415
176
-388
-325
28
0
-241
149
225
243
5
-102
0
-241
58
0
266
157
-219
-387
198
546
412
344
-20
120
0
-192
-352
-352
-161
-114
-254
-160
270
-565
-209
316
-66
-388
114
-169
106
0
17
429
-147
-494
-518
361
-97
442
-184
-204
56
100
-246
-235
-340
57
227
151
-194
89
-17
-90
0
-120
-61
-590
-8
213
353
-481
-20
166
-331
-317
-163
-132
-122
147
141
392
65
-124
-294
0
0
-80
416
0
-184
-409
338
-101
0
-98
182
-23
719
-157
37
327
-18
19
-255
353
0
191
0
434
43
-131
0
-243
-434
0
-190
382
-368
-129
-372
-654
60
559
220
-127
478
112
536
613
0
-205
-172
-163
160
30
45
-28
2
21
48
484
-29
-225
-323
251
-490
133
-164
-33
0
-433
481
5
150
-410
241
21
238
-415
344
-79
73
-304
-237
364
-138
0
687
-84
-448
399
91
-24
-298
244
-106
170
-220
-255
-49
552
-287
-291
-267
-147
-57
528
0
-150
-175
491
227
-288
61
132
68
0
-55
-558
-162
-92
-82
347
218
199
-101
475
-70
0
103
-111
100
-7
-622
-524
0
32
-161
227
-171
-4
-92
39
337
31
47
147
-54
25
-145
-268
0
186
-476
146
1
443
-295
-334
0
-48
73
-103
-202
-147
-333
600
658
-130
-306
-218
0
268
117
-559
-36
0
-216
78
-502
-363
550
333
0
-720
155
626
0
32
-530
114
117
229
56
-50
142
-250
208
-436
-4
-289
-53
-84
-131
53
40
-61
-340
46
215
36
2
31
-249
-220
-311
-250
0
-434
8
-220
216
157
76
-290
-18
179
130
-405
-364
134
-40
-79
205
0
-296
-52
-80
-98
-5
223
-829
-1
104
-18
105
168
-170
-172
27
-249
274
-125
-622
195
30
-154
-68
5
0
105
-432
116
103
75
296
324
-673
-43
7
-340
622
0
338
-97
-196
0
345
-379
344
-175
-52
-735
0
756
-157
924
174
-40
-324
-136
92
168
606
-63
367
0
248
-159
74
-91
248
-45
185
-413
88
-69
-314
28
-113
0
-404
-133
0
-378
98
-60
-21
0
-124
-237
-277
-64
176
-460
-125
-56
0
-91
-132
-149
16
-42
6
0
-99
0
-199
142
47
174
-154
-543
-77
-265
680
-225
-177
-142
-359
607
-185
15
37
0
-347
170
-225
-126
0
-27
170
-144
-323
87
-441
103
209
48
-31
13
220
265
342
433
-159
-58
-148
196
-272
-6
-243
-32
0
-331
20
-221
-63
-436
0
-28
-291
161
-125
126
-485
520
352
