343
336
249
263
348
197
335
382
341
238
276
0
336
517
318
411
457
391
295
264
441
383
364
132
237
440
372
1
443
378
315
475
1
164
641
529
312
0
280
419
192
396
418
358
398
357
259
438
354
0
351
362
500
412
441
456
437
0
438
0
385
0
148
245
330
173
386
283
144
456
387
0
352
212
374
349
243
612
391
240
1
496
460
374
0
329
451
409
303
366
205
483
325
513
220
166
289
381
248
114
357
391
166
377
207
477
291
293
439
471
446
0
299
172
553
286
355
138
594
166
456
339
289
369
424
435
0
305
206
401
306
327
339
394
547
279
364
469
477
343
303
432
0
433
533
193
445
387
349
221
395
215
249
286
301
272
383
277
314
287
293
352
452
378
355
477
267
449
0
412
379
435
282
533
392
387
376
176
301
0
0
290
181
396
194
275
117
395
439
1
351
335
438
453
598
222
0
389
521
342
471
256
421
129
431
393
571
361
316
443
222
510
461
441
514
302
413
367
369
373
312
152
362
285
374
390
465
392
356
414
178
317
432
295
434
523
446
343
369
397
466
128
1
484
328
333
260
444
290
336
261
231
322
290
454
359
