0
0
0
0
0
0
0
0
0
0
0
0
0
0
0
0
0
0
0
0
0
0
0
0
0
0
0
-5
54
-13
193
-233
-389
58
4
-230
238
-35
-373
288
-612
-1006
181
-129
-407
136
41
-183
274
-389
-719
50
-41
-289
-30
50
-1
42
-260
-343
-49
247
371
43
63
-98
103
-1028
-1354
-4
828
1372
-24
76
15
81
-547
-752
1
449
767
106
325
420
250
520
603
289
509
527
-160
-524
-443
-461
-866
-714
-408
-736
-546
200
110
78
216
84
62
122
121
276
156
-74
-132
-15
-304
-279
-148
-333
-226
-192
-430
-354
-483
-842
-728
-423
-751
-701
-7
508
553
544
1123
1096
494
1040
970
174
-14
-61
-81
-385
5
-95
543
-53
626
-289
-212
-434
-1270
-95
-77
1660
145
308
-97
-148
-248
-678
-66
-16
956
22
-51
-23
232
48
-122
-214
11
-87
-430
71
47
219
55
-400
-709
-55
-467
-1161
8
29
275
32
-137
-343
-12
-156
-698
49
269
197
57
216
37
-81
38
-195
73
491
380
113
490
191
-100
10
-397
-19
428
369
112
397
153
-87
-2
-352
0
0
0
0
0
0
0
0
0
0
0
0
0
0
0
0
0
0
0
0
0
0
0
0
0
0
0
0
0
0
0
0
0
0
0
0
0
0
0
0
0
0
0
0
0
0
0
0
0
0
0
0
0
0
0
0
0
0
0
0
0
0
0
0
0
0
0
0
0
0
0
0
0
0
0
0
0
0
0
0
0
-73
258
134
68
701
772
-57
521
771
118
261
237
111
278
263
-20
142
129
-79
-551
-369
-188
-974
-1024
103
-651
-906
75
30
-29
194
123
-161
5
307
4
165
94
-377
358
465
-148
18
762
335
138
51
-185
252
239
-187
-41
493
161
0
0
0
0
0
0
0
0
0
0
0
0
0
0
0
0
0
0
0
0
0
0
0
0
0
0
0
0
0
0
0
0
0
0
0
0
0
0
0
0
0
0
0
0
0
0
0
0
0
0
0
0
0
0
52
287
56
-244
-304
-72
94
101
-27
580
1004
381
-975
-1142
-263
303
220
-2
264
578
158
-470
-607
-152
159
138
-44
-25
113
-14
-409
318
-103
-47
228
-38
-251
502
-106
-1409
1189
-122
-340
786
-365
-77
256
-82
-750
542
-109
-143
495
-191
79
63
-55
22
-295
99
265
-164
-7
230
168
-5
219
-1027
273
1125
-877
-205
121
131
-30
130
-555
198
652
-450
-143
-140
-546
-508
-517
-932
-835
-396
-804
-597
531
858
963
860
1211
1400
789
1136
1193
-327
-373
-423
-320
-431
-524
-296
-477
-491
60
-5
20
81
154
275
-4
-61
157
236
84
120
236
207
362
200
6
287
137
22
81
35
32
219
-13
-148
163
-153
1
-10
179
126
16
-271
-214
234
18
99
95
173
-32
-14
-645
-671
113
-2
87
40
293
34
52
-509
-546
248
-106
122
69
205
300
62
177
211
23
537
724
746
608
716
682
367
480
512
-396
-845
-682
-699
-996
-760
-671
-793
-528
0
0
0
0
0
0
0
0
0
0
0
0
0
0
0
0
0
0
0
0
0
0
0
0
0
0
0
33
-187
-277
-78
277
353
98
-162
-66
57
-776
-1120
-91
1094
1335
77
-396
-281
107
-435
-540
-98
582
652
138
-230
-93
-41
-218
44
-379
-728
-540
-35
-414
-337
-144
-343
-302
-257
-368
-369
-131
-175
-102
335
500
111
673
1127
799
81
577
506
0
0
0
0
0
0
0
0
0
0
0
0
0
0
0
0
0
0
0
0
0
0
0
0
0
0
0
0
0
0
0
0
0
0
0
0
0
0
0
0
0
0
0
0
0
0
0
0
0
0
0
0
0
0
0
0
0
0
0
0
0
0
0
0
0
0
0
0
0
0
0
0
0
0
0
0
0
0
0
0
0
-20
363
-354
31
-1
2
18
-413
366
133
1139
-1215
64
36
-33
-205
-1193
1272
26
591
-577
73
40
-83
-68
-639
644
0
0
0
0
0
0
0
0
0
0
0
0
0
0
0
0
0
0
0
0
0
0
0
0
0
0
0
315
614
763
589
865
927
636
813
815
-544
-864
-869
-735
-1085
-1112
-694
-1051
-986
308
199
123
177
167
194
49
125
237
63
23
-56
-13
388
-389
-4
63
-72
-59
306
-449
137
1389
-1470
-57
463
-517
-3
154
-215
53
740
-789
-22
274
-275
