-5369
-2991
-1280
-13264
-7714
-846
-7153
-1558
-6597
0
1073
-2308
0
-2010
-949
178
4858
-6890
-4862
827
0
337
4720
3883
-5311
925
-347
-1542
3328
-3078
-2869
1600
-2219
-625
2029
-491
-9613
-3410
-1649
-6650
8041
4728
-4968
-6621
-5449
0
-379
8854
-4214
-2203
-8034
0
-4192
-8221
-6516
-8844
-6171
2087
-3428
-9237
-6619
-2
2294
-6410
-6625
6168
-2597
-5894
-985
0
-7600
0
322
-7519
0
-12784
-4001
-5995
-1484
-12607
-2825
-2518
-5868
-4606
-12132
-694
4883
-9244
-11479
-1
-536
-5188
471
-4101
3527
-7051
-2300
2352
-608
-3914
-5770
-2611
4620
0
1127
-5664
0
-4358
-1958
-1383
399
-6486
1206
-6489
-7438
1301
-8654
-7813
-976
-7793
0
-7357
-8189
-2
-5248
-1669
-10404
-5665
2659
2342
-4253
-5179
-10928
449
-12581
0
-629
-1307
-4408
-15
0
-1338
-8460
2825
-5703
-4999
2008
1510
-1378
-13402
-12658
-8715
-2306
-1855
-5695
-5154
0
-4037
-5706
0
408
0
-6535
-1014
-3777
5198
0
-4274
5848
-738
-8488
2010
-1236
0
3383
-3232
-3422
2792
-5522
5282
-18866
-6470
-1639
-7321
2022
-2648
-3758
-1046
0
-11890
-485
-9113
-3397
-441
-4282
-643
-2560
-1944
1022
-966
1189
6417
-3140
-5356
-1075
-296
-3349
423
2810
-721
265
-7338
6575
-2666
760
-11318
-6469
-4753
-8955
3763
2699
1020
-14701
271
3
-2368
-2268
-8442
-3698
-2
-6315
-2544
-1783
-8180
0
-2710
-3924
-13237
-3205
-2484
-776
-8546
-672
-1670
-12605
1268
457
0
-3582
-13076
-2152
3062
-1709
-2765
-11063
2700
1116
-11442
-8704
-8999
-2436
-5912
-340
-5602
-7352
-6570
314
-12403
2547
180
-2403
-2420
-663
-517
-7059
-3837
-1525
155
5311
110
8724
-3882
0
1243
-86
574
-126
-977
-7207
-5452
-5502
-12728
-1764
-738
0
-9088
1107
-3239
-546
-10938
-3930
1203
-12358
-3080
0
0
-4324
-4505
-8825
-1837
-4217
-5581
-11856
-2079
3362
-1798
-3332
1013
-4905
-10563
-6021
4889
-5475
-3887
1997
-5111
-81
2565
-2685
-6802
-7799
-1687
499
3094
-1043
-1699
-4477
-690
-9793
-3157
-1101
0
3233
-7304
-5442
2373
1503
-7647
-339
-7579
837
-6223
-7272
-13283
-7536
-8764
-5976
6343
6794
-3679
-5049
-10608
-4029
-1442
2088
-10359
4242
-6913
5623
-2277
-12372
-6851
7442
-1211
-1682
-10252
-3856
1457
-4574
849
0
-794
596
-3395
5546
-9924
707
0
-5142
3307
6491
-7749
-5600
-708
5496
0
-5266
-12379
-3010
-2444
-757
-52
-5496
-462
-5399
-9825
-2914
0
-12025
-6894
-1457
-5
-1760
-3533
0
-3362
2377
-3639
-10488
-5970
4737
-7810
15791
0
-10020
-6547
-8734
6588
-4461
-10299
0
0
-6374
-6574
7051
5544
6288
-3193
547
-2175
-612
-5933
-4153
243
-11910
-16166
-2804
-1261
2294
2596
-13366
347
-10523
-12267
-4914
-5691
-5273
6102
-5660
-1558
-787
-3850
-6974
-5686
-4982
-604
-9518
-6751
-6414
-8384
-10800
-2015
-10029
5515
-1850
-7839
323
1897
1914
-7447
580
1926
-2495
-2721
-8708
0
2418
-812
-5345
-4859
418
-4840
0
-1217
-8525
-6965
-3496
-8100
-3431
0
3676
-1356
-5023
0
0
-2309
0
-6095
3939
5735
-5246
-9087
-10164
-6592
-3240
972
1803
-4445
-3387
-3493
-3661
3307
-1759
-10713
3931
4229
3551
-6270
-3886
3864
-6775
4989
-5540
-7956
2680
-4785
-6103
2722
-3050
-4569
-4211
0
-5424
3490
-12600
2493
759
-3706
0
-2407
-9943
-2035
-12775
-6265
-4949
0
-1798
-4528
0
-4652
-4338
-2434
2668
2591
-5315
-3557
-2619
-4105
-4820
1
-1851
-776
328
-2446
-2367
-1748
-4704
-7764
11587
-1476
-1975
-7314
2780
-3872
-2493
-7276
0
-7312
-15761
-2022
6415
4587
-1790
-3441
-3210
1758
-4186
-9063
-11304
32
-450
2413
-5037
-3488
4887
-5244
-3979
-1015
-4127
0
-3130
-4061
2134
-8429
-9607
-8962
3183
-2557
-3874
-1542
1347
-1657
-5676
-3275
-6735
-9278
-12922
196
-2234
745
1
0
-5378
-5536
0
-246
3812
-1063
-3995
0
-2701
-4972
-5343
-11315
-4069
-8093
-11839
-5212
-8717
-296
-1321
0
-11970
0
-6858
-4710
-5296
0
-2856
4890
-2
-2356
-10442
2033
-4987
2565
7690
3592
-6571
-7721
-4430
-4772
-3163
-11119
-6172
0
-663
-209
-1507
-7845
-5456
-5655
867
-7590
-3698
1161
-6818
-2300
-1173
4157
769
5247
-2733
-3610
-2046
0
2396
-10345
-1959
3027
-700
-11582
701
-10656
208
-2512
-5999
-9112
2176
618
-14889
10827
0
-7844
-5641
2347
-18275
-1994
-6925
298
-1964
-6185
-8720
11166
592
-5717
-8136
-166
-592
305
-2327
-6781
-8659
-5
-1359
-2324
-4974
-9635
600
3083
-9340
-4652
0
-6402
8050
-1392
-4340
7006
-8994
-11206
-11956
-2921
-7938
-4848
0
-11034
-2589
-5901
-7230
4682
2621
0
-5772
-1868
-10663
3569
-4546
-1673
-6063
-13933
1364
-9121
-12205
-3771
-6839
-1464
1453
0
-7226
745
-10476
-7766
-3998
178
317
0
-8349
-9983
-1987
-1638
-5540
2963
-6580
-8444
-4615
2241
13
0
41
3944
3343
-1307
0
-2194
-8602
5018
2946
-10346
-8213
0
7907
-3765
-20553
0
-4365
6861
-7120
-7063
-8626
-5026
-3723
587
-1244
-2770
4906
-8385
-641
-3507
-5189
-5621
-7847
-3187
-2277
3841
-5870
-6776
-5209
-4869
-8340
-1927
3297
3481
-1786
0
3264
-774
-2892
-3750
-7170
-4119
-820
-6030
-6485
-7106
3314
805
-11324
-4437
-5169
-3787
0
1362
-5856
-1413
555
-7376
-11958
8958
16
-7836
-6312
-6251
-13560
-2989
-1042
-2640
-738
-9316
-2907
6046
-8475
-9080
-606
-3613
-5556
0
-9388
8875
-8115
-3012
-7106
-15546
-11225
10122
-3822
-5546
1675
-8097
0
-17663
-5777
-2626
0
-1262
2042
-7391
-1807
-3909
10897
0
-11627
-3643
-12701
-5932
-6923
-4753
-1012
-7723
-3169
-9915
-5287
-14318
0
-12463
185
-907
-3740
-9962
27
-10030
1225
-9915
-3984
1328
-4311
-4641
0
4624
-2341
0
1066
-7270
-2425
-6153
0
-5665
703
108
-76
-11987
2228
-4456
-4104
0
-1982
-5729
-3465
-5207
-5115
-7052
0
-1876
0
-2475
2719
-8635
-12158
-816
9160
-5615
-531
-13488
-909
-1328
-2810
1896
-9383
2984
-2690
-5350
0
1938
-9783
-1503
-479
0
-7348
-12795
-145
271
-9180
3914
-6002
-10435
-8209
-6708
-6782
-9707
-5088
-8063
-9055
-3572
4633
-4422
-10006
-544
-5599
-831
-4321
0
2497
-1466
758
-5534
4263
0
-5509
-1239
-10525
-4204
-7905
6093
-7047
-4825
