393
388
476
451
303
492
290
419
0
426
497
402
460
491
360
463
437
461
74
348
460
383
0
413
405
457
533
463
3
531
0
0
418
387
477
288
0
266
501
482
468
382
350
391
434
416
301
467
355
448
464
533
464
446
517
453
561
402
385
325
183
376
439
381
369
509
435
418
441
413
408
470
427
420
438
1
437
450
417
430
400
425
368
338
536
549
1
476
511
427
460
337
434
413
372
535
428
447
381
141
55
469
225
429
519
408
451
253
450
401
433
373
439
266
422
358
432
474
416
517
398
0
442
444
394
501
0
502
409
486
379
544
410
462
503
505
388
319
360
527
436
376
434
448
0
348
425
398
445
421
0
546
525
0
574
483
460
182
470
450
383
518
1
420
506
394
472
541
466
431
0
416
602
433
440
685
496
389
406
542
476
375
373
380
384
550
521
511
608
448
499
445
346
438
423
416
387
400
404
520
519
472
420
5
392
396
506
530
105
358
480
455
416
348
426
324
409
0
399
0
415
401
362
367
450
401
371
381
420
403
394
0
361
354
384
434
390
513
476
457
527
393
557
418
497
1
432
462
505
471
501
479
377
438
432
401
485
0
435
356
413
381
402
487
249
387
402
335
427
432
427
413
506
392
403
444
483
506
315
384
528
388
500
471
326
428
418
469
358
0
450
424
351
466
379
399
521
386
427
477
496
528
450
0
388
525
302
556
377
453
432
0
0
0
438
407
476
506
424
366
392
449
362
485
458
475
474
411
529
479
449
389
103
452
334
589
475
488
356
474
490
480
506
376
448
0
415
468
583
536
459
398
458
444
464
321
409
401
379
354
524
357
455
404
346
497
468
469
342
524
461
0
513
437
361
406
452
343
499
391
434
445
498
384
448
456
1
425
393
393
2
366
467
0
444
417
505
445
417
430
440
0
370
405
370
433
417
427
509
542
492
439
486
372
500
443
557
394
437
434
552
340
442
436
441
602
446
492
415
383
383
378
384
433
118
473
208
411
600
337
388
1
502
467
568
322
461
1
334
322
211
394
427
652
355
441
408
425
451
451
441
292
530
358
327
426
477
1
389
0
419
469
583
501
219
465
419
123
350
410
378
441
417
360
427
446
346
431
425
413
385
419
362
0
403
515
486
463
512
429
413
403
465
417
310
459
353
487
0
360
408
324
