4735
2622
4854
2379
5151
2692
6185
5703
3047
3466
2271
0
4417
5776
5552
3114
5358
4580
3280
3757
5091
5576
5684
2844
3258
4818
4703
0
6701
3450
3848
5760
0
2769
6108
8756
4534
0
3885
6001
2404
5107
4387
3518
5631
6227
3706
4101
4622
0
7147
5610
6017
5577
6313
6444
6462
0
4972
0
3893
0
3081
4551
4204
3284
5354
3765
2553
5110
4520
0
5935
3133
4434
6331
3269
6067
4548
4532
0
6544
6106
3550
0
4703
5916
5592
3273
5404
2265
6175
4079
6681
2795
2690
4368
4478
3361
3072
5089
4638
3607
4445
1838
4437
4479
2842
4995
4999
6164
0
4823
2736
6652
4347
4015
2257
6155
2377
4869
3259
4159
4335
5351
6115
0
3956
2392
5982
4841
5023
5684
6115
6006
3462
3807
5086
5685
5521
4269
5522
0
7557
8351
2742
5449
5476
5869
2759
5485
3757
3831
4410
3970
3654
3888
4674
4444
3591
3192
6108
4812
3807
5780
5445
3278
4778
0
4098
6006
3971
3644
6119
4920
4433
5423
3149
3102
0
0
4021
2070
4915
3024
4052
2970
3533
3809
0
4769
4076
5322
5100
5848
3389
0
4857
4838
3596
6668
3025
4217
2287
4269
5043
5564
3599
4037
4262
3242
5117
4507
4368
4798
5595
4678
5095
5986
3436
4299
2879
3567
3231
4616
4205
4750
5081
6363
5920
2493
5802
4242
4848
4633
6341
5980
5415
5137
3743
5979
2704
0
7351
5545
4857
3777
6039
3742
5045
2368
4016
4064
3598
7458
4991
