3824
282
-1250
6258
-427
23
6359
0
7
-14
0
-195
7136
5161
5383
-477
53
6298
-65
4873
-278
56
3845
115
3687
4670
66
5289
1643
5046
5325
5408
4242
7003
3996
172
3631
-9
7288
2
-13
-31
-61
7096
98
-137
7262
3621
4663
102
-28
-51
69
9691
2099
0
-2792
9018
6
-19
111
362
0
6524
14
1406
-1676
3449
8743
9
-115
64
4142
-199
4429
-145
-6
-27
2236
6908
168
10302
-1461
0
0
6795
-1697
4381
0
0
9929
3902
3479
5459
-35
-16
-75
10114
-36
-45
3752
-253
4600
10367
-96
80
53
-110
6450
845
-414
57
3874
9
1222
7475
-156
4789
-77
12067
480
8
125
5539
4315
3537
30
-2065
7074
4038
-61
46
4473
-383
-149
-870
137
0
0
3196
3409
5174
7727
-1511
4897
9280
38
6975
34
-193
7358
-985
-43
-213
27
7650
-307
0
-1554
-1129
-205
7943
28
118
28
5013
-35
4661
3461
-25
0
10126
106
0
8897
4904
0
11391
8429
42
51
107
311
4317
27
1212
-171
3452
554
6006
-3
59
38
4636
4302
0
-45
8723
19
-2252
-291
-345
-26
-8
9243
0
98
4389
-5
-44
16
5083
3366
5728
-117
-88
-365
0
6631
-189
4667
6958
9852
2181
69
-2103
9531
-268
5348
0
-106
3821
8272
5132
81
7696
0
5717
-187
3816
10228
40
62
5409
-67
-1604
14
3526
-597
7107
7553
7083
6200
-7
232
3
