-89
-42
-90
-40
-15
-44
-90
-40
-93
-60
-36
-61
-41
-21
-41
-63
-36
-63
-55
-91
-53
-91
-61
-90
-70
-97
-71
69
43
69
49
28
50
72
45
72
67
44
67
54
33
52
70
48
71
-74
-49
-77
-49
-25
-49
-76
-47
-80
-77
-75
-88
-70
-32
-79
-89
-86
-95
243
119
245
-175
-128
-163
-169
-86
-166
68
43
70
50
27
50
72
45
74
0
0
0
0
0
0
0
0
0
-51
-29
-52
-32
-14
-33
-52
-29
-55
-64
-37
-66
-38
-18
-38
-65
-35
-66
0
0
0
0
0
0
0
0
0
72
47
72
54
28
53
74
47
74
-74
-43
-77
-49
-22
-56
-90
-49
-92
71
47
71
50
30
51
68
45
71
-66
-36
-67
-45
-21
-46
-67
-35
-68
63
39
64
41
22
43
65
40
67
-73
-85
-75
-86
-74
-87
-83
-81
-95
-57
-32
-58
-35
-15
-35
-59
-33
-58
0
0
0
0
0
0
0
0
0
193
71
195
-187
-62
-192
-112
-60
-110
-64
-46
-67
-52
-30
-49
-70
-43
-71
66
47
68
49
32
50
62
46
63
68
46
72
45
26
47
68
43
72
83
57
85
63
37
65
81
57
84
-115
-50
-128
-57
-14
-57
-127
-45
-130
-82
-48
-87
-50
-23
-52
-95
-57
-100
-202
-60
-202
-159
-81
-168
205
111
222
69
49
70
52
35
54
69
51
73
-87
-47
-98
-47
-14
-51
-97
-49
-98
75
52
78
52
32
51
72
50
74
-85
-48
-85
-46
-21
-48
-85
-51
-91
71
48
74
53
34
56
69
48
72
-62
-44
-64
-53
-36
-54
-62
-45
-65
67
43
67
46
27
47
65
42
66
-88
-42
-90
-53
-15
-54
-95
-41
-93
68
45
68
51
30
49
68
46
68
74
46
74
53
28
54
73
45
74
83
66
90
83
55
86
99
75
104
54
32
55
30
15
32
55
33
59
-72
-50
-70
-46
-27
-44
-67
-44
-66
73
54
77
60
38
62
74
53
77
-51
-30
-53
-31
-16
-32
-52
-30
-53
-73
-38
-76
-52
-20
-51
-80
-42
-81
0
0
0
0
0
0
0
0
0
69
40
70
50
24
47
69
40
68
-66
-41
-71
-44
-25
-46
-63
-39
-65
-82
-44
-89
-47
-19
-50
-101
-52
-101
72
44
73
46
25
45
70
43
72
-76
-42
-76
-41
-15
-40
-79
-40
-79
0
0
0
0
0
0
0
0
0
84
69
84
73
59
73
88
76
89
-62
-38
-62
-36
-19
-37
-57
-35
-58
69
40
72
43
21
45
69
41
71
73
54
74
57
38
59
74
52
78
-65
-39
-66
-43
-23
-43
-65
-38
-66
75
52
77
65
39
64
79
54
80
83
65
82
68
47
68
86
67
89
-66
-37
-67
-38
-18
-38
-66
-37
-65
-72
-36
-73
-42
-18
-42
-65
-34
-66
0
0
0
0
0
0
0
0
0
-64
-42
-68
-36
-18
-38
-62
-38
-66
70
37
70
41
18
41
68
37
69
-78
-38
-93
-53
-20
-53
-109
-52
-113
51
31
50
35
18
33
52
31
51
-88
-62
-99
-58
-33
-66
-101
-68
-104
-84
-56
-101
-56
-15
-59
-87
-47
-98
-67
-38
-65
-45
-25
-42
-67
-38
-64
0
0
0
0
0
0
0
0
0
-54
-28
-55
-34
-16
-34
-55
-30
-55
0
0
0
0
0
0
0
0
0
63
37
66
48
25
49
68
39
69
-94
-46
-86
-51
-16
-45
-98
-43
-89
0
0
0
0
0
0
0
0
0
77
48
77
50
27
50
78
46
77
-43
-30
-46
-30
-17
-32
-46
-30
-47
63
42
65
48
28
49
64
43
65
-73
-46
-72
-51
-28
-49
-73
-48
-72
-69
-43
-71
-42
-20
-44
-70
-44
-76
-65
-41
-67
-46
-26
-46
-65
-40
-67
58
38
60
42
25
42
64
42
66
78
50
78
53
30
51
77
49
77
-68
-46
-74
-49
-26
-53
-83
-53
-88
-63
-37
-65
-41
-20
-41
-68
-39
-69
77
48
79
55
28
54
80
49
81
66
40
66
50
28
49
64
39
65
-62
-36
-61
-40
-20
-40
-62
-38
-62
67
41
69
50
26
50
70
41
71
0
0
0
0
0
0
0
0
0
-67
-45
-72
-49
-29
-54
-64
-43
-70
63
40
63
44
24
43
63
39
64
60
36
64
40
20
41
63
39
66
76
56
77
56
37
55
72
52
72
-83
-51
-84
-53
-24
-57
-75
-51
-80
-63
-33
-67
-36
-15
-37
-61
-32
-62
72
45
74
49
26
51
73
44
76
63
34
63
42
19
42
64
36
65
-88
-85
-97
-78
-55
-86
-92
-82
-88
-70
-45
-71
-46
-26
-48
-76
-48
-77
-83
-46
-89
-44
-15
-47
-87
-46
-98
-61
-40
-63
-43
-26
-44
-60
-41
-62
82
54
84
61
34
61
88
57
88
0
0
0
0
0
0
0
0
0
65
43
66
48
30
51
65
43
68
-94
-41
-100
-45
-12
-45
-90
-44
-98
0
0
0
0
0
0
0
0
0
-63
-43
-65
-52
-31
-52
-72
-47
-73
68
46
69
47
30
47
67
47
69
-62
-40
-64
-42
-23
-44
-61
-39
-62
68
43
68
54
31
54
72
44
73
-94
-41
-98
-62
-24
-64
-100
-47
-103
69
39
72
62
29
61
77
41
76
69
44
70
45
26
46
66
44
68
72
58
75
49
34
49
70
54
71
70
46
72
51
29
51
74
48
75
74
45
74
51
26
51
74
45
75
70
45
71
49
26
49
76
47
77
-188
-116
-217
-190
-43
-159
170
117
218
-76
-56
-87
-62
-33
-60
-86
-65
-91
0
0
0
0
0
0
0
0
0
-82
-36
-86
-48
-13
-46
-87
-35
-89
71
40
75
42
21
45
71
39
74
0
0
0
0
0
0
0
0
0
67
44
68
50
30
50
69
46
69
-382
122
-347
-242
73
-241
159
118
175
74
47
77
52
28
53
75
49
78
61
38
62
44
25
44
63
40
63
68
48
72
48
29
51
66
45
70
65
42
68
46
27
48
66
42
69
-73
-41
-77
-46
-21
-47
-79
-39
-80
-66
-38
-67
-43
-22
-42
-67
-38
-68
69
43
71
38
19
41
67
42
70
64
39
62
57
31
57
70
42
72
-61
-40
-61
-42
-24
-42
-60
-38
-62
0
0
0
0
0
0
0
0
0
66
43
67
52
30
53
67
42
69
-54
-30
-57
-32
-15
-34
-54
-32
-58
75
46
78
55
30
57
75
46
77
0
0
-1
0
0
0
0
0
-1
0
0
0
0
0
0
0
0
0
78
50
79
56
33
56
78
51
79
62
39
63
43
24
43
61
42
63
58
36
57
39
22
38
59
39
59
-67
-37
-69
-40
-17
-42
-66
-36
-69
-63
-31
-62
-36
-13
-35
-62
-30
-62
69
47
70
48
29
48
67
47
68
-53
-33
-54
-36
-20
-36
-54
-35
-55
-48
-83
-48
-107
-84
-113
-73
-105
-73
-66
-38
-68
-43
-17
-42
-71
-40
-73
-55
-31
-57
-35
-15
-35
-58
-33
-60
-80
-53
-87
-43
-17
-45
-88
-49
-93
-69
-47
-75
-51
-32
-54
-79
-48
-80
-65
-99
-69
-93
-75
-89
-71
-87
-71
71
46
72
49
27
49
72
44
72
61
42
64
45
29
46
67
45
68
0
0
0
0
0
0
0
0
0
-80
-55
-88
-56
-32
-56
-78
-52
-84
-63
-38
-64
-41
-20
-43
-63
-38
-65
0
0
0
0
0
0
0
0
0
69
44
72
53
31
55
73
47
76
0
0
0
0
0
0
0
0
0
-63
-43
-63
-51
-28
-48
-68
-42
-67
61
44
67
46
31
50
65
45
69
-42
-25
-43
-33
-16
-33
-43
-24
-43
66
48
68
56
34
55
71
52
73
0
0
0
0
0
0
0
0
0
73
45
74
57
32
56
71
45
71
-89
-53
-90
-59
-13
-59
-93
-53
-102
64
38
64
45
24
44
65
38
66
-87
-53
-91
-46
-20
-46
-94
-48
-98
-65
-41
-67
-41
-22
-40
-69
-40
-70
-55
-36
-56
-41
-26
-43
-59
-38
-61
0
0
0
0
0
0
0
0
0
-56
-35
-60
-39
-19
-40
-58
-34
-60
-60
-39
-63
-40
-21
-43
-59
-38
-62
-64
-34
-65
-37
-17
-39
-63
-32
-65
-68
-38
-69
-48
-21
-47
-70
-38
-70
-61
-35
-64
-35
-15
-37
-63
-34
-65
77
45
78
51
27
52
76
45
77
88
34
103
46
9
53
107
42
121
76
55
78
55
34
57
79
56
82
-64
-38
-64
-44
-22
-42
-67
-37
-65
-68
-38
-68
-45
-22
-45
-65
-37
-66
-60
-44
-61
-39
-25
-41
-58
-45
-62
219
101
224
-181
-92
-174
-93
-26
-99
-71
-46
-72
-48
-29
-49
-74
-50
-76
62
40
62
44
25
44
64
40
66
0
0
0
0
0
0
0
0
0
-58
-34
-61
-39
-19
-41
-63
-35
-64
-214
-64
-250
-155
-70
-153
193
100
203
-65
-40
-70
-43
-25
-45
-69
-43
-72
64
39
66
54
28
53
71
40
71
-62
-44
-63
-48
-27
-47
-63
-42
-66
-84
-47
-87
-50
-21
-50
-90
-50
-94
79
44
77
55
26
54
77
44
78
-69
-41
-71
-45
-22
-48
-69
-41
-72
-70
-46
-74
-57
-33
-58
-77
-51
-84
75
55
74
49
33
50
71
52
71
-50
-31
-50
-30
-17
-32
-50
-31
-51
69
42
70
45
22
46
68
40
70
-54
-36
-57
-38
-24
-40
-54
-36
-57
-86
-43
-94
-39
-11
-44
-89
-43
-101
-56
-34
-57
-34
-17
-34
-56
-33
-57
-62
-41
-63
-47
-26
-47
-68
-42
-69
62
37
64
45
25
46
61
35
62
-57
-39
-60
-38
-24
-40
-58
-40
-60
-75
-48
-82
-48
-19
-45
-81
-49
-83
-60
-38
-62
-41
-21
-41
-62
-37
-64
241
113
236
-164
-81
-170
-194
-68
-193
-61
-34
-64
-37
-16
-38
-63
-34
-66
54
37
58
37
23
41
57
35
61
62
41
63
45
25
45
65
40
65
54
37
54
44
26
41
58
39
54
-78
-42
-82
-42
-17
-44
-73
-41
-74
78
48
80
58
33
59
73
47
76
-79
-52
-80
-54
-29
-53
-77
-48
-78
63
40
64
45
27
47
64
43
66
75
52
76
56
35
57
77
56
80
-63
-32
-63
-40
-17
-39
-60
-29
-63
65
41
65
44
22
44
63
36
65
-65
-40
-70
-39
-18
-40
-69
-40
-72
71
51
74
54
33
57
74
53
79
-65
-40
-67
-43
-22
-45
-61
-36
-64
-66
-46
-66
-44
-26
-44
-65
-44
-65
-61
-37
-63
-37
-19
-39
-62
-37
-64
72
46
74
49
28
51
72
46
75
-85
-66
-95
-77
-49
-81
-92
-80
-102
71
46
73
55
30
55
77
51
78
0
0
0
0
0
0
0
0
0
-85
-47
-89
-48
-18
-44
-80
-46
-81
69
47
70
51
31
52
69
46
71
68
40
68
44
22
44
66
40
67
70
49
72
53
33
53
66
46
69
0
0
0
0
0
0
0
0
0
69
45
71
44
28
46
70
48
73
-63
-36
-67
-41
-18
-41
-64
-33
-64
172
-124
-319
86
6
-102
157
-158
-332
67
42
67
52
28
52
67
41
69
68
43
71
49
27
51
70
44
73
83
58
86
70
45
72
81
59
85
-65
-40
-67
-43
-22
-44
-64
-37
-64
58
36
56
43
23
43
61
39
61
59
38
62
45
25
46
64
40
66
64
39
65
44
23
44
64
40
65
-70
-48
-71
-40
-24
-39
-71
-48
-70
61
41
63
47
27
48
61
39
61
0
0
0
0
0
0
0
0
0
-61
-35
-63
-40
-19
-40
-65
-36
-67
-95
-47
-100
-53
-18
-53
-85
-46
-91
56
39
59
40
23
41
58
39
60
-347
-99
163
-106
21
96
-373
-152
145
66
45
68
48
29
49
65
45
68
-63
-43
-61
-46
-28
-46
-68
-44
-68
67
41
69
55
32
56
68
43
69
-65
-40
-68
-45
-23
-46
-66
-41
-68
-59
-36
-62
-40
-20
-42
-62
-36
-65
-90
-41
-91
-47
-14
-48
-88
-45
-99
-94
-44
-99
-51
-12
-50
-93
-43
-100
68
31
67
36
13
36
66
33
66
-91
-60
-100
-60
-4
-59
-106
-40
-114
76
48
76
51
27
51
74
45
73
-62
-41
-63
-33
-18
-33
-62
-41
-65
75
54
75
56
36
56
75
54
77
64
41
66
46
26
46
67
42
69
67
45
68
48
29
50
68
44
69
-48
-29
-49
-33
-19
-33
-51
-32
-52
-60
-35
-57
-42
-21
-41
-63
-35
-62
55
41
55
44
28
44
58
40
60
-225
-130
-236
-185
-52
-180
185
103
186
65
38
65
48
23
47
66
39
66
214
139
219
-164
-88
-159
-211
-116
-222
-83
-50
-82
-54
-29
-52
-80
-49
-79
75
45
78
50
26
52
74
44
79
60
37
61
42
23
42
61
38
62
-78
-42
-82
-51
-19
-52
-87
-43
-91
-63
-37
-64
-45
-20
-44
-68
-38
-68
-51
-27
-54
-33
-13
-36
-51
-24
-51
71
49
69
57
36
56
75
51
76
-82
-78
-87
-84
-62
-84
-94
-86
-101
-66
-43
-72
-44
-24
-44
-67
-42
-69
-51
-31
-53
-33
-19
-35
-50
-30
-55
0
0
0
0
0
0
0
0
0
62
41
60
41
23
39
62
43
60
65
41
67
47
27
49
68
43
69
67
42
69
45
23
47
70
43
74
63
36
65
45
22
46
62
34
62
63
40
65
42
23
43
63
40
65
-69
-25
-72
-40
-11
-41
-85
-33
-85
-53
-36
-55
-38
-22
-38
-55
-37
-55
-300
-71
-289
-50
132
-90
-256
-125
-262
-71
-85
-85
-90
-50
-83
-78
-92
-88
-59
-36
-62
-38
-17
-38
-60
-34
-62
-73
-81
-83
-81
-37
-81
-92
-94
-99
0
0
0
0
0
0
0
0
0
78
51
80
61
38
63
81
52
83
60
38
61
42
25
43
62
40
64
69
48
73
53
34
54
69
48
71
-65
-37
-69
-46
-21
-49
-68
-36
-70
-57
-36
-60
-39
-21
-39
-58
-34
-59
64
35
66
47
22
48
68
38
70
-54
-33
-56
-34
-19
-36
-56
-33
-58
-53
-35
-54
-37
-22
-37
-56
-36
-56
67
41
70
52
28
53
72
41
75
0
0
0
0
0
0
0
0
0
0
0
0
0
0
0
0
0
0
-82
-47
-85
-54
-27
-55
-90
-53
-91
-93
-47
-96
-52
-20
-56
-87
-44
-91
66
47
69
51
34
53
67
48
70
-69
-46
-72
-49
-28
-52
-70
-46
-72
-44
-28
-45
-28
-16
-30
-45
-33
-47
-74
-76
-83
-69
-51
-71
-84
-75
-91
74
51
77
57
36
59
72
49
76
-63
-34
-64
-38
-18
-38
-59
-33
-61
-55
-33
-58
-39
-20
-41
-60
-34
-61
62
53
68
50
34
53
67
50
71
74
52
78
53
35
55
69
48
74
-65
-38
-66
-45
-23
-45
-65
-38
-65
-67
-42
-73
-43
-23
-46
-68
-40
-76
-64
-35
-63
-35
-13
-34
-62
-34
-62
89
72
95
83
64
87
94
76
100
-337
96
-337
-284
44
-294
256
157
267
-89
-49
-89
-54
-23
-49
-79
-41
-81
70
50
71
49
31
50
71
50
73
-82
-56
-97
-59
-31
-60
-96
-62
-108
63
37
65
48
24
49
68
39
70
62
36
64
41
20
40
63
37
65
-80
-39
-81
-49
-19
-50
-87
-49
-98
69
47
72
52
32
52
70
48
72
-68
-35
-71
-41
-18
-43
-71
-37
-74
-54
-32
-56
-37
-18
-36
-55
-31
-56
222
91
235
-157
-96
-159
-169
-84
-196
85
69
88
74
55
77
96
75
100
66
44
70
52
30
54
71
50
75
-57
-41
-57
-44
-27
-44
-63
-43
-63
-72
-48
-76
-55
-32
-54
-76
-49
-75
81
68
81
66
50
66
85
69
85
-81
-83
-83
-76
-48
-78
-92
-86
-107
-94
-60
-105
-66
-32
-64
-100
-53
-104
70
44
70
50
27
48
67
41
66
70
53
71
56
39
57
72
54
74
0
0
0
0
0
0
0
0
0
69
43
71
46
25
48
68
42
70
62
40
63
48
30
50
65
40
65
71
42
73
47
24
47
69
42
69
-68
-34
-66
-40
-18
-40
-66
-37
-66
-207
-182
203
-94
-84
114
-228
-180
205
-60
-37
-59
-37
-19
-36
-58
-36
-56
-94
-45
-91
-53
-16
-54
-86
-38
-89
-73
-44
-75
-45
-22
-47
-75
-47
-79
70
47
72
50
32
52
70
48
73
65
45
66
47
29
47
64
45
65
52
32
53
40
23
40
56
35
55
-62
-36
-65
-38
-19
-41
-64
-38
-68
-69
-48
-70
-39
-24
-40
-71
-47
-74
66
44
67
45
26
43
69
45
70
66
37
69
44
22
46
64
35
67
71
46
74
53
30
54
74
44
75
-67
-105
-58
-107
-93
-95
-72
-102
-73
66
39
66
42
22
43
66
39
67
-45
-93
-40
-106
-75
-104
-59
-112
-50
58
36
58
44
21
43
64
39
65
-87
-45
-93
-52
-20
-55
-90
-41
-99
-61
-37
-61
-41
-22
-42
-61
-36
-63
-207
-87
-223
-154
-73
-173
225
123
227
-65
-35
-68
-40
-16
-40
-69
-38
-70
-64
-45
-68
-49
-28
-51
-69
-43
-71
70
42
72
50
25
49
74
43
75
51
40
52
42
31
43
56
45
57
-57
-34
-59
-37
-19
-38
-61
-34
-63
92
63
94
74
48
76
89
66
92
-77
-52
-83
-47
-27
-48
-75
-50
-79
-74
-51
-73
-52
-33
-49
-69
-52
-68
62
41
65
44
26
46
64
41
66
73
51
76
56
35
59
68
48
73
74
45
75
52
27
52
72
44
73
-57
-35
-58
-42
-22
-40
-55
-34
-55
-48
-102
-47
-95
-108
-89
-54
-102
-61
157
116
198
-184
-64
-143
-201
-131
-232
-243
-65
-255
-169
-73
-176
211
118
203
0
0
0
0
0
0
0
0
0
-57
-33
-61
-42
-21
-42
-64
-37
-66
-49
-32
-51
-38
-22
-39
-56
-35
-57
69
43
71
51
29
52
72
45
73
-84
-67
-90
-68
-33
-70
-88
-75
-94
74
44
75
54
30
55
75
46
77
84
85
85
67
63
67
82
86
85
0
0
0
0
0
0
0
0
0
66
46
66
52
33
51
67
48
68
-69
-40
-73
-51
-26
-54
-75
-47
-81
-59
-45
-61
-46
-32
-49
-63
-49
-67
-72
-39
-73
-44
-16
-42
-75
-39
-75
69
45
73
51
29
53
69
46
73
68
33
70
37
14
39
69
32
72
66
46
67
44
28
44
66
46
68
0
0
0
0
0
0
0
0
0
-75
-98
-76
-93
-61
-91
-84
-98
-85
-67
-40
-72
-34
-14
-34
-68
-37
-69
-85
-49
-87
-50
-20
-51
-82
-49
-87
69
48
69
53
34
53
74
52
75
-66
-50
-66
-49
-31
-47
-62
-48
-66
68
38
70
47
22
48
72
43
74
-87
-46
-87
-50
-19
-47
-85
-43
-88
-75
-61
-81
-60
-37
-62
-74
-55
-80
72
44
74
57
30
58
78
49
80
75
52
76
56
35
56
68
48
70
-66
-39
-66
-42
-20
-41
-68
-39
-68
0
0
0
0
0
0
0
0
0
-80
-85
-81
-79
-52
-79
-90
-85
-89
-86
-40
-87
-50
-15
-53
-89
-43
-97
-68
-37
-69
-39
-14
-37
-65
-35
-67
0
0
0
0
0
0
0
0
0
74
48
75
54
33
54
76
49
78
-61
-41
-64
-43
-25
-45
-66
-43
-69
0
0
0
0
0
0
0
0
0
67
46
68
50
30
50
70
49
72
-308
-8
-315
-172
-24
-171
231
102
234
77
53
77
55
31
55
76
53
78
61
44
63
47
30
47
60
43
63
-75
-47
-79
-51
-26
-54
-70
-44
-74
69
44
72
47
27
50
73
46
76
-62
-32
-64
-38
-15
-38
-60
-31
-60
-35
-147
223
-64
-58
127
-124
-173
241
0
0
0
0
0
0
0
0
0
68
41
71
43
23
45
69
41
72
56
41
57
47
29
49
64
43
64
-64
-39
-66
-45
-22
-45
-65
-39
-67
-61
-110
-53
-101
-88
-89
-72
-90
-80
-69
-43
-73
-48
-21
-52
-82
-47
-84
-66
-42
-66
-46
-26
-45
-68
-44
-69
0
0
0
0
0
0
0
0
0
0
0
0
0
0
0
0
0
0
-58
-40
-62
-43
-25
-44
-60
-37
-62
-66
-39
-69
-46
-21
-47
-72
-42
-76
75
53
77
61
39
63
79
55
84
61
40
63
42
23
44
65
40
67
-54
-34
-58
-37
-19
-40
-58
-34
-63
-61
-38
-64
-37
-20
-37
-62
-38
-63
70
43
73
52
27
54
70
41
73
-73
-47
-76
-51
-28
-54
-83
-54
-86
-182
-171
139
-85
-48
95
-222
-172
161
64
44
67
48
29
49
66
45
68
-71
-45
-75
-55
-29
-55
-73
-41
-74
-59
-36
-59
-37
-23
-38
-55
-36
-56
219
-198
-207
119
-123
-96
205
-172
-185
63
36
64
42
21
43
62
36
63
-79
-56
-83
-67
-31
-71
-88
-57
-99
-60
-36
-63
-44
-25
-47
-65
-41
-68
-48
107
58
112
54
99
136
89
140
-88
-47
-91
-52
-24
-53
-82
-42
-83
65
34
66
46
22
47
61
32
62
68
39
69
40
18
40
69
39
71
-63
-76
-74
-87
-45
-93
-86
-88
-98
70
49
71
53
31
54
73
51
77
-76
-49
-78
-50
-25
-48
-78
-46
-81
-90
-46
-90
-54
-21
-56
-101
-52
-105
218
114
223
-140
-87
-151
-108
-73
-117
-41
-122
-49
-108
-103
-101
-75
-102
-73
55
36
56
40
25
41
58
37
60
64
44
67
46
29
48
66
45
68
-87
-55
-89
-60
-23
-59
-83
-56
-88
67
43
69
40
21
42
63
39
64
-72
-36
-76
-53
-23
-53
-78
-37
-78
-97
-38
-99
-49
-13
-48
-97
-40
-95
65
39
67
45
26
47
66
40
68
73
51
77
53
33
55
76
52
80
-65
-42
-68
-42
-22
-42
-67
-41
-67
-73
-46
-75
-47
-25
-49
-69
-45
-75
-56
-38
-58
-43
-24
-43
-57
-37
-61
65
38
66
38
20
38
59
37
62
67
42
69
48
27
47
65
41
66
-85
-44
-87
-49
-18
-49
-76
-43
-82
63
37
64
42
20
43
63
35
66
59
39
63
43
25
46
57
40
61
-84
-50
-91
-48
-19
-52
-80
-50
-91
64
36
65
42
20
42
63
37
65
67
51
70
57
39
58
69
51
72
43
34
44
44
29
45
56
41
57
-71
-50
-79
-59
-35
-64
-83
-59
-91
70
47
68
52
31
50
69
50
69
-50
-25
-51
-30
-12
-31
-52
-26
-53
66
43
66
47
28
49
67
45
71
-62
-35
-65
-40
-19
-41
-63
-33
-65
61
31
63
37
15
38
61
32
63
-54
-32
-53
-33
-17
-33
-47
-29
-50
0
0
0
0
0
0
0
0
0
71
55
77
63
41
65
75
54
80
-59
-43
-59
-43
-29
-43
-55
-41
-54
-63
-36
-66
-41
-17
-41
-68
-38
-70
96
52
100
71
38
75
94
58
99
-72
-43
-76
-52
-26
-53
-74
-43
-76
60
33
61
35
15
36
60
34
61
0
0
0
0
0
0
0
0
0
66
46
67
51
34
51
63
46
66
77
52
78
57
36
58
73
50
75
-56
-38
-60
-40
-22
-42
-59
-37
-61
70
42
69
52
29
50
70
45
71
67
48
68
47
30
47
68
49
71
65
34
66
47
23
47
67
36
67
0
0
0
0
0
0
0
0
0
75
45
76
55
30
55
78
48
79
-58
-41
-62
-42
-25
-42
-58
-39
-61
75
47
81
59
32
61
74
44
78
0
0
0
0
0
0
0
0
0
0
0
0
0
0
0
0
0
0
-98
-36
-100
-39
-12
-44
-89
-38
-95
0
0
0
0
0
0
0
0
0
77
61
78
61
45
64
79
61
82
74
44
76
53
27
55
73
42
75
60
36
61
42
24
42
65
40
67
-73
-39
-78
-47
-22
-50
-78
-39
-81
64
44
66
44
26
45
63
43
65
68
45
68
47
29
47
65
45
66
65
41
67
42
24
43
65
41
66
66
41
69
46
26
48
68
43
70
69
56
73
68
49
70
77
57
79
58
42
62
44
29
48
59
41
64
65
36
66
43
20
44
64
34
65
63
44
66
47
29
48
69
49
73
242
140
248
-192
-114
-190
-117
-55
-122
-62
-37
-63
-38
-18
-40
-72
-42
-74
-57
-29
-60
-39
-16
-40
-59
-32
-62
-55
-32
-62
-39
-18
-44
-68
-36
-71
-58
-34
-58
-42
-19
-39
-63
-37
-63
69
52
72
53
36
55
71
52
75
-74
-40
-82
-40
-12
-42
-74
-34
-80
-65
-33
-64
-33
-14
-34
-62
-31
-66
255
148
263
-192
-135
-190
-151
-123
-185
-74
-50
-77
-47
-26
-48
-70
-48
-75
62
42
64
53
31
53
67
41
68
68
39
68
45
24
44
70
41
70
61
37
63
45
23
46
62
36
65
74
50
77
55
31
56
74
46
77
-79
-49
-85
-57
-28
-60
-83
-51
-92
-218
-148
-227
-166
-107
-166
224
133
228
-42
-24
-43
-28
-15
-27
-43
-24
-43
-74
-39
-75
-54
-23
-52
-90
-55
-95
62
44
66
51
32
52
69
46
71
59
39
60
43
26
43
57
40
58
63
49
64
52
35
52
67
51
68
63
36
64
42
20
43
66
40
68
0
0
0
0
0
0
0
0
0
71
45
73
47
26
48
68
43
69
-79
-48
-85
-49
-26
-52
-79
-50
-83
59
35
61
40
20
41
64
39
65
-68
-42
-70
-43
-22
-42
-64
-39
-65
68
44
67
47
26
45
66
44
66
-51
-27
-51
-36
-19
-36
-45
-25
-47
0
0
0
0
0
0
0
0
0
71
48
75
53
31
54
74
51
77
-71
-36
-73
-38
-11
-40
-67
-28
-70
242
117
252
-172
-86
-178
-133
-46
-149
65
38
65
44
25
45
65
39
66
69
40
69
47
25
47
73
45
74
72
45
73
49
27
49
72
46
75
0
0
0
0
0
0
0
0
0
65
43
66
45
27
45
65
44
66
-76
-42
-79
-44
-16
-47
-70
-39
-77
0
0
0
0
0
0
0
0
0
-103
-55
-113
-46
-19
-43
-90
-53
-90
-91
-45
-100
-58
-17
-63
-92
-43
-98
67
40
69
50
28
52
72
43
73
-71
-45
-70
-48
-26
-48
-67
-41
-66
-89
-96
-95
-93
-48
-94
-94
-95
-100
-93
-39
-96
-44
-21
-43
-91
-46
-101
253
-162
-9
115
-88
-104
254
-224
-94
-73
-56
-77
-65
-30
-65
-80
-60
-83
-64
-37
-68
-38
-22
-41
-61
-36
-65
-50
-33
-50
-37
-23
-37
-53
-34
-52
0
0
0
0
0
0
0
0
0
-48
-28
-48
-35
-20
-37
-51
-31
-55
75
59
77
56
40
55
70
57
72
78
59
82
60
41
62
79
60
84
64
44
67
49
30
51
66
44
70
-44
-29
-47
-27
-14
-29
-43
-27
-46
66
40
66
48
28
48
68
44
70
73
43
74
57
30
57
69
42
70
-81
-48
-82
-49
-20
-49
-81
-51
-89
65
31
65
38
16
39
62
34
63
68
41
69
53
29
54
68
41
69
-76
-34
-83
-63
-23
-63
-108
-50
-113
71
47
72
48
27
48
68
45
70
-60
-35
-62
-41
-21
-40
-65
-38
-66
-80
-49
-85
-54
-27
-55
-81
-50
-85
66
40
68
43
23
45
66
40
69
-58
-35
-59
-38
-18
-37
-59
-34
-60
0
0
0
0
0
0
0
0
0
67
48
69
47
30
49
65
47
68
-70
-42
-71
-42
-21
-43
-67
-39
-69
-56
-39
-60
-39
-25
-41
-56
-38
-59
70
44
71
44
24
44
70
44
70
-59
-39
-59
-44
-26
-43
-60
-39
-58
-79
-72
-90
-71
-37
-76
-84
-71
-99
-49
-30
-53
-29
-16
-30
-45
-28
-48
-60
-84
-58
-94
-60
-95
-76
-100
-75
-55
-40
-58
-40
-25
-41
-57
-39
-58
69
49
69
56
38
55
73
51
73
68
41
69
47
26
48
70
42
70
73
41
75
47
22
48
71
40
73
-71
-43
-74
-48
-25
-49
-70
-40
-72
69
48
72
49
31
51
69
49
72
64
41
66
45
25
46
63
41
67
-65
-37
-64
-42
-22
-41
-65
-39
-63
-77
-43
-80
-47
-9
-49
-99
-50
-108
-3
-136
-24
-107
-183
-67
-69
-65
-53
101
67
101
89
55
88
85
58
86
-67
-42
-67
-44
-25
-44
-65
-41
-68
-60
-43
-65
-46
-24
-50
-67
-44
-76
64
42
63
43
24
41
64
41
62
0
0
0
0
0
0
0
0
0
64
40
65
45
26
44
64
41
65
66
39
66
49
24
49
68
39
69
83
70
87
71
50
72
94
77
98
78
60
81
67
47
69
79
61
85
-64
-38
-67
-41
-19
-43
-62
-35
-65
-101
-46
-106
-44
-8
-43
-97
-47
-106
67
41
70
47
27
48
67
42
69
-65
-34
-65
-46
-22
-45
-69
-39
-71
-67
-40
-70
-40
-18
-42
-66
-37
-67
70
57
71
58
42
56
73
58
74
63
40
64
43
25
44
62
40
65
-59
-32
-63
-41
-19
-42
-64
-33
-67
75
51
75
52
31
52
75
50
75
65
35
66
44
20
44
64
34
63
-57
-35
-58
-36
-21
-38
-52
-35
-53
61
31
58
37
15
39
66
32
65
-73
-42
-71
-45
-23
-44
-70
-42
-71
-79
-45
-92
-48
-23
-54
-78
-46
-92
-60
-34
-61
-38
-19
-39
-57
-35
-59
61
35
63
39
19
39
58
32
59
0
0
0
0
0
0
0
0
0
0
0
0
0
0
0
0
0
0
75
50
78
62
36
63
75
47
78
221
99
232
-141
-106
-130
-132
-118
-133
0
0
0
0
0
0
0
0
0
-54
-37
-57
-35
-22
-35
-55
-39
-58
-54
-34
-55
-39
-24
-39
-52
-34
-54
-71
-77
-79
-90
-53
-92
-94
-91
-106
-59
-42
-60
-40
-26
-42
-62
-42
-65
0
0
0
0
0
0
0
0
0
47
27
48
30
14
31
47
29
49
-79
-47
-84
-50
-23
-53
-75
-46
-77
65
42
65
46
28
47
62
41
64
-98
-55
-99
-54
-16
-53
-87
-56
-90
65
49
70
55
38
58
71
52
75
62
42
64
46
25
46
63
42
65
-64
-34
-63
-39
-17
-39
-66
-35
-67
63
42
66
41
22
42
64
41
66
74
47
77
52
30
52
74
47
75
63
46
64
48
30
47
65
44
65
-65
-89
-67
-91
-71
-98
-71
-94
-69
0
0
0
0
0
0
0
0
0
65
42
66
47
25
45
66
41
66
0
0
0
0
0
0
0
0
0
-74
-45
-79
-45
-26
-49
-83
-49
-86
-57
-31
-60
-38
-18
-40
-58
-32
-61
67
40
69
49
25
50
71
42
73
0
0
0
0
0
0
0
0
0
66
41
66
51
29
51
67
43
68
-80
-48
-90
-51
-22
-55
-85
-52
-91
0
0
0
0
0
0
0
0
0
-66
-35
-67
-41
-17
-40
-64
-34
-65
-82
-41
-86
-45
-12
-45
-84
-41
-89
63
40
65
44
26
45
60
37
62
65
45
66
45
28
47
66
46
70
-57
-38
-58
-43
-24
-42
-59
-39
-59
-51
-36
-54
-44
-24
-42
-57
-39
-58
-105
-65
-110
-68
-19
-74
-111
-63
-127
-82
-47
-86
-53
-27
-57
-89
-55
-91
-74
-49
-73
-51
-29
-52
-73
-49
-76
75
39
76
57
24
56
76
38
76
-108
-65
-116
-62
-9
-63
-108
-73
-123
-78
-40
-84
-43
-15
-46
-79
-37
-86
-60
-36
-58
-41
-23
-41
-60
-37
-60
-91
-49
-96
-60
-20
-65
-119
-58
-129
0
0
0
0
0
0
0
0
0
-64
-40
-66
-41
-23
-43
-63
-39
-67
-51
-35
-55
-37
-22
-39
-53
-33
-55
-69
-42
-73
-42
-17
-42
-66
-37
-68
-58
-28
-58
-35
-14
-36
-59
-30
-60
68
34
67
33
13
32
66
33
68
-49
-30
-52
-32
-17
-34
-50
-30
-52
-78
-48
-87
-49
-22
-53
-94
-55
-108
86
63
86
73
48
71
78
56
78
-75
-45
-77
-49
-22
-48
-78
-44
-78
-92
-39
-96
-51
-19
-54
-105
-43
-108
155
-172
-196
97
-58
-93
156
-181
-199
-60
-29
-67
-36
-13
-41
-66
-33
-73
-65
-40
-64
-45
-24
-44
-66
-39
-66
-212
-124
-229
-160
-70
-152
223
114
220
-63
-100
-73
-89
-70
-93
-75
-90
-77
62
41
62
44
25
45
63
42
65
-93
-47
-99
-52
-20
-54
-85
-46
-95
63
42
65
49
30
50
67
43
68
-72
-43
-71
-47
-23
-47
-69
-40
-70
0
0
0
0
0
0
0
0
0
70
42
69
48
25
47
72
46
72
-81
-43
-87
-44
-17
-41
-81
-39
-79
-66
-44
-68
-43
-26
-44
-65
-43
-67
-74
-83
-78
-90
-56
-92
-88
-96
-98
81
60
81
60
40
58
81
60
80
-68
-37
-70
-41
-19
-43
-65
-37
-68
-99
-62
-111
-57
-31
-62
-97
-59
-103
-64
-40
-64
-47
-24
-48
-64
-40
-65
80
54
83
62
37
63
79
52
82
-79
-60
-91
-58
-19
-61
-97
-47
-103
67
48
71
52
33
55
73
53
77
69
37
71
48
23
50
72
41
77
-59
-36
-58
-40
-21
-39
-55
-35
-57
-51
-31
-55
-38
-18
-39
-56
-31
-59
-56
-37
-60
-38
-25
-41
-57
-41
-64
-71
-91
-62
-90
-78
-92
-75
-105
-82
0
0
0
0
0
0
0
0
0
-92
-45
-94
-58
-23
-62
-106
-48
-104
63
41
62
47
29
46
64
42
63
70
46
70
50
30
50
64
43
65
66
42
67
46
27
46
64
41
64
318
135
313
-203
-167
-205
-166
-156
-205
69
39
70
50
27
51
70
41
72
66
43
69
42
24
44
64
40
66
-83
-40
-93
-51
-23
-54
-83
-44
-95
77
54
80
65
45
68
87
62
89
-66
-38
-68
-45
-22
-45
-67
-37
-69
-63
-89
-71
-86
-63
-87
-89
-75
-98
-79
-50
-83
-49
-26
-51
-80
-49
-83
59
32
57
43
22
42
59
35
59
-107
-55
-104
-53
-34
-60
-96
-63
-100
-65
-45
-71
-44
-22
-45
-67
-44
-71
75
56
78
63
42
64
78
57
81
63
40
65
42
25
45
64
41
68
-71
-35
-70
-42
-19
-42
-71
-37
-72
70
48
70
54
36
54
71
50
71
-78
-50
-88
-52
-31
-56
-73
-48
-84
0
0
0
0
0
0
0
0
0
-79
-54
-79
-56
-35
-57
-84
-57
-87
71
37
72
43
18
42
70
36
71
-81
-65
-87
-55
-30
-57
-84
-64
-99
-57
-33
-58
-41
-20
-41
-56
-31
-57
-61
-38
-65
-40
-21
-40
-63
-38
-63
-100
-56
-105
-57
-23
-59
-102
-48
-106
-45
-28
-43
-29
-14
-26
-45
-27
-45
-62
-43
-64
-44
-28
-43
-66
-46
-67
0
0
0
0
0
0
0
0
0
64
46
65
53
35
55
72
51
74
-68
-54
-73
-54
-37
-56
-76
-59
-77
-65
-35
-66
-38
-17
-39
-68
-36
-70
70
41
73
45
22
45
74
44
75
-92
-78
-98
-66
-43
-68
-85
-82
-96
-83
-45
-89
-42
-18
-43
-87
-47
-92
-69
-38
-72
-43
-20
-45
-69
-37
-71
69
37
64
36
11
29
68
38
65
-68
-41
-69
-48
-27
-48
-71
-43
-73
259
143
257
-204
-123
-206
-190
-68
-201
-57
-39
-57
-41
-27
-40
-58
-40
-59
0
0
0
0
0
0
0
0
0
70
44
71
49
28
49
71
45
72
-54
-34
-57
-35
-18
-36
-56
-33
-56
-61
-33
-61
-42
-21
-40
-61
-33
-60
70
55
71
47
35
47
67
53
67
-61
-43
-61
-43
-28
-42
-65
-45
-65
84
61
83
67
45
67
82
62
84
0
0
0
0
0
0
0
0
0
-56
-34
-59
-35
-16
-36
-57
-32
-58
-63
-40
-62
-45
-26
-45
-63
-43
-65
-65
-44
-66
-47
-28
-46
-66
-42
-67
-222
-135
185
-102
-51
96
-214
-183
197
-58
-39
-58
-42
-27
-43
-57
-40
-61
-56
-33
-58
-37
-19
-38
-57
-33
-59
62
44
64
49
29
49
62
43
65
59
42
62
44
27
44
63
44
67
-138
-26
-156
-205
-102
-217
277
116
290
69
45
70
52
30
54
68
45
69
67
45
70
45
26
46
67
44
68
62
39
63
44
24
45
69
41
69
-56
-36
-57
-40
-22
-39
-57
-35
-59
-56
-33
-55
-38
-20
-40
-60
-35
-60
68
45
70
45
26
48
71
47
76
0
0
0
0
0
0
0
0
0
-62
-41
-62
-42
-24
-41
-65
-43
-67
82
60
83
65
41
65
80
58
82
63
39
64
43
22
43
62
36
64
76
54
80
60
39
61
79
57
83
-98
-67
-100
-69
-22
-69
-97
-60
-101
68
45
67
47
28
46
68
47
69
65
38
67
43
23
45
65
39
67
0
0
0
0
0
0
0
0
0
70
63
75
61
47
62
78
68
83
69
37
72
53
26
57
70
40
75
-72
-43
-73
-49
-28
-49
-70
-43
-71
71
48
75
53
32
56
74
50
78
69
47
69
53
32
51
70
48
70
-44
-26
-46
-25
-10
-26
-46
-26
-47
-84
-55
-93
-56
-16
-58
-104
-54
-107
-79
-57
-87
-47
-22
-52
-83
-54
-90
66
38
66
46
23
45
65
38
66
-63
-42
-65
-40
-22
-41
-60
-42
-64
-59
-34
-59
-36
-16
-34
-60
-33
-60
0
0
0
0
0
0
0
0
0
-77
-65
-90
-70
-33
-71
-97
-61
-112
-73
-94
-82
-99
-58
-91
-89
-88
-89
89
65
90
67
45
68
88
68
90
-84
-46
-91
-46
-20
-52
-83
-49
-94
0
0
0
0
0
0
0
0
0
65
47
68
52
32
52
69
48
70
-65
-51
-67
-46
-30
-44
-66
-49
-68
-54
-35
-55
-40
-22
-39
-56
-36
-56
-64
-40
-65
-42
-24
-42
-65
-41
-66
-81
-52
-87
-47
-20
-49
-90
-55
-100
-86
-36
-92
-49
-16
-45
-98
-39
-103
0
0
0
0
0
0
0
0
0
-61
-39
-62
-41
-22
-40
-60
-38
-60
-76
-44
-82
-57
-28
-57
-83
-54
-94
-71
-39
-71
-44
-19
-45
-74
-37
-74
0
0
0
0
0
0
0
0
0
-61
-40
-61
-39
-21
-38
-64
-41
-62
58
37
59
39
21
40
59
37
60
-64
-39
-66
-45
-24
-47
-68
-40
-71
-66
-42
-69
-45
-23
-46
-70
-44
-72
-54
-36
-55
-39
-24
-39
-57
-38
-58
-67
-35
-68
-41
-16
-43
-67
-34
-69
-64
-42
-65
-37
-21
-36
-60
-41
-64
292
122
296
39
-4
45
-160
-104
-185
68
49
71
51
33
53
69
51
72
225
109
227
-145
-66
-147
-209
-101
-229
-62
-46
-62
-51
-34
-51
-67
-47
-67
73
47
75
56
34
58
72
48
75
75
55
75
59
41
58
77
57
78
-59
-37
-60
-40
-20
-39
-61
-37
-63
66
46
66
51
33
53
68
47
69
75
54
78
59
41
60
66
49
68
66
38
68
44
20
45
69
39
71
-66
-43
-67
-49
-30
-52
-68
-43
-72
-59
-32
-59
-35
-16
-37
-60
-35
-63
-81
-54
-84
-52
-27
-52
-79
-51
-89
-85
-58
-82
-59
-35
-59
-82
-55
-80
-70
-37
-74
-43
-13
-45
-70
-38
-74
-80
-45
-86
-52
-27
-54
-81
-44
-85
-65
-34
-64
-41
-17
-39
-64
-34
-64
76
49
76
55
31
55
80
49
80
69
49
71
53
36
53
70
50
73
-98
-55
-92
-53
-25
-54
-101
-52
-99
-65
-37
-68
-42
-20
-44
-66
-40
-71
70
43
72
49
26
50
74
45
76
0
0
0
0
0
0
0
0
0
64
44
67
57
36
58
71
47
73
-67
-53
-71
-58
-35
-59
-78
-52
-79
67
42
68
49
27
51
66
43
68
212
108
219
-149
-72
-148
-134
-54
-151
-55
-39
-58
-40
-21
-44
-67
-41
-71
-94
-50
-99
-49
-21
-50
-88
-52
-98
63
39
64
45
24
46
63
39
65
73
41
73
42
19
42
74
39
74
-77
-51
-80
-50
-26
-53
-85
-56
-87
-69
-43
-72
-51
-30
-53
-70
-42
-71
71
41
72
48
24
48
73
43
75
68
46
69
54
33
54
70
49
72
63
45
65
46
29
48
67
48
69
-60
-40
-64
-39
-22
-42
-60
-42
-63
66
43
68
45
26
46
68
43
69
-67
-43
-66
-51
-26
-50
-78
-48
-82
0
0
0
0
0
0
0
0
0
64
41
66
47
26
46
63
40
65
60
35
61
41
21
41
62
38
64
-66
-43
-69
-51
-31
-53
-72
-47
-74
-65
-44
-72
-50
-26
-51
-69
-45
-73
75
53
74
53
35
52
75
53
74
60
38
60
39
21
39
56
37
58
59
40
61
45
29
46
63
44
64
0
0
0
0
0
0
0
0
0
-74
-41
-74
-46
-21
-46
-75
-43
-76
63
41
66
42
22
43
65
40
68
-51
-30
-51
-32
-14
-32
-53
-30
-53
79
51
81
56
33
58
76
49
78
64
35
65
42
21
43
63
36
64
-64
-36
-69
-38
-17
-41
-64
-34
-67
-44
-31
-45
-29
-17
-31
-40
-27
-43
59
39
62
47
28
49
65
45
69
-59
-37
-59
-41
-22
-40
-61
-37
-62
-65
-39
-66
-41
-20
-42
-65
-37
-68
62
44
66
49
32
51
60
42
63
-44
-25
-45
-21
-7
-22
-41
-22
-44
68
41
68
47
24
48
69
41
70
-68
-39
-69
-43
-21
-44
-70
-40
-70
-78
-47
-85
-47
-21
-49
-75
-45
-78
-69
-43
-70
-45
-27
-46
-67
-44
-69
0
0
0
0
0
0
0
0
0
64
45
66
49
31
50
66
45
69
-135
-73
154
-42
1
91
-152
-63
147
57
41
59
40
26
41
60
42
61
-84
-45
-88
-44
-19
-48
-87
-46
-92
-71
-42
-72
-45
-22
-44
-73
-41
-73
70
44
71
47
28
48
69
44
70
-51
-40
-57
-44
-29
-46
-61
-43
-65
68
41
69
47
26
47
68
41
69
-60
-36
-63
-36
-18
-37
-55
-31
-57
-51
-27
-51
-31
-11
-35
-51
-27
-53
61
42
62
44
26
43
62
41
64
-66
-78
-72
-82
-56
-84
-72
-95
-79
0
0
0
0
0
0
0
0
0
79
35
77
36
13
37
79
36
75
77
62
84
64
47
70
75
60
81
68
42
68
49
27
49
67
40
68
0
0
0
0
0
0
0
0
0
-77
-90
-75
-80
-66
-87
-82
-88
-81
-55
-40
-55
-42
-26
-39
-58
-41
-55
-94
-39
-96
-48
-13
-46
-81
-39
-82
-68
-48
-69
-44
-27
-42
-66
-48
-67
-66
-48
-70
-46
-30
-47
-72
-51
-76
70
55
72
55
37
56
72
55
75
0
0
0
0
0
0
0
0
0
-58
-105
-49
-109
-100
-129
-58
-126
-57
70
47
72
54
33
56
69
48
72
-93
-58
-94
-55
-28
-58
-97
-62
-105
-85
-46
-86
-49
-18
-53
-81
-42
-86
65
45
66
50
32
50
62
44
65
102
81
109
96
62
98
115
84
120
-63
-37
-62
-40
-19
-40
-61
-35
-62
-66
-32
-67
-42
-16
-42
-69
-35
-69
-247
157
-252
148
92
148
-241
161
-219
-75
-42
-80
-48
-20
-50
-80
-53
-90
60
37
60
41
23
40
63
40
64
-37
-23
-37
-23
-11
-24
-39
-24
-39
0
0
0
0
0
0
0
0
0
-70
-42
-69
-43
-24
-42
-68
-42
-68
-76
-24
-82
-37
-8
-37
-74
-33
-78
-74
-42
-81
-42
-16
-41
-82
-46
-88
55
40
54
45
28
43
58
40
56
-79
-42
-78
-47
-18
-47
-80
-42
-80
-183
-86
-183
-107
-55
-121
169
101
179
-66
-41
-67
-46
-28
-47
-68
-42
-69
72
53
75
54
37
57
71
52
75
73
44
75
52
27
54
71
43
73
-69
-42
-72
-50
-26
-51
-73
-43
-74
-50
-30
-52
-33
-16
-32
-54
-32
-53
-55
-34
-58
-40
-22
-41
-56
-36
-59
64
41
64
44
25
44
72
46
72
0
0
0
0
0
0
0
0
0
66
35
67
44
20
44
70
39
71
-57
-37
-59
-41
-21
-43
-60
-38
-64
0
0
0
0
0
0
0
0
0
68
45
70
46
28
49
70
47
74
-72
-46
-72
-47
-26
-43
-72
-48
-73
-68
-36
-69
-46
-21
-45
-66
-36
-70
57
36
60
41
23
44
62
39
64
0
0
0
0
0
0
0
0
0
74
52
73
55
35
54
73
53
75
-70
-41
-70
-45
-20
-44
-74
-43
-76
68
42
70
43
23
44
66
42
68
-65
-39
-72
-44
-20
-45
-67
-38
-69
62
41
65
49
29
51
65
40
68
-63
-44
-64
-45
-28
-46
-62
-45
-65
69
40
70
55
28
55
67
37
68
-46
-31
-48
-36
-20
-36
-54
-35
-55
0
0
0
0
0
0
0
0
0
-64
-37
-67
-40
-19
-42
-70
-39
-72
74
54
78
54
37
59
77
55
81
68
46
70
51
31
53
69
45
70
-67
-37
-68
-41
-20
-41
-65
-37
-67
-73
-44
-75
-48
-24
-48
-76
-43
-76
61
36
61
43
24
45
61
36
63
0
0
0
0
0
0
0
0
0
-65
-40
-69
-44
-22
-47
-67
-39
-72
0
0
0
0
0
0
0
0
0
70
46
71
52
31
53
68
44
68
-75
-78
-84
-76
-53
-79
-88
-80
-103
69
41
71
47
20
47
69
38
71
69
44
70
45
24
44
68
41
67
56
38
58
40
25
41
54
43
58
60
35
62
41
20
43
65
38
67
66
41
68
44
25
46
65
41
67
64
43
66
48
30
49
66
45
68
-105
-68
-109
-60
-19
-57
-115
-73
-125
67
41
69
46
26
48
68
44
72
-64
-41
-65
-44
-24
-44
-62
-38
-63
-63
-35
-65
-45
-23
-46
-67
-37
-68
72
44
74
49
27
50
72
44
73
-84
-55
-87
-49
-27
-54
-83
-51
-91
83
83
89
94
56
95
98
86
103
-63
-40
-66
-37
-17
-37
-62
-34
-63
-43
-27
-42
-30
-17
-28
-46
-29
-43
0
0
0
0
0
0
0
0
0
68
44
71
52
30
55
62
42
65
63
34
66
36
18
38
63
35
68
65
42
65
49
28
49
66
43
65
-53
-33
-56
-36
-18
-37
-51
-32
-54
0
0
0
0
0
0
0
0
0
70
48
74
59
37
63
78
55
84
74
54
75
63
43
65
75
54
77
-60
-45
-58
-49
-28
-46
-63
-41
-61
73
50
76
54
32
55
75
48
77
65
41
62
48
26
45
66
41
65
-53
-34
-51
-40
-21
-39
-54
-33
-54
-61
-34
-63
-40
-19
-41
-61
-35
-63
57
32
58
34
15
33
58
30
58
61
39
64
42
24
44
66
40
68
69
42
71
47
23
48
72
42
73
68
43
70
55
31
54
71
44
73
-61
-34
-62
-39
-17
-39
-62
-33
-63
-90
-44
-93
-46
-14
-49
-96
-48
-97
-72
-48
-76
-41
-24
-42
-73
-45
-77
-81
-42
-81
-46
-21
-50
-89
-44
-88
69
49
73
52
33
55
71
49
76
-87
-56
-105
-61
-18
-60
-94
-60
-112
70
44
72
48
28
50
69
43
72
-62
-38
-61
-40
-21
-40
-61
-39
-62
73
48
75
50
30
51
72
48
74
66
46
66
48
28
47
68
46
69
-66
-42
-67
-49
-25
-49
-68
-39
-68
-46
-30
-45
-31
-19
-31
-46
-30
-46
0
0
0
0
0
0
0
0
0
-60
-41
-60
-40
-23
-40
-55
-36
-56
-82
-52
-91
-50
-22
-51
-82
-45
-92
-58
-37
-59
-40
-23
-40
-62
-40
-62
58
35
59
37
19
38
57
35
60
-73
-49
-79
-49
-27
-52
-74
-46
-80
0
0
0
0
0
0
0
0
0
62
38
64
42
22
43
64
39
64
67
42
68
47
26
47
66
40
66
74
53
74
51
32
52
72
54
74
66
39
67
49
27
52
66
40
69
-59
-38
-62
-39
-23
-42
-59
-40
-62
-64
-36
-63
-46
-19
-43
-69
-39
-66
-80
-58
-87
-62
-32
-71
-95
-67
-101
-96
-26
-98
-33
12
-33
-108
-35
-112
