0
-336
19
188
-3505
33
-453
237
0
0
0
-1333
-107
0
0
82
94
199
95
34
130
6566
0
69
-788
0
0
0
-72
0
-348
55
0
970
-4982
-459
408
-931
-27
-639
0
0
0
-94
964
0
0
-5341
987
1994
-333
-2
-650
334
0
-377
191
0
0
0
-2762
0
-212
-1545
0
0
0
0
0
0
0
0
0
0
0
0
0
0
0
0
0
0
0
0
0
0
0
0
0
0
0
0
0
0
0
0
0
7338
1000
96
92
-333
1233
715
0
0
0
146
-3510
0
0
438
192
301
171
83
528
115
0
54
-119
0
0
0
-322
0
86
41
0
-493
-35
-667
-1814
53
-396
494
0
0
0
1591
-434
0
0
125
-25
-31
-375
49
-22
175
0
-66
-6822
0
0
0
-3
0
180
83
0
-1147
-3038
42
-167
-4671
-220
-38
0
0
0
164
-815
0
0
752
1397
40
-141
-262
-51
-46
0
-220
268
0
0
0
4377
0
-66
2447
0
-369
-266
419
-257
1171
754
850
0
0
0
726
-1115
0
0
184
144
-3847
241
-735
815
-131
0
-50
-138
0
0
0
796
0
161
-4881
0
-880
-106
-89
-2
1979
-675
1232
0
0
0
173
-400
0
0
-1302
-3565
1079
-114
287
-38
-53
0
-3772
-6
0
0
0
5730
0
-61
151
0
2654
701
-92
382
-134
-2985
-80
0
0
0
-112
-4579
0
0
231
21
-597
-56
-619
-1113
143
0
-181
-58
0
0
0
151
0
78
394
0
363
185
-252
-204
112
-4652
-3465
0
0
0
-230
-353
0
0
124
-354
97
205
-1124
-81
-65
0
41
230
0
0
0
58
0
291
315
0
-299
1159
498
-21
96
443
160
0
0
0
82
49
0
0
1696
1168
3291
-400
-834
-4517
362
0
1391
164
0
0
0
-476
0
-578
39
0
-395
3523
192
-200
-1840
50
-90
0
0
0
-42
-842
0
0
4336
-234
-588
112
-195
138
-54
0
-2807
-14
0
0
0
456
0
19
12
0
15
455
184
-277
1745
-619
870
0
0
0
-49
-64
0
0
409
-3983
-3770
283
624
-339
-141
0
-253
-114
0
0
0
1842
0
53
3411
0
-4013
-641
-49
99
531
2694
1793
0
0
0
-173
2513
0
0
-354
-241
379
-35
-9
-627
-136
0
4
292
0
0
0
-317
0
70
-189
0
39
-1132
45
-38
-3086
332
-1114
0
0
0
259
-168
0
0
-1097
452
3510
32
-889
44
-62
0
-179
100
0
0
0
671
0
40
-5142
0
1476
55
-3685
-751
337
2925
776
0
0
0
-1499
-1043
0
0
-37
-357
118
-144
838
342
-346
0
192
-1157
0
0
0
-75
0
170
-115
0
7
1
81
52
-284
-288
547
0
0
0
-190
571
0
0
435
-1505
-269
93
30
57
-78
0
356
198
0
0
0
289
0
239
-3925
0
-95
10
1151
1526
236
752
-852
0
0
0
-1182
-148
0
0
174
-164
94
1385
-171
370
-1297
0
129
-2266
0
0
0
84
0
-6310
28
0
778
-216
-165
683
146
672
5546
0
0
0
266
-1044
0
0
-889
-190
-606
-350
836
438
449
0
-332
-118
0
0
0
-129
0
-224
-268
0
1678
2295
497
-56
-1871
-257
175
0
0
0
-18
770
0
0
-25
167
-502
328
-32
-77
26
0
3020
-59
0
0
0
-162
0
225
258
0
0
0
0
0
0
0
0
0
0
0
0
0
0
0
0
0
0
0
0
0
0
0
0
0
0
0
0
0
0
0
0
0
0
0
0
0
0
0
0
0
0
0
0
0
0
0
0
0
0
0
0
0
0
0
0
0
0
0
0
0
0
0
0
0
0
0
0
0
0
0
0
0
0
0
0
0
0
0
0
0
0
0
0
0
0
0
0
0
0
0
0
0
0
0
0
0
72
222
-156
216
-156
-215
-612
0
0
0
115
174
0
0
163
-3
235
-104
10368
772
227
0
32
-64
0
0
0
-231
0
180
236
0
0
0
0
0
0
0
0
0
0
0
0
0
0
0
0
0
0
0
0
0
0
0
0
0
0
0
0
0
0
0
0
0
329
288
-16
23
-871
892
-530
0
0
0
94
483
0
0
717
-265
-901
227
-602
623
381
0
-43
57
0
0
0
-105
0
218
-4920
0
-302
-2432
-27
154
1675
-220
-336
0
0
0
-58
886
0
0
-1426
-69
605
199
133
-149
-491
0
1354
55
0
0
0
137
0
294
264
0
0
0
0
0
0
0
0
0
0
0
0
0
0
0
0
0
0
0
0
0
0
0
0
0
0
0
0
0
0
0
0
0
0
0
0
0
0
0
0
0
0
0
0
0
0
0
0
0
0
0
0
0
0
0
0
0
0
0
0
0
0
0
0
0
-24
398
21
-329
1433
-507
203
0
0
0
179
-733
0
0
2879
510
392
0
735
-1702
-240
0
-2051
708
0
0
0
360
0
-234
-126
0
-143
174
79
-201
391
-548
714
0
0
0
100
-65
0
0
39
-4885
430
132
-125
403
-221
0
134
115
0
0
0
-651
0
58
-4184
0
-834
3249
77
101
-3106
246
-74
0
0
0
-105
-897
0
0
806
-1144
-3467
202
-98
129
-223
0
4635
-92
0
0
0
-273
0
262
1123
0
-4
-69
1832
-3084
-44
-191
-150
0
0
0
768
175
0
0
-106
-196
13
5461
716
334
1955
0
-192
2182
0
0
0
256
0
-1617
64
0
0
0
0
0
0
0
0
0
0
0
0
0
0
0
0
0
0
0
0
0
0
0
0
0
0
0
0
0
0
0
0
0
364
2395
-96
107
5486
-905
936
0
0
0
-313
515
0
0
-2718
575
72
-95
162
-386
119
0
3083
332
0
0
0
1159
0
-25
-2522
0
-15
-8766
10
64
1896
-307
130
0
0
0
-6
-278
0
0
2122
-794
-589
-178
164
-74
-18
0
-1046
452
0
0
0
-59
0
4
27
0
287
-389
416
132
1586
-516
120
0
0
0
-249
-545
0
0
3213
945
-10
180
277
-623
-28
0
-6321
250
0
0
0
-123
0
-99
-900
0
-5045
-400
-76
-109
133
264
-1715
0
0
0
-107
907
0
0
549
-34
40
-273
514
-1215
-204
0
88
-21
0
0
0
35
0
-209
-7
0
-296
19
389
-317
509
126
530
0
0
0
653
-179
0
0
-129
-5710
2803
315
-229
-129
-268
0
1099
115
0
0
0
-345
0
171
272
0
476
1219
186
-123
-2211
551
-687
0
0
0
-40
169
0
0
-1529
-4487
-168
403
29
221
-148
0
-4485
-142
0
0
0
-5664
0
217
871
0
-77
-7
1892
-482
-33
-167
395
0
0
0
244
-277
0
0
-77
105
-8
-4306
343
-204
-69
0
-41
414
0
0
0
-56
0
6451
61
0
-197
-24
-3
-1709
-161
-518
874
0
0
0
-4189
-287
0
0
-2
96
327
-1151
303
-186
-320
0
-56
-5477
0
0
0
23
0
-483
47
0
-408
-44
-2050
249
39
-147
541
0
0
0
-474
-396
0
0
-1
97
55
7137
355
-5
-281
0
-59
-936
0
0
0
-32
0
-4900
92
0
-340
-43
-415
-1384
105
-171
199
0
0
0
-7279
-519
0
0
95
-65
77
5
-72
-49
-572
0
1
2016
0
0
0
-119
0
183
47
0
-63
2300
178
-141
-2049
521
162
0
0
0
-354
23
0
0
-78
118
-431
567
-1452
-768
-723
0
-1524
-894
0
0
0
-272
0
404
158
0
-114
-108
4787
-736
175
705
-991
0
0
0
-383
-84
0
0
0
-355
-139
-5245
-115
611
751
0
-30
-228
0
0
0
172
0
-1209
-37
0
0
0
0
0
0
0
0
0
0
0
0
0
0
0
0
0
0
0
0
0
0
0
0
0
0
0
0
0
0
0
0
0
-3
-178
20
-91
-239
-8686
-5880
0
0
0
113
-669
0
0
144
-1066
-468
-15
-985
-328
12
0
276
75
0
0
0
90
0
110
-224
0
-596
-306
149
-151
216
-574
1505
0
0
0
-115
-505
0
0
-283
459
-2305
45
-135
607
-23
0
-390
-11
0
0
0
770
0
190
-1893
0
0
0
0
0
0
0
0
0
0
0
0
0
0
0
0
0
0
0
0
0
0
0
0
0
0
0
0
0
0
0
0
0
151
272
-21
-172
-1149
407
-444
0
0
0
245
386
0
0
487
2074
-1471
-124
-71
318
-75
0
-569
-36
0
0
0
-1143
0
-92
-4089
0
508
281
-43
-107
112
-4239
-1282
0
0
0
152
-3184
0
0
391
-330
-1025
-366
-567
-1046
-22
0
90
90
0
0
0
-20
0
-225
643
0
-239
-5
-865
-341
-358
-6921
-2544
0
0
0
-1217
187
0
0
-173
272
-406
-151
-475
578
-15
0
-100
-167
0
0
0
136
0
-116
65
0
0
0
0
0
0
0
0
0
0
0
0
0
0
0
0
0
0
0
0
0
0
0
0
0
0
0
0
0
0
0
0
0
123
43
187
422
-15
-98
-571
0
0
0
-6006
31
0
0
-5
30
-232
619
-150
514
49
0
-113
1660
0
0
0
-27
0
512
-106
0
110
3647
26
-4
-860
-349
309
0
0
0
-116
-265
0
0
-7338
-147
-504
-99
-64
-80
73
0
3087
89
0
0
0
512
0
-117
479
0
-206
-233
-21
-119
-567
-597
-1262
0
0
0
280
-98
0
0
-568
2004
813
57
-126
-659
-293
0
-169
-22
0
0
0
587
0
-35
3745
0
-7013
51
-469
76
552
-299
-405
0
0
0
-1
2592
0
0
413
45
-125
-293
-83
349
69
0
37
-68
0
0
0
-117
0
-232
153
0
-199
7
-402
7556
51
-347
413
0
0
0
325
-196
0
0
31
-2
70
-256
283
-58
-4451
0
67
636
0
0
0
-38
0
-738
5
0
-76
-31
266
-235
613
-869
1502
0
0
0
469
-9
0
0
-148
-4116
2315
82
-219
50
-58
0
1032
2
0
0
0
-129
0
37
1288
0
-136
-384
-104
-61
-384
-412
1102
0
0
0
-174
-364
0
0
-364
4796
-3118
-144
-105
211
141
0
-457
-52
0
0
0
2478
0
8
-1170
0
59
-118
-483
-6231
57
701
-515
0
0
0
-1048
-99
0
0
22
-116
-118
-5
-404
585
4431
0
-30
-1736
0
0
0
-25
0
-103
-77
0
5695
819
80
-57
-410
116
1694
0
0
0
-39
-6655
0
0
-165
127
-204
30
-445
237
-28
0
-324
-52
0
0
0
33
0
-19
-138
0
243
-180
-316
270
607
-627
-170
0
0
0
-170
-104
0
0
-874
4127
-2968
-194
341
-1158
53
0
-1274
-633
0
0
0
-572
0
10
4311
