67
96
98
90
55
61
59
66
122
0
73
123
0
114
71
82
80
89
63
74
94
116
120
59
99
70
99
107
90
54
107
115
78
106
69
96
112
103
164
59
93
106
87
75
77
136
129
131
83
93
82
86
87
54
69
110
97
122
56
0
110
73
86
98
60
90
71
135
65
79
65
86
244
98
115
67
142
76
87
59
79
98
58
183
90
62
75
115
95
144
106
60
71
59
66
100
59
91
163
75
120
104
143
85
89
60
97
86
62
93
96
108
103
91
100
58
62
64
91
85
72
0
90
87
70
83
90
70
67
0
127
95
158
82
118
70
90
87
100
79
58
65
49
77
90
143
86
88
61
103
143
107
98
121
93
123
78
78
67
58
57
309
130
91
158
141
80
109
60
78
0
73
0
64
107
108
75
60
101
126
97
92
66
165
80
119
172
163
65
121
83
76
129
120
67
86
224
99
139
76
139
85
98
59
0
60
72
144
97
0
98
101
123
86
134
55
79
90
168
0
183
110
149
77
156
169
205
58
113
57
101
158
97
0
110
64
58
56
88
90
152
122
75
68
75
97
92
171
119
64
111
178
96
83
77
200
101
98
103
90
69
60
94
130
100
101
107
58
71
147
115
107
115
99
119
120
132
103
140
92
82
55
137
0
77
73
81
79
0
66
55
59
97
63
60
87
138
79
109
121
136
90
68
75
107
122
60
167
73
100
337
75
99
0
58
109
80
63
107
91
81
101
123
66
71
108
124
127
69
295
67
117
165
60
80
0
71
76
77
78
100
75
124
88
103
68
100
79
89
86
165
88
107
112
72
0
115
102
78
109
0
92
91
90
149
122
95
62
84
85
0
94
55
137
65
0
82
128
87
69
200
101
80
133
73
72
85
145
96
147
79
79
89
92
159
101
86
72
0
109
0
103
139
110
123
102
88
133
131
70
85
105
108
178
117
111
86
62
129
71
108
62
117
210
105
55
140
71
74
105
196
61
76
109
91
65
146
133
149
78
102
96
72
72
107
89
101
149
84
97
59
84
0
118
83
87
171
65
128
100
92
85
52
0
0
84
76
92
91
74
112
0
138
77
92
58
59
0
117
91
105
73
78
108
61
113
69
115
75
114
0
147
132
73
83
0
94
66
72
62
89
110
80
74
0
73
75
138
101
187
72
191
