637
-189
-1167
3082
606
3498
1743
393
0
-222
-672
-1533
2955
1322
-483
3004
-765
3260
-258
-467
-77
-82
0
-358
-506
126
-853
-753
0
-1654
0
0
2276
-450
-1005
2112
0
-1040
2592
1799
3078
-315
-1696
-469
-68
-973
3820
111
226
-1053
3363
1134
-604
-778
667
-616
680
-975
-428
653
468
552
338
265
256
2288
-278
-311
3104
116
-1318
-170
230
-236
306
0
-238
2310
1850
-465
-264
-21
-776
-1242
-1278
-1029
0
1854
2194
2607
-336
4688
84
-66
-508
-627
1333
2935
4093
-825
-15
402
-751
484
1657
23
2506
-610
2362
277
-83
3838
131
-730
2958
-590
-959
-399
-792
3460
-18
0
2450
-127
-144
689
0
-113
-8
36
-515
2070
-4
-359
238
2656
5123
-892
787
516
505
-82
-211
3058
0
2049
-930
3125
150
2015
0
-53
1128
0
-180
2378
2894
297
-219
491
2977
2612
0
-133
-988
3154
-1652
821
2799
-429
0
402
1176
2585
-354
-965
-218
-701
169
-1020
2314
452
-104
1699
-650
1105
601
2930
838
2467
946
1787
520
2719
-805
3497
-495
1071
-1391
2270
2983
1463
101
2
-1145
-312
-517
839
997
2203
2648
1020
-860
832
-548
-505
67
0
29
0
-1203
-560
577
3599
-444
1576
-896
474
119
2400
328
0
-51
762
-248
-901
-486
2565
-1068
3197
2638
-1403
1718
-505
-499
0
43
-553
2377
-674
1984
1712
58
951
416
-162
273
0
-573
-1586
-965
-241
296
1957
606
-613
1415
-1078
450
2400
-136
-507
2886
-95
-271
1447
1790
2869
1188
-260
2455
-374
-59
2601
264
3635
-199
2376
199
0
2534
-738
-1627
-15
568
334
-1337
-381
-66
111
1331
-1195
-35
0
-2153
2225
1247
2882
586
-787
-333
0
0
0
2720
2187
50
2346
91
-2
16
-596
-766
-821
155
242
3688
-1247
4437
-174
2688
459
359
2675
1917
2064
2354
-1063
2623
2772
1213
-1443
-600
102
-572
0
-201
3069
965
2892
-758
-29
2543
2061
-715
81
582
-118
-451
-411
3642
-1496
358
-310
-750
1974
3070
205
1820
541
1916
0
-162
-241
103
-1138
3811
-180
3099
-230
-647
1616
3352
-1013
2067
421
0
2450
-315
-11
0
-396
3317
0
-41
-643
2010
2879
-1022
501
-121
0
122
-681
764
175
-567
2683
748
2781
2134
-30
-900
556
2866
3139
1255
-1397
387
-679
1267
660
74
2980
-28
882
-159
-945
14
-1023
-1108
574
1360
-701
-196
2167
-595
144
2973
2622
-678
0
1678
2916
1550
57
-772
0
-695
142
383
-408
-380
1695
-221
-315
236
210
2278
169
-391
1243
1378
-1885
-483
2670
2792
0
2004
0
2346
2149
1667
2849
510
-1051
-710
1254
742
2394
-1180
128
-35
-1684
-1388
1729
3882
250
-1048
-268
-148
-30
-485
0
-567
2796
-506
-1522
-214
-782
394
517
746
180
1336
-348
-20
2671
0
-1645
-1319
-657
