-3857
-1302
-1727
-1928
2213
397
-1320
2183
-5985
0
-432
-16
0
1326
-787
-1550
-196
-1680
1635
138
-1188
-814
503
819
-2078
1311
-1148
-1890
-1383
334
-330
1160
-1548
-1420
1547
-1781
1373
-141
-2332
-136
1253
-354
-266
-555
-197
411
527
1902
-1071
2049
1171
-707
-296
-57
969
1508
-1077
2320
-1085
-3
741
460
-3682
2027
-1835
1721
-919
41
1017
-1059
-553
-33
-2187
-1975
987
613
-24
46
975
-2191
1151
86
-526
333
1561
-1903
-2744
2369
-481
744
-1844
-872
405
-418
1771
1334
-1654
-2326
2802
659
1633
-3169
1640
805
-1458
520
-60
-1211
-94
-814
-2855
-705
1618
-301
-629
-371
1622
322
-2163
-1542
-2549
0
426
90
-1537
-1094
-3099
-2801
-2467
0
1027
495
598
1395
1463
-1134
-1023
2456
-300
-3459
-1697
-1595
-1849
-1855
388
-798
536
-658
-408
-403
-2827
-2822
-87
1027
-1489
25
585
1746
204
-791
-504
-628
81
-1150
-2047
2090
-1068
754
-912
-1099
0
-614
0
-549
-1465
-2606
-869
164
-2342
123
-1287
-2830
1772
1559
-2536
-1537
2022
-115
-1283
600
1485
-1167
-814
-1286
-493
72
-1256
-2423
-1884
-1491
841
-1699
-1256
-602
0
-858
1879
-1381
-1394
0
-542
470
1462
-1272
1811
-2390
-56
1060
1293
0
-587
-1154
1718
233
-609
1568
305
785
1755
311
-1933
-826
-1028
0
-1532
1004
-365
-2091
419
-115
1389
-388
-518
-203
118
1052
-2670
-794
-465
597
-770
595
3494
-837
-3181
99
595
434
-1762
-3170
807
-402
775
970
-354
-1979
712
-2680
-390
2676
2805
-680
-3079
-398
-1976
-277
316
-330
-1051
-537
-652
-1729
-943
0
-2709
-38
-83
-540
0
-2692
1594
-596
-563
-2097
-1302
-1061
878
-172
-96
-173
914
-2911
495
-1707
1283
-219
568
-187
1748
-506
1781
-2558
-1785
0
1593
-1379
-1687
1176
-3528
-746
-1432
-3146
-521
-738
-10
74
-583
-217
-20
473
-1571
-404
1048
1182
-1745
0
-1222
87
-1781
-1307
2375
1341
1876
646
-1027
-65
-1624
-2173
-2198
445
-417
-2775
2281
-2447
1759
0
-1809
625
-56
-1816
0
30
-2380
1535
895
-996
-3563
-1661
-3103
-1271
0
256
170
1416
-517
0
-1640
-3446
-589
-783
-1475
2061
-2714
1542
-815
-429
905
-2558
-958
837
-17
1941
1413
-427
-3924
-1942
1008
-2451
0
-838
0
-1788
199
-304
-3731
-325
767
-758
-463
1051
242
3409
-2593
406
-662
682
-200
77
-164
766
-335
1909
-959
-1390
-619
1016
3095
-569
2143
-1616
1338
2036
-790
1105
-2042
-2129
1448
-1284
3892
-1289
566
123
-1436
-1854
1789
713
-1893
-2058
950
-670
-224
-620
0
-950
-2467
784
139
345
1598
1286
1039
-2946
-1480
0
0
406
-1183
1888
1692
-511
-1131
0
1567
-1115
-2775
602
-892
0
1114
496
-1698
594
1038
-1525
-586
-1924
-184
-1751
551
-586
0
1023
-1545
-685
-1765
0
-1098
-2396
-12
1106
268
-1938
-2068
488
0
-252
1256
706
497
-1758
-873
2622
