1297
1012
1349
1392
1200
821
710
877
2977
0
1169
1606
0
1317
1549
783
844
1102
1095
798
1043
1379
1648
917
1292
1345
887
1298
1148
886
926
955
1443
1710
629
1543
913
1497
1469
969
1059
1115
1250
1136
817
820
1928
1518
1731
1108
661
1385
1513
827
1184
962
938
923
1076
0
1075
1416
1022
1203
925
1039
990
745
802
1132
1110
1438
3218
1036
1353
1159
1416
843
1118
851
626
1076
1061
2143
717
1011
1123
680
1044
902
1026
881
800
834
774
1428
1452
1160
1476
566
979
1735
825
854
1244
1027
990
881
913
1198
765
1092
1030
957
1044
1261
609
1014
1240
771
855
0
869
970
770
1161
1365
1424
1200
0
1924
1002
939
1212
768
1024
1248
609
894
905
836
727
690
1254
886
838
1621
1100
965
1049
1170
556
1429
683
1854
921
1142
684
1259
980
1055
2101
1477
1322
2106
651
869
1096
1058
1165
0
1108
0
1177
778
1026
1254
1283
1115
1046
1187
906
877
744
1549
1021
1387
2225
874
1033
1020
1516
1492
1573
1026
1171
1849
1022
1520
1249
694
709
1176
1012
0
860
867
995
1036
0
842
936
1103
741
1090
1011
1365
848
967
0
1680
1154
642
858
1233
966
1804
990
756
925
1461
1492
969
0
699
1199
939
754
1093
794
784
1153
948
1131
1217
772
625
2390
2411
1581
808
1055
586
978
937
2223
1183
1144
1421
1205
1180
1032
724
772
770
1454
1732
1358
739
675
883
855
1746
938
1072
551
994
1007
1923
962
708
919
1224
0
1252
1102
766
1811
0
967
1016
1069
727
1025
872
859
592
1081
1139
1637
1016
1139
1500
669
962
709
1253
2187
1249
1349
4123
1005
946
0
1142
872
1203
1000
1933
1534
1269
876
1328
1101
1186
1450
1255
858
1201
4690
1080
1129
1438
923
1209
0
1748
1967
1775
1132
2199
806
577
714
928
1383
1256
1285
1250
989
1709
1121
883
1107
581
0
913
1133
1198
1469
0
1724
977
607
1420
1320
1108
942
1315
1202
0
1510
711
643
616
0
1375
1050
1068
1158
892
1019
1010
883
941
1392
976
1525
1372
730
1169
1078
627
1346
3047
1555
845
1185
0
1325
0
923
921
872
1299
1732
1358
807
654
1163
941
1868
775
1689
716
608
1369
1138
1002
1016
734
1009
835
2174
1210
963
624
796
732
1282
1107
978
1250
1305
1355
1107
808
1241
1026
829
1036
2627
1200
855
1016
825
1102
1642
1085
1256
1227
833
0
1342
1034
947
1133
1231
837
675
1170
1722
839
0
0
1394
954
944
1341
978
1266
0
1127
827
857
1161
1236
0
731
1714
1004
1189
1719
824
1065
1108
906
1210
928
1082
0
612
1893
942
1281
0
1110
1642
1070
1223
972
2256
821
813
0
938
964
896
1867
1658
844
865
