-683
13854
-20
-83
77
6498
-114
45
6582
5400
6092
-127
7258
135
84
11611
127
4153
-2
228
-732
45
29
168
-227
0
4371
12601
76
3953
-14
106
14015
3981
3335
6617
170
-142
0
5996
4131
-114
-122
12249
118
0
-994
168
113
5531
-49
0
-11
3950
-1553
0
98
14651
2832
-1894
283
-215
-26
7885
55
5965
66
0
-81
4465
15
169
4114
3716
5201
4662
3895
-299
215
282
5591
5472
3951
-322
4440
-291
0
-162
-68
48
64
69
139
41
5190
0
-25
0
7155
28
-265
4336
82
4
279
5741
177
3424
8214
87
8
1098
0
262
-265
-293
106
4372
0
198
297
66
14047
13
3906
-949
-107
98
