287
240
234
203
208
126
220
266
279
294
209
191
278
244
142
283
247
292
173
246
278
0
311
349
175
236
355
244
107
261
355
325
265
216
212
269
270
-175
237
295
296
259
298
0
0
243
324
330
202
155
299
233
0
192
186
292
317
252
171
332
179
171
102
174
295
216
269
240
255
193
191
247
276
349
329
191
309
267
237
360
280
234
363
134
443
211
181
96
0
204
263
196
304
350
283
142
298
271
314
303
266
167
0
266
241
190
198
140
287
254
210
0
186
0
297
259
270
0
244
236
0
277
252
244
275
250
254
268
222
353
343
263
220
267
241
213
208
268
290
232
232
0
239
238
277
252
272
0
225
175
352
239
246
262
169
320
220
206
319
200
277
133
193
242
374
346
297
252
263
252
337
166
-158
228
248
271
0
201
305
217
345
239
247
354
279
224
227
0
165
219
347
238
265
253
291
277
258
249
346
315
240
297
202
152
317
213
228
268
240
230
341
292
262
185
330
249
286
160
255
255
0
301
0
173
274
225
349
179
188
295
354
262
0
0
216
231
281
269
142
195
217
203
323
259
259
288
166
300
210
300
0
222
311
111
219
0
0
337
293
221
164
285
210
218
135
338
131
280
244
228
207
316
242
157
0
274
103
213
252
232
348
226
219
295
202
311
203
218
277
184
309
254
175
202
282
270
216
325
330
340
217
224
263
280
217
192
223
196
261
257
285
222
211
344
0
262
252
181
116
253
372
288
0
288
252
231
271
363
218
1
292
0
288
216
193
197
268
186
132
0
227
298
307
167
256
235
0
288
257
203
143
255
261
296
189
207
226
349
263
241
0
161
241
242
252
251
226
226
303
254
212
236
288
312
0
416
347
358
241
336
240
398
351
291
300
255
322
259
272
278
217
0
249
251
133
286
302
278
247
271
255
290
324
208
0
199
258
354
204
232
317
340
0
143
224
210
257
251
160
287
200
0
291
304
218
274
305
227
211
246
290
220
286
299
364
305
235
223
206
202
0
152
306
102
221
265
246
298
293
319
223
345
343
289
259
179
287
272
233
239
186
336
217
251
171
205
243
0
302
247
250
171
0
220
232
336
207
238
323
363
0
245
301
281
259
267
229
320
261
287
186
266
265
245
266
285
246
304
191
291
284
118
251
198
242
187
493
287
282
199
287
259
