-118
-341
-300
395
0
-361
161
-28
20
-91
69
1087
0
65
-261
-106
-435
-411
229
173
367
-204
-103
18
180
202
-62
0
252
96
-64
-253
169
-61
0
77
-282
-153
82
232
32
0
-4
-300
268
-191
-118
-451
191
-846
253
-199
502
-283
-362
-13
-241
322
167
-104
-590
465
-245
-253
0
0
243
25
68
238
0
311
954
-19
-85
-177
-538
-129
0
0
89
-76
-579
-363
-96
-346
5
-743
-184
-216
-240
-346
-334
-19
-165
-96
0
-71
-74
288
-438
-1
101
-341
171
-73
-1589
-87
0
237
-90
214
563
-93
-419
0
34
347
0
-9
-158
279
279
218
334
300
134
-5
-344
124
246
-418
0
-107
-387
551
53
326
-311
460
529
-153
-18
393
128
108
214
-48
-60
-84
-2
144
151
-251
286
172
-37
157
-371
227
-266
-103
-459
13
643
-30
3
192
0
76
125
7
382
-238
-344
422
190
342
132
-453
-39
-432
352
230
195
287
176
-13
-53
70
-4
25
-194
-140
-167
10
-263
-237
151
-472
-10
-120
0
-215
120
231
446
309
-70
-103
-486
-349
-142
135
-108
-104
-233
419
-100
-388
9
-204
-386
-604
151
51
87
195
229
152
21
20
411
0
-236
-721
186
527
-65
286
-44
-354
-563
-285
-228
-111
-329
-261
112
-376
-709
-239
199
-447
229
-48
-131
295
-297
419
-155
421
-402
-194
632
132
192
-57
83
-50
-125
49
-277
59
-152
-271
-141
-607
-176
-403
50
116
-100
-100
-255
55
195
0
137
0
-35
205
13
-416
240
-147
-3
-1
-197
199
280
-257
-179
115
312
-24
85
-292
233
-102
-391
46
379
242
354
-383
131
-311
-8
91
-550
116
-37
-193
352
275
-57
0
82
-31
141
-155
-334
-362
192
-379
381
0
357
578
117
-160
-556
-57
101
43
-120
74
-104
-107
181
609
-176
403
-239
-1
-310
44
-248
-109
459
103
-395
209
353
237
-291
456
16
-730
132
27
66
-178
-60
-488
0
-314
-153
-9
95
423
42
344
-624
41
-266
-173
-33
457
113
-426
82
488
-244
-106
-126
-16
-448
0
-375
125
-273
149
411
-108
432
298
-53
-8
74
0
202
-117
271
-45
-408
-16
438
-96
156
343
-48
-583
446
0
73
-92
187
178
-765
281
150
377
15
288
-14
-15
-461
204
22
-135
-179
475
320
58
-182
-37
-141
171
-482
-356
177
-62
-350
545
-176
629
258
-664
-67
-449
-649
-20
-21
53
100
102
-102
-213
-165
-209
-300
-261
-21
-334
-529
178
546
-627
141
-21
320
-172
-107
202
-7
265
-631
-65
0
49
-279
-262
-33
-34
364
223
-1
-28
238
65
66
-316
53
-420
148
-176
395
75
-186
-470
