-238
47
88
158
-145
-175
-131
-261
96
0
-179
-157
0
-588
-277
118
61
-99
-176
38
68
114
147
-188
93
-213
68
59
96
-112
55
233
120
127
-569
100
146
135
130
-114
169
-167
97
161
78
-47
-234
-892
-205
-524
-257
58
96
-116
121
-896
104
-539
-175
0
97
-129
55
64
-81
21
55
-710
-154
104
84
108
290
47
-651
-120
91
-198
29
-145
48
132
-134
192
-665
-160
55
-428
-273
-837
106
-94
-181
-112
-135
129
-146
68
-863
-224
-395
128
-80
59
108
-104
-207
-294
-182
95
33
96
-869
51
93
-115
-162
-155
122
67
49
0
47
-342
15
107
111
-157
-141
0
244
65
-816
-192
93
61
-338
-487
-589
74
-149
44
-87
-223
72
-657
-236
-186
-128
-261
66
55
98
-592
-330
49
-122
-22
-152
-95
-99
57
171
86
189
-683
30
-239
-164
83
0
66
0
-200
42
73
98
-143
33
-178
-130
111
-179
-1025
87
52
-918
218
34
157
204
-161
104
160
-110
-232
97
60
115
79
-640
58
68
-194
0
-84
-83
42
-206
0
-264
14
-485
21
-860
-89
-133
-12
282
0
156
158
-494
-169
101
35
72
-127
-626
-122
95
73
-196
0
-284
-200
-70
-48
107
-187
-764
-403
-118
-90
106
-770
22
200
570
-175
49
131
22
114
48
189
93
103
122
45
91
-111
-33
-773
-172
-145
133
-134
33
34
-513
38
82
99
58
-453
102
80
355
55
42
-53
111
0
118
-241
37
-125
0
-155
-115
-179
44
66
-113
85
-31
-165
38
25
-752
104
-212
62
-657
-2
-152
-95
-203
162
156
85
54
0
-150
36
105
-183
165
87
119
60
-315
-119
-141
-260
-196
-288
-183
339
-135
-133
-67
-218
73
0
-238
-213
-107
103
-128
18
-294
11
109
-143
80
125
110
-163
129
63
-951
-76
-166
0
41
-194
87
116
0
-174
38
-229
234
99
71
-174
115
-256
0
-244
-87
-758
-149
0
120
22
21
84
-749
-253
66
-758
124
-136
-270
-275
-320
-685
-462
-555
-577
72
-215
114
-457
77
0
61
0
43
169
-225
88
-187
-140
-255
-339
-163
83
-364
42
19
26
-400
71
-118
-306
-148
-501
-119
-247
150
97
-115
-121
-174
90
58
-843
-112
101
-483
102
57
-589
-137
-802
-186
40
183
81
-178
-567
-459
81
110
-245
78
-127
31
0
111
85
-300
81
-160
-764
-353
-572
94
-52
0
0
-187
71
-628
-259
-216
116
0
-82
42
34
-143
-138
0
-352
-182
74
-177
-230
-196
-122
42
-90
87
-247
86
0
-637
113
45
96
0
-161
-297
130
-173
92
229
99
28
0
-187
53
-881
201
52
69
-1150
