712
621
586
595
618
619
513
479
587
733
626
0
542
369
628
514
580
549
683
486
381
374
366
851
694
434
336
0
667
503
344
237
0
529
392
878
528
0
694
339
730
305
589
472
421
331
744
504
556
0
512
355
323
626
421
672
531
0
245
0
472
0
592
517
639
448
597
690
612
621
577
0
794
801
461
379
734
500
665
458
0
477
551
509
0
689
438
613
576
583
308
650
315
281
654
475
490
720
433
497
524
624
751
599
704
593
719
659
430
431
369
0
276
567
366
637
663
510
467
488
567
634
734
694
758
492
0
679
791
513
398
392
676
465
481
641
538
516
382
473
714
275
0
452
779
607
405
652
378
683
250
591
724
801
395
544
421
774
459
729
496
430
467
577
659
389
331
475
0
461
312
409
773
420
616
557
452
491
723
0
0
667
686
644
755
335
809
611
424
0
649
640
326
580
538
788
0
488
417
591
542
415
591
684
539
644
457
624
585
428
498
326
570
410
603
707
597
524
360
404
736
595
541
768
476
407
615
553
453
493
726
748
578
839
370
382
408
485
559
425
253
639
0
460
611
703
639
339
588
406
603
584
535
526
502
630
