7111
4701
8658
8107
8956
9232
9035
9428
3031
8832
8862
10896
10551
9154
6161
3859
9064
9400
7830
8154
7367
7994
7770
9870
9256
0
9352
1366
8289
9801
8052
1904
2310
12302
9641
4088
7814
8680
0
9759
4940
6862
11377
3304
8633
0
7471
9837
9143
10372
9084
0
8235
10763
4350
0
9263
3176
4877
5502
9077
8317
7194
11542
5463
8733
8981
0
9831
10276
8178
9872
10180
8978
10198
9334
10246
3769
8999
10532
9567
8950
9036
3893
3639
10360
0
9632
7642
10421
8082
8497
8112
11154
8233
0
11777
0
9542
7548
7597
12606
9197
9259
9127
9358
8313
9188
9527
8232
5517
3329
0
5231
10911
10384
8811
9523
0
9941
8940
10184
3412
9406
11020
3793
7638
10141
