-61
-9
-307
5
4
-9
-276
-52
5
0
-11
-13
0
5
-73
6
-20
7
-269
-15
0
-107
-27
5
6
4
-189
-51
-74
3
-111
4
-115
4
-5
6
-142
5
5
3
11
-14
4
-12
-29
0
5
-28
-95
8
-18
0
2
-9
5
4
-10
4
3
-10
-18
0
-12
10
-173
7
-231
-92
-27
0
-13
0
5
-145
0
6
-7
5
-17
-54
-12
5
5
-78
-13
5
6
-7
5
0
-39
7
7
4
-96
-10
6
5
-365
-13
-108
-10
4
0
5
-103
0
-17
6
-10
7
-84
5
7
3
5
7
6
-68
-200
0
-47
7
0
7
-51
6
6
5
6
-40
-10
9
5
-12
0
5
-17
5
0
0
6
6
8
-18
-18
5
-11
-372
-21
-15
-141
-43
-315
5
7
0
-18
-14
0
4
0
-13
4
-13
5
0
4
-140
5
-59
-28
-13
0
-16
-10
-12
-10
-14
4
41
3
-11
-11
-33
-67
-15
8
0
-14
-66
-9
7
-10
-126
4
-9
-38
12
-8
7
-11
-103
-15
-18
6
-9
-55
-14
-61
-11
8
7
16
-17
4
-24
5
5
-31
7
-17
4
-12
-16
-9
5
-282
5
0
-32
5
6
4
0
5
-15
-29
3
4
2
-9
6
7
5
-9
6
0
-13
-133
8
-24
5
-14
5
-11
-10
-147
-107
12
-285
4
-13
5
6
7
-8
-15
9
-96
7
-73
-19
7
7
-56
-22
-11
4
-361
-21
-11
0
9
8
5
6
5
-43
-12
-1040
-293
-11
-288
0
4
7
6
-15
-12
6
-15
-7
8
0
0
-18
-109
3
-37
-10
-277
5
-13
-11
3
7
-15
-38
-16
2
-78
-67
5
-230
7
6
-93
4
-15
-15
-64
3
5
-27
-49
3
-326
-255
6
5
0
5
6
4
-15
-47
-10
-31
-13
6
4
6
-18
-20
5
6
4
-344
6
-314
8
-48
-16
-67
-29
-37
7
4
-15
5
-18
-18
7
3
7
-9
-289
-42
-67
0
-26
-10
7
-246
3
2
0
3
-61
-28
-31
5
10
7
0
-354
-26
-74
5
-48
5
-44
-69
7
5
-15
0
-323
-155
-17
0
5
-20
0
4
-61
6
6
-21
5
-13
-41
0
6
7
-12
-261
-47
-11
0
0
-10
-25
4
6
-7
-15
5
-51
-45
6
-9
-17
-49
6
-215
-18
3
-58
6
5
-242
6
-43
-79
-31
-304
9
5
-233
6
-13
-123
4
5
-13
-14
-9
8
6
-61
7
5
-130
5
5
7
-69
4
-17
5
-11
7
-6
0
5
-16
-15
1
-15
8
0
5
5
-15
8
5
7
0
5
-22
6
0
0
-108
0
2
5
10
-47
6
7
7
7
2
6
9
6
-54
-15
-15
-17
-10
5
-50
-38
-99
-12
5
5
7
5
-184
-97
-6
-47
4
9
5
6
0
5
-21
6
-14
6
-20
0
5
-11
-86
6
8
6
0
4
-31
0
-109
-68
8
-14
-379
-178
-64
-192
-17
-19
0
-10
2
5
7
-12
4
4
-40
10
4
-200
5
-17
-54
8
-14
0
5
-12
-12
7
-20
-272
-11
-310
-34
2
7
8
-17
7
8
-16
-77
-367
3
-29
-41
8
0
7
9
2
3
-8
-56
4
-21
-38
3
6
-10
6
10
-12
9
-17
-121
-14
5
0
0
7
-57
0
-11
-7
-325
-9
0
5
-48
5
-174
5
6
-14
10
6
4
-320
0
4
0
-84
-17
4
0
4
-82
0
-8
-46
5
5
-11
-22
-259
-137
-21
4
-285
-56
-28
-273
0
-12
-12
-10
-12
12
-12
-119
3
-34
-160
-63
-24
-6
-73
-321
6
-83
5
-26
0
6
-41
-34
-342
3
-10
-132
-12
4
-200
5
8
-10
-11
-8
-324
0
-174
5
6
4
-87
6
7
-149
3
-11
-345
-16
6
-213
-12
5
7
-13
3
-54
0
-26
6
-210
-10
-13
-237
-9
-27
0
5
-70
-14
7
-323
-47
-11
14
-12
-81
-9
0
4
-11
-13
4
-14
3
0
-11
-11
-9
-46
-12
-15
9
8
-92
5
7
7
-9
-13
5
0
-22
3
6
6
-255
5
5
0
2
5
-15
7
3
-13
-224
-154
5
-10
-9
0
-280
-357
3
-43
0
5
-7
-14
-11
-108
-78
0
-21
-65
-13
0
-16
7
-11
-11
-13
-19
-12
165
6
-81
-15
2
5
-12
4
3
9
-29
-14
-46
-22
-31
-26
-14
8
4
-122
-16
5
0
4
-63
5
-42
-15
-50
5
10
-34
-14
6
6
5
-10
5
-55
0
7
6
-32
-37
5
8
5
0
-13
8
-11
4
6
-11
-20
6
-16
-9
8
-15
6
-24
-26
-13
0
6
-27
8
-64
-19
7
-16
6
-10
-11
7
-273
0
19
4
8
0
-317
-9
-70
-8
-18
5
0
-378
5
-235
-35
5
2
-12
-10
-20
-68
7
-10
0
-12
-38
-79
6
-25
-32
-13
4
5
-16
-16
-14
5
0
7
-12
0
7
-15
-18
6
0
4
-18
7
-28
6
-6
5
-9
0
-33
2
8
-15
-11
6
0
-17
0
4
-298
5
7
11
5
6
6
-114
7
-17
-13
7
-144
55
-22
-15
0
4
10
6
-17
0
4
4
-24
6
7
-8
-11
7
8
7
6
-12
-89
-38
-59
6
-236
5
-8
5
7
-8
-7
0
-16
-65
-18
7
-50
0
7
5
6
5
-11
-12
-194
-105
