-371
-1399
-2495
4040
4954
4476
433
2747
0
-1286
-1532
-3616
3236
2378
4546
2504
-1589
3909
-258
-2127
-941
-1382
0
3223
-1965
2565
3379
-1383
0
-3136
0
0
2000
-1231
-2210
4289
0
6586
3489
1222
4004
-1318
-3218
-1184
-1164
5197
3017
-628
-852
-2142
3205
2491
-1695
-1556
2243
-1459
2286
-2420
-1741
-400
-2882
-409
2826
-1481
-1054
2041
-940
-1269
3307
-725
-3207
-1120
-617
-1209
-665
0
3232
3395
2806
-1636
-1442
-999
-2237
-4153
1304
-1318
0
2962
2164
3835
3303
5250
-604
-725
-1889
1276
818
3797
3964
9707
-15
2412
7247
2910
2640
3475
2037
7480
1795
-488
-1110
4349
-848
6740
2760
-1763
4199
-1281
-1724
3386
-1045
0
3616
2700
-1259
2046
0
-347
-855
-853
-1844
1655
-1248
2687
2179
2497
5496
-3845
-285
-62
2943
-1665
-882
4273
0
3710
-1543
3953
3190
1069
0
2366
2372
0
-934
2022
3701
6191
2991
-514
2447
2268
0
2955
-1974
4487
-1917
2250
2630
-1557
0
-519
2182
3716
-1123
2325
-747
-2743
3370
2628
3289
-679
-1170
3297
-1887
2327
2874
2662
2100
3423
2393
1438
-816
2553
-1605
4168
-1940
2875
-2753
2960
2952
2587
-779
2
-2514
-1439
-1068
2434
7979
1117
2437
2678
-2232
-234
-1293
4941
-978
0
-923
0
-659
-2026
-308
4551
-1574
2008
-2819
3114
-886
2580
-506
0
-1172
-176
-1756
-2396
-2081
2410
-2134
4150
3506
5152
2819
-1559
-1454
0
-1041
2962
2211
-1245
1785
2814
-992
2565
-235
-1545
-131
0
-1693
-4620
-2613
-1511
-713
3007
4908
-1580
1370
-4059
-415
2133
-1183
-1540
2659
-896
-1443
493
2819
3685
-216
-1146
3223
4398
-906
2275
-1163
4449
-1592
2842
-1022
0
3580
-1502
-770
-339
-524
-866
-2913
-1960
3296
-1021
2541
3550
-1134
0
-3217
2253
157
3804
-572
-2229
-1251
0
0
0
3737
3560
2469
3145
-607
-1565
-747
-1482
-2872
-1599
2443
-674
3209
-2494
5124
-506
3637
3720
359
3621
3907
2963
1996
-1834
3028
3675
699
-2680
2824
-1348
-1245
0
-1149
3743
2243
3584
4311
-1225
3580
3095
-1231
-1494
-266
-1084
-1648
-2934
4408
-2981
2601
-1278
-3149
3037
3848
-785
3237
2284
1437
0
-980
-1178
3721
-2719
4392
3862
2768
-1611
-1556
3162
3346
-2684
3202
-137
0
3750
-1337
-1277
0
-1875
4413
0
-580
-1990
2608
3912
-2495
-807
-1246
0
-1219
-1375
3139
-293
-1399
3915
2410
2777
1777
-802
-1536
-715
2828
3993
953
-3067
2475
-1832
2367
-534
-1126
2955
3135
2222
-919
-1724
-1188
-3350
-2009
-370
3511
-1967
11096
3218
8465
-977
3620
4128
5354
0
2791
3741
2554
4627
-1906
0
-3254
-1550
6972
3086
-1340
1477
-1215
-856
-887
-484
3223
-741
-919
1054
678
-5275
-2647
3799
3489
0
1887
0
3124
1887
2535
3605
12685
-2128
-2021
8790
3389
3543
-3325
-709
-1264
-4299
-1979
2895
3038
-966
-2504
-1579
-1557
-831
-1868
0
-1733
2571
-338
-3440
2717
-1609
-579
-500
570
-653
-130
-936
4608
3645
0
-4759
-1903
-3698
