9
-59
3
-51
693
31
9
-30
26
68
273
84
8
356
68
9
24
5
38
37
52
27
463
129
-13
101
-27
-52
-123
-59
-69
-253
-130
-58
-127
-61
-91
-198
-86
-159
41
-136
-26
-189
-81
8
42
-213
8
180
-154
90
119
-750
-51
-124
-63
-141
979
-81
-81
-60
-88
-135
-50
-125
-103
-110
-120
-102
-146
-134
0
0
0
0
0
0
0
0
0
22
-15
30
0
452
68
66
65
46
101
5
81
15
394
95
90
70
101
17
74
25
161
311
191
52
-20
57
-207
-291
-250
-12
-112
-61
195
344
197
-80
-108
-66
-75
-104
-91
-157
-112
-175
23
-176
14
-147
-302
-135
-71
-114
-95
204
-134
209
143
-810
108
359
34
365
98
-96
103
87
350
130
10
147
30
19
130
30
17
64
16
-237
-391
-285
13
8
9
18
62
24
-1
14
-12
40
64
18
51
424
142
44
78
20
-29
-64
-29
-23
557
80
-7
127
7
20
135
-10
75
400
146
-2
156
16
0
0
0
0
0
0
0
0
0
-97
-70
-127
-70
-187
-117
-95
-107
-97
71
13
88
42
373
74
71
141
115
-149
-71
-144
-123
-90
-96
-79
-73
-131
-143
-96
-120
-141
-82
-155
-205
-69
-166
-5
-40
-20
-8
493
59
-23
75
-23
0
0
0
0
0
0
0
0
0
-43
235
137
183
49
20
-120
269
141
0
0
0
0
0
0
0
0
0
0
0
0
0
0
0
0
0
0
355
-9
-22
311
-335
-141
350
-57
-39
-51
-49
-47
62
444
66
-19
174
106
-34
39
-20
61
415
136
57
76
69
-1
-53
6
-86
-446
-119
18
-73
12
0
0
0
0
0
0
0
0
0
-4
-150
-23
-140
-262
-172
-31
-123
-43
-103
-74
-139
-107
-9
-102
-137
-123
-163
12
-202
-15
-65
-70
-83
157
668
178
-70
-113
-60
-86
-203
-113
-57
-159
-87
-49
95
-21
99
395
134
9
133
57
105
30
75
130
-107
146
150
92
191
80
-62
79
137
184
173
60
112
72
-34
52
-19
60
455
110
-2
135
37
-89
-57
-113
-88
-180
-99
-174
-123
-122
-59
-165
-72
-180
1112
-102
-121
-85
-146
-17
-17
-29
-31
541
17
-8
94
27
-14
-8
-4
4
558
103
44
-2
41
67
115
43
78
363
122
61
-39
88
-37
113
-18
-112
828
-64
-200
-227
-226
-164
-44
-181
-124
-99
-133
-57
-103
-31
-23
-63
2
-3
427
54
109
151
111
17
-81
-4
-30
382
37
-41
287
-35
-210
34
-214
-52
33
-59
-169
33
-219
5
-55
28
-47
359
-46
131
187
154
-98
-109
-136
-101
-45
-147
-140
-105
-165
-18
68
6
38
439
100
78
40
69
123
-138
122
81
-48
69
223
134
220
-73
-120
-69
-58
744
3
-43
66
-18
57
59
45
-37
500
17
137
-5
138
-45
-45
-55
8
538
85
24
110
20
-122
-124
-121
-117
-113
-147
-110
-114
-131
61
-38
35
-4
501
109
71
98
72
-11
39
12
31
463
84
40
114
65
-10
-213
-34
34
-333
29
176
505
220
87
231
98
75
269
89
-14
-208
-36
48
260
85
84
213
88
84
-64
92
-42
288
-29
-49
543
-9
-171
-516
-198
72
-89
53
69
247
136
104
180
104
79
-17
65
45
391
119
101
59
69
-43
122
-30
97
408
142
36
102
59
-12
74
12
6
611
100
-18
28
-15
-43
2
-29
82
420
134
3
100
5
77
156
107
106
320
101
76
86
94
0
0
0
0
0
0
0
0
0
-148
-105
-156
-53
-156
-76
-163
-131
-168
-67
-131
-109
-156
-179
-152
-52
-57
-86
-157
-311
-190
-57
-234
-129
129
194
166
124
-216
142
262
-14
266
123
-66
139
19
-14
42
33
479
47
18
149
28
3
242
51
106
292
147
80
-169
50
36
232
78
65
301
87
-46
171
-8
189
85
108
152
85
40
136
123
138
-219
-637
-326
-201
407
-123
-3
299
34
173
301
198
161
-559
127
33
-166
-40
0
0
0
0
0
0
0
0
0
-59
-86
-77
-152
-164
-168
-95
-100
-141
264
12
-319
374
-19
-278
295
61
-315
-29
-123
-71
-138
-171
-161
-85
-118
-104
-210
-16
-192
-68
95
-107
-164
-35
-168
-99
-174
-107
-280
1043
-229
-155
-228
-177
28
272
73
41
330
60
-23
-151
-42
-9
151
20
51
365
102
-88
132
-81
79
114
79
17
381
96
81
110
53
-276
-37
54
-312
-24
279
-369
-1
147
-123
-60
-148
-63
114
-25
187
486
197
-64
-70
-95
-135
-159
-123
-59
-89
-105
-164
-33
-205
-230
1160
-129
-188
-133
-223
7
-72
8
-73
-580
-144
10
-70
38
-1
3
1
-1
6
0
3
1
2
-77
-129
-103
-76
-169
-83
-111
-55
-113
-42
-40
-23
-181
-351
-248
-12
-1
-39
-64
-108
-87
-89
-185
-108
-105
-63
-117
-43
-182
-72
-137
-54
-131
-67
-125
-94
-102
-148
-114
-160
-47
-142
-72
-81
-121
-80
-183
-69
30
-365
-35
285
476
348
-34
-85
-38
-111
-348
-149
-54
-105
-39
-67
-75
-42
-123
1004
-60
-81
-83
-75
-7
22
-11
-29
629
31
-39
34
7
65
204
98
-11
407
42
45
-136
9
143
174
158
238
-1081
135
104
-30
143
-69
67
-55
151
253
201
66
214
117
-48
-100
-35
-95
-308
-136
-15
-181
-17
-88
-384
-90
59
-450
19
323
357
427
3
-8
12
22
655
90
8
111
23
-53
-89
-35
-107
-100
-140
-136
-90
-160
-61
47
-37
-14
456
61
69
93
52
65
149
63
96
385
153
-48
-115
-4
-280
-31
278
-216
10
364
-228
34
212
-75
14
-45
19
535
77
-10
94
-21
0
0
0
0
0
0
0
0
0
-67
-138
-129
-98
-102
-101
-88
-136
-119
-129
-63
-114
-68
-138
-66
-116
-142
-148
48
-64
44
-2
417
72
103
93
103
-117
-59
-107
-50
-104
-73
-141
-116
-151
0
0
0
0
0
0
0
0
0
125
246
139
150
-67
176
90
-406
66
42
98
25
-106
501
115
14
88
34
12
-30
34
-8
415
33
79
86
121
28
159
38
-2
431
91
-76
279
-43
259
135
284
208
-424
222
161
-47
156
-15
63
7
99
419
131
25
85
38
-76
-106
-115
-100
-83
-105
-110
-118
-160
-47
-113
-65
-150
-168
-133
-106
-127
-123
-27
-108
-22
72
-553
69
300
256
332
-94
-178
-121
-279
1119
-162
-128
-245
-180
129
81
274
94
82
92
172
89
222
-52
-99
-56
-41
645
15
36
67
37
65
4
128
46
224
-42
151
10
216
-81
-36
-92
-76
-114
-92
-170
-97
-171
-21
-76
-5
-24
166
17
176
450
191
-10
-39
-37
2
584
97
-25
86
-33
-67
6
-42
33
220
90
-349
-308
-481
0
0
0
0
0
0
0
0
0
25
89
46
-15
-513
-62
-96
-147
-95
-21
51
-19
85
345
97
72
-57
88
-97
-174
-111
-56
-444
-108
140
87
174
-113
-51
-157
-75
-73
-49
-133
-92
-181
33
-224
2
-35
-362
-9
420
278
455
0
0
0
0
0
0
0
0
0
-153
-38
-154
-59
-52
-88
-140
-93
-163
84
-105
60
-142
-291
-169
-13
-234
-53
0
0
0
0
0
0
0
0
0
-74
10
89
75
735
-3
135
-8
151
250
461
310
60
-376
25
23
-235
-11
-99
-100
-103
-119
-47
-139
-143
-158
-156
-18
-17
1
-44
-493
-75
4
-153
5
-137
-118
-204
-34
-62
-5
-107
-83
-153
73
161
66
206
33
234
108
149
130
-140
-99
-123
-137
1071
-42
-136
-32
-133
269
525
299
-141
60
-119
-135
-214
-152
0
0
0
0
0
0
0
0
0
-119
-182
-121
-73
-117
-96
-119
-137
-141
2
-37
7
1
468
103
-40
118
-36
62
96
53
-98
-350
-125
-99
-218
-132
-32
12
-39
-22
369
36
-70
74
-63
-36
-96
-74
-73
-127
-87
-137
-144
-151
383
237
430
121
-788
52
104
-346
50
36
-41
23
18
412
58
64
142
71
0
0
0
0
0
0
0
0
0
138
-65
106
20
169
89
127
184
131
-114
-64
-127
-85
-109
-121
-125
-100
-107
-3
-74
-8
-164
-214
-163
-43
-172
-71
-19
-172
3
126
171
100
70
305
121
-116
-123
-112
-105
16
-96
-138
-85
-200
-82
1
-44
-40
489
75
-66
91
38
46
-62
43
150
84
128
262
-156
318
-89
-175
-81
-71
-232
-125
-110
-69
-109
-126
-57
-90
-7
-249
-31
-112
-10
-120
-46
-97
-64
-137
-148
-149
-68
-125
-85
-46
-27
-47
3
597
57
0
106
7
-6
73
6
34
527
115
-38
10
-4
-45
-9
-32
-81
-288
-147
-81
-125
-102
35
56
56
9
428
87
87
82
68
-71
-109
-86
-90
-129
-124
-128
-129
-136
-165
-227
-200
-183
-43
-195
-49
15
-81
240
506
292
80
-471
25
20
-182
52
-115
-73
-121
-75
-100
-63
-120
-66
-130
47
22
44
-57
-207
-107
-200
-196
-218
-123
-39
-175
-91
-91
-76
-109
-90
-140
216
483
311
-12
-223
-55
-107
-198
-170
-6
95
4
-2
638
72
31
-52
16
312
214
362
52
-499
5
90
-382
41
-32
28
-33
2
431
73
121
62
123
-156
-305
-229
-50
-222
-47
91
231
94
2
2
11
9
442
50
7
172
46
-69
-55
-97
-87
-240
-121
-109
-145
-124
29
24
21
30
358
69
73
126
83
-91
-115
-147
-102
10
-75
-58
-170
-104
283
115
301
187
-843
133
60
-161
45
-115
-22
-132
-89
-103
-86
-148
-81
-147
-100
-56
-141
118
362
121
-16
229
60
0
0
0
0
0
0
0
0
0
7
127
13
25
370
83
112
21
87
-8
40
-8
66
434
103
-18
159
-3
116
385
142
121
-26
138
-22
-102
-17
-113
-136
-163
-118
-63
-153
-119
-132
-131
30
6
32
45
-934
-17
8
-19
11
-59
-48
-58
-81
998
-23
-12
-43
-9
276
279
338
120
-760
68
163
-290
120
-141
-40
-125
-60
-113
-102
-87
-177
-102
116
38
135
-140
385
-143
96
160
138
-21
-25
-32
-75
719
57
23
6
-11
26
208
61
88
336
142
-19
-102
-70
-46
-48
-84
-63
-264
-77
-91
-120
-99
11
80
39
39
466
71
32
-26
27
0
0
0
0
0
0
0
0
0
205
354
253
-26
-34
-22
33
-79
62
0
0
0
0
0
0
0
0
0
211
-31
-271
319
-104
-193
171
-42
-148
42
12
40
5
379
75
18
191
24
9
-127
7
-17
478
16
65
183
67
136
77
180
66
-716
-7
62
-207
62
77
72
104
142
270
160
-65
79
-40
45
584
99
31
-233
-60
-151
-248
-168
90
90
76
62
317
129
103
74
88
-131
-41
-128
-111
-170
-140
-85
-176
-104
40
7
63
14
427
43
49
138
81
197
351
217
69
-150
64
-180
-415
-195
-11
70
13
-110
675
-44
-70
-175
-86
0
0
0
0
0
0
0
0
0
-17
-10
17
91
438
81
-17
179
22
-24
-4
6
-22
643
86
-36
-25
-58
65
66
45
81
342
150
86
86
99
43
312
77
49
85
75
123
43
137
119
-10
113
41
275
72
113
47
108
164
415
221
37
-164
77
-89
-289
-84
122
-269
103
137
147
137
124
190
168
-11
147
-18
104
-844
75
15
-101
-5
-63
-107
-90
-93
-88
-71
-173
-69
-182
-122
-95
-121
-130
-126
-141
-101
-165
-96
-83
-67
-99
-169
-151
-163
-120
-6
-146
12
101
32
53
424
70
23
72
63
-2
-91
12
-62
551
-9
23
137
35
0
0
0
0
0
0
0
0
0
56
116
61
65
411
132
57
-143
40
-100
-136
-147
-127
-73
-158
-73
-177
-99
-29
126
205
-185
-390
263
-92
96
246
9
-70
-33
7
197
66
39
354
71
241
355
283
111
-296
85
-73
-184
-108
-63
-91
-60
-72
-153
-98
-151
-83
-154
-10
25
12
4
527
66
25
69
24
-76
-127
-89
-127
-219
-154
-28
-152
-70
-15
78
-30
-31
-11
-30
155
353
190
13
22
42
33
469
59
5
104
42
-71
-44
-28
142
-291
174
214
246
220
0
0
0
0
0
0
0
0
0
27
242
91
71
326
88
-43
28
-32
113
-39
80
106
120
177
171
58
118
160
131
163
43
-244
43
266
11
238
8
151
58
62
381
82
-22
83
34
-4
-18
1
-21
599
60
4
20
7
-146
13
-145
-115
-106
-174
-133
-43
-163
0
-118
-13
-82
-439
-147
10
-149
7
68
29
94
49
388
97
21
131
76
142
510
214
-15
-13
-9
-256
-193
-295
111
146
143
33
471
74
29
-12
25
55
-3
52
25
381
80
99
92
97
-26
-103
408
-121
-321
324
20
-90
319
40
-46
45
5
439
82
15
110
18
-60
120
-71
117
381
160
48
92
37
399
252
457
-93
-187
-70
-43
-317
-77
30
96
22
4
509
21
-44
-10
-17
81
178
53
29
229
82
102
151
105
697
-100
29
36
-97
2
126
-31
23
-127
-121
-138
-57
-103
-91
-117
-69
-134
-91
-121
-110
-123
-67
-114
-83
-90
-129
-40
-88
-72
-71
722
25
-2
97
8
-19
22
-35
0
500
111
7
102
-1
-98
-101
-118
-130
-112
-126
-105
-101
-134
-121
-28
-158
-58
-191
-64
-160
-99
-156
68
153
86
172
-114
185
100
210
99
199
-10
-116
478
45
-196
170
-145
-196
3
9
4
30
576
73
2
12
8
-4
-83
-28
-100
-360
-118
-48
-98
-74
120
311
135
97
9
120
138
-72
105
-218
-443
-304
-89
138
-84
64
332
76
-28
-88
-19
-6
639
23
3
174
30
0
0
0
0
0
0
0
0
0
-173
-592
-219
-69
292
-46
3
281
53
-24
74
-22
137
336
148
-58
117
10
-120
-125
237
-260
-135
382
-168
-126
223
-49
29
-33
-41
501
46
-68
16
-108
15
4
31
-17
576
45
1
54
1
-2
6
8
80
467
144
-14
138
-15
111
-143
122
198
222
216
145
-154
169
129
-79
116
78
396
107
115
-142
130
-122
-88
-161
-121
-112
-117
-140
-47
-157
73
-7
117
117
156
87
86
164
139
-58
-47
-66
-86
-133
-129
-142
-117
-128
-167
-83
-178
-138
-38
-162
-93
-145
-143
144
95
151
-67
426
-31
66
-97
60
0
0
0
0
0
0
0
0
0
9
-2
65
108
286
103
11
59
70
-321
-9
301
-304
-19
352
-321
-23
371
-54
-15
-44
-36
827
43
-61
-18
-55
-156
-99
-195
-144
-128
-94
-82
-126
-133
-5
-70
-47
-23
601
45
28
28
28
141
153
152
27
289
67
42
72
39
24
-195
31
106
16
154
112
312
125
0
0
0
0
0
0
0
0
0
0
0
0
0
0
0
0
0
0
0
0
0
0
0
0
0
0
0
-90
-93
-109
-92
-17
-119
-48
-248
-65
-112
12
-80
-106
-145
-172
-67
-167
-60
-117
-62
-142
-90
-121
-118
-75
-132
-113
-94
-111
-108
-110
-24
-146
-125
-126
-129
99
154
138
96
287
103
9
-129
18
23
-33
20
11
576
47
-6
76
23
-20
40
2
-41
564
24
-25
50
5
116
-39
133
99
378
129
50
-112
38
199
164
265
132
-2
152
41
-51
67
-80
-2
96
10
-314
199
76
192
340
-121
-107
-131
-81
-102
-84
-104
-123
-147
81
48
55
71
352
106
60
135
77
-68
-161
-85
-240
1076
-172
-117
3
-116
55
78
81
38
401
107
-19
123
33
-102
-15
-115
-131
-136
-101
-125
-98
-124
40
-285
-6
219
-193
204
114
233
164
-17
-20
-41
-135
-163
-150
-98
-202
-105
-213
-13
-204
-105
189
-97
-161
-88
-187
-17
-9
-19
-17
-7
-17
-15
-17
-17
-102
-177
-116
-153
2
-144
-84
-112
-124
-98
-180
-132
-94
-363
-105
52
37
53
-130
-114
-150
-158
-26
-143
-89
-140
-116
202
389
274
197
-421
147
27
-215
-2
-120
-26
-102
105
311
106
61
203
118
222
253
246
80
-494
43
34
-433
-19
-87
-46
-80
-61
-207
-84
-112
-162
-128
-23
-265
-57
6
188
52
77
335
111
76
80
69
23
359
76
64
93
63
-118
-74
-143
-113
19
-121
-163
-67
-159
-32
93
-3
117
278
148
40
194
47
-66
32
-114
26
351
84
77
190
98
0
0
0
0
0
0
0
0
0
23
-25
19
-11
550
83
24
94
64
-37
-107
-61
-138
-74
-170
-61
-135
-83
-94
-59
-102
-109
52
-144
-145
-157
-162
-91
-60
-130
-120
-144
-153
-95
-28
-118
-130
-179
-97
-49
-59
-88
-180
-53
-195
79
109
64
23
366
83
80
47
93
-132
-42
-177
-161
-36
-175
5
-176
-21
-42
-59
-56
-97
-206
-119
-139
-147
-149
19
10
-8
5
438
80
-13
-7
-27
38
94
50
-56
566
12
31
136
-8
112
64
121
81
257
122
104
13
117
40
48
29
51
273
113
90
65
103
-62
7
-35
53
449
100
14
121
30
14
45
41
22
488
79
50
118
59
-59
-72
-59
-134
-57
-129
-145
-57
-202
59
-67
72
49
133
51
143
221
171
-72
-85
-113
-103
-144
-122
-115
-140
-133
-46
-115
-36
27
461
66
-20
187
33
56
-3
54
78
343
87
59
140
72
-84
-178
-81
-108
-127
-147
-58
-91
-73
-77
-81
-99
-81
-106
-109
-93
-166
-123
84
3
94
46
375
54
134
47
169
123
158
147
12
-684
-55
13
-211
20
-83
-103
-90
-96
-108
-133
-95
-102
-111
300
380
381
-23
-183
-4
-83
-246
-105
0
0
0
0
0
0
0
0
0
92
-84
105
147
169
149
5
192
45
6
19
21
27
412
91
19
171
41
-54
-217
-88
-88
-35
-127
-58
-138
-65
55
130
49
32
366
96
115
40
112
-242
-399
-257
-125
738
-84
-190
279
-183
-36
-55
-48
-111
-239
-125
-42
-181
-75
282
368
307
96
-565
60
60
-200
41
81
13
23
101
241
144
47
181
79
78
292
105
11
307
35
-2
-22
-6
-15
-197
-26
-35
-259
-34
-76
-154
-103
-188
59
313
-335
-127
229
-223
-19
356
153
57
169
37
151
207
105
75
172
-25
-23
-14
-73
-213
-78
-156
-209
-186
379
-39
11
83
-65
8
175
-3
-15
0
0
0
0
0
0
0
0
0
-35
-65
-58
-37
-363
-39
-72
-50
-101
1
-129
0
108
375
183
50
121
70
-48
140
-73
14
430
73
118
37
114
0
0
0
0
0
0
0
0
0
31
-122
35
13
522
69
23
258
87
-88
68
-751
-51
84
26
-48
21
-31
0
0
0
0
0
0
0
0
0
189
53
-119
220
-45
-223
194
240
40
136
191
267
-73
-26
238
-160
-20
122
-253
-420
-310
-100
149
-109
108
249
149
-17
-117
-46
-103
-246
-127
-86
-101
-109
-60
19
-22
91
442
83
16
91
67
124
215
123
205
208
199
78
160
127
-1
-14
-14
-2
493
84
-19
153
-2
0
0
0
0
0
0
0
0
0
34
52
54
17
484
51
57
-2
54
7
380
47
41
237
48
-51
-153
-62
-74
-47
-90
-54
-357
-95
-38
-156
-51
248
371
272
-56
-129
-62
23
-149
18
-20
5
-14
-4
603
74
-27
69
-30
-64
-175
-91
-147
66
-123
-139
-135
-137
-104
-119
-102
-74
-113
-106
-85
-138
-131
215
331
238
114
-611
62
-1
-207
-18
-129
-151
-157
-125
613
-55
-62
325
-32
64
-64
35
-55
488
63
0
75
38
83
10
-98
157
-359
22
289
255
80
-7
-78
-9
-4
518
36
9
131
36
184
29
-95
359
-223
-314
215
43
-134
-31
-168
-71
-147
-126
-169
-109
-115
-124
-26
-165
-45
218
-344
208
151
366
174
138
53
71
221
-6
80
164
108
60
-195
22
-183
-63
18
-54
-106
-105
-128
46
-55
47
-15
496
110
2
115
-6
-87
-76
-89
-88
-128
-126
-102
-124
-124
-9
0
-25
-48
663
39
-5
53
6
31
214
96
216
54
181
94
-50
72
-209
-14
244
-349
-3
232
-275
-15
388
-126
-59
-135
-56
-74
-87
-132
-101
-157
-98
-81
-125
-100
-38
-99
-137
-95
-155
38
-113
25
118
8
153
101
265
146
32
410
109
111
64
46
-82
-40
-41
49
6
66
-62
447
19
110
94
89
106
70
133
81
189
66
179
27
174
127
19
119
49
312
95
52
42
20
0
-49
12
-19
312
12
44
313
76
-59
-160
-75
-67
-112
-81
-174
-107
-184
33
37
12
-10
661
84
45
70
50
1
-39
22
-91
-627
-129
44
-139
44
-143
222
-223
-36
383
-8
-424
-55
-445
-27
-24
-26
-147
-386
-155
50
-177
31
-42
-108
-17
111
80
144
66
366
98
-64
-147
-74
-144
-50
-144
-84
-87
-120
22
158
61
0
-617
-65
-72
-122
-67
-129
-81
-151
-75
-199
-71
-98
-187
-100
0
0
0
0
0
0
0
0
0
-66
-114
-102
-112
-96
-144
-121
-119
-123
-118
-72
-121
-121
18
-141
-87
-137
-101
-77
-114
-75
-73
-154
-127
-139
-125
-109
-107
-115
-108
-54
-86
-61
-80
-238
-144
15
-57
45
132
400
158
152
-198
117
0
0
0
0
0
0
0
0
0
155
71
278
48
9
0
160
65
215
30
-2
37
28
613
82
31
20
43
-20
-88
-22
-38
-409
-78
-52
-188
-71
-193
71
-195
-54
331
-365
-116
88
-158
75
-30
120
122
266
105
-39
234
-2
-83
144
-55
-91
745
-61
-112
-221
-98
-53
16
-18
32
540
93
-8
88
-1
-19
-21
12
-18
501
82
-45
74
-12
-21
-9
0
13
507
84
4
121
5
70
303
82
65
148
114
4
-78
5
-92
-39
-99
-174
-95
-177
-73
-212
-102
107
-106
109
118
-18
151
161
257
195
-47
-14
-72
-34
483
81
-21
81
-21
-233
-321
-214
-38
-83
-51
323
351
335
141
-35
-18
-34
-68
-35
736
-83
-30
179
120
32
145
74
121
169
80
172
30
60
34
18
481
44
32
50
58
-101
34
-73
-106
-150
-137
-121
-154
-165
-114
-103
-125
-118
-57
-117
-92
-132
-127
0
0
0
0
0
0
0
0
0
90
550
154
73
-138
51
-116
-382
-150
0
0
0
0
0
0
0
0
0
55
29
-252
77
247
-438
108
-17
-276
28
-108
-74
468
-5
-174
323
-75
-151
-237
-14
-261
-35
177
-5
-216
-19
-264
-47
-148
-84
-107
-109
-89
-54
-120
-125
-197
-243
-236
-167
-545
-171
-244
-270
-248
31
168
19
37
458
57
30
-94
21
27
-26
51
7
152
358
71
20
142
4
142
2
84
-1075
47
21
9
15
10
-70
-17
-119
-335
-137
-96
-189
-125
-129
-38
-120
-135
-115
-139
-131
-118
-165
-2
-60
71
268
280
35
112
36
103
-9
-82
-18
-121
652
-6
-4
77
-4
-5
-97
-14
-28
635
20
49
125
49
22
31
-8
74
505
125
36
111
43
-59
-69
-42
117
174
124
-11
282
41
-103
-76
-142
-92
-125
-99
-124
-117
-151
-194
-241
-191
-171
1072
-92
-36
84
-42
41
460
104
-123
246
-69
14
-96
-9
33
137
45
77
318
123
111
33
106
-35
48
-11
44
404
60
5
203
32
30
39
58
24
485
71
43
21
76
101
183
120
37
345
56
-50
-87
-55
74
22
74
28
588
142
25
-5
3
0
0
0
0
0
0
0
0
0
32
7
-13
29
380
102
40
158
50
37
-285
9
138
-521
130
323
292
368
183
454
202
-149
-43
-114
-82
-337
-174
-3
60
39
97
385
140
76
95
56
-119
-77
-122
-87
-62
-96
-117
-92
-134
47
177
93
125
333
140
-89
-31
-84
34
-62
21
-98
76
-107
196
349
259
34
24
57
76
328
94
56
185
95
-27
-237
-61
-151
-149
-166
93
672
183
40
26
58
183
-133
155
177
235
209
-37
-36
-41
-38
806
42
-26
-6
-45
66
361
95
0
304
-10
-61
-179
-58
6
-65
-29
-208
-172
-205
-99
-103
-96
-64
-2
-58
-45
-142
-50
-182
-192
-204
0
0
0
0
0
0
0
0
0
68
101
203
90
81
124
141
94
206
209
66
-175
280
67
-255
213
-14
-236
203
-13
259
174
80
103
170
68
140
