-994
687
0
-433
9908
1662
-1352
446
-5219
-1116
-362
1928
-661
-6713
-1152
-470
-610
1658
-1687
886
0
0
0
-209
0
33
83
0
0
1033
-243
-106
-725
0
2070
-875
-484
-1234
23
-841
-71
9770
-1098
-17404
-314
-2827
0
-5535
276
0
344
-1911
-4636
0
7810
-220
-484
-3033
-424
-24
-48
-1344
-1089
-774
-1020
735
0
-100
-270
-2225
-1154
-1152
-255
2809
740
-1236
1617
889
1095
3588
697
-1336
-408
-1741
0
0
0
1303
0
-2431
-1403
0
0
-1823
-1875
146
639
0
-1234
923
-372
-3066
-313
36
-157
-741
-259
-510
890
2508
0
8335
-3149
0
-1828
-7205
-10556
0
-295
931
2441
-3929
-226
-653
3828
-75
-7
539
-1629
923
0
1319
6152
1419
-1064
-29
554
501
-4652
259
-375
-3031
43
1848
170
-234
1030
-1039
0
0
0
-1309
0
477
402
0
0
-398
468
492
-856
0
1895
-18
355
-166
-892
-575
-1609
9290
-1983
19766
369
-1052
0
-2595
961
0
19
-604
-2094
0
5008
-43
-1458
-1328
770
-610
592
802
-1160
-326
822
2741
0
4968
3901
1764
-1184
694
2365
874
6347
-10880
-664
2981
-217
-1046
1274
-1466
-435
-2421
0
0
0
2017
0
290
3748
0
0
-2081
-545
10372
-1960
0
7923
-7329
8626
2595
-373
-2004
822
295
-899
-1786
4197
375
0
274
126
0
-1487
1079
211
0
636
-7495
-1350
4443
-681
726
-2037
1241
-2743
-1409
3232
2914
0
4522
1562
-494
-4943
-449
-650
-3072
539
849
1176
-498
2210
-1074
-2819
-275
-5838
-1062
0
0
0
1393
0
-5002
509
0
0
-1290
1280
5485
1599
0
4529
-4280
5636
794
-3903
-1382
-683
333
381
3996
696
-12
0
-7411
-3844
0
-3700
-4523
-3199
0
-3971
-2151
-1691
1693
1388
-4355
324
91
-1902
-6222
-9189
-107
0
-33
1648
896
712
577
-66
-1151
896
-1189
199
-1743
-691
1543
77
-1182
-2164
-1521
0
0
0
382
0
838
-268
0
0
-812
-109
429
-1748
0
532
-247
-130
-156
533
174
-1329
1805
1942
-9361
213
-1221
0
-2785
-698
0
13
-960
-2198
0
-5728
-648
224
-222
5152
-321
-2064
-9020
197
268
-555
961
0
467
466
-702
3662
2952
1485
904
4605
514
4026
-1380
-7498
-1248
-1590
734
-634
926
0
0
0
1538
0
372
-799
0
0
136
14931
-1956
858
0
804
660
-1187
238
8655
-2481
-276
-528
337
-105
19
-388
0
3543
-1553
0
-3493
1115
-289
0
-121
496
545
-1220
165
3304
8734
181
-462
-16868
1102
3698
0
5303
-1462
-87
142
2166
-2355
-569
941
-2021
-1527
-2305
1685
-290
-199
-2122
-322
12714
0
0
0
-1937
0
-417
6181
0
0
9437
-563
7822
-1809
0
-854
-641
4274
640
-526
380
-735
-805
-1736
-938
1037
-90
0
48
-534
0
-553
178
1193
0
2271
-2826
-899
2261
1428
171
627
1210
-1371
445
-5145
-1120
0
-493
2018
383
-61
44
85
1668
2460
1931
-2921
1044
3
3861
802
-2197
-889
941
0
0
0
-2016
0
-145
-373
0
0
689
327
-1095
7977
0
-467
631
-231
-528
-760
127
-681
-600
-3743
100
86
1609
0
1044
14
0
-337
1902
1924
0
-3630
797
-2112
867
11777
400
2358
-579
-740
-222
642
-3577
0
-5560
-2908
-28
2749
3191
-2561
40
245
2510
-3610
-2448
-477
1143
-572
-85
588
-2518
0
0
0
655
0
-1194
-5809
0
0
-5098
-1701
-3054
3925
0
-416
7184
-5892
3630
-751
-3323
325
-1308
1475
-13
-1026
2070
0
4781
725
0
644
309
6049
0
2723
3179
409
165
1428
-368
-4065
-950
3504
4619
-963
-3285
0
-6310
-1243
-472
42
871
10335
-574
1201
2428
-1859
-10694
-2413
-680
-753
-1598
1552
-508
0
0
0
-1682
0
991
-2826
0
0
-1377
691
-4939
9
0
-1571
4651
-148
-2863
-740
-1964
-615
1256
-468
888
-2139
-370
0
-5747
-627
0
888
-1049
7
0
-2066
2016
-727
12900
603
-608
-577
558
-15524
992
-2194
430
0
941
-720
1275
-5174
95
1021
461
-446
-491
216
-2222
1561
745
-3250
1170
4048
1905
0
0
0
1505
0
3588
-424
0
0
1239
386
324
1079
0
2661
-324
-1856
-28
5886
1237
2593
1077
2205
-1252
561
106
0
-268
4724
0
5677
-531
-3958
0
572
17
11702
-1160
-113
-4445
548
-377
993
934
394
-11175
0
3605
847
1315
680
250
517
1424
1793
6127
-2448
-1808
638
339
1754
83
883
-2461
0
0
0
-1138
0
1759
-9529
0
0
-3276
951
-2326
-744
0
-4009
24170
1118
-3971
840
-1898
-60
613
-586
-919
-5358
-572
0
340
2232
0
1770
-419
308
0
-501
18852
-481
1581
-79
-626
-2693
564
-899
455
-17
6406
0
5118
-32
2471
3356
-4120
2877
-560
-1559
12446
1889
1230
-1045
719
469
-501
-2701
2629
0
0
0
1835
0
1315
-6790
0
0
2377
-245
-15418
452
0
2876
2052
-16583
3606
1664
-446
-817
400
826
-1350
-3078
476
0
-756
1125
0
961
558
347
0
-50
5216
-1082
5250
378
1910
-1915
258
766
1956
701
-1858
0
-198
-3929
-116
7789
-3062
-378
-1876
635
12036
3164
-3080
2196
-2095
824
1619
1528
6450
0
0
0
697
0
1134
-4256
0
0
3941
2151
-13599
594
0
-9934
11113
-13491
-1489
1308
4200
718
-667
-1374
1142
-2199
-449
0
2057
272
0
95
-1539
-1668
0
126
10391
-2175
858
542
2523
-2531
631
2913
4567
-1070
-2948
0
-4149
-3096
3958
6664
2146
-1389
2983
1603
2880
-319
-327
-3834
189
4043
85
-455
2491
0
0
0
-746
0
7750
-1272
0
0
2355
239
-6634
-550
0
-2444
5196
-7745
-1963
7605
-3075
1115
-1129
224
-3417
-2913
1612
0
2352
2214
0
5477
-779
2978
0
4093
1939
-2435
89
420
7169
-7385
545
3435
7274
-946
713
0
-4368
-290
1210
6999
585
-2174
3720
-621
1816
668
6368
-2626
18
4105
-1537
-3457
-2276
0
0
0
2374
0
-1201
93
0
0
-1868
-1255
-1051
-1274
0
-1011
1634
-876
-1336
-3221
490
-834
-1228
-881
-3632
135
1089
0
1448
-1544
0
-6364
3166
8070
0
3359
1218
-9290
1368
-1625
5034
-4564
1348
-558
563
-2293
-541
0
-1471
2026
-506
-1112
-641
3984
-1303
4303
-1410
-69
-3700
-1617
624
-890
506
2562
-7752
0
0
0
-942
0
535
-3900
0
0
-11681
143
-2533
-177
0
663
1072
-2482
-10143
-441
1672
1228
271
1477
-206
5425
-739
0
207
-830
0
-186
4380
1503
0
-2879
1028
-65
-3192
399
-347
-2343
-687
-3094
63
-852
-4344
0
-740
389
690
2590
1163
3124
1562
937
-2511
379
-10159
-1833
319
-856
-750
1380
-4798
0
0
0
646
0
-140
972
0
0
-4150
4
-1459
1195
0
522
5912
-55
-10287
-1333
-218
-556
-131
-129
196
3858
1104
0
391
102
0
612
191
1258
0
-243
3244
856
-598
-897
-1450
-2272
112
-226
152
-6905
139
0
450
4668
457
-194
-681
-587
-531
2090
1184
413
143
962
1490
432
-6929
218
-245
0
0
0
706
0
490
-137
0
0
-175
290
-232
1119
0
-627
389
-193
50
204
-144
-8483
5720
5384
-1294
346
-2143
0
-22
-839
0
348
-710
746
0
-7531
313
-426
707
10040
576
-439
-9416
643
77
6693
-176
0
-3126
-4762
1262
377
971
-2407
-169
-1663
204
-1525
660
204
-426
232
2127
-838
681
0
0
0
-88
0
440
-864
0
0
-65
-128
1676
892
0
1348
508
-351
-2420
244
-863
-1423
-2401
-2501
-1739
-75
838
0
821
188
0
130
240
952
0
1813
-547
-1008
-1392
-11949
623
-751
13358
866
1055
-1044
-544
0
-6942
-6
-3525
2514
315
158
667
967
55
-2231
-794
-3257
-4371
-1811
592
4990
695
0
0
0
1840
0
-171
-751
0
0
-1895
1115
1697
2078
0
-751
374
205
5556
-1251
4838
508
-1737
1274
479
-894
1004
0
-5497
341
0
672
3926
7442
0
689
1408
2569
8028
-257
-519
1096
-923
-5768
569
-603
-4215
0
2486
-761
-1299
-2100
-1560
1018
-827
2782
-3742
-271
-4347
1224
2551
-742
-2046
3429
-2178
0
0
0
752
0
726
3327
0
0
2552
-2495
1835
45
0
1175
277
2822
-13691
750
-2159
-1211
-690
-626
1595
-3288
1397
0
492
-362
0
1906
-623
-2868
0
-478
2043
4951
1124
287
-1076
1779
-193
1750
-186
-600
565
0
8689
479
267
503
-1234
-334
-1018
6212
-2445
-454
-44
-841
6880
-1157
-488
4113
-552
0
0
0
912
0
-256
116
0
0
1053
-312
179
1363
0
-1260
948
1145
-68
-1265
-777
-720
-2601
-406
-1989
-1637
2488
0
6312
886
0
-631
1922
-5162
0
-1110
7
290
-6731
-2197
-1619
935
922
4320
331
-2953
818
0
-1579
-2742
1038
-817
712
-1050
-1692
229
627
-1331
-1012
374
-6791
378
5327
-1363
-1993
0
0
0
141
0
-283
-1181
0
0
-166
-285
412
-1699
0
840
9
-621
-1010
-704
-751
11959
-98
-14432
2812
-449
8852
0
194
337
0
-1119
-170
-2482
0
-2178
563
-794
-3438
659
447
-701
-2344
1417
111
-71
-1482
0
-1106
-237
2283
-5968
1220
-7191
-2119
-1251
-738
986
1831
-413
82
-9156
317
1456
1286
0
0
0
-361
0
4915
563
0
0
1303
1718
1271
1137
0
2480
516
135
1206
-1982
-869
258
-1028
-10
-1558
-513
347
0
-3771
830
0
9207
3185
9437
0
-184
350
2609
-728
1040
-3819
-1702
-495
412
-3433
2244
-124
0
-2514
-712
-877
4458
-308
-3257
2975
-3083
-2510
529
519
-1917
-3223
-299
1635
1415
1641
0
0
0
19435
0
-1698
-146
0
0
1781
3347
2779
882
0
-2240
-161
-1406
-1735
-1110
1639
-2184
-311
-1477
1646
-633
-846
0
-6332
-1089
0
-1696
947
9870
0
526
-1391
-767
3802
2457
1328
-4047
298
-1762
-1435
-305
52
0
-4076
-1498
2037
240
242
3640
1608
1160
1827
2531
-4225
1770
2748
-1993
-389
-5049
1570
0
0
0
-350
0
-1241
303
0
0
890
-1137
-1259
3104
0
711
482
-1146
-2277
-165
-1805
109
-1500
384
1075
-131
1826
0
11439
178
0
-1373
-3953
-10379
0
1392
-985
4343
1847
-1951
-1625
60
167
-5045
74
-8633
828
0
-929
3223
-460
818
979
292
190
1959
890
-316
2244
27
156
-145
6044
-637
573
0
0
0
3287
0
-54
309
0
0
1201
-677
-409
10125
0
-92
-170
-632
330
806
25
-197
-3765
-268
-1902
257
983
0
-153
330
0
871
-835
-108
0
-2356
-39
-586
496
23331
-313
668
20316
-168
452
-3089
-823
0
-397
566
-708
2005
-350
1211
-1094
-628
106
-586
1191
199
-2037
-281
-10696
-1617
345
0
0
0
-3638
0
-183
-641
0
0
11
1253
984
-1419
0
-613
-189
-276
-2691
52
731
13738
1664
-8781
350
-314
3735
0
33
-1
0
-598
660
196
0
-1849
324
-1822
-64
1566
380
2194
-2090
416
-38
0
0
0
0
0
0
0
0
0
0
0
0
0
0
0
0
0
0
0
0
0
0
0
0
0
0
0
0
0
0
0
0
0
0
0
0
0
0
0
0
0
0
0
0
0
0
0
0
0
0
0
0
0
0
0
0
0
0
0
0
0
0
0
0
2172
-4248
0
2463
-1086
288
-2575
3137
-8978
-255
-6023
-888
-4436
3344
-459
-1540
58
16
-9945
11412
0
0
0
-607
0
1050
7004
0
0
11008
-786
136
-2278
0
-2410
1140
-314
89
1804
-854
530
578
-1332
-264
3102
-2448
0
-2318
1191
0
2252
422
-1951
0
-678
-655
-1910
2236
975
1008
356
1100
-1707
3676
1346
-6353
0
3162
-4113
5996
4027
-7859
-3450
-2204
2430
1273
8704
-3955
9358
384
820
-1027
876
1417
0
0
0
-105
0
-533
-281
0
0
1417
3093
-4920
-1343
0
5002
-3516
-1515
1212
-991
-7629
-198
-7458
-279
6858
793
1107
0
-915
274
0
-439
-1929
-186
0
-2932
-2173
-1175
700
2240
-1157
-4173
1410
-1143
-2991
-2638
-265
0
430
1157
254
-823
139
2550
-124
5769
-3263
-2398
-26
593
7756
-65
4139
1114
-10
0
0
0
-22190
0
37
-1529
0
0
-200
247
-584
834
0
343
407
-1322
-338
-946
-654
-3288
-2932
1999
-858
-651
1057
0
167
636
0
286
998
-633
0
98
-55
-887
-4713
8472
-727
-124
3732
2679
480
894
2286
0
7156
407
-589
-2706
-2385
1237
-1813
2750
-5912
2041
533
3514
-787
-84
722
-1618
-2681
0
0
0
552
0
-1046
3009
0
0
-1114
-111
5248
48
0
6593
-7949
8064
3395
-1829
-1400
-90
-903
-1522
2160
2484
168
0
-2971
-1217
0
-1715
267
-1339
0
-401
-4810
502
3307
-1175
-1815
444
-146
79
-4430
-147
-291
0
-2892
75
235
-534
2029
494
688
442
-67
467
125
-1023
10
758
577
103
4217
0
0
0
2379
0
606
-2475
0
0
-3173
-399
-10644
-118
0
-1378
-13734
17001
113
-42
-1253
187
-629
-147
83
-2281
-384
0
-14
324
0
277
-511
-176
0
-352
17047
405
2238
317
123
311
-158
539
1382
739
1132
0
-113
798
937
-2085
663
248
-1411
680
-511
-1472
-2162
-473
-250
-172
-4354
-3500
-62
0
0
0
1066
0
538
9
0
0
932
142
429
-852
0
1232
-295
-32
217
-98
-673
8755
-1131
-10494
-3048
249
485
0
-2816
1102
0
-112
-1612
-1898
0
3943
-237
-592
-1731
1633
-870
-1339
2286
633
-95
132
3024
0
-1382
-2118
3978
9900
4719
1237
1494
1156
1740
-2617
2089
-5272
-2056
1654
4803
2290
2522
0
0
0
-118
0
1937
-2088
0
0
2138
-663
-2907
2068
0
-4069
5615
-5330
-2196
2617
-983
-133
1135
-383
-2853
-2809
-2820
0
2988
1670
0
2172
1222
25
0
442
4799
-2432
-2128
-79
3190
-4704
-2539
259
10482
507
-6226
0
359
69
6773
-11490
7902
872
-3897
-672
5046
-7461
-2481
-3548
-722
9078
44
-4744
-477
0
0
0
1188
0
10799
-388
0
0
199
-26
-285
1117
0
-765
629
-2879
585
15689
-5396
9
1305
1219
1251
-102
-708
0
-6265
6443
0
4012
-3622
-3083
0
-1656
1058
-5405
490
636
16956
-1689
382
-283
2338
-716
1665
0
7075
2949
2356
-1310
1619
3648
1725
9362
-8759
-4547
2874
-686
-921
489
-842
5134
-1008
0
0
0
-142
0
3017
2417
0
0
-443
-1440
5701
-1742
0
5511
-2818
3639
2876
2533
-2774
802
-548
1202
-2846
2350
74
0
2043
1317
0
2628
1575
3195
0
973
-3126
1129
5394
1250
559
-4630
2709
-2386
2833
-2728
355
0
2372
7317
492
-1218
746
-40
1437
-2453
-679
-328
-3328
-338
6473
115
-3526
861
-1080
0
0
0
1835
0
1511
-281
0
0
-868
-503
958
3480
0
1447
316
865
1015
1038
-1024
-1510
8178
1744
6847
-60
3423
0
-3219
-799
0
1099
-667
-955
0
6170
-89
1373
1357
3699
681
-425
6521
-1292
270
-712
-1017
0
-5236
-2337
-2541
-3457
-4473
687
-3109
-9829
5627
5533
-3376
4361
1996
-1034
1491
-1331
-550
0
0
0
-3617
0
-1708
-2010
0
0
-1458
-59
-2203
2726
0
-1775
2035
-3901
259
-1946
1668
19
-689
-663
6472
258
-560
0
-5160
-482
0
-1590
-576
-4028
0
-1163
2768
3092
-5092
-1110
-2721
5543
-2894
467
-5387
-812
751
0
-1355
-91
-1381
594
145
2087
-16096
-3203
2792
-3830
163
405
1501
6326
-665
1561
449
0
0
0
682
0
-5965
-553
0
0
-664
-1792
-997
-1334
0
-147
-1975
111
2366
1596
445
-836
-1009
-1757
249
1108
302
0
1263
-1849
0
-2982
7987
-196
0
731
-1774
-9201
-560
657
7357
6272
360
-1863
1113
-748
7002
0
-4120
464
-7710
-6689
11743
-1517
-633
-1193
287
-5914
1244
-9142
-895
-2058
-329
-1041
-890
0
0
0
361
0
-1731
-3613
0
0
-1666
-4066
5667
792
0
-9702
5095
-2069
-2846
-3365
5521
563
3277
1208
-2455
-4513
-27
0
-144
-127
0
-2351
915
-47
0
1652
2993
752
-2667
167
-2593
598
-1463
1923
4563
-88
3567
0
-2138
-539
451
-1674
-1657
-14629
99
700
1508
1686
8493
186
148
-1070
-629
-1411
1435
0
0
0
-2346
0
2583
-760
0
0
-4553
-127
344
183
0
1378
1628
1078
-1532
-1584
-667
296
-508
-25
300
2330
1137
0
-334
-1808
0
2599
1187
-428
0
-466
-646
447
3095
363
-1104
-1104
282
640
-659
9815
-238
0
-1705
9104
689
-182
45
-130
-141
340
1416
303
-1239
-758
2677
-848
-1692
-1815
-1044
0
0
0
-1111
0
-58
-571
0
0
-1280
882
-691
-3367
0
288
-575
-282
-382
1170
408
5880
5124
3018
-7363
437
1242
0
-1972
108
0
724
-1948
862
0
3222
18
817
-1458
7339
-194
-1602
2558
-516
-27
1114
600
0
3155
993
2658
3696
2762
1824
-335
8517
-4071
-5572
4469
-1003
1051
853
-1224
4781
-1124
0
0
0
4357
0
1216
953
0
0
-187
-2306
1768
339
0
2467
-1033
1840
2620
1805
-3601
2253
-2959
581
-3452
824
513
0
5424
-271
0
1957
1687
4216
0
2694
-1932
-975
1099
3515
2053
-6335
512
-555
8187
3604
1705
0
-1120
6490
100
-791
714
974
-323
1088
308
-910
785
-609
-4457
217
6941
-343
-791
0
0
0
-2211
0
78
-534
0
0
522
-723
318
1773
0
115
51
-1744
-157
10
-67
294
-8299
-38
4857
449
-3810
0
-1510
166
0
-1099
421
-3348
0
-8369
87
555
-3955
-3643
-813
-196
-13191
-1136
13
-882
-144
0
-3389
-537
463
591
4
120
968
77
1265
703
-609
363
8539
-64
-6183
-1395
-1118
0
0
0
738
0
171
-973
0
0
-956
378
1340
2529
0
466
749
117
238
281
-225
-10166
-2092
15805
162
574
-13655
0
-2139
-251
0
479
-332
1987
0
-136
-120
-914
-792
408
774
-1991
28
-63
56
-1822
1376
0
5629
560
-1263
3438
1199
-2092
1655
2169
4945
272
506
-2903
-176
-573
-641
734
-2870
0
0
0
-1100
0
-382
249
0
0
-6202
145
-5190
-397
0
-4207
3137
-5132
-2146
260
3740
107
596
548
618
1279
794
0
-1059
355
0
911
1744
-1920
0
-1105
2582
1505
-8404
-1292
843
375
1213
8789
2236
-173
-740
0
-3268
-390
-3942
-2332
-2099
-815
-4948
-4381
1245
4093
-138
1798
-983
-489
1564
-4943
-662
0
0
0
-957
0
967
287
0
0
-401
-1815
-155
309
0
-1249
-860
678
-1065
-1888
2586
-505
1981
-1214
3054
421
-1036
0
-4428
-447
0
-1322
-746
-4254
0
-3817
-619
638
-778
184
-2573
5396
-446
-726
-3670
-53
1310
0
1521
2080
-219
-633
-1649
-7380
-1945
-532
2920
-2097
3326
-949
2079
-32
585
-4655
-2620
0
0
0
-957
0
-926
-4641
0
0
-7815
624
-6076
-488
0
83
-1484
-4054
10424
1016
2682
955
116
-22
-1176
9598
783
0
-343
-24
0
-1257
1984
-1278
0
244
-201
-1436
3770
53
402
-391
-292
5342
-328
-7658
-681
0
702
-2020
-446
-173
-69
-486
455
700
-242
43
-42
1416
204
573
7710
-211
921
0
0
0
883
0
532
-124
0
0
-251
246
330
1474
0
781
235
-459
329
113
570
6821
4434
-13514
142
348
4523
0
132
-839
0
530
103
204
0
-3740
401
320
433
4623
559
1098
-11495
-273
445
-321
2879
0
337
-1207
-957
251
-729
1227
216
4561
407
-1524
2356
-239
4734
383
343
-658
-2676
0
0
0
-14209
0
389
-680
0
0
1046
-2349
1151
9
0
323
-297
938
-777
785
695
1259
3236
-432
1612
-1216
-241
0
4415
660
0
817
-128
-2828
0
2249
-1371
1198
-4790
-835
-99
-628
1581
3258
-144
1375
1312
0
-1254
-926
225
468
1177
-841
-903
-202
-898
-289
-996
197
-4571
789
8783
-825
337
0
0
0
-4678
0
158
946
0
0
1157
-183
1206
-10555
0
610
386
316
-1492
-700
-1410
-6330
3850
12979
1623
14
21736
0
-875
196
0
-973
127
-1590
0
-3128
-501
-1035
-2652
-3293
88
-654
-4320
189
-376
-783
1298
0
-2495
3169
1581
72
-119
1247
1179
7150
828
-426
-6997
740
589
1009
2386
-203
2440
0
0
0
-14916
0
691
43
0
0
2024
-196
-819
2827
0
-599
-1173
-770
-2062
288
-1723
148
204
518
1834
673
1086
0
1168
708
0
76
-3008
-1279
0
1242
-1199
-470
1221
1111
1572
-1664
-768
-2270
-298
-507
4908
0
-1549
912
2217
-811
7359
-4990
-2150
-805
-330
-9526
-6036
-6853
-629
-2981
-128
-4626
-435
0
0
0
-1247
0
-2971
-4675
0
0
41
-2763
-1978
200
0
2917
3208
-5978
-1770
-1700
-12238
1467
155
1951
244
-4240
-1288
0
-4834
393
0
-75
-4376
-3127
0
-351
1916
3678
-3311
355
-2584
-937
-1298
1038
2269
-2345
1404
0
10127
-158
-3158
2968
-3203
2393
7959
313
-2288
1727
9364
2016
-4029
-1022
1606
2242
-485
0
0
0
226
0
-1143
-332
0
0
442
1603
-1314
240
0
-272
1253
-1509
6055
-2015
1672
-2848
1498
-2260
2221
-869
-1463
0
7563
-371
0
-1075
1509
5937
0
-2731
667
124
5041
-1255
-2089
-1628
-1692
-4776
-1900
1348
-2900
0
-1916
-1761
-750
-2804
1643
-959
-849
-1886
-388
-3753
-10178
-1734
4814
-1369
-181
-8502
461
0
0
0
19323
0
-167
1106
0
0
132
-1289
-3371
402
0
1592
-2720
1178
784
-432
-2209
66
-1977
-884
1294
2102
2087
0
6337
-46
0
2185
-1022
-11372
0
-595
-1187
-1509
-3867
3821
-6
7627
26
1060
2425
461
612
0
-17844
-623
-453
-2852
1018
2091
-800
-2028
-1711
-438
-6657
512
-2015
-3
218
3383
1248
0
0
0
-3131
0
-34
528
0
0
1490
-143
2037
-936
0
-1561
-1547
1482
-3495
-810
2212
-1600
-338
-930
-456
1865
-740
0
7149
-1389
0
-540
-7194
-1755
0
1307
-1847
-370
12524
335
-343
1452
-18
-16324
-1369
346
-1615
0
-7003
-1453
-761
-1893
508
-5176
186
3262
-1001
-2745
-2050
-58
-3842
-2595
665
-1651
-668
0
0
0
17469
0
-315
537
0
0
-401
910
-1733
-768
0
-28
-1587
164
1105
499
-3178
878
-357
938
755
527
-1236
0
-20041
360
0
3110
6924
3223
0
-702
-521
3716
-3159
3304
-1466
5301
-444
-1914
-1140
1490
-1026
0
-2107
550
-1010
7532
1015
-1699
-181
4614
644
-572
2573
-3600
-640
4933
-1836
-3065
827
0
0
0
1516
0
-2025
-584
0
0
679
-32
-1551
-420
0
-3354
1373
313
-915
-4186
-741
-1453
-1033
-1626
-535
-1026
1462
0
3878
-4138
0
-6682
116
3010
0
-428
-77
-12057
-771
816
3988
-2280
191
98
2474
0
0
0
0
0
0
0
0
0
0
0
0
0
0
0
0
0
0
0
0
0
0
0
0
0
0
0
0
0
0
0
0
0
0
0
0
0
0
0
0
0
0
0
0
0
0
0
0
0
0
0
0
0
0
0
0
0
0
0
0
0
0
0
0
-1187
2472
0
-266
631
3219
-6253
2023
62
-18999
656
229
-1409
1018
4202
3792
-3560
-279
1055
989
0
0
0
-262
0
-8926
-131
0
0
1761
-4938
1357
79
0
1111
-1418
-1455
-623
-933
-3115
179
-978
447
202
-1312
311
0
-1433
-1142
0
-3166
718
-1929
0
-911
-1675
269
1915
-1793
684
8150
194
745
-2859
1766
869
0
408
-2236
1126
2312
-1153
2029
-767
1995
93
398
-9163
545
731
-575
-1937
2086
7338
0
0
0
42
0
200
7355
0
0
13072
555
2128
-506
0
-3826
-2153
-239
-4680
305
2700
-1225
-1190
437
311
-7180
1706
0
-743
-20
0
941
234
1195
0
749
-4511
169
-531
1667
-108
-2774
-925
-3649
591
-143
-4006
0
-7901
4609
-1081
-1808
1150
2373
2618
-2173
-2627
-1141
4607
245
244
928
2698
-685
-9433
0
0
0
1499
0
600
-8830
0
0
-7240
482
-76
279
0
210
2516
-2054
4432
819
-1966
1178
18
118
2147
-3268
-795
0
2451
119
0
-239
-4180
-2867
0
-2879
2592
-183
827
-1097
959
-329
-77
-2910
1662
1544
497
0
4568
-1449
275
1189
-536
-196
8157
-3335
236
1008
3645
1359
-1687
2830
-323
1317
-469
0
0
0
8089
0
-2003
-100
0
0
234
899
1335
424
0
641
617
1287
255
326
-363
-518
-1247
-946
1670
-704
453
0
-11558
-2077
0
-2608
68
1760
0
-1162
1268
-1112
2080
258
2838
1554
1016
1227
-1705
228
-12809
0
277
163
16600
1318
-15370
-2587
-1340
3309
-468
4123
-2367
10330
-1
1696
194
-406
3824
0
0
0
415
0
-600
2488
0
0
4301
1894
-13407
318
0
21586
-6564
-4084
-1284
-2521
-17892
551
-171
-39
1134
2156
236
0
353
3749
0
-2482
-380
-1162
0
440
-1991
-426
-468
869
-2212
-2949
553
-496
-6554
-3145
-150
0
559
-187
-412
-729
-629
-765
489
-44
-1084
781
-2468
-2892
2754
950
4511
-1830
162
0
0
0
-14777
0
-478
-543
0
0
833
3160
-12
4342
0
-69
-2038
-186
-2287
-1751
-748
-1076
-3932
-3360
2607
-2220
2695
0
-393
768
0
744
2197
-517
0
-2873
309
72
-3026
6567
150
3693
5399
1935
-1465
-98
222
0
4723
895
466
748
35
-4321
-1260
-78
1267
-703
10258
763
-666
-213
350
972
-914
0
0
0
-2018
0
-489
1536
0
0
-1452
-515
601
1347
0
847
2488
675
-391
271
-210
-402
-1382
-235
-881
554
192
0
-5101
-236
0
159
4398
1824
0
1666
1402
-488
-2293
322
-339
1158
288
1625
-491
8
932
0
3294
2582
-9826
-11821
-4779
-679
-499
1710
-8498
3688
817
6507
-3543
-2631
1193
-823
-2470
0
0
0
-146
0
-2579
2191
0
0
-889
-1164
7725
-199
0
1339
-4809
4561
360
-3565
3232
-274
1511
-1133
986
800
-1370
0
-1338
-1824
0
-2172
-1017
291
0
-1574
-3782
1985
2569
639
-3395
8042
-399
-2578
-17324
-17
2039
0
4969
861
-2315
282
2135
-910
1223
-1689
294
380
3785
510
1687
-383
-341
-12186
479
0
0
0
1271
0
-1282
-249
0
0
-847
1235
1768
2400
0
680
1081
667
3015
-1765
3067
-312
-1072
275
-351
-1530
747
0
3950
701
0
-1398
-259
-5199
0
267
1764
738
-3977
1192
-177
957
-2327
8642
631
833
-4495
0
-5622
-1797
-2987
1727
-3397
-965
1043
5094
6544
7450
-51
4228
2452
-2170
-888
242
419
0
0
0
1728
0
-3642
-2052
0
0
-274
1531
5427
676
0
-2497
11276
426
3845
-1882
2079
71
-1927
-775
-242
-6310
2670
0
-729
-3343
0
-2806
-2714
936
0
466
3802
-1818
-114
807
2968
5166
181
2298
4407
-1557
2789
0
-7261
-1207
-5454
468
4736
509
-200
86
1526
652
598
-1748
2665
-1031
418
1239
-2639
0
0
0
2863
0
319
-3400
0
0
-1180
-773
3529
1060
0
-3293
4590
-552
-652
-747
4346
-165
-1149
-334
238
-3772
1165
0
-9410
-185
0
1522
15
4761
0
459
5163
1132
8178
-700
-1558
4383
-444
-5766
664
1462
2967
0
-1427
1341
-1607
-2912
-480
1767
1919
3038
-2516
171
2262
-2417
1918
2669
1098
1509
2365
0
0
0
1516
0
973
-2207
0
0
5339
-1363
1915
-92
0
-574
-2660
-1075
-954
2194
-257
347
1029
-575
-817
-2747
-72
0
-1218
2205
0
-5708
-14418
28
0
281
1864
1798
561
116
-2915
2673
-240
-838
1220
1422
362
0
-1212
3106
720
-1824
376
-985
98
812
-737
-1010
-1938
-1486
-6065
-423
14795
1052
284
0
0
0
-1895
0
447
-71
0
0
165
-1125
-955
-8847
0
226
215
-981
-161
-416
19
-6249
3300
5351
-2624
-218
8428
0
-260
410
0
-232
931
-3636
0
-1237
-824
-523
-2649
542
-808
-1708
-404
182
-899
0
0
0
0
0
0
0
0
0
0
0
0
0
0
0
0
0
0
0
0
0
0
0
0
0
0
0
0
0
0
0
0
0
0
0
0
0
0
0
0
0
0
0
0
0
0
0
0
0
0
0
0
0
0
0
0
0
0
0
0
0
0
0
0
-450
-66
0
622
-636
-4006
1781
-5519
1001
-42
-1091
-100
5403
-3472
397
304
15755
-1160
-2018
816
0
0
0
579
0
19070
1335
0
0
692
-207
-6365
-473
0
-4577
1308
-2035
568
15871
8237
-470
-2599
-1570
-478
947
616
0
-2547
6481
0
10410
-2110
-22
0
-569
1445
-883
-1130
-954
17209
-2976
1216
783
10146
471
3670
0
7927
-1429
-3087
197
2241
-6399
2312
-674
1397
-66
-413
575
3832
1773
-1785
-8873
-20
0
0
0
683
0
-2814
-1364
0
0
1838
343
5537
-920
0
-2562
998
-1262
3669
-589
3775
202
-1040
324
1207
-2272
1367
0
10306
-3565
0
-3631
-4908
-6577
0
846
2081
38
-8190
501
-495
2565
1957
9222
2237
334
-1179
0
4018
486
231
3837
1169
7558
90
1333
-6488
-1544
-1982
2476
-904
-547
-197
33
2548
0
0
0
1293
0
-362
10805
0
0
4505
594
-5911
-1337
0
-6768
8888
1975
-7511
-619
-2840
110
711
-284
-1024
3526
-413
0
-988
538
0
539
733
328
0
-955
7168
-15
1667
1038
-552
191
667
240
3416
1830
434
0
-1222
-1093
-665
-1749
1310
592
282
1703
920
-1190
394
-615
-8539
-386
896
-3060
-380
0
0
0
-861
0
865
-624
0
0
-75
209
-247
-324
0
146
-428
-9
-543
-630
89
-571
-12250
-1689
-5058
-641
463
0
-6099
670
0
714
2848
-8681
0
-10071
-465
534
-1354
-2544
-894
96
-2901
103
304
275
3687
0
2533
-164
-7288
-3596
-3147
386
-2271
2399
-495
7163
-248
6588
1150
-8225
-1914
-5033
-1317
0
0
0
1023
0
-7032
-192
0
0
-1780
1623
-128
1227
0
524
-1989
4264
-784
-4731
3277
42
-1964
376
-47
643
1914
0
-6363
-3431
0
-7090
-2522
-2064
0
791
-1817
2394
2824
491
490
3554
872
1069
3706
186
-3538
0
266
-1754
8955
10195
-6916
1407
1071
2293
-370
4315
1789
7793
-1482
1995
-8
510
1802
0
0
0
859
0
1116
-1361
0
0
1875
1135
-10865
216
0
2309
2555
-6961
-1807
2802
-8612
-1287
-1129
-408
-926
-1018
-297
0
4809
1604
0
203
1684
2175
0
1490
1102
-2737
1135
727
1763
-4083
702
79
1327
-1286
276
0
-4871
-10463
200
386
2286
1356
651
-1473
-250
-491
809
-1922
2648
-834
-7064
955
802
0
0
0
-1093
0
-359
516
0
0
-98
-19
-220
-5794
0
590
179
-832
-1176
44
67
-3242
21133
-2282
4970
1086
1369
0
-1672
1012
0
75
518
-69
0
-1399
542
599
-5263
-712
32
-463
12582
-2103
-422
1673
-5028
0
587
-942
-6464
-4233
-5728
-968
-406
-8982
6479
7493
-1212
4514
-1676
-940
2685
-464
5988
0
0
0
-692
0
-496
966
0
0
4379
1253
-3284
-356
0
-9193
3973
-2428
-1519
83
7985
-829
3048
1417
2014
-657
-1760
0
-1200
-2424
0
-177
-403
-476
0
-258
2935
-407
144
548
-1467
3785
-1199
362
-6482
-629
-237
0
371
9
4286
-284
-620
-3223
-1998
2873
-3055
336
332
-1083
1628
3024
931
5127
-1326
0
0
0
1107
0
-713
2664
0
0
-492
-2100
283
-911
0
-1209
1751
1419
-3541
2870
-3832
79
3
-263
749
2276
-1076
0
1418
-9786
0
1507
-2730
-5758
0
-361
1606
1608
-1511
-15
1221
6182
53
4285
96
0
0
0
0
0
0
0
0
0
0
0
0
0
0
0
0
0
0
0
0
0
0
0
0
0
0
0
0
0
0
0
0
0
0
0
0
0
0
0
0
0
0
0
0
0
0
0
0
0
0
0
0
0
0
0
0
0
0
0
0
0
0
0
0
-4305
-391
0
-121
-1530
-354
1646
246
1274
474
-1145
337
-38
-509
805
2199
-524
12547
1028
29
0
0
0
-2094
0
-255
198
0
0
-280
432
121
-7183
0
-599
-328
-321
138
180
-1048
-18369
1383
7657
103
382
328
0
-1011
77
0
-97
1708
1421
0
-168
-51
-462
-1097
-1559
281
1576
-1108
-1823
-315
-263
7700
0
2420
202
10246
209
18649
262
-2944
-3885
-458
-5296
-4500
-12039
-780
-4239
93
-646
-1367
0
0
0
904
0
-5524
-3564
0
0
-1273
-3892
-2235
-444
0
7157
4482
-2834
-670
-7772
-5831
326
-265
20
861
-1843
-998
0
-2525
1569
0
-5284
-2953
-1376
0
-1081
5677
2987
-448
-1171
-6805
-1810
195
-1396
-8206
-18
-1448
0
-5872
-603
-293
1106
1188
-3915
-5531
2585
137
1821
3677
-489
624
1170
-2224
634
-2498
0
0
0
-9917
0
-1893
2247
0
0
501
-204
-1035
442
0
-821
-533
2553
1767
-4284
-1541
-247
-1186
-52
502
1449
1162
0
-15631
-3032
0
-7809
7043
4454
0
-742
-1029
-3160
-3003
-710
1345
2831
802
-2309
574
4889
487
0
-4825
2849
702
1150
1265
-1400
-670
1174
300
-1056
-1892
-888
-1768
161
6114
184
1977
0
0
0
-48
0
526
1173
0
0
1587
118
-1063
2518
0
-197
590
-1430
244
14
-370
-456
-7782
-1882
8706
353
-522
0
1609
456
0
62
-1292
-852
0
5180
657
-255
-5923
-4016
306
-666
-7196
-2437
326
-164
502
0
1178
-17492
1881
1272
-222
-1051
-591
-360
81
757
-2114
-299
-56
500
-1047
1831
-825
0
0
0
-950
0
325
-879
0
0
-753
65
-510
-1463
0
1272
-51
-648
47
-396
-1084
-2020
6084
-1665
-10530
-688
-2236
0
-1650
-89
0
-381
913
-783
0
-10664
-628
-314
-2408
2225
121
-1344
1143
-1425
213
-511
-2779
0
104
-1372
1673
11345
-2089
203
5433
6154
-1377
-1725
2968
-3048
-1753
2274
-2307
2451
1010
0
0
0
3974
0
5268
1912
0
0
1768
-1874
-3908
1427
0
-2408
465
-1884
-785
7654
289
590
-1557
59
-4010
-121
2308
0
4517
608
0
5207
132
5122
0
3842
-1663
-2063
436
952
6011
-4968
-548
-764
12575
968
187
0
912
-1643
-98
-204
-645
303
-519
-244
941
735
526
413
3028
-642
-1946
-37
710
0
0
0
607
0
-260
1087
0
0
-343
567
551
3840
0
246
595
-40
-536
-897
105
-4670
-3569
16870
146
883
-6647
0
697
-1528
0
150
178
861
0
1325
233
-215
966
-7647
-170
-1518
4518
-723
846
430
-1480
0
-150
1
425
-2476
2245
-97
-2000
2311
596
-1452
504
-1162
-436
7538
966
1441
537
0
0
0
-545
0
-1495
600
0
0
922
15934
-1225
-367
0
-1176
-285
-1753
288
-3580
-2268
189
-324
-187
-422
341
-1289
0
1685
-128
0
-799
-662
-249
0
354
-867
11927
1214
1048
4680
4112
165
-335
-5250
-2067
151
0
-4490
-6141
761
1580
1411
-4358
-174
2309
11
-487
-1350
-739
3071
462
-4460
-758
1388
0
0
0
586
0
-381
877
0
0
1104
19
162
-300
0
-238
-210
-642
-491
165
-449
-2508
7514
-178
-6982
185
-1596
0
159
340
0
-462
90
551
0
-5698
-25
123
-4656
3580
356
20
3521
-2037
1204
-839
502
0
-965
-1539
-1866
-967
2477
-1905
-2445
2159
-412
-2547
7881
283
-597
-156
135
10688
-1029
0
0
0
-418
0
1595
-1109
0
0
-1404
-1548
-473
131
0
-4513
1012
-37
-2509
1398
-3739
-235
188
222
-582
-79
581
0
5477
994
0
4233
-2728
-631
0
2129
-517
776
1123
-744
-437
6861
-1103
-745
-183
-16
2532
0
6648
3087
-4438
-5702
-204
832
-172
-171
-6692
-1708
2054
1792
2023
-1041
-1926
-1999
831
0
0
0
532
0
-1164
4492
0
0
2200
-1387
6994
-1190
0
1114
-4767
5878
1435
-749
2672
264
-275
-1556
-2184
192
1950
0
-1156
-205
0
-1062
114
401
0
2530
-4124
2257
5242
439
-1624
2831
1344
-2609
-5240
264
15086
0
529
-876
6455
8341
-2045
-2113
-2382
170
-3519
3434
-1579
15751
163
2122
-35
-6051
-3786
0
0
0
-386
0
-621
-3930
0
0
-2908
5678
9485
285
0
-10436
4331
2173
-2465
-291
-1794
-159
-734
111
-789
-3205
218
0
-1953
12506
0
-6262
91
-673
0
1588
1526
-1282
-1752
245
640
-7395
-66
-161
-2725
-388
565
0
-2675
-1657
-101
-1591
-3180
-3
5797
1362
1217
4670
-2381
1545
4506
-995
-1920
-4920
319
0
0
0
2043
0
-504
-923
0
0
1154
7
-275
178
0
2910
-1415
857
-627
-941
-897
70
-2826
441
576
10
2327
0
5744
313
0
2445
-11027
-5168
0
109
-1234
876
3826
567
-698
1510
612
-2226
412
-152
3607
0
-6141
2192
2859
2784
-4087
3083
1579
1565
2144
7507
2264
3437
1598
564
941
-284
2305
0
0
0
9431
0
884
-593
0
0
924
766
2388
-1272
0
2749
1370
-2651
1157
-995
-605
1285
1609
1906
-1791
612
668
0
-357
-1019
0
1050
-10041
-2857
0
89
827
51
3998
2587
-972
-1678
627
-3474
-607
-365
-6425
0
254
-54
-11678
-2112
-8784
1244
395
-1267
-5411
1644
-1566
6475
12
12505
321
95
-845
0
0
0
-913
0
16116
14126
0
0
892
641
-2498
1800
0
-6122
-12061
10799
-4079
12384
5619
196
1623
143
664
15988
-178
0
-2950
1429
0
9542
-1519
-2567
0
-2017
-11817
2231
-4077
-199
13425
5222
-870
845
3704
167
-1137
0
8623
158
531
11
-287
-64
1458
230
1575
269
-2168
-1582
2115
662
430
-7728
-1007
0
0
0
-694
0
-578
1004
0
0
661
-293
-605
-935
0
-164
-918
412
2245
-23
1421
-26
-215
-338
1129
125
330
0
6358
-1528
0
810
555
-3540
0
63
194
1275
-4716
-119
-29
-2318
-100
3261
-771
-489
124
0
-1857
-510
428
-2505
-1333
-10879
4928
-1409
-1132
2244
4431
1322
-4714
-2046
-1093
-607
399
0
0
0
-1420
0
-41
1087
0
0
1804
-16
564
-1072
0
1515
-1640
1084
-1618
398
-1976
916
2542
1033
2550
-951
-2062
0
-17178
127
0
1527
-235
7482
0
487
-945
3621
-1958
982
-2614
1361
7
381
-3813
1028
-1401
0
3040
-277
-120
3757
517
2425
-6
2563
2321
-978
-4157
-600
-4507
-523
-395
-15408
2280
0
0
0
-2098
0
153
-1585
0
0
-207
-151
-2553
1989
0
-861
-1513
-2871
7040
1165
3563
296
608
562
172
3464
489
0
1046
-2983
0
-510
1449
1446
0
251
1513
4645
-433
243
-1865
-1030
1022
1497
835
-569
-6733
0
-529
-852
-518
1991
-842
3768
333
1557
-905
-3573
-8610
3000
-1064
2892
-747
-3218
685
0
0
0
-260
0
-2127
-42
0
0
-2025
-2173
-2955
500
0
1390
1834
-107
837
1525
643
-281
-1125
74
878
-457
1411
0
4665
1126
0
-7283
-373
-672
0
29
1667
293
-14
-191
505
2883
319
-604
269
1242
346
0
-4302
-4606
4856
891
5757
-3732
-2088
9668
1650
-3263
-5751
-4700
-2835
-1855
909
-4987
-1907
0
0
0
1037
0
591
-1103
0
0
-2010
592
3795
-811
0
6239
1097
1030
-1306
2605
-3206
-1618
-1638
-2660
8225
298
-1458
0
-6650
-161
0
1662
-1233
-8094
0
-4578
-56
-1641
-4580
-455
1330
-5274
351
1616
5244
0
0
0
0
0
0
0
0
0
0
0
0
0
0
0
0
0
0
0
0
0
0
0
0
0
0
0
0
0
0
0
0
0
0
0
0
0
0
0
0
0
0
0
0
0
0
0
0
0
0
0
0
0
0
0
0
0
0
0
0
0
0
0
0
-1318
-243
0
-5764
-379
-563
564
189
2346
-1423
2690
-953
-4092
-323
1003
-1426
1021
-16280
1003
-153
0
0
0
-13780
0
658
199
0
0
-188
-1248
1137
2366
0
-469
1211
824
-1639
-498
136
-272
320
-286
146
-400
2830
0
-4630
1188
0
-400
4629
1141
0
311
1803
-1421
777
-755
-463
129
-68
-4996
76
-315
-290
0
1727
-1296
1904
-2754
2165
-26
2155
-258
-313
-2378
-1570
2283
-1056
-3099
-729
-1011
-557
0
0
0
-1817
0
2544
-799
0
0
297
-1623
-884
1468
0
883
323
-2279
-460
6990
-1820
139
-834
829
-23
-963
1013
0
4758
-435
0
-2131
-6257
-1517
0
-248
273
12331
147
-768
-3306
4103
111
973
1036
-791
193
0
-2389
-1125
814
-498
1357
-473
952
-1436
130
-854
-1427
-663
4693
312
-3294
58
936
0
0
0
570
0
144
402
0
0
61
-556
420
9274
0
1164
218
-517
502
46
-855
2501
-2103
-6710
2279
500
-23250
0
-2665
39
0
-359
138
-1360
0
-2263
-448
-264
-3771
-275
785
-1269
-849
-1901
-545
93
914
0
4326
1713
694
1691
-1763
-5028
613
1028
1366
515
5516
1393
1258
1807
373
690
-1176
0
0
0
1759
0
-415
-257
0
0
3178
-1232
331
893
0
1789
106
-306
4793
420
-1939
2141
-560
442
1729
-1758
37
0
-3317
652
0
-1120
1271
2852
0
1058
816
-1103
-6034
1238
877
-675
-682
6606
271
-1000
-867
0
2851
200
-393
315
-67
8204
2373
230
-6466
-530
-8048
1232
-3290
1713
-952
1483
-3614
0
0
0
2601
0
-381
-821
0
0
512
2184
-868
412
0
-431
4804
1606
-6640
-1969
-637
-1791
-1086
234
549
-2364
125
0
-1306
-89
0
-1183
247
2399
0
1080
2663
-1302
-267
574
1241
381
-123
-3169
-1563
971
492
0
-5816
-761
968
-1039
-864
817
-447
1641
2202
-41
2349
269
-551
7
-639
-2133
3841
0
0
0
5843
0
256
-3796
0
0
-1246
282
-1431
986
0
1931
1145
-4306
8137
-15
-913
48
321
835
2622
-226
-79
0
1607
-624
0
-80
-4954
-3440
0
-2933
413
719
12310
1300
474
-1462
359
-13347
1419
233
-15843
0
1913
-799
11322
1382
-13801
-2619
-650
7864
-906
6802
-4173
14102
-86
-2823
-1057
-546
1076
0
0
0
941
0
-4889
174
0
0
3684
1576
-12659
-332
0
12490
-4955
-6290
1599
-4187
-12763
497
-1460
-48
1096
1000
1448
0
1042
964
0
-4236
-949
831
0
-150
-137
981
-486
1159
-4682
-400
1173
-1199
-8112
-8872
-124
0
-2596
2169
787
-1450
813
-1378
-1321
-405
171
-1428
140
-106
2960
-490
-3332
-2731
542
0
0
0
1339
0
630
319
0
0
124
-527
1092
-1367
0
1185
731
71
-770
122
-1619
-1992
-1691
-1165
-2199
-863
1316
0
-1092
-232
0
613
-403
691
0
2920
859
-1162
-447
8719
216
-1090
-14707
-58
51
0
0
0
0
0
0
0
0
0
0
0
0
0
0
0
0
0
0
0
0
0
0
0
0
0
0
0
0
0
0
0
0
0
0
0
0
0
0
0
0
0
0
0
0
0
0
0
0
0
0
0
0
0
0
0
0
0
0
0
0
0
0
0
0
-723
619
0
912
1089
-3068
-1545
573
2190
-20029
803
-606
-1655
457
1813
2820
-1256
-633
1235
1184
0
0
0
1613
0
-4881
339
0
0
-637
-2458
-467
-129
0
74
1010
-784
90
297
-551
-579
-1065
-530
-420
1087
1841
0
1496
1813
0
1701
1807
1642
0
367
647
-4005
425
-616
3120
7215
412
443
-123
-1382
-2615
0
7892
-2022
1438
835
702
-5082
-2052
5125
539
982
-3228
-937
1926
-539
-1865
4162
-5588
0
0
0
-4104
0
-204
-5381
0
0
-2354
627
-2125
210
0
-53
3371
-3729
-7324
-1106
-4447
-532
-1079
-552
909
-3935
1683
0
-3736
957
0
-337
2188
1079
0
-1087
1602
-1666
-9557
-326
-532
-1599
-22
11879
1732
-785
-393
0
1764
-99
-354
-95
-657
-5015
-8080
4821
-415
1162
-79
1404
402
367
-1608
1493
-2399
0
0
0
-200
0
-3058
1004
0
0
-2118
-808
-1521
622
0
-771
-425
597
-2508
-2176
-1794
-995
-1667
-729
724
219
1272
0
-14455
-1756
0
-3590
518
2157
0
-676
-1103
-2030
-2937
-500
-452
1312
152
1184
-3436
-1264
944
0
-2146
-480
-826
2547
-895
-1699
-1547
3399
-316
184
-1247
2621
4472
-651
397
5209
-1129
0
0
0
2725
0
547
-453
0
0
1332
1652
1253
-1331
0
2326
-386
-565
-4917
-5880
-3035
954
-879
-743
1535
-3219
714
0
-3139
6287
0
385
-981
3226
0
-365
1694
-6282
2089
-897
668
1814
1395
-7254
-812
1322
9215
0
1208
2657
-6541
-2512
9457
3871
473
-2769
-948
-2090
2084
-6844
-789
898
578
-794
-1916
0
0
0
527
0
1147
1539
0
0
-769
-564
8849
-131
0
-4404
2189
4313
-272
2637
6406
-1947
4175
-2010
-4289
812
128
0
806
419
0
1777
3982
535
0
3171
-48
-1251
-894
-1617
2759
618
514
83
4696
-9470
461
0
-2580
8533
-301
1018
85
-2147
209
756
-1364
-1410
-420
-1184
2853
-276
3481
-819
451
0
0
0
739
0
-1070
-584
0
0
-31
20
275
4645
0
373
449
-406
-69
-623
805
1224
7058
-911
-2295
-429
1317
0
-316
314
0
-541
-416
1852
0
-5961
-508
63
-1056
14109
-985
-2529
3879
-584
-455
-2102
-1262
0
6747
2882
4898
454
-844
423
-21
2316
-5862
741
681
1041
-94
-160
-1608
1021
-1106
0
0
0
-661
0
-173
2079
0
0
1311
-1549
561
-834
0
7789
-4412
1529
1310
-298
-7821
-508
-2186
641
-1170
-483
1204
0
2131
1710
0
-1140
-1045
1518
0
401
-4258
862
2519
-524
-849
-4548
2384
-1724
-3244
769
-6826
0
-8687
-2321
1743
4799
-1319
-2309
737
4651
4203
-3142
-223
-222
-405
1635
566
1741
7523
0
0
0
340
0
3704
-4494
0
0
3901
2505
-8209
230
0
-6173
6601
-5465
-2516
4504
1146
721
-182
1033
-449
-6015
-639
0
3387
1331
0
3107
-240
819
0
-523
3245
-1472
-4837
1634
3722
-5123
-613
-681
8566
332
6499
0
-483
199
-12874
-6409
10437
548
2820
930
2233
-8444
1574
-6403
-20
-3005
707
-695
242
0
0
0
556
0
-3171
-3736
0
0
-2446
2311
6859
1082
0
-16804
7518
-2902
306
-839
23327
196
2001
-69
-1386
-4661
-284
0
-37
-5598
0
524
500
213
0
-565
7120
933
431
-171
-1593
2799
-459
-1297
2044
16200
-236
0
39
-412
-662
1869
-280
1242
989
4003
-1167
850
-1247
-421
461
-445
-13949
859
-660
0
0
0
-4582
0
-11
-77
0
0
-1473
1023
-36
-9261
0
152
-359
-702
1914
-668
220
906
6252
-2483
-5043
391
2443
0
-313
-1699
0
1888
312
38
0
4526
-531
117
322
-12885
-669
227
-14262
1179
557
-6659
1106
0
2262
-1066
946
-82
1247
-1108
-2180
-1424
-810
-405
-1793
426
-8795
-878
-6533
-108
385
0
0
0
-2249
0
-429
917
0
0
2181
409
353
19343
0
-959
338
-905
-2523
-1802
-1232
8921
-1726
-10719
141
137
-1894
0
1767
155
0
-1143
1508
-2008
0
-1230
-72
-1879
-2740
3678
-1525
-1678
-3589
-204
-557
