1250
1123
1377
1217
787
1457
885
1241
0
1248
1247
1074
1144
1398
1084
1144
1118
1185
34
1342
1244
1685
0
1030
1192
1200
1622
1196
0
1370
0
0
1260
1162
1266
651
0
726
1194
1231
1150
1301
930
1042
1350
910
993
1124
1247
1190
1265
1349
1233
1320
1344
1239
1661
1230
968
1116
746
1054
1421
1307
1147
1229
1037
1166
1000
1162
1034
1311
1465
1054
1329
0
1348
1209
1107
1124
1157
1135
1077
737
1739
1328
0
1390
1242
1172
1106
1459
1116
1196
1303
1361
1148
1397
1172
403
3
1240
618
1096
1465
947
1123
633
1472
1375
1105
1158
1518
660
1029
1393
889
1180
1202
1225
1152
0
1167
1230
1021
1473
0
1171
1355
1323
1306
1465
1217
1235
1592
1231
1426
978
1059
1478
949
1043
1353
1349
0
1066
1073
1110
946
1141
0
1417
1642
0
2185
1333
1341
435
1099
1266
1337
1277
0
1263
1256
1031
1072
1391
1302
1052
0
1262
1557
1341
1124
1786
1222
1006
1240
1447
1417
1075
1344
1080
1164
1480
1518
1407
1384
1196
1236
1001
1323
981
1178
1216
1249
1345
1111
1177
1254
1254
1027
0
1299
1350
1180
1757
400
1403
1257
1107
1230
1255
1145
753
1162
0
1068
0
1067
1068
1114
956
990
975
1369
1243
1336
859
982
0
1165
1170
1479
1154
1110
1313
1302
1541
1366
907
1367
1252
1257
0
1163
1407
968
1071
1321
1230
1171
1336
1099
1070
1148
0
1109
807
1050
1164
1204
1436
788
1219
925
954
1215
1281
1052
1222
1220
1056
1108
1326
1339
1311
928
1268
1480
963
1305
1110
1074
1354
1065
1361
1219
0
1096
1147
797
1161
1162
1345
1358
1053
1232
1291
1327
1608
1189
0
892
1305
1238
1648
1133
1243
1006
0
0
0
1100
969
1311
1311
1140
1055
1227
1066
925
1050
1335
1362
1912
1228
1434
1200
1250
789
37
1323
771
1629
1370
1189
792
1362
1209
1280
1323
1064
1206
0
1323
1253
1549
1247
1209
1206
1264
1326
1118
1142
1157
1088
1232
1087
1301
883
1374
1116
999
1391
1231
1279
952
1365
1125
0
1233
1215
770
1188
1272
900
1262
1273
1100
1070
1107
1001
1357
1063
0
1079
1125
1182
0
1434
1539
0
1145
1019
1299
1274
1086
1429
1162
0
1049
1179
1159
1254
1336
1273
1346
1215
1252
1223
1073
1094
1073
1425
1298
911
966
1222
1458
1215
1069
751
1002
1523
1190
1281
1230
1163
936
1120
1041
1576
341
1448
479
1055
1278
1035
940
0
1364
1127
1470
819
1195
0
993
1222
599
863
1154
1483
1119
1195
1223
1117
1511
1337
1162
710
1372
987
960
1344
1347
0
1193
0
975
1166
2122
1275
972
1306
968
450
1096
1339
881
1203
1283
1082
1073
1237
1059
1045
1199
1019
1181
1004
1281
0
1020
1427
1220
1140
1113
1177
1007
1152
1340
1213
1034
1213
834
1216
0
960
984
957
