-2024
843
79
-3532
3242
-283
1360
1856
287
-2418
-1933
2276
-118
861
2291
-1598
1751
2027
-1047
-857
-617
0
2098
-466
-1394
-624
-532
177
-2078
2436
-2624
-49
750
1482
-3266
-392
-156
2648
1163
-59
-739
1236
-898
0
0
466
1014
988
-645
1702
-513
1304
0
-1045
1013
119
808
-1082
-661
-212
492
1241
1610
-879
-548
607
1271
1557
936
-35
3520
-408
-1646
802
-843
-128
-383
-1027
-1279
-268
1577
-276
351
-752
-1823
-2786
-3203
-490
0
-3520
853
616
-558
2075
1732
-1713
-955
919
-519
1112
398
766
0
-390
-1025
-3292
3475
1660
809
-652
2835
0
-696
0
-243
600
255
0
88
-1144
0
-552
-3250
422
-2479
819
-1217
-1468
3405
585
480
921
-4225
-1489
1550
-766
-157
609
-479
-370
-679
0
-1742
272
-1210
384
833
0
1040
-239
-108
-4253
2308
770
-1368
175
1046
-2037
1068
-3013
-616
-4793
-1052
1463
2072
-2463
2159
-1064
942
58
707
1132
-694
524
545
-831
0
1252
-1377
389
-2455
2380
2237
1294
1258
-1634
-3400
0
-124
-1157
-1005
801
1240
-228
-557
1027
1109
-686
-469
-544
2644
-324
-488
109
-345
1015
-405
932
-267
1126
1810
1277
-728
904
-359
1058
738
-1067
-3017
1879
0
-3136
0
-1693
360
3081
579
-1171
32
-1397
-660
1288
1
0
665
-1317
1992
-964
2256
-2640
-345
2809
723
-2058
1028
120
-3582
1258
-1884
758
0
856
495
-1946
-834
0
0
-213
-3337
-809
-2977
2139
1688
-538
-1009
50
2351
856
2105
1810
-1233
1630
540
-2683
0
-2354
554
1345
-1684
1225
666
3051
579
979
-715
-623
-1181
1041
-3717
-462
-562
-1578
-45
1182
1256
-946
-725
-3188
1138
3414
515
1120
1045
836
-1908
-524
4027
-2143
1528
-202
0
1398
-2221
91
0
506
1591
-2204
69
2357
-64
1134
0
330
-1409
-444
2649
-2288
2623
-50
588
0
-1434
-1768
-1110
4064
245
-635
-367
0
-802
1104
260
-704
204
-660
0
-341
2676
-1849
313
1388
1257
-1457
-94
2060
-262
2
-1926
-842
0
-426
512
-410
94
2504
-176
-960
845
-2443
686
-1907
-2581
847
0
-325
1412
-1337
-196
184
1997
-964
366
-315
191
-1373
436
609
-17
259
-2362
0
-392
-673
481
-448
1738
122
331
529
-366
40
-1481
1927
0
-392
-1900
84
690
-249
-809
998
0
-2612
-2583
-519
828
-975
-820
766
-408
0
197
-951
-2143
-3448
1613
539
2195
257
-1904
-953
124
1845
536
408
390
-2154
876
-252
0
-661
3885
453
-910
1649
-1719
-786
-13
-520
554
-4629
372
732
1313
26
-1449
-1461
733
-1766
1171
892
-151
583
-1373
-2764
-500
0
1241
856
1195
59
0
-566
1374
199
-138
-732
619
974
0
-49
-645
519
303
-1454
748
764
1582
1855
-2662
569
983
-93
984
1981
-1376
-134
-1709
260
-781
414
-2237
-2206
192
-90
-548
207
1786
-373
-95
877
