527
497
390
425
410
382
832
0
7
334
0
417
468
342
289
404
343
498
407
392
412
466
745
381
686
273
343
467
366
914
343
362
371
416
559
328
467
307
799
351
473
306
453
469
462
366
785
406
368
412
339
327
387
448
339
0
497
417
435
353
440
418
0
566
432
271
421
807
1061
339
443
371
419
356
404
438
409
432
386
480
441
412
480
0
325
481
674
477
0
0
851
836
679
318
397
415
340
871
333
331
464
318
500
368
406
297
472
430
858
382
353
388
798
319
474
468
384
275
309
415
521
369
466
365
348
644
386
504
607
323
462
397
356
426
343
462
390
0
0
493
344
485
510
416
435
445
576
630
358
393
610
417
322
466
510
967
386
0
566
439
392
476
345
305
384
617
306
369
551
379
0
402
410
0
465
494
0
404
511
419
338
369
483
410
346
502
338
642
325
337
1
413
408
543
372
0
380
480
432
482
443
369
362
364
783
0
329
406
362
538
337
347
447
354
451
447
511
0
639
490
349
397
845
336
454
600
507
370
373
0
390
587
418
309
458
422
0
317
398
407
405
401
398
377
534
501
363
1058
602
619
574
473
544
421
402
1
