211
-49
-25
-60
228
192
220
191
-2
0
156
152
0
424
239
-55
-39
213
243
-36
-62
-108
-81
238
-64
183
-91
-86
-47
250
-70
-159
-12
-54
291
-48
-126
-57
-156
247
-33
161
-34
-32
-38
11
191
523
177
277
135
-11
-52
239
-8
412
-79
226
236
0
-106
280
-50
-37
213
238
-14
473
177
-2
-24
31
-145
-32
299
273
-82
187
181
232
121
102
239
-171
376
232
-6
177
143
422
-87
220
192
245
179
-52
258
-31
1009
222
145
-50
-22
-11
-69
268
149
163
210
-54
-13
-77
472
-65
-95
272
233
232
-48
-79
-7
0
-62
176
-8
-54
-18
245
193
0
-112
-78
487
172
-26
-14
163
256
297
-46
195
-5
240
166
-32
359
180
147
230
143
-115
-117
-31
305
289
-162
190
181
226
219
270
-90
-123
-27
-94
367
-51
147
234
-1
0
-17
0
167
-72
-63
-2
271
-15
140
162
-76
174
518
-41
-173
409
-147
-2
-123
-66
194
-120
-92
207
161
-180
-82
-112
-15
284
-54
-30
212
0
242
229
-164
147
0
164
150
317
-74
443
280
188
189
-253
0
-180
-88
212
156
-124
-58
-104
232
446
232
-35
-79
143
0
145
185
248
253
-56
142
583
160
213
207
-21
362
-4
-134
-182
265
-139
-234
246
-41
-24
-199
-83
-92
-76
-1
-14
259
148
365
254
188
-66
268
-33
-71
228
-49
-2
-129
-123
204
-190
-46
-204
-105
-58
271
-136
0
-57
201
-55
265
0
222
249
238
-26
-1
211
-63
-54
150
93
289
433
-46
263
93
593
-21
236
265
164
-76
-169
-18
-18
0
233
-103
-26
223
-64
-13
-31
-108
172
230
261
162
158
145
223
-176
211
161
18
195
-20
0
233
223
262
-26
306
-7
148
172
-81
241
-69
-32
-34
153
-119
-4
363
245
139
0
-45
141
-25
-34
0
156
-40
233
-163
-119
-107
250
-28
146
0
144
257
594
161
0
-7
-119
217
-18
310
150
-48
504
-41
242
162
160
159
439
232
343
304
-1
153
-56
227
-38
0
-63
0
99
-255
143
-34
153
206
132
150
203
-56
326
-116
202
-150
200
-25
261
149
220
189
250
134
-150
-76
229
-8
164
135
-36
648
247
-10
424
-35
-4
672
142
358
149
156
-31
-14
178
276
236
-83
-137
236
-77
236
-31
0
-88
-56
176
-136
232
512
146
265
-19
299
0
0
160
-20
304
168
177
-96
0
-3
-19
-58
248
246
0
149
178
-79
215
268
135
242
-121
224
-58
161
-78
0
255
-26
-26
-39
0
155
218
-27
225
-43
-81
-56
-3
0
166
-12
429
-73
-79
-51
581
