49228
64312
111052
46275
54668
25887
47201
58985
22
76589
98982
92876
47431
52750
50285
46639
118071
42099
244898
65582
62579
56104
1
63348
87709
54956
49281
102862
639
90768
25
0
60006
89320
91091
50394
84
76979
47162
36223
45458
82369
156464
228413
65662
60879
38720
71768
56975
105164
43993
64451
97561
122445
45554
121403
49361
88190
91675
53989
63849
50195
70464
67360
67709
48792
96371
100444
41993
81451
87414
85805
50379
79785
74430
1
45038
42162
42322
85795
65833
79429
73131
87277
44695
110669
0
48200
38226
47440
60855
42308
80690
100769
78388
48110
46845
51361
34956
143674
30449
47285
85326
42682
41124
57206
35974
81023
33954
54125
76328
40017
59355
78757
34185
51726
70053
86001
94309
69963
68751
12
50855
63766
89148
43961
15
192893
88174
84071
62930
62733
57553
66140
46330
55115
38197
52983
57458
118184
52622
58462
63117
26977
18
37879
171065
46199
52460
33850
121
49936
41943
13
85783
46031
55815
90676
59713
64874
33662
37105
0
54715
92345
39537
354400
61273
38042
88660
26
79692
45938
45631
82688
55034
90856
80280
42343
71869
44155
53041
66733
43957
67102
57232
57764
64023
65260
41193
52079
41092
52325
41850
97143
45852
76755
41832
113792
56523
50664
54092
73911
1499
103191
70760
91635
42161
105574
29247
50586
50057
83209
48818
85794
70305
72304
12
67090
21
74240
90233
64780
46223
83633
51643
82779
48110
65466
38677
66967
16
69080
50582
69751
96922
90841
67579
110411
33616
59162
60673
51437
83705
77943
0
62710
65991
60285
115944
69046
44556
61308
44666
84515
68600
104517
-1
82331
89014
95517
81359
63737
51329
59215
96443
46299
72263
75448
56264
74931
86586
37559
78133
66283
40043
52426
70245
50771
82456
48507
55778
107780
47807
59868
40615
70168
52799
52857
19
33705
106178
89968
92088
61296
55673
88980
84337
51113
84582
46579
61165
73767
23
259391
33996
39865
47954
57890
92878
84545
24
31
0
53835
40948
54989
53130
86267
57399
78153
93400
71006
75674
59426
73579
56817
102448
69863
103750
50932
41449
145056
48281
39091
57893
61269
100881
47336
45392
71987
133719
74751
62727
113797
7
64415
71825
47189
61435
53311
81072
57231
42925
136997
55566
74882
109465
90839
95736
65123
125915
51763
76510
88019
61275
56132
76921
53027
48759
37977
15
97166
94003
55929
84851
39503
55943
47472
77928
92421
48330
38482
65709
43775
93611
0
46598
78508
67944
0
62206
31043
20
70858
84122
52774
48425
75271
42958
69478
16
69982
103801
41070
64696
69795
57521
48184
48500
52933
122066
84685
70887
46961
50906
82217
102799
54151
76411
46625
53653
66509
30659
50692
61423
91109
106733
73662
76787
138792
71871
46646
49797
138478
31556
110072
71528
56245
40263
60621
1
50269
53125
29321
54505
89388
66
61768
53017
73949
69722
72294
55551
64901
91154
67566
99820
41033
73513
104267
50091
38555
82797
74578
47397
61628
0
48714
12
40688
47586
51122
62556
29576
98949
87744
85282
36684
50056
85531
61606
57862
80223
251358
47080
34623
71334
99213
73425
71519
75750
65496
0
77975
48076
68108
114864
61536
90242
59736
82501
64843
83511
45507
83874
54054
45678
25
81571
71541
58497
