279
12
58
125
-192
-27
68
-131
376
0
23
-31
0
11
84
90
-42
39
-127
-66
41
33
-60
-52
114
-101
29
79
56
-54
-18
-74
64
88
-25
86
-105
-45
161
-24
-85
-6
-6
21
-34
58
-31
-2
40
-38
-40
-39
-48
-27
-110
40
61
-81
83
0
-80
-69
203
-217
67
-157
12
244
-78
34
-4
-29
116
71
50
-80
-41
12
-115
141
-65
28
11
-63
10
120
123
-91
53
129
112
11
-33
-6
-119
-142
83
109
-157
12
-57
211
-41
-101
66
-76
9
98
5
19
124
8
42
-53
15
-17
-95
-46
146
83
107
0
-91
63
18
46
191
191
163
0
-83
-99
153
-92
-65
27
66
-73
191
211
101
53
73
95
-62
233
-22
36
-13
54
112
183
-48
46
154
-55
-74
-98
-42
12
-15
-104
-26
18
113
-44
-2
-39
43
29
0
-21
0
41
53
129
23
-42
52
-10
49
172
-118
64
120
87
-13
2
6
-40
-114
43
27
69
-16
7
-13
114
126
42
56
78
29
43
0
-8
-123
42
79
0
87
3
-23
-13
26
96
-42
-20
-47
0
9
80
-32
-25
-11
-188
-141
-82
-15
-45
92
-7
54
0
151
-73
-34
61
-63
-2
61
96
18
-41
-55
79
115
30
134
-66
0
-63
-151
26
150
-53
-94
-76
105
153
-106
-11
8
80
123
102
-105
159
-40
-131
-130
3
169
-3
84
108
-59
-7
178
-19
-5
46
37
0
150
25
-63
-6
0
162
-155
34
-17
82
44
40
-7
-9
-28
9
90
198
-54
94
46
53
-71
51
-123
36
-197
128
59
0
-128
14
87
-83
273
-15
62
227
46
21
-30
17
42
52
-18
-59
80
-11
61
-68
50
0
96
-24
55
51
-173
-187
-63
-62
68
-18
93
107
111
-34
-12
123
-12
78
-93
0
17
-33
-54
85
0
-26
62
-43
-65
31
207
111
180
86
0
-22
-49
60
25
0
91
177
-15
9
216
-117
131
28
42
1
-30
156
76
97
126
-86
-3
-30
181
106
8
142
0
-4
0
61
7
27
189
63
-92
66
66
-87
-61
-154
147
-8
-22
28
-57
-44
28
-65
104
-157
75
18
-1
-104
-141
41
-143
9
93
-169
24
-3
84
80
-3
52
-146
85
-88
-65
61
93
-37
50
74
138
-11
-12
-24
-21
0
13
132
-15
-52
-57
30
-30
37
149
29
0
0
-63
25
-39
-103
44
48
0
-39
25
112
-71
34
0
-21
-38
92
-67
-79
96
13
75
-46
62
-11
-17
0
38
118
-11
75
0
54
203
-32
-96
-66
137
113
-108
0
19
-165
124
-45
9
30
-36
