-478
4584
-3354
3620
371
6174
-738
2034
-1909
-3161
-654
-3526
-3540
-746
1510
1112
1243
2477
-2581
-1807
402
1670
235
-231
846
0
-585
1967
-941
1004
-450
-690
-2233
985
-664
252
-1210
-721
0
-2600
-1223
590
4158
-3124
1044
0
1791
848
-2004
521
4626
0
-1414
3860
-1604
0
-597
-1514
-1874
-4061
-1609
-373
-1118
-1727
588
-3280
609
0
1947
754
393
746
201
183
-1425
-372
-1269
1388
702
-524
515
694
-1551
2502
-1885
-1984
0
815
1841
1905
-4431
-1111
1513
-3958
1708
0
-4377
0
-1044
1195
-1854
2182
-1822
-181
-135
-2237
1649
-1894
-600
1840
-838
-1811
0
920
2839
-3496
-3673
-2247
0
-6663
2045
551
4692
-1013
970
-563
-4609
1395
