9209
-352
1341
504
10715
8454
10895
7117
3179
0
5556
5209
0
1447
8777
709
375
10911
11378
574
-357
-1818
-480
10494
-28
6438
-1996
-1900
740
13164
-1476
-2144
2780
1105
6117
207
-3155
159
-3097
12527
2282
5543
1318
1960
772
-340
6933
484
7679
11195
2807
1859
446
12471
3019
2548
-297
-1243
10909
-7
-1966
14230
49
423
10903
15620
2186
-2764
7247
2992
1944
5103
-1668
383
1013
14807
-1349
6897
12398
11260
8670
8618
11800
-6308
2537
11123
1888
-438
2347
-1221
-727
11120
8520
13191
8104
866
13097
1036
248
9929
984
966
-3828
1562
-151
14016
3328
4833
9500
435
1533
-674
1329
-1223
-1906
14110
11500
10859
1038
-1609
1865
0
-1517
3191
1304
508
2862
11364
8841
0
19
-2241
-4136
6119
919
2098
5286
9219
1417
406
8543
1951
12949
6473
971
-2454
5319
4385
11688
1149
-3975
-5033
1564
-824
15938
-6488
8624
11226
10414
11082
14493
-3535
-2256
1489
44
-1985
-898
1421
11157
2811
0
1764
0
6124
-1550
-697
3021
13993
1165
3528
6736
-1056
6360
-6046
895
-6175
-2794
-2239
1688
-1463
1305
8149
-2785
-790
10139
4500
-7407
-1949
-2387
1870
-2126
-717
644
9460
0
13025
13388
-6970
4424
0
2179
9869
1887
-2782
-1644
15296
8603
11914
-2148
0
-5295
288
-2435
5884
-3576
-1896
-3970
11515
-113
11638
1494
-1489
3467
0
804
7378
13467
14082
337
4587
-3838
719
10514
10401
1826
1323
830
-3009
-391
13114
-4842
-8051
16060
1241
658
-5759
-1652
-1604
-450
2206
2217
13200
8905
-971
13575
7701
-336
13804
92
-3442
1831
-1181
3252
-3120
-4130
-1472
-6427
361
-2159
-3287
-713
15364
-3145
0
79
6870
-889
13515
0
10276
13027
11306
438
2524
10484
-729
-4480
4703
7090
19274
-2388
478
11782
7222
1720
-1426
11714
14826
6196
688
-7397
1721
1314
0
11727
-3519
1899
9772
828
2150
1675
-2759
2895
11162
13050
3085
4836
-205
10505
-2007
9596
6281
-396
7546
1352
0
10215
9745
13834
2191
16508
1351
-707
11323
-666
11534
-678
1457
1174
5407
-1762
2472
5914
13123
4856
0
-326
3849
1535
1382
0
5809
-400
11256
-2578
-3389
-2880
11641
1740
3734
0
2492
13859
-2717
6671
0
2815
-4356
14231
1903
-4556
2163
137
-542
1178
11851
4534
2092
3717
-1608
3876
5000
2255
2173
5258
285
2867
808
0
-1018
0
7894
-6133
3194
2033
6019
9044
109
-701
8868
-192
18028
-3387
13429
-6409
-162
1373
13212
-290
10226
666
12703
425
-4540
-1234
11605
-3264
5824
10383
68
-4659
12877
2715
3957
1155
2064
-2548
4784
7189
4419
11074
1949
2277
7404
671
1390
-1500
-3462
12027
-1418
11794
246
0
-1194
-225
3896
-4304
10841
-1591
519
5092
1698
16988
0
0
5966
1487
2226
5591
6542
-1365
0
-2059
1193
-1552
12052
12167
0
-479
6773
-1374
9814
11805
2801
12039
-4751
11858
325
4968
-1457
0
-3976
1843
769
927
0
5054
8716
2141
10522
731
271
306
1418
0
5918
1544
-1171
331
-2669
162
-6051
