99
817
-281
86
81
807
-88
-299
79
0
812
577
0
82
69
88
673
77
-276
730
0
-199
671
79
97
82
49
172
-323
84
67
70
119
79
1036
95
-31
86
77
77
67
652
76
554
538
0
80
527
-14
85
678
0
74
659
84
85
816
75
81
749
697
0
711
-32
-7
81
-65
-25
528
0
296
0
86
-108
0
89
400
80
721
299
736
89
93
59
752
78
82
800
89
0
387
105
91
75
-17
800
89
89
-275
776
20
737
81
0
86
22
0
716
88
864
91
125
77
94
81
86
91
86
-315
-123
0
228
102
0
90
-481
85
86
79
92
276
803
88
78
767
0
75
370
80
0
0
84
86
95
852
381
85
747
-291
541
541
-36
124
-217
82
92
0
318
577
0
90
0
612
78
352
76
0
78
30
87
112
411
707
0
629
735
670
730
695
78
218
73
741
595
603
-284
806
82
0
692
-333
858
79
746
106
79
905
319
105
709
93
370
18
669
642
83
559
42
742
-303
788
23
84
100
401
77
515
86
85
169
87
723
79
661
660
755
93
-227
80
0
321
90
93
71
0
87
311
-327
87
91
80
854
78
84
93
788
89
0
695
60
91
-309
79
617
85
707
734
-40
46
55
-211
89
776
84
92
89
596
483
85
-373
91
-221
815
97
92
144
705
351
91
-361
398
423
0
78
92
85
88
97
212
818
-18
-206
791
-192
0
71
82
84
726
729
82
573
732
99
0
0
590
-13
85
514
357
-222
79
740
675
84
82
754
166
648
62
-336
-5
88
-147
91
89
60
85
579
724
-301
68
75
572
522
75
-231
-100
88
89
0
85
88
76
699
-413
687
280
736
91
87
82
705
572
82
92
85
-460
86
-321
-6
76
684
-314
473
489
95
82
716
74
562
726
96
78
86
575
-470
-280
-309
0
497
712
89
-143
77
73
0
89
196
529
138
85
23
83
0
-264
188
144
84
499
86
181
431
87
83
577
0
-243
-110
552
0
87
714
0
81
-314
83
96
630
85
735
-564
0
93
80
663
-409
127
764
0
0
662
296
68
85
820
686
80
547
-385
86
800
730
-356
92
-72
705
52
182
88
83
-14
81
380
201
-200
-507
93
89
-178
91
480
-84
90
78
744
670
630
38
92
74
58
95
-11
92
86
81
262
78
753
86
811
76
497
0
72
724
676
93
742
93
0
84
81
686
91
99
91
0
83
730
80
0
0
-42
0
80
97
96
197
92
91
91
93
75
94
91
86
-291
687
752
301
838
81
127
205
-264
672
85
70
92
77
-80
-247
592
223
86
93
75
80
0
87
582
100
657
98
369
0
82
577
-419
85
90
88
0
80
193
0
55
50
84
724
-215
-110
-577
-162
702
743
0
624
85
92
87
263
76
83
183
40
77
-139
82
704
337
99
702
0
84
766
706
85
675
-130
470
-174
600
71
91
96
746
82
92
789
35
-761
67
638
190
94
0
83
52
76
73
749
90
91
323
403
75
98
805
88
99
674
-78
505
3
786
91
0
0
89
-223
0
767
773
-242
847
0
83
193
84
-36
83
86
729
97
98
81
-264
0
88
0
229
672
84
0
86
88
0
860
126
90
86
879
521
-191
19
561
82
316
94
566
-193
0
850
738
736
688
-15
429
-8
67
626
-22
-376
186
844
-262
-204
88
61
91
429
0
81
118
385
-279
68
854
54
715
79
-8
83
95
681
647
753
-323
0
-9
77
83
90
-255
92
93
-69
62
730
-261
706
78
-204
818
83
87
804
84
291
0
643
90
-163
607
633
-167
395
639
0
75
360
770
90
-193
180
803
-76
845
-301
857
0
86
335
761
75
832
69
0
528
765
818
-372
643
634
87
92
-335
81
90
40
712
725
101
0
576
66
89
83
-83
92
82
0
85
90
698
87
77
334
-121
-84
82
824
790
0
-220
-238
70
150
0
83
837
737
723
33
-16
0
572
108
672
0
590
89
764
689
732
505
620
160
80
-278
716
68
75
793
81
80
96
465
503
228
743
181
463
826
89
81
37
676
91
0
79
381
80
-255
366
138
80
103
406
787
93
80
80
705
84
308
0
87
85
520
387
85
36
74
0
755
96
647
75
94
781
611
83
636
873
78
173
84
640
213
810
0
93
-392
91
96
738
95
715
85
825
222
92
-167
0
-164
74
90
0
-140
710
55
879
694
81
0
-328
81
-78
250
84
83
659
861
-333
98
86
343
0
805
170
169
93
538
-232
778
82
82
765
613
693
85
0
99
682
0
81
816
621
98
0
90
723
87
361
93
886
83
428
0
454
73
87
754
840
84
0
787
0
82
-308
-2
83
89
24
91
95
253
89
784
636
87
19
-231
473
279
0
80
42
95
618
0
78
75
647
88
88
708
756
41
97
89
89
591
124
292
222
80
-86
88
653
87
86
903
432
0
584
156
607
78
185
0
84
77
82
92
768
808
147
166
