81
67
67
58
54
70
74
70
0
69
50
57
50
65
72
49
52
53
2
119
58
155
0
50
69
55
74
53
0
53
0
0
73
72
56
41
0
60
45
52
48
93
56
57
77
38
87
46
99
56
60
51
56
70
54
60
70
75
51
94
132
63
84
94
77
47
45
62
41
63
51
62
94
50
73
0
76
58
56
55
67
57
68
38
84
47
0
68
47
60
46
150
53
67
98
52
58
78
76
65
0
56
60
52
64
43
50
50
86
94
52
77
96
49
48
121
34
50
67
45
67
0
56
62
54
69
0
44
88
59
95
58
70
57
80
47
108
75
69
63
38
62
78
72
0
75
51
62
36
59
0
54
78
0
116
61
68
46
44
63
98
49
0
72
49
55
41
53
62
48
0
74
54
77
52
54
48
54
75
57
71
66
104
65
74
58
68
61
41
57
49
41
117
40
62
68
83
91
60
41
47
56
48
0
88
93
43
88
116
123
55
47
70
104
58
43
64
0
57
0
53
57
76
54
39
47
109
85
81
36
50
0
84
87
118
57
65
52
60
91
54
43
48
72
51
0
58
74
29
41
56
53
77
75
52
57
45
0
52
41
52
75
72
69
80
79
42
65
65
70
49
70
47
58
60
71
61
54
69
87
63
49
54
44
87
80
52
67
93
0
47
59
41
50
75
91
54
60
67
59
57
74
56
0
42
49
134
70
72
60
43
0
0
0
51
45
61
54
58
66
79
45
52
37
68
66
130
71
59
50
62
33
1
69
43
61
67
47
40
66
49
57
55
64
58
0
81
57
56
43
56
73
61
71
47
101
64
59
84
75
49
49
73
61
67
63
55
59
62
54
48
0
46
62
36
69
63
55
51
85
51
46
39
54
73
44
0
52
66
72
0
123
87
0
53
48
53
66
54
88
56
0
64
68
78
67
82
71
56
40
52
62
39
69
37
83
43
43
39
63
56
102
47
24
41
51
57
54
70
74
48
70
59
106
67
75
42
53
36
75
47
0
59
47
53
52
54
0
71
115
64
38
58
41
79
59
72
55
90
70
56
47
54
61
69
80
64
0
75
0
43
49
106
52
157
63
43
108
78
86
43
60
76
72
51
62
75
47
64
49
75
46
100
0
51
62
51
48
38
60
48
65
66
68
89
56
45
50
0
57
47
70
