17
15
22
40
21
31
20
0
0
16
0
22
16
12
25
15
19
26
29
24
21
42
31
31
28
19
25
32
20
29
18
22
18
39
23
23
13
16
23
25
45
15
35
12
52
21
20
17
14
33
18
23
20
22
15
0
14
12
40
17
19
9
0
22
41
11
18
16
27
17
42
15
12
16
11
47
43
30
15
20
35
19
46
0
20
17
22
16
0
0
18
30
25
32
21
42
18
18
12
22
22
22
21
18
19
23
20
36
25
15
16
19
31
19
24
18
29
12
24
21
21
29
18
21
18
14
34
31
21
17
31
37
18
35
20
23
29
0
0
12
20
24
16
25
11
16
19
13
21
37
18
27
17
18
15
31
11
0
11
25
14
24
24
16
24
25
24
20
16
23
0
15
39
0
17
19
0
17
23
34
22
20
40
22
22
22
14
19
11
51
0
40
27
22
19
0
68
15
23
18
35
23
33
33
18
0
20
24
31
18
21
27
16
19
35
41
15
0
18
34
18
14
18
19
35
22
14
22
10
0
26
15
14
15
16
18
0
38
27
16
16
34
35
18
50
16
23
25
19
27
23
19
16
26
29
0
