-28
-59
24
-115
-92
166
-45
5
127
-7
43
-28
-27
104
-27
-18
78
-22
-16
-76
-43
-110
422
-76
-47
-28
-64
-16
-45
22
-43
205
-20
31
-36
-46
-6
-78
-32
2
277
9
-28
-65
-37
15
-25
6
-33
-102
-79
1
-49
-15
13
-35
-8
-56
249
15
4
4
-2
2
-17
-3
-21
186
12
-3
8
-2
-15
-9
-11
49
165
-94
-20
36
-17
-47
-26
132
-56
-112
-6
99
47
-154
13
14
-37
-27
147
-57
-6
-140
107
0
0
0
0
0
0
0
0
0
-29
-131
-60
12
220
98
-22
-84
-65
-15
-19
-32
-38
-35
-44
-26
-59
-8
-35
19
-50
1
158
86
-11
67
-5
-9
-13
-13
-41
161
-27
-12
12
18
22
55
19
-4
119
49
-62
-112
-45
-17
4
-8
-134
28
147
-36
2
28
-27
-9
28
-69
-74
165
-40
-65
72
-17
-70
-48
-59
381
-7
-41
-1
-31
9
-28
0
-29
144
20
-11
24
11
0
10
3
5
123
45
-21
55
21
-35
-46
-29
-56
156
79
-32
74
66
-2
6
0
16
-241
-41
11
-60
0
82
118
0
95
-72
-108
-23
-109
41
-18
-20
-27
-24
133
32
-27
55
22
-14
-9
0
-9
-114
-35
11
-45
-24
0
0
0
0
0
0
0
0
0
39
-145
39
29
-126
37
42
-118
34
-9
-63
-55
90
34
-86
25
76
9
-10
3
-10
16
149
55
-23
59
-9
2
-41
18
44
11
20
33
85
34
0
0
0
0
0
0
0
0
0
19
24
25
-40
-218
-40
4
7
-33
-32
-19
-27
-9
-25
-28
-25
-25
-54
-13
-44
-23
-53
3
-44
-39
-38
-58
-47
-93
-75
-80
386
-10
-71
7
-73
0
0
0
0
0
0
0
0
0
75
180
58
-40
-87
-82
-35
-90
-3
-12
-20
-8
-16
-99
-56
-22
-28
-31
21
37
-34
-48
-178
-16
-17
177
43
30
92
56
61
0
25
26
-40
-6
-22
-15
10
-101
3
131
-58
-3
58
-22
33
-15
21
96
46
-7
51
3
7
-33
-8
-26
183
28
-14
51
-6
0
-34
1
-26
202
23
4
24
12
-3
-81
-9
-53
-80
-74
41
198
72
11
61
-15
78
66
-45
1
-48
-123
-18
51
-7
77
156
-124
12
-45
-79
0
0
0
0
0
0
0
0
0
-4
-6
-10
-8
164
76
-6
76
-20
-39
33
-27
9
-118
-35
-23
-53
-24
4
-9
-48
-19
-50
-62
-13
-48
-60
-2
-67
-54
-24
286
-65
-54
-4
-35
-13
-24
-37
9
168
52
-57
32
6
3
79
43
-71
-138
-141
38
98
43
-54
-51
-83
-58
338
8
-81
20
-79
0
0
0
0
0
0
0
0
0
-38
34
-20
0
-104
-17
-9
-27
-19
0
0
0
0
0
0
0
0
0
-5
55
-13
34
46
31
9
41
22
0
0
0
0
0
0
0
0
0
26
-6
-15
11
229
27
-38
63
17
-5
-49
-14
-59
313
14
-24
31
-25
56
161
81
-21
-27
-30
-32
-125
-67
3
-48
-25
-42
279
64
-23
34
-15
72
163
90
-14
-37
-48
-26
-129
-75
33
164
83
-93
-36
-47
-20
-42
-51
18
-4
26
-11
-239
-39
40
-66
5
-7
72
31
36
116
-7
-32
-148
-48
-33
-23
21
-12
184
4
10
30
-69
0
0
0
0
0
0
0
0
0
8
-122
-54
-29
287
-9
-45
-112
0
5
-67
30
-44
-105
168
-27
-76
117
9
-59
3
-16
175
33
6
-2
-6
-12
-17
-27
-39
152
89
-5
53
-23
-46
-35
16
58
-65
-140
-17
168
65
-34
-29
-8
-28
-19
-27
-20
-22
-52
-3
75
59
-99
-21
125
-39
-137
7
21
-27
1
-18
181
49
11
49
8
0
0
0
0
0
0
0
0
0
-44
-24
-49
-20
241
29
-40
50
-48
-4
73
-21
61
-11
-154
-33
-139
69
-37
7
24
5
151
-113
38
-133
31
0
0
0
0
0
0
0
0
0
-17
-57
-34
-40
-98
-73
40
161
90
3
-7
-44
-21
159
51
-24
43
25
-42
-74
-1
-98
-88
95
-22
71
120
2
-41
-32
-58
-38
209
81
37
-112
-9
-68
-31
-64
-123
10
-4
117
153
-19
2
-24
-20
-100
-49
-8
-40
-13
10
-33
-47
-36
14
-57
-60
-27
-1
-17
14
-3
24
-138
-65
8
-65
-5
-14
-9
-22
-15
-75
-44
-16
-74
-22
37
-28
44
8
-216
-44
49
-71
37
-2
23
2
20
-208
-55
14
-52
2
6
8
-10
-18
296
-54
-12
-98
-19
5
-61
-29
-57
266
-77
-23
-45
-15
111
10
-42
43
-85
-73
-56
-99
241
6
-53
-13
-17
307
19
-23
86
-38
20
21
23
15
81
41
24
42
21
2
-82
63
-47
-25
12
-68
196
-54
39
-5
34
-54
-224
-53
40
-54
5
65
-3
-20
156
-18
-126
66
-73
-56
0
12
5
-25
-150
-18
27
147
8
13
20
-46
2
162
-144
-19
76
-54
28
3
-20
170
-5
-167
76
-35
-63
-5
-33
18
25
-103
139
6
-79
78
-14
-55
-24
-48
185
60
-36
42
-13
-42
13
-31
48
119
68
-29
62
3
9
-25
11
7
138
49
-9
36
8
0
0
0
0
0
0
0
0
0
17
5
38
25
69
47
33
29
61
6
20
-2
2
-196
-61
17
-62
17
-28
-44
-45
-32
65
-24
-41
-31
-61
-76
-48
-1
64
225
44
-8
-24
-100
3
-7
-36
0
191
-153
-3
-8
9
-21
28
-12
47
-259
40
5
-7
-3
-20
-44
-29
-41
12
-41
-18
-38
-38
24
0
30
-6
-198
-68
22
-50
16
0
62
-3
-62
88
78
-88
-101
31
-1
-75
52
-63
-15
121
44
124
-175
-21
-75
-50
-4
-107
-101
55
200
86
-25
-74
-14
-83
-91
76
-14
105
118
-21
-85
-40
-65
273
-27
-45
-14
-41
-37
-17
-25
-37
-2
-50
-25
-56
-48
0
0
0
0
0
0
0
0
0
-16
-127
-60
-23
-53
-11
23
191
72
21
-49
-25
165
-207
56
4
-21
-16
-1
-60
-82
-66
304
-28
-73
-29
-38
-23
-13
-17
106
99
16
2
48
-8
-5
-48
-24
-3
213
43
-14
57
16
0
-25
20
229
24
-178
53
-68
-47
-37
3
-21
-2
137
24
-33
95
-10
-28
-34
-45
-40
28
-43
-34
-45
-51
11
59
-78
-35
201
-42
-84
26
45
16
24
-70
-31
165
37
-38
-32
43
-17
-8
-16
-15
152
54
-12
45
3
-18
3
1
3
113
55
4
41
13
5
6
-1
-22
189
38
-25
69
-8
-26
-105
-27
13
-75
-81
55
185
66
-35
-16
-10
-9
-50
-45
-44
-27
-40
0
0
0
0
0
0
0
0
0
-17
-20
-35
-34
205
33
-19
40
-9
-18
-43
-47
-46
23
-53
-31
-52
-43
-39
104
-2
59
-298
106
16
62
-30
-19
-28
-21
-14
202
34
-19
33
-9
-57
-77
12
-108
-54
108
-26
56
120
-2
-37
-11
-17
257
23
-22
11
-7
19
23
29
-49
-178
-105
15
-16
24
-45
-25
-60
-21
33
-8
-57
-27
-73
-11
-6
-20
9
178
33
-19
85
-2
30
-92
-23
-70
269
-80
-31
-99
25
-15
-40
38
-97
-75
180
-23
-110
96
-5
-64
-26
-49
324
16
-43
-2
-18
-11
-93
-33
-80
279
-44
-36
-45
-46
-28
3
-22
14
151
51
-28
54
-7
-2
-119
-39
-31
-78
-69
27
211
95
-7
63
24
-78
65
178
-11
-183
-34
-1
-78
-13
-35
-71
-99
27
163
86
3
12
4
30
69
56
15
55
30
-6
-23
-13
-7
191
43
-21
40
-9
13
2
-29
17
139
-20
-55
48
47
-4
-2
-42
-41
-96
-31
13
141
89
19
261
36
-32
-81
-44
-7
-131
-10
-14
5
-15
10
-112
-42
-23
-37
-33
-5
-31
0
-7
-99
-48
-14
-45
-56
-9
-73
-25
-80
279
-37
-29
-19
-36
0
0
0
0
0
0
0
0
0
-18
-9
-22
9
153
53
-22
61
-7
5
33
6
-16
-157
-45
11
-55
3
-5
18
6
26
66
51
7
36
36
-14
-43
35
-14
224
-110
9
-127
9
20
-18
1
-87
27
-83
-37
-2
-23
-4
-83
4
62
-85
-99
103
105
-34
-15
-55
-106
53
113
-38
12
67
21
-12
-4
-11
-7
160
25
-10
36
-8
-18
4
-1
3
-169
-18
23
-71
-22
-6
-83
15
-26
203
39
9
-47
-91
0
0
0
0
0
0
0
0
0
0
0
0
0
0
0
0
0
0
-62
-35
101
-56
142
-4
86
44
-116
16
-9
24
-8
-160
-53
26
-67
9
-23
47
23
44
138
-58
36
-47
-102
-2
-83
-46
-76
223
-96
-37
-68
-59
-14
36
-4
22
-182
-36
6
-52
3
36
-24
29
-10
-228
-108
22
-91
35
1
-39
-15
39
118
92
-34
-53
-44
-24
-27
17
67
100
2
-76
5
68
0
0
0
0
0
0
0
0
0
-1
62
50
-78
-16
159
-46
-154
19
55
-71
-40
75
-110
23
22
-148
78
-1
6
-12
-4
111
57
-8
41
24
18
-10
-76
65
111
-131
0
85
-50
-12
-27
-37
-19
-41
-31
-26
-30
-37
19
-68
-28
-70
271
-90
-34
-84
55
0
0
0
0
0
0
0
0
0
6
-44
-12
-44
205
22
-6
28
-9
-10
-51
-37
-34
130
44
-40
26
9
-9
18
23
-90
155
-71
7
78
-74
-35
-46
-44
-54
308
-21
-35
-24
-19
-30
-18
-29
-6
213
45
-23
58
-17
3
113
-81
-82
4
131
21
-119
42
29
1
-20
4
203
32
-19
42
34
-9
-56
18
-46
-53
143
-55
-17
98
-24
-7
60
-111
-28
158
-63
-76
71
-39
-81
-36
-38
149
33
-40
56
26
-7
43
4
-35
-121
-80
17
102
78
-85
-49
106
-23
-24
59
109
64
-175
-29
1
-8
-3
142
18
-3
65
-13
0
-18
8
-5
-117
-77
-30
-51
3
51
17
75
25
-98
-8
57
14
77
17
-23
-15
15
152
61
-37
-135
-37
-14
1
-27
-17
-61
-38
-30
-31
-37
-7
-30
1
62
-138
94
11
-73
52
-7
12
-9
-140
-75
277
-6
-102
63
1
84
1
-12
131
3
-18
-167
-55
50
66
55
47
-358
-34
68
-26
72
7
-44
-27
-33
213
5
-25
50
28
-11
6
-4
12
94
56
-3
62
10
17
-20
-39
-50
206
-109
-60
96
-11
-14
8
-24
34
139
123
4
24
-18
-2
-5
-50
-47
201
-33
-75
-24
36
-16
38
-17
-48
224
-133
6
-8
6
-4
62
8
30
208
-92
17
-123
-87
-10
-32
0
-16
184
15
-14
36
7
-4
-85
-30
-83
214
13
-47
39
-10
-32
-33
-15
-23
187
79
1
48
-53
-22
-28
-34
14
152
83
-21
35
-4
-43
-11
-10
-18
187
41
-8
55
-38
29
-3
23
-23
-175
-57
37
-80
14
5
-69
21
-19
-180
-93
5
289
46
-29
-40
-10
53
-31
-102
15
130
52
70
-63
-28
147
-51
-83
88
-102
-31
25
93
57
-8
-7
68
-15
-80
0
4
-11
3
-40
-79
-75
-1
-51
-23
-6
-13
-12
-42
-46
-43
-13
-47
-89
-34
-90
-40
-67
410
-22
-57
5
-53
-19
-29
-38
38
191
48
-43
-35
-34
-18
-39
-20
-28
191
29
-15
17
-7
-28
-2
-29
-8
-64
-22
-38
-32
-64
-3
1
12
4
-223
-60
5
-24
-10
0
0
0
0
0
0
0
0
0
4
126
41
42
-292
16
48
54
53
-43
-2
-16
31
155
51
-38
84
2
5
-84
-15
87
-22
-118
65
133
-51
-47
-27
-17
176
-142
134
44
-177
44
22
13
38
39
107
-39
25
27
-15
2
9
14
-54
66
141
-64
-5
35
0
-7
9
7
-154
-43
-3
-46
-23
8
-17
27
-83
174
-19
-5
59
-62
-13
17
-18
6
133
21
-12
132
-2
-17
-15
18
-27
167
35
20
54
-53
-9
-61
-36
-37
231
29
-44
69
-14
9
16
15
172
-264
120
36
-58
50
41
-49
-22
165
-25
-156
82
10
-55
