157
119
71
102
68
-95
-11
132
0
-146
42
178
-142
-17
42
-52
38
-236
-23
2
43
153
0
68
19
21
87
-88
0
68
0
0
48
-19
-91
-36
0
-145
-6
-75
62
-18
70
-34
21
47
23
-15
19
-2
90
-11
155
-70
68
-63
-13
-33
158
66
191
-58
30
152
105
-73
-43
159
79
-76
-35
64
-27
16
45
0
131
87
-71
1
-42
-85
-139
-30
64
-51
0
-38
-117
223
-76
-72
110
16
12
-36
30
53
-278
33
0
185
5
37
61
-11
35
-36
-77
96
8
-12
-76
124
66
24
46
120
65
-165
-51
0
227
42
-19
23
0
-96
220
105
-111
-65
-80
-41
141
-21
-88
-111
-37
-25
1
125
-139
34
0
80
-81
-72
-177
152
0
19
-69
0
232
-57
102
-137
172
119
-21
-3
0
-200
-79
-49
5
12
-129
-40
0
-84
43
88
56
52
105
12
63
-14
-29
10
-53
85
12
1
18
-7
-14
-45
0
-83
97
36
40
12
64
-51
108
-11
-125
90
-49
0
42
-45
-16
27
-203
75
-58
122
-175
31
112
143
2
0
110
0
-66
40
63
-2
51
-42
-33
88
86
20
-92
0
-67
13
55
11
-70
7
-21
91
7
-45
16
-16
95
0
84
40
-59
32
9
-8
82
41
-25
94
-87
0
-1
167
-325
-6
16
-42
-44
-47
113
-21
92
84
49
-13
106
119
38
68
-53
67
132
65
24
-16
38
-158
-58
37
80
-59
15
0
-54
-80
50
57
80
46
5
-45
-167
148
-5
20
5
0
-33
-86
47
-10
-46
57
27
0
0
0
-9
139
-29
-109
19
83
38
25
-4
-64
-24
105
151
-128
-3
121
20
-61
2
57
-41
-81
-147
57
19
-33
45
64
15
23
45
0
2
-95
-32
93
-40
91
39
70
-183
125
207
-116
121
50
155
-9
-31
-19
119
28
119
33
44
79
72
0
-75
37
136
58
-150
77
8
95
-43
-1
-87
82
-16
-136
0
28
-32
-46
0
-18
42
0
4
-147
-90
-8
-48
136
56
0
21
-159
36
123
-97
126
-104
43
54
142
-19
-6
-66
-20
13
-87
-107
50
37
77
-34
63
-74
-36
9
0
22
-11
58
75
58
118
144
67
98
-43
-69
143
154
0
-65
188
147
189
-45
0
-75
79
76
-120
100
117
-73
47
104
37
-108
127
-81
117
-108
130
182
-197
-71
0
-47
0
24
-157
-57
-11
-226
-100
109
-216
10
23
-83
120
40
-59
-83
-75
-35
-65
27
31
56
1
105
0
-149
-137
13
217
-67
-33
3
46
131
55
29
6
261
-106
0
-144
-51
23
