8391
3993
8337
8783
8066
8872
9484
8313
4179
8701
9212
8503
8686
8125
8579
4901
8905
9471
9314
9126
8605
8344
9120
8654
7865
0
10441
1570
7814
9675
8888
2235
2567
11683
9341
5858
9051
7513
0
9565
8000
6462
7239
3532
8676
24
7453
7689
9151
9728
8325
-1
8820
9242
10690
18
8435
3989
6205
4679
8502
7717
9097
8733
7016
8146
8079
2
7963
8183
9038
7965
9084
9128
8468
8364
9065
4860
7606
7477
9166
9828
8567
5987
4792
8679
23
7792
9304
9292
8752
8256
9708
8524
9287
14
6997
7
8857
9425
8773
11652
7928
8535
7932
7429
8979
9736
8602
7520
6374
4689
4
6017
12295
8553
9622
9089
-1
8028
8568
8573
4168
7817
9542
5343
8332
9473
