39
21
17
12
27
81
69
22
0
13
9
18
26
16
65
58
6
22
0
26
21
46
0
28
13
40
104
9
0
14
0
0
15
13
15
17
0
35
13
46
12
14
7
1
22
49
99
14
27
9
43
15
12
6
44
7
56
19
10
42
25
22
24
24
19
24
8
6
50
7
18
11
33
12
11
0
58
19
28
11
20
12
17
15
175
25
0
20
40
15
49
138
10
8
16
82
21
13
172
10
0
35
26
35
17
27
40
27
99
29
13
83
19
25
55
46
36
12
15
7
20
0
11
27
9
31
0
3
15
10
43
18
22
36
51
25
219
54
25
3
24
31
32
69
0
34
3
26
36
83
0
55
57
0
117
34
9
9
42
10
107
38
0
58
13
25
1
19
60
11
0
7
22
15
11
81
11
17
50
70
16
31
21
20
18
21
49
22
19
21
18
37
38
50
8
20
20
48
10
8
33
12
16
0
15
27
8
70
15
140
34
19
16
44
9
28
14
0
14
0
37
12
15
35
10
35
18
36
16
36
27
0
18
33
20
17
11
9
11
96
10
59
22
12
17
0
19
46
11
6
16
17
21
33
6
17
7
0
12
17
12
11
26
18
32
9
37
37
11
17
13
14
27
12
17
36
12
5
35
16
12
51
5
21
23
18
17
29
38
0
80
10
31
7
21
25
17
18
56
9
21
86
12
0
2
53
62
25
23
10
12
0
0
0
9
16
33
12
7
31
16
8
27
14
25
10
105
13
5
7
13
33
0
12
26
26
18
8
31
13
10
9
41
17
8
0
22
5
34
7
90
12
10
21
3
37
6
6
16
22
7
7
39
17
17
10
8
9
40
35
34
0
7
9
25
15
82
33
32
18
10
21
28
19
19
6
0
17
15
17
0
40
58
0
15
17
26
12
18
47
20
0
14
12
42
13
22
10
30
29
28
7
13
18
20
11
12
9
20
20
29
34
11
59
37
26
7
9
13
26
3
10
22
79
9
53
14
14
9
35
50
0
14
8
46
43
14
0
38
37
17
58
11
30
22
9
20
5
23
15
10
38
38
27
21
18
7
0
46
0
31
19
44
6
427
15
11
22
53
14
15
29
36
37
2
15
111
23
12
14
17
10
33
0
12
37
37
17
29
13
15
9
24
9
51
13
42
17
0
25
31
47
