7
-6
-43
-9
102
50
80
25
0
-22
-58
9
-8
-24
110
28
-50
-4
-17
-2
-14
-26
0
64
-18
43
73
-46
0
-24
0
0
-19
-39
-29
62
0
116
-10
8
-5
-39
-4
-69
-23
113
78
-20
-4
-39
-12
-11
-34
-47
29
-49
-5
-15
1
28
67
12
8
0
-3
-27
-31
-37
58
-36
5
-49
-32
-14
-45
0
70
1
22
-15
-6
-24
-3
32
79
-36
0
-16
13
4
75
73
-27
-51
-25
79
2
-25
107
90
-2
42
111
66
-10
68
20
115
4
-26
-11
109
-42
113
48
-16
93
-30
-33
-55
-4
0
-1
41
-15
10
0
-117
-50
-41
-9
-86
-2
45
17
-22
111
47
16
-90
54
21
-37
59
0
53
-65
8
72
60
0
47
-1
0
-155
-29
-38
89
65
-37
28
-10
0
47
-26
33
-100
-5
14
-16
0
-37
-22
-4
-28
52
-48
22
76
65
-11
17
-20
32
-9
-24
13
-70
-13
4
11
37
4
48
-45
-6
-8
35
-23
-25
7
-6
-5
0
-28
-23
-50
-4
82
40
-13
26
-12
9
-37
98
-14
0
0
0
72
-5
-11
47
-11
50
-14
46
-28
54
29
0
-15
10
-25
-10
-6
-61
-42
20
-33
114
-17
-32
-19
0
-7
40
-17
-49
-51
5
-6
14
-33
5
-60
0
-18
38
9
-18
-7
-22
85
-45
48
36
-33
-15
-7
-33
-6
-19
-15
25
-17
-42
41
-33
-47
94
-63
-3
16
-18
0
-29
7
0
87
-47
83
-51
-2
-8
-16
-1
65
-32
5
65
-12
0
-42
10
28
-44
15
-25
-6
0
0
0
-3
34
38
-33
-37
26
-34
-30
32
5
23
-47
-6
-33
-59
-49
-13
108
-14
-17
65
-60
-61
-41
64
-19
-30
-52
42
9
-57
0
-30
-46
-6
-42
103
-27
-13
-5
-57
15
-36
-32
-19
11
-36
-6
28
-7
19
-27
-28
-44
46
25
13
0
-48
-39
86
-14
37
88
-15
-16
-29
27
8
5
-3
-27
0
23
-21
-6
0
-8
36
0
-17
10
-17
-11
6
-29
-5
0
2
-37
60
-34
-34
-7
16
-18
-16
-53
0
8
-2
-40
-65
0
54
-15
-8
9
-7
85
78
-24
-36
-37
-16
21
-36
-13
46
-17
95
36
104
-1
-39
47
106
0
-14
-12
15
98
-22
0
39
18
103
108
-25
-48
-7
-52
-8
-41
-22
-32
-49
75
7
38
26
-5
-50
0
24
0
40
-2
-36
-36
196
-35
-4
120
72
-13
21
-1
1
23
-70
-6
90
13
-26
3
-6
-14
-11
0
-9
-48
20
-16
54
-39
6
-29
-13
-38
43
-37
99
-1
0
34
48
46
