49
172
28
312
340
294
23
43
282
0
108
189
0
254
34
392
82
179
78
88
0
12
56
251
457
404
110
60
32
376
30
403
25
285
266
341
40
336
250
537
98
183
354
116
100
0
258
39
79
235
158
0
353
183
299
562
310
351
361
237
150
0
172
101
37
76
36
62
41
0
87
0
249
33
0
352
206
290
108
48
210
344
427
42
116
379
289
188
338
0
37
292
219
339
49
153
438
323
30
217
30
163
313
0
273
64
0
162
297
146
253
66
371
291
363
238
329
337
25
32
0
80
277
0
364
63
410
223
263
294
50
122
171
275
118
0
261
92
313
0
0
260
199
184
188
160
406
113
24
111
68
33
44
37
416
191
0
312
156
0
446
0
116
201
82
281
0
358
45
286
104
100
156
0
90
319
168
171
122
279
68
378
175
231
37
17
199
101
0
82
40
325
163
200
28
360
270
45
205
113
262
146
41
80
64
177
294
66
120
33
151
158
143
56
109
324
69
258
297
46
184
155
388
99
105
187
367
39
290
0
68
247
396
239
0
296
269
105
369
326
455
148
162
274
305
243
266
0
98
53
191
154
198
183
286
200
167
35
52
129
40
604
213
415
299
251
262
153
141
21
240
18
117
325
232
38
72
133
345
35
54
117
0
47
329
341
268
277
37
113
9
62
179
35
0
294
111
238
114
182
289
86
302
298
0
0
196
62
367
42
157
22
241
130
205
485
406
106
69
112
348
36
27
393
29
205
192
31
313
101
48
28
342
265
39
36
426
32
31
231
326
0
282
263
322
115
69
120
63
182
309
350
130
137
58
230
269
357
89
207
42
164
115
90
44
50
62
418
289
74
333
217
95
387
320
189
191
108
28
47
0
34
53
247
31
350
396
0
351
35
43
101
409
208
273
0
40
43
33
347
47
285
97
40
298
357
69
0
33
36
69
0
316
95
0
377
74
281
325
185
353
101
13
0
321
105
212
181
39
174
0
0
234
79
355
227
195
144
282
49
50
243
326
55
47
266
24
67
209
66
213
274
37
428
51
98
25
179
107
301
28
246
234
66
314
290
131
154
284
207
326
35
176
256
24
214
213
98
28
263
43
346
199
116
384
0
187
80
161
350
87
148
0
336
298
58
211
487
189
0
332
59
300
0
0
43
0
318
273
171
31
280
264
187
375
331
251
123
276
50
89
98
75
147
262
30
36
20
205
215
277
149
314
31
25
313
63
328
126
179
206
0
285
100
339
122
336
80
0
371
255
20
245
193
343
0
260
96
0
93
77
187
122
50
25
20
34
80
37
0
199
377
475
220
201
319
386
88
142
292
23
270
64
50
290
175
0
280
206
92
227
43
28
192
24
49
305
308
500
76
306
299
90
30
148
351
41
63
230
0
182
184
312
301
118
106
282
88
31
365
300
161
397
135
85
222
140
26
125
206
0
0
303
16
0
122
240
41
211
0
219
50
239
45
355
294
134
181
341
175
34
0
248
0
32
124
363
0
400
32
0
227
127
287
428
145
50
43
28
67
296
22
39
43
29
0
176
88
206
149
211
154
35
175
45
28
19
86
254
26
30
236
48
291
43
0
261
61
51
29
266
202
49
191
384
26
273
254
175
83
294
42
0
35
164
208
356
30
281
307
31
158
163
32
265
101
56
179
364
178
116
363
33
0
105
249
25
174
64
26
274
71
0
275
31
180
344
30
71
247
221
137
41
197
0
305
153
67
334
56
340
0
153
183
176
64
84
91
152
162
28
251
331
183
288
72
487
0
80
269
220
299
28
364
244
0
501
306
127
331
325
144
27
35
164
178
141
0
29
30
422
88
0
267
312
70
112
69
119
0
42
60
188
0
61
142
144
167
83
97
124
51
226
25
103
375
364
166
249
332
196
50
117
59
119
84
142
102
268
313
42
117
371
0
253
41
258
19
142
103
259
334
55
62
258
218
322
256
288
24
0
219
309
34
51
379
236
103
0
246
257
103
406
278
198
34
242
90
206
89
189
198
59
182
109
0
251
8
166
36
144
360
110
270
121
298
253
33
0
181
368
178
0
30
240
67
194
80
329
0
46
256
34
82
313
525
122
211
76
42
151
206
0
256
48
29
241
150
38
172
360
310
173
61
98
329
0
305
133
0
194
153
78
326
0
398
169
419
98
290
194
254
161
0
69
335
214
141
222
171
0
120
0
308
29
424
317
72
195
382
358
118
254
81
166
195
42
80
77
63
0
350
174
319
40
0
386
374
50
317
336
111
123
115
291
365
281
190
59
60
49
299
25
304
217
314
226
178
235
0
101
45
47
86
38
0
210
228
324
370
156
184
28
44
