3234
3118
3385
3365
3268
2789
0
3120
3581
3193
3219
3269
3022
2985
2712
2633
0
2986
3153
3341
3245
2859
1839
3134
3171
3076
2928
2936
1761
2970
3027
2232
2618
2308
3647
3197
3090
2968
3329
2882
3111
1919
3109
3174
750
2989
2486
2940
2414
3163
3067
2709
3281
3140
3090
2946
3360
3359
3295
3121
3189
3180
2866
3348
3163
3372
3044
3323
2879
3114
2868
2332
2848
3074
3459
3270
3236
2845
2848
3397
3479
2992
3177
3056
1698
3277
2863
1543
3454
2719
1915
2921
2761
3157
3077
3049
3410
0
0
2764
3127
3672
3186
3277
3062
2559
3113
3267
3109
2744
3252
2970
2574
3147
3351
2648
3374
3174
3182
3026
3215
3120
3061
3196
3149
2884
2987
2759
3296
3011
2845
3007
3327
3033
3210
3408
3089
3157
3117
2977
3722
2589
2896
2784
2934
3223
3005
3281
2979
3583
3221
2853
3052
3077
2990
2571
3167
2971
2934
3489
3331
2681
3139
2876
3003
2538
3406
3016
3397
3513
2987
0
2999
3571
2955
3347
3466
3266
3278
3266
3115
847
3202
3041
1627
3338
2634
3287
3111
2926
3315
2671
3333
1902
3452
2546
2762
3496
2542
2486
3245
3231
3502
2903
3168
3211
3673
3017
2388
3247
3086
3056
3183
2874
3173
2985
2907
2660
1652
2755
3166
3374
3216
2983
2578
2944
3297
3259
2794
2904
2947
2952
2691
3229
3382
2785
2929
2970
3076
3094
3334
3123
3508
3202
2771
3112
3244
3216
3015
2823
3370
4002
2431
3284
3341
2970
3140
3476
3498
3206
2885
3242
3133
866
3193
2764
3133
2449
3253
2865
2995
3123
3280
3124
2829
3404
3197
3179
3106
2901
2937
3044
3391
3345
2920
3320
2894
2214
3541
2970
3024
3170
2014
3285
3085
3219
3127
3225
3142
3005
3286
3226
2695
2958
2824
2488
3059
1832
2790
3079
3054
3148
3247
3086
2518
3306
2910
2461
3579
3108
3268
2620
3191
2971
2658
3238
3302
2746
3248
636
3044
3199
3192
3380
1178
3057
1488
3130
3237
3041
3123
3213
3349
2672
3324
3338
2866
2895
0
2863
2456
3440
2994
2764
3168
2362
3143
3160
3040
3006
3177
2457
3112
3401
2802
2480
3478
2318
3068
3188
3521
2970
3030
3490
3115
3407
3524
3527
3279
2952
3334
3016
3158
2981
3257
3402
2487
3370
3267
3308
3315
3399
3447
3525
3350
3051
3377
3063
3299
3120
3063
2968
3178
3317
2939
3165
3143
3345
3245
2446
2751
3324
3259
3001
2402
3004
3079
3006
3140
3548
3041
3638
3492
0
3738
2767
2764
2092
3197
3093
3176
2286
2993
3007
3230
3032
3095
2831
3372
3226
704
2996
3172
2629
3098
3366
3124
3326
3180
3131
3188
3090
2333
434
0
1421
3302
2763
3348
1666
3184
3453
3175
3010
3183
3038
2806
2741
3209
3123
2528
3474
2941
3026
1169
2935
3271
3340
3255
2912
3015
3419
2535
3633
2977
2926
3062
3059
2789
2644
3463
3431
3176
3074
3314
1991
3106
3230
3184
3278
3390
3309
3201
3084
3258
3492
3043
3284
2905
3189
2982
3367
3508
2221
3292
3185
2806
2913
1966
3028
2774
2999
1205
2938
3398
3536
3165
2997
2507
3535
3196
3457
3296
2773
2960
3043
3025
3072
3157
2263
3227
3443
2992
3387
3005
2693
3134
3159
3376
3399
2210
3083
2360
3009
3381
3108
3268
3389
3613
2995
3506
3284
3386
1165
3147
2254
2826
3213
3603
2926
3120
2917
2971
0
3316
3342
2793
3264
3268
3039
3008
3355
3154
3227
3248
1572
2650
3353
2867
3381
3184
2841
2945
3481
3018
3798
2747
3042
2412
3357
3192
2990
3265
2670
2868
3503
3077
3323
3460
2756
2981
2611
2839
3052
3226
3097
2598
3505
1071
2880
3082
3250
3665
3045
3477
3267
3196
2874
3248
2955
3162
3203
3037
3428
2312
3316
2618
2782
3283
3081
2397
3408
3558
3391
3261
2614
3743
2814
3502
3231
3333
3418
3028
2872
2466
2751
3188
3159
2240
3513
2929
1487
3248
3231
2987
3073
3105
3028
3310
2957
3141
2891
3292
2894
3266
2910
3503
3420
3236
3089
3538
3030
0
2878
3024
3342
3221
3210
2622
2830
3263
3202
1937
3004
3083
3075
3494
3152
3151
3190
2851
2635
3113
2562
3261
2874
2851
3095
2908
2350
3265
3181
2778
3234
2045
3307
2666
2647
2992
2630
3117
3126
2721
1567
3305
3442
2949
3407
2406
2854
3844
2736
2971
2462
3253
3164
2928
2971
2157
3220
3317
3511
3020
2732
3166
2944
3056
3365
3471
2553
3020
2893
2604
3045
3322
2529
2995
2925
3001
2993
3014
3440
2829
2408
3513
3362
3275
3513
3129
2443
3431
3180
3181
2723
3010
2735
3587
3418
2969
3186
2540
3061
3103
3361
3001
2915
3278
3366
2968
3167
3011
3004
3194
3437
3015
2721
3238
2808
3209
3273
3098
2978
3008
2920
2852
3350
3262
2737
3173
3471
1532
3308
3263
3069
3014
2464
2208
3201
3283
3082
3065
3644
3403
3391
2474
3605
1970
3440
3202
3139
3048
3125
3080
2599
3350
3236
3462
2277
3057
3511
2685
2807
3306
3256
3475
1893
3430
2964
2735
3313
3130
3007
3383
3525
2818
2957
3047
3117
3085
3213
3289
3234
3557
3144
3226
3077
3361
3531
3127
3407
3130
3241
2887
3258
3381
3022
3593
2844
3264
3366
3201
3536
3335
2970
2015
3182
2262
587
3410
3035
3295
2681
2249
3280
1924
3495
3306
2780
3016
2875
3207
2138
3169
2841
3422
2723
3157
3423
2336
3378
2930
3408
3459
3395
3340
2990
3083
2891
3066
3052
3208
3204
3087
2798
3230
2398
3016
3241
2760
1845
2968
3137
3337
2781
2847
2268
3320
3190
3469
3688
3385
2883
3678
2935
2512
3189
3300
3466
2750
3076
3117
3053
564
3079
0
3183
3770
2672
2725
3058
3234
3261
3093
3292
2650
3004
1996
3355
2782
3680
3247
3217
3221
2444
2594
3116
1334
3260
3647
3301
2799
3415
3588
2154
3605
2651
2811
2583
2585
3131
1401
3061
3541
2893
3243
3169
3461
3264
2749
3063
3205
3176
2018
2986
2739
3069
3272
3210
3660
2857
3171
3181
2358
778
2871
3741
3002
3381
3225
3450
1254
3137
2789
3149
