1483
119
-1779
416
825
1236
693
10
282
178
382
-212
-1162
-390
719
407
434
1013
307
310
244
286
-20
140
345
331
420
-127
-164
502
0
87
903
408
932
735
605
152
487
326
-908
948
566
575
565
148
254
1006
492
-321
765
572
71
-89
9
305
2051
-595
302
940
216
301
0
251
-75
686
239
1059
631
389
790
-170
-1880
-460
342
595
0
238
-443
-559
1973
-230
158
-1300
938
452
0
685
705
1022
201
1121
425
-278
170
536
12
346
-724
71
-600
609
353
222
92
352
574
0
587
-114
736
-162
207
23
354
981
0
46
453
606
311
238
-98
431
-376
-1241
746
869
