1862
676
625
688
629
333
1249
246
667
1587
3902
2452
1354
594
-328
0
525
-430
555
408
263
487
0
232
1773
1254
-432
3132
1246
2607
2317
2433
2320
426
-320
460
1989
0
-449
499
3574
-1020
0
4141
1009
686
3489
598
0
0
932
724
514
516
1465
3587
3812
511
2252
-482
407
0
2852
-630
25
-117
2619
3153
6
-83
611
0
748
2949
423
640
742
21
288
704
2966
444
1164
1884
4071
934
489
0
825
571
1986
654
460
-290
663
0
523
303
576
428
2177
2192
707
0
615
4238
830
758
2429
583
-786
617
509
723
2472
368
510
1733
631
128
152
727
3154
-379
3365
607
612
3465
867
322
441
2115
179
391
3705
626
541
482
534
538
-703
3520
0
1911
636
399
3780
540
114
-311
2037
1244
3489
3977
653
3899
3066
761
377
0
1501
662
403
518
481
460
2537
1000
656
0
-436
1757
2313
740
479
549
587
-388
2705
742
4068
0
551
924
0
3883
240
617
-181
520
792
-544
410
-381
426
830
559
1288
2998
3597
3319
-447
549
555
0
789
3926
446
420
3281
2380
397
2437
798
581
579
1531
1987
819
3605
120
519
-604
512
-258
821
2288
613
-288
382
333
2908
21
493
536
3957
536
70
3359
617
31
3925
42
2581
3444
2805
651
1631
336
0
379
2162
497
862
2267
4068
548
433
392
1461
-1192
92
3460
352
469
619
1115
526
-138
668
3523
506
-60
3533
853
2505
1088
-290
516
527
823
696
952
448
901
0
-92
3179
539
3227
1346
2905
2990
1634
3817
411
706
646
1525
670
-446
4091
546
-519
397
2115
0
664
1820
611
634
782
649
0
559
1485
517
43
807
204
678
451
0
719
586
34
538
5
603
2637
598
2026
615
575
3614
3435
0
1786
1059
543
-484
566
4322
780
549
3648
4343
2979
-531
402
1859
250
3820
3818
3345
510
3360
468
0
0
3558
488
-1071
253
508
3206
498
-455
659
-250
-220
540
713
3587
630
889
3334
578
483
2084
3026
0
638
533
4141
2675
-33
468
539
1778
624
933
2169
513
881
667
3764
2291
-332
-39
212
607
3625
3034
80
365
764
0
932
2300
540
-877
960
768
3356
2129
0
2743
223
-2127
2122
608
563
418
744
0
676
480
1667
3250
620
591
3180
738
2356
3106
-502
2761
514
3493
792
811
623
396
1175
0
3882
0
503
562
0
3024
3936
-172
842
0
2014
529
577
2224
2757
1269
2887
602
637
480
505
418
314
-237
654
559
-432
3879
3707
635
417
0
490
2387
245
3040
3281
2664
-94
1192
3729
607
3889
773
441
57
1273
180
678
820
403
-57
3758
610
990
1938
281
1759
1847
0
3911
805
384
1834
633
3909
