5223
6501
2847
8321
9115
8385
3051
3909
7950
0
6126
6592
0
8268
4990
8501
5179
6210
3756
5632
0
1994
4779
7561
8340
9790
5090
5741
3894
9396
4422
8915
3741
8296
8642
7912
4823
7696
8006
11256
4204
6435
9038
6181
5359
0
7607
4604
4713
6678
5363
0
10425
7005
7974
10176
7882
9015
9756
6961
6125
0
7059
3819
4399
5409
3470
6041
4955
0
5708
0
7185
4935
0
8035
8092
8412
5940
3465
6878
7915
8996
5166
5461
8541
7865
7311
8091
0
4291
7626
6918
9065
4945
6973
7986
7762
3186
6797
4347
6993
9290
0
8032
4612
0
5977
7898
6595
7140
5203
7393
7221
9091
7622
7400
8497
3960
4366
0
5200
6678
0
7842
5028
8136
7424
6703
7459
5602
6058
5540
7788
6166
0
7466
5675
8083
2
0
7792
6744
5881
6122
6946
9316
6695
2938
5262
5158
4564
5772
2982
8531
6209
0
8300
6003
0
9549
0
5889
7466
5948
7881
0
8616
4310
8025
6088
5048
6088
0
5283
7932
6488
6777
5954
7947
2772
9255
6639
7370
4455
2550
6961
4815
0
5339
4230
8254
6104
7214
3438
9080
7699
5445
5579
6340
7006
7031
5708
5194
5274
6141
7773
5708
6041
4044
6563
4981
5869
3971
6542
9190
5189
7817
8191
5321
6187
6142
8953
5716
6303
7182
8406
3325
8176
0
5061
8015
8078
7993
0
8147
7895
4401
9206
8750
10942
6589
5290
7098
7737
7554
7928
0
5646
4141
6346
4898
7567
7065
7618
7221
6720
4381
5308
4283
6119
9891
7120
8899
7954
7023
7634
6504
6050
4069
7053
3879
6354
7399
6867
5223
4632
6402
9360
3254
5011
6743
0
4851
7692
7927
7244
7326
5404
5900
1203
3878
6699
3234
0
8547
5786
7699
5846
7616
7327
5849
8606
6951
0
0
6838
5131
9407
4407
7169
2824
8603
6310
7009
9463
7437
6102
5195
5476
10680
4563
5742
8247
3681
6132
5466
4075
8754
6157
5036
3871
10321
7779
4279
4464
10233
3345
3727
6694
8298
0
8400
7308
8268
5737
4074
6863
5586
6412
8040
8687
5646
5824
5024
7431
6716
8310
3730
6762
2908
4861
6233
5717
4474
4314
4862
8203
7724
5098
9310
6915
5281
8485
9195
6365
7676
3627
3934
4320
0
4762
5232
6997
3360
8832
11137
0
9122
4154
4730
6135
8526
4872
7015
0
3273
5073
5111
8788
4839
8064
5955
4672
7455
8638
5420
0
3364
5062
5063
0
8512
5292
0
8800
5182
8101
7667
6529
7979
5823
2306
0
7234
5632
6979
4103
4925
7141
0
0
6851
5420
8968
7521
7268
5947
7779
5012
3767
7459
8169
5431
3849
7222
2923
5102
6762
5770
6889
7079
3035
8378
4716
5086
3052
4412
5702
8151
3407
7236
7526
4759
8428
8086
6004
6123
7857
4870
7726
5068
5471
7656
3931
7168
7632
4711
4764
8516
4734
8262
6625
4967
8532
0
7318
6051
6627
12319
5564
6094
0
8570
8258
4974
6836
10071
5987
0
7709
5257
7095
0
0
4663
0
9812
8027
5507
4753
7626
7468
6445
7814
9738
7388
5658
7447
3645
5261
5562
5474
6659
7844
5230
4314
3861
6850
7607
7501
6109
8033
4606
4396
8070
5511
8536
4454
7174
7373
0
7792
6010
7590
6413
8322
5528
0
8758
7459
3065
7541
6182
8055
0
7989
6360
0
5641
6068
6802
6391
3669
4000
2932
3733
5518
4418
0
7674
10054
9870
7254
7068
8078
9021
5679
4747
6903
3196
8062
5243
5435
6893
6608
0
8446
7332
5890
6766
4981
3263
7410
2782
4275
9304
7990
8073
5568
7569
7444
5143
5025
4914
9923
4850
5237
6196
0
6049
5553
11282
9414
5778
6308
8163
5575
3695
9963
7577
6492
9165
5666
5253
4267
6343
4241
6077
6428
0
0
8362
3229
0
5888
7648
3298
7564
0
5942
5313
7370
3818
8806
7806
6206
5335
7779
6858
2955
0
7404
0
3979
5505
9243
0
8842
5221
0
7618
5988
7402
9072
6820
5082
3813
4276
5581
7705
2661
5109
4272
3629
0
6885
5602
6814
6078
4253
6813
4932
8051
4902
4031
3698
5143
7795
4038
3008
7487
4960
8059
4557
0
7829
4954
4404
3054
8644
6998
4967
6713
9409
4679
8141
6956
6586
5568
7897
2980
0
4846
6746
7433
8933
4409
7373
7877
4957
8338
6313
3088
7435
6296
3943
7176
9226
6069
6031
8876
4935
0
6308
7092
3257
6724
5440
3211
8111
5494
0
7990
4300
6510
6750
3419
5551
7135
3616
5952
4232
7416
0
8343
6827
5038
8423
5608
9788
0
6697
6826
6919
4053
5869
5474
5553
5686
3197
8033
7539
5644
7947
5350
7769
0
5766
8827
6988
8162
3293
8133
7416
0
10558
7749
5731
7685
8921
6448
3518
4310
6813
6655
6132
0
3389
3082
10191
5545
0
8546
8071
5427
5914
4553
5062
0
4805
5487
6309
0
5509
5687
6161
6462
5808
6136
5820
3966
7521
4091
5659
9430
9146
6352
8455
8979
5697
4719
5919
5317
6054
5453
6536
5809
7338
8611
5327
5385
8482
0
7543
4594
7271
3173
7020
5946
7515
6864
5143
5445
7230
6937
8272
7520
7697
3869
0
7033
6748
4899
4335
8405
5177
6204
2
6992
6634
5962
9380
7664
6515
4222
7677
5332
7027
5588
6947
6513
4984
7345
5832
0
7208
2288
5923
5342
5960
8116
5264
7418
6141
7744
7188
2956
0
3307
8918
6685
0
2857
8027
4657
6844
5507
8305
0
3002
7508
3831
5406
8383
12596
5864
7061
3327
4769
5756
7388
0
7465
5532
3745
7227
5686
3469
6511
8912
8156
6752
5252
6038
8164
0
6983
6640
0
7242
6602
5171
6947
0
9862
6424
8297
4543
8033
8264
6928
7332
0
5369
9295
6805
6370
7348
6142
0
5433
0
7769
3089
7379
7501
4466
5978
7981
8514
8241
6699
5340
7330
6987
3881
3830
4428
5820
0
8118
4990
7573
4484
0
9087
9472
4588
8090
7715
6286
6233
4609
7433
7773
7523
6946
5005
4486
4745
7913
3525
7855
7341
7967
6999
7052
7804
0
5934
5097
4578
5449
5187
0
6276
7221
8346
8391
6479
6621
2750
5077
