-679
-1906
-1710
-1637
-898
-1597
-1497
-1550
-2232
-390
-1231
-681
-1120
-2192
-2089
-547
-2605
-2510
819
1971
1958
2224
3143
2522
1357
2897
2768
484
1913
1966
1822
2589
2451
1336
2427
1982
412
2048
1682
1672
4126
3437
1624
3300
2523
-1325
-1131
-1884
-1104
148
-1861
-1970
-1855
-2350
-703
-1557
-1444
-1238
-2552
-2452
-1221
-2721
-2210
1167
1904
1767
1186
2754
3053
2226
2651
2628
992
1987
1640
1433
2869
2719
1593
2632
2252
-4836
-4751
-5530
-1535
-736
-971
1
2997
3702
-513
-1569
-1491
-1034
-1500
-1900
-1121
-2013
-1768
-827
-1945
-1597
-1475
-1299
-1938
-1531
-1904
-1882
274
-452
-361
-773
-3345
-2606
-1324
-4174
-3677
610
1828
1090
1191
2436
2107
893
2030
1500
341
-923
-643
-768
-3486
-2445
-1169
-4462
-3065
0
0
0
0
0
0
0
0
0
769
1556
1277
1517
2096
2301
1139
2296
1783
-58
-935
-893
-1480
-2540
-2675
-1733
-4053
-3518
602
2002
1350
1846
2406
2256
1171
1983
1831
854
1474
1211
1198
2117
1752
670
1580
1129
642
1956
1116
1083
2690
2188
1894
2333
2806
485
1843
1248
1754
2245
2168
1050
1737
1911
4
7
1
1
4
3
3
3
6
1706
710
1257
-466
4491
3856
2577
3538
2551
-791
-1924
-1788
-1955
-1919
-2315
-1435
-2669
-2880
3875
4894
5945
416
-549
361
-3881
-5687
-5810
67
-1853
-560
-1553
-2781
-3270
-654
-3211
-3117
-334
-2110
-1444
-1390
-2057
-2497
-1543
-2087
-2103
-1324
-1665
-1946
-1370
69
-1590
-1915
-1548
-2310
-379
-1949
-1332
-1577
-1642
-1745
-1204
-1817
-2276
-732
-1468
-1409
-2202
-851
-1665
-1136
-1585
-2635
-463
-1570
-1714
-1596
-1986
-1821
-1203
-1951
-1998
-821
-1313
-1141
-1453
-1823
-2449
-1432
-1962
-2379
739
1249
1197
1227
1780
1945
1016
1782
1303
-1502
-2051
-2737
-1864
321
-1695
-2847
-3095
-3654
598
1570
1080
1515
2260
2275
1164
2111
1925
-223
-1986
-1400
-2148
-327
-2128
-2034
-1714
-2460
0
0
0
0
0
0
0
0
0
152
-1523
-821
-1301
-3020
-2555
-1293
-3298
-3208
1692
1623
1949
1170
2576
3060
2381
2306
2268
-315
-2144
-1446
-1646
-1998
-1922
-965
-1829
-1760
-46
-590
149
2255
2429
3679
-1697
-2991
-3878
0
0
0
0
0
0
0
0
0
-867
-1659
-1673
-1226
-1951
-2077
-1277
-1763
-1635
1134
1255
1774
875
3618
3083
2287
2650
1804
855
2613
2410
2120
3765
3411
2039
3172
2509
-416
-1300
-1421
-1500
-1931
-1883
-1201
-2284
-2137
1026
1599
1433
1189
2289
2093
1147
1926
1569
0
0
0
0
0
0
0
0
0
0
0
0
0
0
0
0
0
0
1079
3880
2722
2364
3458
3198
1307
2278
2278
2303
389
1228
144
3932
3544
2742
3063
2336
442
1782
1349
1266
1602
1684
924
1360
1355
517
1663
1383
1371
2326
2071
1445
2020
1898
-1263
-1671
-1904
-2162
-1314
-2162
-1560
-1704
-2100
-987
-1412
-1696
-1654
-1852
-2099
-763
-1895
-1527
-448
-1709
-1631
-1742
-1629
-1833
-1341
-2330
-1767
467
1476
1132
1447
1818
1696
970
1634
1055
-738
-1846
-1553
-1947
-2468
-2312
-956
-2217
-2224
493
-1810
-687
-1085
-3920
-3077
-1112
-3043
-2196
992
1893
1535
1593
2077
2201
958
1627
1227
0
0
0
0
0
0
0
0
0
-697
-1120
-1719
-1645
-1592
-1999
-1380
-2020
-2199
658
-1621
-944
-1396
-3262
-2658
-1432
-3122
-2777
191
-1671
-902
-1231
-3199
-2897
-1306
-3067
-2566
-38
-1615
-884
-1317
-2457
-2600
-1282
-3039
-3320
-744
-1319
-1248
-1294
-2039
-1792
-1151
-2448
-1997
-3976
-4496
-4830
-1070
-314
-1482
1160
1311
1225
238
-1351
-1407
-1458
-3104
-2628
-1365
-3314
-2814
1035
1740
1750
1721
1721
2000
1304
2326
2541
820
1263
1215
1639
2480
2222
1250
2300
2222
0
0
0
0
0
0
0
0
0
1250
2067
1471
1748
2987
2510
556
2419
1845
-141
-811
-957
-1256
-2362
-2218
-1600
-2910
-2741
456
2116
1263
1796
1739
2330
1599
2431
2439
401
1205
569
1322
3081
2240
1260
2972
2766
1164
1830
1946
1282
3083
2699
2195
2031
2531
-1237
-1221
-1990
-1345
-242
-1607
-1750
-1825
-2789
2391
555
1649
-445
4012
4355
2859
3035
1563
583
1319
1230
1603
2736
2423
1075
2330
2101
-944
-2000
-1463
-1883
-1167
-1941
-1156
-2061
-1957
499
1000
1234
1189
2339
2114
1494
2462
2272
-5486
-7333
-6776
-280
1755
703
3021
6155
5582
-3851
-4419
-5547
-696
536
-524
2995
5828
5145
-905
-1894
-1419
-1684
-1495
-2242
-1167
-1982
-1894
-1413
-1629
-2115
-1546
-723
-1973
-1474
-2232
-2159
683
1887
1262
1638
3117
2308
1043
2230
2009
0
0
0
0
0
0
0
0
0
63
2085
1548
1352
2262
2038
1702
2218
2158
607
1811
1429
1252
2419
1957
1510
2004
1966
-613
-1677
-1213
-1527
-1804
-2237
-1141
-1914
-2075
541
1799
1418
1705
2232
2005
1069
1844
2035
451
981
1023
1347
2161
2326
1320
2710
2206
-622
-1683
-1014
-1499
-2776
-2920
-1155
-2767
-2368
485
1627
1301
1518
2797
2383
1108
2132
1875
0
0
0
0
0
0
0
0
0
976
1348
1431
1769
2093
2164
1200
1976
1677
1791
2124
2514
1342
1376
1527
1160
2176
2094
721
1682
1714
1655
2241
2254
1264
1972
1952
-402
-1646
-1538
-1690
-1599
-2371
-1228
-1884
-2300
-1301
-1968
-1742
-1509
-965
-1867
-823
-1894
-2145
-1232
-1926
-1732
-1226
-1657
-1718
-1095
-1940
-2083
-332
-1714
-1140
-1316
-2203
-2552
-1321
-2859
-2452
0
0
0
0
0
0
0
0
0
562
2085
1601
1656
2393
2008
1239
1774
1775
-652
-1477
-1157
-1352
-1889
-2216
-1568
-2105
-2002
1139
1757
1774
1771
2458
2639
1683
2549
2542
621
2254
1670
2292
2248
2810
1902
2620
3224
-288
-1353
-809
-1382
-1858
-1976
-1240
-2359
-2203
1004
1551
1260
1487
2486
2102
989
2185
1663
46
-1524
-889
-1339
-3539
-2489
-1139
-2983
-2819
1022
1593
1530
1529
2755
2258
689
2201
1444
2191
1250
1837
319
3388
2885
1905
2964
2518
-1462
-1582
-2325
-1436
642
-1292
-1860
-1631
-2792
-610
-1592
-1828
-1453
-1230
-2167
-1723
-2414
-2201
387
801
644
734
1490
1320
662
1238
971
951
1567
1748
1669
2148
2343
1070
1704
1593
-793
-1460
-1632
-1767
-1326
-2110
-1189
-1881
-2120
881
1517
1637
1637
3091
2957
2104
2686
2966
-921
-1930
-1721
-1572
-1532
-1970
-1112
-2808
-2425
188
-998
-903
-1022
-3333
-2726
-1734
-3658
-3032
388
1553
1152
2005
2659
2261
1260
2333
2410
-995
-1509
-1492
-1411
-1382
-2194
-955
-1998
-2128
-358
-1634
-1286
-1528
-2552
-2289
-1221
-3139
-3063
-1058
-1430
-1638
-1625
-1220
-2091
-1273
-2067
-1926
519
2073
1438
1685
3723
3010
1188
2694
2315
845
2142
1787
2097
3060
3011
2047
2654
2980
-1069
-1788
-1636
-1144
-1696
-2284
-1338
-1565
-1799
-1133
-1752
-1986
-1419
-1446
-2060
-1676
-1717
-2222
759
1793
1484
1453
2170
2089
1214
2668
2313
409
1446
686
1005
1978
1562
1150
1141
1605
-455
-1965
-1469
-1348
-1841
-2093
-1085
-1955
-1928
448
-1628
-390
-1276
-2927
-2379
-1230
-3591
-2996
544
1092
664
915
1723
1510
733
1331
1197
-977
-1504
-1626
-1241
-2143
-1791
-1114
-1897
-1805
709
1469
1783
1421
2491
2239
942
2557
1583
838
1786
1520
1682
2506
2216
1156
2147
1894
434
1881
1470
1662
2244
1720
866
1846
1933
1077
2116
1695
1563
2312
2712
2381
2100
2609
562
1627
1185
1507
2766
2432
1398
2565
1942
150
-1318
-1242
-1324
-4042
-2653
-1079
-3188
-2786
-941
-1576
-1672
-1679
-1618
-1897
-1072
-1855
-1989
0
0
0
0
0
0
0
0
0
-890
-1753
-1774
-1664
-1104
-1718
-1553
-1722
-2163
1325
1993
1987
1946
2596
2183
1117
2038
2134
486
1211
1272
1308
1779
1749
1247
1670
1752
-715
-1064
-994
-1563
-1625
-2014
-1338
-2033
-2366
982
1984
1165
1177
2486
2685
1172
1951
1581
-1652
-2152
-2433
-1549
-667
-1928
-1992
-2554
-2592
-312
-1657
-1072
-1421
-2688
-2631
-1500
-2301
-2609
-669
-1641
-1569
-1161
-2929
-2155
-1019
-2475
-2059
-935
-1337
-1365
-1567
-526
-1575
-1550
-1437
-2861
-551
-1416
-1730
-1583
-1779
-1839
-1450
-2102
-2041
-926
-1949
-1575
-1344
-1658
-1872
-1193
-2052
-2127
855
1822
1492
1600
2519
2288
1280
2093
2168
-1005
-1303
-1244
-1277
-1874
-2038
-1185
-2285
-1876
-1110
-1533
-1734
-1847
-1550
-1609
-1140
-1698
-2071
828
1643
1299
1650
2384
2173
805
2788
2173
659
1434
1010
1254
1926
1625
692
1434
1220
0
0
0
0
0
0
0
0
0
-730
-1781
-1650
-2337
-8
-2596
-2083
-1529
-2669
963
1904
1745
1538
3333
2517
945
2477
1904
1003
1614
1525
1453
1519
2013
1239
1502
1499
750
1770
1829
1712
2823
2121
1004
2119
1658
1208
1379
1107
1573
2584
2207
439
2506
2028
372
1456
1469
1677
3045
2398
1140
2740
2114
-2604
-3205
-3722
-1309
-2479
-2232
-1087
-450
-659
500
2342
1792
2080
2791
2437
1476
2696
2478
967
1590
1150
1357
2766
2214
1197
2009
2175
0
0
0
0
0
0
0
0
0
3
-1512
-883
-1578
-3030
-2636
-1224
-2994
-3169
-405
-1159
-749
-1133
-2375
-2351
-1539
-3172
-2981
-531
-1954
-1694
-2048
-1119
-2073
-1199
-1359
-2184
-1432
-2199
-2276
-1803
-440
-1769
-1342
-2081
-2184
843
1590
1114
1312
2329
2066
864
1869
1746
517
1622
1716
1833
2634
2065
1251
2236
1758
671
1878
1376
1680
2063
2570
1225
2301
1703
836
999
1030
1032
1780
1751
1384
2889
2523
-3392
-4069
-4489
219
-155
11
3461
5857
5685
-945
-1893
-1740
-1487
-2294
-2764
-1132
-1959
-1534
-917
-1648
-1376
-1604
-1551
-2160
-1432
-1618
-1980
0
0
0
0
0
0
0
0
0
946
1757
1656
1753
2954
2296
1142
2241
2107
-1039
-1704
-1617
-1608
-668
-1727
-1433
-1658
-2545
0
0
0
0
0
0
0
0
0
-951
-1342
-1442
-1181
-1930
-2117
-1557
-2120
-2213
1286
1918
1981
1791
1993
2266
1011
2424
2208
681
1928
1414
1411
2934
2300
1346
2631
2274
-300
-1428
-1272
-1203
-2545
-2521
-1179
-3459
-3141
939
1842
1556
1087
2445
2565
2132
2895
2529
-1242
-1446
-2168
-1776
-247
-1947
-1442
-2107
-2067
260
-2265
-1000
-1447
-2962
-2590
-1329
-3219
-2909
461
1116
950
1089
1316
1188
639
1194
1022
-571
-1887
-1585
-1461
-2368
-2032
-1275
-2438
-2344
741
1346
795
1056
1407
1587
879
1787
1688
-945
-1742
-1790
-1588
-1424
-2390
-1471
-2448
-2251
739
1767
1248
1459
2313
1883
1035
1791
2171
1065
93
1266
-1811
-1908
-1542
-3593
-4798
-4243
-664
-1609
-1227
-1789
-1918
-2123
-1107
-2250
-1904
-756
-1429
-914
-976
-1528
-1993
-1427
-2103
-1924
-428
-1812
-1210
-1752
-1909
-1766
-1126
-2127
-2087
263
-1524
-461
-802
-3349
-2875
-1276
-3006
-3126
500
1188
1200
1876
2490
2293
1258
2926
2588
1038
1228
1424
1500
2202
2140
928
2244
1843
0
0
0
0
0
0
0
0
0
1023
1965
1398
1372
3101
2807
1721
2623
2505
-298
-1259
-1108
-1328
-2060
-1918
-1280
-2363
-2332
-315
-1278
-1216
-1340
-3368
-2372
-1270
-3201
-2749
1689
1510
1711
899
3464
2613
2185
2284
2928
-647
-1632
-1478
-1407
-1624
-1864
-1518
-2065
-2126
-2411
-2704
-3503
-1285
-2691
-2340
-445
-1945
-1598
694
1940
1311
1643
2829
2221
1077
2055
1487
4045
5361
6132
1005
340
1023
-2521
-4230
-3516
600
1820
1468
1409
3106
2478
1566
2443
2387
1127
1767
1546
1609
2347
2217
863
2642
1980
811
1388
1489
1296
2522
2022
986
1749
1584
-2401
-3611
-4394
-2014
-1834
-2294
-1013
-622
-540
-701
-1969
-2127
-1815
-782
-1603
-1414
-1654
-1884
400
1901
1293
1535
3384
2806
1655
3247
2762
-843
-1818
-1666
-1877
-2155
-1605
-923
-1741
-2317
-522
-1854
-1729
-1667
-999
-2144
-1479
-1850
-2489
1129
1953
1756
1602
2237
2240
860
1545
1524
106
-1442
-204
-1066
-2456
-2352
-1537
-3595
-3561
472
1177
812
1533
2502
1812
1193
1879
2313
-92
-1307
-1162
-1633
-2827
-2591
-879
-3355
-2947
852
1738
1842
1896
2404
2232
1335
2516
1875
-547
-1770
-1547
-1755
-1446
-2046
-1680
-1503
-2306
722
1582
1209
1515
1841
2022
1126
2389
2137
65
-1917
-1184
-1496
-3088
-2409
-972
-2653
-2804
206
-1656
-845
-1269
-3032
-2955
-1196
-2616
-2689
1000
1118
1326
1451
1984
1981
979
1955
1649
-644
-839
-1252
-1353
-1722
-2005
-1524
-2615
-2341
3140
5418
5074
663
99
687
-3694
-4411
-4827
1026
1861
1455
1547
2062
2088
1115
1940
1731
1277
1321
1660
1613
2428
2326
890
1864
1751
-800
-1814
-1578
-1204
-1898
-1890
-1032
-1668
-1401
649
1709
1088
1510
2764
2502
1131
2371
1886
81
-1168
-662
-1255
-2917
-2702
-1052
-3416
-3118
-328
-1594
-1536
-1358
-1398
-2050
-1630
-1929
-2016
600
1666
1323
1349
2672
2145
1263
2137
1768
-196
-1916
-1554
-1325
-2277
-2506
-1523
-3350
-3051
-1003
-1608
-1450
-1543
-1517
-2043
-1464
-2088
-2284
1039
2077
1520
1380
3067
2581
2314
2538
3398
-850
-1808
-1956
-1248
-1990
-1695
-1176
-2295
-1846
-513
-1361
-1559
-1475
-2462
-2299
-1191
-2458
-1970
-723
-1434
-1522
-1328
-2456
-2131
-1564
-2195
-1872
641
2194
1529
1420
2661
2286
1347
2300
2004
-1318
-1250
-1641
-1326
-1920
-1913
-1145
-2922
-1705
750
2157
1359
1298
2254
2377
1135
2028
1782
0
0
0
0
0
0
0
0
0
723
1281
1165
1213
2244
1662
773
1683
1530
-777
-1862
-1859
-1957
-1262
-2548
-2076
-1926
-2599
1927
2307
1581
948
3228
3332
1519
2759
2251
-1205
-1811
-2128
-1155
-178
-1160
-1826
-1671
-2343
-784
-1135
-1566
-1911
-558
-2203
-2758
-2048
-3584
-460
-2130
-1424
-1318
-1531
-2023
-1588
-1508
-1518
783
1297
1173
1786
2561
2171
1155
2189
1938
1216
1519
1615
1670
2273
2481
1479
2496
2461
1233
2421
1286
1686
1667
2655
1683
1877
1893
-574
-2059
-1763
-2094
-225
-1851
-1282
-1426
-2094
149
-1514
-1094
-1742
-3618
-3377
-821
-3206
-2779
6
-1633
-1315
-1105
-2053
-2213
-1530
-2704
-2780
-1244
-1497
-1612
-1526
-1701
-2002
-1149
-2120
-1877
387
848
829
774
992
1045
724
940
994
1202
1592
1532
1543
2645
2215
1004
2070
2338
733
1677
1453
1860
2680
2263
1269
2119
2058
-1369
-1382
-1994
-1246
-1091
-1674
-1316
-2059
-1953
1171
1110
1402
1599
1514
2014
552
2048
1604
3060
561
1411
-1014
5897
4089
2916
3174
2009
805
1828
1429
1985
2747
2078
1294
2245
1917
-895
-1531
-1465
-1588
-2172
-2142
-912
-1776
-1730
889
1295
1450
1263
2113
1752
817
1599
1242
2169
1073
1141
-337
3691
2791
1954
2991
2387
-702
-1992
-1406
-1220
-1874
-2009
-1179
-1818
-1976
-2863
-4497
-4394
-24
-1591
-1813
-43
733
945
-719
-1499
-1638
-1598
-1961
-2114
-1401
-1993
-2134
-1150
-1591
-2166
-1771
-651
-1610
-1367
-1809
-2384
-1284
-1872
-1769
257
1372
1066
1717
5606
4533
1252
1747
1535
1828
2137
2138
972
1509
1954
752
1737
1742
1742
3284
2340
1268
2655
2209
1222
3271
2228
2259
3017
2693
1235
2106
2543
632
1867
1271
1393
2953
2838
1610
2993
2306
-3701
-902
3127
-5050
-367
6664
-6440
-1084
5184
841
1184
1133
948
1296
1420
485
1337
1097
-98
1567
2262
1876
4314
2473
2310
3219
2785
0
0
0
0
0
0
0
0
0
1961
1439
1624
1162
3017
3999
2351
3883
3597
-652
-1381
-1575
-1263
-2077
-1902
-1646
-2251
-1828
788
1321
1212
1429
2243
2069
968
2196
1670
-407
-1481
-1062
-1281
-1955
-1869
-1433
-1981
-2116
72
-1306
-974
-1180
-2744
-1880
-1274
-3674
-3144
-1282
-1657
-1967
-1526
-1897
-1965
-932
-1798
-2161
-969
-1832
-1467
-1602
-2138
-2522
-1405
-2051
-2065
-1032
-1595
-1773
-1260
-808
-1558
-1908
-1773
-2241
-543
-1717
-1389
-1438
-2799
-2145
-1113
-2474
-1704
467
1306
1228
1534
2201
1894
979
1766
1561
-1129
-1482
-1958
-1434
392
-1656
-2147
-1460
-2771
-75
-1537
-1502
-1817
-1951
-1916
-1244
-2404
-2847
-45
-1479
-1576
-1637
-2767
-2708
-1252
-2960
-2555
834
1605
1489
1747
3204
2563
1183
2811
2000
4334
110
2274
-403
4865
4391
2830
3885
2301
-790
-1662
-1653
-1709
-1832
-1756
-855
-1931
-1853
984
1828
1145
1190
2615
2141
958
1660
1743
-503
-1870
-1416
-1347
-1886
-2289
-1617
-2577
-3229
810
1396
1297
1224
2663
2546
1606
2297
2093
4104
5015
5465
295
-80
784
-3665
-5027
-5162
0
0
0
0
0
0
0
0
0
1148
1259
1372
1288
2820
2450
1084
2530
2307
-1374
-1524
-1817
-1224
-1802
-1991
-830
-2400
-1681
807
1964
1797
1842
2423
2245
1191
2335
2196
466
1637
1263
1607
2480
2082
1320
2103
2067
723
1254
1168
1160
2871
2772
1563
2804
1956
484
1443
1273
1713
3064
2377
1482
2547
2364
0
0
0
0
0
0
0
0
0
876
1556
1485
1289
2454
2098
655
2111
1200
-882
-1803
-1798
-1436
-948
-1871
-1505
-1620
-2147
687
1718
1425
1381
1920
1584
877
1374
1350
33
-1691
-911
-1630
-2900
-2421
-1056
-2976
-2728
866
2157
1768
1835
2779
2513
961
2411
2442
-54
-1761
-1251
-1503
-1968
-2243
-1214
-2494
-2894
909
1774
931
1600
2679
2328
1401
2384
2599
817
1740
1652
1701
2333
2232
1425
1998
2339
0
0
0
0
0
0
0
0
0
716
2454
1800
2473
2396
2718
1799
2212
3039
96
1768
1206
1604
3088
2266
1542
2443
2458
-612
-1608
-1324
-1605
-2443
-2298
-934
-3436
-2777
1030
1379
949
1180
2810
2254
1134
1923
1836
280
-1242
-922
-1217
-3165
-2105
-1354
-3759
-3379
905
2229
1902
1858
2914
2595
973
2236
1898
-444
-1834
-1564
-2041
-680
-1828
-1419
-1916
-2251
-599
-1334
-1108
-1408
-1853
-2139
-1143
-2627
-2480
-990
-2083
-1744
-1828
-654
-1922
-1623
-1977
-2399
784
1714
1615
1462
2192
1941
820
1829
1658
913
1689
1523
2135
3091
2677
1249
2884
2673
-853
-1669
-1671
-1368
-1999
-2239
-1279
-1832
-1745
-830
-1050
-1056
-1647
-1614
-2218
-1073
-2259
-1953
0
0
0
0
0
0
0
0
0
-1757
-1961
-2432
-1545
-1311
-2010
-125
-2220
-1092
-1271
-1542
-2247
-1724
493
-1833
-1938
-1970
-2506
698
1117
972
1002
2241
2124
1382
2280
1800
373
-1388
-1039
-1220
-3785
-2772
-1076
-4111
-3100
-179
1540
773
1446
2951
2503
1779
2340
2201
-697
-1515
-1481
-1523
-2347
-2426
-1286
-1690
-1587
1191
1208
1029
1209
3209
2873
1751
3015
2754
648
1601
1317
1574
2666
2338
1449
2270
2115
-5190
-5437
-6838
-138
578
-81
3738
5316
5312
-595
-1655
-1369
-1633
-2343
-2132
-1150
-1854
-1979
-517
-1566
-1219
-1169
-1198
-1985
-1647
-1977
-2168
1089
2471
1560
1805
4327
3356
1506
3290
2411
791
1664
1700
1755
1934
1630
1047
2676
2291
-716
-1449
-1615
-1916
-1039
-1805
-1165
-2114
-2513
1418
1210
2014
1100
3275
2544
1552
2916
2401
-604
-1609
-1090
-1841
-1755
-2294
-1598
-1993
-2070
-521
-1472
-1503
-1912
-2271
-2377
-1094
-2289
-2377
-769
-1245
-1491
-1494
-1270
-1970
-1319
-1693
-2074
745
1484
1177
1771
2315
2014
1121
2199
2055
-646
-1628
-1973
-2163
-1346
-2009
-1166
-1617
-2225
1057
1304
1114
1080
2521
2136
975
2041
1545
0
0
0
0
0
0
0
0
0
0
0
0
0
0
0
0
0
0
-655
-1207
-1262
-1502
-1576
-2047
-1447
-2318
-1895
-1130
-1913
-1925
-1696
-477
-1875
-1724
-1204
-2808
531
-1347
-778
-1440
-3229
-2776
-1658
-3842
-3350
1617
1440
1384
19
4532
3186
2683
2965
3002
-534
-1278
-2003
-1987
-401
-1567
-1608
-1431
-2561
-682
-1826
-1289
-1495
-1318
-1805
-1180
-1526
-1835
1435
2250
1963
1498
2111
2177
897
1295
1345
56
-1696
-1061
-1438
-2598
-2716
-1199
-2977
-2889
582
1532
1646
1589
2965
2577
1253
2666
1830
170
-1960
-878
-1728
-3083
-2700
-1339
-3269
-3026
789
1466
1343
1077
2066
2143
1623
1963
2050
1293
1268
1436
1202
2072
2101
955
1752
1106
1351
1883
1447
1467
1926
2332
1394
2146
2090
-962
-1450
-1429
-1352
-1941
-2236
-1390
-1930
-1958
802
1291
1146
1393
2357
2298
1074
2499
2024
568
1616
1130
1567
2781
2708
1735
2576
2441
-1075
-1870
-1469
-1404
-1594
-1929
-1384
-1683
-1893
180
-1331
-1010
-1407
-3907
-2632
-1048
-3589
-2931
913
1867
1673
1589
1774
1863
667
1441
1368
-169
-1268
-826
-1038
-2157
-1843
-1411
-2572
-1577
-381
-1730
-1571
-1465
-1297
-1857
-1400
-1887
-2202
0
0
0
0
0
0
0
0
0
520
1677
796
1581
2284
2041
1440
2783
2640
716
1282
1667
1511
2501
2052
1065
2323
1446
-767
-1348
-1125
-1468
-1689
-1901
-927
-2310
-1881
-1493
-1708
-2009
-1108
-1371
-1930
-1168
-1919
-1615
-843
-1731
-1107
-1510
-2382
-2476
-1101
-3173
-2363
627
1403
1190
1502
2292
2045
1037
2073
1894
827
1729
1654
1792
2585
2055
1770
1803
2614
-300
-916
-839
-1369
-2837
-2068
-1316
-2557
-2716
874
1336
1100
1646
3106
2249
1139
2496
2296
-1687
-1277
-1999
-1136
-53
-1390
-1274
-1748
-2256
-1024
-1875
-1526
-1920
-1284
-2481
-948
-2136
-1913
654
1416
1409
1389
2269
1928
915
2282
1735
-1088
-1588
-2130
-1731
-351
-1687
-1227
-1947
-2303
852
1716
1343
1649
2513
2408
1220
2611
2245
-712
-1492
-1443
-1749
-1375
-2124
-1147
-1803
-1632
3844
5049
5620
274
132
296
-3461
-5035
-5186
393
-1796
-327
-1173
-4523
-2900
-637
-3440
-2900
-2961
872
2737
-5426
868
5054
-4574
744
4454
-244
-1931
-1170
-1422
-3115
-2678
-703
-3237
-2481
941
1768
1011
1402
2097
2340
1138
2153
1901
-267
-1214
-1158
-1676
-1914
-2006
-1087
-2534
-2280
-608
-1274
-1571
-1445
-1716
-1740
-1339
-2093
-2328
17
-1666
-971
-1617
-2402
-2500
-1106
-2638
-3002
-716
-1891
-1299
-1494
-1564
-2461
-1574
-2227
-2446
-273
-1464
-1271
-1488
-3357
-2532
-886
-3165
-2649
0
0
0
0
0
0
0
0
0
1049
1910
1025
1559
2725
2682
1634
2731
2776
-3872
-4594
-5079
-107
1048
-399
3701
6194
5452
850
1210
1337
918
1859
1644
906
1645
1313
-68
-1431
-989
-1687
-3489
-2846
-867
-3255
-3090
91
-561
-480
-1353
-2867
-2482
-1378
-4314
-3955
1259
3040
1976
2794
3285
3326
1685
3036
2596
-1144
-1822
-1809
-1526
-1921
-2228
-1017
-2127
-1721
-787
-1546
-1110
-1334
-1538
-2132
-1133
-2163
-2146
0
0
0
0
0
0
0
0
0
-1213
-1496
-2020
-1481
-1926
-1970
-1208
-1699
-1544
1124
1821
1683
1447
2868
2596
2353
2749
2998
2663
2394
2890
3163
4276
3545
3469
3299
3952
-854
-1917
-2030
-2003
-1152
-1938
-1209
-2079
-1997
1069
1816
1595
1757
2705
2370
1144
2441
1666
-1682
-1812
-1867
-1577
-87
-1926
-1386
-1717
-2226
1534
1770
1216
854
3535
2992
2008
2184
2766
-526
-1471
-1277
-1192
-2868
-2825
-1592
-2563
-3016
0
0
0
0
0
0
0
0
0
813
1648
1190
1580
2084
2214
1147
2130
2036
407
1524
809
1234
2347
1997
1104
1649
1638
-65
-876
-720
-1153
-2574
-2074
-1908
-3362
-3020
-973
-1937
-1784
-1637
-2103
-1725
-662
-1510
-1699
557
1584
1049
1275
2841
2177
1326
2187
1800
815
1542
1621
1482
2379
2232
1289
2176
1794
-1012
-1582
-1091
-1388
-2017
-2222
-1407
-2064
-2167
479
1353
1251
1344
3058
2530
1162
2594
1937
-1004
-1875
-2041
-1159
-2392
-1944
-839
-2197
-1694
-701
-1671
-1681
-1573
-1903
-2010
-1499
-1902
-2031
98
-1238
-524
-1270
-3111
-2586
-961
-3770
-3582
-488
-1677
-1041
-1256
-1344
-1938
-1644
-1591
-2215
741
1573
1167
1738
2617
2010
1018
2342
2170
-945
-1580
-1593
-1638
-1431
-2201
-1137
-2309
-1952
-789
-1317
-1427
-1653
-2925
-2686
-1212
-3332
-2368
1373
967
1039
-108
4519
3504
1844
2680
1922
866
2252
1870
1860
2719
2465
1393
2017
2154
1402
2442
2454
1667
2505
2638
1864
1942
2098
-865
-1785
-1852
-1641
-193
-1345
-1360
-1815
-2309
0
0
0
0
0
0
0
0
0
-873
-1862
-1516
-1496
-1962
-1658
-1080
-1837
-2180
0
0
0
0
0
0
0
0
0
782
1736
1611
1558
2730
2340
1280
1943
1933
729
1410
1245
1433
3013
2294
1011
2487
2114
0
0
0
0
0
0
0
0
0
-91
-750
-436
-1613
-1691
-1775
-1920
-2745
-3073
-479
-1400
-1078
-1178
-1958
-2275
-1628
-2218
-2036
228
-1733
-1121
-1446
-2476
-2024
-1697
-3051
-2908
-761
420
-549
940
2302
2018
2294
3251
3405
0
0
0
0
0
0
0
0
0
3601
4090
4743
231
180
575
-4121
-4780
-5374
670
1243
1150
1843
3005
2801
1309
3317
2339
542
1245
1297
1531
2303
2073
1319
1987
2140
-743
-2138
-1477
-2137
-931
-1734
-809
-1925
-1814
-405
-1030
-1223
-1730
-1826
-2159
-1931
-2227
-2535
-1395
-2106
-1732
-1599
2285
-1751
-1833
-2116
-2427
-1201
-1739
-1959
-1578
-1583
-1780
-975
-1919
-1638
1293
1611
2005
1603
2525
2398
975
1892
1350
705
1392
1173
1421
1773
1821
1417
1925
1982
761
1365
1277
1351
2431
2129
1205
1992
1692
973
1487
1104
1083
2123
2209
1716
2802
2623
423
1179
882
1173
2739
2201
1252
2399
1842
1241
2104
1972
2019
1436
2119
912
2247
2531
-259
-916
-929
-1086
-3339
-2739
-1012
-3598
-2881
857
1922
1401
1677
3131
2628
1413
2498
2011
91
2073
1129
1460
2828
2197
1124
2096
1876
-412
-1817
-1115
-1176
-2282
-2540
-1625
-2801
-3317
-834
-2060
-1562
-1570
-1582
-2091
-1336
-1693
-1576
-776
-1671
-1568
-1107
-2242
-2297
-1401
-1975
-1679
587
1580
1376
1260
2392
2377
1396
2220
1802
1198
1633
1626
1389
2885
2388
1862
2365
2585
0
0
0
0
0
0
0
0
0
1019
1194
1396
1252
1674
1708
744
1195
1176
-817
-1522
-1668
-1728
-1496
-2001
-1469
-2083
-2182
-463
-1475
-1052
-1139
-3023
-2255
-1056
-3086
-2267
-4153
-4777
-5995
-558
231
-934
2881
5536
4899
-1235
-1433
-1244
-1633
-1771
-2123
-1300
-2268
-2026
-731
-1415
-1261
-1361
-2034
-2162
-1238
-1888
-2068
4065
132
2367
-920
4104
3809
2928
2861
2174
-395
-1507
-1280
-1485
-1706
-2299
-1304
-1859
-1964
-876
-1276
-1329
-1697
-1449
-1987
-1001
-2219
-1986
701
1773
1402
1395
3047
2379
1237
2174
2011
-999
-1738
-1538
-1487
-2261
-2024
-891
-1978
-1818
756
2262
1477
1826
2721
2684
1370
2033
2382
650
1349
1252
1335
2072
1575
613
1581
1159
177
-1674
-926
-1356
-2808
-2333
-1474
-3158
-3024
-1018
-1865
-1470
-2059
-516
-1894
-1288
-2060
-2376
-1105
-1972
-1909
-1605
-1025
-2266
-1669
-1764
-2589
568
1400
1326
1677
2414
2247
1260
2345
2336
1192
1465
1448
1380
2851
2170
1126
1968
2349
366
1489
1313
1628
1816
1979
1035
1738
1725
-117
-1400
-674
-1189
-2658
-2783
-1496
-3375
-3253
-1386
-1529
-1609
-1294
-1689
-1866
-1029
-1938
-1813
189
1874
1790
1871
2887
2497
1443
1625
1460
-586
-1194
-1243
-962
-2566
-2000
-1321
-2657
-2123
-3218
-4101
-3985
30
732
-126
3386
5950
5799
1933
1003
1371
62
4487
3143
2257
2489
2793
-181
-1558
-1585
-1592
-1978
-1905
-1678
-2683
-2307
-606
-1481
-1634
-1980
-894
-1960
-2030
-2062
-2751
0
0
0
0
0
0
0
0
0
-640
-1837
-1522
-1425
-2520
-2313
-1323
-2102
-1720
479
2066
1441
1956
2594
2438
1005
2493
2196
-25
-973
-1100
-796
-3366
-2577
-1538
-3180
-2462
-913
-1675
-1653
-1493
-1664
-1839
-1154
-1863
-2001
-18
1504
1129
1860
2243
1972
1422
2674
2405
-401
-1532
-1236
-1422
-2017
-2672
-1608
-2088
-1937
