-25
99
89
-51
0
60
-105
37
-12
15
28
-185
0
-43
37
3
183
154
-69
-76
-79
77
54
65
-2
-72
56
0
-10
51
31
118
12
90
0
-16
60
68
-52
-18
-6
0
19
86
40
40
-17
73
-47
206
-56
124
-134
48
105
3
58
8
-10
17
163
-30
67
5
0
0
-1
191
34
10
0
32
-145
-44
24
9
107
119
0
0
26
-77
102
73
-2
17
17
213
54
61
30
133
37
28
2
-12
0
-2
92
-33
97
0
5
141
3
-44
424
29
0
16
-10
25
-32
4
113
0
0
-107
0
35
4
-97
-114
-64
-108
-80
-61
0
61
-30
-122
103
0
7
166
-185
-4
-133
72
-142
-85
119
44
-9
108
50
-35
95
14
3
0
-62
-28
91
-57
-69
15
1
25
-95
60
-1
91
10
-96
-28
25
-74
0
13
-13
-39
-53
-5
145
-35
88
-24
-88
166
-72
50
-53
-104
48
-69
70
-19
45
-35
31
-31
90
59
8
5
-43
52
78
73
-23
35
0
33
-39
-2
-120
-40
131
41
242
33
-13
-40
92
46
32
-14
11
38
162
29
119
140
48
-5
29
-89
62
-36
-12
-58
-62
0
31
171
-38
-75
70
-80
-107
18
136
93
111
20
59
65
23
84
168
-5
-31
165
-85
158
-8
-68
50
-18
-35
-86
124
48
-179
-32
-33
-18
-38
-51
-1
31
114
23
75
35
38
107
21
108
-34
-52
-29
12
108
-53
-37
0
-42
0
22
-87
12
180
-42
13
-20
0
53
118
8
70
24
-26
-38
0
-25
84
32
-7
91
-21
-40
-78
-69
131
218
65
-22
-23
105
53
-146
43
-34
20
-2
0
-8
-26
44
-14
71
64
17
143
-7
0
-91
-203
111
78
171
-7
58
0
38
47
61
35
-69
-183
46
-157
77
0
111
-25
36
-14
-53
-29
133
29
-124
-115
66
-23
59
170
-50
48
-3
71
-11
141
0
33
53
94
-63
-59
-18
-103
59
-42
54
29
47
-102
-9
95
-32
-27
102
47
24
-28
108
0
81
-5
9
-55
-11
-23
-58
-122
70
-44
73
0
-92
-57
-91
62
72
-12
-63
24
-72
-59
31
150
-93
0
85
24
39
14
143
-113
-82
-22
6
-109
-20
71
-30
-66
-5
1
100
-56
-35
-19
6
17
68
58
135
119
-50
38
76
-132
48
-132
22
96
-21
53
204
1
43
-48
-21
-26
-8
55
56
24
47
96
86
49
150
21
-188
244
-61
12
-97
-9
48
-79
77
-58
39
19
0
72
94
70
-27
21
-145
31
-2
16
-22
3
15
48
-1
125
-84
59
-67
99
30
166
