60329
56086
59331
60988
58614
55835
0
58837
62475
56724
57515
58622
55942
58193
59020
56279
0
55700
61474
59019
57716
56761
58941
55978
59377
59651
58418
57016
59981
59394
57484
59563
55925
59801
58889
55710
56871
54384
58254
57763
58248
60645
57105
58053
56569
58849
59267
56138
58085
60593
59351
56981
57563
60317
56687
56540
53881
57357
57925
54152
60785
58921
58357
58985
60912
56740
60221
57419
57551
59002
59971
60443
59204
58942
59192
58410
55512
57181
57822
62243
62836
58841
58357
59338
58368
55387
55443
61900
60918
58794
58965
58596
56572
59716
56578
57273
56725
0
0
54403
57531
57928
59281
55567
58192
57067
56985
59437
59140
57265
55130
62584
57603
55361
58707
59987
60627
57472
56872
56421
61853
55857
57152
60801
56996
55978
59180
60346
60026
55620
55968
58248
56393
57206
58720
54858
56898
60205
59768
57265
57234
55908
55528
58930
59380
60159
60032
58496
58526
60701
60716
57716
57507
59350
60666
54728
58563
56110
57909
59443
60276
54839
58811
60935
58721
58173
61599
58179
59607
54927
55594
0
60003
60571
57991
58297
61311
58430
59778
58446
57497
62572
59062
58060
59955
62695
57726
59554
58148
58999
61382
55886
55820
61134
57233
57221
59104
61459
58056
58902
57419
61761
56226
56766
57534
62066
60310
58876
58198
56158
57367
57366
59269
60196
60597
58257
58128
58602
61454
58798
56806
57857
55637
56862
58783
56372
55754
57729
59550
57011
58834
57166
56250
57632
55972
58129
57983
59814
57489
56431
57023
60143
60897
58142
58443
57725
58446
55767
54855
57374
58223
63632
56383
57911
58931
56088
56861
58524
61445
56049
57817
55250
55967
58840
54905
55520
54937
59166
58852
55373
55959
56906
58391
58716
58248
58279
58736
58264
57374
60599
60637
62323
56885
56988
57740
56894
58578
59402
59080
58520
61341
56073
60032
59049
54123
57847
54891
58830
57216
57982
56745
58414
56977
58215
57664
60020
57601
59962
58779
58396
57524
59516
55207
58374
58860
58016
57340
58512
57184
54874
55442
58049
59358
56692
60582
56404
57420
57351
58435
58487
54267
55305
57846
58447
59048
57820
59763
57092
59247
57943
57591
60269
59456
57162
59847
58356
56744
56587
0
57704
59528
59010
57386
58056
57899
57294
56613
56303
58158
55818
59883
55451
55903
62001
60560
59120
60472
59255
59396
56201
62208
57746
53862
54645
54951
57717
63217
58730
58669
56873
60299
59484
56362
55596
56607
58605
59501
60336
57709
57683
56814
59388
57737
60013
57412
61049
59035
57926
61203
60911
55650
59270
57291
58867
57327
58784
57413
57412
56117
57496
56848
56858
58469
57841
57899
56724
54753
54011
60267
58179
58215
59103
62469
0
60642
56288
56119
60930
57351
57849
58199
56892
56162
56020
56091
56438
57988
57577
57766
57152
57183
56879
56150
58645
57710
58318
56870
58683
58692
56043
59269
56365
59870
52601
0
58902
58911
59127
61832
58399
56632
59578
57265
58818
56737
58039
60239
57667
57634
55138
58188
53474
60374
53412
58172
57358
55343
57669
58575
59821
56357
53401
53859
62136
55853
54815
58490
57194
60581
54276
59050
60533
60325
57233
57388
57554
59336
57853
58342
59756
58715
57058
59474
58469
55121
59156
57100
60736
57353
57691
59139
58861
56833
60004
57620
58595
58852
59707
56521
58696
58031
56467
58079
58293
58302
59691
55485
53752
57623
56554
59911
57218
57661
59397
58012
58906
55791
55917
59485
58798
57141
58429
57625
59804
58600
59890
58349
60357
61618
56794
57394
61230
57399
57727
58151
58974
58239
55721
60432
57833
57994
56207
56844
59452
56249
60095
58751
56950
55997
57848
57706
55129
59220
0
59326
57084
56915
57277
58810
60550
57416
60387
55878
60644
57215
58780
59355
58061
57224
59492
57105
60039
54808
55630
59078
65005
57908
56854
60037
59870
57481
57858
60592
57395
56983
58497
61136
58813
54533
58537
58263
58972
57669
58613
55434
58698
59592
58256
58640
59580
57490
55347
61489
56252
56256
56194
58070
56332
58130
60934
54991
59723
57760
59336
58624
58039
59099
57182
56919
60501
57069
57022
60026
56927
57738
58939
56572
57697
59872
56793
54609
60189
59271
58519
60244
56428
61291
61018
60474
57837
56629
59540
56328
53619
59450
56135
58634
59633
60724
56773
55826
58423
57534
57033
60991
58691
56990
61011
57540
56800
59331
55912
0
57065
57989
58264
57163
58399
58354
60601
57035
56511
57635
56848
57985
57811
57764
57919
56523
60769
57651
59016
58268
57509
54994
58267
60107
57602
57461
56843
54289
61110
57530
57965
57800
60079
58885
55485
55826
57484
55900
57625
60074
60576
56934
58841
57778
60631
59831
58670
61606
58276
54992
53815
58949
57490
59843
57470
60919
57363
54502
58526
58484
58431
56429
60053
60764
59504
55840
59294
58235
55015
56946
57825
57084
56226
52801
55783
59399
56229
56869
59562
58876
59513
61423
56978
57624
60583
59042
59120
59651
62599
60769
57809
57763
58232
61277
60926
54597
61846
57542
58868
59159
56786
55994
60150
60745
55931
61827
58954
56167
58464
59143
58718
53913
56929
60609
60711
57485
62081
54631
57281
58211
59244
57198
58687
62712
57367
56505
54433
61348
59584
59494
55393
60737
56469
60187
61927
57001
58799
60233
60520
55774
58013
56969
60657
60113
59082
56938
58083
59011
56605
53481
56721
62671
57516
58088
59721
55658
59326
62296
58714
60329
62475
62972
61479
56910
56776
58597
59010
57138
55513
59340
58620
56898
55799
57457
57495
59173
61132
55851
60371
60422
57079
56478
58493
57322
60820
59169
59776
58865
57131
53921
59884
59405
56139
57132
57620
57321
56964
59043
57267
60430
58643
57998
55123
59548
54656
57020
58943
57073
56035
60705
55877
57360
58059
57808
58912
56424
58913
57952
60336
57379
56887
60382
56734
58227
58212
61034
54268
58401
60086
59694
57581
61555
56601
58751
56562
57049
57097
57804
57173
60307
55226
57926
60427
57618
56814
54650
55935
56510
56766
60579
58502
56358
58981
59313
54606
59443
57698
59318
58821
57741
57844
54568
59338
56589
56273
56799
59811
61194
54610
58145
60525
0
58027
61623
57656
59776
57453
58355
56065
57728
58758
57622
55522
58693
56455
55400
57473
59254
57854
57737
60518
55785
58585
60842
57092
56738
56797
57050
59035
63322
57638
57282
59212
58968
58088
57765
59797
59976
56390
55630
57974
60491
56070
57615
59549
58290
61063
56998
54857
59246
58667
57665
59145
60300
56642
60263
57005
57883
58356
56865
56398
56173
57928
57635
59663
58541
57263
60819
59768
57930
55479
