5478
4653
5816
7498
6627
7176
3674
0
7
5789
0
5955
3161
5322
6545
5550
5808
4471
7685
4919
6415
7453
7114
6453
6972
6230
6309
5795
5128
5947
4833
6236
4639
6942
6314
6585
5122
5478
3562
6409
7888
5445
6886
2523
7904
6097
3635
6003
4010
6873
5276
7082
6618
3017
3415
0
4405
2080
8481
5867
7658
2358
0
3360
7067
4222
3326
6301
3806
6036
7514
6461
3884
5424
2941
8128
8673
7284
4567
2573
7601
2929
7358
0
5792
2384
4688
3955
0
0
3164
6611
6630
7153
5652
8285
5391
3492
5538
6783
6494
6156
5310
2533
7065
6939
7144
7192
4918
3912
4962
5437
6507
5883
2403
2491
7019
4704
7207
1668
3898
7177
1732
4397
6126
5700
7175
6712
2948
5968
7028
6876
6175
7625
5877
6642
6377
0
0
5644
5241
4970
2789
6312
3126
2633
4664
2683
6111
6539
2597
6294
6596
3869
3581
5020
5269
0
2388
6919
3454
2297
6467
5949
6296
5178
6275
5364
6038
6246
0
2360
7000
0
2324
4377
0
2562
2955
7273
5953
6313
7515
6210
6081
5279
5740
5927
4117
8182
-3
8457
7038
5363
5350
0
9142
2500
5164
4434
6688
5720
7740
7269
3535
0
6266
6532
6864
5072
6273
5817
4956
5340
6972
7166
3247
0
2997
7007
6127
2574
3334
5161
7883
6270
1395
5682
5365
0
7194
5169
2242
5632
4552
3448
0
7102
7455
6013
2630
7115
7279
6875
7493
2386
5945
8243
5378
3587
3343
2661
3524
5898
6193
1
