2
8
5
13
0
2
3
8
3
4
9
21
0
2
9
5
11
11
6
3
6
3
4
21
11
8
9
0
10
19
7
6
9
26
0
5
4
8
3
15
7
0
9
2
12
3
2
11
3
3
7
10
5
2
3
6
5
10
5
4
2
7
3
2
0
0
9
14
11
31
0
5
8
4
5
5
2
7
0
0
10
1
2
5
4
1
12
7
3
4
4
7
4
3
1
4
0
5
7
12
3
0
5
11
9
2
6
5
0
6
2
13
28
6
9
0
3
6
0
20
1
2
2
3
2
6
4
0
5
4
1
2
0
2
5
2
8
4
2
7
15
7
14
3
19
9
7
4
8
3
0
2
5
9
12
4
6
11
2
2
2
3
1
9
25
2
6
6
0
17
5
3
2
2
7
18
11
15
4
9
2
2
7
3
20
5
9
3
18
6
5
9
5
6
5
9
0
3
20
3
3
6
0
2
7
31
6
6
8
11
17
2
2
6
8
6
2
11
3
2
13
2
11
2
8
5
15
5
8
9
7
2
8
0
3
3
5
8
13
6
4
1
2
9
14
4
5
2
4
3
2
2
9
7
6
11
2
5
3
9
1
2
10
9
6
5
4
3
3
1
6
12
5
9
5
4
7
1
3
3
6
2
5
2
4
4
4
0
5
0
8
4
6
8
21
2
7
0
5
5
11
5
3
11
8
0
4
5
8
2
2
4
8
3
7
19
9
2
2
6
5
15
1
3
4
19
4
0
5
2
8
4
2
2
5
6
18
0
4
3
16
7
6
0
11
10
3
18
9
6
6
4
5
2
3
0
4
4
2
3
10
5
7
11
7
5
2
21
16
2
3
12
4
9
2
5
0
1
5
16
2
2
8
3
4
5
3
4
6
2
10
6
5
10
7
5
4
2
3
0
5
11
4
7
23
2
11
2
8
4
19
0
2
1
5
11
1
4
14
5
4
13
6
3
11
0
23
5
14
11
3
2
2
2
4
2
2
9
1
4
3
3
7
17
14
5
2
5
5
21
5
5
5
5
2
8
3
6
26
2
3
1
4
5
7
3
3
7
2
5
8
12
2
7
7
2
6
10
12
22
8
4
9
2
5
2
34
8
6
2
0
7
6
3
2
5
2
9
2
6
7
6
4
3
5
6
2
6
7
18
4
4
