8747
4005
6680
10456
6357
5400
6284
9128
9670
6627
6864
7656
6065
8880
6342
4441
10207
8248
7994
7750
5632
6873
8339
6150
7220
3
12265
17372
3799
9329
6277
21289
9447
8532
11185
7307
10035
2875
5
5905
8689
4698
4310
15424
6545
0
5135
4466
6384
6271
4610
4
7686
9951
16598
0
6433
8100
8934
4603
5580
3921
10503
5836
11286
6951
7050
0
8160
8414
6451
7110
9773
9772
9354
8428
11393
13238
5395
4292
6179
7945
11246
11863
10355
5960
0
5983
14266
6872
6622
8313
8188
5180
7257
0
4276
0
5863
6449
7958
9836
6240
5111
7123
9194
7699
9711
5520
4890
6606
9150
0
8765
5385
7069
7719
9164
5
7985
3666
6508
7481
10098
11122
11686
6252
11385
