2108
1404
1512
1333
1399
1382
1790
1695
1340
0
1671
1358
5
1467
2403
1215
1616
1314
1206
1703
0
1622
1803
1350
1103
1378
1370
2101
1941
1371
2268
1256
2107
1391
1500
1211
2160
1188
1432
1374
1203
1347
1359
1623
1516
1
1339
2098
1504
1231
1208
1
1570
1466
1304
1214
1267
1360
1453
1280
1414
10
1524
1076
2049
1754
1641
2176
2194
2
1728
0
1288
2421
-1
1211
1596
1397
1615
1416
1341
1207
1232
2254
1435
1240
1308
1508
1244
9
1991
1262
1321
1393
1992
1592
1080
1221
1653
1305
2232
1550
1485
0
1376
1636
1
1328
1295
1542
1270
1817
1086
1197
1349
1399
1155
1308
2228
2167
6
1649
1135
13
1162
1795
1137
1407
1168
1231
2244
1551
1198
1329
1602
0
1307
1671
1293
82
0
1368
1352
1227
1262
1554
1308
1782
1684
1412
1765
2233
2468
1394
1183
1269
0
1330
1359
1
1278
0
1545
1491
1854
1330
3
1287
1810
1342
1686
1429
1378
0
1578
1256
1416
1465
1527
1345
949
1346
1418
1370
2082
1736
1397
1356
2
1663
1882
1294
1352
1441
1848
1354
1326
2299
1102
1686
1224
1645
2533
1639
1862
1305
1282
1982
1559
1977
1512
1119
1390
1505
1770
1444
1768
1375
1345
2215
1289
1396
1285
1623
1742
1486
1240
1499
1359
8
1731
1442
1148
1462
0
1340
1362
1215
1356
1372
1450
1534
1177
1212
1253
1371
1374
1
1612
1602
1300
1115
1520
1477
1275
1444
1472
2102
2073
1068
2739
1138
1379
1236
1302
1254
1334
1486
1440
2505
1287
2582
1661
1161
1275
2408
1545
1572
1426
1560
1920
1767
1
1993
1200
1215
1251
1245
2517
1573
1147
1391
1416
1553
1
1410
1555
1412
1547
1597
1219
1786
1400
1138
0
0
1383
1843
1389
1934
1620
1709
1567
1567
1384
1215
1044
1672
1773
1464
1620
2139
3102
1176
1935
1210
1115
2056
1400
1734
2066
2083
1579
1351
1949
2103
1403
1675
1907
1245
1299
3
1414
1275
1303
1514
1391
1774
1991
1343
1293
1313
1403
1409
1864
1384
1159
1244
1118
1331
1265
1072
1647
1703
1914
1731
1740
1135
1285
1679
1443
1328
1533
1221
1454
1311
1569
987
2085
1784
6
2324
2034
1258
1702
1336
1583
2
1377
1978
2050
1727
1192
955
1201
1
1463
2192
2524
1335
2003
1351
1709
2093
1222
1293
1841
0
1661
2376
1730
12
1355
1532
3
1283
1709
1367
1203
1356
1201
1637
1819
1
1142
1553
1356
863
2238
1531
0
2
1267
1721
1346
1411
1474
1400
1309
2033
1504
1352
1280
2067
1586
1253
1703
1765
1322
2014
1336
1209
1418
1145
1860
1455
1727
934
1561
1328
1820
1306
1391
1661
1344
1342
1484
1394
1317
957
1211
2433
1166
1352
2293
1386
1480
1349
2559
1484
2034
1256
1329
1303
1231
0
1515
1915
1476
1862
1685
1417
1
1322
1354
1853
1333
1291
1232
0
1197
1933
1158
1
5
2015
1
1556
1373
1193
2424
1288
1300
1334
1142
1514
1320
1440
1267
1459
1580
1592
1787
1554
1372
2713
2032
2422
1353
1467
1276
1414
1281
2340
2499
1290
1969
1334
1123
1518
1454
1
1306
1698
1167
1641
1285
1744
0
1286
1321
1935
1363
1258
1229
0
1402
1832
0
1652
1962
1405
1640
1468
2268
1864
1803
1743
2060
2
1538
1465
1281
1384
1411
1278
1299
1713
1126
1143
1877
1389
1854
2185
1144
1414
0
1428
1447
1741
1269
2137
1742
1512
1597
1728
1508
1287
1021
1807
1224
1218
1531
2598
1144
1498
2144
1870
1155
0
1267
1159
1807
1535
1503
1736
1374
1681
1865
1474
1237
1446
1300
1378
1608
811
1515
2359
1540
1268
8
2
1358
2289
0
1510
1397
1461
1474
0
1136
2133
1349
1608
1321
1287
1516
1122
1192
1468
1440
0
1329
1
1988
1400
1373
0
1250
2605
25
1430
1503
1235
1240
1604
2025
1645
2286
1926
1266
1601
2299
1837
1916
0
1468
1686
1341
1410
829
1551
2360
1720
2064
2161
2388
1570
1384
2232
1552
1378
2016
1337
1964
0
1371
1787
1744
1595
1500
1391
2000
1373
1358
2607
1395
1234
1409
1728
1302
1299
0
2323
1491
1459
1339
2270
1245
1271
2507
1877
1399
1556
1292
1770
1488
1518
1368
1286
1582
1318
2429
12
1738
1271
1834
1442
1923
1773
1386
1838
1
1362
2175
1373
1030
1767
1869
1285
688
1436
1865
1495
0
1351
1560
1739
1303
2115
1501
1
1533
1429
1476
1438
1812
1626
1273
1264
1707
1435
1172
1179
1325
1778
996
0
1828
1523
1334
1335
1748
1206
1344
0
1334
1253
1436
1195
1400
1518
1906
2056
1506
1410
1459
1
1780
1597
1403
1669
0
1479
1293
1829
1584
1548
1315
0
2093
2003
1301
0
1990
1350
1452
1416
1799
1762
1476
1576
1416
2309
1575
1377
1356
1395
1515
1394
1151
1884
1547
1961
1571
1680
1550
1627
1268
1376
2318
1411
1246
0
1341
2020
1280
2075
1669
1654
1320
1062
1968
1954
1273
1330
1303
1331
1283
2213
0
1345
1086
2381
1723
1221
952
1729
88
1262
1171
1659
1316
1300
1310
2055
1395
1587
1384
1678
1429
1311
1841
1538
1581
1
1287
2265
1302
2505
1403
1210
1418
1278
1579
1268
1278
1465
1
696
1314
1418
0
1483
1466
1609
1389
1742
1295
0
1256
1326
1859
1690
1339
1555
1500
1374
1082
2078
1325
1457
1
1320
2258
1963
1318
1311
1597
1403
1329
1310
1454
1909
1721
1272
0
1131
1628
1
1470
1511
1652
1088
0
1398
1398
1147
1299
1334
1679
1230
1633
1
1823
1437
1317
1516
1395
1329
0
1406
3
1252
1636
1014
1192
1493
1210
1155
1273
2142
1189
1682
1608
1413
1701
1215
1427
2070
1
1227
1070
1199
2016
0
1309
1386
1827
1285
1190
1684
1587
1217
1233
1150
1269
1426
1847
1641
1922
1294
2008
1274
1411
1271
1316
1493
1440
0
1669
2152
1891
1666
2371
3
1225
1353
1311
1235
1468
1381
1470
2169
