287
434
464
326
550
474
316
464
562
632
223
265
317
299
477
0
294
523
276
281
474
282
1
844
500
364
481
477
355
241
268
255
324
264
1036
275
366
0
532
533
225
736
0
245
659
658
251
312
0
0
615
862
295
262
369
241
259
392
305
572
257
0
275
571
515
543
270
325
407
476
330
0
361
353
410
356
480
483
886
332
252
296
354
307
244
439
312
0
422
288
255
328
291
483
326
0
302
303
315
458
270
263
466
0
300
220
503
461
261
296
649
359
653
456
266
311
250
298
549
493
423
387
249
544
235
352
591
278
392
348
290
361
407
341
259
296
274
280
413
266
628
234
0
306
389
298
271
276
772
618
289
345
273
291
327
223
226
358
266
0
460
347
270
305
257
381
355
420
314
0
529
295
284
533
272
274
272
434
284
426
237
0
283
403
0
237
350
295
544
525
467
626
340
566
351
458
321
557
273
312
263
516
370
307
0
419
319
422
551
239
365
292
285
380
284
427
441
277
439
293
476
270
549
279
534
376
262
319
476
392
252
270
428
257
298
227
283
480
233
399
587
274
597
262
273
303
339
307
318
0
265
655
568
474
686
237
320
324
358
357
742
485
266
311
389
292
429
294
1460
418
273
300
894
253
415
269
463
394
318
390
510
342
612
281
428
0
654
246
286
243
329
287
348
310
272
289
513
426
375
324
1108
215
277
759
367
303
0
327
295
378
326
331
506
0
311
372
302
422
489
516
348
285
0
465
359
537
311
448
302
297
449
342
299
457
257
210
0
310
487
280
632
426
224
602
287
252
224
245
463
355
401
581
225
224
230
273
260
283
0
0
261
546
588
769
610
228
264
487
438
575
474
283
410
301
253
403
240
416
255
248
249
0
356
234
227
251
503
255
476
331
385
421
525
326
460
361
245
329
674
560
463
320
264
254
498
530
346
0
448
294
287
581
350
614
266
272
0
253
520
566
286
383
486
589
428
0
294
344
415
233
334
277
284
328
266
346
475
246
282
244
392
866
323
432
341
0
233
0
244
300
0
263
252
495
296
0
313
493
320
287
265
494
261
298
367
268
397
256
424
523
439
324
485
216
244
286
523
0
298
282
554
283
268
238
1068
348
231
284
249
385
319
467
372
575
335
375
248
477
216
421
436
296
801
337
381
0
264
425
387
300
286
253
