-64
484
398
-101
0
300
-110
-521
-49
172
-266
93
-76
290
262
174
-76
-122
267
28
-173
596
599
-168
318
-171
729
-138
202
515
230
270
-14
281
14
-92
-131
0
-42
-294
380
385
-77
73
-38
159
-56
-19
412
651
845
145
62
-299
44
-16
-192
133
182
-262
671
121
0
-169
101
-364
192
118
-300
194
222
433
-186
82
203
138
-43
64
107
167
352
-572
311
-80
-10
478
431
-350
471
-261
121
219
-127
286
380
479
137
149
-32
-276
144
402
704
186
91
-144
-25
93
139
103
511
208
-149
237
246
-118
199
55
155
349
290
-127
-96
-168
0
-133
202
503
930
43
23
-85
258
104
0
289
95
195
70
83
476
69
-412
0
22
358
-532
359
60
204
366
426
161
-181
136
-167
204
108
1113
480
183
235
-41
-288
355
-55
-662
84
274
0
252
279
0
-223
53
-98
-32
246
972
61
325
475
252
122
341
455
233
161
-1
142
-418
483
-57
-66
404
-12
-103
35
-23
791
393
79
47
326
140
-84
769
-320
263
0
166
0
-114
167
-52
80
-721
-84
48
441
15
-173
244
-165
-374
395
195
-235
0
-55
-102
-296
0
0
60
-112
685
313
323
391
416
-95
430
-204
8
104
-22
0
-91
-269
262
0
592
615
15
21
385
-715
88
245
330
206
678
-108
-328
13
18
-308
276
0
159
0
189
595
596
0
58
143
174
288
24
520
-207
364
0
369
-107
42
-194
206
0
37
248
-157
373
126
128
0
-17
0
147
-164
0
-78
516
327
50
-111
-86
88
457
-111
251
35
157
130
-133
203
644
-105
177
253
126
336
255
423
-364
57
0
291
278
-360
-277
-24
332
0
350
352
-246
53
488
46
-116
128
55
-138
-337
-91
153
158
511
97
168
302
-171
130
199
175
46
391
208
172
96
574
-501
-49
747
276
62
-82
0
218
212
413
162
16
457
-358
429
128
-86
243
644
374
-347
167
246
-411
269
1154
-36
0
84
-194
396
94
234
84
198
365
142
373
-343
7
349
44
370
-95
-287
-265
140
-82
-50
33
-11
371
420
466
-157
136
0
-319
241
45
-151
-86
139
294
248
156
189
347
-68
285
365
0
119
245
0
0
366
-112
27
19
61
123
-328
-63
79
264
31
37
60
449
-70
357
51
115
190
17
420
0
-74
143
9
15
111
-243
83
-65
175
399
707
314
-257
260
189
109
-107
168
-2
482
0
-148
128
221
72
-1
131
808
660
58
-189
40
-174
410
115
49
-172
205
-53
-183
659
-247
57
274
239
-105
-140
296
-160
-163
