401
1603
957
8975
1635
494
994
909
738
919
3924
370
5466
3530
9834
2893
932
847
1099
531
553
1909
1159
1297
934
1493
2338
2159
3885
1080
0
820
1955
2362
2856
1188
699
2796
3098
7569
751
7256
1853
2456
924
544
6178
1015
1059
1939
2504
1406
731
1165
3169
1206
864
1240
2595
4690
3642
630
0
2617
867
715
1075
5848
1251
1210
5000
1734
2802
2307
838
1510
0
2755
3488
1306
841
2343
2244
1879
10906
712
0
1837
1977
2364
773
1423
4497
767
745
632
746
1730
654
1415
1369
2400
1329
3190
1250
1382
2328
0
1422
873
1973
1127
835
1971
6326
463
0
2074
2300
2161
1033
3065
1256
2911
3392
7134
2745
1949
