-503
-675
35
246
-235
-106
325
175
590
642
-384
-203
452
308
-122
0
688
56
337
556
468
34
-1
438
159
-379
394
691
-732
-390
-513
470
14
397
-168
-262
-280
0
-849
513
-91
-364
0
-169
903
23
-243
445
0
0
737
710
212
120
-148
-303
167
401
550
-355
-67
0
325
-903
316
238
151
-678
97
509
355
0
392
-1037
423
459
351
-373
667
-95
-82
-175
-90
-127
-727
11
300
0
364
-36
70
249
-456
432
467
0
489
598
715
111
-936
-113
188
0
426
-325
30
93
134
636
-237
417
1441
-444
-305
402
-78
71
562
468
436
559
-409
573
80
411
354
-520
681
751
-102
-81
404
404
-218
23
-184
98
-204
418
-110
-316
0
-524
503
-197
-329
83
-101
-310
-389
-265
148
-134
-67
-564
-417
277
223
0
-264
140
-113
349
280
411
-631
519
792
0
481
-329
-231
129
-225
-83
-210
-152
-20
-330
-85
0
135
-581
0
85
388
154
-319
-105
-500
-184
358
442
197
148
0
-65
479
-403
186
403
340
-478
0
163
-89
109
203
-316
-465
396
-258
798
358
90
-1162
-332
643
-343
267
704
189
138
800
-370
-369
-448
858
-153
-561
57
-81
24
-125
-161
-81
0
-207
-186
238
145
791
-278
-238
23
381
448
68
0
-50
-203
569
147
15
-194
194
-13
-54
-360
143
-380
111
481
33
168
91
140
243
704
66
-93
499
-213
275
-686
-102
97
395
-14
160
605
-260
-211
1326
0
-411
315
437
199
457
-319
433
128
-388
1
-733
-481
420
546
235
-26
17
-75
400
10
0
271
247
117
656
830
566
0
302
-401
-442
206
309
86
611
-26
0
320
640
-667
709
-540
300
-67
-1039
-200
607
225
52
152
0
233
-421
32
-125
442
-91
760
-138
-501
-106
-441
283
-146
176
232
-496
200
-344
37
-325
834
0
0
461
-965
49
885
67
547
-32
-103
93
376
-92
630
367
190
279
223
-402
-620
-165
65
124
0
56
59
-171
211
461
697
-47
70
123
-493
293
290
-168
243
518
233
-45
65
429
-481
293
144
-209
155
-273
0
8
-281
-63
-292
-618
629
-222
-178
0
-478
480
1356
-494
-108
-311
705
218
0
-237
-392
-473
-391
486
-620
169
270
-498
436
-105
-563
710
-42
224
334
-275
79
403
0
194
0
33
495
0
-523
-107
-130
-80
0
96
247
326
87
257
158
-278
61
60
-114
-161
153
-151
140
355
626
525
-585
-463
-158
47
0
260
-88
-94
-514
-77
-286
395
-295
265
431
393
210
1048
103
-343
-246
469
347
-93
231
-224
665
272
-503
995
393
-183
0
-63
-367
-143
-83
497
65
