-720
-761
4599
7
357
-195
524
526
148
-753
-162
0
1465
1326
-241
336
-114
667
-778
3275
408
15
1074
-470
-329
-764
1404
0
-562
496
1255
605
0
1784
1095
-44
4140
0
-548
2572
-145
869
14
-386
626
1254
-342
92
426
0
-406
923
2503
-487
280
-105
4495
0
2912
0
-1381
0
262
1496
-259
2167
-244
-476
1275
84
61
0
-453
-678
689
1299
-548
55
-649
393
0
240
343
3940
0
-714
-94
-500
314
-164
2426
-188
2611
3344
-496
1355
1561
-1414
3494
1942
-1401
-493
610
-451
-455
115
-522
-787
516
-633
764
0
342
173
1115
-4
194
567
932
1327
-85
-363
-517
-697
-1571
145
0
-521
-378
3797
546
2351
260
-804
877
-264
204
-543
-673
720
-325
1178
0
194
229
3162
842
-561
542
-513
1563
442
-576
-989
2075
2477
355
-595
3303
-974
-250
656
34
-253
238
1941
1313
4092
0
135
2897
-330
-909
2012
-563
76
84
1028
-1341
0
0
-1573
-923
-502
2583
3079
874
617
622
0
-423
-276
504
-7
300
-1082
0
201
258
-14
2564
1660
-206
-749
-194
-717
-198
-317
243
561
226
1050
48
-82
-23
410
872
2460
945
-52
-792
9
-318
-871
2720
913
-643
136
240
202
-530
117
-522
-1453
858
2386
1377
5001
32
883
1709
608
0
2918
-323
-338
1709
647
-329
2391
-271
122
341
477
2951
-277
