18462
13524
19507
12556
0
8651
11242
14776
20757
16789
22665
10848
19619
13382
15918
14866
12990
10792
16216
14274
11148
10564
7123
26561
14742
17986
13361
9517
11172
17519
11925
12019
19765
12494
14197
44755
13491
3
33323
15583
16926
9718
20193
12703
14665
20486
15929
17458
8971
14342
16051
16624
12425
12536
17033
12083
20625
9318
15432
15841
10208
17325
5
15434
9136
11861
11663
16368
11769
17097
19883
8190
15843
15247
17243
15505
17592
11963
30187
10549
16845
16792
11022
10065
12327
9087
23908
19963
8160
23813
18891
10634
13931
12115
9384
9796
17838
10006
20439
14021
11901
20895
15055
12419
17421
14114
18048
21668
12025
12589
17688
10816
17148
12409
21046
14665
69587
16912
19009
11295
12764
18527
13978
11481
1
24906
10494
22655
16252
17912
28231
11924
14072
11651
4
10300
11675
16158
9769
14376
8878
20506
18988
1
10284
11134
20302
15347
11918
9067
10687
10161
17029
11754
9663
9251
15128
12028
10732
8233
11896
23185
11915
28574
11101
14198
17011
10343
11002
3
9488
12209
3
10240
11525
15520
14350
9903
16001
19064
10366
10677
11040
40829
9576
9567
19884
7286
1370
13321
15394
9795
14204
16145
14847
13286
12068
14825
15021
12662
8430
19137
13698
8257
9845
27468
9274
12724
15651
0
11843
5
14955
21340
16395
16956
8984
17435
13585
21596
12500
26875
18015
17281
14358
17284
20156
20658
10
21939
13647
13897
24280
7
11779
16035
14135
68636
13182
8803
9906
18009
13688
10381
19233
18053
110247
4
10498
16127
20846
25
16304
21519
19838
15492
15304
23886
18081
15205
18054
15488
24277
15038
15037
17070
25971
13117
21858
2
13943
3
13157
16376
15437
4
21519
11224
9668
19613
11571
17180
14989
10578
445
9460
20927
8809
34480
16804
2
13027
17144
11711
17352
10697
11414
5
8685
5
14243
11306
345
25745
8112
23836
7919
23507
15314
11482
16321
19461
10101
12754
10321
17978
23818
10939
12911
15517
16931
16497
19853
12675
23811
11092
15827
11677
3
10335
14278
13775
18248
17027
12231
6
8813
13572
11207
19843
9820
14089
10455
19606
15913
24473
21113
16113
15874
23568
10009
15060
14441
10404
18881
14482
9446
18310
11126
10132
9099
12970
15550
17207
17793
8133
7751
11135
8264
16191
0
15640
13713
10415
13224
11708
12021
13086
18063
22283
12644
12668
10579
11480
17274
31348
16616
17918
11675
13249
12887
2
32166
10475
13315
8898
30372
11180
17251
11533
12509
12860
17602
15291
24459
11621
15013
12892
18079
16615
11281
15809
12813
15989
10868
12720
23473
11711
10068
10340
0
16616
12624
15107
11519
21551
10069
11992
14266
18329
7900
10125
28958
11124
15734
0
13063
25201
1
2
9185
25484
7367
14648
14183
19775
24891
27344
19372
11919
10615
9284
14182
11780
15808
9730
13245
10696
17622
12574
17958
4
12074
17500
12427
19357
16408
23799
9982
10620
11903
12976
15719
8479
11889
19187
14627
14536
14155
15087
1155
17785
0
13973
9552
19618
12828
1410
20884
12054
11930
24837
11779
14706
13467
9870
13584
11431
30619
16487
20910
12558
9483
17196
9655
14822
20421
17611
24443
23301
17134
12416
