-3872
-175
5752
70
-1154
-3921
281
2856
625
196
-2447
2988
4180
806
3425
146
-1504
-2893
-425
-5
-85
652
302
1039
-691
-228
2895
579
3478
-1192
0
279
-891
-2624
-218
-692
-1774
1493
-1227
1662
5309
-1002
-1739
-950
-567
203
1656
-3034
-754
504
-1343
-1534
734
-42
1188
-1638
-5221
3071
596
-2666
-562
-1797
0
-1352
1329
-1483
1987
-2787
-2372
485
-1503
1977
4037
1316
14
-527
0
3027
2953
3154
-6457
225
772
4491
1975
338
0
-208
-2143
-4276
-137
-3473
1553
560
1477
-832
-196
453
3560
91
3503
43
709
-1371
733
-34
-820
0
-3407
1182
-2542
2042
405
1195
-2288
-2725
0
-256
-2208
-3460
-91
2504
1937
-1732
1263
4021
-2855
-2236
