477
625
-346
-470
-43
295
166
-432
-774
-164
357
159
142
-440
377
0
-842
329
-537
-701
-460
-310
-1
-333
-397
456
216
-921
604
302
448
-358
-2
-462
332
-30
188
0
682
-573
-10
470
0
8
-733
-365
212
-624
0
0
-949
-641
-402
-350
-14
145
-302
-668
-638
496
-225
0
-93
711
244
254
-111
733
344
-385
-506
0
-609
904
-353
-436
-530
622
-644
-136
-71
-28
231
370
422
3
-613
0
-466
-166
-124
-422
195
194
-656
0
-676
-467
-829
229
511
187
250
0
-575
135
-256
-299
-13
-757
470
-543
-1259
502
225
-679
-114
-84
-644
119
171
-719
306
131
-159
-717
-547
465
-111
-770
-115
21
173
-404
172
-236
-22
-338
-3
-609
509
230
0
412
-754
-150
209
-273
211
531
480
209
-232
-37
-189
443
283
-447
-479
0
142
-372
-174
-650
-464
-552
722
-589
-900
0
175
443
132
-12
22
-144
-22
126
251
474
-12
0
-361
655
0
-131
-378
-354
472
-12
425
448
-603
132
-342
-201
-238
275
-634
315
-166
181
-459
204
0
-313
18
283
-356
224
663
-817
265
-1025
-502
-397
1067
318
-746
325
177
-823
269
-299
43
154
231
182
16
374
135
29
234
-266
-68
-9
-177
328
125
-89
309
-230
-827
344
271
63
-458
-44
-249
0
-228
43
-621
-77
-65
-3
-432
-139
-40
168
334
470
-146
-738
-291
-325
110
-318
-367
-952
-92
-155
-358
55
201
647
80
131
-657
-186
-396
-791
667
-65
-1344
0
241
-315
-637
-163
105
351
-410
-92
264
-258
741
538
152
-766
-319
-109
-193
357
-586
109
0
-490
-144
-209
-788
-890
-768
0
-466
381
157
285
-437
263
-796
-276
0
-511
-780
645
-821
527
-522
-122
771
106
-749
-436
-72
-178
0
-273
437
-196
454
-632
-68
-776
-128
483
-47
313
-547
50
-203
-220
237
-366
312
-278
197
-1092
0
0
-568
942
383
-922
-50
-657
-151
402
-312
223
15
-823
-576
-226
-417
-458
306
562
-38
70
-152
0
-286
-173
75
-94
183
-733
-163
200
-429
502
-528
-537
126
-399
-721
39
453
373
197
193
-358
-234
433
274
435
0
-211
389
-113
481
496
-954
87
226
0
352
-585
-1057
372
-218
287
-732
273
0
47
25
414
268
-683
385
-166
-393
542
-285
372
537
-966
-60
244
-442
-37
-317
-298
0
-305
0
-241
-724
0
503
37
389
-31
0
126
-441
-391
-244
-18
-264
209
-225
-295
-137
-8
-335
-12
335
-557
-892
173
321
298
-22
-128
0
-414
75
422
620
13
210
-363
380
-258
-615
-541
-337
-1137
322
182
442
-640
-454
-133
275
78
-920
103
539
-984
91
101
0
-40
111
378
51
-613
-172
