3854
-377
843
1812
-1641
-631
0
23
3306
1950
107
-290
371
550
1599
-285
0
2436
-139
1859
-11
294
1788
-477
1016
-965
4144
-2116
-701
-1003
353
1442
665
-925
-33
382
1474
-3739
-790
-1804
761
-1775
1802
-211
-135
-755
-2054
2732
-119
-1187
-1775
688
1522
50
1189
-1308
2057
1291
1508
-1046
-1321
-262
50
1532
1493
650
252
254
4
-443
67
1188
1007
-2978
-238
2492
-755
864
-21
573
2306
-1492
688
2167
-585
318
733
-155
-374
2689
885
3448
923
656
2378
1112
-288
0
0
240
-335
2209
-94
-162
-492
1738
1717
-3194
394
2191
-988
1371
-1857
1677
541
-1918
1236
890
-830
2011
2127
1926
-21
2188
-69
-978
-358
-2151
-1494
-87
-697
1892
-225
1366
-1880
1978
823
-173
968
1355
1714
2474
1566
426
4883
1665
2483
-1805
-1460
627
311
-403
721
1546
-701
-920
1902
1112
56
1146
1588
-906
-1237
745
-2283
-59
1377
7
-434
1309
-1045
0
65
5190
-560
1257
1902
1028
1352
-167
3505
535
710
188
684
2584
-1355
1703
-156
-1203
-21
-500
-283
296
3158
1398
2021
3275
-559
-45
2941
153
768
917
2318
297
1963
-4427
-1060
1384
1268
1755
-319
-2528
929
-1970
-265
-429
1588
-1594
2046
-1080
3265
344
-2097
71
-184
1194
972
-300
-321
604
4218
435
1674
1516
1926
-741
129
-1071
-1286
-1599
3295
468
-26
-454
-2224
71
-1581
2989
1592
3322
-45
-1460
1222
424
2633
-595
3963
243
57
2251
-2297
1123
-632
2575
708
-620
818
2718
1428
-552
-2121
1515
-293
690
997
568
-917
-664
574
2128
3747
110
1212
-390
281
-1039
-402
-135
-842
1683
-1091
883
1050
-839
459
-304
-350
-792
1427
449
985
78
-2342
-118
-1498
-1504
-1343
-2970
1941
617
1220
246
229
3997
-2361
-2554
708
-891
1098
3159
1013
-961
-822
-165
421
-358
-632
67
1327
786
585
3120
-400
4564
-105
65
287
-2870
-1963
796
-356
-1185
2662
1497
-1136
-160
0
-1167
-1056
-1505
803
-1715
1527
1647
257
459
90
-415
787
890
-709
652
2028
1034
-589
-393
2460
467
1988
-573
2549
-1962
2888
1797
1538
2203
11
2787
1395
495
1377
-531
3125
-710
-1793
2063
757
-877
1938
1722
2726
1854
-3062
-456
-229
1098
355
560
446
1683
1142
-934
-2191
2235
1247
1131
-2895
-1517
194
962
1607
-696
-1334
1128
-484
-1770
1142
4190
-8
-978
2160
0
403
-304
-330
1634
1765
3281
1358
-1031
-383
461
1257
2216
2458
-1011
2278
2447
334
-174
4418
986
831
-1482
310
592
1837
2203
-572
-51
-2623
68
0
151
2606
-1320
2069
1561
479
-2167
2353
2542
296
-1496
962
896
-51
-1735
-1060
-1042
1489
-719
99
305
-1524
1523
-707
-443
-277
-7
264
3037
-1766
1394
-1741
588
-90
661
3089
-631
-1499
837
292
-70
-925
-669
1559
18
-1207
-170
1188
-166
6
-641
-607
2846
449
-365
1710
-1074
2939
750
544
659
763
-55
-248
452
181
1263
845
-1032
-1530
-1667
1231
375
466
-1180
1947
1343
-233
1836
376
2261
3133
1547
141
-133
-1318
1637
-2114
2034
1648
653
1726
-1960
-1143
1392
-453
-634
-457
1971
2256
236
4442
2750
-1604
1453
210
73
739
618
1596
1610
3583
-200
1268
948
1142
-887
-85
0
2621
-1118
-2692
2624
-1583
1542
1414
649
1477
-1710
-610
448
293
1799
-827
1823
1601
-702
646
563
332
6258
1151
-126
419
2254
565
-649
1936
2211
92
3566
341
-333
1126
-90
-1609
-811
-537
628
-859
1215
942
761
300
-86
-1506
-510
3167
-1761
1386
1463
1392
-934
2496
387
-2845
-359
3825
-68
1552
1030
-696
62
-700
439
47
3376
3683
-2729
2074
-1242
4205
-245
-417
617
984
233
1754
1414
483
1782
125
-1169
86
2028
-495
1488
1108
-1917
1878
-3279
2348
286
1238
-706
130
-496
1911
-2378
-537
1814
3404
3344
619
-957
3068
-513
0
1042
857
-862
2932
-280
-1978
200
-1645
1245
-246
125
-1374
-1134
895
1006
2194
1010
-967
-486
1577
570
-684
-1110
-836
-349
-526
-445
245
2389
712
363
882
-535
-1335
549
-1757
-1238
636
1421
-92
410
439
848
1001
-164
-543
1093
1893
-243
1841
2144
459
932
528
406
-1517
69
-266
1222
1593
1233
2633
450
-159
1696
-1970
1829
615
246
645
-171
30
32
-583
627
2102
1565
228
4116
-452
675
980
4625
3156
-1630
666
196
564
462
-2876
330
1306
-777
654
4231
2264
2636
349
1893
4405
-176
-140
-98
-1039
-393
919
1296
-603
-1163
1076
-2265
733
771
28
1562
-2796
-1033
-1481
1639
283
274
1893
2416
500
-588
-966
1780
-1064
125
151
-2152
1276
279
499
1147
533
867
841
2334
295
-874
1759
-1966
447
-1350
3340
1199
1567
147
387
-2885
604
445
5378
-841
1644
1923
1264
-1498
-1709
-526
2317
-774
5026
1408
-99
1371
2308
-993
-168
1344
-439
2028
-2492
-1788
-117
109
3044
2340
1091
-638
-2511
926
347
-1188
1176
693
-2761
1149
1730
2360
4385
1723
952
117
1653
-2003
2517
-600
2473
-1221
1093
-488
1761
-215
-677
2100
2281
-400
-679
141
-529
-298
-1301
2142
-967
465
2674
-702
-718
-2287
546
78
623
1258
2839
2152
100
-214
555
61
2703
265
-1828
662
-709
88
854
-1345
3805
-169
3917
867
-1526
1750
1399
730
1037
395
38
-1407
836
1369
-904
-2006
1045
1536
1299
-1259
3284
2312
2094
-295
-1144
-1000
-295
-1183
2675
294
-155
-1324
0
1553
2771
879
-2335
-1327
641
-341
-439
-83
382
-599
328
744
1161
2547
2036
3778
2404
1972
42
52
101
1257
3055
-21
2558
2100
919
-1055
-102
211
-620
2337
1380
1735
-372
-87
1215
-634
842
1830
-748
-899
-887
2321
-265
-441
1544
1341
2790
-1535
986
2097
2216
1578
-143
1090
-1391
630
-1023
-113
-1642
596
-1976
-663
211
2208
1230
1163
