691
1565
31
10
-52
677
1313
-69
3
889
1128
794
1631
-13
1925
0
-12
1758
-4
-14
-262
3
0
-295
671
434
1789
1016
613
816
748
867
802
-8
1445
-6
701
0
1877
-49
1054
-429
0
1184
-30
24
1077
-6
0
0
17
-71
-8
2
596
1051
1131
-7
777
2016
-3
0
1095
2119
1839
1793
921
989
1859
-376
-6
0
10
1138
-191
-48
32
751
-168
16
894
-37
193
360
1164
640
-9
0
7
-6
697
-4
-56
1698
2
0
-1
-203
-12
946
763
850
1589
0
-18
1202
23
7
924
-8
1866
-8
-112
669
816
-23
-8
683
-45
1375
1654
13
982
1723
1013
7
-24
1098
1116
-127
-16
756
1701
-33
1121
10
-3
-7
-59
-10
2249
1034
0
694
13
12
1117
-10
910
1991
1253
583
1059
1160
11
1120
919
2
-12
0
644
-6
-6
-3
-9
-81
1329
27
4
0
1876
1471
762
694
-13
-6
-4
-504
492
1096
1185
0
-3
646
0
1156
-199
-3
1820
-155
649
1878
-16
1515
-33
554
2
1084
945
1077
1060
1875
-55
-3
0
18
1176
1567
-72
1105
1696
-8
498
13
-6
-12
1352
734
20
1120
1139
-12
1869
-11
1779
8
743
4
1653
1496
-8
1044
12
-3
-19
1132
-3
1754
1007
-12
1972
1159
-196
1025
1135
1060
-29
995
-72
0
-8
756
-91
603
868
1144
-13
-95
-146
581
2491
1424
1078
-11
-67
0
719
-7
-340
-3
1115
-8
-409
1033
978
1203
591
-574
0
-73
15
6
129
-10
5
0
-363
1006
-11
1033
1400
1039
998
678
1149
-9
587
1465
1480
8
-361
1160
-10
1597
-74
537
0
8
774
-75
-5
5
-70
0
-4
616
-3
1862
-36
1366
26
-6
0
12
-55
1945
-15
1957
-7
803
1411
723
-3
-72
1117
1034
0
690
571
-10
2677
-31
1218
-30
-3
915
1232
912
-315
-160
743
-211
1076
1093
1012
-3
1011
-8
0
0
1073
932
2111
-213
521
972
-18
1652
-11
1956
-366
-7
-5
1114
8
21
1003
2171
-11
805
963
0
-5
-11
1188
964
1764
-6
-37
1327
8
554
790
-6
561
-30
1087
606
2981
-390
1794
-4
1093
954
1377
1465
1459
0
29
402
-10
2107
1596
23
1030
825
0
902
-140
-1172
730
-2
602
-153
1761
0
6
-7
1176
965
4
-10
1043
4
1088
1103
1927
862
0
1053
1507
-79
3
-14
651
0
1123
0
-7
1
0
1059
1182
1628
45
0
633
-71
-46
718
1128
607
908
-18
-2
-4
-78
-8
-155
2005
-7
-6
1477
1111
1114
-11
-102
0
-11
840
2023
746
1029
871
-301
925
1122
-13
1136
12
-11
1894
577
1083
4
14
-14
1783
1075
-15
1108
244
-266
1290
718
0
1162
16
1461
693
-4
1154
