468
418
437
417
507
457
292
0
29
514
0
454
283
543
465
499
475
313
509
352
492
405
449
413
470
508
448
362
401
392
404
475
386
392
465
489
494
484
263
457
417
493
413
255
389
475
284
520
383
420
437
526
520
225
307
0
413
216
477
505
618
273
0
256
392
452
281
558
261
512
410
588
404
482
313
417
466
469
418
201
454
241
385
0
461
206
355
350
0
0
266
430
467
447
432
454
443
288
558
514
488
467
414
211
580
512
564
423
348
363
441
439
414
476
175
210
458
487
517
130
300
471
146
337
517
534
434
428
229
505
449
398
510
455
461
488
416
0
0
575
410
356
244
448
331
233
381
266
476
379
215
427
563
324
324
320
555
0
255
491
328
166
471
523
452
367
452
424
540
460
0
217
396
1
202
352
0
220
219
443
453
500
418
472
459
402
536
476
439
407
-45
474
480
401
432
0
391
226
377
372
398
420
474
444
293
-1
493
468
438
422
486
396
443
432
415
395
296
0
248
424
510
246
275
419
470
477
131
427
598
0
498
474
213
512
400
284
0
409
508
533
230
431
432
568
374
209
437
581
437
246
246
215
309
408
409
13
