94
101
107
100
102
82
0
92
108
104
103
102
96
86
69
72
0
94
86
105
104
83
32
103
93
87
82
87
28
82
91
46
72
49
126
108
97
98
107
82
93
33
97
98
6
85
58
90
57
89
87
74
106
89
97
89
127
112
106
109
90
95
79
106
88
116
84
110
82
91
75
49
76
89
112
103
111
81
79
98
100
85
97
87
28
115
87
20
105
70
35
81
78
92
97
93
118
0
0
85
97
132
95
114
91
66
98
99
91
75
114
74
65
106
107
64
101
100
103
94
88
102
94
90
100
87
83
68
99
96
85
87
114
92
98
126
97
90
89
89
139
70
89
73
80
94
82
103
85
114
92
80
92
88
80
72
96
92
84
113
100
78
93
73
86
62
100
88
106
134
95
0
82
114
85
108
105
102
99
102
96
6
96
90
24
93
68
100
94
81
96
75
117
32
119
65
72
106
63
58
105
90
127
86
99
88
122
86
55
110
95
93
94
75
90
86
82
67
24
72
102
111
109
90
63
89
115
104
72
85
82
87
75
103
120
75
84
81
94
98
112
88
109
99
74
95
101
109
99
79
110
130
61
105
105
92
100
116
106
107
82
113
103
7
111
81
107
56
100
88
94
99
103
93
77
112
97
98
96
75
77
78
116
113
84
112
80
46
118
84
80
105
37
101
106
101
106
98
99
88
110
100
73
85
79
56
92
31
74
91
92
92
113
92
60
106
84
58
128
105
114
67
95
90
63
108
108
75
101
4
103
110
100
110
13
92
20
98
98
90
96
93
104
72
101
107
84
86
0
81
56
111
89
74
98
56
101
103
90
95
92
64
101
99
70
58
108
50
87
105
105
87
104
134
105
114
102
118
102
88
100
84
103
94
108
110
57
102
105
108
112
107
117
113
112
82
107
92
95
86
99
82
101
104
86
95
98
111
110
59
77
112
102
88
56
92
104
101
89
122
89
124
102
0
124
79
79
39
102
94
98
53
93
94
109
95
93
79
112
104
5
91
105
66
94
109
99
105
96
102
95
98
50
2
0
19
103
72
96
27
104
110
101
86
103
90
71
74
102
105
62
138
78
105
13
86
114
110
101
78
94
134
73
112
93
93
90
94
69
78
113
105
91
94
109
39
90
102
98
99
109
110
95
91
114
114
93
96
84
100
83
107
125
45
107
97
74
78
40
87
75
92
14
83
111
115
107
102
62
128
93
120
107
71
85
87
96
99
92
48
104
114
88
105
86
66
94
90
98
117
49
83
55
89
111
91
103
121
117
88
120
112
116
13
103
46
76
104
136
84
96
92
82
0
102
112
79
106
101
83
90
101
104
93
106
23
65
109
82
106
102
73
95
128
85
112
74
94
53
103
101
87
95
71
83
117
83
105
132
73
86
64
79
89
111
91
62
119
11
77
94
113
116
96
125
111
99
85
102
77
108
94
91
109
51
107
64
78
109
85
58
117
115
116
105
64
143
78
112
106
122
106
85
79
55
78
89
88
45
121
88
20
109
119
83
98
92
84
97
89
104
80
107
84
94
81
124
103
104
97
117
96
0
83
89
108
104
99
66
71
107
105
37
91
93
93
120
97
102
90
80
65
94
65
115
80
74
95
84
56
118
89
76
102
41
99
67
75
94
69
102
96
67
22
110
112
85
103
53
77
128
72
96
69
100
99
78
88
41
103
121
118
87
72
103
79
83
105
127
61
88
91
68
91
111
66
105
90
84
93
92
109
76
54
107
114
106
110
92
56
108
85
90
73
89
72
112
103
97
87
64
89
90
115
94
77
95
119
75
95
94
86
96
112
102
75
94
70
102
91
105
89
87
80
81
107
89
75
103
133
20
101
99
101
81
62
44
88
109
90
85
119
122
112
62
116
35
111
104
96
87
100
109
69
94
104
116
48
99
115
61
75
98
89
100
31
119
89
71
103
98
96
106
118
80
92
92
96
89
91
114
94
114
99
107
91
113
110
91
106
93
105
94
97
106
95
130
80
106
114
96
125
100
84
40
109
47
4
117
87
109
75
45
113
37
119
107
73
94
78
100
41
100
82
105
75
96
113
48
127
82
105
110
114
96
91
90
86
95
94
101
103
86
84
102
52
90
107
84
36
90
100
99
74
84
48
103
112
112
134
107
79
133
84
69
95
111
124
77
87
85
102
3
85
0
99
123
70
68
93
101
111
94
103
69
96
38
116
83
134
98
101
102
53
71
93
16
107
135
111
79
110
105
46
130
66
74
65
66
90
18
96
133
82
94
105
118
98
73
82
104
110
38
85
74
88
96
105
121
82
98
97
56
6
86
137
89
105
99
119
14
90
76
106
