29089
10934
15464
8654
3
21406
16948
13070
14771
17174
10166
11086
6
21020
20420
21309
13500
11962
11299
17298
11377
26337
22009
9595
9412
17544
14881
13
16816
11177
14766
13575
17911
7755
6
21922
16754
18797
19362
6294
10946
0
11513
21237
19184
24022
25906
12408
21437
19799
9035
11604
11668
22246
13925
21930
12176
11061
10005
12088
19299
21918
19747
19811
3
8
9306
18656
9040
8112
0
17107
8190
22531
14252
14562
25306
20850
1
0
13904
31674
21741
16417
19706
27144
10626
9573
21673
17185
22226
8724
20688
19792
30289
15105
4
14126
10080
11012
21979
366
13890
12231
11701
23895
31729
17036
5
20405
28364
11052
9306
18438
11651
3
11189
13406
0
8773
30826
20017
25749
19206
39038
14164
18040
5388
13111
19439
20993
13545
3
25385
18721
21266
14496
28962
12783
13469
8184
10925
11707
28311
13080
10188
16851
21982
18318
24620
1877
14591
19509
12754
8586
13798
19960
14194
24284
14960
29398
25226
28656
13436
9072
19887
12004
17906
85
7865
12493
13285
26266
22528
12602
9192
9992
11222
17457
15286
18485
15527
12664
24130
7291
10130
10994
22958
8425
20542
11629
11304
19094
17960
13072
15635
99896
12072
14670
24174
21154
15341
5
13830
14370
8793
19760
9578
12611
9908
12789
27516
19062
12976
14744
14883
20863
11369
21456
18050
14039
21314
6800
13077
11085
18703
10833
11775
16760
13449
10736
18856
12753
0
21050
18690
19227
7894
8841
18854
30152
28966
17202
14052
9784
12856
10494
23099
14791
19887
13177
25583
10360
13358
12061
10151
13398
11894
14399
9995
52188
30139
8357
14253
13820
12563
11290
21531
23870
30125
18346
16627
16051
10517
18632
18845
12113
18675
12810
19459
18744
16485
16194
18859
19151
17117
15517
7
17422
4
13333
13246
12175
13088
11581
34144
16700
836
17145
18039
9619
13162
10625
11774
10565
22470
12385
15145
10432
24775
14712
15395
14771
20862
12104
8684
17674
23624
13259
11581
13969
13036
62742
22555
20357
9560
13528
9
16347
25209
17532
29526
19969
13191
14240
13756
10144
1
11926
27567
8976
15524
11710
48369
16026
12711
16289
10644
12683
9105
11592
12927
13225
29492
20269
708
17002
11809
14526
18356
9838
15032
17984
13368
21632
13971
12355
10439
10211
17943
12860
14131
19771
13053
25979
11836
8
31685
16524
9566
24270
22758
12579
14273
26717
14011
13877
22603
12487
24979
12170
18867
11688
13382
15949
18884
13250
12649
18500
0
19750
9929
16019
11711
8190
21039
15264
26387
15202
17322
11421
9
28615
44823
11955
7683
22840
18828
10125
15321
14492
11955
12865
22896
10738
3
9185
15506
13819
10336
18574
13650
27646
21266
22302
14519
14088
15946
36294
11235
15570
13911
12278
9846
14264
16612
14661
20994
15909
9414
16906
17212
14944
12762
15089
10400
20287
16257
8515
23532
25318
38302
17162
17045
14515
12028
17277
15675
20089
18963
10096
9183
15932
13990
16421
15565
18206
9338
10696
8303
15552
10736
16128
16039
16703
16118
7386
8385
22793
18578
9
13756
11611
15326
19310
13350
18129
-9813
13560
18026
9228
13738
19785
13017
14134
14374
20308
14980
9523
14994
10231
14984
