1797
1911
1722
1626
1601
1959
2048
1698
1425
0
1900
1967
0
680
1491
1715
1754
2198
1791
1578
1648
1583
1583
1708
1645
1660
1777
1576
1787
2004
1700
1414
1714
1607
1126
1632
1757
1893
1649
1913
1514
2009
1594
1747
1756
1805
1621
775
2035
1696
2185
1692
1686
1963
1761
1068
1653
1445
1642
-26
1517
1747
1711
1652
2025
2309
1605
910
1853
1746
1616
1796
1897
1739
1204
2138
1788
1860
1928
1824
1872
1984
1860
1857
989
1778
1710
1920
1999
1118
1714
2005
2137
2000
2342
1562
1705
1790
451
1587
2241
1524
1535
1795
1685
1969
1915
2097
2033
1639
1832
1807
801
1741
1545
1724
1918
1970
1601
1699
1859
0
1781
1534
1730
1646
1673
1734
1752
0
1350
1758
1077
1758
1762
1679
2136
1480
1162
1689
1943
1808
2187
2117
1744
1309
1483
1981
2030
1845
1901
1870
1697
1378
2128
1729
1891
1811
1722
1844
1919
2361
1717
1791
1752
1251
1641
1774
1912
1810
0
1803
1
1806
1727
1803
1600
1756
1813
2326
2039
1815
1865
1229
1631
1447
1143
1549
1819
1428
1580
1866
1552
1650
2032
1749
2141
1736
1530
1755
1503
1855
1768
1798
0
2293
2040
1678
2124
0
1716
1649
996
1793
961
1988
2006
1624
943
0
1722
1553
1901
2286
1822
2294
2320
1886
870
1958
1680
1909
2143
6
1992
1736
1986
2132
1640
2310
897
1686
2181
1967
1857
1137
1990
1736
1307
1672
1699
1654
1599
1806
1793
1924
1625
1779
1600
1626
1697
1999
1717
1187
1581
1850
1586
1735
1736
1470
1500
1740
1540
1687
1634
1829
1791
1660
1177
1644
1657
1947
1671
5
1792
1601
1617
1645
0
1929
1841
1781
1990
1775
2097
1720
1992
1959
1843
1647
1035
1579
1727
2106
463
2025
1839
1515
1894
1512
2217
1821
1744
0
1846
1771
1609
1709
1467
1740
1723
1505
1878
1770
1915
1612
2219
1991
1821
1671
1927
2241
1563
1638
1766
2
1634
1584
1751
1805
1400
1668
2134
1902
1612
1663
1579
1858
1737
1874
1831
1824
1366
2172
2284
5
2157
2021
1786
1735
0
1930
1871
1638
1643
1670
1649
1850
1734
1965
4
1855
2064
834
2253
4
1631
1582
2211
1638
1714
1866
1774
820
1695
1792
1921
2058
1860
1045
1180
867
1131
1833
2244
1607
1303
1616
0
1650
1
1954
1429
2064
1908
1938
1841
2254
2305
1844
1703
2117
1646
1343
1636
1733
1693
1842
2066
1910
1809
1906
2220
2111
1632
1897
1958
1997
1994
1776
815
2115
1595
528
1719
1700
528
2081
1160
2006
1845
1541
1619
2229
1111
1256
1778
1515
1895
1771
1783
1645
-3
1777
1725
1637
1901
1754
818
2123
1184
1651
1953
0
0
1996
1774
1056
1795
1848
1689
-1
1781
1656
1803
1788
1765
6
2130
1609
1696
2010
1494
2202
1881
1617
2161
1927
1872
1820
0
1760
1369
1616
1749
0
1949
1634
1701
1793
1812
1559
1847
1887
0
1943
1721
1157
1331
1897
1581
1228
