1711
4095
-2933
1819
-2886
-4918
6844
0
-180
-4692
0
-738
6420
382
-3360
-6391
-4325
6853
-5769
3237
-1810
2437
2776
137
-155
-5226
-2468
5828
2008
5065
1220
-679
4202
4405
-81
-4658
2625
-6209
6754
-1461
-2802
-7175
-1680
6171
1659
-3317
7278
-2162
2939
-2032
-300
-6543
-1401
7518
3939
0
-1122
6385
-3648
-1594
-8474
3987
0
6663
2227
737
5758
2863
7062
-4202
-2705
-4363
3456
-593
6815
-3907
-6790
-4596
363
5966
300
7841
-2579
0
-2583
5742
5417
4762
0
0
7406
2931
148
-2399
-2924
-5866
-414
7976
-5068
-3490
-778
-6145
5334
8272
-5723
-6890
-8587
-2045
6321
2673
-227
1592
2373
-2884
5905
5900
-3999
-1121
-7748
6676
6953
-4403
6124
4346
-2589
3290
-3466
-1001
5653
-2592
407
-3594
-3742
-2362
-2965
-3713
75
0
0
326
2033
4820
6188
-3590
4610
8173
7217
5918
-2458
-684
6559
-241
-10727
4240
5525
9009
-5873
0
4039
-453
3252
6377
-3590
-5503
-3025
7108
-3821
1463
-778
-3472
0
7154
-1198
0
6712
5796
0
8123
8017
-1565
-2205
-4505
3803
837
-3153
2849
-2886
418
-1943
-3096
-16
-6148
-2167
3806
425
0
-5372
6577
-920
2695
-1527
-253
-6747
-2213
7761
-1
-3879
320
-2936
5232
-3124
978
3035
1970
-2637
-1811
3840
0
5417
-3818
-2045
5970
7866
868
2336
-3400
4962
-579
3155
0
-4613
3554
6059
-3162
2561
8361
0
-1937
-4382
-2922
7532
-4853
-4242
-5145
3820
3981
-4710
1611
4388
6883
7057
5803
5932
962
1295
-31
