755
2556
-3384
-750
-1920
8646
144
-209
-287
-929
-714
-2198
2591
-70
4606
-305
-152
3410
-1775
749
-53
0
2119
-318
-723
-348
-164
-193
5005
-85
2043
55
-1149
-2471
-1431
-190
243
12937
672
-35
-2379
2349
-59
0
0
-805
2030
184
1235
5729
1747
-32
0
-1083
194
1747
-127
94
1912
-251
705
-1023
6289
1190
1821
36
843
-395
-569
440
-175
57
3414
4014
2036
503
2352
131
1158
2122
-58
-699
1106
6285
1863
-840
-1015
5152
0
-1805
-93
1308
-131
1443
-724
5891
-317
-197
-374
-635
-248
-2050
0
-266
-152
-2909
4069
4952
2323
682
186
0
-996
0
-947
-161
-862
0
-1803
-599
0
-956
-415
-91
-786
94
-422
-40
-3393
2818
2112
2629
-6
-52
-681
1828
-145
2519
-366
24
-1132
0
-331
266
2569
-23
41
0
-348
-1076
2257
4227
-3236
-1229
-198
-98
540
135
3949
-375
-2790
5209
-199
-376
-5
6583
-833
-532
-264
-278
3047
726
5148
287
829
-242
0
605
-44
-220
2971
2764
-294
4321
-167
-1264
-2018
0
-204
2583
2551
175
2465
84
2264
-133
-327
13
149
2856
119
-142
-2919
5074
3697
-1307
131
261
-1098
2701
615
166
-364
378
661
98
2290
311
-243
-1597
0
1515
0
-2812
1485
-5
1922
-273
6082
-547
-284
-2951
0
0
4234
-244
-229
-71
3876
-212
-202
855
3654
-1867
-40
2458
-558
-269
-353
1153
0
1381
2077
5978
104
0
0
1548
-736
3027
4180
-258
1077
-402
-821
1909
5193
770
734
25
3489
3010
24
-3158
0
-1505
6249
-2427
-70
-1080
1831
1431
-1132
-776
179
-350
-951
668
1499
-1630
-1010
-1834
4564
779
-768
162
-3203
3238
1043
3767
-457
-210
-994
3066
-393
735
-424
2036
-170
-244
113
-1749
46
-5
0
-202
-206
1336
5453
3008
-66
-184
0
-3263
-585
-837
426
2741
1207
-5
-1467
0
2548
-128
1404
-1196
946
1020
5912
0
-1336
-1956
-1182
-1361
2728
259
0
3562
339
1284
5714
1483
91
112
-1176
-211
-569
-280
-297
147
0
-1660
-311
-323
-451
3129
34
92
-200
2259
-1416
-2593
2430
1007
0
2163
2874
3096
-418
495
-160
2083
2994
-2633
-3592
-42
-11
-526
-304
367
1418
0
2669
-188
4818
4979
-321
413
-76
-317
734
2524
-62
1186
0
320
1220
3144
1160
-3365
-245
385
0
-2423
734
-964
293
-1441
4021
-149
-4
0
754
-38
108
87
-381
-1776
740
-3048
2601
-238
-268
-122
2778
695
-231
-1315
879
189
0
6779
-335
5260
-960
-262
-51
222
585
1892
-635
3647
2033
-187
-1320
-1804
2494
-2207
-180
-329
190
782
-627
2912
653
-716
356
0
-1200
-1030
-356
6537
0
-191
121
2716
-2714
167
258
2442
0
-634
-315
-82
-27
2257
339
135
-58
-80
-746
532
-55
-417
170
1127
-1947
2398
523
124
-345
5178
364
-1133
98
6423
3038
-62
3760
-1302
-47
242
