4
6
6
7
5
6
12
15
6
7
8
5
10
11
8
10
23
5
4
31
11
0
2
17
7
12
16
19
3
11
14
31
6
6
6
12
15
72
14
23
10
7
9
0
0
11
9
12
37
7
8
7
0
7
10
7
24
13
26
25
9
5
4
9
17
13
18
17
2
23
7
17
12
4
10
13
23
6
9
18
22
2
9
7
18
6
6
3
0
5
25
18
25
13
9
5
5
9
18
4
13
6
0
12
2
6
9
5
10
55
10
0
4
0
6
18
4
0
4
9
0
6
6
19
10
26
19
13
8
9
8
11
9
19
3
7
12
10
5
8
4
0
15
16
6
7
24
0
19
6
20
15
6
5
6
17
14
9
14
7
6
15
11
20
8
73
5
4
13
8
8
13
7
12
16
11
0
41
9
10
2
6
16
7
34
7
6
0
4
8
9
22
15
6
14
5
13
26
12
7
19
17
7
5
5
6
14
10
5
6
2
11
20
9
19
8
10
6
4
4
0
9
0
5
6
13
5
5
12
10
14
6
0
0
14
12
23
11
5
10
15
18
9
3
30
26
4
25
12
4
0
23
17
2
19
0
0
11
5
11
7
11
16
10
2
10
6
36
45
15
10
5
31
4
0
6
4
4
13
5
3
10
3
2
10
8
6
7
16
7
11
3
9
20
4
9
8
10
13
36
8
12
12
8
5
37
2
7
13
19
7
8
10
24
0
10
16
17
4
9
27
19
0
14
2
5
9
7
42
0
9
0
9
12
8
5
25
8
5
0
1
6
4
4
7
27
0
13
17
6
5
8
26
14
7
7
8
4
5
13
0
5
10
12
25
12
10
14
29
17
5
8
13
12
0
13
7
5
15
14
9
11
7
14
11
8
19
30
20
26
28
0
12
10
5
23
5
21
9
13
8
6
16
48
0
11
7
11
29
6
3
16
0
4
16
14
13
6
6
11
5
0
12
29
19
8
5
5
34
8
3
21
22
27
15
18
9
10
8
10
0
6
3
3
11
21
11
9
4
77
11
9
10
4
6
8
15
7
12
13
8
20
4
9
10
3
13
0
5
7
14
10
0
11
21
15
4
28
17
6
0
6
16
18
11
15
24
29
22
32
5
37
22
6
16
8
5
11
5
42
13
3
29
7
15
14
75
11
9
7
24
36
