1471
2840
2209
1745
2524
2218
1859
2634
1077
2110
1895
3363
3022
2599
1056
1270
2122
2017
1447
1635
1501
1880
1487
2664
2837
0
1643
1549
2305
2102
1681
1487
1659
2271
2181
997
1526
2734
0
2132
781
2309
5058
1791
2027
0
2058
3352
2044
2328
2438
0
1785
2777
339
0
2470
1298
1265
2832
2334
2379
1281
3577
1241
2354
2531
0
3122
3229
1677
3146
2572
1981
2970
2551
2616
1232
2867
4063
2231
1699
2278
866
1181
2918
0
3130
1382
2576
1746
2169
1430
3507
1609
0
5803
0
2377
1313
1536
2397
2756
2410
2711
3249
1755
1824
2512
2454
1534
1032
0
1548
1613
3019
1717
2248
0
3140
2230
2889
1373
2966
2731
1032
1721
2347
