65
176
-100
3
-31
-49
-4
-22
-17
-1
19
-16
46
-30
-22
-29
-31
156
-25
21
0
0
135
-14
81
-20
0
-10
94
-10
163
12
-6
-37
-1
-54
-5
-205
24
-10
-41
39
-14
0
0
-17
53
16
67
-3
13
-8
0
7
19
25
-4
40
82
-15
-14
-2
79
57
150
-13
109
-29
6
36
76
-4
143
207
39
81
181
-5
132
164
-15
5
54
61
46
-14
-7
40
0
-46
-33
73
-28
103
-51
163
30
-5
-67
11
-33
-9
0
-14
17
-45
-23
114
-33
21
131
0
4
0
6
14
-5
0
-31
43
0
11
46
-11
-34
-3
-6
55
-59
136
119
23
76
-12
13
69
-15
74
31
-21
2
0
-7
76
144
-41
-2
0
96
9
161
-81
-86
-64
95
1
20
-12
198
16
-74
-3
87
-13
45
-251
9
7
-6
-38
180
1
-24
-47
21
-32
0
47
55
-22
148
21
-25
220
-10
-31
-22
0
0
178
85
3
186
-62
-37
38
-19
1
15
129
-12
-22
-87
3
181
20
-38
-61
3
42
70
10
-39
3
41
6
131
-16
49
-14
0
114
0
-42
127
-55
138
20
-61
33
-36
-76
0
0
55
-31
-12
15
68
-16
-20
-2
178
-73
-9
195
21
-39
-11
74
0
59
162
-12
-19
0
0
126
17
159
2
55
53
19
-41
-28
76
2
47
-7
14
146
-10
-23
0
-15
24
-62
-37
14
60
120
-5
-13
15
-25
-26
77
124
-35
-72
-79
26
53
17
-19
-96
146
66
-51
-23
-27
-56
146
-66
23
16
154
-54
-16
8
12
-13
9
0
-24
-18
27
-12
106
-6
-7
0
-40
-3
24
58
120
93
0
-10
0
93
-20
139
27
10
52
5
0
-35
-62
-18
-9
129
9
0
146
2
72
-41
91
-1
29
-25
-8
-44
39
-24
-40
0
6
-3
-28
-12
68
-36
-15
-19
155
5
-68
36
59
0
54
189
136
-30
33
-53
39
133
-29
-69
53
9
16
-37
9
60
0
171
-34
21
170
38
33
15
-50
40
95
1
86
0
-74
75
134
91
-66
34
31
0
-37
27
-67
-23
-13
18
22
-23
0
81
-14
-15
-83
27
-14
51
-74
113
-9
-20
-21
184
38
-13
-28
86
-4
0
-48
26
33
2
-37
-11
-15
58
104
-9
183
46
-29
4
-7
22
-69
-30
-14
13
-6
17
147
-37
27
-8
0
-16
10
-72
10
0
-12
-4
103
-70
-8
25
89
0
42
-33
-7
-25
133
9
-8
-14
-13
14
38
-29
-21
-19
79
-29
66
37
-2
74
9
-5
11
-6
-38
49
9
188
-44
-3
-5
