281
-741
169
-567
-24
-186
-715
715
425
146
-86
0
690
-276
-370
-93
-137
-96
279
721
-49
760
-187
-185
285
-733
754
0
133
433
649
-383
0
-337
0
-441
348
0
428
-1031
-339
-523
-168
-36
-275
-143
-159
509
9
0
-240
503
479
-592
658
517
325
0
-282
0
919
0
627
71
128
504
14
488
-410
99
-414
0
-71
-342
231
-46
359
311
184
457
0
462
768
-329
0
285
415
-319
-347
218
1170
101
-513
-605
-760
-783
337
-801
-454
955
-609
-181
-866
326
-632
74
465
-436
495
261
381
0
136
-301
222
290
-265
437
432
-601
589
58
418
126
-1149
-222
0
-111
104
-209
363
-957
445
330
-1195
-351
-118
-461
-90
271
222
612
0
355
131
-355
-547
-179
515
-314
-1439
-33
-383
-671
-622
-845
-532
151
-318
130
377
-1347
-1167
243
94
-891
-1048
525
0
-419
205
190
93
-144
310
-77
556
351
173
0
0
-264
444
99
1224
-1033
-500
-349
391
0
212
100
175
12
-42
-261
0
-225
-1006
-176
224
1330
-174
644
-111
-49
9
341
301
-1137
759
708
423
-362
232
197
836
-2037
763
68
-157
-269
-248
698
-258
491
-196
-426
69
56
-1112
157
-62
-102
4
610
-244
1033
311
779
-495
13
0
287
116
-97
-669
-711
127
-78
-656
144
-144
437
685
-33
