7668
8509
6856
6584
1
8727
8763
7639
6492
6722
7419
9179
-1
7169
7147
6406
6702
5880
8787
6474
6731
6128
5744
5431
7768
5651
6358
4
4251
7495
5588
5597
5857
5009
0
7722
6891
7244
7031
7127
8165
12
6098
6445
5082
5721
7603
8843
6420
7383
7834
5281
7142
6864
6873
6778
6792
4717
6629
7363
6018
2893
6056
7848
2
4
6645
5285
7583
5252
25
3965
9582
6636
7528
7551
7109
5412
0
12
7209
7047
6914
7619
7456
7061
6649
7586
6110
6538
7260
7506
8927
5117
7757
7534
0
7310
6413
6703
6344
206
9172
7067
6915
7726
5901
6573
1
3346
6588
5088
6362
8235
7320
1
7087
6283
1
6734
6435
7317
5562
5921
9596
5779
6118
996
8522
7009
7812
6929
1
7134
5625
6854
5236
8261
7237
8375
6022
6509
7245
2797
6305
5996
8319
5226
8014
7662
255
7695
5777
6503
6310
8078
6127
7846
7204
7606
6214
7458
6395
7468
4463
6530
8313
5832
-2
6664
6996
8179
2463
8831
5477
7662
5591
6122
6474
5731
8571
9089
6104
6770
6133
7463
5593
6391
5918
7676
7346
7692
6406
6157
8233
5887
6762
7753
6703
8327
7179
6875
0
7017
5799
5715
7884
6490
4363
6899
7651
7953
6998
7097
6423
6076
6782
5826
6238
8782
5934
6857
8330
7656
6065
6166
8656
7875
5218
8414
7546
6492
6544
17
6479
7297
5742
9193
6684
4844
8010
5698
6437
5326
7122
7660
8756
6423
6357
6867
7524
6965
7700
6182
8134
4830
7746
7058
7909
5531
6644
2513
7764
6694
6173
6586
6568
6957
7539
7645
7298
7912
6025
7116
6177
7399
7218
7915
8113
6569
6492
6862
8020
6348
6109
8165
6221
3
7419
0
5687
6991
7118
4954
5593
6461
6491
408
7067
3717
6298
7863
9219
5620
6797
1197
7843
5583
4523
6934
6740
7412
8072
5995
7924
8001
3403
7009
7600
7743
7561
7092
6966
6489
1707
5443
7852
-3
6215
6644
4388
8032
6872
7881
4714
5673
5148
0
7060
7364
5009
6092
7332
598
4044
6479
6466
8090
5405
6831
7649
7693
7308
6815
5620
311
5753
7760
7008
6163
6674
5672
6255
4895
7734
8248
7469
5408
6601
6905
6973
6205
5830
6582
6759
6678
3
7272
7761
4084
6746
2940
6305
8141
7491
7601
7991
6523
7149
2518
5404
7090
7788
5686
6523
6031
8015
8023
6432
17
7304
6703
9191
7665
8055
8804
6259
7129
6222
7741
7529
4
7150
6032
8386
7391
7168
5457
5849
5888
7857
6679
6938
6475
5787
0
4032
8302
5797
5872
8388
7375
7028
3221
6931
7510
7160
4781
8040
8633
7432
8362
5418
5964
7021
6263
8172
6138
5556
5017
6340
5931
7958
7107
7112
6958
5916
3085
6041
7211
8201
7048
6521
6433
7983
7893
6767
5941
7696
6714
6878
8928
7940
6060
6580
7976
6774
6497
4531
6395
6237
7043
5509
8472
7303
8408
5544
7293
9999
6611
-1
5815
7005
7169
6534
7251
6417
6060
7062
5688
7105
7042
6017
8695
6338
7031
6984
6372
7202
7867
7580
6464
