-53
18
0
57
0
-27
-73
28
-5
-11
43
64
0
-21
-33
-24
41
8
-16
-17
27
7
12
48
43
1
28
0
58
71
5
17
51
40
0
4
-20
22
-24
42
2
0
13
-7
92
-20
-46
-34
11
-26
10
30
9
-31
-2
-1
-12
85
34
-11
-28
106
-12
-58
0
0
60
130
48
66
0
93
69
-40
1
-36
-42
46
0
0
45
-85
-58
-23
-26
-72
15
11
-6
-5
-34
35
-44
13
-40
-35
0
-19
53
45
-34
0
31
36
45
-60
-92
2
0
66
-31
69
116
-19
-4
0
8
4
0
27
-36
-17
-7
8
-43
19
-12
-1
-22
5
-54
-17
0
-21
18
-17
11
-52
-14
-30
70
56
35
95
115
63
18
49
-1
-18
-1
-22
18
9
27
-25
2
40
-70
-32
-21
-27
-44
12
108
-30
26
-5
0
30
20
-37
80
-65
11
73
107
68
-36
3
-85
-52
48
-29
85
9
92
-18
19
-15
27
-23
22
9
-33
6
-101
-10
101
-44
-23
-1
0
-26
2
57
-4
45
52
9
105
-55
-47
-1
45
8
-32
95
-16
-56
120
-27
25
-21
73
9
53
-37
97
0
-6
-41
54
0
-35
-28
20
48
41
24
-116
-76
-34
-10
39
-9
-19
-14
46
-23
-23
-64
20
13
-27
81
-40
15
-26
93
-67
79
17
-9
23
7
21
-29
-14
-60
-32
42
14
35
18
-36
-1
-48
-24
-14
-15
-14
-54
-16
17
-39
21
0
-4
0
7
-23
14
5
31
-27
-17
0
-4
103
76
3
-18
11
46
-6
-3
-16
76
-31
-23
-7
55
4
22
33
123
-22
-23
1
-41
75
-133
-14
81
82
-16
0
15
-29
59
-53
-24
-29
58
5
91
0
11
-38
97
18
14
-15
54
11
0
65
14
2
-19
-20
-3
-30
-7
0
0
-13
-31
-38
72
6
3
69
-29
-56
-13
99
52
-40
-10
44
14
13
-24
-7
0
-49
12
45
-28
85
-4
-16
-102
-29
-14
-21
32
83
22
-24
-9
103
20
8
-8
-31
-27
0
-22
27
-59
-14
92
-51
64
-31
40
-44
86
0
-29
-71
-25
45
-39
-12
65
-7
-30
38
14
-27
46
0
60
1
74
55
-44
-32
-33
85
9
-28
-21
38
-144
-19
1
-33
21
78
50
0
-39
3
11
78
-16
-3
-5
18
-21
24
-9
108
81
-81
-38
-66
0
-4
36
-33
7
7
-33
-8
6
-26
-29
6
64
-36
-8
61
32
34
-11
5
14
-52
16
-30
50
15
-111
-1
0
63
10
-4
-30
10
-22
79
-2
4
41
19
27
-28
13
2
-35
2
39
114
-19
14
