-415
3741
-189
-1103
-620
92
-440
-1785
2470
120
-367
-840
-458
-1205
140
2094
-1691
330
-451
-1394
89
-975
-796
-780
-394
0
880
1289
851
-130
-250
1584
2495
500
-415
1962
-1506
1228
0
-254
488
1764
-166
2085
-758
0
654
882
-541
-900
-48
0
-850
-415
399
0
-959
2642
1762
1454
-855
566
-1851
-634
1274
-468
-403
0
-1333
312
-298
-568
19
-504
-864
464
-187
1957
231
582
-294
-598
-358
1129
1796
-320
0
-656
-1457
-973
-421
-1079
-1491
-392
-523
0
-355
0
-368
-256
-338
-1069
-506
88
-526
-597
-1115
-418
-687
-371
1220
2041
0
1042
-281
-518
-786
82
0
-976
286
-471
2429
-890
-687
1940
55
-2043
