108
122
-80
99
114
-53
-69
-62
-2
56
102
56
91
179
128
25
102
92
0
0
0
0
0
0
0
0
0
8
124
83
36
183
103
-4
34
-9
34
25
2
73
136
37
-6
87
44
10
78
78
60
182
134
56
120
64
18
92
37
75
190
72
74
118
43
57
107
54
75
190
144
27
107
101
22
37
-72
60
198
55
-76
42
52
-33
0
42
-90
-84
199
-42
-80
116
8
55
49
61
146
110
31
67
47
-18
-67
-65
-62
-113
-99
-43
-81
-40
-33
-73
-32
-63
-124
-81
-44
-87
-58
0
6
-73
114
179
37
-54
104
57
-46
-59
-19
-110
-159
-67
-77
-126
-61
-40
-83
-35
-148
-83
3
-48
13
13
72
-64
-20
146
-119
-42
92
-46
-17
19
77
61
44
85
36
35
15
-36
-17
-90
-2
-29
12
164
33
123
82
26
60
53
-64
-121
-48
-64
-124
-78
0
0
0
0
0
0
0
0
0
0
0
0
0
0
0
0
0
0
0
0
0
0
0
0
0
0
0
9
23
-2
116
137
-57
91
108
-35
0
0
0
0
0
0
0
0
0
-24
93
-51
-74
168
-97
-54
110
-32
68
131
74
-65
-131
-71
-18
-29
-12
0
0
0
0
0
0
0
0
0
0
0
0
0
0
0
0
0
0
48
78
44
-89
-113
-17
-66
-116
-48
37
67
30
109
185
86
69
114
43
56
123
81
81
183
129
33
100
71
-83
-103
-15
-89
-130
-1
2
-32
6
0
0
0
0
0
0
0
0
0
23
86
72
78
198
151
66
132
75
-21
-48
-32
-89
-153
-112
-80
-149
-91
65
153
110
82
160
102
28
48
22
-45
-148
-94
-45
14
83
57
139
31
-9
-33
114
-15
-74
207
-15
-21
111
-18
-79
-94
-73
-189
-153
-59
-128
-61
19
-22
-112
-5
38
83
-110
84
206
-30
-68
-8
-58
-125
-40
-29
-36
-13
23
1
-121
-3
19
65
-115
77
254
-41
-92
-13
-42
-118
-74
8
-31
-59
3
-12
-15
-81
-128
-25
69
122
71
-23
-93
-63
-86
-99
-22
-74
-32
51
0
0
0
0
0
0
0
0
0
19
60
28
59
199
81
47
117
36
26
-151
95
-35
-17
87
-43
35
-39
0
0
0
0
0
0
0
0
0
-13
8
76
-15
-60
161
-7
-54
118
7
-117
-72
82
-45
-165
45
73
-41
3
-88
-36
-49
-201
-62
-17
-46
6
0
0
0
0
0
0
0
0
0
-54
-95
-31
24
-78
-120
26
19
-12
-35
-118
-72
-69
-158
-98
-44
-78
-25
-98
-50
29
-176
-60
86
-93
-22
40
-12
-130
-71
-43
-182
-93
-29
-37
11
111
137
-72
106
178
-70
-77
-96
-3
-46
101
-28
-95
178
-40
-41
88
5
-14
-77
-62
-32
-131
-112
-37
-93
-74
35
38
-58
56
-102
-126
-93
-126
53
-17
-154
-151
-59
-240
-151
1
-49
41
28
93
53
54
190
133
47
143
98
