1430
1344
1398
1341
1226
1240
1206
1111
1718
0
1436
1742
0
545
1297
1060
1126
1612
1309
985
1176
1299
1420
1143
1307
1345
1169
1255
1338
1318
1143
965
1438
1469
624
1416
1173
1618
1397
1316
1089
1483
1245
1301
1110
1142
1573
667
1871
1248
1241
1391
1449
1248
1339
732
1119
970
1191
0
1099
1453
1209
1266
1361
1644
1116
549
1160
1298
1190
1504
2377
1237
978
1609
1487
1193
1425
1176
1036
1438
1339
1900
585
1249
1266
1106
1427
742
1213
1315
1336
1276
1440
1304
1436
1347
383
834
1550
1403
974
1160
1313
1395
1332
1375
1357
1254
1120
1320
568
1190
1103
1353
1046
1386
1246
1043
1201
0
1160
1056
1061
1239
1366
1446
1341
0
1309
1230
729
1353
1079
1187
1667
807
768
1123
1241
1077
1270
1657
1147
837
1319
1452
1394
1321
1437
975
1417
796
2025
1160
1412
1047
1350
1276
1377
2391
1458
1439
1777
705
1069
1298
1374
1365
0
1326
0
1369
1064
1276
1252
1390
1338
1662
1552
1207
1221
740
1419
1022
941
1615
1188
1014
1115
1605
1325
1446
1438
1323
2034
1226
1318
1370
875
1091
1340
1264
0
1486
1327
1170
1511
0
1101
1115
731
1079
701
1397
1638
1045
648
0
1560
1165
1064
1480
1413
1575
2177
1311
529
1316
1419
1629
1474
0
1164
1328
1345
1293
1198
1438
555
1265
1483
1462
1432
698
1099
1875
1418
1469
1067
1187
855
1248
1213
2004
1235
1330
1333
1247
1288
1419
1021
729
970
1559
1459
1413
1043
844
985
1124
1422
1142
1183
949
1247
1164
1140
1127
974
1304
1292
0
1401
1174
989
1548
0
1325
1297
1287
1186
1256
1368
1114
1071
1423
1374
1472
729
1178
1478
1204
317
1192
1438
1565
1479
1227
3145
1276
1185
0
1378
1156
1233
1194
1426
1506
1356
984
1512
1298
1457
1357
1737
1289
1395
2528
1399
1664
1310
1100
1357
0
1510
1553
1630
1342
1450
1047
1133
1123
1085
1367
1237
1472
1357
1302
1673
1349
897
1596
1216
0
1440
1503
1366
1470
0
1770
1293
892
1368
1340
1213
1255
1389
1505
0
1593
1216
467
1236
0
1337
1133
1597
1231
1131
1317
1246
538
1149
1477
1326
1776
1522
624
891
629
625
1486
2737
1400
837
1230
0
1327
0
1312
958
1346
1519
1782
1499
1415
1303
1390
1155
2022
1013
1220
967
944
1384
1373
1445
1345
1083
1338
1417
2175
1254
1301
1081
1245
1192
1405
599
1461
1246
422
1399
1250
331
1619
821
1276
1312
1745
1239
1440
782
797
1304
1357
1379
1387
1380
1049
0
1438
1226
1113
1414
1360
523
1219
895
1514
1250
0
0
1647
1211
717
1452
1277
1328
0
1321
1053
1167
1346
1371
0
1272
1472
1188
1532
1369
1397
1356
1190
1437
1481
1260
1323
0
962
1316
1096
1384
0
1435
1463
1230
1386
1248
1636
1170
1189
0
1315
1181
766
1270
1707
1015
798
