1899
1728
1512
1609
1306
650
1734
1600
1841
2035
1258
1322
1677
1851
934
1705
1292
1601
1335
947
1901
5
1657
1704
888
1361
1727
1295
694
1850
1562
1911
1783
1680
1438
1559
1357
-851
1132
1384
1467
1941
1546
0
2
1640
2030
2118
777
984
2102
1628
0
1204
959
1966
1745
1445
926
1889
1018
1442
473
1303
1569
1368
1326
1176
1539
884
1136
1425
1743
1888
2177
1333
1439
2223
1565
1517
1352
1657
1646
463
2571
1666
1152
433
0
1230
1382
808
1270
1798
1485
988
1343
1691
1578
1366
1377
1091
0
1662
2080
1319
1405
768
1672
806
1190
6
1602
4
1412
1099
1815
0
1505
1154
0
1570
1553
1384
1328
1438
1510
1433
1426
1810
1496
1552
1377
1482
1384
1604
1425
1470
1416
1239
1591
0
1520
1461
2182
1543
1244
0
836
1416
1360
1428
1403
2144
1088
1903
1244
1263
1643
1489
1743
773
840
1662
1333
1362
1600
1809
1763
1612
1706
939
-949
1137
1238
1592
4
891
1491
1612
1745
1616
1321
1637
1211
1329
1486
0
1322
1250
1725
1436
1408
1893
1617
1647
1468
968
2105
2499
1600
1734
1283
1095
1910
1368
1455
1451
1693
1538
1635
1909
1364
1096
1845
1736
1618
1137
1505
1467
3
1919
0
1238
1762
1125
1809
1236
845
1463
1782
1697
12
0
901
1285
1426
1419
815
1196
1101
1029
1554
1981
1212
1548
1401
1202
1199
1875
1
953
1472
840
1168
0
0
1869
1486
1313
1262
1322
1513
1229
777
1809
535
1132
1028
1171
1607
1653
1476
1073
0
1598
501
1776
1339
1429
2363
1465
1625
1873
1319
1761
1471
1440
1640
1263
1854
1865
1148
907
1537
1656
1556
1520
1710
2003
1640
1584
1319
1701
1401
996
1418
1477
1443
1132
1953
1036
1135
2057
0
1851
1562
751
496
1633
1950
1661
3
1091
1726
1377
1507
2102
859
375
1267
5
1784
1281
1364
1185
1280
1183
702
0
1688
2195
1645
1489
1546
1102
4
1788
1182
1728
812
1437
1342
1609
1151
1418
1298
1148
1988
1317
4
1112
1480
1589
1044
1420
1362
1520
1338
1022
1371
1616
1802
1530
0
2645
1871
2000
1187
2004
1516
2194
1656
1257
1248
1522
2081
1172
1646
1157
1021
4
1378
1492
634
1074
1369
1537
1714
1435
1694
1808
1638
977
0
1004
1832
1423
1144
1271
1404
2020
1
1197
1432
1225
1349
1537
909
1954
1137
1
1702
1338
1083
1502
1650
1259
819
1608
2018
1172
1527
1306
1859
1821
1608
1474
1326
1190
0
855
1443
614
1254
1560
1489
2111
2042
1242
1480
1840
1982
1868
1280
1106
1532
1996
1403
1359
1137
1661
1501
1837
900
1617
1284
2
1330
1243
1272
976
0
1274
1340
1899
1843
1099
2093
1983
5
1299
1631
1666
1514
1897
1008
1309
1413
1133
1518
1388
1282
1768
1495
1696
1629
1699
1427
1163
1131
714
1343
1393
1695
694
1568
1322
1842
1415
1361
1349
