45811
75841
56384
51081
46172
53883
54758
54878
64496
42965
44289
43959
76246
92910
98898
22
74271
84877
67145
175049
66933
70547
2716
46320
33197
51427
85115
38464
63973
47232
51433
39124
39203
159055
79220
67363
52230
20
90351
54097
47163
164011
32
51790
49154
58313
43988
78671
26
1
47492
49200
111140
61069
58392
59194
47142
169422
37863
98335
81890
101
38922
104728
79777
87978
50177
39367
79335
59426
87291
8
60022
40566
52543
90236
48895
50968
47558
65969
58435
80285
33958
41865
66339
65815
93264
0
63549
62940
41057
60118
67885
75437
73793
15
77197
51788
83329
53816
71886
40253
74993
16
74844
49937
51719
56515
43051
76801
89921
88884
52054
58112
36949
282509
58949
48406
45369
73717
80615
62075
47291
77983
55880
43465
46453
49154
56421
60159
196825
45231
95635
352471
46666
58514
58036
85289
52205
56973
82355
44876
0
57207
65983
102218
53657
69921
60683
90191
49247
56875
45818
46649
55727
49300
50681
68197
156098
35
57908
52578
78764
67178
66680
50557
36938
53928
63205
1
88669
59320
50500
61768
70700
72822
56486
89481
35084
55492
48674
25
69903
49833
10
43530
66643
50131
88092
59977
70853
87293
228708
82728
197434
47922
78231
45458
47496
56798
56661
101122
62869
73169
0
51778
45813
73851
52241
59802
40920
99371
43451
61327
65046
161598
37237
48824
51249
41581
66432
73283
101729
93148
96662
65268
47101
71044
79910
77035
101721
49011
77568
57101
85091
107482
58658
90996
49248
123046
73560
50468
56125
43308
38640
44428
63610
45812
60467
15
122627
56993
48876
46792
45115
86090
79999
61082
61847
84441
110348
80685
58002
222365
74317
71081
50629
112802
47409
94603
45500
124544
67404
44786
44978
45528
46137
64334
69097
57841
57899
46908
37773
152756
61820
13
33315
44020
78022
49537
62713
40223
40288
41617
49140
135568
64835
74992
61465
57209
36272
68312
83405
90987
96745
45492
22
59126
39108
58120
69545
62257
63957
26
90767
53598
110883
87126
59495
82198
52036
52195
2
56563
44917
84464
91233
94819
53004
50668
82612
52418
80056
70311
53006
41304
11
44444
56564
103314
102285
66596
50769
50973
58824
32578
46295
55671
75265
81340
41481
49636
53349
37017
44710
64299
41749
90374
45
14
51785
59494
91547
48397
51316
50281
80044
83761
54457
94782
90143
89340
84402
50251
55471
62455
47631
85143
76890
31471
40467
26
78259
68963
46973
54445
77900
100188
67400
69230
74724
55018
59930
87859
59645
68346
49979
46549
110321
67201
81645
77329
52439
40341
71814
69153
64018
22
55222
38586
113745
98909
73273
67162
59998
42733
0
52412
56414
35989
45462
109559
69233
58196
70927
16
57898
147669
60529
56227
67796
66504
45756
58247
42395
42727
99730
47680
64058
48625
63767
56576
58194
77281
50234
31
51131
17
51361
67730
0
41358
51563
85766
49302
21
50422
55348
72825
54231
46690
69623
50638
65373
97933
77347
57017
90084
76543
85662
98381
80747
67946
63410
56158
76052
55966
16
152467
45813
90931
37817
48468
48024
52050
58066
53367
54371
55715
46956
173645
87775
72395
62414
60956
61862
77615
81172
45437
105842
62274
44163
55377
59910
49245
1
45857
57228
72837
47803
59218
44476
