0
0
0
0
0
0
0
0
0
443
901
420
-19
-38
-59
-411
-868
-345
-11
-292
-26
1
434
-45
-16
-15
12
263
208
-113
123
97
-140
-90
-157
-197
44
-120
-257
-108
84
242
-255
174
373
3
44
64
23
233
-433
-12
18
26
649
-141
-531
1022
-144
-834
301
-61
-256
47
-183
203
-320
-492
542
-235
-121
526
0
0
0
0
0
0
0
0
0
0
0
0
0
0
0
0
0
0
0
0
0
0
0
0
0
0
0
129
-107
-120
414
-35
-480
340
83
-196
190
629
661
-163
-123
121
-118
-708
-521
0
0
0
0
0
0
0
0
0
0
0
0
0
0
0
0
0
0
-7
29
-12
-21
-64
385
23
-24
-337
-8
-41
17
48
382
-384
-27
-57
62
-30
-98
170
43
294
-323
-6
-30
-81
293
343
-325
122
189
-139
-289
-81
50
-108
-1
9
-38
155
318
-129
-33
62
60
60
-140
-19
-46
-178
62
13
68
114
-120
-181
-100
-20
125
-155
165
335
0
0
0
0
0
0
0
0
0
-8
46
-15
17
380
-132
15
-325
19
-20
-299
-230
-31
-93
-213
57
471
317
0
0
0
0
0
0
0
0
0
0
0
0
0
0
0
0
0
0
0
0
0
0
0
0
0
0
0
16
15
47
50
-456
120
27
78
58
0
0
0
0
0
0
0
0
0
110
205
-200
141
167
-63
-182
-89
79
-17
-63
31
32
467
-324
-18
-83
-3
