89
231
184
-5
1
227
144
3
-5
0
233
176
0
-4
78
-4
205
-6
185
213
0
48
198
-9
-6
1
127
98
4
-1
90
-5
102
-4
282
-5
90
-7
-3
3
-17
194
-4
173
173
0
-6
161
98
-7
208
0
5
194
-5
-5
236
-5
1
219
210
0
207
-51
105
-7
145
83
160
0
114
0
-9
85
0
-6
137
-3
207
140
216
-5
-2
86
220
-5
-7
228
-4
0
134
-5
-6
-1
89
227
-6
-5
171
223
85
210
0
0
-4
94
0
208
-7
245
-6
101
-7
-7
2
-2
-7
-5
2
108
0
109
-7
0
-8
-10
-6
-6
-7
-5
105
229
-6
-5
219
0
-8
133
-3
0
0
-2
-6
-9
251
132
-2
215
204
172
168
92
81
189
-4
-6
0
116
179
0
-1
0
184
-3
129
-4
0
-5
103
-6
100
142
211
0
189
215
201
211
206
-4
-7
-2
215
181
184
4
233
-7
0
204
-4
244
-9
216
111
-4
256
111
-10
207
-7
127
79
201
190
-8
174
78
217
2
226
-32
-6
-8
125
-5
158
-2
0
92
-6
214
-5
193
192
219
-4
163
-3
0
117
-1
-8
-3
0
-4
119
-5
0
-3
1
240
-11
-7
-5
224
-5
0
201
108
-6
-2
-3
188
-6
207
214
95
94
-29
80
-3
227
-3
-5
-6
185
156
-10
8
-8
3
233
-5
-9
90
211
127
3
171
128
136
0
-8
-7
-4
-6
-2
95
236
506
152
231
154
0
-3
-6
-4
213
212
-7
173
216
-8
0
0
179
99
-1
164
126
161
-1
217
203
-1
-10
220
92
197
1
7
74
-5
123
-7
-11
94
0
173
209
3
5
-5
178
167
3
161
129
-5
-1
0
-2
-7
-5
208
-18
200
108
215
-4
-3
-5
209
172
-4
-9
-3
252
-7
213
-39
86
204
2
155
156
-4
-5
208
2
173
213
-4
-2
-5
174
233
3
5
0
154
205
-8
131
-4
3
0
1
103
161
90
-5
-37
-7
0
188
83
88
-3
160
-4
99
149
-9
-5
169
0
163
89
169
0
-4
212
0
-4
6
-3
-4
194
-7
210
-89
0
-8
-5
198
214
82
218
0
0
198
112
-4
-3
230
206
-6
169
0
-5
229
211
-13
-5
129
207
-4
99
-9
-6
150
-6
134
119
1
249
-7
-5
118
-6
154
107
-3
-3
214
197
188
-28
-8
83
-17
-3
95
-4
-3
-9
108
-4
220
-4
233
-12
163
0
-5
208
202
16
215
-6
0
-5
-4
202
-7
-2
-8
0
-5
213
-8
0
0
92
0
5
-1
-8
91
-6
-8
-7
-5
2
-4
-6
-6
2
202
218
109
238
-4
75
100
5
196
-3
-10
-5
-7
100
9
188
101
-1
-9
-1
-5
0
-7
174
-2
195
-3
135
0
-3
178
4
-6
-8
-4
0
-1
102
0
105
82
-7
209
148
102
-72
124
208
216
0
189
5
0
-5
119
-7
-1
101
-26
-6
121
-3
205
122
-7
209
0
-3
222
204
-7
196
126
154
175
192
0
-5
-9
215
-10
-6
230
74
262
-1
189
94
-7
0
-7
-19
9
2
214
85
-2
119
143
-1
-5
231
-4
-9
197
-74
161
90
229
-6
0
0
-3
1
0
221
222
154
239
0
-10
98
-6
114
1
-7
213
-8
-3
-2
179
0
-1
0
115
203
0
0
-6
85
0
243
97
-5
-3
251
162
145
98
168
-5
205
85
180
125
0
243
216
212
204
-57
144
83
2
188
95
-7
97
236
8
189
-5
91
-4
139
0
-7
80
133
173
-1
241
104
210
-1
101
-2
-8
201
191
218
210
0
95
-5
-4
-4
9
-5
-9
90
0
210
178
207
-6
160
229
-3
-6
231
0
110
0
189
-5
127
184
187
141
142
191
0
-5
133
227
-11
141
97
230
-92
237
7
242
0
-1
120
218
-3
234
0
0
165
219
230
-6
188
190
-8
-6
8
-3
-9
-19
212
209
-4
0
176
-1
-8
-3
145
-6
-6
0
6
-8
205
-8
-1
134
107
101
-3
236
226
0
134
176
-2
91
0
-1
233
211
210
106
112
0
174
86
200
0
176
-6
222
202
213
158
190
-42
-3
3
207
-3
-4
228
-1
-3
-9
149
157
101
214
97
155
236
-5
-1
89
202
-4
0
-6
136
-5
0
124
92
-6
-11
135
222
-5
-8
-6
211
-6
121
0
-5
-8
158
136
-4
-30
-5
0
221
-8
192
-5
-4
228
187
-5
190
247
-6
103
-5
190
103
231
0
-2
-65
-8
87
220
-5
213
-5
237
107
-5
163
0
-130
-4
-6
0
186
208
93
245
203
-4
0
236
-4
125
109
-7
12
193
244
-42
90
-7
133
0
230
82
107
-6
173
4
226
-1
-5
221
182
205
-4
0
-6
199
0
-6
233
186
-4
0
2
216
-6
137
-5
242
-8
141
0
153
0
-6
221
240
-6
0
230
0
-6
167
-33
-7
-7
-27
-5
-5
120
-10
228
189
-7
109
-128
158
112
0
-5
-29
-6
185
0
-3
-3
194
-4
-7
203
221
-22
-6
-7
-7
184
104
116
114
-7
110
-5
190
-5
-8
250
142
0
180
91
181
-5
89
0
-9
-7
-7
-5
222
231
156
87
