11
-68
48
-42
0
11
4
-32
38
32
32
-129
0
15
41
29
-111
44
-49
24
18
49
52
39
-114
43
67
0
71
-26
42
39
108
70
0
-56
33
-82
21
-49
19
0
52
29
-8
28
13
-45
39
27
23
51
-21
18
25
43
35
51
-78
-48
31
-202
30
8
0
0
-6
-283
43
28
0
-147
-93
19
-61
4
13
100
0
0
-5
7
14
17
29
14
46
-62
35
28
24
35
15
50
3
7
0
16
4
-127
22
0
-52
-95
-95
12
13
44
0
130
16
54
-67
-3
42
0
-54
36
0
48
14
19
26
43
17
52
26
0
9
50
12
-38
0
25
48
21
57
16
-44
2
-10
7
-95
-162
-208
-48
-67
93
-69
17
0
-32
37
43
-82
-39
49
-82
16
-30
18
24
14
-69
72
21
-47
43
0
-123
-75
10
-128
19
39
-167
-124
34
24
55
10
-23
32
18
-11
-52
0
27
50
42
-66
12
66
50
2
49
2
-40
-210
11
26
34
0
-30
49
27
26
-49
63
36
-172
16
20
-65
-105
34
16
-100
26
8
-238
18
15
-39
-23
49
-134
-6
-173
-23
12
21
-86
0
21
26
62
-73
23
60
12
12
25
61
-91
-40
23
25
-85
27
-43
14
-66
46
16
64
-27
-33
-37
-102
5
-129
15
43
47
36
-72
18
21
8
27
-105
52
10
55
25
-62
-19
-37
31
39
22
3
29
37
6
45
0
49
0
46
30
-62
64
107
21
35
0
31
-179
-33
-58
-13
60
28
0
11
36
-137
14
-33
-52
-101
37
-67
-98
-246
20
-38
26
14
-156
3
33
-150
36
13
0
45
32
120
15
21
-31
40
42
55
0
-56
12
73
64
-65
0
120
44
40
-143
71
-65
11
-1
16
13
39
0
41
7
-29
23
-10
41
45
54
25
11
-44
14
-132
19
-49
94
47
51
16
-47
0
11
-66
80
23
-131
40
-19
12
12
-42
32
1
-126
53
35
1
-205
49
41
16
-29
23
0
36
-78
-27
5
-190
7
-13
14
-95
3
-185
0
12
10
5
-13
13
33
-39
37
7
87
-75
25
51
0
96
-55
-9
-17
11
-36
20
-123
54
-29
-42
92
3
8
-49
17
46
20
1
48
-28
43
45
52
33
36
-53
-68
-35
-5
28
-104
42
15
12
7
24
33
-73
-37
30
57
17
46
-5
-51
-26
34
-119
-25
47
-39
72
45
53
-46
70
11
-61
10
25
-43
16
24
0
-116
-72
28
25
-64
23
-25
-45
32
-64
-76
61
-30
52
28
16
41
-17
-234
-37
47
