-15
9
-43
-29
25
21
-19
4
-14
6
-21
-24
-35
-36
-1
-5
-17
-39
33
-38
-19
41
7
7
5
2
21
8
30
-30
-4
-16
-15
-14
12
-41
19
-34
8
13
-18
3
23
-29
13
21
15
-14
-40
-10
21
-35
34
38
18
23
14
-20
18
39
0
23
-19
7
19
46
-26
-23
8
-3
-19
27
12
-5
-14
15
-8
14
19
27
-23
27
23
-94
-37
-4
-2
2
-5
39
-15
-18
15
-22
-24
-30
10
-39
-45
-35
-24
-35
-2
46
24
-31
-4
1
-41
-39
-43
61
-15
1
21
-66
-30
-21
-5
-7
3
-28
-17
-54
-21
-22
-11
-3
7
20
-44
-9
-16
30
-32
-40
-15
-28
0
-30
-18
1
-22
6
-41
-18
8
-39
-40
-12
-3
-11
-51
25
-18
1
20
-9
-15
-3
-20
23
44
-6
-17
-12
-18
-55
-9
24
16
33
16
10
8
-13
-29
-16
39
-18
-3
-7
10
-27
9
32
-24
1
-13
10
-13
16
20
-10
-19
38
3
29
-12
11
-20
8
-4
38
21
3
-19
-2
-12
34
-14
24
3
-15
-2
7
-5
43
10
7
-4
-23
-13
51
-37
32
13
18
-43
22
-21
-8
15
-8
-7
-29
33
17
5
45
-22
-1
-2
-8
3
11
-19
21
-12
-16
3
23
-3
-36
13
-29
-8
4
13
7
10
-6
-13
16
0
-2
13
-13
-51
-12
47
-23
-3
-15
-20
-36
-2
-7
-39
10
-13
48
-43
-24
36
32
19
-1
-14
-22
-18
-15
6
-17
-8
5
-26
-11
6
26
-15
-7
-21
-3
-44
51
5
1
-25
-14
-10
10
37
56
35
22
7
-24
24
-8
-27
-46
-58
-16
-36
-43
-38
-18
12
-8
-5
-16
-5
-4
-8
-15
35
-26
-34
-9
-11
-1
-10
-37
-10
9
11
-29
10
-11
5
13
-8
-7
4
-26
-1
-4
21
15
-8
29
-5
5
-4
-21
-12
-1
-22
23
-9
-20
-18
36
1
-22
-8
-20
3
8
-41
-15
6
19
-54
-15
5
-33
-28
-32
-11
25
-49
-46
-46
-22
-37
-17
5
23
-16
12
31
-23
-44
8
-30
-26
-34
-27
7
14
22
38
16
-14
43
-19
31
18
-21
-12
8
40
34
18
-36
0
7
28
-18
9
7
4
-47
0
11
-23
-15
-10
10
23
6
-4
41
58
33
10
46
30
-16
14
-13
10
1
-18
26
35
-1
46
-7
23
7
16
63
-12
-15
-19
2
-20
17
0
-17
12
-9
-30
-57
-10
-22
-4
4
0
-7
3
-17
-13
-17
55
-10
16
-46
34
4
23
21
14
-9
-23
39
6
-21
15
6
0
2
-8
41
9
-10
-34
15
15
-6
23
-22
10
18
-33
-12
20
-30
-10
11
42
-35
-46
-14
18
-30
44
38
-14
20
13
-9
-9
-32
12
8
10
-19
-14
5
26
-13
-3
2
-25
-22
15
-6
-12
-17
10
-8
-5
-27
22
-18
39
-1
-6
-21
11
-37
7
-22
47
-15
-8
-3
7
-18
-13
36
0
3
16
1
6
2
-28
17
9
-8
-32
-27
46
16
20
-7
-28
-26
55
2
-12
2
28
-15
19
3
54
6
4
-9
-4
6
13
10
1
30
-37
-14
-6
-2
12
29
7
-1
-41
23
1
27
74
14
-11
26
37
-14
29
19
4
31
3
-4
-26
51
-5
-1
-51
-41
-3
8
-11
65
-5
79
-32
17
27
35
-2
17
32
44
32
26
10
0
28
31
-24
21
6
39
38
23
13
-34
-40
9
45
24
50
19
-28
-21
84
22
-11
16
28
33
38
27
-29
28
-7
-15
-46
-36
-3
67
-33
-11
34
9
-23
2
0
28
-19
-27
41
26
-34
8
-14
-8
18
10
24
7
15
24
-9
47
-32
14
25
22
-39
30
2
-6
-12
-4
-38
-4
13
-27
34
15
2
-34
0
10
-6
25
4
8
-19
-38
18
12
13
-2
-15
4
40
-15
-15
23
10
-4
-6
12
-45
44
11
-9
26
-17
21
53
15
-18
38
-16
36
12
0
31
25
40
-18
19
17
-28
-15
-26
0
42
8
26
-9
-7
-27
-7
27
-44
-1
13
-7
2
-30
7
4
-3
5
-39
-16
-8
4
10
7
-21
-8
-5
-25
-44
-16
35
15
-11
-7
2
4
12
-15
-12
13
21
30
27
31
11
-54
46
-36
6
22
-19
-5
56
-20
34
24
77
10
11
27
35
13
22
50
10
-5
7
-9
2
-11
41
1
-26
34
-42
-11
30
36
-13
27
-7
-19
2
-26
-29
19
53
7
5
-11
38
-9
-40
13
1
14
-38
60
33
15
2
23
0
79
-17
-33
1
-2
-33
-7
39
30
-9
13
18
19
56
5
-9
-6
23
43
-19
18
20
21
-20
10
11
36
-24
-13
13
-11
-42
-49
0
49
40
-30
12
-16
-48
-40
-31
-16
-42
37
31
-5
12
-38
-3
-36
7
-23
-18
-16
8
-9
-27
-21
-26
15
7
-21
-9
12
8
4
20
-21
-16
-12
-22
-5
-11
-47
-13
0
-22
-24
-40
3
27
30
-3
6
-17
31
5
-5
28
9
45
45
8
4
39
-5
31
-22
27
22
-3
-5
6
2
1
-20
-32
-67
-16
-53
-10
-21
-1
-19
