-0.001671
-0.000822
-0.001665
-0.000841
-0.000841
-0.000299
0.001836
-0.002303
0.002647
-0.001134
-0.000642
0.003882
0.001218
-0.003578
0.001852
0.000460
0.000250
-0.001065
0.000954
-0.000977
0.003177
-0.002088
-0.001397
-0.001219
0.001587
-0.001567
-0.000980
-0.002913
0.003389
-0.003216
-0.002437
0.000820
0.001946
-0.001475
-0.001839
0.001706
0.001066
0.000991
-0.002408
0.000519
0.000437
0.002682
-0.000242
0.000835
0.001187
-0.001929
0.003650
0.000150
-0.002318
-0.000034
-0.000913
0.003381
-0.000041
-0.000776
0.000005
-0.000510
-0.000077
-0.000800
-0.003470
-0.003575
-0.001845
0.001884
0.001025
0.003241
-0.000598
0.001225
0.003178
-0.000565
0.002030
-0.001150
-0.003043
0.000946
-0.001738
-0.001285
0.000519
-0.001254
-0.000589
0.001252
0.001763
0.001140
-0.003889
0.000808
0.002856
0.001841
0.002239
0.000664
-0.002385
-0.001807
0.002126
-0.000406
0.002770
0.001663
-0.001833
-0.001146
0.000054
-0.001174
0.003510
-0.002550
0.001355
0.001546
-0.003049
0.000587
0.000082
0.000925
-0.002341
-0.002650
-0.003583
-0.001336
-0.001533
-0.001227
-0.000142
0.002681
0.001281
0.001015
-0.000989
-0.003321
-0.000887
-0.000124
0.002492
0.001926
0.001135
-0.002796
-0.002595
-0.000914
0.003505
0.003658
-0.002234
-0.002169
0.005081
0.001201
0.001059
-0.000723
0.005364
0.001246
-0.004114
0.002179
0.000897
0.002332
0.003175
0.000713
0.001458
0.003865
-0.001387
-0.001286
0.000329
0.001504
-0.001997
-0.002920
-0.000521
0.001503
-0.003052
-0.002466
-0.004077
0.000337
-0.000774
0.001526
-0.002693
-0.001534
0.000329
-0.000234
0.000210
-0.000130
-0.000909
0.000282
-0.000371
0.001439
0.000555
0.001093
0.001004
0.000331
-0.001032
0.002549
0.000235
-0.001397
0.001482
0.000054
0.000127
-0.000171
-0.001214
-0.000235
-0.000441
-0.001693
0.000070
-0.001108
0.000851
-0.002379
0.000015
-0.001477
-0.004923
0.002063
-0.002894
0.000328
-0.000905
-0.001940
0.000312
0.002142
-0.004160
0.001006
-0.000354
-0.002846
-0.003791
-0.000302
0.001641
-0.000555
-0.001774
-0.002337
0.001241
-0.000849
0.000008
-0.000187
-0.000998
0.000726
0.001601
-0.000409
-0.000020
-0.001304
-0.002535
-0.003103
-0.000439
0.000406
-0.003158
-0.002178
0.002454
0.001200
0.000939
0.002946
0.002437
0.000452
0.000187
-0.002082
0.003378
-0.000679
0.001309
0.001438
-0.000808
-0.001741
0.001457
0.001158
0.000573
0.002474
0.002212
-0.000335
0.003133
-0.000702
-0.001394
-0.001933
-0.002093
-0.001409
0.000737
0.003430
0.001045
0.003243
-0.002730
-0.001574
0.002595
0.000189
0.000771
-0.000078
0.002100
0.001468
0.003592
0.000105
0.001313
0.000609
0.002525
0.000183
0.002605
-0.002246
0.000933
-0.001963
0.001760
-0.001655
0.001456
0.000153
-0.001283
-0.000552
-0.000965
-0.001188
-0.000164
0.001159
0.003298
-0.003926
-0.004272
-0.000894
-0.002675
0.003031
0.005174
-0.000205
0.001780
-0.000600
0.002611
0.001638
0.002458
-0.001371
-0.001271
0.000271
-0.000421
-0.001034
-0.000708
-0.002228
-0.000232
-0.000901
-0.001931
0.000958
0.003408
0.000120
0.002412
-0.000029
-0.002007
0.000646
0.002888
-0.002080
-0.003552
-0.000255
0.000901
0.000329
0.002326
0.000686
-0.002501
-0.001157
-0.002939
0.000496
0.000318
-0.001001
0.001038
-0.003680
-0.000990
-0.000646
0.001952
-0.000550
0.002181
0.001917
-0.000169
-0.001912
-0.000934
-0.001401
-0.001206
-0.000248
0.001683
-0.001480
0.000915
-0.000768
0.001791
-0.000288
-0.000148
0.000210
0.002336
0.002854
-0.002158
0.002789
0.001873
-0.001113
-0.001261
0.003278
-0.000487
0.002381
0.001067
0.003015
-0.004635
0.000074
0.000187
0.000028
0.000525
0.000962
0.001462
0.000933
-0.001806
-0.002022
-0.001422
-0.000485
-0.002293
0.003969
-0.000471
0.001388
0.001537
-0.001192
-0.002276
0.002087
-0.000997
-0.002316
0.001251
0.000907
0.000930
0.000518
0.001334
0.000799
0.000391
0.001955
-0.000658
-0.000790
-0.000619
-0.000613
-0.002670
0.001168
-0.002521
-0.000695
0.000684
0.000722
0.000503
-0.001052
0.004812
-0.002393
0.001178
0.002481
-0.001320
0.001746
0.000303
-0.000530
-0.000933
-0.000293
-0.002107
0.000069
0.000146
0.000050
0.000698
0.001676
-0.002014
-0.004380
-0.002732
-0.000453
-0.001377
-0.000774
-0.001552
-0.000953
0.001093
-0.002198
0.000957
-0.002876
0.003504
-0.002915
-0.001004
0.001366
-0.002221
-0.001880
-0.000245
0.000349
0.001307
-0.001453
-0.003924
-0.002948
-0.001762
0.004481
-0.002288
0.000693
0.000686
0.005390
-0.002802
-0.001475
0.000190
-0.002958
0.000519
0.000967
0.002204
0.003900
-0.004342
-0.002216
-0.000516
-0.003562
-0.000506
-0.000519
-0.000406
0.001615
-0.000364
-0.004470
0.000296
-0.000972
0.003101
-0.001517
-0.001320
-0.000683
-0.001296
0.002733
0.000084
0.003618
0.000989
-0.004056
0.003531
-0.002448
0.002706
0.001960
-0.000145
0.002236
0.000854
0.000405
0.001553
0.004649
0.000568
0.004365
0.004063
0.000456
-0.000986
0.001658
0.000481
-0.001131
0.000263
0.002303
-0.001787
0.001082
-0.000630
0.002577
