0.000000
-0.000822
0.000000
0.000000
0.000000
-0.000299
0.000000
-0.002303
0.000000
0.000000
0.000000
0.003882
0.000000
0.000000
0.001852
0.000460
0.000250
0.000000
0.000954
0.000000
0.003177
0.000000
-0.001397
-0.001219
0.000000
-0.001567
0.000000
0.000000
0.003389
0.000000
0.000000
0.000000
0.001946
-0.001475
-0.001839
0.001706
0.000000
0.000000
-0.002408
0.000519
0.000000
0.000000
0.000000
0.000000
0.001187
0.000000
0.000000
0.000150
0.000000
0.000000
0.000000
0.003381
0.000000
-0.000776
0.000005
0.000000
0.000000
0.000000
-0.003470
-0.003575
0.000000
0.000000
0.001025
0.003241
-0.000598
0.001225
0.000000
-0.000565
0.000000
-0.001150
-0.003043
0.000000
0.000000
-0.001285
0.000519
-0.001254
-0.000589
0.000000
0.000000
0.000000
-0.003889
0.000000
0.002856
0.001841
0.002239
0.000000
-0.002385
0.000000
0.002126
0.000000
0.002770
0.001663
0.000000
0.000000
0.000054
0.000000
0.000000
0.000000
0.001355
0.000000
0.000000
0.000587
0.000000
0.000000
-0.002341
-0.002650
0.000000
0.000000
-0.001533
-0.001227
-0.000142
0.002681
0.000000
0.000000
-0.000989
-0.003321
-0.000887
0.000000
0.002492
0.001926
0.001135
-0.002796
0.000000
0.000000
0.003505
0.003658
-0.002234
-0.002169
0.005081
0.000000
0.000000
-0.000723
0.005364
0.000000
0.000000
0.000000
0.000000
0.002332
0.003175
0.000713
0.000000
0.003865
-0.001387
-0.001286
0.000000
0.000000
0.000000
0.000000
0.000000
0.001503
-0.003052
0.000000
0.000000
0.000000
0.000000
0.001526
-0.002693
-0.001534
0.000329
0.000000
0.000210
0.000000
-0.000909
0.000000
-0.000371
0.000000
0.000000
0.001093
0.001004
0.000000
-0.001032
0.000000
0.000000
0.000000
0.001482
0.000000
0.000000
-0.000171
0.000000
0.000000
-0.000441
0.000000
0.000000
-0.001108
0.000000
-0.002379
0.000015
0.000000
-0.004923
0.000000
0.000000
0.000000
0.000000
-0.001940
0.000000
0.000000
0.000000
0.000000
0.000000
0.000000
0.000000
0.000000
0.001641
0.000000
-0.001774
-0.002337
0.001241
-0.000849
0.000008
-0.000187
0.000000
0.000000
0.000000
0.000000
-0.000020
0.000000
0.000000
-0.003103
-0.000439
0.000000
-0.003158
0.000000
0.002454
0.000000
0.000000
0.000000
0.000000
0.000452
0.000000
-0.002082
0.000000
-0.000679
0.001309
0.000000
0.000000
-0.001741
0.000000
0.001158
0.000000
0.002474
0.002212
0.000000
0.000000
-0.000702
-0.001394
0.000000
-0.002093
0.000000
0.000000
0.003430
0.000000
0.003243
-0.002730
-0.001574
0.002595
0.000189
0.000771
0.000000
0.000000
0.000000
0.003592
0.000105
0.001313
0.000609
0.000000
0.000000
0.002605
0.000000
0.000000
-0.001963
0.000000
0.000000
0.000000
0.000153
-0.001283
0.000000
0.000000
0.000000
0.000000
0.001159
0.000000
-0.003926
0.000000
0.000000
0.000000
0.003031
0.000000
-0.000205
0.001780
-0.000600
0.002611
0.001638
0.000000
-0.001371
-0.001271
0.000271
0.000000
0.000000
0.000000
0.000000
0.000000
0.000000
0.000000
0.000958
0.000000
0.000120
0.000000
0.000000
0.000000
0.000000
0.002888
-0.002080
0.000000
0.000000
0.000000
0.000000
0.002326
0.000686
0.000000
-0.001157
0.000000
0.000496
0.000000
0.000000
0.001038
0.000000
-0.000990
0.000000
0.000000
-0.000550
0.002181
0.000000
0.000000
-0.001912
0.000000
0.000000
0.000000
0.000000
0.001683
0.000000
0.000915
0.000000
0.000000
0.000000
-0.000148
0.000210
0.000000
0.002854
-0.002158
0.002789
0.001873
-0.001113
0.000000
0.003278
0.000000
0.002381
0.001067
0.003015
0.000000
0.000000
0.000000
0.000000
0.000525
0.000962
0.000000
0.000000
0.000000
0.000000
-0.001422
0.000000
0.000000
0.000000
0.000000
0.001388
0.001537
-0.001192
-0.002276
0.002087
0.000000
0.000000
0.001251
0.000000
0.000000
0.000518
0.000000
0.000000
0.000391
0.001955
0.000000
0.000000
0.000000
-0.000613
0.000000
0.001168
-0.002521
0.000000
0.000000
0.000000
0.000503
0.000000
0.004812
0.000000
0.000000
0.002481
-0.001320
0.000000
0.000000
0.000000
-0.000933
0.000000
0.000000
0.000069
0.000146
0.000000
0.000698
0.000000
0.000000
0.000000
-0.002732
0.000000
0.000000
-0.000774
0.000000
-0.000953
0.000000
0.000000
0.000957
-0.002876
0.000000
0.000000
-0.001004
0.000000
0.000000
0.000000
0.000000
0.000000
0.000000
-0.001453
0.000000
-0.002948
0.000000
0.004481
-0.002288
0.000000
0.000686
0.005390
-0.002802
-0.001475
0.000000
0.000000
0.000519
0.000000
0.002204
0.003900
0.000000
0.000000
-0.000516
-0.003562
-0.000506
-0.000519
-0.000406
0.000000
0.000000
-0.004470
0.000296
-0.000972
0.003101
0.000000
-0.001320
0.000000
-0.001296
0.002733
0.000000
0.000000
0.000000
0.000000
0.003531
0.000000
0.000000
0.001960
0.000000
0.000000
0.000854
0.000405
0.001553
0.000000
0.000568
0.000000
0.000000
0.000456
-0.000986
0.001658
0.000481
-0.001131
0.000263
0.000000
0.000000
0.001082
-0.000630
0.002577
