-7.381774e+002
-2.463775e+002
-4.238530e+002
-1.015735e+003
3.554838e-001
-1.956566e+002
-8.328577e+002
-5.629414e+002
-1.686941e+002
6.958270e+001
-6.738128e+002
-6.295951e+002
-2.081094e+002
-1.403621e+002
-4.068092e+002
-4.809604e+002
-8.336863e+002
-6.522328e+002
-4.460998e+002
-4.641534e+002
-4.954485e+002
1.211157e+003
2.853522e+002
9.534720e+002
3.159325e+002
-1.121278e+002
-9.127915e+002
-1.140033e+003
-8.269780e+002
-6.599869e+002
-1.134016e+003
-7.385609e+002
-7.019661e+002
-2.985728e+002
-7.549906e+001
-1.858175e+002
-6.028783e+001
-5.405756e+002
-7.684193e+002
1.051598e+002
-5.150181e+002
-9.356163e+002
-1.087462e+003
3.336800e+001
-3.894124e+002
-2.698421e+002
-3.996290e+002
-5.030943e+002
-8.443791e+002
3.514879e+001
-3.456838e+002
1.501426e+002
-8.440875e+002
-6.730430e+002
-2.464792e+002
-1.153937e+003
-1.803347e+002
-1.195476e+003
-1.037955e+003
-8.274186e+002
-3.512440e+001
-6.807408e+002
-6.566097e+002
-2.888756e+002
-3.963319e+002
-3.590507e+002
7.955405e+001
-3.655916e+002
-5.674979e+002
-1.659424e+002
-6.642327e+002
-1.371428e+002
-3.575606e+002
-4.342477e+001
-4.370657e+002
-1.895370e+002
2.321935e+001
4.868257e+002
-9.284531e+001
-4.206869e+002
2.844008e+002
2.823718e+001
4.311963e+002
5.587606e+002
-8.432696e+002
4.286089e+002
5.283787e-001
8.230851e+002
-6.754083e+002
3.749153e+002
-4.448651e+002
-6.169510e+002
-1.273489e+003
-5.356796e+002
-2.519191e+002
-1.316628e+003
2.316987e+002
-9.149035e+002
-2.790843e+002
-2.460239e+002
-8.071309e+001
-2.612719e+002
6.048964e+002
-3.590021e+002
6.084151e+002
-1.034256e+003
-4.106737e+002
-1.029764e+003
-4.850768e+002
-4.942180e+002
2.480800e+002
-8.849204e+002
3.182968e+002
-9.332514e+002
-2.942644e+001
-1.309720e+002
-8.941124e+001
6.738936e+001
5.155080e+002
-2.026426e+001
-2.756768e+002
6.517973e+002
1.761126e+002
4.733928e+001
4.590980e+002
1.134319e+002
-1.424339e+002
-1.321962e+002
-1.007049e+003
-6.435477e+002
-8.632331e+002
-7.879191e+002
-4.298422e+002
-8.179141e+002
-3.924828e+002
-9.467271e+001
7.549007e+001
1.105028e+003
-7.606430e+002
-1.030732e+003
-1.127780e+003
-9.019673e+002
-8.028898e+002
-8.514615e+002
-1.721937e+002
3.098985e+002
1.139404e+003
-3.035378e+002
-1.221632e+002
-1.075050e+003
4.730342e+002
2.221361e+002
3.248690e+002
-7.641797e+001
2.369955e+002
-4.066429e+002
-1.901633e+002
4.162712e+002
-4.407361e+002
-3.203642e+002
1.932480e+002
-2.634071e+002
-4.250579e+002
9.241867e+001
-8.514238e+002
-1.914026e+002
-6.279014e+002
-1.492999e+002
-5.900887e+001
3.968955e+000
-1.460171e+002
2.761954e+001
-4.175415e+002
-8.390549e+002
2.414593e+001
-1.162293e+002
-5.324999e+002
1.628199e+002
-5.050844e+002
-3.259573e+002
-5.901049e+002
9.487548e+002
-5.032810e+002
-1.971370e+002
-3.142916e+002
-4.572001e+001
-2.149485e+002
-1.562437e+002
-7.056823e+002
-3.141326e+002
-6.708331e+002
-4.645269e+002
-2.764242e+002
-7.842635e+002
7.604351e+002
1.309429e+002
-2.410975e+002
-2.869020e+002
-4.421983e+002
-1.494182e+002
-2.706660e+002
-5.153653e+002
-5.344878e+002
-3.426444e+002
-3.072339e+002
1.030401e+002
-6.335800e+002
-3.006346e+002
-2.458440e+002
-8.047358e+002
-7.415657e+002
-7.052737e+002
-4.202939e+002
-4.376292e+002
-4.394298e+002
-7.749547e+002
-2.171909e+002
-3.984318e+002
-7.235492e+002
1.217410e+002
-3.031915e+001
4.326898e+002
2.849134e+002
3.724235e+002
-3.552690e+002
-8.342741e+002
2.943062e+002
-5.910859e+002
3.332983e+002
4.758310e+002
2.397996e+002
-2.497093e+002
-1.614210e+002
-1.634236e+002
-1.369437e+002
-2.249730e+002
-3.695004e+002
-1.692714e+002
-6.231271e+001
6.142233e+002
-1.480812e+002
7.497731e+001
-6.594216e+001
-7.159635e+001
3.304390e+002
4.123864e+001
-4.000011e+002
-5.242684e+002
-3.281264e+002
3.090013e+002
-3.493294e+002
4.307256e+001
1.064260e+002
-6.542338e+002
2.923106e+002
-2.815712e+002
4.958314e+002
7.052121e+002
4.468925e+002
-1.223852e+002
-4.797058e+002
8.162736e+000
-2.215997e+002
-5.059060e+002
7.937516e+001
7.804246e+002
9.273862e+002
1.036402e+003
1.210724e+002
1.573217e+002
-5.723060e+001
-3.200760e+002
-2.510746e+002
-2.494957e+002
-1.359768e+003
-4.267815e+002
-4.561380e+002
-1.139804e+003
-8.006909e+002
4.973589e+002
-1.816476e+002
1.553678e+002
2.535769e+002
1.929371e+002
-4.689311e+002
-3.934854e+002
-4.545110e+002
1.847695e+002
-2.374009e+002
-4.043166e+002
-5.972978e+002
-3.476901e+002
-5.741845e+002
-2.717352e+002
-1.556948e+002
4.211261e+001
2.537637e+002
6.566064e+002
1.723370e+002
6.307352e+002
-1.162930e+003
8.837954e+000
-1.467381e+002
1.972093e+002
1.993282e+002
2.162378e+002
3.476392e+001
-2.655547e+002
-4.578575e+002
2.711735e+002
-3.778162e+002
4.454682e+002
4.931624e+002
4.594153e+002
1.408198e+002
3.313462e+002
-2.750133e+001
-6.214396e+002
5.171671e+002
-2.073001e+002
-1.119029e+002
3.549437e+001
-2.957311e+001
4.276456e+002
3.073335e+002
-2.294489e+002
-5.609026e+002
-8.452340e+001
6.764230e+001
1.424005e+002
4.563926e+002
2.354725e+002
7.878260e+001
-4.933611e+002
1.371357e+003
3.608285e+002
9.983801e+001
1.363714e+002
-5.651965e+001
-7.008324e+002
7.358918e+001
2.039996e+001
3.136515e+002
2.924466e+002
-1.977781e+002
-2.578346e+001
-6.509138e+002
-2.361732e+002
-7.053213e+002
-1.133104e+003
-4.251695e+002
-8.786718e+002
-8.897065e+002
-7.796227e+002
-3.717054e+002
-2.862610e+002
6.583872e+001
2.763267e+002
-9.687938e+001
-8.267752e+001
1.147792e+002
7.214570e+002
1.674680e+002
5.812533e+002
6.736317e+001
-8.049816e+002
-4.668451e+001
-3.032576e+002
2.491509e+002
3.476526e+002
2.423065e+002
-1.790145e+002
3.890822e+002
-6.661202e+002
2.165768e+002
-1.504706e+002
-1.102918e+003
4.075130e+002
1.342708e+002
1.551914e+002
6.590906e+002
3.713788e+002
2.829761e+002
5.500307e+001
-3.826911e+002
-5.814860e+002
-1.032081e+000
-4.948276e+002
-2.508058e+002
-4.648834e+002
-5.321682e+002
-4.014857e+002
-7.652442e+002
-1.625773e+002
-8.473389e+002
-7.809429e+002
-1.069299e+002
-4.756155e+000
-2.707120e+002
9.079942e+001
1.726737e+002
1.658110e+002
-1.016008e+003
-1.036371e+003
5.796114e+001
-6.499902e+001
1.776567e+003
3.464625e+002
-2.142748e+002
3.374363e+001
-5.615394e+002
-7.331363e+002
7.791602e+002
3.484178e+002
-2.063297e+002
1.162176e+002
-1.185314e+002
3.520357e+002
-2.745261e+002
1.800002e+002
-5.824026e+002
2.986028e+001
-4.554849e+002
-3.070963e+002
-3.051723e+002
-2.829927e+002
-5.987529e+001
6.485472e+002
1.837901e+002
1.317347e+003
-1.401444e+002
7.494868e+001
2.813044e+001
2.587328e+002
-1.806451e+002
-3.548909e+002
-6.487944e+001
1.000947e+003
-4.117524e+002
7.201647e+002
4.038809e+002
-2.760247e+002
6.156360e+002
-4.286270e+002
-1.838644e+002
-2.953394e+002
2.411485e+002
4.460990e+002
2.285901e+002
-1.195319e+003
-6.872717e+001
3.098704e+002
-3.616011e+002
-1.633223e+002
2.389508e+002
1.592420e+001
7.579714e+002
2.836656e+002
-1.283991e+002
8.068519e+001
-5.818356e+002
3.893388e+002
4.002434e+002
7.576509e+001
1.278612e+003
3.344788e+002
3.644689e+002
2.467905e+002
-1.644447e+002
4.684025e+002
5.813182e+003
2.816696e+002
-1.051281e+003
-6.081812e+002
-3.427673e+002
5.411291e+002
-3.070355e+002
-1.429640e+002
-1.819115e+001
-3.811385e+002
2.153273e+002
1.779705e+001
-2.909784e+002
-3.156926e+002
-3.550803e+001
-3.524730e+002
-4.508212e+002
4.475809e+002
-1.954872e+002
1.542772e+003
-1.647461e+002
-9.825156e+001
-4.317427e+002
1.717858e+002
-1.288805e+002
1.226186e+002
-4.711039e+002
3.005442e+002
2.776532e+002
4.699816e+002
-8.102132e+002
-3.264713e+000
-5.432200e+002
-1.973886e+002
5.929736e+002
5.024160e+002
8.685857e+001
4.750668e+002
-2.134164e+002
2.281629e+002
3.364874e+001
-5.661713e+002
-4.590432e+002
-2.107741e+002
-1.548360e+002
-2.657433e+002
-7.991953e+001
-2.617926e+002
1.651952e+003
2.694750e+002
1.262417e+002
-2.416460e+002
3.061659e+002
-6.286740e+001
-1.371784e+002
-7.220397e+002
2.310773e+002
3.140467e+002
-3.208195e+002
-3.666938e+002
6.219736e+001
-3.674829e+002
2.886082e+002
-1.051660e+002
-4.083700e+002
-2.291945e+002
-1.789837e+002
-2.487967e+002
8.326703e+002
-1.494525e+002
3.039769e+002
2.596345e+002
5.961736e+002
-3.167071e+002
4.472756e+002
7.336422e+002
-4.449371e+002
-2.114623e+002
-4.015982e+002
-1.943340e+001
5.888183e+001
1.275950e+002
-3.310915e+002
-2.322356e+001
1.009582e+002
2.082176e+002
2.310309e+003
9.042296e+002
-1.273258e+002
2.307116e+002
1.804912e+003
-4.486268e+002
6.519453e+002
-1.561343e+002
6.975624e+002
-4.899748e+002
-2.607181e+002
5.168029e+001
5.104600e+002
-5.127408e+002
7.007368e+002
-5.364529e+002
-2.140074e+002
5.779591e+002
2.052290e+002
-5.118640e+002
-2.124853e+002
-2.452539e+002
-2.364959e+002
2.469865e+002
1.904479e+002
-1.446206e+002
3.353734e+002
4.960645e+002
3.324392e+002
4.032798e+002
2.099528e+001
-1.660251e+002
-5.037200e+002
1.355451e+002
-4.801471e+001
-7.325775e+002
-4.119026e+002
-3.891880e+002
1.781399e+002
-6.229946e+002
6.479317e+001
-1.677200e+002
-1.091226e+002
7.131892e+002
2.339824e+001
-2.939531e+002
-2.736896e+002
-5.112344e+002
-3.318608e+002
1.473731e+001
-2.295467e+002
7.238717e+002
5.080807e+002
2.168883e+002
1.360011e+002
-1.241874e+002
-9.034317e+002
6.280266e+002
5.550835e+001
8.728188e+002
2.001812e+000
2.446338e+002
4.839513e+001
1.230680e+003
8.441337e+001
-3.005126e+002
2.103667e+001
2.805546e+002
4.447163e+002
-5.790651e+002
4.272967e+003
4.745114e+002
-1.344106e+002
8.463959e+002
-5.727495e+002
2.374709e+002
5.876486e+002
9.259231e+002
-6.198661e+002
6.931361e+002
-3.264746e+002
-1.800874e+002
-9.844392e+001
1.726131e+002
-2.442363e+002
8.117792e+002
6.190306e+002
9.426751e+002
3.093730e+003
-4.162290e+002
3.548061e+001
-4.698850e+002
1.421052e+002
2.626570e+002
6.819283e+002
7.265182e+001
2.371761e+002
1.260724e+002
-7.291385e+002
1.155772e+002
1.475096e+002
1.201508e+003
5.282120e+002
4.393081e+002
-2.751978e+002
-1.017859e+003
-2.744922e+002
1.446043e+000
3.058713e+002
3.218927e+002
3.590843e+002
2.537430e+001
1.424603e+003
-1.939556e+002
-2.245526e+002
-3.683921e+002
-1.198219e+002
3.116214e+002
1.080114e+003
1.310844e+002
7.758411e+000
2.013266e+002
1.163842e+002
-6.188262e+002
2.532825e+002
2.123315e+002
1.628732e+003
-1.891566e+002
6.250347e+002
-5.883922e+002
2.812680e+002
4.678086e+002
-1.811743e+002
-2.427755e+002
-3.505493e+002
2.653682e+002
5.171217e+001
-5.318561e+002
-5.245890e+001
1.447310e+002
-1.694341e+002
-3.844722e+001
4.147790e+002
1.899018e+002
7.615981e+002
3.406549e+002
-3.201916e+002
1.035679e+003
4.428527e+002
-2.111344e+002
-2.415206e+002
4.750525e+002
1.807249e+002
-3.205757e+001
9.485789e+002
1.610627e+002
-7.012530e+001
-3.699614e+001
-7.247335e+002
1.302403e+003
8.167012e+002
-2.547291e+001
8.424805e+002
-6.541202e+001
-4.213868e+002
-3.297927e+002
1.292318e+003
3.558758e+002
2.585258e+001
1.597685e+002
3.802333e+002
6.599130e+002
-1.999758e+002
5.748486e+001
4.646648e+002
8.632716e+002
2.009251e+002
1.863321e+002
3.437574e+002
-7.767291e+002
9.089711e+002
-2.462098e+002
4.059576e+002
-4.664723e+002
-2.220036e+002
-4.021606e+002
9.704398e+001
7.670479e+002
1.480410e+003
7.155623e+002
7.570446e+002
-4.212316e+002
-2.486035e+002
6.458077e+002
3.268907e+002
-1.018142e+002
2.322279e+002
-1.751187e+002
-2.540776e+002
2.057324e+002
-3.315299e+002
2.394967e+001
4.630048e+002
2.119939e+002
-2.945508e+002
1.020564e+002
1.031418e+003
-1.314698e+002
8.441896e+002
5.227831e+002
2.549307e+002
-3.942026e+001
-6.338504e+001
4.982523e+002
-2.074292e+001
-4.317002e+002
-2.517899e+002
1.233937e+003
-1.937394e+002
-4.151848e+002
-2.993313e+002
-6.439420e+001
-2.340516e+001
1.170893e+002
-4.474330e+001
6.114152e+002
3.334945e+002
6.561583e+001
4.423362e+002
-2.907955e+002
8.028995e+002
7.720636e+002
3.563197e+002
1.240328e+002
4.838793e+002
7.999640e+002
4.878995e+002
-1.825648e+002
-7.030728e+002
4.677161e+002
5.029186e+002
-1.985304e+002
9.363912e+001
-3.371012e+002
-4.011772e+002
-1.976942e+002
1.386137e+002
3.315801e+002
5.362599e+002
-6.108825e+001
-6.055256e+002
9.605355e+002
7.358511e+001
1.166176e+002
2.157417e+002
1.353269e+002
1.537082e+003
8.181064e+002
-4.494878e+002
-1.139089e+002
-2.079385e+002
-8.896899e+001
2.138142e+003
-1.352595e+002
-7.828497e+002
4.519415e+002
-1.570185e+002
1.444302e+002
2.487926e+002
-2.322770e+002
-6.849401e+002
1.462215e+003
8.107617e+002
-8.933815e+001
3.172121e+002
1.955561e+002
-7.132992e+001
-4.311381e+002
3.649263e+002
4.730953e+002
1.291615e+003
8.411556e+002
4.750139e+001
4.429044e+001
7.563678e+002
6.655824e+001
-4.043260e+002
-1.964520e+002
3.491652e+002
3.128450e+002
1.300465e+003
4.619496e+002
1.527026e+000
4.533109e+002
-8.583452e+002
4.537762e+002
-1.389056e+002
-2.747793e+001
2.442959e+002
1.623264e+002
-4.748835e+002
5.880257e+002
2.362148e+002
-1.131127e+001
-2.997434e+002
-5.277403e+002
3.440188e+003
-2.813712e+002
3.022142e+002
4.277791e+002
3.710487e+002
8.386974e+002
6.465327e+002
7.757401e+002
2.205419e+002
-7.994836e+002
1.457467e+001
8.271330e+002
-3.732683e+002
-1.178380e+002
-2.094086e+002
5.912521e+002
-7.472929e+001
-9.635172e+001
3.906810e+002
-5.762186e+001
1.301555e+002
6.245705e+001
1.586493e+003
-4.585027e+002
2.592255e+001
3.134530e+002
3.950451e+002
1.109417e+002
3.857751e+002
-4.875144e+001
-1.207593e+002
-5.872122e+002
-4.397019e+000
-3.170243e+002
5.219384e+002
-3.747401e+002
-2.468472e+001
2.855754e+002
-5.429002e+001
1.786782e+002
9.767287e+002
-2.038722e+002
7.765568e+002
-3.026796e+002
-2.358780e+002
3.035149e+002
-2.670050e+002
8.465064e+002
-2.153382e+001
1.663569e+002
8.729598e+002
-3.522270e+002
-2.563286e+002
4.825280e+002
-5.862542e+001
4.853433e+002
-5.907633e+001
7.538821e+002
1.217139e+003
6.931338e+002
9.596457e+001
4.489184e+002
2.423272e+002
1.248551e+002
-7.679826e+001
1.570504e+002
6.088923e+002
1.608431e+003
-4.905779e+002
-2.345786e+002
-1.811222e+002
9.053793e+001
-1.001923e+002
-3.396140e+002
-3.075812e+002
3.611689e+002
4.884733e+002
-5.555245e+001
-2.739476e+002
-1.119187e+003
-5.409670e+002
3.293674e+002
3.367221e+002
1.363024e+002
4.613333e+002
4.807433e+002
5.606201e+002
5.236334e+002
-1.315069e+002
-6.340926e+002
-2.726644e+002
5.405724e+002
5.373630e+002
-6.024786e+002
-2.284277e+002
8.691161e+001
-4.919619e+002
6.438684e+001
8.567817e+002
-3.356021e+002
-5.249189e+002
-4.034111e+002
-4.711714e+002
-2.703463e+002
-2.217704e+002
-4.550369e+002
2.837562e+002
4.305137e+002
2.191667e+001
1.451619e+002
-7.997449e+002
-4.062564e+002
-1.510288e+002
5.459251e+001
2.109175e+002
9.362616e+001
1.076051e+002
-6.968279e+002
1.789296e+002
1.258875e+003
5.184456e+002
-7.221226e+001
-3.441566e+002
-3.322055e+002
-5.721483e+002
7.354432e+002
-2.821491e+002
9.048484e+002
8.399440e+001
-2.818548e+002
-5.761515e+001
-5.254426e+002
-2.599657e+002
-2.617442e+002
-1.797642e+002
-6.555984e+002
1.091322e+003
-6.128817e+002
