0
0
0
783
1717
0
0
0
0
0
0
0
0
0
0
0
0
0
0
0
0
0
1736
1710
0
0
0
0
0
0
0
0
0
0
0
0
1148
0
0
0
0
0
0
0
0
0
0
0
0
2207
2887
0
0
1160
0
0
0
1521
1865
0
224
106
0
2367
0
0
4573
3770
0
0
0
3112
1059
378
0
0
1234
0
0
0
539
0
0
0
1618
1344
2263
0
0
0
0
0
0
0
0
0
0
3766
612
0
0
0
0
0
0
0
0
0
0
0
2778
0
0
0
0
0
524
0
0
0
2669
0
0
1740
2652
2011
2647
741
0
0
0
0
0
0
0
0
1347
0
0
1036
295
0
0
0
0
0
0
0
0
0
0
0
0
0
0
0
405
0
996
2563
0
0
0
40
51
0
0
0
0
0
29
0
0
0
1298
4188
3627
728
0
0
0
0
0
0
0
0
67
242
0
0
0
0
0
0
0
0
0
0
0
0
0
0
0
0
0
0
0
0
1071
0
0
0
0
0
0
0
0
0
0
0
49
0
0
240
0
0
0
0
0
0
0
0
0
420
0
0
0
0
1368
12
0
0
594
0
0
0
0
324
1373
2769
0
0
0
0
0
3540
1828
0
0
0
0
0
0
0
0
0
0
0
0
0
0
0
877
0
0
0
0
0
0
0
0
0
0
0
0
5
0
0
0
0
0
0
0
0
0
0
0
0
166
0
0
0
0
0
0
0
0
0
0
0
0
374
1537
349
708
1512
0
4651
4166
181
0
0
0
1174
1207
1858
470
238
1165
1
262
0
0
0
749
623
1770
1365
212
911
1145
0
77
0
0
0
0
613
622
1259
410
0
518
1819
3151
2451
0
0
0
0
0
0
1788
725
107
0
0
0
0
0
0
0
0
0
0
1227
0
0
0
0
0
0
0
0
0
0
0
0
1399
0
0
0
165
0
282
0
0
0
885
0
0
0
0
0
0
0
0
389
0
0
0
2364
0
0
0
0
519
1296
225
0
0
0
0
0
1158
0
0
0
46
513
386
0
0
0
0
0
0
0
0
0
0
396
0
0
0
0
0
0
1148
2133
0
412
0
0
0
0
0
628
0
0
0
0
0
0
992
0
0
0
0
0
0
0
0
0
0
124
254
285
0
0
193
0
0
0
0
0
3058
2890
201
0
0
0
935
455
0
0
0
0
0
0
0
0
0
0
0
0
0
0
0
0
0
1865
2208
0
0
0
0
0
0
0
445
471
272
0
16
0
0
0
0
0
0
0
0
0
0
0
0
0
0
0
0
3321
1486
0
605
0
0
0
0
0
0
0
2008
1235
0
0
0
0
0
0
0
0
0
1162
1111
0
0
0
0
0
390
126
0
1461
764
817
1796
430
0
0
0
0
577
0
0
468
2975
703
0
0
74
0
0
1095
0
0
0
0
0
0
0
0
0
0
0
1548
913
0
0
0
0
0
0
0
0
0
0
0
0
0
0
0
0
0
0
0
0
0
0
0
0
857
592
0
0
0
0
0
0
0
0
0
0
604
0
0
0
0
0
0
0
0
0
0
0
0
0
0
0
0
0
0
0
0
0
0
0
354
512
0
0
406
0
0
0
0
0
0
0
0
0
0
0
0
0
0
523
0
0
0
0
0
0
0
0
0
0
0
0
0
743
0
0
0
0
0
0
0
0
0
0
0
0
850
0
0
0
0
0
0
0
0
1883
732
0
0
662
536
0
384
0
0
0
0
0
0
887
0
0
0
0
0
0
0
0
0
0
0
0
0
0
0
0
0
0
0
0
0
0
0
0
0
0
0
0
0
0
0
0
0
0
0
0
0
0
0
0
0
0
0
0
0
0
409
1106
0
0
0
0
0
299
0
0
0
0
38
2881
520
0
0
0
0
0
0
0
0
0
0
0
0
1089
3035
0
0
0
0
503
616
0
0
0
0
0
0
0
0
0
0
0
1193
0
0
0
0
0
0
0
206
0
0
0
0
374
0
0
0
23
62
0
0
0
0
0
0
0
566
1377
0
0
0
1761
2743
800
0
0
0
0
0
0
1043
0
0
0
0
0
0
0
0
0
0
0
0
636
0
0
1606
2695
643
0
0
0
0
0
0
0
1016
730
0
0
0
0
0
0
0
0
0
0
0
384
417
0
0
0
0
0
0
0
0
0
0
0
168
596
114
0
0
0
999
90
0
0
0
0
0
0
456
354
0
0
0
647
2766
0
0
0
0
0
0
0
280
1017
398
0
0
0
0
0
144
0
0
0
477
113
0
0
0
0
0
0
0
0
1047
768
282
215
0
0
0
0
0
0
0
0
0
1588
123
0
0
0
0
0
0
0
0
0
0
0
0
0
0
0
0
0
0
0
0
0
0
0
0
0
0
0
0
0
0
0
0
0
0
846
0
0
156
0
0
178
0
0
0
414
0
0
0
121
0
0
0
0
0
0
0
0
0
0
0
0
0
0
0
0
0
0
0
0
0
0
0
0
0
0
0
0
0
0
0
0
0
0
0
0
0
0
0
0
0
0
0
0
0
0
0
0
0
0
0
0
0
0
0
0
0
299
1
0
0
2507
0
0
0
0
0
2112
1024
1177
0
0
0
0
3493
0
0
0
0
0
0
0
193
0
0
0
0
0
0
0
0
0
0
0
0
0
34
0
0
0
0
0
0
0
0
0
0
0
0
0
0
0
0
0
3723
923
0
0
0
0
0
92
0
713
0
0
0
708
1128
0
0
0
0
0
677
0
0
0
0
0
0
0
0
0
0
0
0
0
0
0
0
0
0
0
0
0
0
0
543
0
0
0
0
0
0
0
0
0
0
0
0
0
0
0
0
0
0
0
0
0
0
1737
0
0
0
0
0
0
0
0
0
0
0
280
1658
0
0
0
0
0
0
0
0
1476
0
0
0
0
0
0
1199
0
547
0
0
0
0
0
1237
0
0
0
0
0
0
0
0
0
0
0
0
0
0
0
0
0
0
0
0
0
0
0
0
0
0
0
0
0
0
0
0
0
0
0
0
0
0
0
0
0
0
0
0
0
0
0
484
1349
0
0
0
0
0
1632
0
0
0
0
0
0
0
0
0
0
0
0
0
0
0
0
0
0
0
0
0
0
0
0
0
0
0
0
0
0
0
0
0
0
0
276
0
0
0
0
0
0
704
0
690
546
37
0
0
0
0
0
0
0
0
413
0
206
0
0
0
0
0
0
0
0
0
0
730
0
0
0
0
0
0
0
0
0
0
0
0
75
0
0
0
0
0
0
0
0
0
0
0
0
0
0
1170
0
0
0
0
0
561
674
0
197
0
0
0
0
0
0
0
0
0
0
0
0
0
0
0
0
0
0
0
0
0
0
0
0
0
0
0
0
0
0
0
0
0
0
0
0
0
0
0
138
0
0
0
0
0
0
0
0
0
0
0
0
0
0
0
0
0
0
0
0
0
0
0
38
379
0
1060
0
0
0
0
0
0
0
0
0
0
0
2812
471
0
0
1028
943
0
0
0
0
0
0
2477
1305
0
1248
201
0
0
0
0
0
0
0
216
1472
0
0
0
270
66
0
115
0
0
0
0
0
0
0
0
303
0
858
1059
0
0
0
0
0
0
0
0
0
0
0
1879
0
0
0
0
0
62
0
0
0
0
0
0
0
0
0
0
3099
518
0
0
0
0
0
0
0
0
0
0
251
261
0
0
0
0
0
333
0
393
1423
121
0
0
915
0
0
0
410
0
0
0
401
65
0
0
0
1260
0
0
0
0
0
148
0
0
1667
0
0
0
0
0
0
0
0
0
0
0
0
469
0
0
0
0
0
0
0
0
0
0
0
0
114
0
0
0
0
0
0
52
0
0
0
0
0
0
2420
0
0
0
0
0
0
0
0
0
0
0
0
263
0
0
0
0
0
873
0
0
0
0
0
0
0
225
0
0
0
949
0
0
0
0
0
0
0
0
0
0
0
0
0
1063
305
161
512
0
0
0
0
0
0
0
0
0
0
1965
1794
1074
0
0
0
0
0
0
0
0
0
0
0
778
704
0
0
0
0
0
0
0
0
0
0
969
2092
478
329
0
45
0
0
0
1423
567
0
906
0
2735
655
0
0
0
0
0
0
3507
1815
0
562
805
2121
968
0
0
0
281
0
0
123
0
0
1596
3095
2462
876
0
0
0
0
0
0
0
0
0
0
1574
2218
330
0
0
0
0
0
0
0
0
0
0
0
1225
1092
0
0
0
1037
0
0
0
0
0
0
0
0
452
0
0
0
0
0
0
0
0
0
0
393
0
0
4
0
0
0
0
0
0
0
0
991
797
1024
1187
220
450
2278
1769
0
0
0
0
905
2020
1515
912
1254
0
0
0
1306
1577
1059
0
0
324
0
0
0
0
337
648
0
392
2617
1368
0
0
462
1350
309
0
0
180
420
277
0
0
0
0
0
1246
810
826
1090
0
0
0
1986
3522
0
0
0
0
0
0
0
1445
0
363
0
0
0
0
0
0
0
0
0
0
599
0
398
0
0
0
197
0
0
0
0
0
0
0
0
639
0
0
1352
1401
0
971
3922
352
0
273
1455
0
384
0
0
1934
1414
0
438
2698
239
0
66
907
327
0
0
0
0
983
0
0
1304
0
0
0
755
1225
0
0
0
465
1304
0
0
0
0
0
0
67
1950
0
0
0
0
0
0
0
0
0
0
0
0
1978
217
0
0
0
0
0
0
0
0
0
0
0
822
424
0
0
0
0
2193
410
0
0
683
250
0
0
62
368
24
257
0
0
0
0
0
0
0
273
0
0
0
0
0
104
1410
0
0
0
0
0
550
0
0
604
0
0
1338
0
0
0
0
0
0
547
0
50
1752
0
0
0
0
0
0
0
716
0
1461
60
510
0
0
0
0
1108
0
0
0
0
0
479
820
219
0
0
0
0
0
0
0
0
0
0
0
0
20
1587
2294
0
0
0
0
0
0
0
0
0
0
0
0
0
0
0
0
0
0
0
0
0
0
0
0
0
0
0
0
0
0
0
0
0
0
0
0
127
0
973
0
0
0
0
159
0
0
0
0
0
138
0
0
0
0
0
305
73
0
0
0
0
0
345
0
0
0
0
0
0
378
0
0
0
0
0
0
601
0
0
0
0
0
1188
0
0
0
0
0
404
0
0
0
0
0
0
0
0
573
543
946
958
1205
0
0
0
0
0
0
0
0
0
1260
555
982
596
0
405
0
0
0
0
243
0
0
0
0
0
191
0
0
0
0
0
0
0
0
0
0
0
0
0
598
0
0
0
0
0
0
247
2518
0
58
0
0
46
0
0
659
472
0
0
181
0
482
332
0
0
0
0
0
858
985
0
0
0
0
0
105
150
0
425
0
0
0
1090
0
0
0
0
0
0
0
0
678
0
0
0
0
0
0
0
0
0
0
0
0
368
0
0
0
0
138
1170
547
0
0
0
0
0
333
4257
0
0
0
0
0
0
578
0
0
0
0
0
1738
0
0
0
0
0
0
45
0
0
149
0
0
314
0
0
604
1438
823
254
0
0
176
0
0
0
0
0
0
0
0
0
0
0
0
484
282
0
0
0
0
0
0
0
0
0
0
0
0
0
761
0
0
0
0
0
0
0
0
0
0
0
0
1300
0
0
0
0
0
0
0
0
475
0
0
0
403
0
1700
657
0
0
0
0
1959
6918
1386
0
0
0
0
0
0
0
0
0
0
0
0
0
0
0
0
0
0
0
0
0
0
0
0
0
0
0
0
591
0
0
0
0
0
0
0
0
0
0
0
0
1431
0
0
0
0
0
0
4246
78
0
803
899
0
73
0
0
0
0
0
0
442
0
0
1325
0
0
368
0
0
0
0
0
0
0
0
600
0
0
0
661
0
0
1987
795
1133
3138
3299
0
0
0
0
1727
990
629
0
0
0
343
890
0
0
455
0
0
1948
0
0
0
0
0
0
0
0
121
0
0
0
0
0
0
0
0
0
0
0
961
967
0
0
0
869
0
0
0
0
0
0
0
0
0
847
0
0
1222
0
0
0
0
0
0
0
0
0
3385
653
0
2443
0
0
0
0
0
0
895
0
0
0
0
0
860
0
0
0
0
0
0
1262
504
0
0
0
0
132
0
0
0
0
0
0
0
0
0
0
1162
585
159
0
0
0
0
0
0
0
0
0
0
313
0
0
0
0
0
76
0
0
0
0
0
0
1592
894
0
0
0
0
0
0
0
0
0
0
0
1493
1470
0
0
0
0
0
0
0
0
0
0
0
285
650
0
0
0
0
0
0
0
0
0
0
0
0
0
0
0
0
0
0
0
0
0
289
1278
2851
21
0
866
20
0
0
0
0
0
0
0
0
0
0
0
0
0
0
764
0
28
0
0
0
0
0
0
0
0
556
1874
1894
2406
2757
170
0
0
0
0
0
0
0
436
1243
0
0
0
0
0
0
0
0
0
0
0
633
2051
0
0
0
0
0
0
127
1172
0
0
0
0
0
0
0
0
1186
0
0
0
0
0
0
0
0
0
0
0
2203
1198
0
0
0
0
0
0
0
173
992
2539
1120
1838
0
0
0
1542
729
0
76
0
279
268
1780
2009
2239
0
0
0
0
0
0
0
0
0
0
0
0
0
0
0
0
0
0
0
0
0
0
0
0
0
0
0
0
0
0
0
0
360
0
0
0
0
0
0
0
0
319
0
0
1003
477
0
860
2112
1151
0
0
2587
4871
3435
321
598
2864
1230
49
139
244
0
0
0
0
0
0
0
0
0
0
0
0
0
0
0
1137
340
0
1614
3330
0
0
0
0
77
0
0
0
0
2051
1928
0
0
0
0
0
0
0
0
0
0
0
0
0
0
0
0
0
0
142
156
0
0
0
561
0
0
0
0
0
0
0
0
672
0
0
0
0
0
0
0
0
0
0
0
0
1292
1520
0
0
0
0
0
0
0
0
0
0
0
902
757
0
0
0
0
0
0
0
0
0
0
0
1135
673
0
0
0
0
0
0
0
130
0
0
0
957
0
0
117
0
0
0
0
181
0
0
0
0
15
0
0
0
0
0
0
0
0
0
0
0
0
0
0
0
0
408
1933
1656
0
0
0
0
0
0
192
0
633
504
0
0
0
293
233
0
0
0
0
0
0
0
0
0
0
1528
2669
2229
189
0
0
0
0
0
0
0
0
2290
3224
0
0
0
0
0
0
0
0
0
0
0
0
0
0
0
0
0
0
0
0
0
0
232
872
0
0
0
0
0
0
0
0
0
0
0
0
0
0
393
0
0
0
0
0
0
0
108
0
0
0
419
1752
708
0
0
0
0
0
0
0
0
0
0
0
0
0
486
714
0
0
0
0
0
0
35
0
0
0
0
113
1548
0
0
0
0
0
0
0
0
0
0
0
0
0
0
0
0
0
0
0
0
0
1261
1358
0
0
0
0
0
0
0
0
0
0
0
2506
2432
0
0
0
0
0
0
0
0
0
0
0
310
0
0
0
0
0
0
241
0
0
0
0
0
0
0
184
0
0
0
452
1202
0
0
0
0
0
0
0
0
0
0
0
0
0
244
692
0
0
0
0
0
0
538
1521
610
0
202
0
0
0
0
0
0
0
316
1044
379
1524
0
0
0
0
0
0
0
0
2567
6371
0
0
455
0
0
368
0
0
0
0
0
0
0
0
0
0
0
0
0
0
0
0
0
0
0
0
0
0
0
0
1058
0
0
0
0
0
0
0
0
0
0
0
0
1688
0
0
0
0
0
0
0
0
0
0
0
0
337
0
0
0
0
0
0
838
0
0
0
0
138
0
1266
633
0
0
0
0
0
0
0
0
0
0
0
0
2108
0
0
1184
0
0
0
0
0
0
0
0
0
310
0
0
429
0
0
0
0
0
1527
0
408
0
0
0
0
0
38
0
0
0
0
0
0
1291
0
675
1406
714
0
0
0
0
0
0
0
0
0
0
0
690
0
0
0
0
0
0
0
0
0
0
0
0
0
0
0
0
0
0
0
0
0
0
0
0
0
0
0
0
0
0
0
0
0
0
0
0
0
0
0
0
0
0
0
1407
0
0
0
0
0
0
0
193
0
0
0
0
3966
0
0
0
0
0
0
445
0
0
0
0
0
0
0
0
0
0
0
0
0
0
0
0
0
0
0
0
0
0
0
0
0
0
0
0
0
0
0
0
0
0
0
0
0
0
0
0
0
0
0
862
0
0
649
1964
0
0
0
0
0
0
0
0
204
0
0
0
0
0
0
435
0
0
0
0
0
0
0
0
0
0
0
0
0
0
0
0
0
0
0
0
0
0
0
0
0
0
0
0
23
1490
1909
9
0
0
0
0
0
0
465
0
889
2853
2961
1062
939
0
0
0
0
0
0
552
0
0
0
0
0
0
0
0
0
0
0
0
0
0
0
0
0
0
0
0
0
0
0
271
177
0
0
0
0
0
1394
0
0
0
0
0
0
0
800
0
0
0
2255
5117
0
0
41
0
0
0
0
1244
3276
1425
0
1761
0
0
0
1031
0
0
0
0
1637
4207
3493
0
0
0
0
0
1718
577
0
0
0
858
1287
1955
0
0
0
0
0
138
1546
0
0
0
0
0
0
0
0
0
0
0
1357
0
0
0
790
0
0
0
0
0
0
0
0
0
0
0
0
0
0
0
0
0
0
0
0
0
0
0
0
0
0
349
282
0
0
0
0
0
0
358
439
625
1133
1350
0
0
0
0
0
0
0
0
0
0
0
442
0
0
0
0
0
394
0
0
0
0
0
0
0
0
841
0
0
0
0
0
0
0
0
0
0
0
0
1499
0
0
0
0
0
0
0
0
1406
2466
391
0
0
0
0
0
0
0
0
0
0
0
274
1478
0
0
0
0
0
0
0
0
0
0
0
0
40
0
0
0
608
0
0
0
1355
1887
0
0
0
0
0
0
0
0
0
0
0
277
751
0
0
0
0
0
0
0
0
0
0
0
0
0
0
0
0
0
0
0
0
0
0
0
0
0
0
0
397
0
0
0
0
0
0
0
0
0
0
1106
1068
0
0
0
0
0
0
0
0
0
0
0
0
0
0
0
0
0
0
0
0
0
0
0
0
0
0
0
0
0
0
0
0
0
0
0
0
0
0
0
0
0
0
0
0
0
0
0
0
0
0
0
0
0
0
0
0
0
0
0
0
0
0
0
0
0
0
0
0
0
0
0
0
0
0
0
0
0
0
0
0
0
0
0
0
0
0
0
0
0
0
468
0
0
0
0
0
0
0
0
0
0
0
0
0
0
0
0
0
0
0
0
0
0
0
0
0
0
0
0
0
0
0
0
0
0
0
0
0
0
0
0
111
0
0
0
0
0
0
0
0
0
0
0
1569
0
0
0
0
0
0
0
0
0
667
0
0
0
0
0
0
0
0
0
0
0
0
496
0
0
0
0
0
0
0
0
0
0
0
1535
0
0
819
1152
0
297
0
0
0
0
0
490
525
0
0
760
0
0
1069
0
394
0
0
0
0
0
0
0
0
0
0
0
12
0
0
0
0
0
0
0
0
0
0
0
0
264
0
0
0
0
0
0
0
0
0
0
0
0
671
0
0
282
0
0
0
0
0
0
0
0
0
482
0
0
0
0
0
0
0
0
0
0
0
0
785
0
0
0
0
0
0
0
0
0
0
0
0
1448
0
0
0
0
0
0
0
0
0
0
0
0
126
0
0
0
0
505
0
0
0
0
0
1410
0
0
0
0
0
0
0
0
0
0
0
0
29
1181
166
0
0
0
0
0
0
0
0
0
0
1416
1898
0
0
0
0
0
0
0
0
0
0
2201
5561
257
782
0
0
0
5324
1047
0
0
0
1097
5241
1633
0
638
0
0
0
0
0
0
0
0
0
0
0
0
0
0
59
0
0
0
0
0
0
0
0
0
0
1079
0
0
0
0
0
0
0
0
0
0
0
89
755
0
0
0
0
0
0
0
0
0
0
0
0
64
0
0
0
0
0
0
0
0
0
0
0
0
152
0
0
0
698
0
0
0
0
0
0
784
0
0
975
0
0
915
0
0
0
0
2952
2432
0
0
0
293
0
0
0
0
0
0
1077
0
0
0
0
720
0
0
0
0
0
0
0
126
0
0
0
0
1424
0
0
0
0
0
0
0
0
0
0
0
0
0
0
423
0
0
0
0
0
0
0
0
0
1051
899
195
218
0
0
0
0
0
0
0
0
0
2905
262
0
0
0
0
0
0
0
0
0
0
2032
38
0
0
0
0
0
0
0
0
0
0
1520
855
0
0
115
0
335
0
0
0
0
0
0
0
0
0
0
0
0
0
0
0
0
0
0
0
0
0
0
0
0
0
0
0
1884
0
0
0
0
0
0
0
0
0
0
0
0
584
0
0
0
0
0
1017
0
0
0
0
0
0
0
352
0
0
0
602
1547
0
0
484
0
0
0
0
0
0
0
0
0
0
0
0
0
0
0
0
0
0
0
0
0
0
0
0
0
1418
655
0
0
0
0
0
0
0
0
0
0
0
1972
614
0
0
0
0
0
0
0
0
0
0
0
0
0
0
0
0
0
5137
4184
1366
0
0
0
0
0
0
0
0
0
0
0
0
3908
0
0
0
0
0
0
0
0
0
0
0
0
0
0
0
0
0
0
0
1085
0
0
0
193
92
0
0
0
136
202
124
1035
1383
2593
3922
2960
1182
757
3051
3872
2172
913
105
0
305
643
3225
4047
2208
0
0
0
1901
1780
636
0
0
1138
325
1094
0
0
0
0
0
0
0
0
225
1340
1408
0
0
0
0
0
0
0
0
0
330
0
150
0
0
0
0
0
0
0
0
0
0
0
0
0
0
0
0
0
319
0
0
0
0
0
0
0
0
1098
3764
2503
416
0
0
633
4564
4707
1055
0
0
0
0
0
0
0
0
0
0
0
0
0
0
201
0
0
0
0
0
0
0
0
0
0
0
0
166
155
0
0
0
0
0
0
0
0
217
0
0
0
0
0
0
0
0
0
0
0
0
0
0
0
0
0
0
0
0
0
0
0
0
0
0
0
0
0
0
0
0
0
0
0
0
0
0
0
0
0
0
0
0
0
0
0
512
0
0
0
0
0
0
123
0
0
0
0
0
0
0
0
0
0
0
0
0
0
0
0
0
0
0
0
0
0
0
0
0
154
0
0
0
0
0
0
0
0
0
205
0
0
0
550
0
0
0
0
533
0
0
0
0
0
0
0
60
0
0
0
1308
0
0
0
0
0
0
0
0
0
0
0
0
0
0
0
0
0
0
0
0
0
597
0
0
0
0
0
0
0
0
0
0
0
0
173
0
0
0
0
0
0
309
0
0
0
0
0
31
0
0
0
0
0
0
0
0
0
0
0
0
0
155
0
0
0
0
0
1452
1608
0
0
0
0
0
1335
0
0
0
0
573
2291
0
0
0
0
0
0
168
0
0
0
0
0
0
0
0
0
0
0
0
0
0
0
0
7
316
0
0
0
0
0
0
0
93
317
0
0
0
0
0
0
0
0
0
117
57
1619
0
0
0
0
0
0
0
0
0
0
1143
551
25
0
0
0
0
0
0
0
0
0
0
64
0
0
0
0
0
510
0
0
0
0
0
0
8
0
0
378
0
503
959
0
0
0
784
814
0
0
0
2063
4209
0
0
0
0
123
1555
516
0
0
0
0
658
407
0
0
0
0
0
667
0
0
0
0
273
0
0
0
0
0
0
0
0
0
0
0
0
385
0
0
0
0
0
0
0
0
0
101
0
0
0
0
0
0
0
0
0
0
0
0
0
0
0
0
0
0
0
0
0
0
0
0
0
0
0
0
0
0
0
0
0
0
0
0
0
0
863
0
0
0
0
0
0
0
0
0
0
0
0
1802
0
0
0
0
0
0
0
0
0
0
0
0
0
0
0
0
0
0
555
1473
0
0
0
0
0
0
0
0
0
0
0
0
0
0
0
0
0
0
0
0
0
0
0
0
0
0
0
0
0
0
0
0
0
0
0
0
0
0
0
0
0
0
0
0
0
0
0
0
0
0
0
2564
0
0
0
0
0
0
0
0
0
0
0
0
0
0
0
0
0
0
0
0
0
0
0
0
0
0
0
0
0
0
0
0
0
319
0
0
0
0
38
2812
0
263
0
0
0
0
0
0
0
0
0
0
0
0
0
0
0
0
0
0
0
0
0
0
0
0
0
0
0
0
0
0
0
0
0
0
0
0
0
0
0
0
0
0
0
0
0
0
0
0
0
0
0
0
0
0
0
0
25
0
0
0
0
0
0
0
0
429
1005
0
0
0
0
0
0
0
0
0
0
0
0
2435
1991
0
0
0
0
0
0
382
0
0
0
0
1111
1624
0
0
1108
0
0
0
0
0
0
0
0
0
733
0
0
0
0
0
0
0
0
0
652
0
0
384
37
0
0
0
0
0
0
0
0
952
0
0
0
767
0
0
0
0
0
0
0
0
0
0
0
0
1692
0
0
0
0
0
0
0
0
1692
3473
0
0
1593
0
0
0
0
0
0
0
0
1510
957
0
0
498
0
0
0
0
0
0
0
0
94
830
196
475
0
978
0
0
0
0
0
0
0
1857
2772
3152
0
0
0
0
1103
0
0
0
0
0
1791
2143
522
0
0
0
343
0
0
0
453
1751
1144
2158
614
0
0
0
814
0
0
0
1580
3417
2560
0
1132
1638
1116
260
0
1349
0
0
0
0
0
0
0
0
0
0
0
0
2535
0
0
0
0
0
0
0
0
0
0
0
0
3057
0
0
0
0
0
0
0
0
0
0
0
0
2303
0
0
0
0
0
0
0
0
0
0
0
0
1528
0
0
268
980
0
0
1743
1854
2127
864
144
0
1542
0
0
1635
585
0
0
0
306
2295
910
0
0
299
0
0
0
0
0
0
0
0
0
0
0
0
0
0
0
0
0
0
0
0
0
0
0
0
478
854
0
0
0
0
0
0
0
0
0
0
1431
2712
409
0
0
0
2674
0
0
716
1792
0
521
2204
996
0
0
0
0
0
0
0
339
0
0
332
0
0
492
0
0
0
0
0
0
0
0
0
0
0
0
0
0
0
0
0
0
0
0
0
0
0
0
0
0
0
0
0
0
0
0
0
0
0
0
0
0
0
0
0
0
0
0
0
0
0
0
0
0
0
0
0
0
0
0
0
0
0
0
0
0
0
0
0
0
0
0
0
0
0
0
0
0
0
0
0
0
0
0
0
0
0
0
0
0
0
0
0
0
0
0
0
0
0
0
0
0
0
0
0
0
0
0
0
0
0
0
0
0
0
0
0
0
0
0
0
0
0
0
0
0
0
0
0
0
0
0
0
0
0
0
0
0
0
0
0
0
0
0
0
0
0
0
0
0
0
0
0
0
0
0
0
0
0
0
0
0
0
0
0
0
0
0
0
0
0
0
0
44
0
0
0
0
0
0
0
0
0
70
633
80
0
0
0
0
0
0
0
0
0
697
1487
0
0
0
0
0
0
1194
459
0
0
0
35
2548
0
0
0
0
0
0
0
0
0
0
0
0
936
730
0
460
0
0
3290
0
0
0
0
0
4552
1911
0
0
0
0
0
0
0
0
0
0
0
423
0
0
0
0
0
0
0
0
91
28
1377
0
0
0
0
0
0
0
0
814
231
0
0
0
0
0
59
1176
0
352
1672
580
0
0
0
0
0
667
0
0
754
0
0
0
0
0
327
2333
0
1403
0
0
0
318
0
0
0
0
0
0
0
0
0
0
0
0
0
0
0
0
0
0
0
0
0
0
0
0
0
0
0
0
12
0
0
0
1600
2225
1679
0
0
0
0
186
0
352
0
71
1079
1664
0
0
0
0
0
0
0
0
0
0
0
2595
4416
0
0
0
0
0
0
0
0
0
0
1198
3442
1896
0
0
84
1772
1421
0
0
0
0
0
0
0
0
0
0
0
0
1939
1008
0
0
0
0
0
0
0
0
0
0
0
0
352
0
48
220
0
430
0
0
0
0
2837
1654
0
0
0
123
890
1316
0
0
0
0
1497
3346
0
0
0
0
0
0
0
0
0
0
457
647
0
0
0
0
350
0
0
0
0
0
0
0
0
0
0
0
0
0
0
0
321
0
0
0
898
1132
647
0
0
0
0
0
0
0
0
0
0
0
0
0
0
0
0
0
0
0
0
0
0
0
0
0
0
0
0
0
0
0
0
0
0
0
0
476
0
0
0
0
0
0
50
0
0
0
0
0
0
0
0
0
0
0
763
912
0
160
0
0
1570
0
0
0
0
605
0
0
0
0
0
0
0
3008
0
0
0
0
0
0
229
1116
0
0
0
0
0
0
0
0
0
0
0
611
490
0
0
0
0
0
0
0
0
0
0
0
287
0
0
0
0
0
0
0
0
0
0
0
0
574
0
0
0
0
0
0
0
0
0
0
0
1441
56
0
0
0
0
0
0
775
0
0
542
0
0
0
0
1532
508
0
0
0
0
572
3705
1542
924
0
0
0
1287
0
0
0
0
0
1578
836
0
1484
1167
0
0
0
0
0
0
0
0
603
0
719
2633
0
235
0
0
0
1978
0
0
0
0
1762
2000
49
0
1218
0
0
0
1234
1783
0
0
795
2261
627
0
273
1322
0
0
553
770
0
0
0
0
0
0
0
0
0
0
0
0
0
0
0
0
0
0
0
0
0
604
434
0
0
0
0
0
0
0
0
0
0
0
348
0
0
0
0
0
0
0
0
0
0
763
0
65
0
0
0
0
3970
5792
3071
0
0
1741
541
0
0
0
0
0
0
2860
3674
0
0
0
803
0
0
0
1291
1863
1774
0
0
0
0
0
0
0
0
0
0
6
0
0
0
0
0
0
0
0
0
0
0
0
0
0
0
0
0
0
0
0
0
0
0
0
0
0
0
0
0
0
0
0
0
433
0
0
0
0
0
0
0
0
0
101
944
1731
421
0
0
0
0
0
0
0
0
0
0
0
0
0
0
0
0
0
0
0
0
0
0
0
0
0
0
0
0
0
0
0
0
0
0
0
897
1926
0
0
0
0
336
122
0
0
0
0
134
3509
0
0
0
0
0
0
430
731
0
0
0
2528
1135
0
0
0
0
0
0
451
3240
2048
0
0
0
0
0
0
0
0
0
51
994
979
0
0
0
0
0
0
0
0
0
0
380
719
0
0
0
0
0
0
0
0
0
0
0
655
0
0
0
0
0
1281
156
0
0
0
0
0
0
0
481
93
638
0
0
0
1300
2003
2802
0
0
0
589
978
0
0
0
0
0
1310
2157
1643
0
0
815
43
463
910
0
0
0
0
0
0
0
0
1639
1794
0
0
0
0
0
0
0
0
0
0
0
2619
1570
0
0
206
0
1286
0
0
0
500
0
0
2236
980
0
0
0
0
0
0
0
0
0
0
1680
84
0
0
0
0
0
0
0
0
0
0
0
0
0
0
0
0
0
0
0
0
0
0
0
0
0
0
0
0
0
0
0
0
0
0
0
0
0
0
0
0
0
0
0
0
0
0
0
0
0
0
0
0
0
0
0
1416
213
0
0
239
0
0
6174
214
0
0
0
0
596
799
996
3131
2191
0
0
765
0
0
0
0
0
0
0
0
0
0
0
0
0
0
0
0
0
0
294
0
0
0
0
0
0
0
0
0
0
0
0
0
0
0
0
0
0
0
0
0
0
0
0
0
0
0
0
0
0
0
1678
0
0
0
0
0
0
0
0
0
0
0
0
0
0
0
0
0
0
0
0
0
0
0
0
0
0
0
0
0
0
0
0
0
721
0
0
0
0
0
0
0
0
0
0
0
0
0
0
0
0
0
0
0
351
0
0
0
0
0
0
0
0
0
0
0
0
0
49
0
0
0
0
0
0
0
0
0
0
0
0
1565
0
0
40
0
0
88
0
0
0
0
0
1847
4530
658
0
656
0
0
0
0
0
934
2998
0
0
1894
1371
0
0
0
0
0
0
0
1054
3744
0
0
0
754
0
0
0
0
310
0
0
0
3678
0
0
0
1010
0
0
0
0
0
0
0
0
0
0
0
0
2373
0
0
0
0
0
0
0
710
0
0
0
0
3283
0
0
0
0
0
0
0
0
0
0
0
0
0
0
0
0
0
0
300
0
0
0
0
0
0
61
0
0
0
0
0
1920
591
0
0
0
0
1892
0
0
965
183
380
0
0
0
0
0
0
3034
3412
0
0
0
0
0
0
0
0
0
0
0
0
0
0
0
0
0
0
0
0
0
0
0
0
0
0
324
0
0
0
0
0
0
0
0
0
0
0
0
0
0
342
0
1453
85
0
0
0
0
0
2351
0
0
0
407
0
0
0
1690
1111
0
0
0
0
0
11
0
1168
0
0
0
0
0
0
0
0
0
0
344
0
699
988
0
0
0
0
0
0
0
0
0
0
0
0
0
0
0
59
275
0
0
0
0
0
0
234
0
0
0
0
0
0
0
0
0
0
0
0
592
715
0
0
0
0
0
0
0
0
0
0
0
0
2249
0
0
0
0
0
313
991
0
0
0
0
0
1517
2103
0
0
0
0
0
0
0
0
0
0
0
0
0
0
0
0
0
0
0
0
0
0
0
0
0
0
0
0
0
0
0
0
0
0
0
0
874
0
0
0
0
174
2596
3518
0
0
0
0
0
0
0
0
0
0
1047
698
0
0
0
0
0
0
0
0
0
0
0
24
1288
0
0
0
0
0
0
0
0
987
0
0
0
0
0
0
0
0
0
0
0
420
0
0
0
0
0
0
0
0
0
0
0
0
0
0
0
0
0
2251
0
0
0
0
0
0
0
0
377
0
0
0
1905
0
0
0
0
0
0
0
0
1417
0
0
0
458
0
0
2253
0
0
0
0
0
1655
492
0
0
0
0
0
0
0
0
0
0
0
0
1302
0
0
0
0
0
0
0
0
0
0
0
0
2635
0
0
0
0
0
0
0
0
0
0
0
0
82
0
0
0
0
0
0
0
0
0
0
0
0
0
0
0
266
0
0
0
0
0
0
0
0
458
0
467
1508
0
0
0
0
0
0
0
0
0
0
0
0
0
0
0
0
2552
2466
0
0
0
213
0
0
0
0
0
0
0
0
0
0
0
0
0
0
0
0
0
0
0
0
0
0
0
0
0
0
0
0
0
627
445
0
0
0
0
0
0
0
0
873
1398
132
0
0
0
0
0
0
0
0
0
0
0
0
0
0
0
0
1481
248
0
0
0
273
0
0
0
0
0
0
52
1731
0
0
0
0
0
0
0
0
0
123
0
0
0
0
0
0
0
0
0
0
0
0
0
0
58
1554
0
0
0
0
0
0
0
0
0
0
0
0
0
0
0
0
0
0
0
0
0
0
695
459
0
0
0
800
1144
0
0
0
0
0
0
0
0
0
0
0
0
0
0
0
550
547
0
0
0
0
0
0
0
0
0
0
0
398
0
0
0
0
0
0
0
0
0
0
0
0
0
0
0
0
0
3830
467
0
0
0
0
0
0
456
0
0
0
0
0
0
0
0
0
0
0
0
203
0
0
0
1231
2744
0
0
0
0
0
0
0
0
0
0
0
0
1065
0
0
0
0
0
0
21
630
2875
0
0
0
0
0
0
0
0
0
0
0
0
849
0
0
0
0
0
0
0
0
0
0
0
0
0
0
0
0
0
0
0
0
0
0
0
0
0
0
0
0
0
0
0
0
0
0
0
0
0
0
0
0
0
0
0
0
0
0
0
0
0
0
0
24
0
3561
3428
4040
3499
0
0
0
0
0
328
393
0
0
0
0
0
0
0
0
0
0
485
0
1306
0
0
0
0
226
2561
0
0
0
0
0
0
874
0
0
0
0
120
0
0
0
0
0
0
0
1645
0
0
0
0
1048
0
0
0
0
0
165
0
1566
1210
0
0
0
0
0
0
0
173
0
884
461
445
531
955
0
0
0
0
0
0
0
0
0
1127
0
0
0
0
0
0
0
0
0
0
0
124
151
0
0
0
0
0
0
0
0
0
0
0
0
0
135
0
1941
0
0
0
0
0
355
964
0
0
0
0
0
0
0
0
0
0
0
25
0
0
0
0
0
162
0
290
0
0
0
0
0
0
2056
0
0
0
1378
2620
3691
553
0
0
0
1222
3189
3442
0
0
0
1344
3414
3547
1994
969
119
54
942
1387
498
0
674
0
0
0
1166
773
1847
931
0
0
0
0
0
0
0
0
0
0
0
112
0
0
0
0
0
0
0
0
707
305
0
0
0
0
0
0
0
0
0
1828
0
0
0
0
0
0
0
0
0
0
0
0
1129
0
0
0
0
0
0
0
0
0
0
0
0
597
345
909
0
0
1086
3741
2154
0
0
979
0
0
92
2120
2404
883
365
0
0
0
0
540
0
0
0
0
0
0
0
0
0
0
0
0
0
0
0
0
357
0
0
0
0
0
0
0
0
0
0
0
0
0
0
0
0
0
0
0
0
0
0
0
0
0
0
0
0
0
347
0
0
0
0
0
0
0
0
0
0
0
0
0
0
0
0
0
0
0
0
0
0
0
0
0
0
0
0
0
0
0
0
0
0
150
0
0
0
679
315
0
0
0
0
0
0
0
0
0
0
0
0
0
0
0
0
0
0
0
0
110
0
0
0
0
0
0
0
0
0
0
0
0
0
0
0
0
0
0
0
0
0
0
1825
0
0
197
0
0
2193
0
0
0
93
0
0
0
0
0
0
0
0
0
0
0
0
0
0
0
0
0
0
0
0
0
0
0
0
0
0
0
0
0
0
0
0
0
0
0
0
0
0
379
0
0
0
0
130
0
0
0
0
0
0
541
3539
0
0
0
1070
0
0
0
0
0
0
0
0
2710
0
0
0
2264
0
0
0
0
0
0
0
0
1852
0
0
0
4
0
0
0
0
0
0
0
0
0
0
0
0
0
0
0
0
0
0
0
0
0
0
0
377
0
0
0
0
0
0
0
0
0
0
0
0
0
0
47
0
303
0
82
0
0
0
0
0
0
0
0
0
0
0
0
0
0
1042
1392
0
0
260
82
0
0
0
0
0
0
0
0
0
0
0
0
0
0
0
0
0
0
0
0
0
0
0
0
0
0
0
0
0
0
0
0
0
0
0
0
0
0
0
394
43
0
0
0
0
0
0
2453
0
0
0
0
0
0
0
272
228
0
0
0
656
0
0
1746
1456
0
0
0
92
0
0
0
0
0
0
0
0
1207
0
0
0
0
0
0
0
0
0
0
256
0
0
0
0
0
501
0
0
0
0
0
731
1106
0
0
0
0
0
0
0
0
0
0
0
0
0
0
0
0
0
0
0
0
0
0
0
0
2162
924
0
0
0
0
0
0
209
0
0
0
0
764
3874
4476
3200
425
0
0
0
197
0
0
0
0
2289
5477
1066
0
0
0
0
0
23
0
0
0
0
0
0
0
0
0
25
0
0
0
0
0
0
0
0
0
0
0
0
0
0
0
0
0
0
0
0
0
756
1635
0
0
0
0
0
0
0
0
0
0
0
0
0
0
0
735
962
0
0
0
5151
7247
674
0
0
0
1807
5719
3057
1410
0
0
0
1238
4670
0
0
0
0
0
1093
0
110
0
0
0
0
1364
0
0
0
0
0
0
0
0
0
0
0
0
0
0
0
0
0
0
0
0
0
0
0
0
0
0
0
0
0
0
0
0
0
0
0
173
0
0
0
0
0
0
0
0
0
0
0
0
0
0
0
0
0
0
0
0
0
0
0
0
96
0
0
0
0
1789
3812
1177
0
0
0
0
0
0
0
0
0
111
0
0
0
0
0
0
0
0
0
0
0
0
2073
1891
483
0
0
0
0
944
0
0
1651
0
0
0
0
0
0
0
0
0
0
0
0
0
0
0
0
0
0
0
0
0
0
0
0
0
0
0
0
0
0
0
0
0
0
0
0
0
154
0
0
0
0
1660
0
0
0
3772
0
0
0
0
156
0
0
0
0
1217
0
0
648
0
0
0
943
0
0
0
0
0
0
0
0
0
0
0
0
1878
12
735
0
0
0
0
0
0
0
0
0
0
530
0
1404
708
0
0
0
0
0
0
0
0
0
0
190
686
1822
0
0
0
573
540
0
0
0
0
0
0
0
0
0
0
0
0
0
0
0
0
0
0
539
0
542
1160
0
0
0
0
0
0
0
0
0
0
0
0
0
0
0
0
0
0
0
0
0
0
0
0
0
0
0
0
0
0
0
0
0
0
0
0
0
83
0
0
0
0
0
0
0
1323
710
0
0
0
0
0
0
0
633
0
0
0
1327
1887
162
222
0
0
0
0
0
0
0
0
0
0
100
0
0
0
0
0
0
0
0
0
0
0
0
0
0
0
0
0
0
0
0
0
0
0
2320
0
0
0
0
0
0
0
0
0
0
0
617
0
0
0
0
0
0
192
0
0
0
0
0
0
0
0
0
0
0
0
3494
2935
0
0
0
368
3117
4889
0
0
0
0
0
0
0
0
0
0
0
2040
0
0
0
0
0
0
0
0
0
0
0
0
0
0
0
0
0
0
0
0
0
0
0
0
0
0
0
0
0
0
0
0
0
0
0
0
0
0
0
0
0
0
0
0
0
0
0
0
0
0
0
0
0
0
0
0
0
0
1898
3792
1203
8
1894
320
0
2612
253
0
0
233
0
0
0
0
0
0
0
0
0
0
0
0
0
0
0
0
0
0
0
0
0
0
0
0
0
0
0
0
0
0
0
0
0
0
0
0
0
0
0
0
0
0
0
232
0
0
0
0
0
0
0
0
0
0
0
0
0
0
0
1534
0
0
0
0
110
0
0
0
0
0
0
0
0
0
0
0
30
0
0
0
0
0
0
0
0
0
0
0
0
84
0
0
0
0
0
0
0
0
0
0
0
0
0
0
0
0
0
0
0
0
0
0
0
0
0
0
0
0
80
0
0
1521
1107
0
0
0
437
187
0
0
6
0
0
171
33
0
0
0
0
0
712
0
0
0
0
0
0
0
0
0
0
0
0
225
142
0
0
0
0
0
0
0
0
2173
0
0
0
804
0
0
0
396
2635
0
0
569
2571
160
259
0
1126
0
213
753
2096
1410
0
0
0
2330
1425
0
0
641
1854
2359
2376
0
0
0
0
0
3034
555
0
0
0
459
945
0
0
0
0
0
0
0
0
0
0
0
0
0
0
0
0
0
0
0
0
0
78
0
0
0
0
0
0
0
0
0
0
0
0
0
0
0
12
0
0
0
0
0
0
0
0
0
0
271
0
383
0
0
0
0
0
0
0
0
0
358
0
0
0
0
0
0
0
0
0
0
0
0
0
0
0
0
0
0
0
0
0
0
249
2445
844
0
0
0
0
0
0
0
0
0
0
2230
4656
3005
0
0
0
0
0
0
0
0
0
0
0
0
0
0
0
0
0
0
0
0
0
0
0
0
0
0
0
0
0
0
0
998
600
0
0
0
0
0
1355
0
0
0
0
0
0
0
1725
0
0
0
0
0
0
0
0
0
0
0
0
0
568
1136
1268
0
0
117
0
0
0
0
0
0
0
0
0
1433
0
1000
896
0
0
0
0
0
233
1782
0
0
0
0
0
1578
586
0
0
0
0
0
0
0
0
0
0
0
0
0
0
0
0
0
0
0
0
0
0
0
0
0
0
0
337
0
0
0
0
0
0
0
0
0
0
0
110
1477
2326
614
0
2769
2218
0
0
0
0
257
1717
1293
0
0
0
0
0
0
0
0
260
0
0
0
0
0
0
0
0
0
0
97
0
2097
364
0
0
0
0
0
0
598
1156
959
0
0
0
0
0
0
0
46
0
0
0
0
0
0
0
0
0
0
0
0
605
1920
1479
0
0
0
0
0
1266
0
0
0
0
464
2945
1596
0
0
0
4317
3719
0
0
0
0
0
259
0
0
0
0
120
5237
3979
0
0
0
0
0
0
0
0
1644
1643
0
0
0
0
1813
3102
1884
0
652
0
0
0
0
0
0
0
0
0
0
0
303
405
0
0
0
0
0
856
702
0
0
0
0
222
1629
0
0
0
0
0
0
0
0
0
0
0
0
1291
0
0
0
0
0
0
0
0
0
0
0
0
2345
1759
0
556
0
0
1181
919
0
740
227
0
0
481
996
349
0
0
0
0
0
0
0
0
0
150
237
0
0
0
0
0
0
0
0
0
0
0
520
237
0
0
0
0
0
0
0
0
0
0
0
776
715
751
0
0
0
0
0
0
0
0
0
0
0
0
0
1346
1736
470
0
0
0
0
321
0
0
0
0
474
426
0
0
206
0
0
0
0
0
0
401
426
0
0
0
0
0
0
0
0
0
0
0
0
179
0
0
0
0
0
0
0
0
0
0
0
0
0
0
0
0
0
0
0
0
0
0
0
0
0
0
0
0
0
0
0
0
0
0
116
0
0
0
0
0
885
1821
0
0
964
920
0
0
0
0
0
471
960
1678
3432
0
0
0
0
0
0
0
0
678
687
0
0
1459
1449
231
0
0
0
0
0
681
974
0
0
0
0
0
0
0
0
0
0
0
0
0
0
0
0
0
0
0
0
0
0
2427
1748
807
0
0
0
0
0
0
0
0
0
0
0
1136
2396
0
0
0
0
0
0
0
0
0
0
0
0
2089
587
0
1485
79
0
0
0
0
0
0
0
0
1210
1494
0
1963
635
0
0
0
1726
417
0
0
0
495
2343
0
0
0
0
0
0
0
0
0
0
0
0
1398
0
0
0
0
0
0
0
0
0
1735
0
0
491
43
0
0
0
0
0
0
0
0
0
0
0
2369
0
0
0
0
0
0
0
0
0
652
0
0
707
0
0
0
0
0
0
0
0
0
539
1440
0
0
0
0
0
0
0
0
0
0
0
0
0
0
0
0
0
0
0
0
0
0
0
0
0
0
0
0
0
0
0
0
0
0
0
0
1183
382
206
0
0
0
0
0
0
0
0
263
69
0
0
0
0
0
0
0
0
0
0
0
0
0
0
0
0
0
0
0
0
0
0
0
0
0
0
0
0
0
0
0
336
0
0
0
0
0
0
0
0
0
0
252
0
0
0
0
0
880
0
0
0
0
0
0
771
0
0
0
0
631
0
0
0
0
0
508
897
1131
111
0
0
0
782
0
0
0
0
0
509
400
0
0
0
0
0
0
0
0
0
0
0
0
0
321
299
0
0
0
0
0
0
0
427
0
0
0
0
385
113
41
0
0
0
0
0
0
0
0
0
0
0
733
309
0
0
0
0
0
0
0
0
0
0
0
0
1986
1785
3033
5156
4279
3119
2671
1261
0
809
933
385
0
0
0
0
979
3756
547
0
415
818
0
0
0
0
0
0
0
310
1160
0
0
879
612
0
0
0
0
0
0
0
0
0
0
0
0
0
6
0
0
1041
0
0
0
0
0
0
0
0
0
505
110
0
184
0
0
0
0
0
0
0
0
0
0
0
0
0
0
0
0
0
0
0
2249
1488
0
0
0
0
1310
223
0
0
0
0
0
5046
1956
0
0
0
338
731
0
0
0
0
0
0
0
0
0
0
0
406
0
0
0
0
0
0
0
0
0
0
0
303
182
0
0
0
0
0
0
0
0
0
0
0
0
0
0
0
0
0
0
0
0
0
386
0
0
0
0
0
0
0
0
0
0
0
0
0
0
0
0
0
0
0
0
0
0
0
0
0
0
0
0
0
0
804
0
0
810
450
0
0
0
1576
0
0
0
0
0
0
0
0
0
0
0
446
1588
1568
0
0
0
0
0
0
77
0
0
378
0
0
194
1056
0
0
0
0
0
0
0
0
0
0
0
0
0
0
0
0
0
0
0
0
0
0
0
0
0
0
0
0
0
0
0
0
0
0
0
0
0
0
0
0
0
0
0
0
235
0
0
1234
34
0
0
0
0
0
0
0
830
4987
753
0
0
0
1944
6686
4713
0
0
0
0
0
0
0
0
0
0
0
0
2509
0
0
0
0
0
0
0
0
0
110
0
0
0
0
0
0
0
0
0
0
0
0
0
0
368
0
0
0
0
0
0
0
0
0
0
0
298
423
0
0
0
0
0
0
0
0
0
411
1746
0
0
0
0
0
0
0
0
0
0
0
0
0
0
0
0
0
0
0
0
0
0
0
0
0
0
0
0
0
0
0
0
0
0
0
0
0
0
0
0
0
0
0
0
0
0
0
0
0
0
1143
164
0
0
0
0
0
0
0
0
0
0
0
0
0
0
0
0
0
541
0
0
0
2543
0
0
0
0
0
592
0
0
1396
0
0
0
0
0
126
2469
0
0
0
0
0
241
0
0
0
0
0
0
0
0
0
0
0
0
0
0
0
0
0
0
0
0
0
0
0
0
0
0
0
0
0
0
0
0
0
0
0
0
0
0
0
0
0
112
1335
810
0
0
0
0
0
50
0
0
0
0
0
3879
1223
0
0
0
0
0
0
0
0
0
0
0
0
0
0
0
0
0
0
0
0
0
0
0
0
83
1736
693
0
49
0
0
0
0
0
0
0
0
0
0
0
0
0
0
0
0
0
0
0
0
0
0
0
0
0
0
0
1029
558
0
0
0
0
0
0
924
0
0
411
0
0
0
0
0
0
0
0
0
0
0
1300
626
0
0
0
82
0
0
0
3796
3994
0
0
7
0
780
1447
1826
778
0
0
0
2027
1303
0
0
0
0
0
0
2563
523
0
0
0
0
0
0
0
0
0
0
0
0
0
0
0
0
0
0
0
0
0
0
0
0
0
0
0
0
0
0
0
0
0
0
0
0
13
0
0
0
0
0
0
0
0
0
0
0
0
0
0
0
0
0
0
0
0
0
0
0
0
0
0
0
0
0
0
0
0
465
0
0
0
0
790
1353
0
0
578
0
0
0
0
0
181
0
0
0
0
0
0
0
0
0
0
0
0
0
0
0
0
0
0
0
0
0
0
0
0
0
0
0
0
0
0
999
0
0
0
0
0
1693
1265
0
0
0
748
0
1084
0
0
0
0
0
0
1461
805
849
361
0
0
0
0
0
0
0
0
0
0
0
0
1452
940
0
0
0
0
0
258
59
211
0
0
0
0
325
0
0
0
0
0
0
0
0
0
0
0
0
0
0
0
0
740
0
0
0
0
0
411
0
0
0
0
0
0
127
0
0
0
0
0
0
0
0
0
0
0
0
0
0
0
0
0
0
3223
0
0
0
0
0
0
0
0
0
0
0
0
1217
1283
0
0
0
0
0
0
0
0
0
0
0
0
0
0
0
0
303
0
0
0
0
0
0
0
0
0
0
573
0
0
0
262
0
0
0
0
504
0
0
0
1949
164
0
0
0
0
0
0
0
0
0
0
0
0
0
1013
0
0
0
0
533
0
0
0
0
0
0
0
0
0
0
0
0
0
0
0
0
4605
1784
0
0
0
0
0
0
0
0
0
0
0
0
0
0
0
0
0
0
0
0
0
0
0
0
1748
0
0
0
0
0
0
0
0
0
0
0
0
8330
0
0
0
0
0
0
0
0
0
1544
0
0
3056
0
0
0
0
0
0
0
0
0
0
0
0
0
0
0
0
0
0
0
0
0
0
0
0
0
0
0
0
0
0
0
0
0
0
0
3558
1005
0
0
0
0
0
0
0
0
0
0
0
0
0
0
0
0
0
1355
0
0
0
0
0
0
0
0
0
0
0
0
0
0
0
0
0
0
0
0
0
0
0
0
0
0
0
0
0
0
0
1167
0
0
0
0
0
0
0
0
0
0
0
0
0
0
99
0
0
0
0
0
0
225
0
0
0
0
0
0
0
0
0
0
0
0
0
0
0
1381
734
0
0
0
693
18
392
0
216
0
0
0
0
0
0
1077
0
0
0
0
187
3773
76
0
0
0
0
0
0
0
0
0
0
0
193
0
0
0
0
0
0
0
0
0
0
0
0
0
0
0
0
0
0
0
0
0
0
0
0
0
0
0
0
0
0
0
0
0
220
0
0
0
0
0
0
0
0
0
0
0
0
0
0
0
0
0
0
0
0
0
0
0
0
0
0
0
0
398
0
0
262
0
0
0
0
0
0
0
0
0
0
0
0
75
0
0
0
0
0
874
247
399
854
1608
1221
0
0
0
0
0
0
1306
2552
0
0
0
0
0
0
0
294
0
0
0
1307
0
0
0
0
0
0
0
0
58
271
0
0
0
0
0
0
0
0
0
172
0
0
0
0
0
0
0
0
0
0
0
1814
1205
0
0
0
0
0
0
687
97
0
0
0
0
122
0
0
0
0
0
0
178
0
0
0
0
0
0
0
0
0
0
0
0
0
2536
0
0
0
0
0
0
0
0
616
0
0
168
3754
0
0
0
0
0
0
0
0
1181
0
0
0
0
0
0
0
0
0
0
0
0
195
2142
0
0
1924
2297
2805
601
0
0
0
282
0
132
2700
0
0
0
0
0
0
0
0
1466
1553
0
0
0
0
0
434
226
0
576
0
0
0
0
0
0
0
0
0
0
0
0
0
0
0
0
0
0
0
0
0
0
0
0
0
0
0
0
0
0
0
0
0
305
1877
1714
0
0
477
1385
2302
0
0
0
0
0
0
1034
1849
2184
1467
0
0
675
0
0
0
300
0
0
0
0
0
0
0
331
1479
0
0
0
0
450
439
0
0
0
0
0
312
363
0
0
0
0
0
0
0
0
0
0
0
0
0
0
0
0
0
0
0
0
0
0
0
0
0
0
0
0
0
0
0
0
0
0
0
0
0
0
0
0
0
529
0
0
0
0
1311
0
0
1873
0
0
0
0
0
0
0
0
0
0
0
0
0
0
0
0
0
0
0
0
0
0
0
0
0
0
91
0
0
0
0
0
0
0
0
1591
4786
1243
0
0
0
0
0
0
0
0
0
3876
5727
1826
0
0
0
0
0
0
0
0
0
0
1422
0
0
0
0
0
0
0
0
1155
0
0
0
0
0
0
0
0
0
0
0
0
0
0
0
0
0
0
0
0
0
0
0
0
0
0
0
0
0
0
0
0
0
0
0
0
0
0
0
0
0
0
1335
0
0
0
2104
438
0
0
0
1471
1364
417
0
0
0
0
0
2323
0
0
0
15
826
0
0
0
0
0
0
340
868
0
0
0
370
0
0
0
0
0
0
0
0
0
0
0
0
256
0
0
0
0
0
0
0
0
454
0
0
0
26
0
0
0
0
0
0
0
0
0
0
0
334
0
0
0
0
0
0
0
0
0
0
0
0
0
0
0
0
0
0
499
1531
0
0
0
0
0
0
0
0
0
0
0
0
0
0
0
0
1037
0
0
0
128
0
0
0
0
0
0
0
0
4705
2053
0
0
0
0
0
0
0
0
0
0
0
0
1782
125
0
0
0
0
0
0
0
0
0
0
0
241
1043
0
0
0
0
0
0
0
0
0
0
0
0
1593
0
6
894
88
0
0
0
0
1050
0
0
0
0
0
0
0
0
0
0
0
0
0
0
0
0
0
0
0
0
0
0
0
0
0
0
0
0
0
0
0
0
0
0
0
0
0
493
499
0
0
0
0
1052
0
0
0
0
0
0
0
0
0
0
0
0
0
0
0
0
0
0
0
0
0
0
0
0
0
0
0
0
0
0
0
0
0
0
0
0
0
0
0
0
32
0
0
0
0
0
0
0
0
0
0
31
0
0
0
201
0
0
0
0
0
0
0
0
130
0
0
0
0
0
0
0
0
0
2213
0
0
0
0
0
0
0
0
0
0
0
0
3386
0
140
0
0
0
1365
0
0
0
0
1219
227
791
0
412
0
0
0
0
0
0
0
663
1826
0
0
0
0
0
0
0
0
0
0
0
560
0
0
0
0
174
0
0
0
0
0
0
0
1707
3320
0
0
0
1311
139
0
0
0
0
0
0
1317
1490
0
0
1083
2034
0
0
0
0
528
0
0
2114
718
0
0
1598
2851
8
0
0
0
0
0
0
72
0
0
1412
1704
2159
1451
0
0
0
1453
412
0
0
0
0
1754
1147
68
0
562
0
0
0
883
0
0
0
0
0
0
0
0
160
0
0
0
0
0
0
0
1398
0
0
0
0
0
0
0
0
2633
1079
0
0
2597
1927
0
0
0
0
0
0
0
0
0
0
0
0
0
0
0
0
0
0
0
84
0
0
0
0
0
0
0
0
0
0
0
0
0
0
0
0
0
0
0
0
0
0
0
0
0
0
0
0
1065
1793
0
0
0
0
0
0
0
0
0
0
0
132
2044
360
0
0
0
0
0
0
0
0
0
0
0
0
0
0
0
1056
0
0
0
0
0
0
933
3577
1381
0
0
0
0
0
0
0
0
0
0
0
982
0
0
0
0
0
0
0
0
0
0
641
0
0
0
0
0
0
0
0
0
0
0
0
0
1937
2364
1416
0
0
674
0
0
0
0
0
0
0
0
0
0
0
0
1266
0
0
0
0
0
0
0
0
0
0
0
0
0
0
0
0
0
0
0
0
0
0
0
0
0
0
0
0
0
0
0
0
0
0
0
0
0
0
0
0
0
117
0
0
0
0
0
0
0
0
0
0
0
0
1894
76
0
0
0
0
0
0
0
0
0
0
0
0
0
0
0
0
0
0
0
0
0
0
0
0
0
0
0
0
0
0
0
0
0
0
0
0
0
0
0
0
0
0
0
0
0
76
0
0
0
0
0
0
0
0
0
0
0
0
0
0
0
0
0
0
0
0
0
0
0
0
0
0
0
0
0
0
0
0
0
0
0
0
0
0
0
0
0
0
0
1690
1220
0
0
0
0
0
0
0
0
0
0
0
2555
7935
8770
7763
6582
5870
5981
5818
3827
3411
4953
2365
1466
0
0
0
0
0
0
0
0
0
0
0
0
0
0
0
0
0
0
0
0
0
0
0
0
0
0
0
0
0
0
0
0
1621
0
0
0
0
0
0
0
0
790
219
0
0
0
0
1895
355
0
0
0
133
0
0
0
0
0
0
475
0
0
0
0
0
0
0
0
0
0
0
0
0
0
0
0
0
0
0
0
0
0
0
0
0
0
0
0
0
0
0
170
0
0
0
0
2
0
2400
3370
903
0
0
0
0
0
226
941
2114
1628
758
2317
0
1566
1269
0
0
0
0
0
0
0
0
0
0
0
0
0
0
0
0
0
0
0
1141
0
0
0
0
0
0
0
0
0
0
0
0
4619
1602
0
0
0
0
0
0
0
335
0
0
0
410
2197
0
0
0
2095
0
0
0
0
0
111
0
0
0
0
0
0
1255
1603
561
0
0
0
0
0
0
0
0
0
0
0
0
0
0
0
0
0
0
0
0
0
0
0
0
0
0
0
0
0
0
0
0
2128
272
0
0
0
0
0
0
48
0
0
0
0
0
0
0
0
0
1246
0
0
0
0
0
1874
2595
0
0
0
0
513
0
0
0
0
0
0
0
0
0
0
0
0
0
0
0
0
0
0
0
0
0
0
0
0
0
0
0
0
0
642
0
0
0
0
0
0
703
0
0
0
0
0
0
0
0
0
0
0
0
0
0
1818
0
0
0
0
0
0
0
0
0
0
0
0
0
0
0
0
0
0
0
0
0
0
0
0
0
0
0
0
0
0
0
0
0
0
0
0
0
0
0
0
0
0
0
0
0
0
0
0
0
0
0
0
0
0
190
0
0
0
0
0
0
0
0
0
0
0
0
299
0
0
0
0
0
0
0
0
0
0
0
0
0
0
0
0
0
0
973
0
0
0
0
0
0
10
0
368
162
0
0
0
0
0
0
0
0
0
0
226
753
0
0
0
0
0
0
480
0
0
0
0
0
0
0
0
0
0
0
0
1515
0
0
0
0
0
0
0
0
0
0
0
0
0
0
0
0
0
0
0
0
0
0
0
0
0
0
0
0
0
0
0
0
0
0
0
0
0
0
1790
0
0
0
335
1342
0
0
0
0
0
0
0
0
0
0
0
0
1401
0
0
0
0
0
0
0
0
0
0
0
0
346
1328
406
521
1444
0
0
0
0
0
503
0
0
186
0
493
1818
0
0
0
0
0
0
0
0
0
62
0
354
583
0
0
0
0
0
0
0
0
0
1666
1892
4408
16
0
0
852
0
0
0
0
0
19
110
697
1494
0
0
0
0
0
0
0
0
0
665
0
0
0
0
0
3697
4494
0
0
0
0
0
0
498
0
0
0
136
1973
0
0
0
0
0
0
0
416
0
1555
300
0
0
0
0
0
0
0
0
0
602
0
0
0
0
0
0
0
0
0
0
0
0
239
0
0
0
0
0
0
0
0
0
0
0
0
386
0
2356
1243
0
0
0
0
869
618
0
0
0
0
0
0
0
0
0
0
0
2122
0
0
0
0
0
0
0
0
0
621
1856
0
0
0
0
0
0
0
0
0
0
0
0
0
0
0
162
0
0
0
0
0
0
0
87
352
0
0
0
0
0
0
0
0
0
0
0
0
0
0
0
0
0
0
0
0
0
0
0
0
0
0
0
0
0
0
0
0
0
0
0
0
0
0
0
0
0
0
0
0
0
0
0
2034
0
0
0
0
0
0
4082
0
0
0
0
0
655
0
1269
217
147
0
0
1376
0
0
0
0
0
536
0
0
0
0
0
0
0
0
0
0
0
0
0
0
0
0
0
0
0
0
0
0
0
149
0
0
0
0
0
0
0
0
0
0
0
0
544
0
0
0
0
0
0
0
0
0
0
0
0
0
0
0
0
0
0
0
0
0
0
0
0
0
0
0
0
0
0
0
116
0
0
0
0
0
0
0
0
0
0
0
0
0
0
0
0
0
0
632
0
0
585
837
1899
779
0
0
0
0
0
0
0
0
0
0
0
0
0
0
0
0
0
0
0
0
0
0
0
0
0
0
0
0
0
0
0
0
0
0
0
0
0
0
0
0
0
0
0
0
0
0
0
0
0
0
0
0
1051
102
0
0
0
0
0
0
393
0
0
0
0
0
0
0
0
0
0
0
0
0
0
0
0
0
0
0
0
0
0
0
0
0
0
0
0
0
0
0
1215
0
0
0
0
0
0
0
0
0
0
0
1341
3283
0
0
0
0
0
0
0
0
0
0
0
0
354
300
2560
0
0
0
0
0
0
0
0
0
671
499
0
0
0
0
0
0
0
0
0
0
0
0
0
0
0
0
0
0
0
0
0
1083
1039
0
0
0
0
2484
777
0
0
0
204
232
0
0
797
0
0
0
0
0
0
0
0
0
0
0
0
0
0
0
0
0
0
0
0
0
0
0
0
0
0
0
0
0
0
0
0
0
0
0
0
0
0
0
0
0
0
0
0
0
0
0
0
0
0
0
0
0
0
0
2857
0
0
0
0
0
2066
841
0
0
0
0
2513
4085
0
0
0
0
0
0
0
0
0
0
0
0
0
0
0
0
0
0
0
0
0
0
0
0
0
0
0
0
0
0
0
0
0
0
0
0
0
0
0
0
0
0
126
0
0
0
0
0
0
0
0
0
0
0
0
211
0
0
0
0
0
0
0
0
0
203
0
0
0
0
0
0
0
0
0
0
0
0
0
0
0
0
0
0
0
0
0
0
0
0
0
0
73
0
0
393
0
204
0
0
0
0
0
1214
54
0
144
338
0
0
560
0
0
0
1334
1820
0
0
0
0
45
0
0
1144
0
0
0
23
0
0
0
0
0
0
0
0
0
0
0
0
324
257
0
0
0
0
877
0
0
0
0
0
0
61
3144
0
0
0
0
310
0
0
0
0
0
0
0
364
0
0
0
0
355
0
0
0
0
0
0
0
0
0
0
0
0
0
343
0
0
1060
0
0
0
0
0
0
0
0
0
24
0
34
1820
618
0
0
0
0
0
0
0
0
0
0
0
1445
0
0
0
0
0
0
0
0
0
0
0
0
0
426
0
0
0
0
0
0
0
0
0
0
0
0
1784
2469
0
0
0
0
0
0
0
0
0
0
0
0
0
0
0
0
0
0
0
0
0
0
0
0
0
0
0
0
0
0
0
0
0
0
0
0
0
0
0
0
0
0
0
0
0
1142
0
0
0
0
0
0
0
1121
0
0
0
0
484
0
0
0
1482
3416
1303
457
3271
891
0
0
0
0
0
0
0
0
0
0
0
0
0
0
0
0
0
0
0
0
0
0
0
0
0
0
0
0
0
0
0
0
0
0
0
0
0
0
0
0
0
0
0
0
0
0
0
0
0
839
0
0
0
0
0
462
0
0
0
0
0
5002
3499
0
0
0
0
877
1346
0
0
0
0
0
3058
231
0
0
0
0
0
15
0
0
0
0
0
866
678
0
0
0
0
0
0
0
0
0
0
0
0
0
0
0
0
0
0
0
0
0
0
0
0
0
0
130
0
0
0
0
0
0
453
0
0
0
0
0
0
0
0
0
0
660
0
0
0
0
0
0
0
0
0
0
0
0
866
0
0
0
0
0
0
517
0
0
0
0
0
462
0
91
0
0
0
0
0
0
0
0
0
0
0
0
0
0
0
0
0
573
0
0
0
0
0
0
0
1531
0
0
0
0
0
0
0
0
0
0
0
0
181
0
0
0
0
0
0
0
0
0
0
0
802
180
0
0
0
0
0
0
0
0
0
0
0
0
0
0
0
0
0
0
0
0
0
0
0
0
10
0
974
2444
0
0
0
0
0
0
0
0
0
27
235
1596
995
0
0
0
67
1649
0
0
0
0
0
0
1933
438
0
0
0
0
0
0
0
0
0
0
0
0
0
0
0
0
0
0
0
0
0
0
149
0
0
0
0
0
0
0
0
334
512
0
0
0
0
0
0
0
0
0
0
0
0
0
0
0
0
0
0
0
0
0
0
0
0
0
0
0
0
0
0
0
0
0
0
0
0
0
0
0
0
0
0
0
1148
0
0
0
0
0
1962
0
0
0
0
0
0
0
1462
0
0
0
0
488
0
0
0
0
0
0
0
0
0
0
0
0
0
385
0
0
0
0
0
0
0
0
0
0
0
0
0
0
0
0
0
0
0
0
0
0
0
0
0
0
0
0
0
0
0
0
0
41
0
571
386
27
0
0
0
0
0
0
0
0
0
0
0
0
0
0
0
0
0
0
25
0
0
0
0
0
0
0
0
0
0
0
0
0
0
0
0
0
0
0
0
0
0
0
0
0
0
45
0
0
2333
2542
0
0
0
0
0
0
0
0
919
2301
2916
2155
960
0
0
0
0
0
0
0
0
0
0
0
0
0
0
0
0
0
5
0
0
0
0
0
0
0
0
0
0
0
0
2196
0
6
0
0
0
0
1138
1579
0
0
0
0
1918
451
0
0
0
0
0
1972
1459
0
0
0
0
31
0
440
1561
2104
2286
614
219
0
0
0
2073
0
0
597
516
1018
0
0
0
0
0
0
0
0
0
0
566
0
0
0
0
0
0
0
0
0
0
0
0
864
0
0
0
0
0
0
0
0
253
3473
0
0
508
0
0
0
0
0
0
0
0
500
0
0
0
0
0
0
0
0
0
0
196
0
0
0
0
0
0
0
0
0
0
0
0
0
0
0
0
0
0
0
0
0
0
0
0
0
0
0
0
232
0
0
0
0
0
0
0
0
0
0
0
0
0
254
613
0
0
0
0
0
0
0
0
0
0
0
1040
0
0
0
0
0
0
736
0
0
0
0
0
351
1716
0
0
0
0
0
0
325
6
0
0
0
0
465
0
226
0
0
0
0
0
0
1089
0
2149
0
934
0
0
0
0
2353
0
0
0
0
0
2306
2792
839
0
0
0
0
0
0
0
0
0
0
0
1059
632
0
0
0
0
0
134
0
0
0
0
0
0
0
0
0
0
0
0
0
0
0
0
0
0
0
0
0
0
796
0
0
115
501
0
0
0
0
0
0
0
0
1016
0
0
0
0
0
0
0
0
0
0
0
0
1187
1539
0
0
0
0
0
558
0
0
0
0
0
0
0
0
0
0
0
0
0
0
0
0
0
227
0
0
0
0
0
0
0
0
0
555
0
0
603
0
1371
269
14
1176
0
0
0
0
0
0
0
1661
0
0
0
0
0
0
0
0
0
0
0
0
798
0
0
0
0
0
0
0
0
0
0
0
0
673
0
0
0
0
0
0
0
0
0
0
511
0
0
0
0
0
0
0
0
0
0
0
559
1344
0
0
0
0
0
0
0
0
0
0
0
0
584
0
0
0
0
0
0
0
0
0
0
0
0
0
0
426
0
0
0
0
0
0
0
0
0
0
0
0
1664
0
0
0
0
0
0
0
0
0
0
0
359
2551
0
0
0
0
0
555
300
0
49
0
0
0
2726
62
0
0
0
0
0
406
977
241
0
0
0
0
32
0
0
77
0
0
0
0
0
0
0
190
9
0
0
927
2582
620
0
0
2821
1900
0
0
0
647
0
0
942
1253
0
0
0
0
0
0
0
0
17
0
0
0
0
0
0
0
0
0
0
0
0
0
0
0
0
0
0
0
0
0
0
0
0
0
65
0
0
0
0
0
0
0
0
0
0
0
0
829
610
0
0
529
0
0
221
923
0
0
0
0
605
550
0
0
0
0
0
0
296
0
0
0
0
393
0
0
0
0
0
0
0
0
0
0
0
0
0
0
0
0
0
0
0
0
0
0
0
0
0
0
0
0
0
0
0
0
0
0
0
0
0
0
0
0
0
0
0
0
0
0
0
0
0
0
0
0
0
0
0
0
0
0
320
0
0
0
0
0
0
0
0
0
0
541
1414
0
0
0
0
428
0
0
0
0
0
0
0
0
0
0
0
0
593
614
0
778
0
0
0
0
0
0
0
0
0
25
595
359
965
0
0
0
0
0
0
0
0
0
55
869
0
0
0
0
0
0
0
0
0
0
0
0
1523
0
0
0
0
0
1124
0
0
0
155
4454
236
600
384
672
1368
0
0
161
0
0
0
0
246
0
404
0
0
0
0
0
0
0
0
0
0
0
0
537
0
0
0
0
0
0
0
0
0
0
0
0
0
310
0
0
0
0
0
0
0
0
0
0
0
0
399
0
0
0
0
0
0
0
0
0
0
0
0
261
0
0
0
0
0
0
0
0
0
0
25
0
590
0
0
0
0
0
0
0
0
804
0
0
0
0
0
36
0
0
0
0
0
0
0
0
0
0
0
0
0
0
226
0
0
0
0
0
0
0
0
0
0
0
0
457
0
0
0
0
0
0
0
0
0
0
0
0
0
0
0
0
0
3045
0
0
0
0
0
0
0
0
0
0
0
593
184
0
0
0
0
0
0
0
89
0
0
0
0
0
287
0
0
0
0
0
0
0
0
0
0
0
0
0
0
0
0
0
0
0
0
0
0
0
0
0
0
0
0
0
0
0
0
55
0
34
2865
0
0
0
0
0
0
0
0
0
0
0
1577
2098
0
0
0
0
0
0
0
0
0
0
0
0
0
0
0
0
0
0
0
0
0
0
0
0
0
1530
0
0
0
0
0
0
0
0
0
0
0
0
0
0
0
6
0
517
0
683
0
58
1205
1427
0
0
0
0
0
0
0
0
0
0
0
0
0
0
0
0
0
0
0
0
0
0
0
0
0
74
0
0
0
0
0
0
0
250
0
0
0
0
384
0
0
0
0
0
847
26
839
565
0
0
0
0
0
0
0
0
0
593
497
770
786
619
517
0
0
0
1236
2026
294
0
0
300
171
317
0
0
0
0
0
390
213
0
0
0
671
0
0
0
0
0
0
0
0
0
0
0
0
1121
0
0
0
0
0
0
0
0
0
0
0
0
2002
0
0
0
0
0
0
0
0
0
0
0
35
842
0
0
0
0
0
0
0
0
0
0
0
0
0
1587
0
0
0
0
0
0
0
0
0
0
0
0
1603
1459
0
243
570
0
0
0
0
0
0
0
0
0
0
0
0
0
381
923
0
0
0
0
0
147
0
1136
0
155
0
0
0
0
0
0
0
0
40
0
0
574
961
0
0
0
0
0
0
0
0
0
1017
1232
1305
0
0
1058
368
398
0
0
0
0
0
0
353
0
0
0
0
0
337
0
0
1086
0
438
0
0
0
764
1937
0
0
0
0
0
0
0
611
0
0
0
0
0
1074
0
0
0
0
0
0
847
317
2724
0
0
0
95
0
0
0
0
0
0
0
0
2630
0
0
0
0
744
0
0
0
0
0
25
0
3651
2358
0
0
0
0
0
90
730
0
0
149
0
4729
6310
2086
0
0
0
0
1432
0
0
313
0
0
1367
4681
3351
0
0
0
0
0
0
0
0
0
0
0
0
0
0
0
0
0
0
0
0
0
0
0
0
0
0
0
0
0
0
0
0
0
0
0
0
0
0
0
0
0
0
0
0
0
0
0
0
0
0
0
0
0
0
0
0
1565
3535
910
0
0
816
784
0
0
0
962
1849
2187
1993
2050
0
0
151
0
0
0
0
0
0
3629
0
0
0
0
0
342
0
0
661
0
0
0
0
0
0
0
0
0
0
0
0
0
0
0
0
0
0
0
0
0
0
0
0
0
0
0
0
0
0
0
0
0
0
0
0
0
0
0
0
0
0
1421
0
0
0
0
0
0
0
0
0
0
0
0
0
0
0
54
0
0
0
0
0
0
0
0
0
1691
814
0
0
0
1484
184
0
0
0
1075
0
0
0
0
0
0
1486
1467
481
0
0
0
1926
957
0
0
0
0
1065
497
228
479
0
0
0
0
0
0
0
0
0
0
0
0
0
0
0
0
0
0
0
0
0
0
0
0
0
0
0
0
0
0
608
0
0
0
0
1241
659
0
0
0
0
0
0
0
0
0
0
0
327
1173
0
0
0
0
0
0
43
1858
305
0
0
0
226
0
0
0
0
0
0
0
0
0
0
0
2336
2137
139
0
352
1873
2226
0
0
1449
0
0
0
0
0
0
0
178
961
1716
0
0
0
0
0
254
0
0
0
0
0
0
276
0
0
0
0
0
0
0
0
0
0
0
0
0
0
0
0
0
0
301
0
0
0
0
0
0
0
0
0
445
0
0
0
0
0
0
0
0
0
0
0
0
0
0
0
0
0
0
0
0
0
0
0
0
0
0
338
605
0
0
0
0
0
0
0
0
0
0
0
0
0
0
0
286
0
649
0
0
0
0
370
0
0
0
13
0
0
0
1057
0
0
0
814
1747
0
0
2001
2204
0
0
0
2075
0
0
0
0
0
0
0
0
0
0
0
0
2514
0
0
0
0
0
0
0
0
0
1913
985
0
1221
0
0
0
0
0
0
0
0
0
28
0
0
517
0
0
0
0
0
0
0
0
0
0
0
0
1376
0
0
0
0
1210
1894
550
0
0
0
1171
539
1283
0
0
0
0
1407
2906
383
0
0
0
1590
1306
1062
0
0
0
0
0
595
0
0
0
0
1861
3067
1965
0
0
0
0
0
0
0
0
0
0
720
2165
1683
0
0
0
0
0
0
0
0
0
0
0
913
734
0
0
0
0
471
930
448
346
0
676
106
95
1502
645
0
410
2245
0
0
0
0
0
0
0
0
0
953
0
701
0
0
0
0
0
0
0
0
0
0
0
0
0
0
0
0
0
0
0
0
0
0
0
0
0
0
0
0
2086
0
0
0
3195
0
0
0
0
0
273
0
3
2637
0
0
2906
0
0
0
0
0
0
0
0
0
0
0
0
0
0
0
0
0
0
0
0
0
0
0
0
0
0
0
0
0
121
0
0
0
0
0
0
0
0
0
0
0
0
0
0
0
0
0
0
0
0
0
0
0
0
0
0
0
0
0
0
0
0
0
0
0
0
0
0
0
0
0
0
0
0
0
1920
1972
4721
0
0
0
0
0
0
0
0
0
0
0
262
173
0
0
0
0
0
0
0
0
0
0
0
0
0
0
0
0
0
0
0
0
0
0
0
0
0
0
0
0
529
0
0
0
0
0
0
0
0
0
0
0
0
0
0
0
0
0
0
1923
2472
0
0
0
0
0
0
0
683
151
389
0
0
0
0
970
554
0
0
0
971
0
0
0
0
0
0
0
0
0
0
0
0
254
0
0
0
0
0
0
0
0
0
0
0
0
0
0
0
0
0
0
0
0
0
0
0
0
0
0
0
0
0
0
0
0
0
0
0
0
0
0
0
0
1780
385
0
0
0
704
1605
3631
0
0
0
0
0
831
0
0
0
0
0
0
0
0
0
0
0
0
0
510
2070
727
906
1286
0
0
1392
225
0
0
0
660
0
31
1993
0
0
0
838
0
0
0
0
0
0
0
0
0
79
11
0
0
0
0
0
0
0
0
0
0
430
0
0
0
0
1569
76
0
0
0
0
0
0
0
0
0
0
1106
2316
1461
0
0
0
0
0
0
0
0
0
0
0
0
1495
593
0
0
0
0
0
0
0
0
0
0
173
0
49
0
0
0
0
0
0
0
0
0
60
2394
0
0
0
125
172
1018
0
0
0
0
4168
0
0
0
0
0
428
0
0
0
0
0
542
7377
3573
0
0
0
0
0
0
0
0
0
0
0
2067
2344
13
0
289
0
0
0
0
0
0
0
0
0
0
0
0
1403
1201
0
0
0
0
0
0
0
0
0
0
0
0
344
0
0
0
0
0
0
0
0
0
0
0
0
0
0
0
0
0
0
0
0
0
0
0
0
0
0
445
0
0
0
0
334
40
118
0
0
0
0
0
787
0
0
0
0
0
0
757
1678
1097
679
209
0
929
0
0
0
0
0
2239
0
0
0
329
0
0
0
0
0
0
0
0
1840
0
0
0
0
0
0
0
0
0
0
1837
582
52
0
0
0
0
0
0
0
0
0
0
0
0
432
56
0
0
0
0
0
38
0
0
0
0
0
1549
0
0
0
0
0
355
0
0
0
68
0
0
0
0
0
0
0
0
0
0
0
0
2804
0
0
0
0
0
0
0
0
0
12
0
1550
0
0
687
0
0
0
0
0
0
0
354
0
0
0
0
193
0
0
1221
0
0
0
0
0
0
0
0
1577
495
0
0
0
0
0
0
0
0
0
0
0
0
0
0
0
0
0
0
0
0
0
0
0
0
0
0
0
1871
806
0
0
0
7
0
0
0
529
14
0
0
0
0
0
0
0
608
0
0
0
1164
3463
87
0
0
0
0
0
0
54
894
638
148
1454
1365
0
0
0
0
0
23
0
679
0
0
0
0
0
0
0
0
0
0
0
0
874
0
0
0
0
0
0
0
0
0
0
0
0
311
263
326
6
0
0
0
358
0
0
0
0
0
0
97
0
0
0
0
0
671
0
0
0
0
0
0
0
0
0
0
0
1059
331
0
0
0
0
0
0
0
0
0
0
0
0
0
0
0
0
0
0
0
0
0
0
0
0
0
0
0
1855
0
0
0
0
0
0
0
0
0
0
0
0
0
0
0
0
0
0
0
0
0
0
0
0
0
0
0
0
0
0
646
0
0
0
0
0
0
0
0
0
0
141
0
0
0
608
0
0
0
2052
271
325
557
561
0
0
0
0
0
0
105
2603
2106
0
652
1495
1732
0
0
0
0
0
0
0
0
0
0
0
0
178
0
0
0
0
0
0
0
0
0
0
0
0
0
9
0
0
0
0
0
0
0
0
0
0
0
0
0
0
0
0
0
0
0
0
0
0
0
0
0
0
38
0
0
0
0
0
0
0
2722
0
789
3
0
0
0
0
0
1990
1919
0
0
1962
596
0
43
314
0
0
0
0
646
2355
0
0
0
0
0
0
723
0
0
0
0
0
0
0
0
0
0
0
0
0
1105
0
0
0
0
0
0
0
0
0
0
0
0
125
0
0
0
0
0
0
0
0
0
0
0
0
0
0
0
0
0
0
0
0
0
0
0
0
0
0
0
0
0
0
0
0
0
0
0
0
0
0
0
159
0
0
0
0
0
0
0
0
0
0
0
718
0
0
0
0
0
0
0
0
0
0
0
0
1510
543
0
3183
2425
1910
0
0
0
0
0
0
0
1479
186
0
0
0
0
0
0
0
0
0
0
0
790
0
0
0
0
0
0
0
0
0
0
0
0
0
0
0
0
0
0
0
0
0
0
0
0
57
0
0
0
0
0
0
875
0
0
76
0
0
0
0
0
932
0
0
0
3537
0
0
533
0
0
0
180
0
1580
227
0
0
1879
0
0
0
0
0
0
0
0
3355
3341
2514
96
2299
0
0
0
0
0
0
0
0
4024
4010
1825
172
837
0
0
252
552
0
294
1111
0
1441
3837
3950
1714
1914
852
694
0
253
626
1417
785
886
0
0
0
0
29
0
0
0
0
0
0
0
2045
301
406
0
666
2052
872
0
0
0
0
0
0
2087
87
0
0
0
0
0
0
0
0
0
0
0
1051
0
0
0
64
0
0
0
0
0
0
0
0
1835
1182
0
0
0
0
0
0
0
0
0
0
0
1620
227
0
0
0
0
0
0
0
0
0
0
0
1896
0
0
0
0
0
0
0
0
0
0
0
0
3712
1205
0
0
0
0
0
0
1005
0
0
0
0
3631
2129
1210
0
0
0
0
96
1476
637
0
0
0
3265
1351
0
0
0
0
0
0
1192
0
0
0
0
3176
0
0
0
0
0
0
0
195
0
0
0
0
2127
571
0
0
0
0
0
0
0
0
35
0
0
1313
1515
1863
0
0
0
0
0
32
0
143
0
0
816
1442
1336
0
0
1211
0
0
0
505
1780
482
0
452
750
277
0
793
74
0
0
0
0
0
0
0
733
672
0
593
356
0
785
2717
1713
0
0
0
0
1164
0
0
0
0
854
0
0
0
0
0
0
185
644
152
0
0
0
0
0
0
0
0
0
0
0
0
1674
514
680
2378
0
0
0
2575
2836
1841
323
98
279
1454
241
1676
3285
0
0
0
2339
2800
517
982
0
677
2090
1611
0
0
0
516
0
318
0
0
0
0
0
0
131
0
0
0
0
0
0
0
0
0
0
0
0
56
0
0
0
0
0
157
1230
0
0
0
0
0
0
0
0
0
0
0
0
239
242
0
0
0
0
1494
0
0
0
0
213
251
1212
0
53
842
0
0
2040
3525
1296
162
297
122
1545
770
0
2028
444
0
0
0
156
17
1660
0
0
0
0
91
0
0
0
0
0
0
0
0
0
0
0
0
0
0
0
0
0
0
0
0
0
0
0
0
0
116
0
0
1368
0
0
0
986
0
0
0
0
0
240
0
0
134
0
0
0
0
0
0
0
0
0
100
0
0
0
0
0
1513
580
0
0
0
0
1906
1214
517
0
0
0
0
878
2370
0
0
0
0
0
92
681
0
0
0
0
0
0
0
0
0
0
0
0
0
0
0
0
0
0
0
0
0
0
0
0
0
0
0
0
0
0
0
0
0
0
0
0
0
0
0
0
0
638
0
0
0
0
0
765
478
0
0
0
0
0
0
0
0
0
0
0
364
0
0
0
0
0
0
0
0
0
0
0
0
0
0
0
0
0
0
302
1219
349
322
818
779
0
0
0
0
0
0
153
957
0
0
0
0
0
0
0
0
0
0
0
0
740
0
0
17
0
0
0
357
0
0
0
0
0
1232
609
0
0
0
0
352
0
0
0
0
0
0
643
1960
303
0
0
0
0
0
0
0
0
732
0
129
2696
1927
0
0
0
0
247
2500
0
0
0
0
334
1509
0
0
0
0
0
0
0
0
0
0
0
2
2106
0
0
0
0
0
0
0
0
752
0
0
489
1052
0
0
0
0
0
0
0
424
0
0
0
422
1340
0
68
317
0
0
0
0
0
0
0
0
956
2722
0
1492
1176
0
0
0
0
0
2269
0
0
742
148
213
0
0
0
0
0
0
3778
799
0
0
0
0
0
0
704
1825
859
120
1300
0
0
0
0
0
0
0
0
0
0
0
2183
2503
0
0
0
0
0
0
0
0
0
0
0
715
1352
0
0
0
0
438
0
0
0
0
242
129
0
0
1452
0
0
0
833
0
0
659
2050
24
0
0
0
3241
92
0
0
1316
0
0
0
0
0
0
0
0
0
0
0
0
0
0
0
0
0
0
0
0
0
0
0
77
0
0
0
0
0
0
0
5150
1220
0
0
0
155
0
0
0
47
3412
1284
0
0
0
0
998
3184
150
0
0
0
0
281
0
0
0
0
0
1134
138
1434
0
1314
0
0
0
0
0
0
0
0
0
0
0
0
1624
1792
0
0
0
0
0
1996
407
0
0
0
0
0
302
0
0
0
0
0
1227
0
0
0
0
0
99
795
0
0
0
0
0
0
0
986
640
0
0
1593
1299
1082
1163
0
0
0
3448
188
0
0
633
204
2504
1774
3212
2767
1175
176
3299
4371
527
0
0
208
0
2750
1929
2582
0
0
2290
3023
829
0
0
0
0
0
1594
1902
2725
0
0
0
0
0
0
0
0
0
0
1276
201
0
0
0
0
0
0
0
0
0
0
0
993
1132
0
0
0
50
318
0
0
0
0
0
186
989
0
0
0
0
3982
1681
0
0
0
0
104
95
1718
1716
3335
451
0
3505
351
0
0
1548
247
0
0
1357
2542
4208
1342
555
573
0
0
0
2194
0
0
0
3209
1184
4592
1651
0
0
0
0
0
2300
0
0
0
2834
713
1731
842
0
0
0
0
0
3217
0
0
0
721
0
667
314
0
0
0
0
1873
75
0
0
0
0
0
0
0
0
0
0
0
0
0
0
0
0
595
84
1124
423
0
0
1024
984
688
1444
1681
1346
1066
36
0
2392
0
0
0
654
0
0
0
0
64
393
198
325
1721
0
0
0
0
0
0
0
0
18
873
0
0
0
0
0
0
0
0
0
0
0
0
212
0
0
0
0
0
0
0
1833
960
0
0
0
0
0
0
0
0
0
0
0
0
0
0
0
0
0
0
0
0
1108
2737
0
0
0
0
1481
2586
435
509
343
0
0
1747
846
0
0
0
0
687
260
0
0
0
0
0
0
0
0
0
0
0
0
0
0
0
0
0
0
0
0
584
645
0
0
0
0
0
0
0
0
0
0
0
16
713
0
0
0
0
0
0
0
0
0
0
0
0
0
0
0
0
0
0
0
0
0
0
0
0
0
840
0
0
0
0
0
0
0
0
0
0
0
0
0
0
0
0
755
78
0
0
0
0
0
0
1676
0
0
0
0
0
0
0
0
0
0
0
0
320
0
0
0
0
0
0
0
0
0
0
0
0
0
1369
0
0
2352
1329
0
0
0
0
469
0
0
0
0
0
0
812
0
0
0
0
0
0
0
0
0
0
0
0
0
0
0
0
0
0
0
0
0
0
0
0
0
0
0
0
0
0
0
0
0
0
0
0
0
0
0
0
0
0
274
0
0
0
0
0
0
699
2047
0
0
0
0
282
0
0
0
0
0
0
1880
0
0
0
0
0
1207
0
0
0
0
0
0
0
266
440
0
0
0
774
1233
0
0
0
0
0
569
1480
0
0
0
0
0
1571
0
0
0
0
0
0
0
0
0
0
0
0
0
0
0
0
1637
1540
144
1035
1421
963
0
106
0
0
0
0
0
330
1553
0
0
437
209
0
0
143
0
0
0
0
0
0
0
0
0
0
0
0
108
0
0
0
0
0
0
0
0
0
0
0
5
0
0
0
0
0
0
0
0
963
0
0
0
0
346
365
0
0
375
1039
3506
3544
1942
0
0
0
0
829
0
0
1632
2483
0
0
0
793
1527
0
0
0
415
5
0
288
0
0
0
0
806
1804
0
0
0
554
0
0
0
0
0
0
0
0
0
0
0
0
257
0
0
0
0
0
0
0
0
0
0
0
0
0
0
0
0
0
0
0
0
0
1257
0
0
0
0
0
0
0
0
0
0
0
0
0
0
0
0
0
0
0
0
0
0
0
0
0
0
0
0
0
0
1121
344
529
421
0
0
0
0
0
0
0
0
0
0
0
2510
0
0
0
0
0
737
949
0
0
0
0
0
264
0
0
0
0
0
0
0
0
0
113
0
0
0
0
0
0
0
0
0
0
0
0
0
0
0
0
0
0
0
0
0
0
0
56
250
242
0
0
0
0
0
0
0
0
0
0
0
108
125
0
0
0
0
0
0
0
0
0
0
0
0
0
0
0
0
0
0
0
0
0
0
0
0
0
0
0
0
0
103
0
0
958
0
0
0
0
438
35
0
0
0
0
0
0
1758
0
0
0
186
592
0
0
0
0
0
0
0
0
0
0
0
0
301
0
0
0
0
0
203
1793
0
0
0
0
0
0
0
0
0
0
0
0
0
0
0
0
0
0
0
0
0
0
0
0
0
0
0
0
0
0
0
0
159
633
0
0
0
0
0
0
0
0
0
0
0
57
563
0
0
0
0
0
0
0
0
0
0
0
1098
1592
573
407
0
0
0
0
0
0
94
0
0
538
936
277
974
933
0
0
0
0
0
677
0
0
0
1178
248
0
0
0
0
0
0
0
0
0
0
117
11
0
0
0
0
0
0
0
0
0
0
0
1517
1087
0
0
0
0
0
0
0
0
0
0
0
811
892
0
0
0
0
0
0
0
0
0
0
0
1603
957
0
615
0
0
0
0
0
0
0
0
0
2411
3388
0
944
0
0
0
211
839
0
0
0
0
3356
6195
1691
0
0
0
0
0
0
0
0
0
0
1654
812
2121
0
0
0
0
0
0
0
0
0
0
0
0
800
639
281
765
0
0
0
0
6
0
0
0
0
180
0
0
0
0
0
0
0
0
0
0
0
0
0
0
0
0
0
0
0
0
0
0
487
0
0
0
0
0
0
0
0
0
0
0
0
1143
0
0
0
0
0
460
0
0
0
0
0
0
0
0
0
0
0
947
0
0
0
0
0
0
0
0
0
1903
2251
2937
0
0
0
0
1070
2183
0
0
0
0
0
0
0
0
0
0
0
0
0
0
0
0
0
0
0
0
0
0
0
0
0
0
0
0
138
0
0
0
0
0
0
0
0
0
0
0
0
0
0
0
0
0
0
0
0
364
1934
0
0
0
0
0
0
0
0
0
0
0
0
0
0
0
0
0
0
0
0
0
0
0
0
0
0
0
0
0
0
316
0
0
0
0
0
0
0
0
0
0
1562
514
0
0
0
0
0
0
0
0
0
0
0
0
45
0
20
0
0
207
1151
75
0
0
0
0
16
1036
1820
2678
0
0
0
0
0
0
0
0
0
0
825
335
0
698
510
0
0
0
0
0
979
224
0
0
0
0
0
0
0
0
0
0
0
0
0
0
17
0
0
0
0
0
65
0
0
0
0
0
0
720
6
0
0
0
0
374
0
0
260
253
0
0
962
843
1456
48
0
0
0
0
0
0
0
0
0
370
2113
1413
0
0
0
0
0
0
0
0
0
2264
1123
1898
1592
0
0
0
0
0
0
0
0
204
3006
877
2267
3634
1940
3774
264
0
0
1400
1748
382
1977
1024
0
512
2732
0
0
0
791
198
0
0
0
219
0
0
0
212
302
121
0
586
86
0
0
0
0
0
0
0
0
0
0
0
0
0
0
0
59
210
0
0
0
0
0
0
0
309
0
0
311
0
0
0
0
0
0
0
0
0
0
202
2634
0
0
0
0
0
0
0
0
2876
0
0
0
0
0
1409
808
1429
0
0
0
615
1326
0
0
0
0
0
0
0
0
0
0
0
0
0
0
918
0
0
0
0
0
0
0
0
0
0
0
0
0
0
87
0
0
0
0
0
0
0
0
0
0
0
1443
3499
0
0
0
0
0
581
0
0
0
0
0
0
819
0
0
0
0
147
0
0
714
0
0
0
0
66
0
0
0
0
923
0
0
0
0
0
0
0
0
0
696
0
0
480
0
0
0
0
439
0
0
0
0
0
0
0
1511
0
0
80
0
0
2322
1015
577
0
0
0
0
0
0
0
0
3175
5932
4385
397
2050
3070
199
0
0
0
0
0
0
0
0
0
0
0
0
121
0
0
0
1105
0
0
0
0
0
0
0
0
1194
1672
0
0
447
0
0
0
0
51
0
0
0
0
1263
0
0
0
0
0
0
0
0
0
0
0
0
706
0
0
0
0
2676
489
0
0
0
0
0
0
0
0
0
0
0
111
0
0
0
1408
508
131
0
0
0
0
0
0
0
0
0
450
587
99
0
0
0
0
0
0
0
0
0
0
0
0
0
0
0
0
293
0
0
0
0
0
0
0
0
2020
2417
0
0
0
0
0
123
0
0
0
0
3837
3798
0
0
0
0
0
0
0
0
0
0
0
0
0
443
1233
0
0
0
0
204
1277
847
0
0
0
0
0
0
0
0
0
0
0
0
0
0
0
0
0
1698
0
0
0
0
0
0
0
0
0
1094
783
0
172
1099
0
0
0
0
0
0
0
0
0
0
0
0
0
0
0
0
0
0
0
1090
0
0
0
0
0
0
4377
0
0
0
0
0
2071
360
0
0
0
0
2526
586
0
0
0
0
0
0
0
0
387
0
0
0
0
0
0
0
0
0
0
0
0
1278
1592
0
0
0
673
0
0
0
0
0
0
0
877
576
0
231
0
0
0
0
0
0
0
0
458
1385
0
3111
856
0
755
811
0
0
0
0
0
0
0
662
2882
0
0
0
1223
0
0
0
0
0
0
0
0
0
79
0
0
0
444
490
0
0
310
1294
0
0
0
381
0
0
923
17
0
0
0
38
0
0
0
0
0
26
680
0
0
0
0
0
0
0
0
0
0
0
758
1331
0
0
0
0
0
0
0
0
0
0
0
0
226
0
0
0
0
0
0
0
1250
0
0
0
0
221
277
0
0
1563
0
0
0
3536
0
0
1866
0
636
835
0
0
462
0
0
0
6163
100
0
0
0
286
751
0
0
0
0
0
910
2606
0
0
0
692
164
773
0
0
4416
5225
194
0
0
0
0
2699
3835
0
422
0
0
2621
0
0
0
0
0
0
1769
0
0
466
0
0
0
0
0
0
0
0
0
0
0
562
190
684
0
0
1745
0
0
0
0
0
0
1174
231
0
758
0
0
0
0
0
0
0
0
2421
0
0
0
0
0
0
388
2274
2192
2043
689
250
0
0
0
0
149
0
0
0
0
0
0
0
1429
621
0
0
0
0
0
0
0
0
0
0
0
0
0
0
0
0
0
0
0
0
0
0
1335
0
0
0
0
0
0
406
0
0
0
1318
0
0
0
0
0
0
0
0
0
0
0
0
0
0
0
0
0
0
0
0
0
358
0
0
0
0
0
0
0
0
0
0
0
0
1328
0
0
0
0
0
0
0
1733
0
0
0
0
366
0
0
0
0
941
0
0
0
0
0
0
0
0
0
0
0
0
0
0
0
501
0
0
0
544
0
0
0
0
0
0
0
0
390
0
0
0
0
0
0
0
0
0
0
0
0
0
0
0
0
0
374
0
0
0
0
0
0
0
0
0
0
0
0
0
0
0
0
0
0
0
0
0
0
0
0
0
0
0
0
0
797
137
0
0
0
0
0
0
0
4
0
0
0
0
1480
0
0
0
0
273
0
0
426
0
0
0
0
0
0
0
0
744
1423
0
0
0
0
0
626
945
0
787
295
0
0
0
0
0
175
0
0
0
621
2215
1475
813
0
0
0
0
0
0
951
8
443
734
1689
529
105
1113
1235
844
576
0
0
0
746
581
0
0
0
596
2574
1480
615
0
0
0
0
0
1490
0
0
0
0
1963
2752
0
0
0
0
0
0
0
0
0
0
0
0
0
0
0
0
0
0
0
0
0
0
0
0
0
0
0
0
0
0
0
0
0
0
0
0
0
0
0
0
0
0
0
0
0
0
0
0
0
0
0
0
0
0
0
0
527
1760
0
0
0
0
587
522
784
310
0
0
1491
0
0
0
0
0
0
0
0
0
0
0
0
1044
0
2716
2578
0
0
0
0
0
0
0
0
0
1271
0
2462
0
1375
1892
2678
0
0
0
0
0
0
1489
852
1438
0
0
0
0
0
0
0
1756
57
0
820
581
0
0
0
2143
0
0
0
0
0
0
0
2271
0
0
0
0
712
0
0
0
0
0
0
0
2066
0
0
0
0
0
0
0
0
0
0
0
0
2169
0
0
0
0
1422
219
0
0
0
0
0
0
1453
0
0
0
0
0
0
0
0
0
0
0
0
991
1100
4801
0
0
0
399
0
2235
0
0
0
0
0
0
2695
0
0
0
0
0
2968
742
0
0
0
0
0
159
0
0
0
1232
1260
1111
0
0
0
0
0
0
0
0
0
0
0
0
0
0
0
359
0
0
0
0
0
0
2884
2162
0
0
0
0
0
0
0
0
0
0
0
0
0
0
0
0
0
0
71
707
1001
0
0
0
0
0
0
0
0
0
0
0
1025
832
0
0
0
0
0
0
0
0
0
0
0
148
0
0
0
0
0
0
0
0
0
0
0
0
798
477
0
0
0
0
0
0
1735
362
0
0
0
603
797
0
0
0
0
0
0
2697
174
0
0
0
0
1065
0
0
0
0
0
0
876
0
0
0
0
99
0
0
0
0
0
0
0
0
0
0
0
0
935
0
0
0
0
0
0
0
0
0
0
0
0
2640
0
0
0
0
0
0
0
0
0
0
375
0
3455
190
0
0
0
0
0
0
0
0
77
968
0
1878
1866
314
1017
1326
627
367
3
0
1146
4424
20
0
0
0
0
0
0
0
0
108
1964
910
135
454
0
0
0
976
1452
0
0
0
0
0
241
419
2441
353
229
0
0
0
0
0
0
0
0
353
2256
2682
0
0
0
0
0
0
0
0
0
1061
5057
1550
3650
1281
0
0
0
0
0
0
0
813
197
0
0
347
0
0
0
0
0
0
0
0
0
0
0
0
0
0
0
0
0
0
0
0
0
0
0
0
1059
726
78
151
0
0
0
1960
0
0
2736
0
0
1884
258
496
710
0
0
1389
4434
0
136
2374
0
636
2549
895
434
460
0
0
184
0
0
0
0
0
1347
1365
1300
388
0
0
0
0
0
0
0
619
0
0
2221
1919
0
0
0
0
0
0
0
0
0
0
0
1330
0
0
0
0
0
0
0
0
0
0
0
1646
1094
0
0
0
0
0
0
0
0
0
0
0
0
0
0
155
368
0
0
0
0
0
0
0
0
0
0
286
0
1287
0
0
0
0
0
0
0
0
0
0
0
0
981
103
0
0
0
0
0
583
273
0
1225
0
0
0
275
0
1605
26
0
0
0
1819
420
1877
0
0
0
0
0
0
113
0
0
0
1209
0
0
337
0
0
0
0
0
0
0
1138
0
0
0
0
0
0
848
0
1215
0
0
0
2092
0
28
767
1257
198
0
305
0
0
0
0
103
0
0
0
165
350
0
0
345
0
0
0
0
0
0
0
0
0
0
0
0
732
0
3009
2876
0
2265
1417
0
0
1867
258
0
0
1885
0
0
4033
0
0
0
0
0
672
0
0
0
1323
0
0
0
0
0
0
0
0
0
0
0
0
0
0
0
0
0
408
0
1048
0
0
0
0
0
0
0
0
0
0
0
0
0
0
0
0
0
0
0
0
0
0
0
0
0
0
0
0
0
0
0
444
0
0
0
0
0
0
0
0
0
0
0
0
0
0
0
0
0
0
0
0
0
0
0
0
0
0
0
0
179
0
0
0
0
0
0
0
0
0
0
0
0
0
0
0
0
0
0
0
0
0
0
0
0
0
0
0
0
0
0
0
0
0
0
0
0
0
0
0
0
0
0
0
0
0
0
0
0
0
0
0
0
0
0
0
0
0
0
0
0
0
0
0
0
0
0
0
0
4721
2135
0
0
0
0
0
1118
0
0
0
0
1516
1053
0
0
0
0
0
26
0
0
0
0
0
0
0
0
0
0
0
0
0
0
8
1433
1242
0
0
0
0
0
180
496
184
0
0
0
0
0
0
0
0
0
0
0
0
582
0
749
0
0
0
0
0
0
1302
1289
734
0
0
0
861
3346
104
0
0
0
0
0
0
2736
0
128
7
0
0
0
0
0
0
0
0
0
724
0
0
89
0
0
0
0
0
0
0
0
0
2709
112
0
0
0
827
510
0
0
0
0
0
0
3378
1388
0
0
0
0
990
0
0
410
320
0
0
165
256
0
0
0
0
0
0
0
0
0
0
0
1112
3020
0
0
0
0
0
0
0
0
0
0
0
456
2399
0
0
0
0
0
0
0
0
0
0
0
0
0
0
0
0
0
0
0
0
0
0
0
0
0
0
0
1324
281
1645
810
0
0
0
0
0
41
0
0
0
722
643
761
36
0
0
0
0
0
0
0
623
982
1161
1149
1433
1823
660
0
0
220
0
0
0
0
104
241
0
0
0
0
1205
1322
821
165
0
0
0
0
0
0
0
0
0
485
0
0
0
0
0
0
0
0
124
0
0
0
0
0
0
0
0
0
0
0
492
0
0
0
0
0
0
0
0
0
0
0
0
1387
0
0
0
0
1207
0
0
0
0
0
0
286
2226
945
0
0
1698
3643
0
1462
3357
1355
0
0
0
1348
2542
1015
0
0
0
0
0
847
1634
0
0
0
1422
3648
1153
0
0
0
0
0
0
0
0
332
0
0
588
767
0
0
0
0
0
0
0
0
0
0
0
1012
0
0
0
0
0
0
0
0
0
0
0
0
8
727
0
0
0
0
698
1309
0
0
0
0
0
0
0
0
0
0
0
0
0
0
96
0
0
0
0
0
0
0
0
0
0
0
0
0
0
0
0
0
0
0
0
0
0
0
0
0
0
0
0
0
0
0
559
0
0
0
0
0
0
0
0
0
0
0
0
0
0
0
0
0
0
0
0
0
0
0
0
0
0
0
0
333
0
0
0
0
0
0
0
0
0
0
0
0
0
0
0
0
0
0
0
0
0
0
0
0
564
0
0
0
0
0
0
0
0
0
0
0
0
2214
0
0
0
0
0
0
0
0
636
0
0
0
1846
0
0
0
0
0
0
0
0
0
979
0
0
2001
0
0
0
0
0
0
0
0
0
0
0
0
266
0
0
0
0
0
0
72
0
0
0
0
0
0
0
0
0
0
0
0
0
0
0
349
0
0
0
0
1415
3239
2063
850
292
146
0
0
0
1164
989
567
0
1043
583
0
0
0
212
0
0
0
163
0
0
0
0
0
0
0
0
571
0
0
0
0
0
0
0
1135
0
0
0
0
1614
0
0
0
0
0
0
0
256
0
0
0
0
1149
0
0
0
0
0
0
322
0
0
0
0
0
437
0
0
0
0
0
0
0
0
0
893
0
0
297
164
0
0
0
0
0
152
0
0
0
0
0
0
0
0
0
505
1073
875
4187
160
0
0
142
0
0
0
0
0
0
0
0
0
0
0
0
0
0
0
0
1021
0
724
4113
0
0
0
0
0
0
0
0
0
97
0
0
5336
1615
1156
0
0
0
62
0
0
0
0
0
0
0
0
0
0
0
0
0
0
0
0
0
0
0
0
0
2718
172
0
0
0
0
0
0
0
0
0
0
0
0
0
0
0
0
0
0
0
0
0
0
0
0
0
0
0
0
0
0
0
0
0
0
0
0
0
0
765
141
0
0
0
0
0
1504
0
0
0
0
0
0
2276
0
0
0
0
0
0
0
0
0
0
0
0
532
0
0
0
0
0
0
0
0
0
0
0
0
2108
421
0
0
0
0
374
0
0
0
0
0
0
1499
1649
0
0
266
0
0
0
0
0
2038
0
0
0
0
0
0
1455
0
0
0
0
0
549
0
0
0
0
0
0
813
0
0
1161
0
3459
5996
0
0
0
0
0
0
0
0
0
1664
0
16
9351
434
0
0
0
142
708
0
0
0
2107
0
0
706
0
0
0
0
1309
1030
0
0
0
0
702
1550
709
951
0
0
0
219
0
0
1093
0
0
0
0
0
0
0
0
0
0
0
0
0
0
0
0
0
0
744
409
0
0
0
0
0
0
0
0
0
305
2207
0
0
0
0
0
0
0
0
0
0
0
0
2997
1658
0
0
0
0
0
448
945
1626
232
0
1239
1132
0
0
475
0
0
0
0
1118
2820
0
0
1626
0
0
0
66
495
1680
0
0
0
1607
0
0
0
0
0
0
0
0
0
0
0
0
0
0
0
0
0
0
0
0
0
0
0
0
0
0
840
0
0
0
0
0
3388
0
0
0
0
0
0
0
0
0
0
0
0
0
0
0
0
0
0
0
0
0
0
0
0
0
0
0
0
0
0
247
0
0
0
0
0
0
0
420
0
0
372
0
0
0
0
0
0
0
0
0
0
0
0
0
0
0
0
0
0
0
0
0
0
0
0
0
0
0
0
0
0
0
0
0
0
117
872
0
0
0
230
181
0
0
0
0
0
0
0
0
0
0
0
0
0
0
0
0
0
0
0
0
0
0
0
255
716
0
196
1217
0
0
0
0
0
0
0
0
0
0
0
0
0
0
0
0
0
0
0
0
0
0
0
0
0
0
0
0
0
0
0
0
0
0
0
0
0
0
0
0
0
0
832
0
0
0
0
0
0
0
0
0
7
0
0
0
0
0
514
0
0
0
0
0
0
0
0
0
0
0
0
0
0
0
614
700
0
0
0
0
0
0
0
0
0
0
0
0
2561
0
0
1957
641
150
0
0
0
264
0
0
927
0
0
0
0
0
0
0
0
0
420
700
650
316
0
0
0
0
0
0
0
0
0
0
0
0
852
0
91
0
0
400
0
0
0
0
0
515
0
323
0
0
0
0
0
490
0
0
0
0
0
0
360
0
0
0
0
0
0
0
0
0
0
523
0
0
0
0
0
0
0
1020
0
0
546
1219
3162
0
0
0
0
0
0
0
4923
124
0
0
0
0
0
0
0
1358
135
0
0
0
0
0
1831
0
0
0
0
0
1530
1333
0
0
0
0
0
0
0
0
0
0
0
500
462
0
0
0
0
0
0
0
0
0
0
0
1414
2989
0
0
0
0
0
0
0
0
0
175
0
0
167
0
0
0
0
0
108
0
0
0
317
0
0
351
0
573
842
253
399
78
80
0
682
0
0
0
0
0
0
0
0
292
1680
102
0
0
249
0
0
0
0
0
0
0
0
0
0
0
0
20
0
0
0
0
0
0
0
0
0
760
616
99
120
0
0
0
0
0
0
849
282
0
0
0
0
0
0
0
200
0
0
0
0
0
0
0
0
0
1259
0
0
2417
863
0
0
131
2358
1689
0
0
94
2737
0
0
0
0
0
0
2560
3587
0
0
0
0
1613
0
0
0
0
0
0
0
0
0
0
32
606
845
0
0
0
0
0
0
0
0
0
0
78
1370
2188
0
0
0
0
0
0
0
0
0
0
0
0
814
0
0
0
0
775
0
0
0
0
0
0
0
0
1035
0
0
2880
0
0
0
0
0
0
42
0
0
926
26
0
325
2634
873
735
0
0
0
0
0
0
0
0
254
0
0
0
0
0
408
1492
1749
889
0
0
0
0
0
0
0
0
0
2437
3948
1490
902
0
864
0
0
0
0
0
2311
2205
3090
1211
1467
1462
0
808
0
0
0
0
0
0
230
0
0
0
1734
0
404
0
0
0
0
0
0
0
0
0
0
12
0
0
0
0
0
0
0
0
0
0
0
0
0
0
0
0
0
0
0
0
0
198
0
0
0
0
0
0
0
0
0
42
0
0
2097
0
1007
728
0
455
735
0
0
0
1663
0
0
109
0
1528
564
0
1078
1729
0
0
0
239
0
0
0
0
898
0
0
304
1710
0
0
0
0
0
0
0
0
0
0
0
0
1222
0
0
0
649
0
0
0
0
0
0
0
0
0
0
0
0
0
324
0
0
0
0
0
0
0
0
0
0
0
0
0
2069
2294
0
0
0
0
0
0
0
0
0
0
1758
0
0
0
0
0
0
0
0
0
0
0
82
0
0
0
0
0
0
0
0
0
0
0
0
0
0
0
0
0
0
0
0
0
0
0
0
0
0
0
0
0
0
0
1393
0
0
0
0
206
0
0
0
2523
0
0
2095
3272
1056
0
0
0
2513
0
0
1852
2371
0
255
1107
0
0
0
0
0
2675
0
0
0
0
0
0
0
0
0
0
0
0
0
0
0
0
0
0
0
0
0
73
0
0
0
0
0
0
0
0
0
0
0
0
0
0
0
0
0
0
0
0
0
0
0
0
0
0
0
0
0
0
973
0
0
0
0
0
0
0
0
0
659
0
0
0
191
0
0
0
0
0
0
0
0
0
0
0
0
274
0
0
0
0
0
0
0
0
0
0
0
0
0
0
0
0
0
0
0
0
0
0
0
0
0
0
514
0
0
0
0
0
0
0
0
0
0
0
0
0
0
0
0
0
0
0
0
0
0
0
0
0
0
0
0
0
0
0
0
0
0
0
0
0
0
0
0
0
705
0
0
0
0
0
0
0
0
0
46
2367
0
0
0
0
0
0
0
0
0
0
0
0
311
0
0
0
0
0
0
0
0
0
0
0
0
247
213
0
0
0
0
324
0
0
0
0
0
0
0
0
0
0
0
0
976
0
0
0
0
0
0
0
0
0
0
0
715
1494
0
0
0
0
0
0
0
0
0
0
0
809
979
367
0
0
874
1469
1032
146
0
0
196
0
454
912
0
0
0
0
0
0
0
0
0
0
0
0
0
0
0
0
0
0
0
0
0
0
0
0
0
0
0
0
0
0
0
0
0
0
0
0
0
0
0
34
0
0
0
0
0
0
0
0
0
0
0
0
601
2567
2831
243
0
0
0
0
0
0
0
0
0
0
0
0
0
0
0
0
0
0
0
0
0
0
0
0
0
0
0
0
0
0
0
0
0
0
0
0
0
0
0
0
0
0
78
0
0
0
0
0
0
0
0
0
0
0
0
0
0
0
0
0
0
0
0
0
0
0
0
0
0
0
0
0
0
24
0
0
0
0
0
0
0
0
0
0
0
1605
630
44
0
0
1600
2051
0
0
0
0
0
1183
1139
0
508
97
0
801
2728
892
0
0
0
0
0
0
0
222
352
340
0
0
2303
2515
0
0
0
120
108
0
0
0
40
0
0
0
0
0
0
83
1593
695
0
0
0
0
78
0
0
0
0
0
0
108
980
0
115
0
0
0
0
0
0
0
0
0
0
0
0
0
0
0
0
0
0
0
0
0
0
0
0
0
0
0
0
0
0
0
0
0
794
0
0
0
448
0
0
0
0
51
0
0
0
1458
1369
0
0
92
0
0
0
0
0
0
0
0
0
0
0
0
228
0
0
0
0
0
0
0
0
0
0
0
0
1498
0
0
0
0
0
0
0
0
0
0
0
0
776
0
0
0
0
0
0
0
323
0
0
44
0
0
0
0
0
0
0
0
1957
139
0
0
0
0
0
0
0
0
0
0
0
0
0
0
0
0
0
0
0
0
0
0
2783
1481
0
0
0
0
0
0
0
471
0
0
0
0
0
0
0
0
0
0
0
0
397
0
0
0
0
0
0
0
0
0
0
0
0
0
0
0
0
0
0
0
0
0
231
0
0
0
0
0
0
0
0
2296
2040
0
0
0
0
0
0
0
352
2439
416
0
1359
0
0
996
580
261
0
0
0
0
0
0
0
0
0
914
2839
0
0
0
0
0
0
0
0
0
0
0
0
0
0
0
0
0
0
0
0
0
0
0
0
0
0
0
0
0
0
0
0
0
0
0
0
0
0
0
0
0
0
0
0
0
0
0
0
0
105
0
0
0
0
0
0
200
0
0
0
0
0
0
0
0
0
0
0
0
0
0
0
0
0
0
0
0
0
0
0
0
218
0
0
0
0
0
0
0
0
0
0
0
425
353
0
0
0
0
0
0
469
0
0
0
0
835
774
178
144
0
0
0
371
0
0
0
0
0
1043
1354
0
0
1701
0
511
0
0
0
0
0
0
788
1801
0
0
0
0
1176
0
356
0
0
0
0
203
1382
0
0
0
0
0
0
0
0
0
0
109
0
306
0
172
1322
0
0
0
0
0
0
0
0
0
357
0
0
0
0
0
1171
0
0
0
0
0
0
440
0
2447
1487
0
0
0
0
0
0
0
0
0
0
0
967
0
0
0
0
0
0
316
130
0
0
0
256
1000
0
0
0
0
0
0
0
0
0
0
0
0
878
603
0
0
0
0
0
0
0
0
0
0
0
0
0
0
0
0
0
0
0
0
0
0
0
0
0
0
0
0
0
0
0
0
0
0
0
0
0
0
0
787
0
0
0
0
268
0
0
194
0
0
0
121
4659
3859
671
0
609
224
733
12
0
0
0
0
0
2069
474
0
0
0
0
0
0
215
0
1388
1400
612
0
0
0
0
91
0
0
0
0
0
737
1551
40
0
0
0
0
2979
478
0
0
0
0
18
0
0
0
61
0
0
414
0
0
0
0
0
0
0
0
0
2273
1417
1340
932
0
0
2266
1322
0
0
0
0
1593
6309
3000
625
0
0
1454
1068
0
385
0
0
0
1854
3819
193
599
896
0
0
0
0
215
0
0
0
0
0
0
0
0
0
0
0
0
0
0
0
0
0
0
8
0
0
0
0
0
0
0
555
3251
3166
3054
1806
2614
1358
1817
3099
3429
1629
1032
214
134
0
0
0
0
0
0
0
0
0
0
0
308
132
0
0
0
0
0
0
0
0
0
502
455
0
101
0
0
0
0
0
0
0
0
0
659
403
0
0
0
0
0
0
0
0
0
0
0
0
0
0
0
0
752
464
0
0
0
0
325
2597
794
0
0
0
0
0
0
0
0
39
0
0
0
0
0
256
0
0
0
0
0
0
4360
1879
0
0
0
0
356
0
0
853
108
0
0
0
322
0
0
912
0
0
0
0
0
0
0
0
0
0
0
0
0
0
158
0
0
0
0
0
0
0
0
0
0
0
0
0
0
0
0
0
0
556
0
0
0
0
0
0
0
0
0
54
569
0
0
0
0
0
0
1464
0
0
0
0
0
0
0
0
0
0
0
0
0
0
0
0
0
0
0
0
0
0
0
0
0
0
0
0
0
0
0
0
0
0
1545
2261
1943
1044
551
0
0
14
0
0
0
0
0
0
0
0
0
0
444
199
0
0
0
0
0
0
0
0
0
0
0
0
557
0
0
0
920
0
0
0
0
0
1844
1372
0
430
0
0
0
0
0
0
0
0
0
0
325
0
445
0
0
0
0
0
1345
0
202
0
0
493
668
540
0
314
2338
961
0
0
0
0
841
1875
1708
452
0
0
0
0
0
0
0
0
0
0
0
453
0
0
0
0
0
0
0
0
0
0
0
0
0
1263
0
0
0
0
0
0
0
0
0
0
0
0
974
0
484
1601
0
0
147
356
657
934
1841
3
1160
0
0
1478
2551
1346
1665
2736
2557
1747
1462
1250
2659
1025
714
1734
772
1644
1546
2202
2411
673
0
0
1121
2543
1190
230
675
0
0
0
0
0
0
0
0
1537
4247
2896
664
363
0
0
0
0
0
0
0
319
628
505
828
387
423
0
0
0
0
0
0
0
0
0
0
0
0
0
0
0
0
0
0
0
0
0
0
0
0
0
0
0
0
0
0
0
0
0
0
0
0
288
402
0
0
0
0
760
0
0
0
378
0
1545
4324
754
0
0
0
0
0
0
0
0
0
0
2
3018
504
0
0
0
0
0
931
0
0
0
0
0
0
0
0
0
0
0
0
0
0
0
134
0
0
0
0
0
565
0
0
0
0
0
0
0
0
0
0
0
0
0
4
0
0
1847
2152
184
0
1576
1672
619
0
0
0
0
0
0
0
0
0
0
14
0
0
0
0
1226
287
1487
2107
0
0
0
122
938
59
45
614
0
0
0
475
0
250
0
0
0
0
0
0
0
0
0
0
0
0
0
0
0
0
0
0
0
0
0
0
0
0
0
0
0
0
0
365
2071
360
0
0
0
0
588
0
0
0
346
0
0
623
0
0
0
0
0
0
0
0
0
3442
0
0
0
0
0
0
0
0
0
0
0
0
1160
0
0
0
0
0
0
0
0
0
0
0
0
64
0
0
0
0
0
0
0
0
0
1108
0
0
0
0
0
0
1243
0
0
0
0
0
172
0
0
0
0
0
1909
4703
707
0
0
0
0
0
476
0
0
0
928
2584
2674
858
620
0
0
0
325
1324
0
0
1284
1931
0
0
0
0
297
0
0
0
0
0
0
0
0
0
0
0
0
0
0
0
0
0
0
0
0
0
10
569
0
0
0
0
0
0
0
0
0
0
0
777
873
0
0
0
0
0
0
0
193
52
0
0
0
492
0
0
222
461
0
0
0
0
816
0
0
0
0
0
0
0
0
0
0
0
0
0
0
0
0
176
0
0
0
0
0
0
0
0
0
0
0
0
0
0
0
0
0
0
0
0
0
440
0
0
0
0
0
0
317
0
0
0
0
0
127
790
3244
740
0
0
0
774
0
0
0
0
0
0
1531
26
0
365
0
2
1089
0
0
0
0
0
0
820
0
0
0
0
324
1694
1984
3881
3275
0
0
0
0
0
0
0
0
1110
1100
965
0
4603
1939
0
0
0
0
735
0
217
1797
398
0
0
0
4966
4214
2524
371
0
610
549
657
941
0
0
0
0
603
65
0
0
747
0
0
0
0
0
0
0
0
0
0
0
0
326
125
0
0
0
0
0
689
0
0
0
0
0
0
0
0
0
0
0
0
272
1473
0
0
0
0
0
0
0
0
0
0
0
0
0
0
0
0
0
0
0
0
498
0
0
0
306
0
0
0
2545
1966
0
0
0
275
0
0
0
0
358
0
0
619
1067
0
0
0
0
0
0
0
0
241
0
0
0
0
0
0
0
253
0
0
0
0
0
1369
0
0
0
0
0
31
3130
718
0
0
0
0
782
0
0
0
0
0
0
582
594
0
0
0
0
0
0
0
0
0
1208
686
0
334
0
0
0
0
295
0
0
0
0
1124
0
0
187
0
0
0
0
1032
3083
981
0
0
1486
1779
218
799
0
0
145
0
0
292
0
0
0
0
0
0
0
0
0
325
304
0
0
0
0
0
0
0
0
0
0
0
26
360
106
0
0
0
0
0
0
0
0
0
0
0
0
0
0
0
0
0
0
0
0
376
0
0
0
0
0
0
0
0
0
2277
0
0
115
0
74
1834
2413
1759
0
0
0
1705
2479
0
0
0
0
561
0
0
0
0
0
0
0
0
0
0
0
0
0
0
0
0
0
0
0
0
0
0
0
0
0
0
0
0
0
0
0
0
0
0
0
0
0
0
0
0
0
0
0
0
0
1537
75
0
0
0
0
0
0
0
0
0
0
821
188
0
0
0
0
0
0
0
0
0
0
0
0
0
0
0
0
0
0
0
0
0
0
0
0
0
0
0
0
897
0
0
0
303
2767
2170
0
0
0
0
0
0
0
0
928
0
0
0
0
0
0
0
0
0
62
0
0
213
0
0
0
0
0
0
0
0
0
0
0
0
0
0
0
0
0
2709
0
0
0
0
0
0
0
0
0
0
0
99
2207
0
0
0
0
0
0
0
271
1527
982
0
770
23
0
0
0
0
0
0
0
0
340
0
0
0
0
0
0
0
0
0
0
0
0
0
0
0
0
0
0
0
0
0
0
0
0
0
0
0
0
0
0
0
0
0
513
0
0
0
0
0
0
0
0
0
0
0
211
0
0
0
0
0
0
0
0
0
0
0
0
0
0
0
0
0
0
0
0
0
0
0
0
0
0
116
0
0
557
0
0
0
1050
0
0
0
0
2654
0
0
375
233
0
0
0
1624
1057
0
0
0
656
314
0
0
0
0
0
0
0
0
0
0
0
0
1011
0
0
0
0
0
0
0
0
0
0
0
0
0
0
0
0
0
0
0
0
709
0
0
0
0
0
0
0
0
0
0
0
0
0
0
129
0
0
0
0
0
0
308
887
0
0
0
0
0
0
0
0
0
0
0
0
0
0
0
0
0
0
132
1139
0
0
0
0
0
0
0
0
0
0
0
0
0
0
0
0
0
0
0
0
0
0
0
0
0
0
0
0
0
498
0
0
0
0
0
0
0
292
0
0
0
0
0
0
0
0
0
0
902
1298
270
0
615
0
0
0
0
0
0
0
0
1973
1345
247
410
0
0
0
0
0
0
0
0
0
0
0
0
408
0
0
0
0
0
0
0
0
0
299
0
0
0
0
0
0
0
0
0
0
0
0
0
0
0
0
0
0
0
0
0
0
0
0
0
0
0
0
0
0
56
0
0
615
0
0
0
0
0
0
0
0
0
0
0
0
0
0
341
0
0
0
0
0
251
2114
0
41
0
0
0
0
0
0
0
0
0
0
0
0
235
275
0
0
0
0
0
0
0
0
0
0
0
0
0
0
0
0
0
0
0
0
0
0
0
0
0
0
0
0
0
0
0
0
0
0
0
0
0
0
620
0
0
0
0
0
0
0
0
0
0
0
0
0
0
564
794
0
0
0
0
0
0
0
0
0
0
846
0
1212
808
0
0
665
2117
0
0
0
0
289
835
0
0
0
0
0
0
0
0
0
0
1064
298
0
0
0
0
0
0
0
0
0
591
2157
726
314
0
0
0
0
0
0
0
0
0
0
1244
205
0
0
0
0
0
0
0
0
0
0
0
0
19
0
0
0
0
0
0
0
0
0
0
0
1885
950
0
0
0
0
0
0
0
0
0
0
143
1310
2005
281
0
0
0
0
0
0
0
0
0
1460
614
1028
366
0
0
0
0
1045
0
0
0
0
0
0
296
166
0
0
0
0
0
0
0
0
0
0
0
0
19
0
0
0
0
0
0
0
0
0
0
0
0
0
0
0
0
0
0
0
0
0
0
0
0
0
0
0
0
0
0
0
0
0
0
0
0
0
0
0
0
0
0
0
0
0
0
0
0
0
0
0
0
0
0
0
0
0
0
0
0
0
0
0
0
410
0
0
0
0
0
0
0
0
0
0
0
0
0
0
0
0
0
0
0
0
0
0
0
0
0
0
0
0
773
370
0
0
0
715
3975
1782
0
0
0
0
0
0
0
0
0
0
0
0
0
0
0
0
0
0
0
0
0
0
0
0
0
0
637
0
0
0
0
0
0
0
0
0
0
93
1497
145
0
0
0
0
0
0
0
0
0
0
0
0
963
153
0
0
0
0
2514
0
0
0
0
0
0
0
0
0
0
0
0
0
0
0
0
0
0
0
0
0
0
0
0
0
0
0
1768
0
373
0
0
0
0
0
296
0
0
0
0
0
0
0
0
0
0
0
0
0
0
0
0
0
0
0
0
0
0
0
0
0
0
194
0
0
0
2647
3424
1904
0
0
0
0
0
0
0
0
0
0
198
0
0
152
490
1010
164
0
0
0
0
0
79
59
0
0
0
0
0
0
0
0
0
0
0
0
8
0
0
0
0
0
0
91
0
0
0
0
0
0
0
0
0
0
493
0
0
96
0
0
0
900
1327
0
0
0
0
2996
0
0
0
0
0
0
0
237
0
0
1311
2629
2734
0
0
0
124
475
0
0
0
0
0
1343
805
0
0
0
0
0
0
0
0
0
0
0
96
0
0
0
0
0
0
203
0
0
0
0
0
0
0
0
0
0
0
1012
2290
0
0
0
0
0
0
0
0
0
0
0
934
1519
0
0
0
0
0
1287
0
0
0
1095
0
0
0
0
0
0
0
0
0
0
0
672
0
0
0
0
0
0
0
0
0
0
0
3
26
0
879
1580
449
89
1769
1319
0
0
0
51
273
2018
41
703
1398
0
0
0
0
0
0
1279
662
0
2336
0
232
1491
0
0
0
0
491
4958
5167
193
0
2335
0
358
3991
0
0
0
0
1172
3679
505
0
0
1086
0
0
1591
989
0
0
0
0
0
0
0
0
0
1113
0
0
0
0
0
0
0
0
0
0
0
0
1146
0
0
0
0
0
0
0
0
0
0
0
0
147
169
0
0
0
0
0
2288
5359
188
1453
1488
120
0
0
0
0
206
0
0
0
2506
0
3828
5877
489
0
0
0
0
0
0
0
0
0
0
431
4106
812
0
0
0
0
577
0
0
0
0
0
1098
3981
1014
0
0
0
0
4481
2200
0
0
0
0
174
2551
0
0
0
0
0
0
445
1120
0
0
0
0
0
0
0
131
0
0
0
0
0
0
0
0
0
0
0
569
0
0
0
0
0
0
0
493
0
0
0
0
0
0
0
91
459
1542
5418
5922
1850
0
0
0
0
0
385
0
0
0
0
2709
0
0
0
0
0
0
0
0
0
804
0
0
0
0
0
0
85
0
80
0
129
0
0
0
0
0
122
0
0
0
0
0
0
0
0
0
0
0
3338
1843
0
0
0
0
164
0
0
0
0
0
0
7625
944
0
0
1173
1369
0
0
0
0
0
0
0
631
0
0
0
619
0
0
0
22
1942
2648
0
0
0
0
0
839
0
0
0
0
0
0
4012
0
0
0
0
0
0
3509
0
0
0
0
0
0
0
0
0
0
0
2024
2356
0
0
0
0
0
0
0
0
0
0
0
0
0
0
0
0
0
0
0
0
0
0
0
1128
1112
0
0
494
0
551
42
0
0
0
0
484
1806
0
0
0
0
0
198
0
0
0
0
0
0
0
0
825
0
186
0
0
1233
3156
1270
0
0
0
0
0
0
0
744
382
376
0
0
474
0
0
0
0
0
0
0
215
228
0
0
0
0
0
0
0
0
0
0
0
0
0
0
0
0
0
0
0
0
0
0
0
0
502
0
0
0
1238
2323
0
0
0
47
137
2326
1186
0
0
449
0
82
0
3276
0
0
0
0
104
2382
0
0
1310
198
0
278
1398
0
0
0
0
1845
448
0
0
1215
2965
0
2610
1953
0
0
0
0
83
0
0
0
81
3482
0
0
4275
0
0
0
0
0
539
0
0
0
1496
1007
0
942
3337
1996
1401
0
328
763
0
0
0
173
0
0
0
0
0
0
0
0
0
0
0
0
1243
424
1064
0
0
0
0
0
0
0
0
451
0
0
0
0
0
0
0
0
0
0
0
0
72
0
0
0
0
0
0
0
3856
0
0
0
0
60
0
0
0
0
0
0
0
0
0
0
0
0
449
0
0
0
0
0
0
0
0
0
0
0
0
417
0
849
0
0
0
0
0
0
0
0
0
0
299
0
0
0
0
0
0
0
0
0
0
0
0
0
0
0
0
0
0
0
0
0
0
0
0
0
0
0
0
0
0
0
0
0
0
0
0
0
545
244
0
0
0
0
0
0
0
0
0
0
572
1629
0
0
0
0
0
0
0
0
0
0
0
2169
0
0
93
0
0
0
0
0
0
0
0
0
0
0
0
0
551
170
0
0
0
0
0
0
0
0
0
862
0
0
1548
2299
910
0
253
1069
0
0
0
0
0
0
0
0
0
0
0
0
0
0
0
0
0
337
0
0
0
0
0
0
0
0
0
0
1340
714
1045
0
0
0
224
11
0
0
0
0
0
1073
234
164
0
0
0
0
0
0
0
0
0
0
0
0
0
0
239
0
0
0
0
596
0
0
0
0
0
141
0
0
0
0
0
291
506
0
0
0
0
0
0
0
356
0
0
0
0
0
0
0
0
0
0
0
0
1211
111
0
0
0
0
0
0
0
0
0
1056
0
0
0
0
0
0
0
0
0
0
0
0
411
0
0
0
0
0
0
0
0
0
0
0
0
0
0
0
0
0
0
0
0
0
0
0
0
0
0
0
0
659
0
0
418
0
0
0
0
0
0
0
0
0
1585
428
765
0
0
0
0
0
0
0
0
0
0
0
0
0
0
0
0
0
0
0
0
0
0
0
0
0
0
0
0
0
0
0
0
0
595
114
0
0
0
0
0
0
0
0
0
0
0
854
166
0
0
0
0
0
0
0
2049
0
0
0
0
0
0
0
0
0
0
0
0
143
0
0
0
0
0
0
0
0
0
0
0
0
0
0
0
0
0
0
0
0
0
0
0
0
0
0
0
0
0
0
0
0
0
0
0
0
0
0
67
342
0
0
135
0
0
0
0
0
0
0
0
0
0
0
109
0
691
0
0
0
0
0
0
46
0
0
0
0
0
1326
1600
0
0
0
0
0
430
0
0
2789
66
0
0
0
0
0
0
0
0
0
336
679
247
0
0
0
0
525
0
0
0
0
0
0
0
421
0
0
0
0
0
0
100
0
0
0
0
0
0
0
0
501
0
0
0
0
0
0
0
0
0
0
0
0
716
0
0
0
0
0
0
0
0
0
0
0
0
352
0
0
0
0
0
0
0
0
598
0
0
0
0
0
0
0
369
0
0
0
0
0
1322
576
0
0
0
0
0
0
0
0
0
0
0
0
0
0
0
0
0
0
0
95
0
0
0
0
0
0
0
0
0
0
0
978
1734
821
476
160
0
651
0
0
0
0
0
0
0
1583
535
157
82
213
0
0
0
0
0
0
0
0
0
1402
2015
375
0
0
0
25
645
634
0
0
0
0
0
22
0
0
0
631
843
0
0
0
258
0
0
0
0
0
0
0
0
0
0
0
523
185
0
0
0
0
0
0
0
0
486
0
0
405
0
0
0
1752
0
0
0
0
0
0
0
0
0
0
0
0
0
0
0
0
0
0
0
0
0
0
0
0
1405
0
0
0
0
0
0
0
127
0
0
0
0
2946
0
0
0
0
0
0
160
0
0
0
0
0
1893
0
0
0
0
0
0
0
0
0
685
0
1509
2841
0
0
0
0
0
0
0
0
0
1698
0
0
0
0
0
0
0
0
0
0
0
1136
1502
0
0
0
0
0
543
0
0
822
0
0
0
699
0
0
0
0
0
1178
0
0
1423
0
0
0
0
0
0
0
0
0
0
0
0
0
0
0
0
0
0
0
0
0
0
0
0
321
0
0
0
0
445
997
664
1711
3302
1234
724
1108
1317
0
0
0
0
0
0
0
0
0
0
0
0
19
0
0
0
0
0
0
0
0
0
0
0
0
0
0
0
0
0
0
0
0
0
0
0
0
0
0
0
0
0
0
0
0
0
0
0
0
0
0
0
0
0
0
0
67
371
0
0
0
0
1540
0
0
0
0
0
0
0
1959
3544
0
0
0
0
306
0
0
0
0
0
0
15
0
0
0
0
0
0
0
0
135
0
0
0
0
0
0
0
0
0
0
0
0
685
0
0
0
0
0
0
0
0
0
0
0
0
214
0
0
0
0
0
0
0
0
0
0
0
0
0
0
0
0
0
0
0
0
0
0
0
0
0
0
0
0
0
0
0
0
0
0
0
0
0
0
0
161
0
0
0
674
0
0
0
0
0
0
0
0
0
0
0
0
0
0
0
964
0
0
0
0
0
0
0
0
0
0
0
36
1662
0
0
0
0
0
869
0
0
0
0
0
189
0
0
2108
0
0
0
751
0
0
0
0
2713
0
0
0
0
0
0
0
1257
0
0
0
0
0
0
0
179
534
0
0
0
713
0
0
0
0
0
0
0
0
340
0
0
0
0
0
0
0
0
702
0
0
0
0
0
0
0
0
0
0
0
0
0
0
0
0
0
0
0
0
0
0
0
0
0
0
0
0
0
0
0
0
0
0
0
0
0
0
1007
285
0
0
0
0
0
0
151
0
0
0
0
0
0
0
0
0
0
0
0
0
612
1503
0
0
0
0
229
0
0
0
0
0
0
0
0
0
0
156
0
0
0
0
0
0
0
0
0
0
2212
4409
2546
0
0
0
0
0
0
0
0
0
0
0
1194
0
0
0
0
0
0
0
0
0
0
0
0
0
0
0
0
0
0
1950
121
0
0
0
0
0
0
0
0
0
0
0
683
303
0
0
0
0
0
0
912
642
591
0
0
0
0
0
0
0
0
0
0
0
0
0
1074
0
0
0
0
0
0
0
0
0
0
0
0
2245
0
0
0
0
0
0
0
0
0
0
0
0
0
0
0
0
910
0
0
0
0
0
0
0
0
0
0
0
0
973
0
0
0
0
0
0
0
0
905
0
0
0
49
0
0
0
0
0
507
632
1167
0
0
0
0
0
0
0
0
0
0
0
0
0
0
0
0
0
0
0
0
0
0
0
0
871
0
0
0
0
0
0
0
0
0
0
0
0
0
0
0
0
0
0
0
0
0
0
0
0
0
0
0
0
458
85
0
0
0
0
0
0
0
0
0
0
0
523
0
0
0
0
0
0
0
0
0
0
0
0
0
579
27
0
0
0
0
0
0
0
0
0
253
1801
89
460
0
0
0
0
0
538
0
0
89
646
391
0
24
0
0
0
0
1580
316
0
0
0
0
0
0
1521
1078
0
0
0
0
0
0
0
0
0
0
0
431
1181
1166
0
0
0
0
0
0
0
0
0
0
762
568
2559
2135
0
0
0
0
0
0
0
0
0
902
110
2598
2362
0
0
0
0
0
0
0
2479
2437
1151
243
795
1389
0
0
1194
1211
543
294
0
1273
813
0
0
0
0
0
0
0
0
0
0
0
0
0
0
0
0
0
0
0
0
0
0
0
0
0
0
0
0
0
0
0
0
0
0
0
0
0
0
0
0
0
0
0
0
0
0
0
795
0
0
0
0
0
0
47
0
0
0
1067
2402
373
0
0
0
0
0
0
0
0
0
0
0
955
0
0
0
0
0
0
0
0
0
0
0
0
0
0
0
0
0
0
0
0
0
0
0
0
0
0
0
0
0
0
0
0
0
0
0
123
0
0
0
0
0
0
0
0
0
0
0
0
992
0
0
0
0
0
0
0
0
0
0
0
0
0
664
1629
0
0
271
0
0
0
0
0
0
0
0
0
311
182
0
0
0
0
0
0
0
0
2086
2837
2928
2877
3465
3735
4033
3171
3162
2775
763
754
0
0
0
0
1003
611
0
1557
968
0
0
0
0
0
0
0
0
0
0
0
0
0
0
0
0
0
0
0
403
0
0
0
0
274
0
0
0
0
741
0
0
1159
2251
2522
0
0
0
0
0
0
0
191
0
0
0
0
0
0
0
0
0
0
0
0
598
0
68
0
0
0
0
3098
27
0
0
0
0
0
0
0
0
0
0
0
193
2096
0
0
0
0
0
0
0
0
0
0
209
0
0
0
0
2424
0
0
0
0
0
0
0
4285
0
0
0
0
0
0
517
0
0
0
0
0
536
0
0
0
0
0
0
0
0
0
0
0
0
0
0
0
0
0
680
0
0
0
0
0
0
0
719
1025
0
0
0
0
0
0
0
0
0
0
0
0
0
0
0
0
0
567
0
610
319
438
0
0
0
0
0
0
0
0
0
0
0
0
0
0
0
0
0
0
0
0
0
0
0
0
0
0
0
1878
5483
6900
4830
2046
47
0
0
0
0
0
0
0
0
871
1188
0
0
0
0
0
0
0
0
0
0
0
0
0
0
0
0
0
0
0
259
0
0
0
0
0
0
0
0
0
0
0
0
0
0
0
0
0
0
0
0
0
0
0
0
0
0
0
0
1505
203
0
0
0
0
343
0
0
0
495
0
1302
955
0
0
0
0
3551
2673
0
0
0
0
0
0
0
0
0
2950
1565
132
0
0
0
0
0
0
0
0
0
0
0
0
0
0
0
0
0
0
0
0
0
0
0
0
0
117
0
0
0
0
0
0
0
513
1378
2524
1509
2114
665
0
0
0
0
0
0
0
0
0
0
0
0
0
1566
1007
0
0
0
0
0
0
0
0
0
0
0
0
0
0
0
0
0
0
0
0
0
0
0
0
0
0
0
0
0
0
0
0
440
0
0
0
0
0
0
578
0
0
79
744
1603
143
0
0
824
0
0
0
0
0
0
0
0
0
104
0
0
2715
1097
168
0
0
0
371
488
0
0
2339
0
0
0
1322
1157
908
818
0
368
1380
0
0
652
0
0
0
1154
0
0
0
108
0
306
0
0
0
0
0
0
1097
0
0
0
1119
0
0
0
0
4251
2217
0
0
0
0
0
461
1644
0
0
0
0
0
1661
0
0
0
0
0
0
40
420
175
0
0
0
0
0
0
0
0
0
0
0
0
511
273
0
0
1728
561
0
0
0
0
0
0
0
680
1193
142
0
0
0
0
0
0
0
0
0
570
0
329
0
0
0
0
0
0
0
0
0
0
0
0
128
0
0
0
0
0
0
0
0
0
0
0
0
0
0
0
0
0
0
0
0
0
757
0
0
0
0
0
0
0
402
0
0
0
0
0
0
0
0
0
0
0
0
0
0
0
0
1285
0
0
0
0
0
0
0
0
0
0
0
0
1107
999
0
0
0
0
0
0
0
3008
0
0
0
0
0
0
0
0
0
871
0
0
0
0
0
2103
1883
0
0
0
0
0
0
0
0
0
866
0
0
0
0
0
0
0
0
0
0
0
0
0
0
0
0
0
0
0
0
0
0
0
0
0
0
0
139
0
0
371
1651
213
1964
5280
3670
1897
951
1119
3679
3012
560
1554
813
230
0
0
0
0
0
0
0
0
0
0
0
0
430
0
0
0
0
0
0
0
0
0
0
0
0
0
173
0
0
0
0
0
0
0
0
0
0
0
0
0
0
228
0
1125
2126
0
1877
1928
1237
0
0
0
173
0
0
0
2702
3868
2079
0
0
0
0
0
141
180
0
0
0
0
0
0
0
0
0
0
0
0
0
0
0
0
0
0
0
0
0
0
0
0
0
0
0
0
0
0
0
0
0
0
0
49
0
0
0
687
0
0
0
0
0
1070
0
0
0
97
0
0
514
0
0
0
0
0
0
0
0
0
809
0
0
0
0
0
1275
0
191
2009
0
0
135
0
0
0
738
0
42
0
0
0
0
0
666
0
0
0
0
0
0
0
0
0
0
0
0
0
0
0
0
0
0
134
2092
587
0
0
0
0
0
0
0
0
0
0
900
0
0
0
0
0
0
0
0
0
0
0
0
0
0
0
0
0
0
0
0
0
0
0
0
0
0
0
0
0
0
0
0
398
0
0
0
0
0
0
0
0
0
0
0
0
88
0
0
761
436
0
0
2253
1218
0
5106
3136
0
0
0
0
1549
1872
0
140
217
0
0
0
148
0
0
0
0
0
0
0
0
0
0
0
0
0
0
0
0
0
0
136
0
0
0
0
0
0
0
0
0
0
0
0
991
0
0
0
0
0
0
0
0
0
0
0
0
964
0
0
0
0
0
0
0
0
0
0
0
0
3
0
0
0
0
0
0
0
0
0
0
0
0
0
0
0
0
0
0
0
0
0
0
0
0
0
351
703
0
0
0
0
0
0
0
0
0
1119
0
0
0
0
0
0
0
0
0
0
0
0
0
0
0
0
0
0
0
0
0
0
0
0
0
0
0
0
1808
0
0
0
0
0
1738
0
0
0
0
0
0
1188
0
0
0
474
384
0
0
0
0
0
0
0
0
0
0
0
1954
77
0
0
0
0
0
0
0
0
0
0
0
215
0
0
0
0
0
0
0
0
0
0
0
0
2140
839
0
0
1675
492
0
0
0
0
0
0
0
3602
0
0
0
0
0
0
0
0
0
0
0
0
5824
2105
0
0
0
1719
0
0
0
0
0
0
0
676
0
0
0
0
1026
70
0
0
0
1070
0
0
0
0
0
2113
474
0
656
378
0
0
969
0
0
0
0
0
0
0
0
0
0
0
0
0
249
0
0
0
0
0
0
0
814
0
0
0
0
0
0
0
0
0
0
0
500
918
0
0
0
0
0
0
0
0
0
0
0
0
435
0
13
0
131
0
0
0
0
0
0
612
316
839
0
0
0
640
0
0
0
0
0
0
1057
115
534
0
0
0
0
0
0
0
0
0
0
0
460
410
0
0
0
0
0
0
0
1128
0
0
0
641
178
0
0
0
0
0
0
0
308
0
0
1448
1332
532
0
0
0
0
719
0
0
1190
196
0
1518
4009
1972
800
115
0
0
0
912
0
122
0
0
1626
4045
2515
286
1896
0
0
0
0
0
0
0
1469
3908
1876
1316
0
2346
1828
0
756
0
0
0
99
1792
646
0
35
0
739
413
0
0
0
0
0
0
0
0
0
0
0
0
0
0
0
0
0
0
0
0
0
435
34
0
0
0
0
0
0
0
0
0
0
0
1363
0
0
0
0
0
1027
880
349
2022
0
0
0
1073
0
821
0
0
0
0
0
0
0
0
0
0
933
0
855
1900
465
0
0
0
0
0
0
0
0
0
63
0
0
0
0
0
0
0
0
0
0
0
0
63
0
0
0
0
0
459
1360
0
0
0
0
0
0
0
0
0
0
0
2144
2065
0
0
0
0
0
0
0
0
0
0
0
831
0
0
0
0
0
0
339
0
0
0
0
0
0
0
0
0
1208
1284
0
0
0
0
0
0
0
0
0
0
0
1091
0
0
0
1256
0
0
0
0
0
0
0
278
229
0
0
0
1881
993
1212
1826
0
0
0
1043
1316
0
0
0
0
248
0
629
1532
1602
3
0
0
1850
3847
2955
943
0
0
0
0
0
0
0
0
1361
325
0
1119
0
0
0
0
0
468
64
0
0
0
0
0
902
0
0
210
0
0
0
0
0
0
0
0
0
0
0
712
0
0
0
0
0
0
0
0
0
0
0
0
375
0
0
0
0
0
0
0
0
0
0
0
642
0
0
0
0
1584
818
0
0
0
0
0
1891
1784
0
0
0
0
0
0
0
0
0
0
0
0
354
0
0
0
0
0
0
0
0
0
0
0
0
81
0
0
0
0
1011
1015
0
0
0
0
0
2361
1674
0
0
0
0
0
0
0
0
0
0
0
1829
185
0
0
0
0
0
0
0
0
0
0
496
0
0
0
0
0
0
0
0
0
0
0
0
0
0
0
0
0
0
0
0
0
1330
0
0
0
0
0
0
0
0
0
0
0
0
0
0
0
0
0
0
215
0
0
948
649
44
0
0
0
0
0
0
0
13
0
122
149
0
0
0
0
0
0
0
0
0
0
0
0
0
0
0
0
0
294
0
0
0
0
0
0
238
0
0
0
0
0
0
1156
1574
2500
0
262
0
906
1151
0
983
3197
0
0
1830
2536
2028
208
533
0
0
0
0
0
414
0
0
0
0
0
0
604
491
0
0
0
0
0
0
0
0
0
0
0
0
622
0
0
0
0
0
0
0
0
0
0
0
0
0
558
0
0
0
0
0
0
0
0
0
0
0
0
0
0
0
0
0
0
0
0
0
0
0
0
0
0
0
0
0
0
222
733
669
0
0
0
0
0
0
0
0
0
0
0
1410
168
0
0
0
0
0
0
0
0
0
0
569
0
0
0
0
0
0
0
0
0
0
511
355
0
0
0
0
0
0
0
0
456
693
0
0
0
0
0
0
0
2317
1085
0
0
0
0
0
0
0
0
0
0
0
1733
0
0
0
0
0
0
0
0
0
0
0
0
271
0
0
0
0
0
0
0
0
0
0
0
0
996
0
0
0
0
661
2463
504
0
0
0
0
457
144
0
154
0
0
0
0
0
0
0
0
421
0
0
0
197
146
0
0
0
0
0
0
0
0
0
0
0
0
0
0
130
0
0
0
0
0
0
1413
0
0
0
1293
0
244
3128
2437
0
0
840
4350
2679
0
514
1200
1530
0
0
0
0
0
149
963
0
0
0
0
650
902
0
0
0
0
0
1979
1420
0
0
0
0
0
0
0
445
297
0
0
0
0
0
0
0
0
0
109
0
0
0
0
0
0
0
0
0
0
0
0
411
0
0
0
0
0
0
0
0
0
0
0
0
79
0
0
0
0
0
563
0
75
0
0
0
0
0
0
0
0
0
0
999
0
0
0
0
0
0
0
986
2670
1648
0
0
0
0
0
364
768
0
0
0
0
1331
0
0
0
0
0
0
0
0
0
0
0
0
0
0
0
0
0
0
0
0
0
0
0
0
0
0
0
0
0
0
0
0
0
0
570
0
0
0
0
0
0
0
0
0
0
0
0
0
0
0
0
0
0
0
0
0
0
0
0
0
0
0
0
0
0
0
0
0
0
0
0
0
0
743
0
0
0
0
0
792
693
0
0
0
0
0
0
0
0
0
0
0
0
0
0
0
0
0
0
0
0
0
0
0
0
0
0
0
0
0
0
0
0
0
0
0
0
0
0
0
0
0
997
0
0
0
0
0
0
0
136
683
0
0
0
402
194
0
0
0
0
0
0
0
0
0
0
0
0
0
0
0
0
0
0
0
0
0
0
0
0
0
0
0
0
0
0
0
0
0
0
0
0
0
0
0
0
0
0
0
0
0
0
0
0
1098
0
0
0
0
0
0
0
0
0
0
0
0
1723
0
0
0
0
0
0
0
0
0
0
0
0
811
2945
0
0
0
0
0
0
0
0
0
0
917
2100
0
0
0
0
0
0
0
0
0
0
0
0
0
0
0
0
0
0
0
0
469
0
852
511
1267
1191
0
0
0
0
15
163
0
0
472
806
0
0
580
0
0
0
0
0
103
0
0
0
0
63
0
0
0
0
0
0
0
0
0
0
0
0
0
102
0
381
589
0
0
12
0
0
0
0
0
0
0
1831
127
0
307
0
0
0
0
0
0
0
0
173
0
0
0
1063
0
0
0
0
0
1779
1936
397
0
0
0
0
1329
0
0
0
204
0
1673
0
0
0
0
0
0
1667
0
0
0
169
0
0
0
0
0
0
0
0
0
0
0
0
1353
0
0
0
0
0
0
0
0
0
0
0
0
159
0
0
0
0
0
0
0
236
983
0
0
0
0
0
0
0
0
0
0
0
0
0
0
0
0
0
0
0
0
0
0
0
0
0
0
0
0
0
0
479
0
142
1901
2277
393
0
168
0
0
0
0
0
1427
0
0
2262
325
0
313
0
0
0
0
0
0
2142
0
1644
2713
644
0
0
0
0
0
0
0
0
2633
0
0
0
439
1768
0
0
0
0
0
0
0
1879
197
0
0
0
0
0
0
0
0
0
0
0
1120
618
0
0
1565
794
0
0
0
0
2418
1341
1457
2115
1863
1593
1656
3110
5855
2294
0
0
0
3225
3184
1139
1285
0
1206
0
0
5325
1237
0
461
0
0
239
524
310
0
0
0
0
51
0
0
0
0
0
0
1624
1126
0
0
0
0
0
0
0
0
0
0
424
542
1025
0
0
0
0
0
0
0
0
0
0
0
0
1491
0
0
0
0
0
0
0
0
0
0
0
0
605
0
318
2557
0
0
0
0
0
1022
0
0
0
0
0
0
0
1045
726
0
0
0
0
0
0
0
353
1406
841
609
0
0
0
0
0
0
0
521
939
21
422
0
0
0
0
0
0
0
0
0
0
589
0
0
2457
1457
0
0
0
0
0
0
0
0
640
0
0
0
0
2184
1648
445
0
0
0
0
0
0
0
0
0
0
1570
798
0
0
0
0
904
317
0
999
3465
4431
417
0
0
0
0
539
0
0
0
0
310
0
0
0
0
0
0
0
0
0
0
0
448
0
0
0
0
0
0
0
0
0
0
0
0
899
0
0
0
0
0
0
0
0
0
0
0
0
779
299
0
0
0
0
0
0
357
0
0
0
0
0
0
228
0
0
0
0
0
0
0
0
0
0
0
0
0
0
0
0
0
0
0
0
0
0
0
0
0
0
0
0
0
0
0
0
0
0
335
231
0
0
0
0
0
0
0
0
0
0
0
0
0
229
0
0
0
0
0
0
0
0
0
172
0
0
396
0
0
2027
458
0
0
0
1568
367
0
0
0
721
0
0
0
2166
1537
0
0
0
0
0
0
0
0
232
0
0
0
0
0
0
0
0
0
0
0
0
0
0
0
0
0
0
0
0
0
0
0
0
0
0
0
0
0
0
0
0
432
0
0
0
0
0
194
0
0
0
2563
0
0
0
0
0
747
0
0
646
0
0
0
0
0
0
0
0
0
0
715
0
878
0
0
35
1669
0
0
0
0
0
0
0
0
0
680
0
0
0
0
0
0
0
0
677
0
0
0
558
0
0
0
66
0
0
0
532
0
0
0
0
0
0
0
0
0
0
0
0
0
647
414
0
0
0
0
0
0
0
0
0
0
0
0
0
0
0
0
0
0
0
0
0
0
0
388
540
0
0
0
0
0
0
0
0
0
0
0
3739
290
0
0
0
0
0
0
0
0
705
0
0
0
0
0
0
0
0
0
0
0
0
0
0
0
0
0
0
0
0
0
0
0
0
0
0
0
0
0
0
0
0
0
0
0
0
0
0
0
0
0
0
0
0
0
462
0
0
0
0
0
0
425
0
0
0
0
0
964
900
0
0
0
0
0
0
0
0
0
0
0
3
341
0
0
0
0
0
186
0
0
0
0
0
0
0
0
0
0
0
0
0
0
0
0
0
0
0
0
0
0
0
0
0
0
0
0
0
0
0
0
0
0
285
0
489
1835
0
0
0
41
510
0
307
0
0
0
0
2794
0
0
0
0
0
0
0
178
0
0
0
840
57
0
0
0
0
0
0
0
118
0
0
0
607
944
0
0
0
0
0
0
0
521
0
0
0
0
976
0
0
0
0
0
0
0
0
0
0
0
1977
3618
0
0
0
2189
4476
260
0
0
0
0
827
4555
1746
0
0
0
2277
3262
0
0
0
0
497
2257
0
0
0
0
865
2149
0
0
0
0
0
0
0
0
0
0
0
13
0
0
0
0
0
0
0
0
0
0
0
282
0
0
0
0
0
0
0
0
0
0
0
0
0
1291
0
0
0
0
0
0
955
0
0
0
0
2053
2451
0
0
0
7
0
261
784
0
0
0
218
1366
0
0
0
0
0
0
0
0
0
0
0
0
0
0
0
0
0
0
0
0
0
260
1578
650
0
0
501
0
0
0
0
0
0
0
921
2691
2906
2085
0
0
679
919
0
0
0
0
0
0
0
0
0
0
0
0
0
0
0
0
0
0
0
0
0
0
0
0
0
0
0
0
0
0
0
0
0
0
0
0
0
0
0
0
0
0
0
0
0
0
0
0
0
0
0
0
0
0
0
0
0
0
0
0
948
1558
0
0
0
0
0
0
0
0
0
0
0
2407
3175
808
0
0
0
0
0
696
0
0
0
0
72
0
589
0
0
0
0
0
0
0
0
0
0
0
0
0
0
0
0
522
0
0
0
743
3016
1479
970
0
0
0
373
159
0
0
0
0
0
0
0
0
0
0
0
0
0
0
0
0
0
0
0
0
0
0
1094
2427
341
0
0
0
0
0
298
0
0
0
0
0
0
322
0
0
0
0
0
38
0
0
0
0
0
0
0
807
0
0
0
0
1766
0
0
0
0
0
0
0
917
67
0
0
0
240
0
0
0
0
0
0
0
0
0
0
0
0
0
326
647
0
410
0
0
0
0
0
721
274
0
0
868
0
0
2697
939
0
897
348
0
114
0
0
0
2474
0
0
2452
0
0
0
0
755
0
0
0
0
1974
2537
0
844
0
0
0
0
1257
0
0
0
0
3257
0
0
0
0
0
0
368
347
0
0
0
0
0
1829
0
0
0
0
0
0
196
0
0
0
0
0
4648
2866
0
0
0
0
0
560
0
0
0
0
0
0
0
0
0
0
0
0
0
0
0
0
0
70
0
0
0
663
0
0
0
0
0
0
0
0
0
0
1472
0
0
0
0
0
0
0
0
0
0
0
0
0
0
0
580
0
0
0
0
0
0
0
0
0
1265
0
0
0
0
901
0
0
0
0
0
0
0
1750
2122
0
0
0
500
0
0
0
1036
1746
0
0
0
2060
0
0
0
682
0
0
0
0
1899
0
0
0
0
0
0
150
498
155
0
0
0
856
451
0
0
6
0
0
0
0
34
0
0
0
0
51
0
0
0
0
0
0
0
249
143
0
0
0
827
0
0
0
0
0
0
0
369
1391
0
0
251
0
1046
3452
0
0
0
0
0
926
1873
0
0
0
0
0
0
0
0
0
0
0
652
230
221
0
0
2308
1700
49
0
0
0
324
0
381
