1580
5206
0
1649
2362
659
732
625
1611
2271
1494
0
0
0
1974
1015
455
1356
0
0
0
0
402
8
0
0
0
0
2729
994
652
0
0
0
1832
2109
696
323
0
0
0
0
0
0
0
0
0
0
0
0
0
0
436
0
0
0
0
0
1285
0
0
0
0
0
0
0
0
0
496
2078
82
0
0
0
44
219
0
0
0
0
0
0
855
248
0
0
0
0
673
380
0
0
0
0
0
2458
3295
2075
1771
0
0
581
375
0
0
0
0
520
0
0
0
813
334
0
652
371
0
357
0
1455
2953
0
0
0
0
291
0
1286
715
0
0
0
0
0
0
886
4795
5248
3883
758
715
939
0
0
0
251
0
0
0
0
572
794
0
0
0
86
0
0
904
283
0
0
0
1600
534
0
0
0
678
1063
1420
0
969
0
0
0
1003
906
243
661
1110
0
1400
0
0
377
0
0
0
0
0
0
0
0
0
1449
0
0
0
0
0
0
0
0
0
0
0
1379
6349
0
3416
2402
0
628
885
895
530
0
0
59
1043
2780
0
4053
3966
0
2
2134
4504
1651
2228
3417
0
1597
1621
0
942
1310
197
0
828
0
1079
1574
1175
440
2918
2224
0
0
0
0
473
44
0
0
0
0
0
0
2037
206
0
0
0
0
0
0
0
0
0
0
372
4683
0
0
0
450
255
2919
2611
0
0
0
262
1134
3092
0
0
1540
4072
5461
3664
0
0
0
0
107
1451
3968
4781
1407
2418
3873
4787
1972
1046
0
0
0
0
906
11183
0
1275
1019
0
1027
0
0
0
0
0
0
1488
8310
228
2330
1609
5039
2826
0
0
39
1313
1915
1646
2385
2000
0
0
5107
1371
1804
3296
2656
2809
3551
3361
0
0
0
0
521
553
1235
575
595
0
0
0
1458
247
0
3187
0
2855
0
0
801
0
418
633
0
0
0
0
0
0
90
0
0
1557
0
202
0
0
0
0
0
359
0
0
0
0
161
0
0
0
0
1765
1225
0
0
0
0
0
70
4910
115
0
0
0
994
6760
3074
0
0
0
0
2281
5456
852
0
0
0
880
3539
1353
1017
0
2141
2577
393
1766
1190
0
0
1173
2033
1875
0
3717
0
3522
3259
0
0
0
0
4858
2849
406
0
0
4497
0
568
2532
0
0
0
513
443
0
0
0
0
0
0
0
0
0
0
0
3845
1630
0
729
0
0
0
0
862
0
0
0
0
0
0
4804
89
0
0
726
1113
1706
711
0
0
154
971
1453
4376
373
0
21
11397
849
0
0
254
1529
1636
1413
710
0
0
0
0
7464
0
0
0
0
0
0
0
0
0
0
0
0
0
0
1602
1569
304
0
0
0
71
0
0
0
0
0
0
4467
6566
4562
418
0
4862
9234
6425
2806
0
0
0
0
0
370
3575
1060
0
1539
4326
2286
1556
599
0
0
0
0
0
0
0
0
0
0
0
0
0
0
0
0
0
0
0
0
0
0
0
0
0
0
0
0
0
0
447
0
0
0
0
0
93
354
0
0
0
0
339
1289
0
1589
1556
0
0
1613
0
0
0
0
0
546
0
2399
7119
6030
3221
1029
1180
0
0
0
8059
0
0
0
2541
1896
313
2367
628
0
0
0
0
8370
1418
0
1164
4115
2071
2074
2476
1683
0
0
0
0
0
0
0
0
241
1545
0
0
49
599
1858
1095
0
0
8
43
0
0
0
0
0
0
0
0
0
12
9
65
10
0
0
0
0
0
0
0
0
0
0
0
75
0
0
0
0
0
0
0
0
0
0
0
0
43
53
16
0
0
0
0
0
0
0
0
0
0
43
93
121
51
0
38
123
156
136
78
8
0
0
51
31
10
29
4
0
22
66
86
118
46
0
0
0
0
0
0
0
0
19
10
0
0
0
0
0
0
0
0
0
0
0
0
0
0
0
0
0
0
1
0
0
0
0
0
0
0
0
7
17
20
0
17
0
0
12
0
125
48
0
0
0
4
3
0
0
0
0
0
0
0
3
0
0
0
0
2
0
0
10
15
0
0
0
4
0
0
0
0
1
33
33
18
2
0
8
26
21
0
0
0
0
17
0
0
979
0
0
0
0
0
0
0
0
0
0
173
419
0
285
0
0
0
0
0
0
108
0
0
0
0
0
0
21
0
0
0
0
0
0
0
0
0
0
0
0
303
0
0
0
0
0
0
0
0
0
0
0
0
185
1723
1009
0
0
0
0
1733
0
0
0
0
0
0
0
0
0
0
0
0
438
0
0
0
0
0
958
0
0
0
0
0
166
1187
0
0
0
334
0
0
0
0
0
1269
1241
1195
1049
0
0
0
1019
0
0
0
0
0
298
0
0
261
0
0
0
75
0
0
0
0
120
985
1335
1714
111
0
0
0
0
0
0
0
0
0
0
1967
1539
0
0
0
1129
0
0
0
0
0
225
2279
929
0
0
0
0
1504
0
0
0
0
0
33
998
0
0
0
0
102
50
2251
1861
0
0
0
0
0
0
0
1244
0
0
402
3535
186
0
0
0
218
0
0
825
455
115
6923
2890
812
0
1126
1371
1535
1624
0
0
333
0
1261
11722
4527
0
0
2203
5122
1322
1868
0
0
3971
4137
2352
5469
0
0
0
0
1778
945
0
0
0
119
2352
6788
8598
2470
1310
0
0
699
4731
113
0
0
0
795
7087
14148
6795
3929
0
0
4596
4845
0
0
0
0
0
2094
14808
9637
5709
20
1653
5454
5095
4990
1063
0
0
0
162
17665
9918
3616
1460
4693
10020
6109
5239
5544
1385
34
0
0
18362
6128
1182
0
2022
4829
0
0
2272
0
0
446
948
10864
6355
4933
1381
0
0
0
0
0
323
0
774
423
0
3678
4123
136
0
0
0
0
594
7431
2389
406
914
0
1563
582
120
0
0
0
0
0
5130
986
0
0
701
0
0
0
3189
6086
6948
5004
3659
3166
2957
0
0
0
0
0
0
2134
3314
3636
3711
2735
2319
1949
0
0
0
0
412
4026
3377
2932
4356
4292
2287
4294
5646
4156
0
0
0
0
0
0
0
222
0
0
1877
2635
2416
0
0
0
0
0
0
0
0
0
0
0
0
0
0
0
0
0
0
891
0
0
0
0
0
0
0
0
0
0
0
0
853
0
0
0
1466
43
721
751
0
0
0
0
817
0
0
0
0
819
2184
2386
332
0
0
0
0
1656
0
0
578
0
644
2953
978
0
0
0
0
0
2038
0
0
0
0
5031
4583
1319
0
0
0
0
0
0
48
903
463
0
773
1803
2240
370
0
0
0
0
0
2482
6259
6014
3741
28
0
0
0
0
0
0
0
0
0
0
1969
1197
0
0
144
723
0
1073
0
0
0
0
0
0
0
0
0
298
0
0
1143
1311
0
0
213
0
0
0
0
0
613
0
0
0
0
0
1597
2045
0
399
996
0
0
0
0
0
0
0
0
0
0
0
0
0
0
0
478
1651
0
0
0
0
0
0
0
0
0
0
0
0
0
1026
0
0
0
626
1395
728
0
0
0
810
0
0
0
0
0
357
0
0
0
0
0
0
1049
668
0
0
408
0
118
0
0
0
0
0
595
0
0
0
0
602
0
0
0
1466
2619
918
3225
0
0
0
0
0
508
0
0
0
55
0
414
5360
2
0
0
0
0
1123
0
0
0
0
1159
1749
520
0
556
0
0
0
890
3888
54
0
0
1052
1351
819
1229
2294
0
0
0
60
1370
0
0
0
0
1156
640
0
119
0
0
92
356
0
0
0
0
0
0
0
0
0
171
2776
1764
0
0
0
0
0
0
0
0
0
0
0
2053
3457
0
0
0
0
1375
3099
1071
1669
1099
0
0
0
1000
928
0
3713
2688
3062
3275
812
5900
5618
3741
1271
1011
558
691
400
1195
1348
0
0
0
6072
4425
1578
1253
0
108
211
0
0
0
0
0
321
0
0
0
0
0
0
2931
712
1224
39
0
0
0
0
0
0
0
1008
1699
5342
52
1389
3168
0
0
0
0
1760
1352
2021
3269
2823
2778
24
838
1653
0
0
7
0
1150
2719
1495
0
0
1323
1314
0
0
944
2778
929
0
0
0
0
0
390
2456
0
0
1822
1952
298
0
0
1596
478
386
0
0
2170
0
0
2045
0
0
0
0
0
0
0
0
0
624
0
0
0
1950
673
0
0
0
560
1670
1207
0
4249
9135
10315
5533
2278
815
1156
2268
2135
1418
1691
2441
462
7550
1288
1247
2355
36
0
0
0
0
0
0
123
328
6773
2076
2750
1352
684
1140
1768
1255
2913
1380
0
0
615
1979
327
444
0
0
0
0
2556
3571
0
0
0
744
0
0
0
0
0
0
0
0
0
0
0
0
1398
4024
1675
474
1096
270
0
4485
2904
90
0
0
0
696
3916
1613
1509
1212
3597
390
2592
160
0
1507
1419
801
2271
4786
2303
0
1991
5081
3264
670
0
306
2115
2169
2105
2541
5565
2139
0
0
2038
3391
5054
0
0
0
0
0
567
2772
3470
0
0
0
0
5820
2065
0
0
0
396
881
0
0
0
0
0
0
4546
3704
27
0
1018
1255
1727
0
0
538
0
0
0
0
1176
0
277
1734
721
1011
0
0
462
355
1147
0
0
2592
2037
0
909
498
1237
0
0
0
0
0
1716
5848
6465
5231
5621
7559
3764
0
0
0
0
0
0
1738
1133
945
0
0
1037
3155
0
0
0
0
0
0
3291
0
2021
1882
0
177
1577
446
0
0
0
0
0
3181
571
0
0
0
0
0
717
0
0
647
0
0
0
0
0
0
0
0
0
134
0
0
0
0
0
0
0
0
0
0
0
0
0
0
0
0
0
0
0
0
0
0
0
0
0
0
1835
0
700
2206
0
0
0
0
0
739
2417
2105
489
4179
0
144
3865
0
0
0
0
0
2655
3647
3122
1518
4166
0
0
988
0
0
0
0
0
0
0
2001
2347
0
0
0
0
0
0
0
278
0
0
0
422
907
0
0
207
0
0
0
0
0
0
0
1850
352
306
0
0
1039
0
0
0
0
0
0
0
1025
302
0
3397
0
0
0
185
896
8
0
0
0
0
0
0
8071
1043
0
0
0
0
0
0
0
0
0
0
0
0
0
0
0
0
0
0
0
0
0
0
0
0
0
0
0
0
0
0
0
0
0
0
0
0
0
0
0
0
0
1965
0
0
0
0
0
0
0
0
0
0
0
1694
1448
398
0
0
0
207
0
24
0
0
0
0
0
0
0
0
0
0
902
169
149
0
0
0
0
0
0
0
0
0
0
0
0
0
0
0
0
0
0
0
0
0
0
0
0
0
0
0
0
0
0
1376
0
0
0
1772
0
0
0
0
0
0
0
0
0
0
0
1475
0
0
0
0
0
0
5060
0
0
0
2901
4988
4868
2016
1541
0
0
0
0
1051
0
0
0
0
1229
2199
742
207
0
0
0
0
5292
4158
2647
3059
2418
1771
1248
665
199
0
0
0
1190
0
573
833
0
0
0
0
362
342
694
169
456
13
2726
1720
4702
3823
537
0
1986
1458
791
1446
973
0
0
4242
1403
2686
2717
473
0
0
1120
5216
5193
2857
0
0
6233
1952
0
0
0
0
0
0
0
0
304
1200
702
3414
2846
772
484
169
2239
4090
664
368
391
280
2320
2522
3961
3011
1094
0
0
3238
3532
1111
783
1218
774
245
1136
2923
1353
140
0
0
1014
476
0
0
0
0
0
0
1333
603
0
0
1745
7779
7910
5792
2143
1711
0
0
0
1621
538
0
24
0
733
3154
4475
2386
0
0
0
0
10519
7449
0
0
2039
3290
1512
1333
786
0
0
0
0
5513
5331
327
0
1833
5850
5227
2667
1082
1241
0
0
0
2317
467
1617
2461
1921
1694
2123
1047
352
4029
4874
3313
2349
133
346
0
1857
1765
3223
5117
4543
3764
3740
3972
0
0
0
0
0
811
588
0
482
911
708
362
1599
1031
0
0
0
731
2094
1949
1244
815
2721
1765
1026
0
0
0
0
0
603
559
1385
4869
1895
2724
1956
4534
2144
0
0
0
0
0
0
0
0
0
0
0
0
0
280
0
0
0
0
0
0
0
0
0
0
0
0
0
0
0
0
0
0
1174
1147
0
0
0
0
0
58
0
0
0
1754
1693
0
0
0
0
574
1738
2618
1856
0
0
0
1917
3161
0
0
0
0
4154
5584
2129
0
0
0
0
0
572
0
0
906
68
1542
289
0
0
0
0
0
0
0
0
0
0
5353
4664
0
0
0
0
0
0
278
0
0
534
1208
1188
0
0
140
0
0
0
0
1823
324
0
0
710
2293
0
2458
2951
1027
82
0
0
0
0
0
0
0
0
0
0
0
3165
6572
0
629
0
0
0
0
0
0
0
0
0
0
4034
2025
4424
0
0
0
0
0
0
0
0
0
0
918
3913
5720
0
0
0
0
0
0
0
0
0
0
821
0
4837
2124
963
0
0
0
0
1468
0
0
0
0
2617
5336
2701
2794
0
0
0
3144
4275
3644
0
0
0
3636
5100
708
1154
0
0
0
3093
3433
680
0
0
0
0
2229
0
0
1094
0
0
0
0
0
0
0
865
0
3016
0
0
0
0
0
0
0
0
0
0
402
0
6000
0
0
0
0
0
0
0
0
0
0
0
0
2131
994
0
0
0
0
0
0
0
0
0
0
0
0
0
1058
0
0
0
0
0
0
0
153
48
0
0
0
0
314
95
0
0
0
0
0
0
0
0
0
6503
0
0
0
0
0
0
0
0
570
1347
0
447
3461
0
0
0
0
0
0
0
0
1
0
2817
7731
0
0
0
0
0
0
0
0
670
1720
2148
7139
7410
0
0
0
970
2874
0
0
0
0
1054
2870
119
2836
1223
1340
573
1363
5265
4803
3130
1081
0
589
1742
3384
4824
1143
356
0
170
1223
2525
1326
0
22
0
309
3911
1996
0
0
0
79
3203
1750
0
0
0
0
0
0
1234
0
0
3085
6609
3181
2325
0
0
0
0
2211
1021
7257
1957
1448
5507
1947
179
683
0
0
1629
4016
4189
1688
5444
2937
1035
1322
0
0
0
0
1782
2911
3605
1574
0
8352
2986
1710
973
1912
0
0
0
0
0
1512
1895
0
397
2940
2156
0
0
0
0
0
0
1950
1760
2453
0
257
2190
700
0
0
0
0
0
0
882
197
721
0
0
0
4026
2728
4588
5291
5439
4626
5320
4722
3168
0
0
0
0
1515
2398
5236
3867
2188
2313
1414
881
175
774
4787
0
125
332
1134
3703
2876
1788
2515
3097
4889
4610
1494
1284
0
0
0
0
0
2941
0
0
0
65
3357
1664
0
0
1444
399
0
0
1983
0
0
0
0
0
709
3805
0
2872
940
0
0
0
164
1322
0
0
0
0
1060
0
1924
1412
2012
38
0
2824
3408
0
0
0
1046
284
0
1104
1736
2823
478
3010
1844
903
1237
808
1674
1939
0
0
0
1239
80
0
954
0
0
0
25
1483
658
0
0
1637
3499
2542
0
0
0
1496
1842
287
931
808
0
0
3475
5863
2870
1227
0
0
0
2050
2339
1400
535
0
0
2119
3835
2032
1214
0
0
0
0
2866
822
583
0
0
483
0
1829
1165
0
0
0
0
130
0
0
1659
2225
409
323
812
624
669
555
399
143
383
0
0
3083
2935
167
31
481
119
0
0
0
0
0
0
0
719
443
346
460
406
0
0
279
827
845
80
0
0
0
0
0
0
0
0
0
0
382
426
0
0
0
0
456
584
0
0
0
0
0
0
0
0
0
0
0
227
41
0
435
0
0
0
218
161
0
0
0
0
0
0
126
436
0
0
0
0
180
536
0
0
0
0
0
196
148
0
0
0
0
443
436
0
0
0
0
0
0
0
0
0
0
0
0
121
0
0
0
0
0
0
0
0
1896
2622
0
0
0
0
0
0
0
0
0
131
172
2433
2757
1147
0
0
0
0
0
370
0
0
0
128
558
682
0
0
0
0
0
0
1012
43
0
182
268
1363
1403
607
0
138
255
465
0
0
7543
0
0
0
0
0
0
0
0
0
2272
1665
0
363
0
0
0
0
0
0
0
0
0
0
3600
2726
0
0
0
0
0
0
0
0
0
0
0
0
0
0
0
0
0
0
0
0
0
0
0
0
0
802
0
0
0
0
0
0
0
0
0
0
0
3495
4294
0
374
0
3353
2979
1124
0
464
453
2756
0
5048
7380
0
958
0
903
732
16
0
1300
1542
1563
0
2912
4808
84
365
0
1648
0
0
0
1118
0
0
0
1991
3495
0
0
0
0
0
0
0
0
0
0
0
315
3685
0
0
0
0
0
1113
0
0
0
0
0
0
0
0
0
0
0
0
0
0
0
0
0
0
0
0
0
0
0
0
0
0
0
260
0
0
0
0
2154
0
0
0
0
0
0
0
0
0
0
0
0
0
0
495
0
613
1624
1150
715
2363
2074
0
0
0
0
1140
708
404
1284
1304
689
29
330
1706
810
0
0
446
0
0
549
736
0
372
0
0
818
1890
216
0
0
0
0
1942
3674
2725
182
0
0
989
2098
388
85
0
143
41
0
1234
1456
473
0
206
1756
1758
875
461
0
0
0
0
0
0
0
0
0
0
0
1191
0
0
118
0
0
1214
1144
0
0
0
0
0
0
0
0
2661
0
0
790
1595
2102
896
0
127
752
198
1128
0
4239
2650
0
0
0
0
3212
2533
1506
1748
875
2223
0
1653
1884
0
0
0
0
1007
1648
1399
1125
187
0
0
262
985
0
0
0
0
874
358
35
0
45
0
0
2381
0
0
0
0
0
0
941
1147
549
228
0
65
1927
283
0
0
0
0
0
1237
261
0
0
0
11247
11860
1240
0
0
0
0
0
0
654
0
0
4164
8408
3761
1859
1050
585
411
1763
1416
1054
556
0
0
3316
5282
0
0
0
0
0
0
0
0
0
0
866
0
2844
3349
0
0
2888
2705
402
1633
1270
0
0
0
1137
3646
3435
0
0
1739
6515
6354
7908
4553
362
2647
0
0
2309
0
0
0
0
0
1909
0
0
0
621
0
0
0
0
0
0
43
1514
0
0
0
0
0
0
0
0
0
0
0
76
0
0
0
0
0
0
1304
0
0
1759
1697
0
0
0
0
0
0
1727
3058
2780
0
0
350
0
682
1480
7983
2352
372
384
2090
1754
524
0
0
0
0
0
0
0
1656
724
0
0
947
1485
0
4685
841
0
0
0
0
423
571
709
1579
1864
1059
0
3764
2783
1786
525
61
1673
1860
655
1301
697
0
1222
7003
0
1945
0
0
0
0
0
0
0
0
0
3575
13010
0
0
0
0
0
0
0
0
0
0
0
278
0
0
399
1102
0
0
0
0
0
0
395
0
0
6615
5369
504
0
0
0
0
157
3499
0
1961
2287
1119
0
835
0
0
1859
1218
0
1143
2554
0
0
1351
903
0
3353
1727
1588
0
865
2988
4128
1058
0
0
0
0
6319
8694
411
0
0
0
348
483
0
0
0
0
0
1642
4059
0
0
0
0
0
478
772
0
0
0
0
0
5802
0
0
2556
3719
1969
2095
0
0
0
0
0
0
6437
0
0
5395
6977
1211
482
0
760
773
0
0
10060
6866
147
1068
643
3395
1224
0
0
747
0
0
0
12269
5706
0
3784
2833
0
0
0
2768
570
0
0
0
806
757
0
0
0
405
0
0
0
0
0
0
0
0
0
0
0
0
0
0
0
0
0
0
0
0
0
0
0
0
402
0
0
0
0
0
0
359
617
0
0
0
356
3750
4013
1069
1031
867
1426
2167
536
0
0
0
0
0
0
0
0
0
0
0
0
1954
0
0
0
0
0
0
0
0
0
0
0
0
0
294
0
0
375
0
1155
1454
475
0
0
0
0
0
414
0
0
3232
442
813
0
0
435
1429
163
3247
4744
3188
2644
0
2570
4150
0
0
0
89
4016
4111
3998
3597
820
452
0
0
0
0
0
0
0
1490
994
168
0
0
267
0
0
0
0
0
0
0
609
0
0
0
0
0
0
202
0
0
0
0
0
1401
3446
3068
76
0
0
0
494
0
0
0
0
0
0
512
0
0
0
0
0
0
0
0
0
0
0
0
0
0
0
0
0
0
0
0
0
654
0
0
0
0
0
0
459
131
0
0
0
0
0
0
0
0
0
0
0
428
0
0
0
347
830
0
157
0
0
0
1781
1608
0
0
0
0
4752
5055
0
0
164
0
0
2578
2676
0
0
0
0
1784
5541
1521
0
0
0
0
2533
383
0
0
0
0
0
408
583
0
0
33
654
108
0
0
0
498
0
0
0
0
0
1245
1833
26
0
246
0
0
339
0
0
0
0
0
1017
1208
260
0
0
0
0
76
323
0
0
0
0
2678
336
0
0
0
0
0
0
0
0
869
2502
0
0
837
1950
0
0
0
5882
667
0
2488
2399
2531
0
0
0
881
369
0
0
7665
1897
0
2905
4214
2959
632
0
0
0
0
0
0
1713
0
0
0
0
1266
0
0
0
0
0
0
0
0
1029
1550
0
648
661
1369
966
734
102
202
0
0
766
0
0
0
511
358
152
139
144
564
381
0
0
0
0
0
0
0
0
0
415
0
0
259
438
0
0
0
0
0
0
0
0
0
0
0
0
931
342
0
0
0
0
0
2224
1807
0
0
0
0
2988
1055
0
0
0
0
0
1097
0
0
0
0
0
1543
102
0
0
0
0
0
0
0
0
0
0
0
0
0
0
0
0
0
0
872
0
0
0
0
0
0
0
835
0
0
0
0
0
0
0
0
0
0
0
0
218
0
732
0
0
0
0
322
0
0
1547
1056
7
723
3123
464
0
0
0
0
0
0
916
0
464
0
0
4031
0
0
0
0
168
999
4382
2852
263
0
0
0
0
0
0
0
0
0
0
0
0
0
0
0
8
48
177
98
3
0
8
18
14
1
0
18
56
103
35
42
17
0
0
0
0
0
0
0
0
10
178
118
65
0
0
0
0
0
15
4
1
4
4
115
108
3
0
0
0
0
0
0
0
0
0
2
23
40
16
29
0
0
52
25
11
0
0
0
0
117
72
25
77
25
82
84
53
57
83
17
29
0
109
91
5
34
22
58
33
23
24
70
41
33
1
38
32
0
33
48
101
16
0
0
29
14
10
0
18
25
0
0
19
47
14
0
0
0
0
0
2
0
57
6
9
0
0
7
26
4
0
0
0
2
0
18
12
25
1
22
59
64
0
0
22
1
0
0
0
2
15
11
2
0
0
0
0
0
0
0
0
1
6
26
15
7
20
36
8
0
0
0
19
0
1227
2273
233
1452
1319
0
0
0
0
0
517
539
4941
6885
1047
1514
3062
2704
1509
1003
1647
1723
0
0
695
4544
1670
0
0
0
1137
1105
0
360
1510
1357
179
298
1966
0
0
0
0
0
0
0
0
0
0
0
829
314
1254
944
0
0
0
0
0
0
0
0
0
1443
4172
1368
1762
0
1247
571
2170
168
374
0
0
0
1778
4401
993
1638
1661
3136
1771
626
1658
2300
1429
2932
2044
4074
612
4366
0
575
1760
1501
342
0
234
1124
933
748
1698
921
2648
0
0
0
0
0
0
0
0
0
0
0
0
968
0
246
996
149
1372
528
1972
0
118
286
240
0
1004
888
0
0
0
256
0
0
0
1001
1142
546
0
0
0
0
652
0
0
461
39
0
0
533
781
197
0
0
0
1114
739
1974
1039
1566
0
0
0
277
0
0
1176
0
0
0
0
0
0
0
0
0
0
0
449
173
0
0
0
0
0
0
0
0
0
0
0
3353
861
0
0
0
0
0
0
254
0
0
0
0
3384
0
0
0
0
0
0
0
0
0
0
0
0
0
0
341
0
0
0
0
0
0
0
0
0
0
1785
582
2852
1713
1657
0
357
1956
2348
636
264
0
0
0
0
0
0
0
0
0
0
0
0
0
0
0
0
0
0
1454
2895
0
521
0
0
0
0
0
0
0
0
0
683
420
0
2243
0
0
0
0
0
0
0
266
0
0
0
0
0
0
0
0
0
0
0
0
284
0
0
2130
2837
0
0
0
0
0
0
0
0
0
0
0
0
0
0
0
0
0
0
0
0
0
0
0
0
0
0
0
0
0
0
0
0
0
0
0
18
494
0
1220
2655
2017
967
1407
0
0
0
0
386
352
0
414
663
1418
354
0
0
1252
0
0
0
617
1444
1696
3768
2900
2557
4350
4344
2933
1314
498
1364
0
0
0
0
2123
604
0
0
1679
584
870
181
1427
0
0
0
0
0
0
0
0
0
0
0
244
114
0
70
0
0
0
0
0
0
0
0
0
0
0
0
29
0
0
0
959
230
0
0
0
0
2090
0
0
160
889
3051
1621
2280
2253
0
0
526
1678
2310
0
0
0
3355
2124
2355
4458
1278
1130
3718
2961
1457
527
3720
0
0
408
0
0
0
0
0
1035
201
863
610
0
716
428
0
0
1203
0
0
1230
0
466
1989
410
0
0
994
0
0
0
0
0
0
0
1249
486
648
0
0
862
0
0
0
0
0
0
0
1868
1273
1260
0
6551
5017
802
162
0
575
1984
1660
1670
1911
8277
4778
0
2170
2337
0
0
0
0
0
0
0
0
3056
4213
5955
6435
0
0
0
0
0
0
909
0
0
0
4649
9284
2920
0
0
0
1693
1375
0
0
0
0
1684
3326
6920
5444
0
0
0
0
0
0
0
0
0
113
3845
8759
5218
0
0
0
0
2265
2585
0
0
0
0
3542
12609
8323
503
0
0
0
4810
3008
0
0
0
0
2195
9304
12832
1390
0
2787
2316
336
1607
372
0
0
0
4208
9404
13308
0
0
1222
517
0
0
0
111
763
1202
3623
11197
14882
0
0
798
0
0
0
0
0
0
1013
1668
2801
13476
420
37
1660
726
0
1213
0
0
0
70
2100
0
2126
760
0
0
0
0
0
0
0
1399
1632
2381
980
353
340
1068
567
0
0
0
0
0
2313
1455
1730
6558
0
142
2136
1714
3047
5005
3816
3589
3481
1853
0
0
0
0
0
0
0
0
0
0
0
956
2014
1350
0
0
0
2956
6965
6279
0
3325
4412
1577
1843
3312
1382
0
0
0
0
5777
7969
3115
3401
3108
2253
2744
8398
7565
437
0
0
0
0
1602
2892
0
0
0
0
3859
7164
1492
0
0
0
0
0
0
0
0
0
0
0
944
643
0
0
0
0
0
0
0
0
0
0
0
0
0
0
0
1216
0
311
2888
660
4512
3237
118
0
0
0
15
0
601
0
1924
6123
2972
8417
3952
1155
0
0
0
4945
0
0
0
0
0
553
6587
0
0
647
0
0
18361
9938
0
0
2639
2539
3143
2344
2592
2392
0
0
0
7506
11591
0
0
637
3858
2160
33
2004
3802
0
0
0
0
0
0
145
0
0
651
0
0
610
358
1095
265
0
0
0
0
0
0
0
0
0
1096
774
110
0
0
0
0
0
900
878
1380
664
49
513
792
503
499
0
0
0
0
0
0
0
0
0
0
354
1344
0
0
0
0
0
1349
974
1749
0
0
0
0
1125
0
3309
0
1016
2267
0
97
0
308
0
1320
2922
0
0
2153
0
0
0
165
0
0
0
0
1169
2345
1033
668
563
329
770
305
0
685
0
1019
1919
949
0
0
0
784
778
2036
0
0
0
1378
3211
460
0
0
0
0
0
0
2580
277
0
0
0
3887
2527
454
0
0
0
2693
0
0
2026
0
0
0
0
591
337
0
0
0
0
0
192
2731
659
0
0
139
1139
301
0
0
0
0
0
1778
774
0
0
0
0
0
0
0
0
69
3250
0
936
1727
939
0
0
0
0
11
0
0
130
0
0
0
0
0
0
0
0
0
0
0
0
0
0
0
0
0
0
0
0
0
0
0
0
0
0
0
0
0
0
49
0
0
0
0
0
0
0
0
0
0
0
1777
3807
0
0
0
0
73
257
0
0
0
0
0
0
5016
966
0
0
0
0
2093
2523
0
0
0
0
0
0
2241
0
0
0
0
712
3742
0
0
0
0
0
0
0
0
0
0
0
1002
2055
0
0
0
0
0
0
0
0
0
0
0
0
0
0
0
0
0
0
0
0
0
0
567
0
0
0
0
0
0
0
0
0
0
0
4068
0
0
0
0
0
0
0
0
0
0
0
0
0
0
0
0
0
0
0
2667
0
0
0
0
0
0
5156
1352
0
0
0
0
2628
0
0
0
0
0
0
1516
0
0
0
0
10335
11019
0
38
3412
2110
3559
5932
6049
3271
3885
1252
0
0
0
0
0
0
0
494
1775
1363
0
0
1190
0
0
0
1137
1546
0
164
666
1662
4144
2745
0
479
0
0
0
2551
0
0
0
0
1386
6890
5703
0
0
0
0
0
0
0
0
0
0
214
37
1538
0
0
0
0
0
0
1256
0
0
0
0
328
364
0
0
0
0
0
0
146
0
0
0
0
453
0
0
0
0
0
0
0
0
557
0
0
0
0
317
939
115
0
0
0
0
1313
2604
0
5983
0
0
796
1974
670
50
0
0
0
1874
0
0
3235
0
0
0
162
0
125
0
0
0
0
1247
4468
2752
112
11
0
0
467
68
0
0
0
0
1364
5015
5624
4725
0
0
422
0
0
729
0
194
0
391
1288
620
557
0
0
3211
3285
1236
0
0
0
0
0
0
0
0
0
0
0
0
0
1412
0
0
0
0
0
0
0
0
0
0
0
0
2937
1836
0
0
0
0
0
0
0
0
0
0
0
0
0
853
0
0
0
0
0
0
0
0
0
0
0
0
2837
5580
1501
0
0
4861
2775
2292
1156
0
0
235
0
0
0
0
0
0
0
0
836
1107
27
0
0
0
0
0
2184
0
0
0
0
0
11
1464
45
0
0
0
0
1174
0
0
0
0
211
687
1296
1166
0
0
0
0
0
0
0
0
0
0
0
0
59
0
0
0
0
0
0
266
0
0
0
0
0
148
0
0
0
295
0
0
0
0
0
0
531
0
0
0
0
0
112
0
0
0
0
0
0
0
0
80
4350
470
0
142
637
1348
780
1081
1985
0
0
0
0
3232
8992
5488
2735
3081
2388
1803
742
744
1984
1254
0
0
4467
4371
669
2926
4360
1741
1647
1896
1794
3622
1085
0
0
7594
2267
0
1325
1243
0
1258
0
0
1037
453
0
0
808
0
0
0
0
0
779
0
0
0
0
685
0
3977
1331
0
0
0
0
0
0
0
0
0
0
580
8252
3693
0
0
1384
0
387
86
56
0
0
0
0
4972
4121
655
1182
3884
2190
1812
894
1449
2559
1865
0
1159
0
4604
437
0
2368
2351
1298
627
0
0
0
0
0
0
3299
0
0
569
1272
0
1288
0
0
0
0
0
0
1640
0
0
2014
0
512
5894
0
0
0
0
0
0
0
0
962
0
0
332
0
738
1208
0
544
676
0
1407
0
1190
0
0
315
0
0
865
518
1088
1128
4087
1606
0
1214
462
1091
3438
2693
2261
0
0
0
926
0
0
496
20
0
0
0
0
0
0
35
67
0
0
184
309
64
0
38
0
0
0
0
0
0
0
252
348
0
0
0
0
0
0
0
0
0
0
78
66
112
0
0
0
0
0
0
0
0
0
0
82
0
21
18
0
0
0
233
49
0
0
0
0
166
267
112
0
0
3
168
175
0
0
0
24
191
254
336
80
13
0
0
249
189
0
0
0
0
0
0
361
337
120
0
112
424
143
0
0
0
0
0
56
659
484
155
43
159
0
0
0
0
0
0
176
187
538
212
93
28
41
0
20
0
0
0
0
148
126
0
0
67
0
0
0
0
0
0
0
0
0
106
0
0
144
0
0
0
0
0
0
149
180
71
116
0
183
152
72
0
0
0
0
0
123
0
0
0
0
5398
0
2259
870
0
560
3789
4289
2631
2775
3576
0
0
0
1094
2514
1141
605
2354
4255
3353
1197
348
2033
1824
2807
0
336
0
0
2889
1342
1138
2737
1171
139
1072
2638
6629
220
1835
0
0
3153
6300
1674
626
0
0
0
1821
9613
764
1674
114
0
0
3135
4217
0
133
0
0
588
5314
0
253
0
0
0
1081
0
0
0
0
0
434
2226
0
0
0
0
0
1225
794
66
0
0
0
2793
2107
0
0
1085
5464
1624
2610
979
0
0
650
2864
4447
4626
0
0
4173
8043
217
7474
1810
0
408
3387
2720
2815
5274
1113
0
2074
1797
0
420
0
0
0
0
1858
2844
712
0
1058
2812
199
0
0
0
0
0
0
3002
4003
0
0
2041
1508
0
0
0
0
0
0
2247
2168
3787
1575
0
1144
1899
1433
0
0
0
0
0
1070
1430
4795
0
0
6769
0
0
0
0
0
0
0
0
1034
2893
3556
2671
2423
0
0
0
0
0
0
0
0
0
858
2420
4665
0
0
0
0
0
0
0
0
0
0
990
4319
4996
215
1156
1859
0
0
0
0
0
0
0
152
2811
3444
889
1951
4472
4114
495
1795
4060
2667
5257
4579
2290
4700
4484
0
0
318
2947
2698
1965
0
0
2031
5693
3753
8789
8609
0
0
0
1775
2309
175
0
0
0
0
0
5829
9675
1231
0
0
1095
0
848
0
0
0
0
0
5686
10741
1566
0
0
0
0
0
0
0
0
0
1226
6133
7798
68
0
2197
5671
3091
2111
0
0
0
0
0
0
1329
0
0
0
0
0
0
0
0
0
0
0
2065
6444
133
303
0
0
0
0
1395
2568
0
0
131
2870
5436
0
1320
0
0
0
0
347
1928
0
0
0
0
0
0
0
0
0
0
0
0
0
0
0
0
0
0
0
0
0
0
0
0
0
0
0
0
0
0
0
0
0
0
0
0
0
0
0
0
0
0
0
0
0
0
0
0
0
0
0
0
0
0
0
0
0
0
0
0
0
0
0
0
0
0
0
0
0
0
0
0
0
0
0
0
0
0
0
0
0
0
0
0
0
0
0
0
0
0
0
0
0
0
0
0
0
0
0
0
0
0
0
0
0
0
0
0
0
0
0
0
0
0
0
0
0
0
0
0
0
0
0
0
0
0
0
0
0
0
0
0
0
0
0
0
0
0
0
0
0
0
0
0
0
0
0
0
0
0
0
0
0
0
0
0
0
0
0
0
0
0
0
0
0
0
0
0
0
0
0
0
0
4090
5402
718
0
0
0
0
0
0
0
0
0
541
763
704
0
0
0
0
0
0
0
0
0
0
0
0
0
0
0
0
0
0
0
0
0
0
0
36
0
1922
2417
2836
223
453
645
1747
2481
1258
0
0
2328
0
473
1184
3546
2495
1951
3099
3817
3800
4965
3304
168
0
0
0
0
40
352
1360
0
0
881
1995
1617
1436
0
0
0
0
0
624
1542
0
0
0
0
0
0
0
0
0
0
0
0
0
0
0
0
0
0
0
0
0
0
0
0
2152
653
1618
720
0
0
0
0
0
0
0
0
0
2029
3610
0
0
0
0
0
0
1943
2147
0
0
0
327
0
0
0
0
0
0
0
4469
3612
385
0
0
1145
1070
29
0
0
0
0
0
1832
572
1930
1935
1408
1190
898
317
613
1297
872
117
1070
0
0
0
0
0
0
0
0
0
0
0
0
0
22
0
0
0
0
0
0
0
0
0
0
0
0
0
0
0
0
0
0
0
0
0
0
0
0
0
0
0
0
0
0
0
0
0
0
0
0
0
0
0
0
0
0
41
0
0
0
25
0
0
0
0
0
0
0
8
0
0
0
0
32
110
9
0
0
0
0
0
0
0
0
0
0
0
0
0
0
0
0
0
0
0
0
0
0
0
0
0
0
0
0
0
0
0
0
0
0
0
0
0
0
0
0
0
0
0
0
0
0
0
0
0
0
0
0
0
0
0
0
0
0
0
0
0
0
0
0
0
0
0
0
0
0
0
0
0
0
0
0
0
0
0
0
0
0
0
0
0
0
0
0
0
0
0
0
0
1157
0
0
0
0
0
0
24
0
0
0
0
0
0
0
58
0
0
0
0
0
0
0
0
0
0
0
0
1366
0
0
0
0
0
0
0
0
0
0
0
481
3712
3696
2258
849
0
2193
1997
2397
0
0
0
0
0
2108
4945
5232
2260
1074
5137
4808
5768
4304
0
0
0
0
0
0
0
0
0
0
448
1272
2442
1344
0
0
0
0
0
0
0
0
0
0
0
0
0
0
0
0
0
0
0
0
151
0
0
0
0
0
0
0
0
3292
3379
7
0
0
0
555
2132
282
1127
434
2059
0
3423
3388
0
2889
2171
0
965
2606
989
814
444
1034
0
0
0
1034
404
177
2238
0
0
0
0
0
0
0
249
0
465
0
0
860
0
0
0
0
0
0
0
2511
0
229
0
0
0
0
1097
1329
763
0
0
0
1496
0
0
0
0
0
0
0
0
1524
4277
3714
2564
1007
0
0
0
0
0
0
0
0
0
639
4287
5983
0
0
0
0
0
0
0
0
0
0
864
4296
5646
766
1030
0
0
0
0
0
0
0
0
134
303
4815
2337
2974
686
0
0
2040
5984
3582
0
0
0
4042
6071
746
1353
0
0
519
3885
2476
1492
264
0
0
4049
5868
0
0
0
0
0
845
0
0
0
0
0
0
5350
0
0
0
0
0
0
0
0
0
0
152
0
7230
0
0
0
0
0
0
0
0
0
0
943
0
8236
1779
0
2584
3369
2207
0
0
0
0
0
97
0
3344
701
0
1530
1935
267
0
0
0
0
0
0
1083
0
0
503
2140
0
0
0
0
0
0
203
261
2611
1054
0
0
854
2090
0
0
0
0
0
0
214
0
898
0
923
926
1102
2017
2147
1686
1437
1631
1005
0
0
0
69
370
0
0
37
391
388
124
468
1287
279
132
0
0
1382
1089
538
1440
1580
895
585
636
279
546
405
0
0
281
189
1757
2522
462
290
729
1128
1545
547
2091
145
0
0
0
0
0
0
0
0
0
274
793
477
0
0
0
0
0
0
0
0
0
0
0
220
123
0
211
0
286
0
832
121
0
0
0
0
285
453
84
415
165
469
0
0
153
437
0
267
715
1154
580
0
0
110
77
0
687
191
133
894
949
511
588
202
375
0
0
0
0
0
0
0
0
0
166
446
1557
2209
0
0
575
320
0
280
467
0
0
146
778
0
722
489
0
0
443
65
0
0
0
635
605
655
0
0
629
336
23
0
0
0
0
0
1111
799
1000
2275
0
0
4012
1334
1975
4947
5663
4371
4237
3159
0
0
0
0
0
793
0
0
82
1340
589
0
1302
1517
0
0
0
118
984
1226
811
1928
2343
0
0
2159
2577
4
0
0
455
0
1095
4808
1980
3038
1022
1086
2948
3711
88
534
0
0
0
0
1040
636
0
0
0
0
567
695
0
0
0
0
0
0
0
0
0
0
0
0
457
0
0
981
0
0
0
1142
0
0
0
0
0
0
869
0
738
0
0
0
1260
137
471
0
0
0
0
1964
0
1699
3095
0
0
3550
0
3113
4890
1377
62
0
1543
0
885
1949
0
0
0
0
3235
4116
1044
92
0
3377
40
115
297
1325
1187
0
328
2001
0
0
361
0
169
0
2405
294
1188
2656
2560
1411
0
0
1436
0
0
0
0
2176
0
123
0
0
0
0
0
2802
724
165
0
5076
5190
0
1420
129
0
0
0
0
0
0
359
0
0
0
885
3045
1455
927
1635
1063
1583
1026
0
330
0
0
0
430
875
2853
3459
1904
896
2081
1284
0
0
285
0
0
0
0
1533
2418
2015
2353
1108
1500
415
1157
2885
0
0
0
0
0
0
0
0
0
0
523
2897
1380
0
0
0
0
24
2696
0
0
0
0
0
945
3131
727
1750
487
1111
1642
2919
371
0
0
1256
935
3247
3245
2767
1474
1177
1216
1265
332
466
1870
900
869
1233
2104
3410
3641
0
0
2398
3147
1597
0
0
20
1812
130
0
1435
1706
0
0
0
0
0
0
0
0
0
543
0
5630
1313
0
0
0
0
0
0
0
426
507
2864
1326
0
0
0
0
0
0
0
223
986
1309
1996
1266
534
0
0
0
0
0
0
0
0
0
0
0
0
0
