-97
152
680
248
-241
-1052
-727
154
558
269
230
-23
0
-517
-461
120
1184
1215
-70
-436
-381
203
95
41
-349
-427
-498
-863
-673
361
327
-963
-1364
-982
-350
-579
-147
-978
-660
-586
-929
-1471
-999
-744
-600
-1261
-1533
-2148
-310
887
-675
-593
-556
-1219
402
897
-231
645
-1011
-115
-1084
333
1464
-198
-240
96
-373
84
851
-118
-218
-1297
-290
-167
-100
-911
-182
-43
138
-653
-1463
-717
-160
-991
-20
-966
-1520
-1226
-603
-414
-78
-665
-1519
-963
-641
-324
-1129
-1327
-730
-1013
-1325
-847
352
-155
-378
-1537
-1689
-1953
-983
-2836
-1384
-651
-1837
-2211
-1539
106
-435
-266
-1688
-2047
-1795
-876
-513
-742
-1250
-715
-2436
-2101
-652
-341
-424
-2259
-3684
-2668
-1202
-2404
-1737
-815
-1826
-2496
-2608
-1415
-835
-556
-1568
-4313
-3336
-3499
-2734
-2246
-1046
-1573
-2048
-1937
-1263
-863
-1591
-2329
-4340
-4995
-4876
-4214
-3553
-2897
-3315
-3873
-2923
-1994
-1057
-137
-42
858
3153
3642
2884
1021
1472
1544
2052
1687
785
-167
-372
-105
355
917
1220
324
-326
-244
2
439
46
-85
-420
-521
-481
-1022
-1211
-875
-600
-1050
-1074
-450
521
591
-57
-515
-516
-824
-1173
-574
-20
690
-1065
-1217
-473
-353
-180
-227
-139
-441
-212
-658
-664
-130
-34
-1196
-266
-566
-1625
-663
412
91
-20
558
1007
-30
944
370
-104
556
133
147
517
474
191
313
531
1521
582
535
361
-42
683
940
1003
996
378
28
-633
-1380
-847
-327
-119
-720
-1077
240
-446
-1369
-819
612
-200
-991
-1296
-1379
-998
-451
-2210
-2016
-382
-293
-899
-1343
-637
-551
-1028
-1681
-2009
-1677
-462
-680
54
527
499
-1987
-1886
-959
-449
-1219
-2637
-3149
-2051
-597
2140
2938
1961
-331
-1834
-2104
-1202
-751
-1305
-1812
-3413
-2809
-2873
-1924
-1352
-1347
-1362
-1646
-1683
-1079
-673
-1366
-3126
-3491
-3518
-3744
-3543
-2968
-2172
-2358
-2936
-2620
-1465
-839
-498
-207
-803
-1175
-260
-379
-585
-659
-512
-512
-1604
-671
-416
-757
-490
-1063
-620
-9
-348
-1080
-734
-359
-644
-939
-467
-661
-760
-1158
-1598
-1399
-827
-677
-1424
-1378
-826
-880
-1471
-1192
-843
-897
-1227
-2100
-907
-432
-656
-1255
-1032
-1010
-723
-1022
-760
-879
-476
-465
-708
40
157
686
3390
-262
-299
-351
-1011
-356
-334
-460
-571
-1137
-1337
25
2421
3472
794
-285
-1939
-738
-238
-316
-15
-468
-92
-826
-653
-68
-305
34
-1466
-937
-174
-188
-359
-961
-1712
-788
-639
-543
-963
-3007
-782
-1318
-1329
-974
-975
-849
-1108
-1801
-1762
-1676
-1020
-2228
-2099
-500
-1573
-2052
-2179
-1505
-978
-1069
-2709
-3132
-2585
-1786
-1585
-1000
-825
-404
-2751
-2720
-1837
-1073
-1262
-3416
-5206
-4105
-1904
-1552
-1336
-1023
-2547
-2854
-3243
-1838
-1152
-1644
-2944
-5554
-4981
-5264
-3695
-3500
-2554
-3040
-3074
-2514
-1201
-1128
-1592
-4347
-5283
-5535
-6078
-5961
-5109
-3990
-3810
-4209
-3866
-2131
-1402
-217
283
94
-321
-309
-822
-291
-518
-294
-237
-599
-2
-235
-511
298
-379
-328
259
413
-24
101
-138
8
-670
-295
-468
-269
-282
-1253
-1232
-1062
-794
-1637
-1112
-461
450
352
-569
-699
-414
-238
-588
94
-2
-222
-1291
-987
-1167
164
39
-261
-482
-215
14
212
786
326
-552
-1337
-82
-220
-862
-364
897
89
751
-250
-652
-941
-1267
693
-591
-1358
-1492
-1061
-256
7
-18
-194
-302
339
-268
-566
113
-1101
-399
294
33
-436
426
262
-766
-1368
-314
-126
12
-600
-2027
-387
-956
-1662
-152
401
583
-247
-961
-944
-1315
-532
-1800
-1518
1323
-850
-1636
-1509
-387
852
233
-1838
-2951
-2209
-560
-235
-67
478
470
-2223
-1949
-702
470
398
-2386
-4065
-3020
-622
-1476
-384
487
-1455
-2320
-2728
-830
-337
764
-1083
-3295
-3274
-3590
-2873
-2471
-1709
-1870
-2498
-1868
-681
-540
125
-2065
-3367
-3676
-4201
-3731
-2926
-2138
-2659
-2950
-2114
-845
-709
-490
-325
-757
-1673
-1070
-1020
-520
-117
-565
-420
-571
-272
-326
-647
-826
-930
-1086
-454
-258
-284
-585
-122
-393
-418
-329
-641
-719
-1451
-1372
-1098
-221
-551
-1337
-1290
-478
-427
143
-877
-876
-770
-1002
-1855
-886
-225
-232
-1372
-2132
-1653
-610
902
-339
-530
-509
-351
-793
-848
-850
-1139
-1231
1220
286
619
1361
258
-180
-217
20
-207
979
860
960
1229
1665
1107
481
1641
1128
6
-210
-703
-678
-147
930
926
-649
-201
-28
477
727
145
-99
-1142
-1871
-526
-227
281
-1002
-2527
-493
-370
-940
-493
-36
-151
-1335
-1903
-1669
-2091
-664
-2454
-2727
-1181
-1338
-2167
-2261
-1119
-310
-1421
-3003
-3244
-2829
-921
-956
-1359
-1363
-1364
-3221
-3008
-1627
-289
-1192
-3184
-4903
-3591
-1509
-2712
-1922
-1609
-2128
-3162
-3578
-1658
-465
-969
-1717
-4856
-4257
-4642
-3374
-2997
-2261
-2402
-2825
-2504
-1138
-785
-1251
-3221
-4921
-5537
-4981
-4634
-3869
-3183
-3559
-4066
-2731
-1587
-958
-324
-344
-650
-440
-631
433
576
1091
426
-222
-256
59
-240
-437
-557
-525
-832
-1078
-883
-544
-339
-241
-339
-649
-491
-403
-512
-806
-996
-961
-1228
-1295
-1421
-924
-509
-361
-705
-753
-500
-610
-754
-134
15
-1825
-3533
-1164
-1275
-611
647
-324
-538
-151
-495
138
1461
553
37
-1234
-1670
-210
-601
-590
-719
-287
175
184
140
117
-118
-284
-39
280
205
-3
-124
-315
-302
-46
-78
317
1748
1917
117
-528
378
888
2031
1734
215
83
-127
-633
-679
963
639
333
-1302
-1149
-216
-41
29
-502
407
-259
-866
-1248
-1288
-1198
-63
-1724
-1094
-1156
-1133
-1496
-1424
-334
-262
-864
-1734
-1884
-1249
-456
-585
-1220
-1884
-1558
-1871
-1574
-680
-97
-1050
-1541
-2598
-1300
-1114
-1224
-2043
-2179
-2137
-1876
-1984
-983
-472
-786
-1857
-3205
-2741
-2728
-1773
-1657
-1129
-1055
-1660
-1727
-671
-537
-865
-2995
-3103
-3202
-3531
-3242
-1987
-1780
-2676
-2863
-2264
-1080
-776
-442
-130
-473
-706
-887
-24
392
112
382
164
-689
-482
-187
-666
-391
-402
34
202
-409
-577
-337
-168
-95
-626
-402
-540
-428
-733
-1180
-1399
-1303
-1205
-1692
-972
-990
-689
-1138
-1182
-672
-583
-1068
-1561
-1263
-1241
-1749
-2010
-2447
-1380
-642
-1064
-717
-574
-696
-1106
-611
-170
-171
-1551
-317
-1470
685
965
399
-479
-185
-880
-826
-181
1777
1952
-1243
-617
435
1345
1536
2488
996
8
-372
-285
1921
2311
92
1027
868
704
1480
1703
566
-703
-262
-1339
-1699
-903
-586
-583
-1095
-1587
44
-291
-1537
-1117
-385
-483
-1169
-1737
-1905
-1400
-996
-2526
-2217
-981
-1566
-1337
-1476
-816
-373
-1096
-2433
-2870
-2033
-1270
-1240
-679
-834
-920
-2544
-2510
-1130
-682
-976
-2853
-4119
-3149
-1262
436
271
-89
-1962
-2502
-2666
-1587
-1060
-1197
-1842
-4218
-3520
-3688
-2689
-2244
-1661
-2169
-2165
-1813
-1038
-703
-1547
-3788
-4884
-5419
-5598
-5321
-4781
-3820
-3430
-3881
-3516
-2240
-1216
-486
-234
-588
-1734
-1575
-193
-349
-667
-668
-657
-481
-380
-297
-660
-146
-1300
-1219
-525
-47
-984
-314
-187
-271
-416
-250
-477
-554
-307
-1290
-855
-827
-454
-1643
-869
227
-463
-817
-544
-668
-764
-996
-903
291
656
-904
-1106
-44
-78
-486
-291
-356
-588
-487
224
574
887
1824
-6
104
-193
-459
801
118
-36
-56
36
-13
-277
-654
-527
-966
94
313
619
160
-898
-211
-124
-587
-462
-630
-708
-718
-1314
-343
-481
-1312
-1064
-571
-386
-289
-981
-1471
-605
-389
-735
-1193
-1813
-573
-1026
-885
-146
-188
-505
-846
-1168
-1255
-1193
-593
474
-539
308
-1305
-1481
-1339
-281
-578
-654
-1886
-2857
-1647
-21
659
671
642
807
-1868
-1530
-1061
-457
-259
-2241
-3772
-2915
-1040
-1209
-872
188
-1466
-1944
-2200
-1370
-756
-409
-1970
-4576
-4269
-4583
-3076
-2546
-2162
-2311
-2694
-2157
-909
-874
-745
-3395
-3851
-3473
-4372
-4544
-3894
-2951
-2699
-3346
-2540
-1103
-949
-326
-360
-350
-188
656
-8
-794
-909
-494
-680
-722
-158
-119
-589
-839
-504
-466
-203
60
-689
-591
-102
311
-430
-432
-574
-752
-1286
-1619
-1683
-1000
45
-866
-970
-592
-436
-1168
-805
-790
-746
-1044
-1378
-740
-847
-943
-719
-889
-1774
-976
-1393
-929
-753
-437
643
623
-566
-653
-713
352
-29
-630
-525
-468
-388
-156
-130
1739
2378
1580
-909
-1969
-1552
-939
296
1479
831
-123
-150
-811
-547
-894
-405
-1031
-1761
-964
-393
-386
-696
-1141
-370
-253
-1563
-2143
-864
-1066
-1100
-1376
-2173
-102
-798
-790
-1253
-452
-501
-1341
-2070
-1869
-2185
-534
-1292
-2306
-250
-820
-1440
-2031
-637
-274
-1271
-3046
-3480
-2549
-458
-784
-1158
-1046
-1024
-3034
-2510
-1037
-352
-1205
-3341
-4598
-3247
-1165
-1972
-1734
-1362
-2098
-2809
-3066
-1328
-914
-1259
-2321
-5222
-4185
-4673
-3583
-3044
-2481
-2236
-2599
-2466
-1594
-1004
-1816
-4194
-5508
-5615
-5222
-4980
-4430
-3727
-3885
-4529
-3731
-2382
-1288
-347
-580
-435
-1192
-1236
-858
-533
-361
-754
-478
-778
-617
-417
-553
-609
-1253
-2001
-1645
-1997
-313
-285
-258
-570
-480
-296
-551
-632
-1028
-1395
-1729
-1644
-1203
-740
-889
-885
-805
-880
-679
-698
-698
-1139
-1961
-1510
-1295
-1402
-1090
-491
-1113
-1302
-999
-433
-651
-345
-849
-760
-429
66
27
835
1484
925
-315
-2175
-818
-194
-506
-1274
-1467
-1270
-12
-817
-529
-263
-587
-1816
-2260
-1014
-331
-914
-1416
-1445
-1012
-350
-433
-1167
-1500
-2357
-1536
-951
-778
-375
-1152
-1958
-1877
-1397
-431
-983
-2678
-1020
-1687
-1995
-1084
-1239
-795
-1057
-1536
-1254
-1621
-1140
-1254
-2683
-433
-920
-1979
-1981
-1467
-925
-455
-2178
-2684
-2320
-39
-1598
-954
552
-289
-2163
-2360
-1564
-961
-736
-2784
-4292
-3893
432
-2017
-2715
-189
-1614
-2236
-2678
-1309
-587
-742
-1098
-3872
-3568
-3558
-2213
-2337
-1781
-2451
-2382
-1467
-825
-604
-482
-2292
-3435
-3985
-3553
-4207
-4240
-3297
-2436
-2476
-1926
-1099
-619
-478
-299
-225
-538
-476
-5
-381
-619
-762
-946
-1265
-585
-309
-640
-272
-865
-1007
-316
-275
-300
-129
-295
-578
-628
-410
-537
-619
-568
-1313
-1348
-1730
-1545
-1718
-926
-802
-1122
-1640
-921
-697
-824
-1093
-1657
-1501
-1662
-2536
-1813
-2078
-919
-1726
-804
-559
-684
-580
-997
-881
-358
1019
-911
-1215
-877
113
-1878
-1957
-579
-327
-893
-887
-1227
-535
830
789
-658
-1082
-1045
-1343
-950
-394
-227
-341
-660
-1569
-1029
-268
-986
-372
-989
-1838
-1607
-1283
-823
-467
-1020
-1754
-1197
-1213
-758
-2284
-1749
-358
-930
-1452
-1342
-1045
-1089
-1327
-1539
-1611
-1615
-982
-1667
-2505
-912
-1281
-1731
-1838
-1207
-680
-1449
-2778
-3206
-1949
1876
1132
812
-637
-535
-2380
-2433
-1770
-924
-1239
-3152
-5010
-3315
1057
-1008
-1499
-431
-2080
-2597
-2882
-1820
-1185
-1504
-2310
-5022
-4473
-4632
-3007
-2289
-1786
-2456
-2670
-2252
-1416
-833
-1865
-4060
-4512
-4722
-5290
-5140
-5045
-3756
-3290
-4057
-3848
-2010
-1433
-147
24
-147
-193
-349
12
918
1080
877
925
552
100
-103
-513
-842
-743
609
1205
1408
252
-91
408
420
772
37
-480
-503
-1212
-1325
-1151
-823
-423
-742
-1147
-646
-261
666
-846
-704
-576
-982
-1588
-1442
-2077
-956
-2195
-2224
-1151
-1320
-961
-804
-427
-392
-851
-711
-1158
-955
-393
-3077
-1861
-895
-1913
-1499
-256
-224
-706
-1636
-1330
-955
720
1015
-1809
-2571
-763
-1553
-1744
-1205
-335
-81
-305
-295
391
862
1230
-254
329
1074
942
-22
358
-236
-878
-1509
-346
-710
-254
-328
-1743
-20
382
92
-474
-205
-834
-797
-1580
-1571
-2130
-690
-2322
-1741
-960
-1546
-2269
-2192
-1009
-734
-316
-1712
-2171
-2233
-1047
-1352
-369
-622
-623
-2450
-2543
-1103
-353
-636
-2395
-3152
-2838
-1476
-1589
-570
-232
-1770
-2456
-2686
-1047
-638
-476
-1161
-3700
-3053
-3797
-2793
-2624
-1760
-2154
-2082
-1832
-936
-693
-1053
-2428
-3667
-4624
-4871
-4227
-3632
-3088
-3050
-3370
-2309
-1705
-667
-219
-35
-2
266
301
520
1032
-347
15
188
-189
131
-258
-583
-386
-377
14
190
-448
-450
-573
-327
-604
-550
-371
-635
-877
-1044
-1252
-868
-522
-1141
-1701
-1344
-1308
-1457
-540
-510
-783
-750
-1059
-1605
-974
-382
16
-1442
-2077
-1010
-1007
-513
-560
-714
-543
-908
-694
-987
206
-748
-1630
-1267
-321
-1087
-1021
-816
-252
-551
-57
1197
546
401
-1513
-2542
-2007
-49
1102
753
-787
-146
-558
-559
-557
-216
1393
-1013
-1468
-816
-605
-740
-593
-837
-307
-1606
-1906
-1191
-926
-444
-1651
-1679
-222
-1028
-1998
-1398
-769
-794
-1153
-1884
-1710
-1691
-714
-2457
-2699
-743
-1807
-2174
-1649
-1104
-299
-1094
-2622
-3160
-2306
2131
2183
-71
-334
-167
-2896
-2392
-1356
-575
-1514
-2667
-4489
-3679
1439
1988
-194
-246
-1821
-2885
-3032
-1630
-574
-1998
-2067
-4522
-3973
-3845
-2659
-2440
-1874
-2632
-2646
-2125
-1007
-293
-1927
-3690
-4687
-5059
-5698
-5182
-4339
-3618
-3440
-3936
-3208
-1562
-1010
-324
-123
334
1293
882
264
530
388
-88
-336
-468
-228
-286
-685
-634
-863
230
6
23
-608
-54
100
14
-482
-482
-658
-768
-1134
-1080
492
-157
-423
-1381
-1273
-245
-294
-1705
-815
-827
-1026
-1131
-1848
-1393
-1181
-215
-1391
-1880
-1436
-1003
-868
-894
-738
-656
-926
-904
-407
-754
-152
-628
-1526
-766
-1979
-1614
-577
-243
-579
-1246
-209
-616
-124
-681
-2201
-1262
-796
-1322
-333
-805
-215
-380
-847
-480
-337
1876
640
-1179
-419
-795
-143
-233
-300
-312
-1122
-1866
-526
-8
1341
-175
-2022
-492
-1480
-907
-3
53
-645
-1488
-1886
-1962
-1772
-684
-1833
-2090
-750
-1830
-2175
-1940
-1253
-460
-1564
-3069
-3485
-2437
-1066
-60
167
-503
-317
-2921
-2407
-1598
-588
-1935
-3701
-4487
-3232
-1360
-483
246
-970
-2115
-2684
-3155
-1811
-1197
-2418
-3889
-5869
-4832
-5268
-3497
-2281
-2122
-2450
-2958
-2914
-1514
-1231
-1851
-4736
-5309
-5064
-5262
-4772
-3889
-3304
-3515
-3936
-3496
-1965
-1157
-77
-297
-324
-29
741
3656
1719
707
-148
-228
-269
-131
-190
-341
-543
-733
-877
1114
4194
255
171
-55
-292
-377
-253
-503
-477
-1066
-876
148
2172
2588
-1135
-261
343
-266
-810
-774
-698
-594
-1056
-1116
-41
571
-1603
-941
-868
-391
-396
-552
-635
-525
-413
-367
-367
-1036
-1329
-925
-383
-1506
21
-1003
-623
-562
-141
-434
-455
190
-622
-356
-297
530
-312
387
-368
109
1
-198
-555
-773
-267
424
557
-975
386
-510
-618
542
221
-1125
-417
-1179
-2030
-1196
-811
-79
-1773
-1890
715
-1358
-689
-308
-482
-766
-1013
-1525
-1357
-1215
-511
-2061
-1403
-461
-1227
-1441
-1556
-1064
-557
-1010
-2646
-2611
-1837
-47
-940
-446
129
-999
-2468
-2529
-1316
-773
-1027
-2969
-4506
-2575
-1077
-1125
-1098
-789
-1264
-2771
-2947
-1426
-644
-734
-1888
-4659
-4096
-4112
-2751
-2230
-1760
-2184
-2551
-1920
-791
-675
-1347
-3298
-4421
-4736
-4869
-4082
-3372
-2628
-3128
-3158
-2801
-1543
-1018
-259
-270
-389
-807
-423
35
-416
95
-349
-196
947
486
-212
-417
-374
-638
-1013
-707
179
-517
-271
-149
-425
-227
-175
-332
-319
-493
-516
-227
-513
-910
-1080
-778
-635
-852
-1134
-535
-434
-496
-398
-986
-919
-1271
-1773
-965
-403
-215
-785
-155
-171
-132
-427
-321
-148
-364
-724
-459
-303
1692
417
792
1254
70
125
-328
-50
627
886
-255
-39
-1088
536
1107
1250
912
444
-119
-643
-616
255
553
-246
-1299
-1372
-252
1122
1284
835
-49
-72
-584
-572
146
-383
-240
-753
-1411
-341
-106
-718
-775
-693
-42
-895
-1023
-1135
-1103
-425
-1432
-1582
-423
-1148
-1419
-1220
-812
-101
-1021
-1437
-1735
-1108
833
-152
-146
-670
-816
-1425
-1504
-1017
-332
-1185
-1894
-2330
-1986
1847
541
-206
-426
-1263
-1520
-1578
-1075
-506
-1562
-1791
-3173
-2537
-2815
-1812
-1239
-953
-1450
-1462
-1279
-700
-524
-1025
-2639
-2940
-3338
-3524
-3600
-3102
-2358
-2067
-2593
-2066
-1033
-727
-133
194
132
-721
-52
-423
-1006
-634
-666
-793
-312
-318
-153
-408
17
-873
-355
39
17
-754
-332
47
312
600
-156
-350
-466
-261
-912
-614
-365
-676
-1336
-659
-345
433
5
-623
-516
-426
-186
-819
184
857
-89
-181
-724
-752
-262
188
-462
-559
-365
152
-734
-845
-1181
606
760
-1633
-609
-1257
-1100
-416
-199
-134
70
-1008
-1967
-1424
-267
-310
-849
-675
-1472
-989
-392
-221
304
232
-1066
-1170
-539
-193
146
260
-850
-1226
-570
-280
-216
-747
-1209
-920
-454
-225
-1045
-743
200
-277
-1444
-899
-703
-419
-945
-1218
-1373
-1383
-623
-1390
-1176
-128
-1426
-1864
-1787
-945
-313
-825
-2247
-2380
-1184
668
904
-10
-1447
-647
-1836
-2010
-1348
-182
-556
-2170
-3524
-2152
210
-625
-48
-131
-667
-2122
-2221
-1286
-481
-474
-1831
-3942
-3413
-3844
-2790
-1851
-1477
-1961
-2185
-1554
-1098
-546
-1580
-3367
-3757
-4157
-5096
-4807
-3972
-3168
-2917
-3051
-2684
-1501
-894
-283
-545
-995
-1931
-2494
-2184
-836
-194
-659
-384
-372
-322
-260
-551
-469
-683
-1352
-1014
-1272
-95
-172
-311
-610
-242
-344
-563
-698
-880
-1374
-1609
-1536
-1123
-1425
-916
-909
-1232
-958
-812
-756
-610
-877
-1399
-1228
-2034
-1353
-1702
-1640
-1448
-658
-742
-628
-558
-412
-283
554
98
-1285
-1595
-2386
-1491
301
-433
-1061
-626
-244
-524
-292
438
426
-1080
-1897
-1906
-822
-1065
-707
-663
-520
-176
-905
-789
-676
-762
-858
-913
-1092
-786
-2001
-1631
-926
-699
-320
-1573
-2274
-1789
-905
-633
-1935
-1725
-337
-1087
-1500
-1104
-1000
-814
-1060
-1692
-1450
-1871
-687
-2725
-2639
-550
-1515
-1757
-1700
-1159
-729
-780
-2373
-2994
-2210
-849
-1729
-566
-416
-567
-2696
-2545
-1400
-833
-1082
-2764
-4435
-2911
-1730
-384
790
406
-1764
-2896
-2886
-1273
-762
-1068
-863
-4185
-3339
-3294
-2406
-2191
-1577
-2308
-2319
-1686
-1108
-561
-1352
-3127
-4271
-4606
-4604
-4014
-3242
-2958
-3277
-3445
-2850
-1726
-828
-502
-549
-961
-1494
-1376
-1022
-1106
-781
-873
-445
-1456
-661
-389
-718
-933
-1369
-1825
-1493
-889
-988
-781
-416
-816
-826
-529
-690
-880
-1688
-1798
-2022
-1144
307
-605
-773
-706
-1115
-1137
-1113
-850
-836
-1133
-2138
-1228
-246
1251
-1239
-1746
-1801
-1470
-930
-937
-902
-417
-739
-1101
-1158
-30
-1263
-2340
-2303
-602
-2139
-1050
-519
-343
-403
-784
-819
-887
-920
-2865
-1469
-1578
-1072
-1742
-1026
-689
-275
-719
-640
-1141
-764
-1177
-200
-500
61
-2179
-1214
-862
284
-120
-1673
-1975
-1079
-538
-282
-463
-1863
-57
-1335
-1081
-1039
-823
-452
-1394
-2040
-1681
-1652
-869
-2789
-2984
623
-956
-1388
-1921
-1380
-533
-1033
-2561
-3023
-2669
-409
-956
376
454
-1058
-2897
-2500
-1588
-456
-1585
-2483
-2782
-3323
-289
-149
-668
-434
-1975
-2419
-2780
-1586
-581
-2206
-2774
-4984
-4029
-4765
-3353
-3198
-2472
-2601
-2412
-1986
-1202
-462
-2083
-3857
-4712
-4909
-4915
-4860
-4442
-3616
-3544
-3657
-3119
-1842
-1088
-462
-605
-630
-826
101
-991
-1105
-729
-695
-1111
-1139
-709
-245
-483
-507
-542
-398
-356
-853
-993
-561
33
-422
-445
-349
-399
-417
-803
-695
-244
240
-508
-520
-580
-416
-545
-1265
-844
-453
-430
-519
-1106
-507
-387
-489
-606
-1015
-1008
-1219
-520
-480
-399
-253
-187
-1028
-604
-878
-1387
498
-152
-1269
-404
-483
242
-152
340
-45
-688
-199
1080
1622
1465
111
106
92
-807
-433
-105
-616
-588
-1559
-1214
-1296
-1666
-1165
-497
-1530
-1401
-1096
-529
-141
-809
-1182
-708
-896
-528
-747
82
-365
-705
-1558
-833
284
-123
-1014
-1248
-1339
-1183
-292
-976
-594
93
-145
-1341
-1602
-268
-550
-935
-1953
-1868
-1273
-1310
-914
-1086
-880
-983
-1920
-1769
-901
-190
-810
-2073
-3238
-1933
-1632
-2019
-1309
-860
-1247
-2009
-2015
-1130
-472
-1013
-1652
-3407
-2758
-3262
-2599
-2011
-1238
-1233
-1805
-1494
-902
-610
-1441
-2713
-3356
-3849
-3696
-3811
-3086
-2514
-2652
-2653
-1840
-1199
-723
25
5
639
1441
1862
732
899
841
373
225
211
388
28
-139
-34
235
1443
526
96
-170
217
344
-31
-77
56
-168
-51
-237
-97
754
1801
1244
264
32
456
-106
-760
-193
-282
-262
-407
-907
-299
337
-496
-257
-75
-289
46
-498
-355
53
-65
-349
-617
89
-870
-1142
-1267
533
-966
-2221
-1413
-490
261
505
-528
-921
-1337
-730
1213
-542
-1334
-1339
-823
-192
-330
-46
681
991
2436
1277
-50
-806
-248
776
3328
2721
1517
379
283
164
298
1948
1180
256
693
237
655
1339
2703
975
549
543
-413
-548
-639
-201
52
-379
-921
333
1030
839
-320
326
721
-457
-1043
-1406
-859
-695
-560
-535
1113
608
-834
-653
-188
500
-525
-1361
-1778
-1271
-1663
-3920
-2146
-1062
-1055
-968
-1098
-747
-557
-824
-1804
-2412
-2265
-2421
-2173
-1397
-1206
-682
-1208
-1262
-733
-551
-462
-2055
-2220
-2344
-2798
-2019
-1138
-938
-1415
-1698
-1168
-429
-367
-336
-281
-273
-878
-798
-7
257
-498
-814
-715
-1148
-486
-278
-495
-622
-1130
-891
-649
168
-264
-344
-217
49
-572
-343
-567
-661
-1021
-1444
-1218
-1229
-1166
-1150
-1191
-905
107
-90
-725
-796
-673
-1173
-1705
-1106
-1157
-2649
-1185
-1673
-1467
-1271
271
-638
-827
-340
-686
-686
-354
315
-1393
-937
-458
-586
519
1183
-17
-335
-644
-539
-325
-839
-480
-1146
-2023
-846
-468
117
770
-313
-119
-745
-888
-1696
-1307
440
-170
-484
-522
-1674
-1300
-840
-807
-322
-1484
-1809
-836
-896
-471
-1334
-1880
-65
-787
-780
-1156
-973
-722
-1102
-1664
-1355
-1511
-953
-1390
-2273
-361
-577
-1200
-1736
-1236
-592
-965
-2482
-3045
-2253
-526
-869
-1390
-1530
-671
-2160
-2467
-1508
-644
-793
-2825
-4741
-3651
-907
-1649
-2144
-1347
-2300
-2471
-2847
-1552
-611
-921
-1875
-4728
-4161
-4053
-3199
-3077
-2030
-2517
-2602
-1865
-1001
-701
-1415
-3193
-4381
-4968
-5684
-5193
-4631
-3728
-3445
-3726
-3171
-1806
-1084
-365
-628
-229
-1177
-1277
-694
-368
-852
-716
-611
-853
-452
-382
-688
-934
-1722
-1792
-1498
-1491
14
-295
-251
-775
-768
-290
-625
-896
-1276
-1857
-1587
-1254
-228
-1132
-842
-290
-1003
-2185
-961
-831
-916
-1604
-1916
-1164
-893
132
-837
-684
-1071
-272
-1055
-1114
-609
-283
-1013
-11
79
-275
-478
1097
188
-92
-1208
-1844
-950
-212
-697
-1991
-1802
-1832
-2130
-1364
-667
-1576
-1324
-2316
-2124
-1508
-335
-1401
-1010
-1267
-1331
-1190
-70
-1182
-877
-1799
-1414
-1325
-795
-261
-1791
-2412
-1639
-869
-205
-1215
-2248
-342
-2268
-2064
-1057
-990
-591
-1128
-1883
-1288
-1930
-384
-1351
-1452
389
-967
-1974
-1759
-1575
-584
-1071
-2719
-3326
-2459
76
-935
147
1628
1370
-2663
-2629
-1634
-604
-1029
-3068
-4982
-3540
-744
-2657
-841
-90
-1877
-2960
-3146
-1103
-393
-748
-1087
-4496
-3670
-3778
-3108
-3124
-2156
-2984
-2944
-1862
-772
-497
-994
-2710
-4215
-4583
-4286
-4626
-4572
-3578
-3406
-3598
-2727
-1914
-831
-157
-499
151
1020
1235
-761
-153
334
-191
-97
-298
-466
-233
-459
-795
-592
-551
-821
-699
-203
-217
-295
-148
-261
-223
-452
-537
-987
-1372
-1481
-1042
-691
-979
-749
-569
-606
-315
-645
-529
-519
-914
-1147
-890
-1901
-1970
-1561
-2280
-1481
-56
-708
-477
-525
-339
-51
257
601
568
-557
-2617
-712
428
103
-957
-590
-331
552
383
-104
998
745
-2308
-3171
-819
-1058
-476
-587
-612
-208
-394
-457
-458
-35
-107
-360
-1462
-1195
-1593
-721
-881
-991
-394
-1210
-1706
-1794
-1035
-7
-1696
-2172
-842
-923
-1688
-1529
-1075
-709
-1045
-1619
-1478
-1694
-1099
-2034
-1868
-330
-883
-1645
-2073
-1216
-762
-978
-2173
-2396
-1915
-1456
-1439
-325
-614
-852
-2361
-2195
-1209
-565
-1121
-2448
-3700
-2483
-1872
-2043
-1467
-1272
-2116
-2154
-2343
-1024
-490
-1311
-1474
-3001
-2553
-2456
-1922
-1937
-1126
-1825
-1708
-1317
-620
-507
-1189
-3091
-3645
-3894
-3640
-3735
-3342
-2825
-2830
-3033
-2888
-1885
-950
-448
140
-310
-1188
-1807
-1432
-797
-577
-464
673
1681
850
-275
-666
-246
-871
-1472
-930
-1313
-786
-321
31
734
920
101
-634
-806
-1102
-1482
-793
-318
-1242
-1662
-1436
-855
1257
2952
-201
-891
-740
-1242
-1949
-1054
-908
-2528
-1167
-1191
-364
-786
1692
-216
-437
-305
-467
65
60
-1117
-1279
-534
163
-782
1025
365
294
175
-498
-1188
3
549
-202
-2079
-2227
-309
256
786
1653
-108
101
-647
-1142
202
231
-314
-1433
-933
103
-14
85
-28
-604
-88
-1310
-2064
-1062
-583
-112
-1386
-2460
-593
-208
-1314
-387
-186
141
-1009
-1645
-1488
-1648
-962
-2368
-2895
-1135
-1621
-2236
-2353
-1293
-276
-559
-2594
-3591
-2621
-1119
-1128
-1362
-154
-206
-2523
-2776
-1618
-223
-886
-2741
-4811
-3900
-861
-753
35
-115
-2539
-3046
-3442
-1616
-723
-1178
-2222
-5271
-4961
-5348
-4188
-3616
-2437
-3382
-3529
-2398
-989
-984
-1361
-3400
-4357
-5098
-5456
-5599
-5135
-3805
-3482
-3924
-2776
-1617
-950
178
595
1085
1476
771
339
340
-360
-142
501
181
74
-146
68
465
305
692
1036
1977
588
-31
-169
509
537
120
-310
-103
268
-262
97
305
-89
-133
-109
-184
570
2063
281
-422
-45
67
-422
-251
-531
-975
936
858
696
-901
-147
135
-275
165
272
194
-366
-1207
-981
-761
1243
-10
-472
-397
197
-107
421
-369
62
-724
-1285
-697
-1514
418
-1046
-1385
-616
-102
62
-364
-386
-465
-622
164
414
-265
53
487
410
171
317
-14
-451
-763
120
-176
-272
-266
-1466
-55
341
26
-143
-449
-448
-592
-375
-254
-481
-502
-593
-1203
-1295
-1624
-1250
-1093
-621
-478
-633
-1665
-2002
-1251
-868
-861
-761
-402
-343
-833
-1348
-1247
-526
-587
-1860
-3118
-2108
-611
-1551
-864
25
-1346
-1625
-1810
-1253
-604
-507
-1444
-2308
-2697
-2845
-2275
-2187
-1581
-1621
-1857
-1179
-661
-565
-42
-1895
-1987
-2232
-2462
-2321
-2096
-1465
-1147
-1327
-1625
-792
-661
58
-69
574
670
1066
-498
-1042
-444
-562
-582
-235
-217
-101
-390
-174
-441
422
-564
-1132
-959
-351
286
449
516
86
-226
-201
-200
-541
730
784
-149
-1002
-799
454
987
-191
-478
-372
-393
-774
-1176
165
414
-1097
-541
-476
-25
-1284
370
-272
-457
-22
-413
-1202
-149
-1
-314
744
352
-1625
-417
-363
-420
-205
602
-193
-503
-1380
-482
80
-1166
111
145
-607
-162
-325
-245
-531
-575
-141
-370
-1508
-1687
-919
-1224
-757
105
131
-670
-304
-625
-1069
-545
-593
-704
-1079
-1703
-896
-133
-561
-878
-836
-275
-293
-918
-1054
-1059
-403
-534
-1381
-688
-645
-1180
-1668
-886
-255
154
-1762
-1944
-1077
-765
-756
-444
-1384
-859
-1423
-1808
-1048
-85
423
-1762
-3620
-2733
-1544
-1537
-623
-533
-1416
-1930
-2035
-1149
-389
540
-1069
-3658
-3655
-3743
-3110
-2207
-1543
-2024
-2191
-1419
-723
-547
-360
-2547
-3015
-3697
-4673
-5032
-4581
-3341
-2523
-2996
-2311
-967
-827
110
108
-137
-1112
-1661
-1723
-563
-310
-170
145
1016
681
13
-186
-247
-629
-1147
-818
-183
-244
141
471
199
784
272
-208
-227
-464
-642
45
607
1146
-721
-72
657
848
628
-43
-404
-317
-461
-225
633
1239
464
-97
-305
191
1486
-159
-175
-389
-186
738
1266
53
-1476
-219
-876
-464
360
265
-1046
-786
-114
-220
-319
-501
-810
-1530
-1336
-643
-797
-385
-661
-856
-941
-53
-400
-226
-972
-981
-759
-759
-7
-598
-1102
-1279
-509
-188
-106
-634
-1142
-926
165
227
-1138
-1567
-276
-64
307
465
-315
-276
-519
-724
-801
-1036
-225
-1286
-1583
-881
-1236
-1086
-1150
-995
-15
-547
-1255
-1683
-1278
-102
-103
-56
13
132
-1135
-1456
-1184
-50
-420
-1374
-2050
-1409
-85
-625
1117
211
188
-1338
-1702
-907
-532
-285
-1537
-2628
-2322
-2725
-1751
-1643
-1166
-1376
-1589
-1362
-987
-684
-914
-2152
-2556
-2658
-2759
-2562
-2417
-1856
-1704
-2267
-2192
-1263
-749
-491
-237
-386
-1725
-1850
-1196
-940
-607
-533
-592
-126
-533
-312
-738
-686
-1420
-1527
-1181
-352
-897
-585
21
-424
-20
-231
-523
-526
-977
-1383
-1056
-1931
-2354
-1866
-1281
-982
-853
-1190
-877
-684
-883
-1009
-1961
-1004
-1164
-2634
-1968
-2312
-973
-1069
-642
-407
-472
-738
-1015
-1662
-852
-595
269
-738
770
-628
-200
-1410
-272
-181
-345
-938
-2072
-1312
-685
-619
-3563
-427
-354
-2071
-242
-526
-207
-660
-1085
-1546
-1166
-1080
-2382
-2313
-865
-960
-961
-748
-1073
-100
-1120
-1723
-883
-573
-170
-1899
-2160
103
-282
-1048
-593
-984
111
-1328
-1724
-1696
-1688
-483
-1126
-2022
-806
-1267
-2203
-1684
-1497
-139
-1260
-2829
-3037
-1913
40
-189
-528
-2701
-1669
-2466
-2124
-1628
-185
-984
-2752
-4406
-3138
-442
-1939
-1282
-1746
-1822
-2312
-2576
-1393
-319
-1432
-2509
-4720
-3939
-4441
-2748
-1988
-1923
-2675
-2698
-2091
-880
-307
-985
-3525
-4005
-4176
-4768
-4527
-4319
-3537
-2880
-3397
-2291
-1090
-573
-332
-142
530
1322
1493
-155
-685
19
-500
-680
-1350
-833
-142
-452
-406
125
283
423
-8
-394
-203
-80
-492
-715
-422
-360
-354
-784
-595
-124
-547
-1264
-1276
-804
-648
-804
-1801
-831
-437
-470
-708
-1397
-1147
-1410
-1142
-1115
-1559
-936
-2117
-1464
-540
-595
-544
-598
-534
-22
408
827
681
-731
-1446
-1579
-2151
-531
-390
241
189
-778
16
1141
-18
1004
61
-395
-2120
-2109
-389
-224
25
-585
-864
351
178
-301
-87
-990
-1363
-990
-867
-902
-386
-755
-972
-569
-216
438
-1033
-1175
-1035
-1223
-1212
-790
-98
-655
-755
-1203
-1304
-1040
-751
-2146
-1591
-720
-733
-1495
-1646
-1106
-884
-795
-1890
-1770
-1269
-736
-656
-300
-867
-964
-1791
-1905
-1367
-686
-1110
-2316
-3558
-2372
-129
1366
507
23
-1919
-2029
-2070
-1359
-782
-1606
-2527
-3498
-3135
-3187
-2303
-1671
-1152
-1696
-1735
-1556
-1086
-681
-1195
-2937
-3157
-3840
-4224
-4306
-3885
-2928
-2557
-2804
-2318
-1518
-853
-164
146
-121
-743
68
-56
-473
-747
-279
245
-192
-109
-76
-507
330
-19
305
272
-799
-413
-451
-373
-557
13
-87
-538
-558
-59
-1336
-1602
-941
-1262
-983
-989
-832
-709
660
-29
-664
-149
12
-1081
-770
-31
-1757
-2360
-1768
-1246
-703
-225
-297
-521
-121
317
401
-398
-1487
-1029
-3219
-816
-1149
1212
1950
843
-93
529
1856
1139
345
-62
-1621
-2001
1774
1694
1061
1196
712
404
-47
316
-681
-775
-269
-741
231
1160
123
-734
-895
-555
154
-762
-932
-18
185
-399
-1511
-1845
-2
866
729
-500
212
370
-836
-1240
-1238
-893
-1081
-1849
-1977
112
357
-162
-1785
-450
-287
-776
-2034
-3027
-2241
-1186
-1241
-450
159
469
-2151
-2345
-1017
-214
-943
-2763
-4360
-3145
-842
-759
708
1121
-1779
-2464
-2776
-1262
-774
-1022
-1798
-4178
-3872
-3801
-2819
-2561
-1662
-2125
-2449
-1864
-1217
-773
-1079
-2714
-3868
-4634
-3860
-3754
-3650
-2818
-2883
-3396
-2730
-1696
-969
-268
113
-283
-224
-943
-799
63
95
520
489
397
-81
-301
-593
-588
-514
341
561
-386
-773
-469
-12
-104
-51
-331
-561
-534
-936
-1316
-1337
-1390
-1172
-1364
-776
-646
-646
-471
-637
-797
-553
-901
-1411
-1017
-1319
-471
-1765
-2087
-1116
-1171
-916
-682
-639
-471
-490
-475
-270
-336
-153
-714
-1643
-680
-386
-832
216
-304
-549
-1075
-763
-605
-1029
-1685
-748
-1268
-1455
-333
-1257
-91
38
-45
-455
-1313
-333
126
-365
-35
-214
-1062
-1322
-509
905
-29
-1100
-1190
-7
30
-104
-829
-2046
-221
40
121
-538
309
-472
-1176
-1727
-1711
-1708
-653
-2026
-2103
-1146
-1436
-1324
-1695
-991
-431
-1017
-2529
-3016
-2246
48
-406
-450
-586
-790
-2847
-2679
-1567
-423
-935
-2067
-4303
-3083
-270
559
783
-763
-1971
-2814
-2907
-1593
-823
-1057
-1846
-4361
-3784
-4058
-3329
-2611
-1810
-2261
-2517
-1902
-1344
-788
-1545
-3821
-4711
-5420
-5393
-5225
-4585
-3593
-3498
-4031
-3630
-2356
-1154
-267
-262
-516
-1198
-1696
-1691
-231
-362
-334
-731
-762
-358
-223
-583
-811
-681
-1136
-749
-398
-393
-378
-172
-388
-363
-440
-573
-455
-932
-1091
-819
-61
701
-741
-524
-173
-573
-613
-1078
-722
-577
-912
-1869
-1584
-912
-527
-1248
-2020
-1654
-1729
-1124
-642
-522
-612
-446
-1111
-756
-736
-1410
-2483
-49
-566
-1631
229
-526
-98
-343
-666
-732
233
-623
-493
-1817
-2116
-914
-395
-444
-499
-84
-548
-776
-433
-122
-547
-308
-1287
-1548
-881
-433
-820
-1106
-70
-1126
-1815
-1131
-1079
-329
-1306
-2340
-525
-819
-1568
-1139
-645
-265
-978
-1743
-1968
-2291
-825
-2363
-2308
-1076
-1628
-2447
-1891
-963
4
-703
-1821
-2307
-2165
-514
-541
294
-140
-258
-2762
-2541
-1254
-121
-1220
-2909
-3064
-2738
-941
-2392
-1620
-511
-1162
-2557
-2766
-1480
-529
-1468
-2660
-4379
-3366
-3815
-2678
-2139
-1514
-1762
-1991
-2003
-1317
-545
-1353
-3714
-4746
-5194
-4571
-4080
-3397
-3035
-3120
-3259
-3141
-1624
-923
-159
-123
-273
-438
-516
-181
58
598
396
118
605
111
-217
-550
-420
-1076
-713
-772
-1232
-378
4
87
-22
636
201
-504
-614
-849
-1565
-1775
-1965
-1110
-1301
-779
-300
-448
-663
-494
-704
-894
-1590
-2276
-1502
-989
-1931
-1048
-1113
-11
-1152
-509
-604
-733
-536
-859
-527
-491
1002
621
33
-165
-42
-1219
-1890
-766
-271
-840
-1301
-1260
-1096
107
-499
-1604
-1322
-818
-1233
-600
-341
-65
-738
-918
-310
446
-243
-459
-1415
-599
579
630
285
-743
-133
-925
-1669
-308
-949
-815
-1302
-2188
-216
272
-756
-875
-1362
-277
-982
-1415
-1413
-1183
-1044
-2570
-2768
-836
-1294
-1507
-1514
-1747
277
-581
-2307
-3095
-2252
-41
734
18
-1249
-925
-2379
-2017
-1459
13
-45
-2674
-3908
-3792
-760
-1557
-676
-427
-1830
-2034
-2686
-1257
-723
487
-1086
-4134
-3834
-4415
-2612
-1893
-1975
-2595
-2691
-2035
-692
-657
-965
-3120
-4266
-4214
-3900
-4822
-4385
-3373
-2531
-2922
-2596
-1236
-805
-237
-162
-289
-1382
-2121
-1960
-901
-564
-419
-893
-913
-384
-126
-509
-178
-753
-483
863
1782
50
130
252
-717
-795
-278
-355
-276
-346
-531
618
506
-312
-1371
-1015
-22
-601
-1796
-699
-446
-538
-684
-1427
-1038
-291
-1799
-1632
-757
-938
-1091
-1727
-430
-212
-433
-939
-1268
-753
260
64
2083
918
-889
-2170
-1925
-639
29
-403
-1270
-1530
-862
-1473
-36
1903
-278
-1171
-1724
-1411
-568
-114
-197
-661
-455
6
-404
-1556
-656
-445
124
730
-40
-243
43
-299
-800
26
381
449
-1041
-1688
-110
-859
182
549
-130
-129
-472
-941
-1163
-1158
-491
-1415
-1426
-427
-1526
-1717
-1211
-679
-34
-441
-1677
-2255
-1471
-621
-1172
-1019
-275
-635
-1652
-1490
-1072
-335
-419
-1914
-3404
-2083
-1162
-3236
-2006
-1030
-1600
-1679
-1901
-1278
-417
-691
-1786
-3238
-3229
-3125
-2481
-2106
-1447
-1611
-1869
-1567
-1033
-376
-734
-2569
-2953
-3145
-3920
-2844
-2178
-1886
-2194
-2751
-2127
-968
-631
-439
-371
-870
-2045
-3156
-2544
-1185
-631
-532
-815
-653
-192
-252
-687
-787
-1444
-2235
-1396
-1637
-1094
-387
11
-688
-772
-401
-599
-535
-1112
-1289
-1044
-1211
-897
-1611
-811
-12
-816
-1304
-1153
-821
-760
-1168
-1957
-1380
-1087
706
-1932
-2811
-1488
-869
-932
-742
-659
-632
-1164
-922
-785
-934
-1046
-1250
-1111
-943
-2399
-1791
-470
-232
-1284
-2044
-1888
-616
-1396
-2629
-1293
-1464
-1098
-1793
-1011
-139
-194
-563
-1025
-652
-167
-1408
-1076
-676
-749
-225
-183
-624
-203
-173
-1093
-2054
-953
-514
58
-951
-2008
-320
-880
-1167
-233
41
-235
-850
-1595
-1783
-1549
-957
-903
-2021
-1848
-1281
-1382
-1219
-1502
-118
-556
-2225
-2925
-2330
431
278
558
302
-114
-2530
-2420
-1767
-402
-416
-2897
-3808
-2845
589
1191
-317
-300
-1711
-2612
-2919
-1632
-1105
-308
-2330
-4442
-3640
-4547
-3395
-2948
-2168
-2164
-2577
-2331
-1306
-737
-1638
-3734
-4193
-4503
-4885
-4248
-3631
-3046
-3161
-3394
-3030
-1956
-994
-88
-199
-83
-386
369
1108
672
225
-78
-492
-569
-146
-266
-434
-420
-1247
-1069
-1011
-365
-175
-20
-112
-341
-224
-94
-524
-373
-814
-1610
-1442
-1369
-766
-1428
-930
-49
-316
-703
-425
-678
-604
-1072
-1592
-811
-1161
-2200
-1119
-1215
-1021
-1082
-645
-501
-478
-311
-694
-5
62
-285
-81
-997
157
-802
-467
-664
-502
-102
57
-637
-61
-465
289
-1176
-1482
-1176
1
136
190
-411
-203
-326
-34
531
-120
-361
-65
-614
-23
681
90
-310
-736
-49
-927
-1660
-692
-562
-456
-1434
-2553
-229
-559
-1135
-890
-776
202
-88
-1151
-962
-1302
-884
-1904
-2159
-951
-975
-1372
-1651
-848
192
703
-1558
-2577
-2214
-738
-947
-982
-975
-498
-1993
-2013
-993
248
1468
-2241
-4182
-3349
-1273
-2133
-1792
-962
-2178
-2268
-2722
-852
213
2231
146
-3522
-3594
-3828
-2888
-3069
-2329
-2486
-2674
-1575
-77
-131
1262
-672
-2940
-3523
-3604
-3962
-3790
-2962
-2649
-2502
-1066
-167
-262
-180
-3
3
-238
-407
-1668
-525
260
294
471
529
-49
-107
-484
-150
-508
-712
384
-11
-134
-27
284
381
-355
-226
-344
-454
-479
-623
583
2096
228
-844
-441
579
1455
-226
-326
-547
-436
-565
-618
101
5
-1287
-724
-490
-472
522
-1019
-448
-468
-30
-42
-405
-623
-1517
-1271
-948
-670
-22
-1376
-1099
-79
-59
-115
-58
-418
78
-1253
-758
-1786
-1967
-1971
-1844
-745
-11
-78
-866
-1083
-1430
-792
233
-1191
-800
-1232
-1171
-1184
-548
200
-206
-912
-1257
-882
-488
319
-140
-1371
-410
-1282
-1354
57
60
-582
-770
-1161
-1114
-1239
-391
1034
340
64
-1268
-1633
-1056
-661
-451
-650
-1777
-2164
-1349
-40
-155
76
-245
-266
-1597
-1749
-1057
-545
-863
-2040
-3296
-2043
-460
-760
-956
-470
-1533
-1886
-2013
-1118
-542
-1165
-1688
-3597
-3272
-3002
-2350
-2176
-1087
-1992
-2021
-1441
-1038
-441
-797
-2545
-3153
-2973
-3842
-3394
-2564
-1945
-1970
-2326
-2265
-1311
-642
-411
-255
-466
-1203
-1283
-1916
-1539
-95
39
271
692
293
-216
-639
-156
-840
-1006
-349
-1058
-530
-328
-17
-194
-319
-251
-502
-699
-688
-1196
-695
-124
-983
-1586
-1147
-599
-96
-657
-734
-667
-787
-1178
-1435
-687
-333
-1818
-656
-594
-886
336
-537
-474
-659
-479
-976
-735
-619
-1142
-387
1105
555
677
784
230
-85
-204
-868
-590
-675
-249
405
163
2466
2450
1205
253
-942
-345
-57
-880
-1097
-1790
-1178
1356
-838
-613
-42
-489
-626
-415
-567
-201
-1177
-1913
-1218
-519
322
-633
-1495
-115
-1184
-1840
-676
-372
-363
-1191
-1427
-1382
-1323
-709
-1728
-1864
-97
-1347
-1691
-1471
-1383
-192
-981
-2217
-2965
-2050
372
797
-826
-64
541
-1942
-2084
-1506
-563
-919
-3228
-4230
-2876
1333
3284
1091
1928
-150
-2376
-2741
-1391
-720
-1058
-2074
-4222
-3648
-4351
-2766
-2374
-1599
-2487
-2676
-2109
-1206
-913
-1445
-3138
-4059
-3926
-4121
-4402
-4042
-3194
-2750
-3070
-2592
-1241
-889
43
431
585
1877
1792
254
-89
-273
492
575
1040
841
-49
-378
209
380
1319
407
-841
-1036
-381
-207
-539
-308
-25
-418
-159
-46
-823
-728
-1452
-1175
-1070
-404
-502
-626
-599
124
-541
-452
-428
-887
-1000
-649
-375
-302
-828
-192
-923
-402
-143
-325
-574
-235
68
448
342
-1198
-328
-204
-447
506
1647
1145
233
277
1374
2811
997
-505
-1729
-800
771
1963
2150
1549
1387
367
-21
72
124
-329
24
-129
-1092
222
96
-774
-272
320
250
-787
-1181
-545
-679
-621
-692
-1192
-242
-279
-1062
-725
1018
489
-952
-1148
-1405
-1064
-738
-1746
-2305
-601
-916
-1384
-1535
220
584
-588
-1799
-2491
-1643
699
783
-506
342
696
-2064
-1734
-468
341
-750
-2351
-2932
-2200
1739
3170
2068
1430
-1264
-1871
-2111
-1257
-572
-1212
-2245
-3668
-3017
-3577
-2884
-1818
-1431
-1181
-1783
-1636
-1008
-664
-927
-3464
-3906
-4088
-4084
-3775
-3053
-2178
-2382
-2860
-2514
-1227
-939
-96
-402
-76
716
1485
785
808
-120
-523
-875
-670
-231
-273
-357
-582
-870
-1136
-1043
-1161
-678
-325
-186
-86
-255
-248
-468
-643
-803
-1296
-1311
-721
-1305
-1147
-273
-883
-755
-971
-333
-554
-553
-799
-1202
-910
-520
-829
-455
-1092
-1128
-285
-868
-617
-496
-295
-545
39
13
-558
-55
-1474
729
-130
-333
-700
-562
-249
-389
-45
332
94
600
1037
220
662
203
-17
-524
-596
-167
-721
-865
-327
-258
-44
-955
-1099
-1091
-1207
-527
135
-873
-294
-1094
-1544
-1148
-854
-262
-1498
-2118
-627
-1155
-1864
-1105
-517
-404
-891
-1217
-1090
-1187
-743
-1889
-2133
-802
-876
-1371
-1397
-1279
-484
-806
-1911
-2419
-1849
-548
-1030
-151
-902
-1175
-1903
-1847
-1116
-393
-937
-2128
-3178
-2359
-249
-1925
-864
-785
-1785
-1927
-2133
-828
-320
-1139
-1542
-3149
-2733
-2835
-2317
-2184
-1482
-1986
-1978
-1106
-576
-475
-1262
-1992
-2442
-3052
-2274
-3227
-2991
-2155
-2009
-1783
-1701
-1242
-576
-504
-529
-603
-1742
-1665
-1663
-697
-536
-362
-131
-752
-361
-277
-780
-391
-806
-1351
-969
-1201
-709
-449
-284
-112
-310
-306
-665
-822
-997
-1433
-1453
-1014
-840
-1041
-977
-802
-566
442
-923
-935
-673
-394
-1805
-1191
-567
279
-1121
-1052
-1433
-1174
764
-582
-754
-427
-300
-1415
-1111
-1497
-207
100
-353
-429
-967
615
1011
-129
-267
580
-245
-1675
-1639
1018
-635
-175
-167
-1337
1022
893
45
-1010
-385
671
-436
-1083
-2004
-888
28
-301
384
192
-131
8
-1629
-2025
-413
-464
-271
-1758
-2168
-634
-283
-1021
-1045
147
41
-1228
-2114
-2004
-1969
-650
-2525
-1504
-74
-1437
-2312
-2047
15
-610
-1000
-2482
-2940
-2306
-1144
-1266
-373
-78
-916
-2828
-2672
-1066
-323
-1363
-2998
-4619
-3248
-1243
-1784
-1243
-1112
-2424
-3123
-3409
-1842
-821
-1782
-2883
-6331
-5477
-5123
-3568
-3030
-2320
-2423
-3139
-2588
-1521
-950
-1528
-3945
-5570
-5969
-6412
-5698
-4371
-3586
-3987
-4453
-3618
-2156
-1330
-220
-594
-555
-323
156
625
-17
209
274
313
907
275
-173
-571
-1088
-1192
-1068
-1507
-87
103
-379
-192
365
807
155
-562
-705
-1545
-1686
-1675
-1251
-270
-1682
-431
326
255
1631
-190
-868
-804
-1237
-1392
-907
-1358
-1550
-777
-1176
-627
-1139
-773
-513
-504
-313
-194
-675
-325
-810
-499
116
756
-16
-836
-1637
-203
141
-195
138
384
-1021
-550
-1821
83
414
-564
-847
37
-22
59
-636
-794
-939
-756
-1201
175
587
949
-810
-1091
-287
160
-246
-1618
-1937
-401
-778
-1087
-1823
-2037
119
1004
1533
-116
-1219
-559
-1072
-1879
-1291
-1698
-938
-1235
-1394
524
249
-687
-1548
-1298
-626
-852
-3224
-3654
-2485
414
783
1242
-52
-481
-3127
-2697
-1572
-460
-627
-3298
-5258
-3994
-175
779
-266
-1853
-2864
-3176
-3521
-1371
-626
-130
-1386
-4634
-4234
-3515
-2061
-2420
-2012
-2597
-3085
-2299
-751
-446
-987
-3319
-4404
-4573
-4564
-4240
-3941
-3363
-3072
-3547
-2785
-1549
-926
-507
-507
-597
-1463
-1309
-1689
-682
-720
-820
-1147
-447
-620
-401
-718
-471
-1535
-2087
-1152
-831
-1216
-468
-338
-712
-166
-133
-574
-636
-1070
-1529
-1221
-707
-979
-980
-790
-165
-797
-712
-321
-679
-525
-967
-1339
-870
-1136
-2421
-1881
-1614
-903
-208
-460
-467
-637
-166
-729
-322
77
-1166
-479
-571
298
588
740
580
-540
-349
-63
-1646
-1279
-1040
-599
-909
-115
-497
-321
-311
-1277
-314
-179
-769
-571
-681
-66
-292
-1171
-1733
-234
887
814
17
-577
143
-1060
-1526
-565
-244
-259
-321
-2064
-376
-271
-1037
-140
-830
734
-1109
-1457
-1334
-1061
-903
-1811
-1408
-543
-955
-1417
-1168
-903
729
-744
-2373
-2986
-1848
-764
-1659
-1073
-798
-898
-2037
-1745
-1115
346
-359
-2306
-3356
-2449
-1484
-2310
-1259
-1446
-2315
-1986
-2231
-1074
52
-408
-1494
-3576
-3127
-3902
-2464
-2452
-1848
-2513
-2495
-1751
-526
-253
-941
-2591
-3247
-3299
-3459
-3776
-3939
-2886
-2375
-2924
-1734
-413
-532
-455
-308
-1229
-2413
-2545
-2304
-1138
-613
-445
-670
-371
2
-303
-742
-778
-1222
-1829
-1120
-1056
-1409
-610
-220
-412
-658
-380
-615
-627
-1220
-1364
-1459
-1286
-673
-1458
-600
-433
-916
-1108
-938
-798
-763
-1095
-1750
-1334
-1399
-247
-1413
-1528
-1270
-1287
-805
-671
-599
-692
-487
217
-1021
-592
-447
-2414
-1485
-470
-804
-218
-1
88
-853
-1201
-1005
339
-1377
-2775
-3638
-2190
-81
-552
-147
160
-171
-927
-1537
-525
967
-977
-1067
-1200
-1226
-1262
-121
-332
-554
-256
-1366
-2255
-1490
-1310
-639
-1737
-2812
-862
-1570
-1864
-1108
-290
-497
-1196
-1878
-1955
-2044
-997
-1290
-2069
-634
-1547
-2352
-1866
-871
-884
-970
-2767
-3298
-2149
-629
-453
-17
-372
-433
-2597
-2539
-1217
-655
-997
-3387
-3870
-3082
-774
-851
-474
-386
-1900
-2591
-2857
-1475
-651
-887
-2576
-5502
-4440
-4992
-3484
-2866
-2446
-2253
-2483
-2280
-1301
-836
-1819
-4305
-4869
-5407
-5382
-5116
-4529
-3631
-3503
-3987
-3295
-1896
-1067
-188
-293
-306
-153
227
885
1271
385
-387
-780
-249
-192
-194
-328
-49
-1012
-1866
-1521
-447
-299
-40
1
-105
27
-92
-408
-306
-509
-904
-917
-1361
-412
-1195
-783
25
-546
-58
-303
-599
-612
-660
-1080
-298
1352
227
-460
495
593
-54
950
-96
-235
-226
-400
-906
-692
7
6
-1758
-909
-187
-1593
-848
-642
329
-177
-736
-965
-1401
-1398
-1574
-2109
-1586
-772
-680
-703
-804
-145
-346
259
406
528
-1698
-1363
-767
394
1104
875
-198
-579
-33
-734
-1368
-174
-101
-586
-1359
-1790
-293
-421
-740
203
-917
-162
-85
-682
-769
-903
-3
-666
-1342
-472
-1651
-1312
-717
-278
596
417
-1531
-2379
-1575
1232
-591
-173
848
269
-1514
-1249
-846
-140
1019
-1673
-2861
-2471
923
-1746
-408
-78
-1334
-1767
-2237
-1232
-671
1345
-1163
-3729
-3671
-3756
-2519
-2161
-1684
-1655
-2297
-1976
-530
-551
-133
-1755
-3096
-3009
-3716
-2923
-2633
-2022
-1817
-2508
-1812
-276
-689
-305
-376
-719
-1872
-1326
-855
383
-547
-624
-296
-949
-402
-328
-561
-727
-906
-1641
-415
152
-268
-319
-173
-591
-996
-483
-741
-802
-1393
-1477
-1382
-1238
-320
-713
-1067
-730
-889
-1459
-941
-975
-1000
-1333
-2076
-1315
-597
12
-1589
-2242
-1528
-1493
-802
-964
-917
-619
-698
-1069
-642
572
-652
85
-2418
-1131
-1080
-1770
-591
-414
-695
-1033
-656
-303
-426
-1473
-87
-980
-339
-304
-1411
-813
-285
-439
-1021
-962
-406
-496
-929
-731
-173
-1514
-835
-756
-404
-332
-1247
-2407
-1482
-1193
-667
-1201
-2977
-731
-1854
-2032
-1191
-689
-792
-1207
-1977
-1797
-2199
-934
-3260
-3124
-304
-2082
-2837
-2556
-1305
-951
-1140
-2943
-3178
-2985
-1529
-1241
-1338
-851
-1023
-3414
-2879
-1768
-860
-798
-3356
-4953
-4455
-1916
-1617
-2007
-1247
-2755
-2716
-3288
-1906
-949
-519
-1835
-6090
-5109
-5515
-4281
-3670
-2586
-2738
-2856
-2758
-1694
-1041
-1784
-3813
-5557
-6019
-5422
-5734
-4910
-3959
-3917
-4332
-4012
-2510
-1356
-373
-40
44
-618
-368
-489
-538
-490
-112
135
116
-35
-171
-640
-6
-26
258
633
102
-732
-542
-161
-258
-496
-268
-551
-715
-132
-1246
-986
-994
-827
-1300
-725
-444
-804
-1100
-902
-742
-811
-948
-1702
-1373
-1143
-621
-730
-1304
-1369
-1540
-906
-654
-567
-680
-548
56
-79
-989
-916
-1668
-1496
-106
-1265
-771
-68
-161
-552
-618
-280
-597
-1307
-2447
-3734
-1539
-914
-1553
-727
-848
-113
-199
-422
-1099
-374
-147
-1206
-1788
-781
-1108
-1064
-972
-1014
-222
-1297
-2062
-1397
-1129
-572
-1792
-1753
-844
-1445
-1697
-1406
-878
-833
-1005
-1459
-1794
-1953
-1065
-2813
-2430
-465
-1285
-2082
-1590
-858
-666
-651
-1063
-2490
-1959
-685
952
1130
1816
2532
-2400
-2223
-1162
-513
-1315
-2154
-2887
-2903
458
3499
3113
3727
-327
-2381
-2520
-1383
-925
-2097
-2181
-4498
-3643
-4004
-2361
-1716
-1943
-2445
-2376
-1951
-1219
-855
-1994
-3171
-4271
-4525
-4730
-4789
-4533
-3377
-3187
-3975
-3385
-2165
-1058
-425
-360
-548
-791
14
1066
1187
16
-1
129
266
-55
-247
-600
-426
-876
-1109
-728
30
-518
-14
-237
-118
-231
-386
-542
-574
-923
-1128
-700
-970
-702
-1456
-936
-341
-630
-602
-578
-679
-727
-958
-956
-827
-1719
-2213
-1637
-1686
-218
1813
516
-215
-298
-536
357
2178
820
-399
-1050
-1065
543
1654
2911
2904
-137
83
-229
-347
-81
221
-274
-1699
-1934
-30
130
716
-20
93
9
-564
-73
882
837
-1109
-1058
-1101
-66
1839
1765
-317
18
504
-1105
-1205
576
528
-258
-1316
-2014
-242
-448
-301
-162
-204
1426
-995
-1403
-1514
-1179
-345
-1430
-1393
486
-952
-1545
-1405
-433
1467
-1030
-2563
-2978
-1792
-337
-362
-352
-402
-144
-2482
-1812
-959
780
-1227
-2699
-3546
-2307
-1523
-2130
-1715
-873
-2278
-2367
-2616
-1343
-361
-1238
-2710
-4438
-4038
-4454
-3390
-2369
-1583
-2113
-2595
-2343
-430
-442
-1348
-4103
-4600
-4359
-4170
-3891
-3395
-2830
-3018
-3437
-2680
-782
-915
-496
-492
-522
-1123
-710
-484
-342
-236
-317
-842
-1429
-733
-276
-729
-677
-1187
-975
-483
-588
-866
-368
-213
-187
-480
-439
-618
-790
-1026
-1439
-1479
-1201
-405
-776
-381
-912
-708
-480
-1083
-793
-516
-557
-1288
-958
-681
1067
-1045
-1524
-1577
-990
-481
-848
-711
-226
-493
-460
-51
144
-294
-578
-986
-787
-800
-665
142
-206
150
-299
-624
-36
441
-1709
-845
-1233
-1248
-35
-1271
-45
-211
-422
-282
-511
-169
-1118
-2136
-553
-737
-1750
-713
-827
-654
-245
-1280
-1996
-1259
-1056
-736
-1698
-2312
-421
-1437
-1753
-1369
-867
-632
-1196
-1911
-1902
-1904
-824
-1588
-1884
-136
-1678
-2154
-1898
-1085
-967
-1111
-2584
-3132
-2171
-987
-1212
-319
-486
-946
-2713
-2670
-1454
-761
-1427
-3188
-4658
-2880
-1659
-1856
-1590
-1493
-2696
-2843
-3017
-1532
-844
-1717
-2832
-5904
-4815
-4720
-3613
-2893
-2081
-2456
-2706
-2201
-1397
-838
-1748
-3395
-5151
-5647
-4786
-5125
-4584
-3704
-3840
-4192
-3737
-2262
-1236
-408
-400
-375
-571
-833
-1426
-1110
-87
-304
-816
-328
-339
-287
-582
-592
-732
-418
-125
-435
-991
-515
-55
-183
-239
-306
-487
-538
-998
-1050
-499
-505
-771
-1186
-547
-62
-219
-492
-914
-682
-678
-972
-1216
-587
-5
1998
137
593
-341
-1238
-549
-595
-566
-535
153
-1026
-769
-235
1981
4393
1119
-772
-1554
-365
-239
6
-363
-198
-907
153
-783
-956
-6
-1103
-904
-1028
-238
271
-17
-574
-785
-1103
-651
-831
-1319
-450
-1014
-1508
-1379
-349
-56
-185
-1249
-1890
-1172
-858
-663
-1152
-949
-184
-365
-1030
-466
100
-427
-1407
-1706
-1624
-1376
-451
-1226
-966
-150
-794
-1308
-1266
-307
-207
-1206
-2651
-2638
-1723
-499
-422
-424
-49
-368
-2477
-2219
-957
-407
-1054
-2511
-3287
-2354
-1071
-205
-706
-669
-1601
-2441
-2595
-1371
-791
-1062
-1847
-4054
-3329
-4044
-2793
-2445
-1782
-1885
-2356
-1920
-1065
-789
-1522
-3735
-4549
-4493
-4431
-4295
-3703
-2907
-3067
-3247
-2784
-1730
-964
-312
-401
-534
-720
-486
38
-510
-832
-743
-813
-495
-76
-162
-529
-545
-850
-2044
-1435
-476
-434
-41
-119
-437
-411
-236
-412
-437
-986
-963
-238
-143
-658
-1237
-838
-222
-616
-879
-393
-547
-512
-637
-1031
-478
77
-1478
-1359
-1113
-1068
-137
42
-563
-318
-388
-330
-934
-665
-843
-606
-1247
1174
134
-291
132
104
-73
422
1271
1347
-116
-954
726
-1243
-288
273
893
340
-193
46
-829
-241
747
-38
-553
-1008
-1276
-898
-294
-132
-327
-63
294
-1010
-1320
-599
-13
-104
-1357
-1872
-505
-692
-886
-550
-118
735
-1000
-1386
-1283
-1280
-273
-1895
-1690
-267
-411
-1477
-1259
-262
476
-828
-1959
-2306
-1738
-192
-285
-300
-801
-700
-2106
-1721
-880
469
-868
-2085
-3201
-2101
397
2263
1294
-438
-1213
-2085
-2265
-1105
112
-1178
-1828
-3039
-2733
-2640
-2016
-1879
-1596
-1454
-1950
-1649
-824
-153
-878
-2367
-3266
-3247
-3619
-3091
-2592
-2130
-2386
-2624
-1622
-689
-483
-302
-236
-578
-1112
-1917
-860
-374
606
608
29
-318
-214
-324
-541
-869
-1207
-1124
-1173
-2393
-14
124
20
-338
-164
-246
-747
-628
-1362
-1497
-1279
-1319
-270
-907
-1336
-425
-904
-698
-1017
-1033
-818
-1260
-1692
-1160
-1366
-1055
-2444
-2269
-909
-675
-591
-364
-563
-256
-642
-119
-796
-1814
-1805
-1999
-1321
431
-717
-742
-39
-185
-540
-1063
-1312
-1083
-242
1127
3620
-366
-323
-346
-1785
-805
-232
-676
-270
-1276
-1602
-30
3262
2801
1088
-1179
-1756
-601
817
-299
-1383
-2443
-1115
-584
129
687
-1723
-19
-1152
-1446
-501
-208
-857
-1230
-1886
-1678
-1923
-668
-2049
-2181
-874
-1735
-1797
-2122
-1380
-239
-992
-3331
-3376
-2771
-1657
-1176
-1133
-901
-798
-3528
-3223
-1828
-482
-1080
-3895
-5953
-3912
-1785
-1984
-1886
-1894
-2875
-3518
-3848
-1785
-1148
-762
-2172
-6029
-5066
-5833
-4540
-3806
-2682
-3046
-3318
-2851
-1243
-1085
-1407
-4136
-5662
-6235
-5895
-5509
-4811
-3948
-3930
-4324
-3757
-1910
-1270
-553
-539
-374
-1788
-914
-794
-716
-440
-57
-312
-1004
-191
-166
-779
-466
-844
-808
-551
-956
-716
-296
60
-244
-452
-382
-470
-716
-1049
-1346
-989
-470
-598
-1538
-1198
-533
-427
-327
-505
-675
-702
-739
-1635
-1406
-1200
-1389
-751
-1111
-1425
-266
101
-353
-602
-499
-1103
-31
-371
-1591
1288
3713
1296
231
-478
-529
754
-157
-642
-298
966
880
1177
4079
4806
1653
686
-194
880
812
-22
-645
-259
66
-778
-475
-827
-374
78
-1084
-769
-43
60
-88
-1080
-1499
-674
108
-19
-1558
-2276
-451
-946
-456
-524
-252
-131
-1295
-1737
-1684
-1473
-837
-2570
-2114
-769
-1230
-1207
-1540
-1324
-315
-1502
-2748
-3189
-2032
-822
-738
-522
-779
-892
-2264
-2287
-1434
-588
-1248
-2966
-4293
-2833
-896
-562
-757
-777
-1349
-2290
-2685
-1232
-1026
-1598
-2508
-4314
-3593
-3927
-2419
-2039
-1600
-2217
-2520
-1876
-1160
-937
-1138
-3375
-4445
-4555
-4740
-4511
-4290
-3382
-3422
-3684
-3135
-1981
-955
-339
-422
-1107
-2028
-1714
40
512
-18
-602
-667
-605
-328
-269
-496
-694
-1028
-1995
-895
31
174
103
-118
-703
-498
-201
-447
-577
-1025
-1047
-1123
-927
-705
-1255
-950
-754
-898
-1278
-545
-589
-673
-857
-1046
-870
-1433
-1066
-1609
-1842
-929
-817
-817
-601
-532
-361
-934
-1060
-820
-669
-731
-2249
-2507
-778
152
126
-417
-321
-965
-711
-232
1402
1919
-71
-2279
-527
1391
2027
1726
-43
-91
-645
-254
181
883
2141
1224
352
830
1105
936
174
-246
-336
-980
-1425
-497
-504
630
-456
-1295
45
-775
-1166
-481
-414
-763
-843
-1224
-952
-1273
-555
-1028
-1770
-1098
-1144
-1206
-1459
-882
-271
-1074
-2125
-2176
-1733
-152
43
-85
-1435
140
-2029
-1834
-1107
-383
-1071
-2169
-3215
-2388
-357
2199
434
-667
-1403
-1918
-2216
-986
-524
-1050
-1215
-2825
-2381
-2738
-1939
-1847
-1181
-1713
-1898
-1599
-542
-412
-973
-2166
-2604
-2677
-3112
-3057
-2340
-1997
-2047
-2187
-1675
-1302
-654
-226
-130
373
671
1327
2321
1664
-834
-440
-120
-394
-358
-226
-597
-355
-627
-209
1424
2691
-21
-473
-72
-403
-188
-185
-570
-521
-916
-1277
-486
-266
-263
-1309
-1110
-503
-248
-384
-438
-790
-570
-679
-1447
-1134
-226
998
-1176
-1650
-521
-393
-639
-554
-639
-411
-282
-157
314
57
1512
-307
-581
112
830
-1012
-683
-249
240
-246
-746
-1009
247
-563
-607
-674
-346
-253
-1288
-1001
-162
485
137
-253
-497
-875
-976
-1443
-40
-448
-633
-868
-1148
-272
-1237
-1950
-1013
-500
-398
-1495
-2010
-81
-624
-1010
-738
-740
-538
-1116
-1705
-1488
-1655
-774
-2372
-1912
18
-1084
-2110
-1914
-1049
-738
-952
-2154
-2807
-2444
-549
-513
-115
861
-201
-2776
-2613
-1314
-613
-818
-2915
-4184
-3398
-510
-390
-159
-463
-1859
-2791
-3056
-1414
-750
-1051
-1800
-4431
-3897
-3684
-2382
-2595
-1694
-2356
-2656
-2049
-845
-739
-682
-2733
-4238
-4569
-4424
-4502
-3867
-3053
-2859
-3078
-2646
-1618
-848
-301
-281
-613
-1394
-2232
-2169
-1408
-839
-631
-836
-918
-191
-259
-614
-603
-1121
-1581
-1127
-1067
-406
-366
-259
-679
-289
-222
-655
-647
-899
-1678
-1593
-1446
-960
-1532
-734
-556
-1140
-682
-848
-824
-750
-1240
-1569
-1247
-1150
-1782
-2060
-2522
-1373
-383
-503
-774
-586
-484
-733
1111
1866
966
731
-1117
-401
1056
1214
475
-139
-323
-502
-736
-65
-968
-1597
-1240
224
432
265
-914
-1123
-442
-272
-943
-1045
-571
-779
-853
-2282
-1669
-707
-789
-683
-582
-869
-365
-1478
-2177
-1130
-598
-406
-1758
-2357
-65
-688
-981
-991
-986
-804
-717
-1680
-1631
-1918
-671
-2086
-2349
-1093
-1652
-1774
-1708
-1047
-359
-314
-2143
-3209
-2585
-853
1908
691
-28
76
-3192
-2436
-1274
-411
-422
-2952
-4790
-3315
-1305
-1249
-1523
-265
-1915
-2969
-3182
-1268
-807
-880
-2037
-4650
-3786
-4253
-2884
-2436
-2090
-2474
-2751
-2320
-1331
-928
-1124
-3128
-4675
-4984
-4054
-4007
-3507
-3211
-3353
-3536
-2646
-1550
-751
-275
529
-90
-138
-1097
-1484
-482
-963
-115
230
-347
-76
-226
-499
91
-1003
-646
-290
-772
-757
-214
-169
121
-84
-29
-454
-420
-599
-1213
-806
-1270
-1184
-1225
-673
106
-41
721
-219
-613
-506
-487
-1101
-388
-50
-1196
-192
-408
-525
-696
-492
-382
-544
-416
-99
-755
-1055
-846
-1579
-2516
-1642
-328
-2131
-1677
48
-115
-544
-715
-889
-1346
-1131
-1557
-1167
-1018
-605
-1425
-1089
-65
-1
-76
14
1257
659
-294
-159
68
1268
2040
1884
783
562
216
-572
-1382
-248
82
-149
-329
-1316
452
-445
-1330
-266
156
353
-519
-1112
-1113
-896
-302
739
-301
593
-685
-1223
-869
-287
247
-126
-1993
-2740
-1759
1197
1172
1633
1348
130
-1900
-1408
-633
290
101
-2571
-3072
-2515
1133
2629
2004
-215
-2151
-1931
-2258
-875
-462
395
-1890
-3893
-3426
-3977
-2854
-1882
-2073
-2027
-2414
-1968
-985
-443
-651
-3002
-3591
-3247
-3968
-3950
-3241
-2361
-2180
-2564
-2422
-954
-720
-40
194
533
1043
-370
-1499
-836
-86
675
626
231
3
-49
-331
-76
281
1439
382
-1564
-405
-211
42
189
291
-10
-373
-368
-631
-760
-581
1
370
-221
89
104
284
506
-411
-501
-418
-709
-1062
-507
-352
-91
177
168
-818
-884
-489
-408
-464
-392
-445
-874
-694
-101
1703
936
-297
-669
-1106
-976
44
20
183
186
-291
-1014
-1377
-1309
-491
-1424
-431
-1604
-931
-259
22
-843
-1049
-540
53
-401
-305
-727
-1096
-564
-339
-400
-595
101
-1016
-1330
-584
-306
26
-1
-1729
-617
-286
-584
-475
805
472
-814
-1205
-1061
-1167
-453
-2107
-777
707
91
-832
-1194
8
315
-607
-1488
-1713
-1651
6
-706
570
1198
447
-2044
-1710
-142
430
-741
-2102
-3063
-2290
-517
-782
-403
-432
-1646
-1985
-1919
-483
-95
-785
-1117
-2923
-2175
-2947
-2047
-2145
-1515
-1631
-1680
-1070
-451
-268
-886
-2308
-2866
-3343
-3482
-3411
-2896
-1872
-2018
-2066
-1535
-799
-458
-474
-432
-285
-229
-95
-451
-621
-425
-510
-1030
-1145
-374
-301
-702
-602
-1041
-1363
-1166
-1259
-1084
-588
-338
-396
-568
-465
-597
-688
-887
-1547
-1073
-420
-541
-1661
-955
-86
-733
-762
-926
-772
-946
-1001
-1190
-484
-980
-2821
-2256
-2105
-1425
-704
-474
-664
-537
-728
-464
-1083
-1054
-91
-544
-2474
-1567
-1216
-2251
-1852
-367
-182
-441
143
300
668
1300
-672
-2272
-1540
119
-650
34
-246
-226
-903
-879
616
985
6
-1426
-1795
-608
-48
-29
327
-258
-224
-1326
-1999
-1303
-936
-849
-1329
-2505
-477
-1324
-1740
-595
-62
-263
-1328
-1645
-1700
-1612
-383
-1829
-1189
1204
-280
-1588
-1673
-969
-797
-1291
-2682
-3317
-2314
-60
-267
-247
-720
-1541
-2819
-2066
-1150
-322
-1247
-3310
-4381
-3521
-970
105
-934
-1199
-1920
-2275
-2666
-1335
-682
-1484
-2146
-4719
-4096
-4082
-2383
-2256
-1934
-2152
-2585
-2272
-1207
-776
-1278
-3405
-4405
-4648
-5306
-4498
-4057
-3333
-3211
-3808
-2941
-1633
-966
-539
-397
-700
-1260
-1084
-1362
-1069
-466
-676
-1158
-727
-445
-251
-650
-531
-882
-825
-657
-746
-1300
-706
-229
-464
-807
-420
-550
-714
-952
-1201
-981
-769
-646
-938
-447
-574
-617
-1342
-1040
-684
-787
-802
-1627
-961
-913
-49
-750
-1716
-1534
-1575
-164
-808
-586
-706
-921
-1382
-108
-663
957
1130
-723
-1558
-1835
-814
-59
-109
-681
-1445
-1613
-1057
-57
-676
177
-593
-716
-766
-774
-446
-87
-238
-632
-1201
-841
-1175
-2045
-1952
-1655
-2183
-1672
-1062
-1589
-296
-1116
-1867
-1448
-1063
-758
-1662
-2185
-652
-1262
-1898
-1127
-762
-474
-1005
-1533
-1681
-1442
-486
-1833
-1855
-120
-1418
-1825
-1605
-959
-589
-958
-1760
-2200
-2040
-1157
-1346
-338
-640
-540
-2461
-2115
-1349
-624
-1363
-2569
-3673
-2997
-1353
-2214
-1829
-1225
-2063
-2196
-2408
-1573
-574
-1940
-2416
-4648
-3917
-4319
-3273
-2740
-2001
-2257
-2281
-2018
-1166
-746
-1808
-3447
-3911
-4470
-4276
-4638
-4319
-3430
-2917
-2886
-2792
-1800
-1035
-278
-313
-107
-407
-1573
-1863
-416
214
-126
-664
425
-17
-146
-421
-411
-795
-1417
-1078
-1226
-379
-143
-46
-406
-52
-152
-419
-220
-688
-828
-436
-845
-992
-1051
-655
-452
-455
-1270
-824
-611
-492
-531
-878
-134
-41
-667
-1286
-965
-601
-611
-1225
-587
-327
-503
152
-26
-169
-1094
64
2839
-406
-613
-496
-218
513
110
-229
-192
-714
-743
-222
2727
5534
803
-755
-194
246
314
46
-394
610
373
-830
-761
-438
1033
-805
-1145
-933
-30
-354
-91
-944
-1284
-1121
-605
-625
-1050
-992
-450
-366
-1108
-575
-314
-280
-752
-1218
-1410
-1595
-385
-1846
-1203
-947
-1728
-1794
-1456
-518
184
-689
-1576
-1674
-1438
146
-333
-262
-1036
-1302
-2195
-2026
-1107
-149
-653
-1625
-2691
-2119
-196
-498
-824
-1156
-1978
-2180
-2252
-1399
-874
-1227
-2007
-3603
-3242
-3861
-2734
-2481
-1564
-1617
-2045
-1853
-1421
-750
-951
-2711
-4012
-4520
-4865
-4542
-3771
-2885
-2878
-3401
-3222
-1917
-1064
-271
-168
-67
-722
-2004
-1390
291
83
79
791
787
-33
-79
-497
-262
-840
-1831
-1540
-1713
-91
299
456
1199
1100
177
-473
-328
-1113
-954
-166
-46
-702
-1560
-1052
499
2338
1962
-216
-697
-387
-555
-1029
-858
-507
-1574
-1929
-1758
196
855
-521
-507
-375
-424
-501
284
564
-769
65
-658
-46
1314
2496
1996
-426
-104
-511
-824
-280
-813
254
1061
1081
1444
197
704
-707
-457
-88
-557
-92
-370
-838
-709
-337
-200
-408
-717
-662
-119
28
-45
-1205
-1690
-1346
-255
-305
-1667
-2526
-687
-449
-1130
-215
-484
-252
-1029
-1536
-1519
-1498
-633
-2339
-2578
-1157
-1918
-1915
-1717
-684
406
-1004
-2762
-3100
-2268
-818
-589
-726
-966
-624
-2614
-2476
-1099
271
-793
-3212
-4741
-3132
-1474
-1583
-1093
-1390
-2090
-2813
-3063
-1496
-761
-906
-2435
-4699
-4122
-4208
-2704
-2433
-1096
-2049
-2570
-2266
-1334
-830
-826
-3340
-4908
-5397
-5252
-4340
-3561
-2791
-3078
-3981
-3515
-1785
-1140
-443
-471
-702
-1124
-975
-792
-519
-551
-213
-657
-696
-6
-214
-608
-404
-967
-991
-1032
-1126
-407
140
-195
-261
-162
-131
-555
-718
-1004
-1276
-922
-583
-136
-982
-911
-357
-569
-917
-673
-718
-689
-750
-1491
-958
-300
-241
-1317
-1375
-964
-1091
-1311
-758
-654
-497
-793
-1006
372
551
1196
1536
222
-821
-819
-507
-209
-274
-521
-992
-707
-989
-18
2333
2551
-28
270
-289
-1163
-381
-115
-618
31
-1118
-1109
-682
14
422
-867
-2075
-1314
-723
-224
-155
-1266
-1600
-505
-460
-215
-1066
-2346
-521
-754
-168
-440
-417
-293
-1316
-1518
-1422
-1445
-759
-942
-1774
-1528
-958
-783
-1676
-873
-443
-1245
-2238
-2720
-2360
-668
-851
144
57
242
-2573
-2413
-1197
-146
-1473
-2819
-4189
-2980
-443
-1571
-211
-238
-1646
-2554
-2834
-1272
-757
-1779
-2318
-4702
-4195
-4215
-3216
-2921
-2177
-2345
-2535
-2141
-1456
-960
-1567
-3575
-4146
-4744
-4792
-4204
-3761
-2859
-3019
-3587
-2842
-1864
-986
