0
0
0
0
0
0
0
0
0
0
0
0
0
0
0
0
0
0
0
0
0
0
0
0
0
0
0
0
0
0
0
0
0
0
0
0
0
0
0
0
0
0
0
0
0
0
0
0
0
0
0
0
0
0
0
0
0
0
0
0
0
0
0
0
0
0
0
0
0
0
0
0
0
0
0
0
0
0
0
0
0
0
0
0
0
0
0
0
0
0
0
0
0
0
0
0
0
0
0
0
0
0
0
0
0
0
0
0
0
0
0
0
0
0
0
0
0
0
0
0
0
0
0
0
0
0
0
0
0
0
0
0
0
0
0
0
0
0
0
0
0
0
0
0
0
0
0
0
0
0
0
0
0
0
0
0
0
0
0
0
0
0
0
0
0
0
0
0
0
0
0
0
0
0
0
0
0
0
0
0
0
0
0
0
0
0
0
0
0
0
0
0
0
0
0
0
0
0
0
0
0
0
0
0
0
0
0
0
0
0
0
0
0
0
0
0
0
0
0
0
0
0
0
0
0
0
0
0
0
0
0
0
0
0
0
0
0
0
0
0
0
0
0
0
0
0
0
0
0
0
0
0
0
0
0
0
0
0
0
0
0
0
0
0
0
0
0
0
0
0
0
0
0
0
0
0
0
0
0
0
0
0
0
0
0
0
0
0
0
0
0
0
0
0
0
0
0
0
0
0
0
0
0
0
0
0
0
0
0
0
0
0
0
0
0
0
0
0
0
0
0
0
0
0
0
0
0
0
0
0
0
0
0
0
0
0
0
0
0
0
0
0
0
0
0
0
0
0
0
0
0
0
0
0
0
0
0
0
0
0
0
0
0
0
0
0
0
0
0
0
0
0
0
0
0
0
0
0
0
0
0
0
0
0
0
0
0
0
0
0
0
0
0
0
0
0
0
0
0
0
0
0
0
0
0
0
0
0
0
0
0
0
0
0
0
0
0
0
0
0
0
0
0
0
0
0
0
0
0
0
0
0
0
0
0
0
0
0
0
0
0
0
0
0
0
0
0
0
0
0
0
0
0
0
0
0
0
0
0
0
0
0
0
0
0
0
0
0
0
0
0
0
0
0
0
0
0
0
0
0
0
0
0
0
0
0
0
0
0
0
0
0
0
0
0
0
0
0
0
0
0
0
0
0
0
0
0
0
0
0
0
0
0
0
0
0
0
0
0
0
0
0
0
0
0
0
0
0
0
0
0
0
0
0
0
0
0
0
0
0
0
0
0
0
0
0
0
0
0
0
0
0
0
0
0
0
0
0
0
0
0
0
0
0
0
0
0
0
0
0
0
0
0
0
0
0
0
0
0
0
0
0
0
0
0
0
0
0
0
0
0
0
0
0
0
0
0
0
0
0
0
0
0
0
0
0
0
0
0
0
0
0
0
0
0
0
0
0
0
0
0
0
0
0
0
0
0
0
0
0
0
0
0
0
0
0
0
0
0
0
0
0
0
0
0
0
0
0
0
0
0
0
0
0
0
0
0
0
0
0
0
0
0
0
0
0
0
0
0
0
0
0
0
0
0
0
0
0
0
0
0
0
0
0
0
0
0
0
0
0
0
0
0
0
0
0
0
0
0
0
0
0
0
0
0
0
0
0
0
0
0
0
0
0
0
0
0
0
0
0
0
0
0
0
0
0
0
0
0
0
0
76
0
229
30
0
0
0
0
0
0
0
0
143
278
342
312
171
139
173
943
6661
3273
0
0
0
0
54
62
0
0
0
0
0
0
0
0
0
0
0
0
0
0
0
0
0
0
0
5694
14174
9338
0
0
0
0
0
0
0
0
0
0
0
0
0
0
0
0
0
0
0
0
0
0
0
0
0
2729
1850
0
0
0
0
0
0
0
0
0
0
0
0
0
0
0
0
0
0
0
0
0
0
0
0
0
9765
4903
0
0
0
0
0
0
0
0
0
0
0
0
0
0
247
0
0
0
0
0
0
0
0
0
0
1929
10017
2577
0
53
0
0
0
0
0
0
0
0
0
0
0
0
0
0
0
0
0
0
0
0
0
0
0
4866
2319
0
630
0
0
0
0
0
0
772
4304
6985
5962
292
0
0
0
0
0
0
0
0
0
0
0
0
2259
778
0
0
0
0
0
0
0
0
0
0
1122
12001
11653
6036
0
0
0
0
0
0
0
0
0
0
0
1000
0
0
0
0
0
0
0
0
0
5932
10739
6415
0
7084
10781
7684
3687
0
0
0
0
0
0
0
0
0
0
0
0
0
0
0
0
0
0
0
0
1970
110
0
0
3208
4056
5415
3867
381
0
0
117
0
0
0
0
0
0
0
0
0
0
0
0
0
0
0
0
0
0
0
0
0
0
4248
7249
7378
10176
15047
16760
15886
5378
0
0
0
0
0
0
0
0
0
0
0
0
0
0
3059
0
0
0
0
0
5249
6185
4922
3916
0
0
3880
0
0
0
0
0
0
0
0
0
0
0
0
0
0
0
0
0
0
0
0
0
0
0
0
2148
1794
0
0
0
0
0
0
0
0
0
0
0
0
0
0
0
0
0
0
0
0
0
0
0
0
0
0
1884
0
0
0
0
0
0
0
0
0
0
0
0
0
0
0
0
0
0
0
0
0
0
0
0
0
0
0
0
0
0
0
0
0
0
0
0
0
0
0
0
0
0
0
0
0
0
0
0
0
0
0
0
0
0
0
0
0
0
0
0
0
0
0
0
0
0
0
0
0
1027
722
1993
0
0
0
0
0
0
0
0
0
0
0
0
0
0
0
0
0
0
0
0
0
3144
4848
2549
0
0
6549
10503
11434
5397
0
0
0
0
0
0
0
0
0
0
0
0
0
0
0
0
1651
6791
10646
14464
11137
6707
8045
9602
11854
15299
13175
4715
0
0
0
0
0
0
0
0
0
0
0
0
0
0
0
0
0
0
545
0
0
0
0
0
410
0
0
0
0
0
0
0
0
0
0
0
0
0
0
0
0
0
0
0
0
0
0
0
1156
89
0
0
6035
4605
0
0
0
0
0
0
0
0
0
0
0
103
0
0
0
0
0
0
0
0
0
0
0
2769
1302
1633
6991
3671
762
1025
0
0
0
0
1239
0
0
0
864
0
0
0
0
0
0
1380
4613
2967
1623
0
0
0
291
1197
59
0
0
0
0
0
0
0
0
0
0
2240
1372
0
0
0
0
0
0
0
7298
15458
12485
3001
0
0
0
0
0
0
0
0
0
0
0
0
0
0
275
5485
4078
0
0
0
0
0
0
0
0
0
1168
390
0
0
0
0
0
2456
6734
6745
1459
0
0
0
0
0
253
7619
6375
3837
1331
1132
1111
0
0
0
0
0
0
0
0
0
6685
7517
451
0
0
0
0
0
0
0
0
0
0
9430
11856
10708
10305
9572
8145
5917
4696
5022
3763
7364
4676
7580
11686
12291
5564
0
0
0
1737
3131
4048
1911
0
0
0
217
0
0
0
0
0
0
0
0
0
0
0
0
0
0
0
0
0
1126
0
0
0
0
0
1
137
92
0
0
0
0
0
0
0
0
0
0
0
0
0
0
0
0
0
0
119
4598
0
0
0
0
0
0
0
0
0
0
0
0
0
0
0
0
0
0
0
0
0
0
0
0
0
0
186
0
0
0
0
0
0
0
0
0
0
0
0
0
0
0
0
0
0
0
0
0
0
0
0
0
0
521
0
0
0
0
152
0
0
0
0
0
0
0
0
0
0
0
0
0
0
0
0
0
0
0
0
0
0
3468
0
0
0
174
0
0
0
0
0
0
0
0
0
0
0
0
0
0
0
0
0
0
0
0
0
0
3087
0
0
0
0
0
0
0
0
0
5785
3354
2017
0
0
0
0
0
0
0
0
0
0
0
0
0
0
2148
0
0
0
0
0
0
0
0
563
6277
2648
2917
1874
0
0
0
0
0
0
0
0
0
0
0
0
0
1370
0
0
0
0
0
0
0
0
0
4756
1137
0
0
0
0
0
0
0
0
0
0
0
0
0
0
0
0
0
0
0
0
0
0
0
0
0
2483
2657
1650
0
0
0
0
420
0
0
0
0
0
0
0
0
0
0
0
0
0
0
0
0
0
0
0
0
0
0
0
0
0
0
0
0
161
0
0
793
2353
0
0
0
0
0
0
0
0
0
0
0
0
0
0
0
0
0
0
0
0
0
0
3116
5440
2576
1507
0
0
0
0
0
0
0
0
0
0
0
0
0
0
0
0
0
0
0
0
0
0
0
0
2859
724
0
0
0
0
0
0
0
0
0
0
0
0
0
0
0
0
0
0
0
0
0
0
0
0
0
0
0
0
0
0
0
0
0
0
0
0
0
0
0
0
0
0
0
0
0
0
0
0
0
0
0
0
0
0
110
0
0
0
0
0
0
0
0
0
0
0
0
0
0
0
0
0
1290
0
0
0
0
0
0
0
0
0
0
0
1326
0
0
0
0
0
0
0
0
0
0
0
0
0
0
1730
2116
0
0
0
0
0
0
0
0
0
0
0
0
0
0
0
0
0
0
0
0
0
0
0
0
0
680
4891
0
0
0
0
0
0
0
0
0
0
0
0
0
0
0
0
0
0
0
0
0
1228
1235
61
0
0
0
0
0
0
1910
0
0
0
0
0
0
0
0
0
0
0
0
0
0
0
0
0
5139
1117
0
0
1625
224
0
0
0
0
0
0
0
0
0
0
0
0
0
0
0
0
0
0
0
0
0
0
0
0
0
0
0
0
0
0
0
0
0
0
0
0
0
0
0
0
0
0
0
0
0
0
0
0
0
0
0
0
0
346
64
0
0
0
0
0
0
0
584
0
0
0
0
0
0
0
0
0
0
0
0
0
0
0
0
0
0
0
0
0
0
0
0
0
0
0
0
0
0
0
0
0
0
0
0
0
0
0
0
0
630
4391
4199
1856
0
0
0
0
0
0
0
0
0
0
0
0
0
0
0
0
0
3597
0
0
0
0
0
0
0
0
0
0
0
0
0
0
0
0
0
0
0
0
0
0
0
0
0
0
0
4151
0
0
0
0
0
0
0
0
0
0
945
0
0
0
0
0
0
0
0
0
0
0
0
0
0
0
477
4348
607
0
0
0
0
0
0
0
0
3473
0
0
0
0
0
0
0
0
0
0
0
0
0
422
97
512
1125
0
0
0
0
0
0
0
0
0
0
0
0
0
0
0
0
0
0
0
0
0
0
2120
255
0
39
0
0
0
0
0
0
0
0
0
0
0
0
0
0
0
0
0
0
0
0
0
0
0
2416
368
0
0
0
0
0
0
0
0
0
0
0
0
0
0
0
0
0
0
0
0
0
0
0
0
0
1089
497
1062
0
0
0
0
0
0
0
0
0
0
0
0
0
0
0
0
0
0
0
1555
122
0
0
0
1286
677
391
0
0
0
0
0
982
1223
1505
0
0
0
0
0
0
0
0
0
0
0
916
3831
0
0
0
1123
345
0
0
0
0
0
1845
2420
3219
5569
4081
1981
0
0
0
0
0
0
0
0
0
0
4058
0
0
0
1154
0
0
0
0
0
1059
4032
1852
345
0
0
0
472
88
0
0
0
0
0
0
0
0
2877
0
0
0
1664
0
0
0
0
444
4141
7806
5068
3165
0
0
0
0
0
0
0
0
0
0
0
0
0
2288
2456
0
0
1437
0
0
0
0
257
3120
2098
0
0
0
0
0
0
0
0
0
461
2449
4075
4966
4184
3088
5592
3361
0
0
1109
0
0
0
0
0
484
0
0
0
0
0
0
0
0
0
0
0
669
3529
3972
2101
968
6737
0
0
0
687
0
0
0
0
0
0
0
192
0
0
0
0
0
0
0
0
0
0
0
0
0
0
0
0
0
0
1571
0
0
0
0
0
0
0
0
0
0
0
0
0
0
0
0
0
0
0
0
0
0
0
0
0
0
2640
0
0
0
0
0
0
0
0
0
0
0
0
0
0
0
3042
0
0
0
0
0
0
0
0
0
0
2697
0
0
0
0
0
0
0
0
0
0
0
0
0
0
0
2086
2159
0
0
203
0
0
0
0
0
0
2663
0
0
0
0
0
0
0
0
0
1808
2327
0
0
0
0
449
580
0
0
0
0
0
0
0
0
0
2565
0
0
0
0
0
0
0
515
1455
5989
10188
6182
1079
0
1208
1183
0
0
0
0
0
0
0
0
0
0
2962
0
0
0
0
0
139
2624
3109
4103
9154
7438
99
0
0
345
3828
128
0
0
0
3073
0
0
0
0
0
2557
0
0
0
0
0
3420
4498
126
0
6806
2668
0
0
0
0
0
0
0
0
634
2300
0
0
0
0
0
2744
0
0
0
0
0
2308
0
0
0
0
0
0
0
0
0
0
0
0
0
2185
2364
0
0
0
0
0
2946
0
0
0
0
1317
1858
0
0
0
0
0
0
0
0
0
0
0
0
0
4765
2110
0
0
620
545
915
1257
0
0
0
0
0
955
0
0
0
0
185
0
0
0
0
0
0
0
2923
7094
2186
0
0
0
376
2595
700
0
0
0
0
0
0
65
0
65
2783
3083
0
0
0
0
0
0
0
3148
1811
0
0
0
0
0
0
0
0
0
0
0
0
0
0
0
228
450
751
140
258
0
0
0
0
526
0
0
0
0
0
0
0
0
479
0
0
0
0
0
0
426
1591
738
0
0
0
0
0
2469
1395
0
0
0
0
0
0
0
0
0
113
343
0
0
0
0
0
0
674
1612
1179
0
0
0
0
0
0
0
0
0
0
4380
3050
0
0
0
0
0
0
216
29
0
0
0
0
0
0
0
0
940
41
2347
8428
16
0
0
946
2099
0
0
0
0
0
0
0
1665
0
0
1632
0
0
0
0
0
0
0
0
0
0
0
0
0
0
0
0
0
0
0
0
0
0
0
0
1380
1181
1175
0
0
0
74
0
0
124
382
236
0
0
0
0
0
0
0
0
0
0
3848
3161
2774
0
2925
1219
0
562
0
0
0
0
0
0
0
0
0
0
0
0
0
0
0
0
0
0
0
0
5081
6866
2237
1716
1030
0
0
0
0
0
0
0
0
0
0
0
0
0
0
0
0
0
0
0
0
0
0
3650
8688
2928
1093
1485
2206
0
0
0
0
0
0
0
0
0
0
0
0
0
0
0
0
0
0
0
1510
225
2
5033
3244
1091
1967
2305
0
0
0
0
0
264
0
0
435
457
448
724
0
271
512
0
90
168
254
1500
2458
0
0
3368
1774
639
289
0
0
0
0
0
2122
2281
5962
6864
5212
2921
679
0
1123
206
0
0
0
0
105
2739
0
0
3352
2743
0
0
0
250
646
474
8440
11497
9726
11396
10643
6098
3193
2190
1464
1845
606
55
0
0
0
806
3248
45
0
2309
3979
0
0
0
0
949
977
11602
16071
16538
15450
9895
9512
11265
3767
822
442
278
988
731
1419
1176
620
2258
1766
1596
4348
4809
5445
0
0
0
2459
4236
10841
9343
9668
12923
10745
4703
7094
2130
2700
36
0
255
1262
2029
1188
563
1163
0
0
3020
4075
3529
0
0
818
2735
4940
5635
150
0
3745
5923
533
4141
6319
5088
1336
1784
1256
2511
6596
6515
6076
5242
0
0
1317
2813
1466
0
53
832
2475
3693
1904
469
0
7319
17442
4778
349
2933
2096
2753
1275
2755
5256
10669
8488
7441
11922
0
0
0
1394
0
0
0
29
1562
1276
166
325
2059
8610
8005
1919
0
0
282
3448
3606
5840
6873
3479
7945
5499
5973
1482
0
0
1148
1019
364
0
0
0
0
0
647
1905
2624
0
0
0
48
98
2216
0
0
2908
2946
5431
8975
4698
1717
0
352
1882
820
476
0
0
64
320
248
1073
1000
107
210
641
0
250
332
1639
0
0
599
15118
5313
0
5059
0
0
171
1997
1036
536
0
0
56
0
63
0
261
1791
2938
2325
1029
748
1537
2560
1873
0
2000
7571
3937
329
3178
0
71
516
1729
1282
653
0
0
0
332
284
556
2570
4323
12105
9428
5992
694
0
1008
751
257
0
0
2151
533
5750
1521
455
569
2128
116
308
0
0
582
804
1187
2238
3053
6508
20237
17837
16543
6984
0
1626
2320
199
0
86
1644
1796
0
730
1121
961
2758
0
437
864
0
0
1778
2979
2720
2152
13446
20498
17353
15516
7320
3564
6264
4574
0
0
0
3385
4081
0
858
1294
853
3332
0
334
1062
1017
665
5236
7953
5644
5776
12082
11934
7597
5497
4360
4943
10901
11647
1132
0
0
4626
5927
1442
767
206
422
5760
0
124
349
1052
2225
9249
572
0
1198
7837
8876
5738
3093
3883
1564
11974
10210
782
0
2389
11072
5882
1011
1308
1448
1375
7733
0
576
140
0
861
4079
130
0
0
2703
10791
9521
11851
9437
1436
5744
1246
0
0
8212
15121
7927
0
1170
2777
3921
7376
0
203
579
385
1041
1715
1345
2263
1875
3875
5736
7576
5536
5253
6534
6695
2234
3887
4500
8663
14288
15831
12220
9408
6775
7905
7471
1257
126
247
146
599
1057
1612
2255
4204
7996
10936
11818
10149
7270
3120
2392
6918
9695
7692
0
6027
12853
9663
6049
4916
6201
5980
2019
332
1562
720
49
61
553
2963
6843
5259
201
1177
4286
10780
9830
8150
4123
6516
3263
332
5121
6112
4509
4629
6410
7669
7038
3848
1652
1326
960
959
288
142
2062
1938
209
0
0
0
8857
4105
2650
0
3207
2808
4946
7972
8681
11064
7093
9716
8097
7445
7265
1954
81
0
0
721
0
1420
1608
2136
766
0
767
9847
6068
0
5023
7001
10249
12753
9573
430
2478
3728
4357
2158
5412
5773
1351
2543
729
0
0
0
0
0
0
1082
1238
4309
12333
18745
15159
13413
13773
3810
0
6889
6995
5008
1387
0
65
4703
1119
930
1041
187
0
0
0
0
0
98
363
294
0
0
0
0
0
0
0
0
0
0
4697
11776
15123
11480
13668
684
0
192
0
0
0
0
0
0
0
0
0
0
0
0
0
0
0
0
0
0
0
0
0
740
3360
8379
548
57
0
0
1382
1521
0
0
1108
1081
822
499
635
1174
1427
2214
1129
0
0
0
8
3435
0
0
2207
3564
8846
738
2212
0
0
1561
3893
4310
4504
4868
4609
4124
5217
6551
6978
6555
6471
5792
6612
5892
5183
4758
9514
2934
0
2717
7290
9584
784
1554
0
0
188
2248
2401
3031
2617
1967
418
376
1153
3090
3506
3371
3222
3663
3842
3357
2422
6141
5589
0
0
3442
9387
91
0
0
0
1904
1776
970
3550
4549
6715
6711
5058
602
0
83
2398
3127
2390
2279
2028
1601
3795
7150
0
0
358
9254
0
0
0
751
1985
0
0
1149
958
6357
9785
11061
10355
6795
2511
1055
633
1158
1048
991
1038
1741
5072
0
0
0
8749
738
0
0
1991
2445
695
3598
7277
7440
6574
3301
5802
9592
10927
9113
4388
1840
1356
382
0
0
0
4013
2017
0
0
9198
6464
0
973
3490
4037
3773
3935
4206
6357
8345
5501
0
0
2814
4727
5627
5540
5686
5148
5532
5143
4122
4944
1977
0
0
10097
2388
0
1419
2484
1180
2944
1570
0
0
0
3161
0
0
0
0
422
5684
8254
8541
12941
14235
13871
9927
0
0
0
10016
1647
1362
1910
1837
1691
2011
2573
5114
0
5492
16069
7282
0
0
0
0
0
0
0
1326
1213
2744
7366
318
0
1558
9101
791
3301
2033
2807
3625
3832
2874
4512
1542
2017
4251
671
0
1303
2814
157
0
0
0
0
0
252
1391
2661
3510
4644
7959
479
1331
1457
2188
3161
4959
4678
4814
2809
707
0
0
1280
2946
4176
4878
0
0
0
0
5089
6954
78
0
2560
2208
8397
0
751
1056
1528
1907
2588
3409
3755
3615
4444
6788
7296
4238
2544
3584
6475
5051
1
0
11605
5839
0
0
0
2342
2244
8792
277
860
992
1706
1793
1746
2119
2995
3679
2973
2578
1747
963
1786
2521
4076
5064
3206
0
4035
3239
0
1126
2342
2996
2193
8078
238
850
831
1099
1453
1386
884
1908
986
122
5844
6187
6758
6855
5972
6382
5642
5072
1735
680
5164
0
290
1536
1737
2264
8808
172
1780
622
721
959
771
2567
6986
7332
3847
10146
12389
13907
11927
9617
9190
5276
4433
4569
4215
7788
3276
0
554
0
425
9135
0
1974
1220
536
1
2072
5914
6705
6468
7417
8488
8971
6958
3991
3748
6814
6700
5004
4196
3265
7561
5145
2781
3846
1123
0
9654
0
1906
3063
2124
0
1372
2504
100
0
3139
6639
6033
2355
0
0
0
3213
2225
1597
3172
7005
3359
3301
3171
1815
0
10915
0
1368
2007
1498
870
2697
0
0
0
0
2940
3122
521
1864
0
2094
5679
2885
1276
5869
5685
458
3401
2566
2198
0
10414
0
2153
1324
1062
3622
5896
4330
931
0
1395
7307
8209
9898
9807
1818
3746
4952
5231
2796
6973
4648
3587
5937
6959
8946
6283
10153
0
1811
1431
995
1516
2898
4218
6715
7445
6984
4914
4681
3940
4652
4748
1554
0
480
3792
3042
2991
7833
5824
2212
2464
3631
8500
0
0
699
1746
1927
1280
518
980
1431
5357
9622
12707
13710
8712
3251
128
0
887
2709
0
0
5734
4818
2929
2675
3606
9319
0
0
1133
2397
2163
2578
1790
826
242
0
0
0
2884
7450
8788
7506
1414
561
1223
4869
11564
12190
10752
9636
9903
8401
10309
1104
0
0
400
2961
4795
5464
8946
9973
6874
1630
0
0
2435
3547
2461
0
3233
8952
9531
6825
2897
1039
0
1833
757
7571
4283
1035
0
0
0
1752
3716
6347
7445
8755
9331
8567
9366
7885
4373
4545
9964
11821
9095
6643
4271
0
0
3039
5972
6234
12281
3191
2172
1981
0
0
0
0
0
0
0
2514
4988
5984
3924
16042
18641
13100
6956
0
0
2746
6628
8408
5468
2589
1724
7018
0
0
0
0
2060
2671
2541
3660
3932
3536
3201
3176
3447
3378
3036
3137
3169
2652
1907
1282
1132
1354
0
0
0
0
0
0
0
0
1665
3451
5005
6410
6818
6282
7121
7260
7702
7591
6528
5062
4286
3951
3582
2994
2545
2876
3853
5701
2400
0
0
0
223
0
220
445
0
0
0
0
0
0
0
0
0
0
0
0
0
0
0
0
0
0
2955
4967
0
0
0
0
0
1041
0
0
0
0
0
0
0
0
0
0
0
0
0
0
0
0
0
0
0
0
0
0
0
0
0
233
380
0
0
0
0
0
0
0
0
0
0
0
0
0
0
0
0
0
0
0
0
2388
0
0
0
449
1042
335
0
0
0
0
0
0
0
0
0
0
0
0
0
0
0
0
0
0
0
0
0
0
0
0
2618
1982
0
0
0
0
0
0
0
0
0
0
0
0
0
0
0
0
0
0
0
0
0
0
0
0
0
4897
1795
0
0
0
0
0
528
2440
3317
0
0
0
0
0
0
0
0
0
0
0
0
0
0
0
0
0
4267
0
0
0
0
0
0
0
0
1800
3523
1105
0
0
0
0
0
0
0
0
0
0
0
0
5335
0
0
2849
0
0
0
0
0
0
0
5556
13582
10455
3623
0
0
0
0
0
0
0
0
0
0
0
4478
5847
0
0
0
0
0
0
0
0
0
0
1124
5360
0
0
1497
785
0
0
0
0
0
0
0
0
0
6684
1470
0
0
0
0
0
0
0
0
0
0
0
0
0
0
0
0
0
0
0
0
1391
5752
7453
4863
0
0
0
0
0
0
0
0
0
0
0
0
0
0
0
0
0
0
0
0
0
0
1703
9066
9157
1027
0
795
0
0
0
0
0
0
0
0
0
0
0
0
0
0
0
0
0
0
0
0
0
0
4761
1732
1400
3301
0
0
0
0
0
0
0
0
0
0
0
0
0
0
0
0
0
0
0
0
0
0
0
0
0
0
453
0
0
0
0
0
0
0
0
0
0
0
0
0
0
0
0
0
0
0
0
0
0
0
0
0
0
2394
0
0
0
0
0
0
0
0
0
0
0
0
0
0
0
0
0
0
0
0
0
0
0
0
0
0
0
0
0
0
0
0
0
0
0
0
0
0
0
0
0
0
2280
4937
535
0
0
0
0
0
0
0
0
0
0
0
0
0
0
0
0
0
0
0
0
0
0
0
0
0
0
104
0
450
2543
0
0
0
0
0
0
0
0
0
0
0
0
0
0
0
0
0
734
3688
3990
4293
6005
6905
7159
5417
6581
3978
0
0
0
0
0
0
0
0
0
0
0
0
0
0
0
0
0
0
0
1778
415
1227
1200
920
1518
2684
0
0
0
0
0
0
0
0
0
0
0
0
0
0
0
0
0
0
0
0
0
0
0
2530
4313
3163
271
0
0
0
0
0
545
0
0
0
0
0
0
0
0
0
0
0
0
0
0
0
0
0
0
0
659
2630
2982
0
0
1653
5419
1728
0
0
0
0
0
0
0
0
0
0
0
0
0
0
0
0
1441
0
0
0
0
985
5767
4175
0
0
0
0
0
0
0
0
0
0
0
0
0
0
0
0
0
0
0
0
34
3227
0
1389
7462
4623
0
0
0
0
0
0
0
0
0
0
0
0
0
0
0
0
0
0
0
0
0
0
0
0
6572
3616
0
0
0
0
6544
6752
0
0
0
0
0
582
0
0
0
0
0
0
0
0
0
0
0
0
0
0
0
0
0
0
7091
3650
0
0
0
0
0
0
0
0
0
0
0
1571
2298
2237
2809
2987
3099
2920
3206
3435
2810
2116
2110
2277
2058
1361
760
756
0
0
0
0
0
0
0
0
0
0
0
0
0
0
0
0
0
0
0
0
0
0
0
0
0
0
0
0
7864
11417
0
0
0
0
0
0
0
0
0
0
0
0
0
0
0
0
0
0
0
0
0
0
0
0
0
0
5610
0
0
0
0
585
0
0
0
0
0
0
0
0
0
0
0
0
0
0
0
0
0
0
0
0
0
952
0
0
0
0
2057
912
0
0
0
0
0
0
0
0
0
0
0
0
0
0
0
0
0
0
0
0
828
0
0
5
2229
2169
0
0
0
0
0
0
1496
3344
0
0
0
0
0
0
0
0
0
0
0
0
0
1765
0
0
0
4845
1244
0
0
0
0
0
0
117
2524
0
0
0
0
0
0
0
0
0
0
0
0
0
3035
0
0
0
4462
228
0
0
0
0
0
0
0
0
0
764
0
0
0
0
0
0
0
0
0
0
0
6961
6420
0
0
2972
0
0
0
0
0
0
0
0
246
2346
712
0
0
0
0
0
0
0
0
0
0
0
9983
6748
0
0
0
0
0
0
0
0
0
0
2259
1217
777
0
68
1148
0
0
0
0
0
0
0
0
0
9620
2333
0
0
0
0
0
0
0
0
0
0
0
0
0
0
0
0
0
0
0
0
0
0
1335
0
0
0
0
0
0
0
0
0
0
0
0
0
0
0
0
0
0
0
0
0
0
0
0
2920
2943
1715
0
0
0
0
0
0
0
0
0
0
0
0
0
0
0
0
0
0
0
0
0
0
0
388
409
0
0
2456
433
0
0
0
0
0
0
0
0
0
0
0
0
0
0
0
0
0
0
0
0
0
0
0
0
496
3872
0
0
0
0
0
0
0
0
0
0
0
0
0
0
0
0
0
0
0
0
0
0
0
0
0
0
3954
0
0
0
0
0
0
0
0
0
0
0
0
0
0
235
5867
6331
0
0
0
0
0
0
0
0
0
6662
0
0
0
0
0
0
0
0
0
0
0
0
0
0
0
1159
5529
315
0
0
0
0
0
0
0
0
0
0
0
0
0
0
0
0
0
0
0
0
0
0
0
0
0
0
0
0
0
2032
0
0
0
0
0
0
0
0
0
0
0
0
0
0
0
0
0
0
0
0
0
0
0
0
0
7684
8855
0
0
0
0
0
0
0
0
0
0
0
0
0
0
0
0
0
0
1320
285
0
0
1755
0
200
3529
1575
0
0
0
0
1948
0
0
0
0
0
0
0
0
0
0
0
0
0
0
0
0
0
0
0
0
0
0
0
0
0
2539
2006
0
0
0
0
0
0
0
0
0
0
0
0
0
0
0
0
0
0
0
0
348
1155
0
0
0
5931
0
0
0
0
0
0
1
0
0
0
0
0
0
0
0
0
0
0
0
0
0
1535
5253
1879
0
367
1278
0
0
0
0
0
0
0
0
233
0
0
0
0
0
0
0
0
0
0
0
0
0
3974
2289
0
0
0
0
0
0
0
0
0
0
0
0
1624
0
0
0
0
0
0
0
0
0
0
0
0
1846
0
0
0
0
0
5015
0
0
0
0
0
0
0
67
525
0
0
0
0
0
0
0
0
0
0
0
0
0
0
0
2362
5876
928
0
0
0
0
177
0
0
0
0
0
0
0
0
0
0
0
0
0
0
0
0
0
0
0
0
0
0
0
0
0
0
0
0
0
492
2073
2008
2032
2787
2808
2367
2530
2657
2930
2698
2163
2177
2064
1695
1351
1211
1429
1695
0
0
0
0
0
0
192
0
1861
3427
4390
4180
4035
3810
4005
4159
4641
4574
4051
3411
3328
3409
3157
2730
2663
3284
4747
4974
0
0
0
0
0
279
183
0
0
0
0
0
0
0
0
0
0
0
0
0
0
0
0
0
0
0
4842
0
0
0
0
0
0
498
0
0
0
0
0
0
0
0
0
0
0
0
0
0
0
0
0
0
0
9
0
0
0
0
0
0
0
0
0
0
0
0
0
0
0
0
0
0
0
0
0
0
0
0
0
0
0
3552
0
0
0
65
553
0
0
0
0
0
0
0
0
0
0
0
0
0
0
0
0
0
0
0
0
0
4427
0
0
0
1894
570
0
0
0
0
0
0
0
0
0
0
0
0
0
0
0
0
0
0
0
0
0
2262
0
0
0
3583
0
0
0
0
0
0
0
0
0
0
0
0
0
0
0
0
0
0
0
0
0
0
0
279
0
0
476
0
0
0
0
0
0
0
0
0
0
0
0
0
0
0
0
0
0
0
0
0
0
57
4850
0
0
0
0
0
0
0
0
0
2496
4751
5016
2407
902
0
0
0
0
0
0
0
0
0
0
0
7502
2540
0
0
0
0
0
0
0
0
0
0
2029
0
0
0
419
0
0
0
0
0
0
0
0
0
0
4490
0
0
0
0
0
0
0
0
0
0
0
0
0
0
0
0
0
0
0
0
0
0
2691
2780
0
0
0
0
0
0
0
0
0
0
0
0
0
0
0
0
0
0
0
0
0
0
844
3250
3772
3715
0
0
0
0
0
0
0
0
0
0
0
0
0
0
0
0
0
0
0
0
0
0
0
0
1648
1141
0
0
0
0
0
0
0
0
0
0
0
0
0
0
0
0
0
0
0
0
0
0
0
0
0
0
0
0
0
459
0
0
0
0
0
0
0
0
0
0
0
0
0
0
0
0
0
0
0
0
0
0
0
0
0
0
4360
0
0
0
0
0
0
0
0
0
0
0
0
0
0
0
0
0
0
0
0
0
0
0
0
0
0
0
0
0
0
0
0
0
0
0
0
0
0
0
0
0
0
0
0
0
0
0
0
0
0
0
0
0
0
0
0
0
0
0
0
0
0
0
0
0
0
0
0
0
0
0
0
0
0
0
0
0
0
0
0
0
0
0
0
0
0
0
0
0
0
0
0
2750
3230
1800
940
2026
2965
3705
2523
3303
0
0
0
0
0
0
0
0
0
0
0
0
0
0
0
0
0
0
0
880
526
0
0
0
0
0
703
0
0
0
0
0
0
0
0
0
0
0
0
0
0
0
0
0
0
0
0
0
0
0
1302
753
0
0
0
0
0
0
0
0
0
0
0
0
0
0
0
0
0
0
0
0
0
0
0
0
0
0
0
0
668
1115
0
0
777
4034
0
0
0
0
0
0
0
0
0
0
0
0
0
0
0
700
1189
0
0
0
0
0
0
2614
0
0
0
0
0
0
0
0
0
0
0
447
0
0
0
0
0
0
0
0
0
2719
2351
0
0
3030
761
0
0
0
0
0
0
0
0
0
0
0
0
1815
0
0
0
0
0
0
0
0
0
0
0
4038
265
0
0
0
0
1284
4105
0
0
0
0
0
0
0
0
1650
0
0
0
0
0
0
0
0
0
0
0
0
0
0
0
0
0
0
0
0
0
0
0
577
460
0
0
0
0
0
0
0
0
0
0
0
0
0
0
0
0
0
0
0
0
0
0
0
0
261
499
52
0
0
0
0
0
0
0
0
0
0
0
0
0
0
0
0
0
0
0
0
0
0
0
0
0
338
0
0
1201
991
0
0
872
1296
1052
1053
518
162
0
0
0
0
0
0
0
0
0
1203
3564
4166
0
0
376
493
467
2420
1144
0
0
0
0
0
0
0
0
0
0
0
0
0
0
0
0
0
2522
0
0
0
0
414
1075
2590
2059
0
0
0
0
0
0
0
0
0
0
0
0
0
0
0
0
0
0
580
4827
0
0
0
0
943
3003
2271
0
0
0
0
0
0
0
0
1091
0
0
0
0
0
0
0
0
0
0
5344
308
0
0
0
95
2957
1643
0
0
3343
2726
0
0
0
0
0
0
39
791
0
0
0
0
0
0
0
3045
0
0
0
0
0
2414
0
0
0
5947
7626
8140
6951
179
0
0
0
0
0
103
1080
621
1162
784
0
0
653
742
2267
0
1432
1371
254
0
0
0
4206
545
0
1399
5302
5839
3762
0
0
0
0
0
0
0
0
0
0
0
0
3335
0
4689
5383
0
0
1040
2281
5942
4357
0
2653
4381
4012
2082
4118
2995
0
0
0
0
0
0
0
0
0
354
3309
0
5462
3156
0
0
2670
4173
3841
975
1071
7194
9840
2586
3686
9976
10493
457
0
0
0
0
0
0
1261
0
2761
61
0
0
0
0
0
1676
2627
2223
942
5086
8147
4466
6379
4613
2767
2953
4288
0
0
191
2035
8345
7856
6168
6537
878
0
0
0
0
0
0
0
0
0
0
2986
6214
7404
6521
1426
0
0
942
1541
0
2086
2915
595
1873
8517
5465
0
0
0
115
0
0
0
0
0
0
0
281
0
0
0
0
0
0
0
0
0
2474
8910
2823
2937
10959
2318
0
0
0
0
0
0
0
0
0
0
0
0
0
0
0
0
0
0
550
1562
1982
6510
6466
5171
4700
644
0
0
0
0
461
600
0
0
0
0
0
0
2
0
667
0
0
0
0
0
0
962
3968
5871
2315
3131
4456
0
0
0
0
0
0
0
0
0
0
0
0
0
0
2487
0
0
0
0
0
0
0
0
0
0
5538
8912
2851
698
0
0
0
0
0
0
0
0
0
0
0
0
9102
10216
7627
0
0
0
0
0
0
0
0
5956
2541
141
2189
0
0
0
0
0
0
0
0
0
0
0
0
1202
0
0
0
0
694
2230
0
0
0
0
4490
0
0
0
0
0
0
0
0
94
855
4836
3104
4228
6382
7426
5107
3252
2509
2127
3938
11610
8752
725
0
0
4069
4729
0
0
0
0
0
0
0
0
0
0
2281
2369
1217
1730
4285
5810
2687
3143
2283
1220
264
0
0
0
0
8122
1720
0
0
0
0
1464
0
0
0
0
0
0
5
993
0
0
2316
4694
2647
272
1342
3484
0
0
0
0
8304
5313
3357
4335
1569
1979
2447
0
0
0
0
0
651
1062
0
0
0
0
0
1052
3282
1571
1272
2266
1127
3487
6786
9839
9977
9646
6893
4529
3852
2292
1266
0
0
0
0
0
46
3678
7811
7091
830
0
0
1172
2979
3028
2192
6740
7308
3669
0
0
0
0
0
0
659
2764
1895
0
0
0
0
0
0
0
820
3427
5001
7970
4865
0
1152
3066
1786
0
0
0
0
6085
5725
8047
8496
4489
3308
2423
2751
0
0
0
0
0
0
0
0
0
0
1703
0
0
0
0
0
0
3808
10075
11029
5918
4413
0
566
2363
0
1417
1903
0
0
0
0
0
0
0
0
0
4122
1978
0
0
0
0
1095
11614
3427
0
0
0
0
0
8
215
0
0
308
415
588
881
656
793
877
848
565
241
189
262
274
122
7
0
0
6
0
0
0
0
0
159
0
0
365
1115
1319
1336
1361
1425
1890
1859
1891
1672
1286
778
605
486
262
149
241
375
794
221
0
0
0
0
331
49
0
144
207
1811
1481
955
465
1123
1076
1465
1286
861
384
536
953
943
810
597
565
2161
3118
2065
0
0
0
144
393
160
0
0
0
0
0
0
0
0
0
0
0
0
0
0
0
0
0
0
0
2384
0
0
0
0
91
453
0
0
0
0
0
0
0
0
0
0
0
0
0
0
0
0
0
0
0
0
534
648
0
0
0
154
58
0
0
0
0
0
0
0
0
0
0
0
0
0
0
0
0
0
0
0
0
0
1137
0
0
0
388
0
0
0
0
0
0
0
0
0
0
0
0
0
0
0
0
0
0
0
0
0
0
467
0
0
0
1997
0
0
0
0
0
2126
3789
5621
5044
0
0
0
0
0
0
0
0
0
0
0
0
0
0
0
0
0
3749
0
0
0
0
0
1650
1190
102
1859
3044
0
0
0
0
0
0
0
0
0
0
0
0
0
0
0
0
2659
0
0
0
0
0
2132
2738
1977
4063
4826
1535
0
0
0
0
0
0
0
0
0
0
0
1330
0
0
0
0
0
0
0
0
0
0
149
3187
5354
4429
2465
930
469
0
0
0
0
0
0
0
0
0
4180
863
0
0
0
0
0
0
0
0
0
0
0
469
0
0
0
0
0
0
0
0
574
888
3330
2369
0
0
0
0
0
0
0
0
0
0
0
0
0
0
0
234
0
0
0
0
0
939
1381
3279
3552
1644
807
714
0
0
0
0
0
0
0
0
0
0
0
0
0
0
0
0
0
0
0
0
139
1249
2292
4899
3301
194
0
0
0
0
0
0
0
0
0
0
0
0
0
0
0
0
0
0
0
0
0
0
674
1361
1070
779
102
0
0
0
0
0
0
0
0
0
0
0
0
0
0
0
1064
319
0
0
0
0
0
0
284
0
0
1939
0
0
0
0
0
0
0
0
0
0
0
0
0
0
0
3151
2527
0
0
0
0
0
0
0
0
0
3103
209
0
0
0
0
0
0
0
0
0
0
0
0
0
37
6866
6579
1771
0
0
0
0
0
0
0
0
0
0
0
0
0
0
0
0
0
0
0
0
0
0
0
0
634
0
0
0
0
0
0
0
0
0
0
0
0
0
0
0
0
0
0
0
0
0
1201
2504
780
719
2430
4741
4786
3117
3155
2012
2180
612
0
0
0
0
0
0
0
0
0
0
0
0
0
0
0
34
730
2186
1877
1525
3148
2439
2667
3102
2047
0
0
0
0
0
1143
0
0
0
0
0
0
0
0
0
0
0
0
0
507
906
1329
3599
4827
3619
2156
1226
177
0
0
0
0
1617
585
0
0
0
0
0
0
0
0
0
0
0
0
0
0
0
0
866
3641
3944
2435
1042
0
0
2241
1517
898
1498
1487
0
0
0
0
0
0
0
0
0
0
0
0
1474
2547
244
0
0
0
2158
2537
2400
2289
1711
1081
0
0
0
0
0
0
0
0
0
0
0
0
0
0
0
642
1564
2686
2181
1104
251
1265
3305
1623
636
0
0
0
0
0
0
0
0
319
50
0
263
0
0
0
0
0
0
0
0
509
1190
3039
6510
4553
1660
0
0
302
3626
607
0
0
0
0
228
1605
0
450
1048
0
0
0
0
0
0
0
0
0
1562
717
0
0
111
434
943
3080
0
0
0
0
0
0
0
0
0
0
485
1012
1393
1661
1897
1887
1937
1700
1582
1363
1039
863
825
806
755
468
671
2029
0
0
0
0
0
0
0
0
1658
3576
3403
3611
5257
5671
5349
5217
5428
6130
6428
6218
5263
4137
3343
3188
3583
3537
2048
795
0
0
0
0
245
0
1333
5801
1807
3608
5919
5975
1222
1900
2834
4049
3660
2228
906
0
1842
3880
5577
5224
4313
595
4800
4020
0
0
0
0
0
3313
1921
0
0
0
0
0
0
0
0
0
0
0
0
0
0
0
0
0
0
0
0
0
0
0
0
0
4314
1704
0
0
0
0
0
0
0
0
0
0
0
0
0
0
0
0
0
0
0
1543
0
0
0
0
2007
5813
8
0
0
0
0
0
0
0
0
0
0
0
0
0
0
0
0
0
0
0
1174
0
0
0
447
5296
3021
0
0
0
0
0
0
0
0
0
0
0
0
0
0
0
0
0
0
0
0
0
0
0
0
2972
7918
1626
0
0
0
0
0
0
0
0
0
0
0
0
0
0
0
0
0
0
0
0
0
1628
0
0
2028
6702
0
0
0
0
0
0
0
0
0
0
0
0
0
0
0
0
0
0
0
0
0
0
8236
0
0
4580
5357
0
0
0
0
0
0
194
5921
4751
1782
0
0
0
0
0
0
0
0
0
0
0
0
15069
0
0
0
0
0
0
0
0
0
0
4711
6455
0
0
2815
4934
1011
0
0
0
0
0
0
0
0
7859
14509
0
0
0
0
0
0
0
0
0
0
0
0
0
0
2499
0
0
0
0
0
0
252
4416
1676
0
0
0
0
0
0
0
0
0
0
0
0
0
0
0
0
0
0
0
0
0
0
0
3736
6338
0
0
2206
0
0
0
0
0
0
0
0
0
0
0
0
0
0
0
0
0
0
0
0
0
0
5924
0
0
1338
3395
0
0
0
0
0
0
0
0
0
0
0
0
0
0
0
0
0
0
0
0
0
0
2064
0
0
2061
0
0
0
0
0
0
0
0
0
0
0
0
0
0
0
0
0
0
0
0
0
0
0
0
0
0
1998
1716
0
0
0
0
0
0
0
0
0
0
0
0
0
0
0
0
0
0
0
0
0
0
0
0
0
2507
5309
0
0
0
0
0
0
0
0
0
0
0
0
0
0
0
0
0
0
0
0
0
0
0
0
0
0
0
0
0
0
0
0
0
0
0
0
0
0
0
0
0
0
0
0
0
0
0
0
0
0
0
0
0
0
0
0
0
0
0
0
0
0
0
0
0
0
1919
2398
1857
2043
3040
618
3586
3323
0
0
0
0
0
0
0
0
0
0
0
0
0
0
0
0
0
0
2696
6361
2414
0
0
0
0
1839
0
0
0
0
0
0
0
0
0
0
0
0
0
0
0
0
0
0
0
0
0
0
0
690
226
0
0
0
0
0
0
0
1360
0
0
0
0
0
0
0
0
0
0
0
0
0
0
0
0
0
0
0
0
0
663
0
0
0
9102
9255
0
0
0
0
0
0
0
0
0
0
0
0
0
0
0
0
0
0
0
0
0
0
4009
9151
8726
1380
0
0
0
0
0
0
0
0
0
0
0
0
0
0
0
0
0
0
3466
5809
0
0
2744
14997
4414
0
0
0
0
0
0
0
0
0
0
0
0
0
0
0
0
0
0
0
0
0
0
0
12088
14426
0
0
0
0
0
11377
4081
0
0
0
0
0
0
0
0
0
0
0
0
0
0
0
0
0
0
0
0
0
0
0
0
0
0
0
0
0
0
0
0
0
0
0
1196
344
0
596
484
0
0
0
0
7
80
599
738
422
17
0
177
607
0
0
0
0
0
0
249
0
2007
4429
6427
6247
6162
6329
7600
7291
7748
7306
6428
5455
5216
4956
3940
2862
2491
3468
6970
7804
0
0
0
0
0
91
0
0
0
2169
3141
1691
0
1039
681
1573
1272
363
0
0
1193
1719
1993
744
279
2214
8574
2735
0
0
0
0
0
285
0
0
0
0
0
0
0
0
0
0
0
0
0
0
0
0
0
0
0
3896
0
0
0
0
0
0
0
0
0
0
0
0
0
0
0
0
0
0
0
0
0
0
0
0
0
0
0
7923
0
0
0
0
0
0
0
0
0
0
0
0
0
0
0
0
0
0
0
0
0
0
0
0
0
0
4894
0
0
0
1932
0
0
0
0
0
0
0
0
0
0
0
0
0
0
0
0
0
0
0
0
0
0
1582
0
0
0
3840
0
0
0
0
0
0
0
2230
4130
0
0
0
0
0
0
0
0
0
0
0
0
0
0
0
0
0
2361
0
0
0
0
0
454
0
0
0
621
0
0
0
0
0
0
0
0
0
0
0
0
0
0
0
0
1767
0
0
0
0
0
4068
9634
10676
7525
4899
2335
0
0
0
0
0
0
0
0
0
0
0
5551
0
0
0
0
0
0
0
0
0
0
0
6317
3887
0
838
1719
0
149
0
0
0
0
0
0
0
0
7760
73
0
0
0
0
0
0
0
0
0
0
0
0
0
0
0
0
0
16
1458
0
0
2821
2990
1674
0
0
0
0
0
0
0
0
0
0
0
0
0
0
0
1013
0
0
0
0
0
4833
7213
6038
5419
0
0
0
0
0
0
0
0
0
0
0
0
0
0
0
0
0
0
0
0
0
0
0
0
4103
4261
0
3528
1640
0
0
0
0
0
0
0
0
0
0
0
0
0
0
0
0
0
0
0
0
0
0
240
3076
0
969
485
0
0
0
0
0
0
0
0
0
0
0
0
0
0
0
0
0
0
0
0
0
0
0
0
0
0
5027
0
0
0
0
0
0
0
0
0
0
0
0
0
0
0
0
0
0
0
0
0
0
0
0
0
0
3826
0
0
0
0
0
0
0
0
0
0
0
0
0
0
0
4581
5380
0
0
0
0
0
0
0
0
0
0
0
0
0
0
0
0
0
0
0
0
0
0
0
0
0
0
0
0
0
0
0
0
0
0
0
0
0
0
0
0
0
0
0
0
0
0
0
1265
9391
7657
3061
2436
5295
6068
4153
4322
5431
0
0
0
0
0
0
0
0
0
0
0
0
0
0
0
0
0
0
0
3900
3686
1231
592
0
0
0
2533
0
0
0
0
0
0
0
0
0
0
0
0
0
0
0
0
0
0
0
0
0
0
1240
4817
4227
1383
0
0
0
0
0
0
0
0
0
0
0
0
0
0
0
0
0
0
0
0
0
0
0
0
0
0
1625
3053
1483
0
0
1674
4516
0
0
0
0
0
0
0
0
0
0
0
0
0
0
0
2144
7379
5387
0
0
0
0
0
1663
0
0
0
0
0
0
0
0
0
0
0
656
0
0
0
0
0
0
0
0
4923
9127
6415
0
707
4268
699
0
0
0
0
0
0
0
0
0
0
0
0
3547
0
0
0
0
0
0
0
0
0
0
0
3360
1243
0
0
0
0
2486
1686
0
0
0
0
0
0
0
0
3787
0
0
0
0
0
0
0
0
0
0
0
0
0
0
5897
7146
0
0
0
0
0
0
0
915
669
685
662
807
1030
1354
1338
937
1411
1662
1715
1177
675
643
648
496
242
206
388
487
0
0
0
0
1290
5887
790
17
400
0
0
0
0
0
0
0
0
0
0
0
0
0
0
0
0
0
0
0
0
0
0
0
4706
588
163
0
0
275
0
0
0
0
0
0
0
0
0
0
0
0
0
0
0
0
927
0
0
0
840
4349
717
1644
0
158
1243
277
0
84
474
814
252
0
0
363
530
1254
1422
1690
1178
1165
938
3781
2373
0
0
960
4215
877
1507
0
0
131
75
0
0
36
520
962
538
0
0
62
872
1271
941
1144
1081
848
2439
4052
0
0
0
4232
350
0
0
677
806
316
19
775
0
1716
2558
2588
1739
302
0
664
506
621
631
417
452
801
4398
218
0
0
4575
238
0
316
1371
1222
1004
4396
4769
3149
1691
0
0
449
1778
1506
1405
605
915
863
640
396
997
4011
1731
0
0
5264
1380
0
307
750
1481
2119
6723
7866
7775
5800
483
0
0
0
333
1053
1015
1714
1537
1754
1381
883
3439
3092
0
686
5839
5246
93
773
906
1998
3925
6361
2944
1051
3355
4761
0
0
0
0
0
0
821
1214
1521
1227
1388
3650
2862
0
1072
5494
2866
234
202
1250
2367
3604
3674
802
0
2160
4183
1530
902
1612
265
0
0
0
0
732
522
268
4797
1024
0
1084
4803
1692
954
846
1256
2810
3362
2911
2715
0
4679
11327
4830
894
1715
1798
0
0
0
0
0
0
0
3400
0
0
488
4297
0
583
594
907
2388
2425
1834
2423
2333
3517
3148
1959
0
759
1891
3645
648
732
1301
0
2760
2555
1664
1306
767
1016
4294
246
549
415
619
780
1391
1469
2200
2523
2336
1198
625
476
1494
1634
3723
1574
332
2153
2511
2076
3184
2684
892
625
1066
4686
300
722
284
467
591
881
984
1811
1948
1685
1902
2056
1211
1205
1573
3538
3247
499
1081
9388
4061
0
2076
459
462
1007
4677
391
726
244
353
507
546
633
865
1170
1802
2790
1844
642
1401
2204
3224
3484
2018
1356
3509
3509
988
1318
268
148
815
4489
466
953
127
237
291
503
362
768
1995
2959
6663
4566
2109
516
1156
2763
2466
2408
1434
1400
3831
2318
2591
886
324
162
4681
0
851
413
78
196
33
396
927
1921
4523
9576
6795
2711
0
0
1629
2209
1644
1666
1594
3734
2979
1408
1747
850
18
4839
0
727
1017
345
0
604
1157
0
0
4285
8959
7387
4539
0
0
0
0
0
391
970
4031
4331
1719
1837
1572
257
4969
0
517
983
1140
910
2690
2400
0
0
1187
3419
1079
0
0
0
0
1058
0
0
636
4371
4309
2389
1621
1273
301
5715
0
181
135
751
1919
5785
1410
0
302
3177
4479
3720
1975
2582
424
3001
4299
837
0
3098
6584
2991
1121
1458
1675
1241
6038
0
63
255
0
799
3949
2233
347
0
2257
6102
5021
6057
5497
1297
36
0
0
43
6233
7436
4190
776
881
1738
3112
6397
0
0
0
347
996
1546
2028
2680
1972
2720
3661
4523
3384
2450
2531
2633
0
0
3543
4992
6523
8389
6321
4354
2857
3919
6368
70
0
0
0
559
1238
1684
1948
2386
2608
3722
3553
4794
5219
2693
1158
2006
3918
4908
215
1859
6408
5434
3708
3289
4262
6250
1390
0
0
0
0
411
1081
2567
4079
2706
0
0
0
4188
7190
6538
2246
2687
2269
1128
3186
2290
1024
2117
3846
4872
5881
2165
1038
0
0
0
0
0
1596
2157
1880
418
0
0
3863
3995
3650
0
1578
1251
2830
4376
2346
1541
2033
4295
4058
6349
4467
2197
201
0
0
0
0
0
0
0
951
173
2018
5844
3019
60
2596
2464
2218
3108
3611
0
952
2504
2921
1766
5650
4219
2496
2675
890
0
0
0
0
0
0
0
99
1340
4968
6566
5412
3471
2179
0
0
5440
4725
3266
1300
306
129
3171
1207
0
953
0
0
645
729
555
1073
1076
785
728
990
1312
1204
927
861
972
856
564
138
0
12029
33962
30429
22490
15884
0
0
0
0
0
0
0
0
0
0
0
0
0
0
0
0
0
0
0
0
0
0
0
3516
19186
29499
17619
0
0
0
0
0
0
0
0
0
0
0
0
0
0
0
0
0
0
0
0
0
0
0
0
11176
24557
18007
318
0
0
2019
9837
15380
14648
15805
16529
15563
17740
21750
22686
21117
20000
16500
11898
11164
9727
10322
12233
10959
0
1064
22728
28441
18512
388
0
0
3569
14209
19684
20352
20267
19884
19852
15421
18465
20547
23828
23687
19643
18178
20108
18932
17539
18462
18780
4715
0
24429
30821
18676
15
0
0
5828
15741
19845
19968
18874
21656
16361
12962
11924
9317
13922
18969
20002
20523
19280
18634
18148
18408
22981
11187
0
12877
28672
18618
0
0
2006
11144
17165
15569
0
0
499
6335
17631
26970
21012
14552
12597
12993
17237
18373
17629
18028
19135
19093
10301
0
6388
26630
18404
0
0
4946
17093
14827
12460
0
0
0
0
1746
17039
19090
26151
20692
15243
15087
13283
11782
8824
9141
12180
11738
0
0
13561
17970
0
0
13397
19501
15822
11465
0
0
6883
3520
0
0
8613
27191
24760
26969
23528
20496
15715
13842
12926
13707
13241
0
0
11056
20215
0
0
19558
17531
11354
10040
0
0
0
0
0
0
5405
0
3386
23892
30074
29139
27079
25251
23533
22979
14277
0
0
10633
19674
2608
6901
16349
15425
8322
5652
5349
3379
0
0
0
0
0
0
0
7628
21441
22998
16297
4101
3577
8410
6689
0
0
22132
18146
18514
17500
16276
17783
11256
8082
7802
10559
2409
0
1436
0
0
7483
10140
3530
0
0
0
0
0
0
3050
4743
18559
28767
17348
17252
15782
17706
18711
20196
18911
17169
15436
8848
2525
0
0
10196
13975
17941
9230
0
0
0
0
371
2308
0
10822
27190
24238
17114
15538
14602
17511
18280
19541
20050
20520
15904
13846
14700
17456
17808
17035
17880
21048
17508
3618
0
0
0
0
0
0
14777
26698
25393
18034
15470
13640
17898
19395
19420
19787
20207
20921
20921
19605
16326
14889
16063
17114
16415
13675
8042
0
0
0
0
0
14078
22589
27156
25744
17275
14414
12800
17802
18558
19704
18636
19149
20366
13370
11898
5813
7921
15376
23518
20286
15381
13402
9526
1818
558
4875
0
0
21220
23336
27634
17747
16598
15317
15545
17832
19058
19402
20021
21193
18896
11755
0
1022
10016
28865
35409
23786
14090
16772
13540
14171
12300
0
0
17231
16892
24111
19024
16891
16031
13746
15833
20065
21691
23588
24298
28960
12911
0
0
0
24626
29930
22942
20096
23578
20631
18837
15239
4348
13209
18118
14832
22201
19125
18064
16511
17122
14481
13960
14239
4347
0
2217
4564
3298
4768
1886
3603
0
2286
7785
19258
20620
23386
15093
8778
20151
20774
20330
21264
19612
17767
16653
19040
14425
13051
0
0
0
0
0
0
0
0
0
0
0
2314
15695
22411
21717
1068
7499
23015
16500
17250
13366
14831
18411
16773
15151
17786
20238
7783
737
0
0
0
0
0
0
0
0
7236
24833
24830
25012
11543
0
9648
28749
26469
24198
18470
9141
14984
19155
16030
15840
16262
15965
11973
7313
8210
8644
0
0
0
0
271
0
13319
21767
16594
0
0
4483
3661
4827
14398
14430
7426
8992
14949
18565
18102
15429
11974
11549
13031
11508
10268
11059
10344
1984
0
0
0
0
4773
0
0
0
0
0
3994
8753
9662
8133
5294
8678
15974
18398
17756
15257
11782
4935
0
0
0
4158
11078
6882
0
0
0
0
0
0
16444
22291
25019
23729
20499
16249
10812
4517
0
5831
16829
22101
21808
19902
16825
12077
4485
0
0
0
0
0
0
0
2077
24936
29887
17041
0
0
7145
3241
2774
4078
5372
3095
0
2013
18234
25819
27608
27867
26398
21696
14494
11060
9837
1531
0
0
4414
24624
16690
1234
0
0
0
7303
9071
15971
11016
0
6064
3375
0
1272
11920
15546
14875
15885
19129
23456
24220
20369
0
10187
18030
15952
1791
0
0
0
9467
20128
22916
24623
25568
19647
14
124
55
0
0
0
0
0
0
0
0
0
0
0
0
0
0
0
0
0
0
0
1944
2029
1003
0
0
0
0
0
0
0
0
0
0
0
0
0
0
0
0
0
0
0
0
0
0
0
0
0
2044
4399
1954
0
0
0
0
0
0
0
0
0
0
0
0
0
0
0
0
0
0
0
0
0
0
0
0
0
2421
1587
0
50
0
0
0
0
0
0
0
0
0
0
0
0
0
0
0
0
0
0
0
0
0
0
741
2660
1032
0
60
18
0
0
0
0
0
0
0
0
37
471
674
488
0
0
0
0
0
0
0
0
0
0
1877
1277
0
0
0
0
0
0
0
0
504
692
524
523
318
268
657
468
184
0
0
0
0
0
0
0
0
912
1181
0
0
0
0
0
0
0
0
1297
1926
3382
4437
2444
389
0
0
250
211
0
0
0
0
0
0
0
1043
1066
0
0
0
0
0
0
0
0
326
253
785
2776
4101
4155
1764
0
0
0
0
0
0
103
95
0
0
957
1164
0
0
387
232
0
0
0
0
903
1433
1026
313
930
2630
2123
2007
772
0
0
0
0
0
0
0
0
4
961
0
0
150
308
0
0
0
0
0
0
0
0
0
894
959
1691
2029
1249
99
170
1278
1931
1926
0
0
0
669
0
0
0
0
0
0
0
0
0
0
0
1494
286
0
0
0
746
1467
1100
651
1316
1867
3014
1735
0
0
0
0
214
0
0
0
0
0
0
0
0
142
946
139
0
0
0
0
0
530
0
0
0
73
1594
702
0
0
0
358
0
0
0
0
0
0
0
0
0
0
0
0
0
0
0
0
0
0
0
974
1618
515
1142
236
0
0
180
0
0
0
0
0
0
0
0
0
0
0
0
0
0
0
0
0
0
845
0
0
542
252
33
0
0
291
0
0
0
0
0
0
0
0
0
0
512
623
0
0
0
0
0
0
503
0
0
1827
869
0
0
0
196
0
0
0
0
0
0
0
0
0
53
1203
1367
541
0
0
0
0
0
0
0
0
1687
1292
123
0
0
200
0
0
0
0
0
0
0
0
0
1355
3298
5274
3977
3
0
11
0
0
0
0
0
0
299
62
165
0
199
0
0
0
0
0
187
1333
1485
0
188
778
2886
4245
2682
2637
2382
429
0
0
0
0
0
0
0
0
0
283
0
0
0
0
0
705
1239
1827
1846
1181
1125
1170
1496
1052
2422
3839
1812
0
0
0
910
0
0
0
0
0
359
0
0
0
0
0
0
0
0
0
0
0
0
0
0
678
1683
1012
0
0
689
1435
39
0
0
0
0
369
0
0
0
0
0
0
0
0
0
516
855
1250
698
20
2277
2496
1016
0
0
1612
2279
1100
489
124
0
0
465
178
0
0
0
0
0
0
0
0
0
0
77
571
1065
1159
2072
1682
0
464
1938
2464
1746
1591
1239
653
0
388
525
109
0
0
0
0
0
210
1501
1763
1500
632
142
0
248
1487
1191
0
0
0
541
284
155
0
141
0
113
734
1215
467
0
0
0
0
0
0
0
1138
2219
1853
53
55
7
0
0
0
336
1580
2192
1428
864
705
0
0
0
1147
1899
921
13
0
0
0
0
0
0
0
911
0
0
0
168
763
459
165
1239
2218
1082
656
528
0
601
0
0
1020
1892
1663
790
589
596
79
0
0
0
0
0
0
1181
1581
1537
1230
0
0
0
16
0
0
0
578
344
0
0
701
1469
1209
958
923
1292
1565
1304
170
979
3872
3678
2469
1196
0
0
137
2127
2049
1251
910
687
0
809
318
849
575
0
0
0
0
0
0
0
0
0
0
0
0
0
0
0
0
0
168
5278
7658
5008
1371
7291
580
359
430
0
0
0
0
0
0
0
0
0
0
0
0
0
0
0
0
0
0
0
0
1407
6981
11188
14179
0
0
0
0
0
0
0
0
0
0
0
0
0
0
0
0
0
0
0
0
0
0
0
0
1757
8449
13356
116
545
0
0
132
1547
984
1645
2482
2508
2698
3310
3318
3094
3397
2688
748
159
0
0
220
1993
0
0
4543
9200
13015
634
439
0
0
2807
4947
5449
5434
5965
7697
8846
11146
11363
9809
7857
5835
5248
5757
5418
4862
4777
5474
6186
0
5139
10663
13232
54
0
0
0
3989
8692
10764
10424
9961
5950
3331
4207
6946
9286
9731
8451
7296
6752
6617
5994
6174
8644
8932
0
2556
9189
13578
0
0
0
2139
6514
9564
7940
8829
10346
9976
8678
7163
4151
3765
6378
7759
8104
8927
9472
9503
9508
9432
8144
3263
2935
7742
14150
0
0
0
4177
5663
6756
3769
1936
0
0
5442
10085
7540
7618
4881
4057
5174
5940
6989
7510
7940
7533
8105
6291
1027
3031
13386
0
0
1808
6182
7901
8781
7557
5735
5765
3073
658
401
6070
13204
9832
6558
3994
3387
1333
589
1311
3662
10277
7318
0
707
12979
0
0
5021
7961
8359
6992
707
0
0
0
0
0
5814
6001
6476
8681
8538
8400
9813
11467
10885
10279
12107
0
0
169
12706
0
703
5126
6535
5827
4473
2363
540
0
0
899
92
0
0
0
7955
14569
17602
17226
13082
9266
7839
7141
0
0
4135
12791
3484
4949
4761
5294
3012
1827
1462
2331
302
2470
4910
0
0
0
2094
7722
9968
8122
4512
0
0
0
2026
0
2352
8263
13765
3967
5826
5598
5634
5429
4718
4273
4905
3339
1281
0
0
1106
2707
4560
5642
3386
0
0
0
72
2273
0
2367
8144
8724
13642
3200
5466
5539
5861
6290
6424
6470
4744
3475
2739
3779
4577
4563
5231
7193
7938
3353
0
0
0
0
0
0
3015
8321
9332
13895
3369
5152
5695
6423
6848
7288
7050
7339
8068
8294
9557
9099
6453
6113
7655
7138
3829
0
0
1190
1674
0
3216
5942
8639
9325
13748
2780
4787
6164
6570
6993
6609
6349
7487
6860
6973
5491
5549
3711
4296
4811
6228
4920
1706
0
0
2964
0
0
6889
9082
9607
13329
3064
5489
6222
6459
5753
4753
4723
4991
5315
8180
7941
6629
6139
8405
8084
7947
5054
4327
2775
2851
4158
0
0
5690
8487
8405
13809
3169
5265
5144
6479
6378
7994
12577
14799
13932
8358
0
0
1461
13294
17931
13727
7769
7221
5541
5187
6218
1549
2340
5368
6250
7355
13786
3483
5179
5889
6241
8918
16483
17395
12082
8002
7667
6674
5965
4780
8878
6292
2575
4947
7573
6009
9339
10146
4305
6717
9115
9486
9013
14635
3447
6032
6788
4980
6353
7788
638
0
0
0
0
0
0
0
0
0
318
4984
7476
13148
8104
3266
6276
5536
6899
8309
14994
3536
5808
5826
6319
6678
3467
0
0
0
0
422
1258
1422
80
0
2517
7316
7211
10966
12929
4653
5344
12082
11288
8590
8372
11815
3389
6384
5602
6117
7134
6405
2725
0
0
0
0
0
0
0
1236
2236
6929
12779
17518
9709
2032
7665
10179
9158
10552
10094
11181
2820
5411
5580
6569
6338
5446
5965
8448
10858
10556
7314
3718
0
0
0
0
3564
8987
2240
0
0
594
296
1681
3562
5051
9478
2703
6664
6416
4872
4540
3994
2957
1806
1687
63
1277
5309
6620
5603
2838
1768
0
0
0
0
4266
9813
9677
9593
10582
10095
11081
1254
4148
6537
5961
5192
4282
2758
1360
283
0
0
0
0
3031
2254
0
0
0
5623
13734
18750
9105
4029
6354
5659
4095
8469
2887
3424
1507
4790
7342
8133
8191
8757
7841
4530
0
0
0
0
0
0
0
10946
17202
11910
0
0
0
986
1618
3073
8405
511
3892
3214
946
4420
9857
13490
14201
13750
14089
15666
16222
15776
5756
9081
12601
16968
14091
6396
0
0
4662
11524
14574
16218
17421
16437
0
246
273
0
0
116
231
54
188
208
189
145
140
252
274
117
32
41
0
0
185
2191
10507
10788
4870
0
0
0
0
0
0
0
0
0
0
0
0
0
0
0
0
0
0
0
0
0
0
0
0
79
8879
11592
4584
0
0
0
0
0
0
0
0
0
0
0
0
0
0
0
0
0
0
0
0
0
0
0
0
0
2834
2170
0
0
0
0
0
0
0
0
0
0
0
0
0
0
0
0
0
0
0
0
0
0
0
0
3470
6390
2812
0
50
0
0
0
0
0
0
70
141
188
968
3292
4374
3437
753
0
0
0
0
0
0
0
0
0
6255
4086
0
0
0
0
0
0
1257
3224
5283
6467
3442
865
0
0
1988
2621
1798
490
0
0
0
0
130
0
0
2693
3179
0
0
0
0
0
0
0
0
3787
7690
13317
14447
9275
2123
0
0
332
739
173
660
1175
1352
376
0
0
3079
2670
0
0
0
0
0
0
0
0
0
0
0
8920
13671
11172
6276
460
0
0
0
0
0
77
327
0
0
2020
0
0
0
0
0
0
466
0
0
4655
7689
3694
0
1285
6232
8410
7164
4119
0
0
0
0
0
0
0
0
0
0
0
0
0
878
0
0
0
0
0
0
0
0
0
2124
1323
4316
7074
5980
3814
5687
9748
11016
9323
167
0
0
0
0
0
0
0
0
0
0
0
0
0
0
0
0
0
0
0
3955
9235
8874
7951
8991
10044
11743
3968
0
0
0
0
517
0
0
0
0
0
0
0
0
0
0
0
0
0
0
0
2541
3466
497
0
0
0
1274
0
0
0
0
888
0
0
0
0
0
0
0
0
0
0
0
0
0
0
0
0
0
0
0
2340
2936
0
0
916
0
0
12
0
0
0
0
0
0
0
0
0
0
0
0
0
0
0
0
0
0
0
0
0
0
0
640
0
0
352
0
0
0
0
0
0
0
65
360
680
1776
942
0
0
0
0
0
0
0
0
0
2381
2133
955
0
0
0
0
219
0
0
0
0
0
0
0
247
2976
2455
1189
0
0
0
0
0
0
0
0
1371
2520
1414
981
0
472
0
0
312
0
0
0
701
35
0
5477
10261
13829
11721
3704
0
0
0
0
0
0
0
0
0
361
947
0
497
0
0
116
1106
1784
5700
10409
10658
1946
0
0
4959
13620
14777
12015
5648
1440
0
0
0
0
0
0
0
0
0
1006
0
0
0
602
4090
7224
7958
8995
7149
4466
4631
4749
7243
7491
7015
6607
3242
0
24
0
0
0
0
0
1289
0
1324
0
362
0
0
0
0
0
0
0
0
0
0
0
0
0
0
12
633
339
155
0
157
0
0
0
0
1824
360
0
334
0
0
0
0
0
0
0
1908
2506
1088
0
5713
7720
3877
1434
67
225
2436
5640
4609
2439
0
0
1639
1789
102
0
0
0
0
0
0
0
0
0
0
1689
1900
1749
6047
6108
3860
2685
399
2938
3122
2516
2920
979
0
1152
2824
1224
670
0
0
0
846
3546
8358
7444
4801
593
0
0
0
2400
2495
0
0
0
0
0
0
0
0
0
278
4658
5490
2435
298
0
0
0
0
0
1163
8561
9384
3622
0
0
0
0
0
0
55
6202
6723
4256
3245
2089
0
0
167
6211
7125
4029
1657
0
0
0
0
0
0
0
98
0
0
0
0
2276
4307
4962
5153
3597
315
0
0
0
194
0
0
5990
8545
7456
5291
4269
3785
1575
0
0
0
0
0
0
54
6168
10296
6945
0
0
0
0
0
0
0
519
855
0
0
5759
9730
9658
8759
8211
9021
10154
9947
6513
3683
11317
11138
10202
6508
2020
0
0
3140
7878
8217
8205
7982
2327
200
103
0
0
0
0
0
0
0
0
0
0
0
0
0
0
0
0
0
0
0
0
5479
11429
10202
3720
0
0
0
0
0
0
0
0
0
0
0
0
0
0
0
0
0
0
0
0
0
0
0
0
1014
14346
8607
0
0
0
0
1682
3162
0
0
1881
3371
1741
2515
1819
2160
2777
2734
1316
0
0
0
953
408
0
0
670
13941
9296
0
0
0
444
5772
6152
4210
3727
3896
3448
3207
4370
4945
4132
3539
2530
1488
2165
3254
3037
3828
3462
0
0
3818
15287
6414
0
0
0
2220
5889
5424
2344
264
4
77
0
0
1145
2255
3548
1567
211
1152
1816
1293
1399
1545
0
0
0
13318
7307
0
0
432
3431
6150
4477
0
0
0
5
0
1310
597
0
1914
2509
2411
2271
720
508
853
1091
0
0
0
9206
8122
0
0
2177
6720
5666
1795
0
0
0
0
1947
10029
7979
3042
1257
227
1799
2946
555
0
74
158
0
0
0
5992
7693
0
0
3899
7918
3654
0
0
0
0
0
0
2759
8730
12086
7762
2046
698
332
0
0
0
0
297
0
0
2446
8318
0
0
6859
8723
1316
0
0
0
0
0
0
0
1939
8842
6323
7443
5481
902
0
0
0
0
0
0
0
0
11119
0
0
7313
7345
0
0
0
0
0
0
0
0
0
2281
0
3958
8146
5812
1731
0
1017
3074
3723
0
0
3175
12497
0
6407
5618
3524
0
0
0
1109
0
0
302
6129
0
0
1372
1020
0
0
0
0
0
0
3061
2721
0
7722
10989
0
7258
2011
1785
793
0
0
974
434
0
266
1063
2119
4955
5735
1342
0
0
0
0
0
0
0
8045
13442
11137
4040
0
6665
1886
2436
2043
1788
1455
1087
0
0
0
0
4008
5931
3571
842
0
0
0
0
0
2044
4074
5191
12193
6910
0
0
6045
2006
2612
1830
1558
1503
957
0
0
895
2306
3248
2817
2255
1113
0
0
0
0
2817
0
603
10072
8588
5321
0
0
6157
1816
2958
1917
1307
1036
1270
682
39
0
0
1385
4031
2646
0
0
0
0
0
2465
0
278
12467
7983
3780
0
0
6150
1515
2511
1748
1347
557
277
0
0
0
0
2
5202
5431
0
0
674
23
0
945
0
0
8815
10342
3392
1984
0
6628
910
1244
2297
1488
0
0
212
0
0
0
2054
12081
13754
2870
0
929
2248
1134
823
0
0
6175
7587
2161
3339
0
6461
529
253
1568
851
0
0
315
1474
0
0
0
7120
9842
1831
3397
7824
4405
1489
0
0
3717
6542
2989
750
2430
0
6640
1090
1205
349
0
0
0
0
0
0
0
0
0
0
0
2208
12482
9388
2711
0
0
5901
4077
1013
510
0
0
6465
766
1315
1090
0
0
0
0
0
0
0
0
0
0
0
5534
10786
8055
1470
0
0
7576
3832
0
0
0
0
6273
1123
952
2065
0
0
0
0
0
317
226
1415
2841
1130
0
8762
11172
5354
0
0
214
7678
5162
2770
2520
0
0
5747
2986
1193
735
0
573
78
1481
2118
0
0
0
0
0
1687
2029
6240
2822
0
0
2907
5024
1199
2789
3357
1061
0
3523
2560
2131
982
336
0
0
0
0
0
2795
4280
2127
0
0
0
1127
0
0
0
3434
3668
1684
2152
625
457
0
1334
169
3623
3136
1514
113
0
0
0
0
0
0
4100
3869
0
0
0
708
3128
5560
4756
5246
8140
5519
3035
1902
0
762
0
257
6197
4923
2544
960
802
207
0
0
0
0
756
0
0
709
6649
5761
0
0
0
5590
3803
1241
1758
0
3609
0
0
123
5249
5533
3321
3246
3636
2908
1656
1578
0
0
0
0
7627
4012
0
0
0
0
6747
5519
3367
2819
0
1207
1813
0
0
0
265
0
0
0
610
2351
1688
0
0
10281
10159
1259
0
0
0
3403
10781
7593
3197
1127
0
0
0
308
0
122
0
430
614
521
224
642
918
947
647
367
361
346
361
210
190
317
0
0
0
0
0
0
0
194
39
50
0
0
0
0
0
0
0
0
0
0
0
0
0
0
0
0
0
0
0
0
0
0
0
0
122
220
0
0
0
0
0
0
0
0
0
0
0
0
0
0
0
0
0
0
0
0
0
0
0
0
0
0
615
0
0
0
0
0
0
0
0
0
0
0
0
0
0
0
0
0
0
0
0
0
0
0
0
0
0
946
0
0
0
0
0
0
0
0
0
0
0
0
0
0
0
0
0
0
0
0
0
0
0
0
0
17
189
0
0
0
0
0
0
0
0
0
0
0
0
0
0
0
0
0
0
0
0
0
0
0
0
0
0
0
0
0
0
0
0
0
0
0
0
0
0
0
0
0
0
0
0
0
0
0
0
230
0
0
0
143
0
0
0
0
0
0
1179
2308
1013
0
0
0
0
0
0
0
0
0
0
0
0
0
349
0
0
0
2800
133
0
0
0
0
0
0
0
219
3659
0
0
0
0
0
0
0
0
0
0
0
0
1589
0
0
0
1423
115
0
0
0
0
136
0
0
988
4961
2932
0
0
0
0
0
0
0
0
0
0
0
1861
0
0
0
0
0
0
0
0
0
0
0
0
2629
7387
5519
1006
9
0
0
0
0
0
0
0
0
0
337
0
0
0
0
0
0
0
0
0
0
0
0
0
1594
3749
0
0
0
0
0
0
487
0
2039
3696
1048
0
0
0
0
0
0
0
0
0
0
0
0
0
0
0
0
0
0
0
0
0
324
1734
1399
1802
958
2206
0
0
0
0
0
0
0
0
0
0
0
0
0
0
0
0
0
0
0
0
0
0
0
5580
4342
716
707
0
0
0
0
0
0
0
0
0
0
0
0
0
0
0
0
0
0
0
0
0
0
0
2056
4219
429
0
0
0
0
0
0
0
0
0
0
0
0
0
0
0
0
0
0
0
0
0
0
0
0
0
0
0
578
0
0
0
0
0
0
0
0
0
0
0
0
0
0
0
701
0
0
0
0
0
0
0
0
0
377
0
0
0
0
0
0
0
0
0
0
0
0
0
0
0
2375
3447
2035
0
0
0
0
0
0
0
0
0
0
0
0
0
0
0
0
0
0
0
0
0
0
0
0
0
0
0
0
0
0
0
0
0
0
0
0
0
0
0
0
0
0
0
0
0
0
0
2462
1629
1039
1003
2113
2950
2446
3071
0
1938
2740
0
0
0
342
0
0
0
0
0
0
0
0
0
0
0
0
0
0
0
0
2777
2580
2458
3270
478
0
0
0
0
0
2148
0
0
0
0
0
0
0
0
0
0
0
0
0
0
0
0
0
1358
2215
2382
1487
0
0
0
0
677
3018
593
0
0
0
0
453
0
0
0
0
0
0
0
0
0
0
0
0
1229
3772
2827
1390
0
0
3397
0
0
308
820
0
0
0
800
0
0
0
0
0
0
0
0
0
0
0
0
0
0
3649
4503
1664
774
0
0
0
0
0
0
0
0
0
0
0
0
0
0
0
0
0
0
0
0
0
0
1317
2525
3252
0
0
0
0
0
0
0
0
0
0
1797
0
0
0
0
0
0
0
0
0
0
0
0
0
0
0
0
0
0
0
0
5287
302
0
0
0
0
0
1830
0
0
0
0
0
0
0
0
0
0
0
0
0
0
0
0
0
0
4118
10266
1847
0
0
0
0
0
1334
496
393
0
0
0
0
0
0
0
0
0
0
0
0
0
0
0
0
0
0
0
4850
15079
15844
12777
6382
446
0
0
0
0
0
0
0
0
0
0
0
0
0
0
0
0
0
0
0
0
0
0
0
10253
18096
3203
235
0
0
0
448
0
0
0
0
0
0
0
0
0
0
0
0
0
0
0
0
0
0
0
8836
16692
4108
923
516
0
3826
7447
6377
5432
6436
6754
6778
7249
8271
8647
8541
8050
7015
6345
6450
5433
6151
6494
4397
0
0
10052
14881
3517
637
469
35
5975
11590
11907
11524
12065
12525
12683
12511
12450
11725
12347
11795
11060
11024
10354
9921
9920
10360
8083
0
0
5451
12917
3059
0
0
897
8031
11851
10461
10041
12914
14684
17104
19840
17061
12113
10632
11832
12134
11819
11163
10601
10704
10761
8839
551
0
4288
14196
3400
0
0
5024
10517
10128
7417
5780
7324
6233
8022
12729
15660
15840
15190
11943
10359
11002
10825
10052
10155
10131
8561
2743
0
4887
15458
4744
0
0
7404
11951
10197
7098
5016
7485
4328
1729
445
7410
11954
13432
11303
11980
11821
11123
10218
9783
9501
9676
5330
0
3091
14621
6837
0
693
12106
10766
9270
5269
498
0
0
387
1656
0
2956
8802
11526
14398
14800
14012
13755
14401
14717
14555
4931
0
0
14055
7539
0
229
12328
8419
6900
4853
0
0
0
0
0
0
3905
1414
5729
13019
14995
12572
11540
10635
11572
11432
1903
0
0
13129
6153
5018
6744
10316
9095
7311
6388
4964
1179
0
0
8831
434
0
159
1986
4958
7923
5933
535
0
0
0
2909
0
0
15229
3284
10619
9176
10346
10334
9062
8232
7997
6168
1899
2042
4
0
6
6152
7278
4070
0
0
0
0
0
0
1835
5220
12162
14540
2932
11138
9810
11187
11199
11070
10411
10134
9301
6719
4059
608
1839
8808
11059
10941
3139
0
0
0
0
569
3552
1541
10374
16143
13991
3668
10932
10281
11396
11496
11590
11517
11179
10518
10600
10435
10284
10448
10791
12148
11628
6967
0
0
0
6312
0
0
4970
13086
15914
14164
3370
11050
9922
11616
11421
11516
11503
11816
11213
10770
11480
11471
12863
14820
14908
12031
8861
5446
0
0
483
0
0
13489
17522
15448
14202
3096
10680
9916
11218
11211
11436
11621
12769
12370
11271
12008
15200
20976
24381
22235
14223
10157
8622
6291
1944
2192
3630
0
6387
16088
14409
14728
3452
10656
9623
10075
11274
12597
14124
15220
15371
14450
8434
5898
10621
15642
19968
15966
11965
12214
11879
8966
9209
4227
0
95
12925
12113
14533
4103
10589
9625
10245
10866
13359
14604
11897
9174
9141
3243
1825
2377
3565
11354
7415
9929
16588
14478
11139
10817
6737
7425
11470
12309
12380
15218
4398
10852
9935
10051
9490
9963
5111
0
0
0
234
1105
0
0
0
0
0
9846
14109
13259
10221
8246
14706
15265
11979
12474
14090
5286
10337
8902
8934
9370
7133
0
0
0
0
0
0
0
0
0
0
1934
9120
13003
13985
7956
8396
15861
17290
13549
13905
12470
5195
9700
9067
8957
10116
7781
3439
391
0
0
18
3123
2407
4564
2440
0
2856
9527
11850
10077
5085
12275
19420
18059
15615
14707
12256
3787
8605
9156
8807
9508
8159
7375
6046
5625
6400
6293
1697
0
0
0
2179
2999
5789
10793
4561
1120
10338
15883
11371
10869
11299
10907
4426
6859
8662
10876
9502
8349
7896
7725
6666
5736
5115
7055
6095
3222
1043
0
0
4948
8146
0
0
1015
10083
8876
11262
12593
13064
5404
6083
5872
9904
11581
10886
10061
9205
7048
2501
0
0
0
0
4831
2699
1876
0
1176
2008
4994
10895
10671
12864
13202
11946
11404
4386
6335
495
2507
8325
12914
12876
12587
10827
7016
2123
0
0
0
3012
0
0
0
9391
15576
12317
3486
0
3073
8196
8199
9682
5364
8594
3682
0
0
7131
11512
11091
10006
9069
8848
7759
6043
4672
4148
0
0
11916
13751
2611
0
0
0
3323
10862
11853
12578
4076
4198
5863
2266
0
0
0
518
119
1367
4404
7417
6980
3464
1016
8658
9638
4941
0
0
0
0
10734
11646
9352
8711
7508
3589
1708
0
867
0
0
0
0
0
0
0
0
0
0
0
0
0
0
0
0
0
0
0
3058
20674
21898
26661
28983
436
0
103
0
0
0
0
0
0
0
0
0
0
0
0
0
0
0
0
0
0
0
0
0
0
19234
31275
0
0
0
0
2035
0
0
0
992
0
0
0
0
0
1607
3043
434
0
0
0
0
0
0
0
738
17355
30323
141
400
0
1257
11108
18974
18809
19528
19860
19769
20984
24063
25268
24138
23465
21262
16580
15303
13955
13962
15764
17365
6572
1420
10073
22625
31405
592
0
0
1970
13140
20395
21419
20581
19388
19665
16419
19192
20214
22314
24137
22616
21169
22484
21953
20415
21024
23477
18403
0
14120
25024
31913
0
0
0
5175
15616
21497
20836
15241
14011
8079
5909
9228
12445
15415
19525
20503
21334
22418
22125
21279
21295
25017
22230
0
8889
23468
32335
0
0
35
11296
19954
21423
7865
1288
446
0
266
11753
13592
12630
15272
16374
19353
21743
21180
20623
21401
22053
19110
2364
3646
20566
31502
0
0
2481
17209
18567
19685
6886
1889
0
0
0
4859
4482
16967
19197
17829
18853
18541
16775
13287
12764
13916
17521
6794
0
7174
29139
0
0
10279
21031
18541
18948
4740
850
3753
866
0
0
3990
21700
17717
19719
22188
21346
16985
13727
10972
10347
16225
3491
0
3132
30375
0
0
16592
22594
18987
19343
5919
0
0
0
0
0
5058
1103
4381
16476
21800
24284
21458
14998
10034
9154
14501
0
0
4170
30955
4526
9599
17684
20319
16072
13007
11073
10090
0
0
0
0
0
0
2423
11841
18785
21240
19981
8496
2751
0
3778
0
0
19787
32099
15165
18910
18816
21292
17807
14480
12480
16398
13704
10511
5539
0
0
10563
16875
17083
3891
0
0
0
0
0
1246
4202
18966
29309
32152
13888
18086
19708
21087
22489
21967
20499
20089
17450
14034
5508
3255
11281
15635
20495
20604
7701
0
0
0
0
0
0
7699
25592
28673
31683
12903
17166
19359
21106
22589
23341
23695
20607
18439
17863
19057
18359
17750
19774
23133
24252
11736
68
0
0
0
0
0
13988
26929
29097
32604
12344
16053
19499
21958
22800
23398
23395
23491
23219
20955
17828
14420
14648
17904
20377
19827
14914
6894
0
679
761
0
5151
17235
27927
28782
32018
11802
15844
19637
20992
22734
22376
22028
22965
18057
15351
3924
0
3598
15054
20358
19743
17071
15554
11120
8337
11058
0
0
15829
25076
28018
32089
13078
18142
18430
19946
21531
21795
20736
19218
17295
17189
0
0
0
10025
26066
22710
14261
17480
17412
17698
18989
0
0
17581
21562
24527
32757
13375
18853
17340
18158
20348
20946
20345
17521
19546
16975
1479
0
0
12009
18172
9404
8023
19170
22196
21168
21525
11105
16130
21407
21243
23602
32246
13871
18788
19165
17896
18372
20658
9402
2086
24
2724
3726
3664
0
1710
0
0
0
12805
21046
24951
18738
9776
21633
24754
24551
22774
31383
13329
18850
21299
17987
21327
11534
0
0
0
0
0
0
0
0
0
0
0
12374
21158
25818
6155
6116
21770
20921
21208
17344
24903
13884
18188
17839
19570
24388
17357
8332
0
0
0
0
0
0
0
0
1750
14754
18337
23995
18017
0
4099
21489
22084
21257
20442
20264
11416
18544
18118
18530
19816
19648
16853
12011
11229
12772
5845
0
0
0
0
0
7377
15932
18657
0
0
2083
5671
7804
16277
17684
17770
7618
13106
17032
18662
18309
16593
16406
17625
15320
7575
6355
6800
1502
0
0
0
0
2840
0
0
0
3136
3397
7997
13111
13083
17559
6492
8144
9754
13526
16989
17370
16244
13186
6170
0
0
1704
3422
3705
1874
0
0
0
0
2704
15457
15427
15978
17537
18197
16082
18929
6512
3628
4665
7780
14678
17902
18536
17980
16349
12437
2782
0
0
126
0
0
0
0
17561
23398
18502
0
0
8436
9465
8107
13647
5137
8254
875
710
9329
16104
20934
24122
23057
19922
16371
13856
14929
6667
0
0
0
15663
11292
0
0
0
0
9137
12841
16819
20823
0
5195
9110
2223
1030
7351
13240
15163
16599
17609
19064
19836
22769
2535
4689
10616
14458
9244
3075
0
0
3332
13635
18996
22799
24768
27013
272
126
267
0
0
0
0
0
0
0
0
0
0
0
0
0
0
0
0
0
0
0
0
0
0
456
10579
399
0
234
0
0
0
0
0
0
0
0
0
0
0
0
0
0
0
0
0
0
0
0
0
0
0
8977
0
0
0
0
0
0
0
0
0
0
0
0
0
0
0
0
0
0
0
0
0
0
0
0
0
0
8605
0
773
0
0
0
1104
1819
1650
1869
2001
1309
1245
1891
2252
2400
2701
1761
1610
1457
944
634
4904
5614
0
0
0
9704
254
413
0
0
0
0
0
0
0
0
0
0
0
0
0
0
0
0
0
0
0
2345
9188
0
0
0
10270
0
0
0
0
0
0
0
0
0
0
0
0
0
0
0
0
0
0
0
0
0
167
7853
0
0
0
9979
0
0
0
0
0
0
0
0
0
0
0
0
0
0
0
0
0
0
0
0
0
0
4656
0
0
0
8431
0
0
0
0
0
0
0
142
700
1678
0
0
0
0
0
0
0
0
0
0
0
0
2062
2763
0
0
6770
0
0
0
0
0
2013
3904
1685
1466
2254
112
0
0
0
0
0
0
0
0
0
0
0
1642
1191
0
0
7079
0
0
0
0
222
3567
5603
2547
0
0
0
0
0
0
0
0
0
0
0
0
0
0
3074
0
0
0
8202
0
0
0
0
0
742
1370
3945
0
0
6213
4264
0
0
0
0
0
0
1426
4695
1710
0
1897
0
0
0
9726
0
0
0
0
0
0
0
1746
3621
6439
7689
2388
0
0
655
2246
1290
0
0
0
0
0
302
0
0
0
8678
0
0
0
0
0
0
0
359
752
1073
0
0
0
0
0
4803
5283
0
0
0
0
1211
0
0
0
0
8469
0
0
0
0
0
0
0
0
0
0
182
402
0
0
0
3285
4378
262
0
2553
4472
0
0
0
0
0
9077
0
0
0
0
0
0
0
0
0
0
0
0
0
0
0
707
2511
2058
0
4200
6188
0
0
0
0
0
8883
0
0
0
0
0
0
0
0
0
0
0
0
0
0
0
181
1078
1581
1229
508
3514
0
0
0
0
0
8944
0
0
0
0
0
0
0
0
0
0
0
0
0
0
0
0
0
0
0
0
4225
0
0
0
0
0
8780
0
0
0
0
0
0
0
0
0
3114
5199
2558
0
0
0
0
0
0
0
0
3765
2041
0
0
0
0
8646
0
0
0
0
0
0
2387
702
0
747
3204
3946
781
0
0
0
0
0
0
0
1990
0
0
0
0
0
8382
0
0
0
0
0
6265
1822
0
0
0
0
0
0
0
0
0
0
0
0
863
622
0
0
0
0
0
7737
0
0
0
0
827
5645
4702
0
0
0
2217
1535
931
877
0
0
0
0
0
3277
0
0
0
0
0
0
9125
0
0
0
0
0
1041
2112
1998
773
830
625
0
0
0
313
0
0
0
987
40
0
0
0
0
0
0
8200
0
0
0
0
0
0
0
0
0
0
0
1275
3650
3158
0
0
0
0
0
0
0
0
0
0
0
0
7355
0
0
0
0
0
0
0
0
242
1120
0
0
0
1887
3926
1190
0
0
0
0
1488
0
0
0
396
857
8108
0
0
0
0
0
0
0
0
2057
4663
3110
0
0
329
146
0
0
0
0
0
3476
1872
0
0
0
0
7177
0
291
0
0
0
0
0
0
102
567
820
255
3024
583
0
0
0
0
1112
1265
0
0
0
0
0
0
9817
0
0
1989
0
0
0
0
0
0
0
0
0
2707
2202
2580
3871
6299
11199
9517
240
907
0
0
0
0
0
6860
0
0
0
0
0
0
0
0
0
0
0
0
0
0
0
0
0
0
0
0
0
604
0
0
0
0
0
0
153
0
0
0
0
0
0
0
0
0
0
0
0
0
0
0
0
0
0
0
0
5121
0
0
0
0
0
0
0
806
0
0
733
1426
507
702
839
623
531
223
10
0
0
0
0
0
0
0
133
436
0
0
0
0
0
124
444
0
0
0
0
0
0
0
0
0
0
0
0
0
0
0
0
0
0
0
3714
0
0
0
0
0
390
0
0
0
0
0
0
0
0
0
0
0
0
0
0
0
0
0
0
0
0
7240
0
0
0
0
0
263
0
0
0
0
0
0
0
0
0
0
0
0
0
0
0
0
0
0
0
0
3467
3129
0
0
0
0
0
0
0
0
0
0
0
0
0
0
0
0
0
0
0
0
0
0
0
0
0
810
2835
0
0
0
0
0
0
0
0
0
0
0
0
0
0
0
0
0
0
0
0
0
0
0
0
0
0
1571
0
0
0
210
0
0
0
0
0
0
0
0
0
1933
0
0
0
0
0
0
0
0
0
0
0
0
0
0
0
0
1754
0
0
0
0
0
0
0
0
0
0
0
1366
759
0
0
0
0
0
0
0
0
0
0
0
0
0
0
0
0
0
0
0
0
0
0
0
0
0
0
1939
461
0
0
0
0
0
0
0
0
2774
0
0
0
0
0
0
0
0
0
0
0
0
0
0
1154
0
0
0
55
0
0
0
0
0
0
0
0
0
0
0
0
0
0
0
0
0
0
0
0
0
0
0
0
0
0
0
0
0
0
0
0
0
0
0
0
0
0
0
0
0
0
0
0
0
0
0
0
0
0
0
0
0
0
0
0
0
0
749
0
0
0
0
0
0
0
0
0
0
0
0
0
0
0
0
0
0
0
0
0
0
0
764
0
0
1418
0
0
0
0
0
0
0
0
0
0
0
0
0
0
0
0
0
0
0
0
0
0
0
0
0
0
0
0
0
0
0
0
0
0
0
0
0
0
0
0
0
0
0
0
0
0
0
0
0
0
0
0
0
0
2153
0
0
0
0
0
0
0
0
0
0
0
0
0
0
0
0
0
0
0
0
0
0
0
0
0
0
0
0
0
0
0
0
0
0
0
0
0
0
0
0
0
0
0
0
0
0
0
0
0
0
0
0
0
0
0
0
0
0
0
0
0
0
0
0
0
410
1181
0
0
0
0
0
0
0
0
0
0
0
0
0
0
0
0
0
0
0
0
0
0
0
0
0
0
0
0
0
0
0
0
0
0
0
0
0
0
0
0
0
0
0
0
0
0
0
0
0
0
0
0
0
0
0
0
0
0
0
0
0
0
0
0
0
0
0
0
0
0
0
0
0
0
0
0
0
0
0
0
0
0
0
0
0
0
0
0
0
0
0
0
0
0
0
0
0
0
0
0
0
0
0
0
0
0
0
0
0
2543
492
0
0
0
0
0
0
0
0
0
0
0
0
0
0
0
0
1142
0
0
0
0
0
0
0
0
0
867
1636
0
0
0
0
0
0
0
0
0
0
0
0
0
0
0
0
2350
2980
0
0
0
0
0
0
0
0
0
0
0
0
0
0
0
0
0
0
0
0
0
0
0
0
0
0
2446
4755
1490
412
937
1312
0
0
0
0
0
0
0
0
0
0
1477
215
0
0
0
0
0
0
0
0
0
1401
1583
0
0
0
0
0
0
0
0
0
0
0
0
0
0
0
0
0
0
0
0
0
0
106
364
475
2151
3565
4572
2895
2021
2379
3257
3079
3422
2862
2258
1849
2182
2375
1705
908
1109
2225
4138
1621
0
0
0
0
0
415
0
0
0
0
0
0
0
0
0
0
0
0
0
0
0
20
151
0
0
2172
3641
0
0
0
0
0
0
0
0
0
0
0
0
0
0
0
0
0
0
0
0
0
0
0
0
0
0
1876
0
0
0
0
0
0
0
0
0
0
0
0
0
0
0
0
0
0
0
0
0
0
0
0
0
0
113
0
0
0
0
532
0
0
0
0
0
0
0
0
0
0
0
0
0
0
0
0
0
0
0
0
0
0
1744
0
0
0
1481
0
0
0
0
0
0
0
0
0
0
0
0
0
0
0
0
0
0
0
0
0
0
1873
0
0
0
3172
0
0
0
0
0
0
0
890
802
0
0
0
0
0
0
0
0
0
0
0
0
0
1884
0
0
0
1674
0
0
0
0
0
2693
754
0
0
0
0
0
0
0
0
0
0
0
0
0
0
0
4767
0
0
0
0
0
0
0
0
0
3531
7276
6644
0
0
0
0
0
0
0
0
0
0
0
0
0
0
9589
0
0
0
0
0
0
0
0
0
0
0
3537
0
0
5
0
0
0
0
0
0
0
2088
0
0
0
4245
0
0
0
0
0
0
0
0
0
0
0
0
0
0
0
0
0
0
0
5780
3241
3380
181
0
0
0
0
0
0
0
0
0
0
0
0
0
0
0
0
0
0
0
0
0
0
0
7644
7410
1532
0
0
0
0
0
0
0
0
0
0
0
0
0
0
0
0
0
0
0
0
0
0
0
0
43
4974
0
0
1737
0
0
0
0
0
0
0
0
0
0
0
0
0
0
0
0
0
0
0
0
0
0
0
0
0
0
0
0
0
0
0
0
0
0
0
0
0
0
0
0
0
0
0
0
0
0
0
0
0
0
0
0
0
0
3410
0
0
0
0
0
0
0
0
0
0
0
0
0
0
0
0
0
0
0
0
0
0
0
0
0
0
1037
0
0
0
0
0
0
0
0
0
0
0
0
0
0
0
2561
0
0
0
0
0
0
0
0
0
0
0
0
0
0
0
0
0
0
0
0
0
0
2578
1597
0
0
0
0
0
0
434
0
0
0
0
0
0
0
0
0
0
0
0
0
0
0
0
0
5154
10239
2960
0
0
2451
3461
771
2610
0
0
0
0
0
0
0
0
0
0
0
0
0
0
0
0
0
0
0
0
2470
741
0
0
0
0
0
0
0
0
0
0
0
0
0
0
0
0
0
0
0
0
0
0
0
0
0
0
0
0
0
2180
1122
0
0
0
0
0
0
1320
0
0
0
0
0
0
0
0
0
0
0
0
0
0
0
0
0
0
0
0
253
1928
0
0
0
5179
0
0
0
0
0
0
0
0
0
0
0
0
0
0
0
0
1853
4950
1915
0
0
0
0
1084
0
0
0
0
0
0
0
0
0
0
0
0
479
0
0
0
0
0
0
0
0
1295
3416
0
0
3940
1208
0
0
0
0
0
1354
0
0
0
0
0
0
0
2445
0
0
0
0
0
0
0
0
0
0
0
2590
0
0
0
0
3307
2647
0
0
0
0
0
0
0
0
0
2620
0
0
0
0
0
0
0
0
0
0
0
0
0
3753
7878
0
0
0
0
0
0
0
0
1865
465
1551
0
0
0
0
0
0
0
0
0
0
0
0
0
0
0
0
0
0
0
13333
27594
23878
16145
17912
625
0
231
0
0
0
0
0
0
0
0
0
0
0
0
0
0
0
0
0
0
0
0
4634
18037
22416
17644
0
0
0
0
694
0
0
0
24
0
0
0
0
0
0
0
0
0
0
0
0
0
0
0
15757
21610
18106
529
931
0
2652
9990
13393
12473
13357
13979
13872
15621
18157
17831
16403
15257
12629
9151
9041
7828
8659
9485
10197
0
9128
25421
24016
18416
1286
493
0
2713
10649
13645
12783
12226
11546
11951
10489
15601
18030
19622
16874
13534
13549
15450
14477
13375
14025
14719
7375
0
27250
28170
19086
0
0
0
5223
12515
14474
14426
13167
12942
6421
2857
5246
7887
13199
15951
16162
15526
14262
14016
13441
14126
17589
12261
0
16018
26421
19808
0
0
1967
10292
14796
12619
4556
5524
7944
11914
18600
19027
10343
7050
9543
13099
15598
14904
14308
14489
15316
15215
11154
0
8639
22114
19896
0
0
4135
12796
10470
8978
2984
3839
687
2282
13333
24970
23080
21973
13819
9868
10712
9824
8939
7525
8322
9634
11047
1973
0
10564
19439
0
0
11187
14562
13357
12264
4284
6148
12857
9083
8
4185
21543
30786
23876
17803
12042
10103
5618
3359
2364
4158
10356
0
0
8228
20629
0
0
16495
14449
12134
12387
707
0
0
0
0
0
10533
5200
11452
22109
22709
20318
18916
20474
18576
17218
12484
0
0
9563
20249
6278
9525
14479
12328
8256
7651
7746
5251
0
0
10071
1254
0
0
1376
13279
21941
23297
20871
15462
12430
14451
14259
0
0
19705
18516
16031
13685
12547
13218
8615
6614
6257
9406
7181
12145
13046
2288
441
8347
10479
7577
2957
650
0
0
0
0
13998
14484
19665
22937
17417
14991
12969
13814
14307
14751
13979
12312
11504
8536
5947
802
2555
9332
10711
12219
9316
0
0
0
0
3724
8991
651
15434
22555
17107
17583
12962
12215
13692
14026
15036
15558
15371
11462
9635
9802
12783
13955
12571
13235
15497
14431
3837
0
0
4584
0
0
3244
14331
21763
18333
18427
12812
11257
14189
15127
15122
15436
15497
15334
15496
13832
12447
11571
11180
11612
12588
11872
7871
1131
0
7481
2853
0
13947
16613
21181
18597
17690
12300
10670
14223
14394
15233
13974
13139
13861
10241
7585
2166
0
2511
9870
10554
10965
10825
8105
4059
4654
6645
0
2183
19142
19433
20475
17925
13585
11931
12417
14148
13835
11780
10694
11697
10517
10326
7795
6966
14207
23707
20185
15048
9653
11667
9898
10083
10270
0
0
17886
16400
19068
19406
13649
11928
10320
12492
13042
13453
18063
21800
23891
16695
2097
2103
13569
31743
28888
19600
14244
15807
14304
11809
13790
10107
14066
15734
13258
16917
19697
14224
12518
13478
11829
11390
17291
13414
7897
8816
13057
11402
11256
7679
9859
4512
6161
13478
17204
14387
15675
14722
11146
16997
17464
16517
15270
21482
14215
13009
15713
12047
11526
5214
0
0
0
0
0
0
0
0
0
2123
9399
14915
14661
17845
7920
9231
15979
10500
11604
9522
20052
14759
12961
12186
14321
16153
9890
3918
0
0
0
3340
4844
5951
2652
0
16488
26163
18997
16426
14229
2351
10155
21373
19139
17227
13853
14933
13026
15774
12905
12544
13834
14349
10390
7133
6052
5738
0
0
0
1321
4083
5286
16993
20932
17499
3345
27
12775
12009
12458
18736
17231
13984
8744
11705
12756
13479
12475
10276
10864
13124
13718
14924
15518
14868
6040
927
0
0
1549
8114
0
0
0
7455
4470
6594
8610
9672
12583
5946
8624
12143
11213
11169
9704
7283
4216
788
0
0
9575
16550
14054
4428
1308
0
0
0
2304
15726
22415
24392
21797
20252
17541
15671
4758
1050
8968
14018
14498
12649
10667
10351
9066
5203
0
0
0
5909
0
0
0
1208
17417
24061
20865
5114
8820
12223
10805
8363
11098
7795
4036
0
5970
15994
19946
20232
23210
22342
17052
9151
5245
6206
2024
0
0
2016
21843
21234
7789
0
0
1884
9316
10134
12709
14577
1147
5829
4253
0
5787
15143
18423
18448
19014
22130
25531
25204
22373
7052
28156
32095
29014
17249
4413
0
2627
17469
24504
24228
25251
25788
22536
0
0
0
724
971
733
789
821
680
555
888
1070
1150
1042
798
721
574
419
468
719
930
791
0
0
0
864
1456
0
461
38
827
1432
1873
1217
976
902
792
900
1144
1269
1426
1603
1855
2052
2033
1774
1910
2148
2220
370
0
0
465
3631
0
345
187
0
0
0
0
0
0
0
0
0
0
0
0
171
850
1143
1170
685
871
1095
478
0
0
469
3879
0
0
108
0
0
0
0
0
0
0
0
0
0
0
0
0
0
0
0
0
0
0
443
0
0
0
3275
0
0
119
321
1553
1950
2195
2219
3305
4806
5831
4399
2660
1235
1993
2514
2237
1202
1355
1551
1048
0
967
287
0
0
2569
0
209
0
522
1523
3032
3192
2581
2148
2304
3574
4953
6802
4877
3735
2353
2451
3271
3118
3028
2521
900
1116
4148
0
0
2307
395
0
0
1089
2103
3815
3564
1955
1054
0
0
0
438
4226
5699
3944
3232
4095
4247
3766
3248
2290
1725
5088
0
0
2644
536
0
0
1783
3525
3890
839
0
0
0
0
0
0
0
357
3975
5000
5682
6316
6606
6180
4597
2734
4135
1289
337
2868
0
0
172
1903
2080
1621
280
0
0
0
0
0
0
0
0
0
2221
2992
3092
3337
4531
5223
4323
5519
1697
0
2232
0
0
540
2630
3264
754
0
592
104
0
0
885
0
748
0
0
0
0
0
0
0
0
1250
6332
269
0
2306
0
581
1596
3575
4693
3187
1375
95
0
0
0
0
1476
1738
2421
523
231
0
0
0
0
0
0
1353
0
252
2684
0
1098
2454
2658
3209
3424
3186
1022
0
0
0
548
619
241
1296
4227
2338
1747
1023
430
0
0
0
0
0
899
3896
0
2410
2600
2376
1864
1297
2027
2607
2887
2050
2544
1882
1551
1708
2092
2095
3813
2309
0
0
0
0
0
0
1606
4177
3946
52
2816
2653
2983
2770
2483
2405
2949
3054
1988
580
237
1754
2730
2259
1893
2339
1770
0
0
0
0
0
1462
2271
3925
3377
0
2763
2478
2676
3110
3334
3152
2881
2457
2938
4127
4732
4685
5014
4781
3699
2670
1514
0
0
0
1313
0
1704
2397
3459
3702
0
3111
2645
2902
3162
3626
4049
4044
4832
4476
3413
4838
3535
3330
4477
4385
2742
1585
954
930
1825
3624
0
494
2902
2268
3397
0
2789
3261
2875
2934
3265
2999
1778
2620
2373
0
0
0
0
0
1716
3413
2640
1902
1531
598
383
0
1559
3879
2269
2974
0
2491
3511
3560
2822
2421
1441
0
0
0
0
0
0
0
0
0
25
1951
2231
2506
333
516
961
2081
4677
3127
2584
0
2046
1787
3093
4531
2350
474
0
0
0
0
0
0
0
0
0
0
1192
3054
2796
1900
2474
2766
3535
4424
3673
1473
0
2096
1331
2299
2714
1700
3599
3539
1008
0
0
0
843
755
0
0
0
1675
3510
2661
2452
2033
2812
5254
5788
5974
1535
0
1549
2662
2266
159
0
372
1043
74
0
0
0
0
0
0
0
0
0
2808
1531
2574
1309
1951
1943
1160
2624
1605
0
387
1711
2619
1854
648
0
0
0
0
0
0
0
0
0
0
0
141
2582
2241
373
0
1578
2143
1137
1079
2094
0
876
1591
1992
2518
3329
2795
1653
975
0
0
0
0
0
192
559
747
1740
2754
2932
0
0
1600
2983
3763
3320
2640
931
1438
0
809
2006
3031
3853
4137
3121
1379
0
0
0
0
0
0
230
0
0
0
0
0
0
0
0
0
596
585
2667
0
0
0
365
767
0
0
0
213
1332
1181
0
141
535
0
0
0
0
0
40
0
1243
1467
2582
2675
0
2768
2165
0
0
0
0
0
0
0
0
0
0
0
0
0
0
0
0
0
1155
2962
257
1046
1233
657
471
0
922
694
966
0
0
0
0
0
0
0
0
0
0
0
0
0
0
0
0
0
0
0
0
0
0
0
0
0
0
134
2597
2147
1013
2327
2876
1454
1041
1317
2732
3372
3032
3466
3582
3083
2373
1986
1672
0
0
0
0
0
0
0
112
0
4131
8511
11398
11730
12794
12692
12890
12961
14274
15115
14954
14014
13074
12257
10626
8831
8241
8797
7383
2872
0
0
0
0
0
309
1233
2684
555
4778
7980
6845
2711
3760
4108
5599
5905
5091
4118
3221
4819
6308
7201
5532
4640
3498
5402
0
0
0
0
0
0
1924
0
0
0
0
0
0
0
0
0
0
0
0
0
0
0
0
0
0
0
0
0
0
0
0
0
0
363
0
0
0
0
0
0
0
0
0
0
0
0
0
0
0
0
0
0
0
0
1496
0
0
0
0
641
242
0
0
0
0
0
0
0
0
0
0
0
0
0
0
0
0
0
0
0
0
759
0
0
0
3539
2389
0
0
0
0
0
0
0
0
0
0
0
0
0
0
0
0
0
0
0
0
0
0
0
0
0
5387
3309
0
0
0
0
0
0
0
0
0
0
0
0
0
0
0
0
0
0
0
0
0
0
0
0
0
0
62
0
0
0
0
0
0
0
0
0
0
0
0
0
0
0
0
0
0
0
0
0
0
4972
0
0
0
0
0
0
0
0
0
1060
5165
6269
2571
1538
0
0
0
0
0
0
0
0
0
0
0
10984
8564
0
0
0
0
0
0
0
0
0
0
4183
0
0
0
2456
40
0
0
0
0
0
0
0
0
0
12548
6922
0
0
0
0
0
0
0
0
0
0
0
0
0
0
1890
0
0
0
0
0
0
1484
0
0
0
0
0
0
0
0
0
0
0
0
0
0
0
0
0
801
977
0
0
0
0
0
3823
4506
4087
0
0
0
0
0
0
0
0
0
0
0
0
0
0
0
0
0
0
0
0
0
0
0
0
3142
2572
0
0
2820
0
0
0
0
0
0
0
0
0
0
0
0
0
0
0
0
0
0
0
0
0
0
0
0
0
0
259
0
0
0
0
0
0
0
0
0
0
0
0
0
0
0
0
0
0
0
0
0
0
0
0
0
0
1479
0
0
0
0
0
0
0
0
0
0
0
0
0
0
0
0
0
0
0
0
0
0
0
0
0
0
567
0
0
0
0
0
0
0
0
0
0
0
0
0
0
0
0
0
0
0
0
0
0
0
0
0
0
0
0
0
0
0
0
0
0
0
0
0
0
0
0
0
0
0
0
0
0
0
0
0
0
0
0
0
0
0
0
0
0
0
0
0
0
0
0
0
1477
7771
1933
0
0
0
3526
1279
2827
0
0
0
0
0
0
0
0
0
0
0
0
0
0
0
0
0
0
0
4642
4912
0
0
0
0
0
0
0
0
0
0
0
0
0
0
0
0
0
0
0
0
0
0
0
0
0
0
0
0
0
0
0
0
0
0
0
0
0
0
0
0
0
0
0
0
0
0
0
0
0
0
0
0
0
0
0
0
0
0
0
0
0
0
0
0
6865
0
0
0
0
0
0
0
0
0
0
0
0
0
0
0
0
0
0
0
0
0
0
0
375
0
0
0
0
0
0
0
0
0
0
0
0
0
0
0
0
0
0
0
0
1083
7217
6293
0
0
4036
4562
0
0
0
0
0
0
0
0
0
0
0
0
0
0
0
0
0
0
0
0
0
0
0
0
0
2461
0
0
0
0
0
8555
0
0
0
0
0
0
0
0
0
0
0
0
0
0
0
0
0
0
0
0
0
0
0
0
5258
0
0
0
0
0
0
0
0
0
0
0
0
0
0
0
0
0
0
0
0
0
0
0
0
0
0
0
0
0
0
0
0
0
0
0
0
0
206
1788
1973
1015
1653
2650
2654
2262
2337
2580
3193
3620
3601
3012
1768
1167
1430
1478
0
0
0
0
0
0
0
131
394
2235
3909
8954
10686
9884
7749
8952
9415
10649
10897
10089
8714
7602
8028
8141
7998
7280
6814
6810
4794
0
0
0
0
0
0
342
0
0
0
0
0
0
0
0
0
0
0
0
0
0
0
0
0
0
0
3131
0
0
0
0
0
0
0
0
0
0
0
0
0
0
0
0
0
0
0
0
0
0
0
0
0
0
0
190
0
0
0
0
0
0
0
0
0
0
0
0
0
0
0
0
0
0
0
0
0
0
0
0
0
0
1579
0
0
0
0
0
0
0
0
0
0
0
0
0
0
0
0
0
0
0
0
0
0
0
0
0
0
0
0
0
0
254
0
0
0
0
0
0
0
0
0
0
0
0
0
0
0
0
0
0
0
0
0
0
0
0
0
0
145
42
0
0
0
0
0
0
0
0
0
0
0
0
0
0
0
0
0
0
0
0
0
0
0
0
0
2544
1463
0
0
0
0
0
2417
0
0
0
0
0
0
0
0
0
0
0
0
0
0
0
0
0
0
0
0
0
0
0
0
0
0
1166
7455
4123
0
1341
1391
416
0
0
0
0
0
0
0
0
0
7057
7080
0
0
0
0
0
0
0
0
0
0
0
0
0
1751
3227
0
0
0
0
0
0
0
0
0
0
0
0
0
0
0
0
0
0
0
0
0
0
0
0
2653
2441
0
0
0
0
326
0
0
0
0
0
0
0
0
0
0
0
0
0
0
0
0
0
0
0
0
0
0
0
0
0
0
0
3702
2229
0
743
32
0
0
0
0
0
0
0
0
0
0
0
0
0
0
0
0
0
0
0
0
0
0
2849
3863
0
1126
0
0
0
0
0
0
0
0
0
0
0
0
0
0
0
0
0
0
0
0
0
0
0
0
1811
2165
0
365
0
0
0
0
0
0
0
0
0
0
0
0
0
0
0
0
0
0
0
0
0
0
0
0
0
0
5852
2455
0
0
0
0
0
0
0
0
0
0
0
0
0
0
0
0
0
0
0
0
0
0
0
0
0
0
0
0
0
0
0
0
0
0
0
0
0
0
0
0
0
0
0
0
0
0
0
0
0
0
0
0
0
0
0
0
0
0
0
0
0
0
0
0
0
0
0
0
0
0
0
0
0
0
0
0
0
0
0
0
0
0
0
0
0
0
0
0
0
0
0
2695
7322
5898
2444
0
0
0
0
458
0
0
0
0
0
0
0
0
0
0
0
0
0
0
0
0
0
0
0
0
0
0
0
622
0
0
0
0
0
0
0
0
0
0
0
0
0
0
0
0
0
0
0
0
0
0
0
0
0
0
0
0
952
549
0
0
0
0
1021
0
0
0
0
0
0
0
0
0
0
0
0
0
0
0
0
0
0
0
0
0
0
0
0
0
3119
3605
0
0
0
0
0
0
0
0
0
0
0
0
0
0
0
0
1732
6702
7417
3625
0
0
0
1266
0
0
0
0
0
0
0
0
0
0
0
0
0
0
0
0
0
0
0
0
0
0
0
0
283
4119
0
0
0
0
0
0
0
0
0
0
0
0
0
0
0
0
0
0
0
0
0
0
0
0
0
0
0
0
0
0
0
0
0
0
0
0
0
0
91
164
55
0
0
0
0
0
0
0
0
0
0
0
0
0
0
0
0
0
0
734
3737
3156
1542
0
52
0
49
0
0
0
0
0
0
0
0
0
0
0
0
0
0
0
0
0
0
0
0
2678
4082
1993
517
0
0
0
0
0
0
0
0
0
0
0
0
0
0
0
0
0
0
0
0
0
0
0
0
1493
770
545
0
15
0
0
0
549
707
609
740
761
855
1040
1269
1089
858
663
441
126
42
0
139
259
0
0
4410
2634
1100
0
76
0
0
0
601
969
870
608
206
0
491
1815
2243
1724
880
640
766
943
840
825
1080
585
0
2673
3760
1955
0
0
0
0
0
865
1213
1539
1186
664
0
0
0
205
1560
1801
1399
844
775
883
891
1083
788
0
801
2635
1969
149
0
0
0
544
1057
1267
1854
2538
3726
4316
3629
1644
0
0
39
1323
1435
1057
1166
1216
1275
834
0
435
1965
1491
213
0
0
0
711
386
495
1086
963
814
2593
5315
5389
3363
1960
327
0
321
244
327
436
719
630
43
0
608
0
213
0
0
222
792
930
789
1835
3539
3696
1587
0
2798
4688
4140
2684
1089
55
0
0
0
0
0
0
0
0
0
258
0
0
878
910
1239
1000
420
83
40
0
0
0
1926
2827
3952
3240
2080
1210
1405
1803
1519
493
0
0
0
0
363
103
453
984
605
234
512
332
0
0
0
1083
0
0
0
899
4357
4256
3255
4206
5893
6060
4470
1348
0
0
732
195
1019
707
813
730
326
122
66
168
1026
2953
2398
0
0
296
666
1232
2983
1721
36
0
0
0
1979
1289
896
1273
141
958
943
995
983
882
688
405
224
432
644
0
0
181
455
366
0
0
0
0
0
1084
1492
0
1116
1303
779
143
643
940
1015
992
1077
1065
847
487
384
306
349
454
432
719
649
116
0
0
0
564
0
0
0
738
1575
827
182
622
876
1148
1123
1120
1119
1063
779
865
588
343
613
473
269
408
220
0
0
665
1246
222
353
527
702
1595
933
95
574
756
1245
1115
1095
998
871
556
611
765
0
0
0
0
0
0
13
9
136
207
0
0
599
1178
1864
1294
0
732
656
1060
1292
1177
997
608
214
0
579
2281
2408
3086
2478
170
0
0
83
199
300
0
0
0
1132
2021
1656
89
767
701
671
1092
1469
1256
1474
2810
2652
1630
1760
2489
3941
5552
4268
1785
0
119
574
349
255
615
820
972
1199
1456
150
834
898
905
703
1625
2578
3292
4386
5119
4199
2872
2921
2882
3948
4659
2903
1238
679
878
355
79
514
891
1210
1275
1612
554
948
908
1309
955
768
416
0
0
0
241
0
0
0
0
0
321
0
142
690
40
713
432
707
285
234
1036
1182
1202
923
883
1263
1208
364
0
0
0
42
948
1242
1267
429
81
3552
3166
1324
3
0
562
734
1179
969
496
85
500
1182
1359
1066
956
1095
1027
740
304
221
228
0
42
61
722
901
1710
3014
1917
282
318
98
1329
1923
2435
2658
1731
707
1134
1539
759
804
705
567
1030
1769
2618
3214
2707
2264
786
0
0
0
710
66
0
0
0
808
347
95
366
438
158
970
2429
1421
321
425
247
133
197
535
1549
3637
5407
4051
1747
0
0
0
0
0
13
933
1791
1965
1227
1085
907
653
343
1823
3385
2106
932
564
367
351
111
0
0
0
0
1012
0
0
0
10
626
163
692
2829
2165
1390
1680
945
477
369
63
1412
3594
3130
2265
1752
2105
2093
1446
246
0
0
0
0
0
0
1054
2081
796
0
0
0
82
659
652
90
314
250
184
1500
4140
4642
4515
4661
4784
4688
4143
3518
3111
4544
6179
5194
5236
5773
3816
185
0
2055
3074
3094
3576
3418
2092
0
0
0
0
0
0
0
0
0
0
0
0
0
0
0
0
0
0
0
0
0
1349
6327
6517
166
0
0
0
30
0
0
0
0
0
0
0
0
0
0
0
0
0
0
0
0
0
0
0
0
2457
10703
13642
10912
0
0
0
0
0
0
0
0
0
0
0
0
0
0
0
0
0
0
0
0
0
0
0
0
0
7847
9761
0
0
0
348
4730
3486
1142
0
447
627
1018
2018
2182
865
47
0
0
0
0
0
0
0
0
0
4461
10259
5194
0
0
0
2296
6818
9217
7668
6830
5823
6100
6570
9168
11666
11163
8963
6325
4999
5180
4839
4266
4494
5865
682
0
3773
18184
10566
0
0
833
3234
6460
7698
7065
7403
6562
5690
1692
1310
2460
7512
11866
12257
8935
7083
6766
6774
7101
7654
4056
0
1399
16708
15598
0
0
1720
5823
7009
6908
5878
3263
4073
5547
4770
4624
2740
0
982
5450
8965
10649
8865
8261
8378
8391
5555
0
0
13709
17658
0
0
1814
6990
7289
4913
2824
0
0
0
0
3980
7809
4628
2006
0
3219
7080
7200
7630
8246
9425
9351
87
0
9186
16625
0
0
1871
7454
5013
3615
0
0
0
0
0
0
5668
12744
10142
8598
6547
3680
2212
1285
224
337
1771
0
0
4795
14271
0
0
2982
8367
4848
5022
918
0
0
0
0
0
0
7629
7136
15270
15960
8280
2440
798
0
0
0
0
0
3993
11738
0
677
2954
6537
5996
3658
3002
1716
0
0
0
0
0
0
3299
7347
12273
13554
7741
4211
0
445
3096
0
0
0
9660
0
8355
4074
6660
5904
2871
1643
2299
90
0
0
0
0
1654
2525
2612
1084
0
0
0
0
0
0
2579
1827
4078
7247
0
9910
7858
8643
7558
6160
3207
2774
1982
2265
1685
883
2524
4627
4625
3862
0
0
0
0
0
0
0
1900
13052
11224
8758
0
9891
8633
9346
8643
8273
7394
5966
3997
3764
2531
705
599
3434
6979
5598
0
0
0
0
0
0
0
7217
12106
11921
9353
0
9340
8070
9711
8771
8581
8651
8418
6436
5157
5396
5462
8937
11825
9979
6800
2631
0
0
0
0
0
3300
11109
10802
10878
9649
0
8981
7677
9674
9225
8985
8979
9876
7893
7057
5815
0
1730
4412
4597
1542
0
715
0
0
398
0
0
7582
13409
12051
11171
0
9308
6314
8662
10122
10183
10220
7470
2971
459
0
0
0
778
5302
2172
0
1276
3090
1470
2188
0
0
3067
11076
12752
13991
0
9966
6191
7195
9304
11808
8250
3288
3978
4850
0
0
0
0
11931
8820
4718
4947
4593
4502
4346
0
478
5141
5702
9603
14015
0
10245
6581
5512
5846
10183
3233
0
0
4301
1404
0
0
0
3812
2709
6354
8306
10386
9989
4458
0
7737
8236
7434
9259
12822
0
9987
6707
6905
6991
3914
0
0
0
305
0
0
0
0
0
0
985
211
6661
9876
2
597
12191
9302
6412
7253
10876
0
10445
6116
6837
8811
3787
0
0
0
0
0
0
0
0
0
0
3381
6447
5312
3676
0
3913
10078
8142
5720
2524
1479
0
10121
7774
6855
7371
5849
4109
718
0
0
0
0
0
0
0
0
2877
13342
11199
1
0
4089
2790
3272
9080
9923
6762
0
8949
9942
8378
6216
5559
5500
6315
5539
4392
1780
0
0
0
0
0
0
6120
4846
0
174
3388
0
511
4255
5842
5126
0
6538
9394
8956
6393
5948
4701
4414
2925
0
0
0
2066
2758
0
0
0
0
0
0
0
0
0
2084
1254
366
552
0
3495
2803
8443
10488
7725
4511
2537
0
0
0
0
0
0
1085
0
0
988
1387
1351
145
0
0
5575
9062
6077
7730
0
2272
1059
1290
9124
13195
10417
6517
4103
2815
0
0
0
0
0
0
0
0
0
0
0
0
3450
7315
4124
1989
2349
0
0
1279
0
0
6860
9363
8225
7453
8940
10076
7591
4646
630
0
0
0
0
0
0
0
0
1360
2890
4601
6888
6729
0
207
0
0
542
0
0
0
0
0
0
0
0
0
0
0
0
0
0
0
0
0
0
0
0
0
13216
18123
131
0
0
334
2015
1209
0
0
0
0
0
0
0
0
268
879
815
348
229
869
1168
675
0
0
0
0
12556
177
592
126
790
4808
8775
7764
6044
6791
8256
7711
8753
9289
9509
9638
10562
10701
9692
8273
7270
8473
11321
7256
0
0
0
12625
0
239
0
76
2665
5686
6903
6343
5800
6115
5025
4934
6123
7169
7838
8604
8860
8522
8819
7656
7035
10201
13622
0
0
0
13332
0
0
0
178
2202
4407
4950
4840
4764
5185
3993
1402
0
565
3814
6548
6230
5226
5810
5616
4707
6786
14302
1386
0
0
12714
0
0
0
1446
2956
3493
2149
0
0
0
1559
4532
5806
1930
1703
2412
3869
5805
5892
5771
4814
3771
10509
7032
0
0
12103
0
0
0
2313
3906
4937
2886
0
0
0
0
0
1695
6440
6768
3420
2887
4424
4208
3176
2760
2912
7555
7567
0
0
10692
1151
0
177
3708
6556
8406
6098
1717
2236
0
0
0
0
0
4843
8171
7937
8547
7498
5676
3906
3119
6202
7492
0
0
9344
918
0
714
4726
3423
5148
1808
0
0
0
0
0
0
0
0
0
6893
9338
9789
9429
8359
6599
6929
5231
0
0
9410
354
0
782
5171
4878
5660
8545
7251
0
0
0
0
0
0
0
0
0
573
0
0
0
0
3125
3141
0
0
10816
2219
4455
3469
6093
7953
6521
6300
9670
8599
0
0
2255
371
2043
3646
0
0
0
0
0
0
0
0
4766
0
1879
13637
0
4250
5094
6318
9691
10353
8951
8367
8651
1956
0
924
3599
5317
8452
10044
0
0
0
0
0
0
0
0
4280
4947
14108
0
3618
4277
4944
5754
6891
7812
8303
9918
11024
10132
6948
5001
5533
6952
13136
12343
1638
0
0
0
0
0
0
2847
7787
14025
0
3822
4026
5116
5254
5524
6064
8111
8647
8156
6633
5089
5003
5363
5227
8592
12052
8395
0
0
898
0
0
1445
3918
7039
13683
0
3632
3588
4569
5236
5420
5566
5789
4994
4302
3793
2076
3168
5758
6690
7780
9621
11450
4834
0
2188
1068
0
1259
4039
6116
13858
0
4588
3507
4063
4928
5791
6062
6187
6754
5750
3124
0
0
3062
9571
10277
7809
10075
11506
8608
8933
4856
0
0
3396
3678
13998
0
4782
4056
3536
4712
6306
6472
4577
5493
6550
0
0
0
0
1295
5682
5592
6243
8248
7626
9812
10088
1870
1637
4033
2767
12873
0
4838
5513
3965
3190
3231
0
0
0
417
2219
0
0
0
0
0
0
2228
6068
7078
7240
6985
5970
6418
7622
4263
12253
0
4191
4019
4745
3831
0
0
0
0
0
0
0
0
0
0
0
0
0
4605
5314
3149
2775
5375
5688
5650
3626
9422
0
3564
2989
4651
7532
7544
3114
0
0
0
0
0
0
0
0
0
0
896
3982
4300
268
0
4773
9477
8771
5937
5651
0
2980
3942
3304
4847
9066
10883
9107
3713
2227
111
0
0
0
0
0
0
0
3098
2697
0
0
0
727
2588
5271
7552
0
862
3123
3749
3447
3564
5929
7097
6481
7021
9302
4945
0
0
0
0
0
0
0
0
0
0
0
0
0
409
6336
0
0
1612
2725
3989
5469
4359
2407
0
0
0
0
591
3420
586
0
0
0
0
365
0
777
5300
5738
7036
5822
8948
408
0
0
0
3189
6330
8571
10842
9661
3295
0
0
0
0
1732
1111
0
0
3502
6417
2236
0
0
0
0
0
5060
1937
2118
0
0
0
2031
5186
7079
9589
13650
13564
8746
1964
0
0
0
0
545
0
0
0
0
0
0
338
2327
7268
0
5190
2791
0
0
0
0
0
0
1424
7001
10146
10934
6794
6017
3806
0
0
0
0
0
0
427
3824
6428
6039
10934
0
1056
5298
3405
0
0
0
0
0
0
0
0
0
0
0
0
0
0
0
0
0
0
0
0
0
0
1322
