185
379
1079
732
78
0
103
77
64
0
0
0
0
0
31
1010
678
318
0
0
12
0
0
0
0
0
0
0
131
385
0
0
0
0
0
0
0
0
0
0
0
0
0
0
0
0
0
1068
423
0
0
0
0
0
161
0
326
198
276
33
267
0
0
0
0
0
110
0
0
0
98
76
0
0
0
0
0
0
0
315
325
37
26
0
0
0
0
0
9
0
0
448
300
83
0
127
0
0
0
0
0
0
0
0
467
30
0
280
493
0
15
1103
95
415
763
0
0
0
0
0
405
0
0
720
1347
649
1099
728
124
0
60
0
0
0
0
0
266
318
221
0
0
0
169
0
0
0
0
0
0
113
308
243
0
0
0
0
0
0
0
0
0
0
0
0
0
0
0
0
0
548
691
1373
1147
346
0
293
869
202
0
0
0
0
292
0
1214
1635
845
532
972
1091
671
0
0
0
0
0
0
0
0
0
181
870
632
6
0
0
0
0
0
0
1388
0
0
0
0
0
1100
1599
0
0
0
0
0
1523
439
40
0
993
347
105
0
0
0
0
0
0
0
0
100
293
1483
0
0
0
0
0
0
0
740
1219
214
356
561
942
0
0
116
995
0
0
548
681
1126
1052
1062
0
0
0
0
777
1122
0
0
372
0
812
688
662
0
0
240
0
820
1089
0
0
0
0
0
725
0
0
0
16
0
424
1205
549
0
0
0
0
606
0
0
0
98
301
859
0
0
180
132
0
0
29
1086
770
805
1046
1221
159
0
0
183
246
0
0
0
0
0
263
397
368
0
0
73
0
0
214
165
0
0
741
940
418
324
131
0
0
0
0
431
518
0
0
197
37
0
0
0
0
20
0
0
173
24
0
0
0
0
0
0
0
0
23
0
0
0
0
91
178
0
0
0
0
0
0
0
0
0
0
0
0
327
289
0
0
0
0
0
0
0
0
0
62
0
0
0
249
50
0
114
0
0
0
0
8
0
273
306
251
0
199
223
317
122
0
0
0
0
276
124
0
0
0
0
0
68
0
0
0
25
0
0
0
0
0
0
0
0
0
0
0
0
0
0
0
0
0
259
154
143
0
0
0
0
0
0
0
0
0
302
453
48
179
78
0
0
0
0
0
0
0
0
0
60
116
0
91
0
0
0
0
0
76
0
0
0
0
120
49
0
0
0
0
0
180
6
1353
942
120
0
0
0
0
23
0
0
0
87
348
1028
689
285
0
0
0
0
0
0
15
49
380
0
253
476
0
0
0
0
0
0
109
487
0
191
0
0
0
0
0
0
0
0
0
188
406
0
0
0
0
0
615
601
0
44
606
0
0
311
110
317
336
0
86
487
337
79
0
0
0
0
62
299
5
531
313
249
93
0
0
0
173
233
0
407
524
334
58
0
0
43
0
0
0
0
0
0
331
602
400
0
0
910
1168
0
66
1139
0
468
1123
311
173
0
0
0
687
0
0
819
1251
517
1548
978
317
369
301
0
0
0
0
0
0
830
458
0
0
415
346
0
0
0
0
0
103
650
702
18
0
0
423
149
0
65
0
0
0
0
0
0
0
129
476
0
89
379
76
1015
963
477
0
0
0
0
0
0
0
0
624
436
1073
1785
1355
84
118
76
0
0
0
0
87
0
0
0
0
0
0
0
0
0
0
0
0
179
0
0
0
0
0
0
0
0
886
1148
11
0
101
0
88
199
0
0
0
977
248
473
296
0
0
0
0
0
0
989
1256
612
330
0
235
461
52
0
0
106
463
805
67
387
61
85
0
0
163
341
276
93
417
577
182
145
553
0
0
0
0
56
0
0
6
397
322
271
867
306
0
0
1332
243
981
1095
0
0
67
0
0
22
0
0
0
0
792
967
864
1007
231
0
0
0
0
0
0
0
720
1350
36
180
1144
345
0
249
0
358
0
0
316
1240
620
388
976
899
449
120
39
0
0
0
0
0
0
605
205
499
294
242
0
0
0
0
0
0
0
0
21
0
5
147
103
0
0
0
10
72
214
197
137
83
0
104
115
294
0
0
161
245
299
258
42
613
921
361
65
0
0
0
0
0
0
0
0
159
0
613
0
0
0
127
0
190
0
0
0
0
0
0
0
0
0
0
15
0
79
137
202
0
0
0
0
0
0
73
37
0
0
0
0
0
232
602
0
0
44
0
0
0
15
86
273
391
481
0
383
0
14
806
509
0
0
0
253
497
568
219
0
0
0
642
1148
605
272
127
0
133
0
0
0
0
0
0
170
627
304
24
0
0
11
0
173
0
248
0
0
0
0
5
28
0
0
0
196
311
0
0
0
0
0
649
255
256
0
0
53
0
774
715
1041
0
0
736
834
138
144
54
0
0
0
0
0
0
0
0
102
172
84
49
0
0
0
0
0
0
0
0
0
43
40
75
104
0
0
0
0
0
109
171
120
36
0
8
128
161
0
0
0
0
0
136
188
210
0
0
0
37
115
7
0
0
0
0
0
0
46
0
0
11
26
84
47
12
0
0
0
0
0
0
11
68
0
0
0
94
32
0
0
41
65
0
0
51
14
86
6
0
18
5
0
0
8
42
0
263
123
23
81
102
4
22
0
0
0
26
2
0
90
0
0
0
0
0
75
22
0
69
145
0
0
78
0
0
28
0
0
0
0
0
0
17
0
0
36
15
0
0
0
0
0
0
0
0
0
0
0
0
15
0
0
0
0
0
3
0
0
0
21
76
22
0
0
0
0
0
0
0
0
175
0
0
42
604
757
117
0
0
0
52
0
0
571
307
0
170
296
0
0
0
0
6
0
0
0
560
0
0
31
0
0
0
0
0
0
0
0
0
169
0
0
0
0
156
215
0
0
0
0
0
0
0
0
0
0
0
0
3
0
0
0
0
0
0
0
261
95
0
109
0
135
156
41
215
0
0
40
0
0
142
326
415
0
150
195
288
132
0
0
0
85
185
306
0
0
0
0
203
134
0
0
0
0
0
0
0
0
0
0
0
0
0
0
0
0
0
0
0
0
0
0
0
0
0
0
0
0
0
0
0
0
153
430
0
0
45
103
92
176
0
0
0
40
97
0
0
0
0
0
178
94
205
0
0
0
0
0
0
0
0
0
83
0
0
31
0
0
511
1540
1118
943
520
428
718
135
0
0
0
0
0
270
146
1421
1509
795
171
382
113
19
0
0
0
0
0
0
31
0
0
375
1140
2189
2157
642
0
0
0
0
0
905
0
0
0
1477
2527
2709
1402
0
0
0
0
0
918
600
339
98
1168
1501
227
0
0
0
0
0
0
0
0
0
0
687
174
0
0
0
0
0
0
618
735
111
199
210
0
0
0
0
467
0
0
85
41
476
567
770
0
95
0
0
78
518
0
0
0
0
0
0
0
0
0
0
0
0
0
0
0
0
0
0
0
35
441
802
1432
0
0
244
348
0
0
0
0
910
796
1062
1930
1077
246
641
195
0
0
0
0
0
0
780
890
943
714
828
71
0
0
20
0
0
0
0
48
1734
2637
2467
1376
0
0
0
0
0
0
0
0
0
102
0
0
133
238
87
57
165
0
0
0
0
0
0
0
0
0
130
156
42
43
61
118
0
0
0
0
0
0
0
0
131
88
41
168
0
0
0
0
0
0
0
0
0
43
47
26
111
46
0
0
8
0
0
0
0
168
101
134
0
75
48
226
55
0
0
0
187
133
203
92
142
72
86
0
0
0
0
0
0
183
27
0
0
0
0
98
6
0
0
0
0
0
14
94
0
0
0
8
50
168
0
0
0
199
0
0
159
0
0
0
53
149
821
201
0
0
0
0
0
0
0
0
0
0
85
1113
743
0
144
0
0
0
0
0
3
0
4
0
239
700
0
0
0
0
0
0
0
11
0
8
0
67
243
0
0
0
0
0
0
0
0
0
0
0
396
14
0
0
691
749
175
21
0
0
0
0
0
574
282
0
0
17
90
292
177
0
0
0
0
0
0
0
0
64
148
488
1169
1427
893
0
0
0
0
0
0
186
1144
466
336
1446
1284
0
0
0
0
0
0
0
0
412
416
0
0
0
0
0
0
0
0
0
125
0
0
0
0
0
0
381
0
0
0
0
0
0
9
23
0
0
28
76
107
0
0
0
0
0
15
0
0
0
0
0
0
0
0
0
0
0
0
0
0
0
0
39
0
0
167
232
0
0
0
0
0
27
644
1251
1480
1098
0
13
0
0
0
0
0
0
0
0
1328
1730
862
65
0
0
0
0
0
0
0
0
0
0
0
0
0
0
0
0
0
0
84
0
198
243
796
1233
1015
524
0
0
0
0
318
209
1195
1032
464
220
304
225
276
284
70
0
0
311
215
1247
1556
1138
103
0
0
0
0
0
0
0
0
0
0
125
0
0
0
0
0
0
0
0
0
0
0
32
0
0
0
0
0
452
832
0
0
0
0
0
356
13
0
0
460
100
345
340
0
0
0
0
0
0
0
407
659
626
0
0
0
0
0
0
154
523
1005
308
386
80
0
93
197
284
361
55
0
558
871
389
202
615
0
0
0
75
36
0
0
0
490
390
0
0
444
0
0
1559
106
102
462
0
0
1
0
0
0
0
0
0
348
719
824
612
638
87
0
0
0
0
0
0
0
241
940
0
0
430
329
0
0
0
0
69
470
415
1006
349
0
172
201
265
8
0
0
0
0
0
0
0
0
0
0
33
73
124
79
0
140
48
0
0
344
25
0
0
167
0
121
0
0
430
279
348
656
614
235
0
0
0
48
0
0
0
0
166
354
225
480
842
335
0
0
7
0
0
517
310
0
0
109
117
1579
1302
0
0
117
0
102
633
31
0
0
750
0
0
0
0
0
0
0
0
0
72
75
89
358
0
0
0
0
0
0
0
0
227
0
217
513
333
0
0
0
511
0
0
122
488
881
819
406
0
0
0
611
852
603
0
0
216
296
1083
597
33
0
0
74
671
1052
761
0
0
121
0
0
109
0
0
0
0
380
194
370
246
0
0
0
0
181
0
0
0
0
0
5
0
0
0
192
87
0
0
102
0
0
76
666
477
136
45
9
364
0
0
64
1224
828
542
1218
1565
182
0
164
4
0
0
0
0
0
0
0
34
16
0
0
0
0
0
0
0
0
0
36
64
90
84
28
0
0
0
0
0
0
0
8
80
112
88
44
18
0
0
0
0
0
0
0
0
0
48
0
0
0
0
0
0
0
0
0
0
0
0
4
0
0
0
0
0
0
0
0
0
0
0
0
26
0
0
0
0
0
0
0
0
0
0
0
44
100
0
0
0
2
0
0
0
0
30
42
0
14
56
0
0
40
78
0
0
0
0
96
88
0
0
0
0
20
78
56
0
0
0
0
32
48
0
0
0
0
0
40
40
0
0
0
0
0
38
0
0
0
0
0
80
0
0
0
0
0
0
48
54
2
0
0
40
24
0
0
0
6
0
0
12
46
0
0
0
0
0
0
10
0
45
16
210
188
0
0
193
382
258
174
46
0
0
0
0
180
121
29
67
203
205
0
0
0
0
0
0
0
0
0
0
0
70
29
87
0
0
0
0
0
0
0
555
258
75
0
0
280
515
0
0
0
0
0
11
0
123
205
0
0
0
0
0
0
0
0
0
0
0
0
75
474
0
0
0
0
0
0
0
183
337
78
42
55
0
43
2
34
244
0
0
53
220
385
22
0
0
0
0
22
107
0
0
0
88
35
196
0
86
416
0
115
77
36
98
0
0
0
0
0
0
23
732
342
97
48
214
19
0
0
0
0
0
0
0
475
346
0
0
0
0
0
15
0
0
0
0
0
249
195
129
46
0
0
0
0
0
0
0
0
0
82
335
298
0
0
0
0
0
0
44
0
0
0
754
710
945
1015
525
149
0
0
0
0
0
0
0
238
691
1408
1476
717
26
228
0
0
0
0
0
0
736
1808
1932
1010
0
0
0
0
0
0
0
0
0
0
0
0
0
0
0
0
0
0
0
321
28
0
0
0
0
0
0
0
0
0
0
0
0
0
0
0
461
352
0
0
0
0
0
0
0
0
164
0
224
1243
196
308
0
0
0
0
0
0
252
223
0
0
33
0
0
413
1117
0
0
0
0
1027
937
181
0
0
0
0
858
624
0
0
0
0
0
1195
0
0
627
0
0
51
40
0
0
0
0
0
0
0
0
130
0
0
227
0
0
0
0
0
0
0
743
669
0
0
0
0
0
0
0
150
0
0
0
3
387
120
0
0
0
0
0
0
0
0
0
0
0
0
0
0
0
7
5
102
110
0
0
0
0
0
0
0
0
0
0
0
0
0
0
0
0
0
0
0
0
0
0
0
0
0
9
18
0
0
65
0
0
0
0
0
246
119
0
57
40
0
273
173
0
0
0
0
159
816
290
0
0
0
0
0
0
96
74
0
0
0
105
31
0
0
50
6
115
0
0
0
0
0
0
0
0
0
0
249
193
0
0
0
0
0
0
0
0
0
0
0
83
177
0
0
0
0
0
0
0
0
0
0
0
130
739
0
0
0
0
0
0
0
0
0
0
0
0
681
300
0
0
0
0
0
0
0
0
15
95
0
255
296
0
0
0
0
0
0
0
0
116
146
0
63
0
0
0
0
0
0
0
0
0
0
53
0
0
0
0
0
80
106
47
0
0
0
37
319
0
0
0
0
0
193
193
189
326
153
0
0
0
8
116
733
1103
1133
895
709
540
413
761
689
0
0
103
197
0
503
1041
1144
446
68
0
0
671
81
0
72
0
0
18
50
124
0
0
0
272
520
0
0
0
0
66
0
0
0
0
0
0
0
189
225
7
0
0
0
10
0
321
270
113
0
19
0
176
44
0
0
76
175
0
1148
988
454
274
142
289
295
0
0
194
238
0
0
699
183
29
210
0
0
116
0
0
712
981
0
508
557
0
13
365
0
0
0
0
0
533
963
285
410
194
0
0
0
440
37
0
0
0
0
239
305
316
0
0
0
94
0
0
0
0
0
0
0
561
351
42
125
110
0
0
0
0
0
0
0
0
0
0
0
0
0
0
169
75
234
240
0
39
0
0
0
0
0
0
0
15
101
603
853
229
0
0
0
0
0
0
0
0
0
503
715
363
574
0
0
0
886
544
0
0
0
0
1
400
207
362
94
0
0
210
45
0
0
0
0
0
265
122
500
588
512
253
0
0
0
27
75
368
0
0
97
9
0
0
0
0
0
0
98
0
0
0
0
108
0
0
0
0
0
0
0
0
0
0
0
0
382
0
0
0
0
0
389
300
0
0
0
0
0
161
0
249
0
0
178
107
873
218
0
218
0
0
19
838
1705
559
0
225
313
91
0
0
0
0
0
0
0
529
716
0
0
0
0
0
0
0
363
0
0
0
704
707
0
0
0
0
0
0
4
618
20
0
227
0
282
341
159
0
0
0
0
0
0
155
857
450
227
232
705
392
0
0
19
0
0
0
290
1079
405
120
106
0
0
0
0
0
0
0
0
311
1048
415
350
204
0
0
0
0
0
150
568
314
392
762
470
660
444
56
0
0
577
247
495
282
235
246
307
499
364
0
655
707
141
0
0
291
233
329
407
333
281
210
256
0
0
0
69
0
0
0
0
485
431
353
105
0
0
243
15
0
56
0
0
0
395
460
334
242
164
1029
372
0
639
498
226
751
794
412
203
545
425
0
392
0
0
0
0
175
604
632
816
310
681
645
177
0
0
0
0
95
336
34
622
1249
307
257
642
756
662
0
0
92
402
131
593
1112
989
339
261
481
1129
376
117
0
0
0
326
897
787
312
265
0
127
0
0
27
900
691
0
0
0
0
0
0
0
621
0
0
100
0
0
0
0
0
0
0
0
0
0
0
0
138
365
605
2567
3591
2315
0
0
0
0
0
0
0
2127
1536
1850
4052
2812
0
0
0
0
0
0
0
0
0
150
0
0
0
0
0
0
0
0
0
982
1655
532
9
0
0
1086
1972
163
0
26
0
0
0
559
697
219
0
0
605
751
0
0
0
0
0
0
0
0
0
0
0
0
0
0
0
0
0
0
0
0
0
0
610
0
0
229
0
0
0
0
0
0
0
467
271
1055
1331
123
0
0
0
0
0
0
0
0
1252
2790
2346
1688
620
0
0
0
0
0
532
0
0
0
0
0
224
45
0
0
0
0
0
41
278
1012
1039
1339
2443
2549
1663
0
0
0
0
0
0
0
0
0
214
138
448
570
291
163
5
0
0
0
0
0
0
26
308
527
605
299
133
161
0
0
0
0
0
0
78
346
0
0
0
0
0
0
0
0
0
0
0
0
0
0
0
0
0
0
0
0
0
373
0
0
0
7
0
0
0
0
0
0
0
0
0
0
0
0
177
0
0
0
0
0
0
0
0
0
65
0
0
597
0
0
0
0
0
0
0
0
19
68
0
0
0
0
0
229
449
0
0
0
0
422
297
0
0
0
0
0
329
127
0
0
0
0
0
0
0
0
0
0
0
0
0
0
0
0
0
0
0
0
0
0
0
0
0
0
0
0
56
150
0
0
300
11
0
0
0
0
0
0
0
256
0
0
0
0
0
0
0
0
0
0
133
0
0
0
0
0
0
0
0
0
179
337
160
18
0
0
338
0
0
0
0
0
698
479
167
104
982
689
557
0
0
0
0
0
40
0
0
0
462
1286
0
786
122
0
0
0
0
0
0
0
0
0
881
0
160
429
0
0
181
0
0
0
15
0
0
545
98
870
927
295
0
0
0
0
148
0
0
0
0
176
41
0
0
0
0
0
188
87
0
0
0
0
457
0
0
0
0
0
0
0
0
0
0
0
496
967
0
0
157
1843
1138
55
770
0
0
1230
1427
505
346
0
0
0
1369
0
0
1433
72
0
1456
828
0
341
1162
702
0
0
0
0
0
0
0
0
0
530
0
0
0
0
0
0
0
0
0
0
383
672
76
0
0
716
0
0
0
0
0
0
0
614
1140
72
0
270
0
0
0
0
0
0
0
0
0
0
53
362
56
0
0
0
0
0
0
0
0
0
0
0
51
0
0
0
273
0
0
0
0
0
0
0
0
291
17
0
232
257
238
16
0
0
0
1152
509
0
184
45
0
853
615
188
284
0
0
657
1598
852
0
0
0
0
0
0
508
547
0
0
0
0
305
8
0
239
593
622
0
0
0
0
0
0
0
0
70
0
651
696
0
0
84
186
0
0
0
0
0
0
0
298
372
0
0
0
0
0
0
0
0
0
115
0
254
950
0
0
0
0
0
0
0
0
0
340
0
0
313
0
0
0
0
0
293
296
0
0
270
293
40
44
0
0
0
0
113
434
0
0
0
360
365
2
0
199
2
96
0
0
0
0
0
0
0
147
8
0
0
0
2
0
0
0
0
4
5
48
267
36
0
0
0
0
0
0
0
32
24
22
60
157
138
181
196
0
0
0
14
0
0
0
48
68
193
124
209
292
0
0
0
71
0
0
0
100
119
174
175
195
228
144
11
0
84
62
0
18
99
86
79
145
93
0
0
12
16
26
74
0
0
104
178
74
65
0
0
0
0
0
100
23
0
0
22
149
56
24
0
0
0
57
41
353
185
55
0
99
210
63
17
57
4
80
172
128
159
0
56
0
0
117
39
168
350
221
252
73
25
0
0
0
0
87
83
32
163
402
409
366
0
0
0
0
0
145
213
89
35
136
104
413
298
132
156
4
0
0
108
33
57
33
84
76
282
153
27
50
0
0
0
151
11
29
25
0
0
154
0
0
0
0
425
87
0
37
385
0
143
64
178
109
0
304
839
1456
984
0
0
546
864
0
0
0
0
0
202
656
351
0
0
0
0
508
0
0
445
0
0
0
0
0
24
130
0
0
673
0
689
937
266
0
0
1014
126
112
0
0
0
0
0
218
0
27
0
0
468
0
0
0
0
0
0
0
0
0
0
0
411
1076
0
0
0
155
0
0
215
163
500
309
0
0
0
0
0
514
862
0
0
335
0
1678
1851
492
0
0
0
505
1996
1623
0
0
338
0
0
1267
0
0
0
0
0
1223
899
0
77
266
0
0
0
0
0
0
0
0
387
0
26
20
556
285
0
381
451
154
0
0
349
564
77
443
33
648
282
0
0
578
0
0
0
493
374
213
488
98
0
0
0
0
0
0
25
54
18
0
29
0
192
0
0
0
0
0
0
0
273
67
0
0
169
107
113
0
628
862
792
128
66
8
166
312
596
245
0
268
124
0
755
1500
1088
0
0
0
0
429
203
26
165
127
0
35
502
527
0
0
149
0
139
72
133
201
288
0
0
0
0
0
0
0
0
0
0
53
0
0
0
0
0
0
0
0
0
0
0
0
151
0
0
0
0
0
1127
307
533
5
0
0
222
265
7
0
69
408
475
1196
672
0
120
169
311
191
50
0
0
778
402
621
1436
1009
603
324
573
8
0
22
305
0
0
0
0
594
922
0
0
0
0
0
0
0
0
0
0
0
0
0
0
0
0
0
0
0
0
12
216
566
0
0
23
0
0
21
70
0
0
0
0
0
0
0
3
129
523
350
0
45
0
0
0
0
0
0
0
265
902
1853
1529
280
0
464
0
0
0
0
0
0
889
1764
1567
635
0
0
0
0
0
0
0
0
0
0
0
0
0
0
0
0
0
0
58
0
0
0
0
0
0
0
0
0
0
0
0
63
0
0
0
0
15
0
0
0
0
0
0
0
0
0
0
0
426
1394
0
0
0
0
0
0
0
0
248
51
0
0
0
0
0
409
868
0
0
0
0
1746
1915
56
0
0
0
387
1789
1343
17
0
0
0
0
1366
0
0
0
0
0
1047
593
0
18
0
0
0
0
0
0
0
0
0
588
0
0
0
0
0
0
0
257
0
0
0
0
166
0
0
0
152
0
0
0
16
0
0
0
0
0
0
46
0
31
160
18
249
377
567
378
0
0
0
0
0
0
226
624
455
618
1060
128
0
0
0
0
0
0
0
0
345
75
1178
1428
544
79
178
575
1111
570
23
0
0
0
0
533
1945
2214
1190
1792
0
0
524
0
0
0
0
0
0
0
532
0
725
0
318
739
129
183
0
0
1010
1381
584
164
0
206
1001
1182
828
171
469
0
313
485
296
380
213
0
173
202
422
25
303
359
0
0
0
13
0
467
0
0
0
0
0
0
147
0
0
0
0
0
652
0
595
0
0
0
0
107
0
517
60
0
566
540
0
178
1041
0
0
0
0
0
570
625
0
1936
1228
0
1439
2038
174
34
360
0
0
100
34
0
0
0
234
726
272
0
937
0
16
0
0
0
373
0
0
792
500
0
0
472
0
0
0
0
0
0
0
0
0
0
0
0
0
222
1614
0
0
0
0
0
31
0
146
435
2
0
31
523
873
1254
2110
402
226
505
688
263
0
0
604
204
705
869
1748
1887
338
0
0
230
0
0
0
766
528
634
963
1246
1034
904
73
0
0
0
0
0
665
155
52
768
648
0
0
0
0
0
0
0
0
528
515
0
118
0
0
0
0
155
812
0
0
0
0
295
0
92
0
0
0
0
1229
2896
1833
616
0
900
1172
87
178
602
427
573
1546
1475
1212
0
993
0
0
617
0
920
1793
2331
2126
1234
857
423
0
0
162
320
0
0
977
1701
2762
2206
0
0
0
0
0
1016
419
0
10
728
0
2128
1430
654
475
0
0
0
97
0
0
0
274
126
1548
1242
564
566
0
0
0
297
0
0
0
0
0
0
0
0
423
10
0
490
610
215
18
0
0
395
0
0
0
0
0
0
0
234
259
377
240
445
235
0
0
0
0
0
0
0
0
333
681
64
575
7
0
0
0
0
0
0
0
0
0
262
0
170
27
0
9
108
0
0
0
0
0
0
414
52
556
420
514
0
0
0
0
571
393
220
0
0
212
283
0
0
0
0
0
0
344
294
0
0
0
0
0
0
0
0
0
0
0
0
0
0
0
0
346
0
0
0
0
427
430
191
0
0
0
0
0
213
0
558
0
360
254
183
959
0
0
0
0
0
0
532
1417
297
0
0
0
0
0
0
0
0
91
0
42
133
292
0
0
139
0
0
0
0
128
0
0
0
512
0
0
0
0
0
0
0
0
374
0
0
92
0
0
0
0
483
676
321
12
0
0
0
0
0
0
33
122
86
88
40
0
0
0
0
0
0
0
0
0
195
419
56
0
0
0
6
0
0
0
0
0
0
794
936
660
75
0
0
390
22
0
0
0
0
0
62
237
389
0
0
0
398
227
0
0
0
0
126
0
0
112
240
0
0
0
0
0
0
0
342
544
118
115
62
0
54
0
90
57
0
0
0
246
311
54
0
0
0
0
0
0
0
0
0
0
0
0
0
0
350
0
0
0
0
0
0
0
0
176
0
0
29
689
0
0
0
0
0
0
0
0
0
0
0
643
731
199
218
298
0
0
0
0
0
0
0
0
0
0
196
234
0
0
0
0
0
0
0
0
0
0
21
521
352
0
0
0
0
0
0
0
0
0
4
416
534
771
799
199
55
0
0
0
0
0
0
0
381
318
45
267
441
302
0
0
0
0
0
0
290
632
364
150
12
303
370
0
0
0
0
0
0
0
0
538
33
0
0
0
0
0
0
0
0
0
0
0
0
0
0
0
0
0
0
0
0
282
0
0
0
0
377
0
0
0
81
0
0
0
0
431
176
474
394
253
611
298
0
0
0
0
0
559
971
0
0
224
0
616
855
506
0
0
0
0
370
0
0
0
0
0
0
0
0
41
0
0
0
111
0
0
0
0
0
0
0
0
0
0
0
0
0
150
585
0
0
0
0
228
164
0
0
0
0
0
0
236
0
0
0
175
226
0
0
0
0
0
0
0
402
0
0
160
162
0
0
0
0
196
2
64
211
284
14
196
382
189
0
15
96
736
289
0
62
521
543
450
271
17
438
346
278
0
275
207
694
450
0
0
296
236
0
0
0
0
0
575
0
472
661
0
0
0
0
0
0
0
273
424
361
253
185
292
125
0
0
291
69
0
17
208
329
262
59
0
0
0
511
683
703
240
0
0
569
943
508
6
194
579
535
630
484
691
77
262
613
742
1171
562
70
318
489
932
545
0
1077
152
476
574
724
1032
243
25
228
193
143
0
0
0
0
140
0
0
615
208
267
155
249
0
0
0
0
0
0
0
156
550
273
0
0
439
1017
0
0
0
0
72
876
781
157
204
260
325
800
1289
1089
816
325
694
683
195
47
297
264
260
3
400
187
25
0
0
0
0
297
0
102
118
83
0
454
254
24
0
0
0
0
0
110
117
850
181
291
288
188
96
0
0
0
0
91
356
571
1055
697
676
164
0
0
0
0
0
0
0
137
855
1051
487
566
0
0
0
0
0
0
0
0
216
986
653
585
437
0
0
54
0
0
222
443
96
156
752
569
811
387
0
335
528
218
0
202
471
166
505
843
858
274
181
55
0
0
0
0
0
0
0
57
913
900
406
53
0
0
0
0
0
3
0
0
0
1057
930
416
272
0
224
451
0
0
236
215
0
56
656
500
418
371
0
266
0
0
0
0
0
368
276
276
411
666
483
437
0
0
0
0
0
0
18
219
759
266
266
576
1071
659
46
328
392
387
37
0
799
702
232
99
626
1129
0
0
0
0
0
0
507
922
149
174
840
236
79
780
734
182
453
199
0
0
0
68
181
771
506
536
1569
1567
457
324
0
0
0
0
0
290
0
626
134
380
877
299
0
0
104
121
0
0
827
0
383
890
883
0
61
107
0
389
1981
67
0
238
0
0
561
151
0
34
875
75
212
753
399
0
0
0
0
0
430
1490
933
573
0
221
578
1021
0
0
233
1114
1470
408
860
482
0
0
0
613
1066
425
0
224
673
704
998
1253
133
0
0
0
597
304
0
0
82
0
0
0
0
0
0
401
0
0
0
0
0
0
0
0
0
0
217
0
0
450
0
168
1164
0
0
0
0
376
0
0
0
494
1433
338
989
923
136
65
676
239
324
215
0
436
1693
1005
392
434
675
386
39
158
491
350
532
284
418
647
939
120
0
139
186
0
14
0
0
0
613
444
0
303
412
141
351
586
0
510
0
0
0
152
0
0
0
331
412
245
695
330
1206
0
0
0
0
175
151
0
0
196
333
653
531
524
199
0
0
0
601
884
0
0
0
173
353
468
406
175
1
0
0
0
0
0
0
71
349
1
388
265
712
75
0
0
0
593
349
733
878
230
234
353
0
0
0
0
249
16
471
189
0
0
0
0
264
0
0
0
0
0
341
46
478
0
126
0
88
247
335
24
0
0
271
222
0
592
0
0
0
183
585
1882
580
0
0
0
206
0
0
0
0
0
0
620
3123
2321
452
396
0
0
0
0
241
349
0
0
205
1037
2706
66
0
0
0
0
0
0
279
0
0
0
569
1252
0
0
0
0
0
0
0
125
0
0
0
0
0
0
0
0
0
0
0
2
17
309
948
0
56
0
0
0
0
0
0
0
0
161
237
911
239
552
195
0
0
0
0
0
0
0
227
245
812
428
504
0
0
0
0
0
0
0
0
164
332
622
526
564
0
0
0
0
0
0
0
193
282
263
158
327
301
133
244
98
0
0
24
73
447
822
350
190
117
0
0
0
4
133
0
28
0
0
0
73
136
379
133
0
0
0
119
84
271
466
0
0
252
236
388
539
92
15
0
113
425
277
786
76
0
202
143
573
1224
419
0
0
0
0
40
30
157
11
16
57
641
1921
1714
0
0
0
0
0
0
145
368
312
59
171
816
1984
303
0
0
0
0
134
65
494
213
30
54
436
1537
233
32
0
0
0
0
293
353
92
70
45
18
44
22
137
234
285
0
0
0
0
113
332
211
543
289
210
435
264
24
0
12
45
219
153
454
258
883
200
0
0
0
0
0
0
0
0
247
550
20
517
98
0
0
0
0
0
0
0
0
392
279
160
198
0
0
0
0
143
69
0
0
34
314
275
185
0
0
365
516
331
2
144
422
407
735
456
539
86
71
47
192
402
370
45
36
121
347
283
528
529
59
87
52
205
91
0
101
0
76
40
105
576
418
97
87
35
126
0
0
0
0
170
55
0
350
274
170
0
0
0
0
0
0
0
0
0
149
232
172
39
0
356
120
0
0
0
21
327
353
460
286
49
86
592
977
550
183
64
53
491
394
189
576
332
81
85
314
581
0
0
0
0
0
0
342
468
93
64
0
0
0
0
0
0
0
0
0
0
0
0
0
0
0
0
0
0
0
168
124
0
0
0
0
0
0
0
0
0
368
409
458
1433
2241
1594
0
0
0
0
0
0
524
1437
836
541
2053
2684
1655
0
0
0
0
0
0
0
0
142
0
0
0
0
0
0
0
0
0
0
0
0
0
0
0
0
0
0
0
0
0
148
78
0
0
0
0
0
0
0
0
0
0
0
0
17
0
0
0
0
0
0
0
0
0
0
0
0
25
0
0
0
29
0
0
0
0
0
0
0
0
0
0
301
1229
856
714
31
0
0
0
0
0
0
0
0
0
1875
2418
298
0
0
0
0
0
0
0
0
0
0
0
0
0
0
0
0
0
0
0
0
0
437
762
1422
2222
2203
1487
0
0
0
0
0
204
0
0
109
872
864
0
137
206
81
280
195
103
819
344
0
261
350
0
0
0
127
258
54
342
216
1257
0
0
0
0
0
0
0
0
0
0
570
54
455
399
0
0
0
74
0
0
0
0
0
139
175
67
444
331
0
0
0
192
0
271
207
13
38
87
0
166
27
245
344
0
642
454
311
818
57
156
320
0
0
126
402
467
0
269
271
272
104
0
0
202
196
0
239
0
0
174
0
284
0
222
0
0
240
128
0
0
0
0
0
0
18
0
0
0
57
260
725
144
0
0
0
0
0
0
0
0
0
0
0
728
887
583
267
0
0
70
303
328
171
0
0
286
629
1312
115
194
254
0
239
77
14
60
0
0
154
346
315
0
0
0
0
0
0
0
0
0
0
263
0
0
0
0
0
0
402
129
0
0
104
680
0
0
0
0
0
346
585
557
546
57
0
0
0
0
0
458
229
830
881
628
276
215
409
41
0
271
0
194
1316
810
0
90
0
0
0
782
490
0
122
9
143
743
379
0
0
0
0
0
160
350
0
0
0
0
0
0
0
255
382
0
0
0
353
191
0
0
93
295
0
53
388
911
0
0
0
615
206
0
123
352
648
895
683
1162
1514
775
862
893
984
0
0
51
518
855
470
51
407
0
0
642
128
0
206
0
327
219
667
192
304
662
0
0
0
0
0
159
0
0
0
482
953
0
0
0
0
0
473
387
0
0
194
0
293
436
596
0
0
0
407
0
0
0
34
133
0
520
759
1241
596
108
397
415
0
0
0
0
141
123
177
169
153
278
266
0
0
0
0
0
118
254
502
296
305
436
50
0
0
0
0
0
0
227
114
460
0
0
8
0
0
0
0
0
0
0
467
0
214
49
11
0
0
0
0
26
158
5
0
131
26
0
0
81
220
301
234
216
199
52
0
0
163
0
0
0
236
724
290
82
0
212
507
426
20
221
35
343
199
220
333
0
0
0
36
337
210
254
200
0
0
0
0
70
0
0
0
0
0
0
3
60
0
0
0
0
0
0
0
0
0
0
0
0
16
0
0
0
0
0
0
0
0
0
0
0
125
71
0
0
0
0
0
85
248
788
691
0
0
145
40
2
334
162
113
12
162
474
723
159
0
0
310
113
0
234
315
80
0
0
95
0
0
0
0
50
80
0
63
339
198
0
0
190
356
251
102
33
0
0
0
0
284
36
0
0
0
188
0
0
0
0
0
0
0
0
163
84
0
0
0
205
0
0
0
0
0
0
0
481
540
232
0
0
892
550
0
0
0
0
0
20
0
259
300
89
0
118
0
0
0
0
0
71
0
0
0
0
190
0
0
0
0
0
0
0
80
158
0
0
0
0
0
0
0
0
0
0
85
206
258
0
0
273
0
47
36
0
0
0
0
157
54
93
173
320
611
409
478
160
350
544
0
0
0
0
182
244
185
988
918
741
435
755
227
0
0
0
0
0
0
0
382
761
4
0
0
0
0
16
0
0
0
0
0
0
0
0
0
0
0
0
0
0
0
0
0
0
0
135
71
0
0
0
0
0
242
110
259
19
0
0
0
0
0
0
53
579
1495
185
0
83
80
0
127
102
513
610
0
62
589
1570
448
765
1532
0
0
0
72
0
0
0
0
304
1547
219
1479
2017
0
0
0
0
0
0
0
118
710
1295
684
1525
1683
733
0
0
805
50
95
141
0
73
368
382
354
0
0
162
0
0
0
0
0
636
505
127
14
0
0
0
0
412
726
0
0
0
427
972
558
747
152
0
231
559
306
1246
750
310
37
885
1534
468
823
688
822
2036
1347
0
404
0
1175
1344
1278
1346
143
1218
0
263
1927
0
0
0
0
0
984
1348
701
432
782
0
634
1077
0
0
0
0
0
953
1055
267
289
928
594
1527
1684
717
337
0
0
626
1011
0
546
192
792
619
1561
820
822
0
0
0
262
1250
92
241
147
28
0
0
0
74
1046
1396
169
0
0
0
2
0
12
626
524
178
575
415
0
0
0
0
0
0
0
0
418
0
166
483
0
0
0
0
0
0
0
0
0
0
0
99
147
295
0
0
0
0
0
0
0
0
0
0
0
0
164
0
0
0
385
147
0
0
0
0
103
0
152
411
0
0
0
291
416
0
0
22
221
358
166
553
589
0
65
7
395
210
0
0
0
421
412
245
0
0
0
0
0
60
0
0
0
0
0
0
0
0
0
0
0
0
0
0
0
0
0
0
0
0
0
0
0
0
138
0
0
0
0
0
0
0
0
502
0
0
287
1030
0
0
0
0
0
26
0
0
0
0
0
493
315
0
0
0
0
0
0
0
0
0
0
0
0
0
0
0
0
0
0
0
0
0
0
0
0
0
187
376
258
343
1425
0
0
0
0
0
0
0
0
97
379
551
667
1156
841
1031
524
0
0
0
0
0
0
0
658
918
1157
870
971
589
0
0
0
0
0
0
0
395
1049
950
1042
927
416
377
258
0
0
233
39
0
461
927
655
1043
649
180
168
0
0
0
724
416
295
821
1059
765
299
0
0
0
0
0
357
235
46
0
0
597
591
216
0
0
0
0
0
1033
735
346
0
211
1213
782
240
381
50
115
619
788
797
0
515
0
0
725
491
781
1903
1156
984
237
43
380
0
0
202
127
0
222
1125
2693
2534
1054
78
0
0
0
0
400
466
289
117
604
804
2578
1073
339
682
42
0
0
232
485
260
51
303
691
1798
483
74
15
0
0
0
686
658
144
94
41
0
206
126
0
0
0
0
453
496
332
0
18
0
0
0
0
0
0
0
0
0
221
534
324
17
52
0
0
83
0
0
0
0
0
0
351
495
171
0
0
0
0
282
113
0
0
0
292
336
396
66
10
0
0
60
528
659
0
0
851
732
464
530
518
188
0
0
114
591
424
0
144
507
245
277
535
673
41
517
372
235
0
0
0
0
242
49
0
328
447
378
303
0
0
0
34
0
0
0
0
0
199
412
195
124
0
0
0
0
0
0
0
0
0
281
319
0
201
0
0
0
0
0
22
0
0
0
0
179
0
0
0
0
0
288
210
646
292
0
0
0
218
0
69
0
0
0
96
920
559
0
0
0
332
229
0
118
183
0
0
0
0
0
0
0
17
8
99
577
658
629
884
550
0
0
266
113
0
0
0
0
466
0
420
1284
750
133
393
559
616
140
0
0
0
0
0
350
83
0
556
942
1360
1170
389
0
0
142
0
0
1218
0
0
0
579
879
1754
1414
0
0
50
0
0
1161
564
14
0
1012
680
400
63
0
0
0
0
0
0
0
466
319
622
0
0
0
0
109
0
141
684
931
354
320
80
658
0
96
254
553
539
0
310
277
395
859
1138
0
788
87
0
581
874
47
0
52
0
245
584
193
0
0
232
0
414
507
132
0
78
0
0
403
25
0
6
525
41
0
689
998
64
0
0
0
972
0
0
357
536
298
643
764
430
253
165
0
0
550
913
559
637
934
812
455
0
357
316
205
0
0
361
658
880
800
759
1210
320
0
128
131
0
0
0
0
0
47
0
0
0
1
0
100
511
10
52
0
0
0
31
0
0
4
39
40
90
246
341
542
481
0
0
76
116
0
0
0
230
173
268
367
554
329
0
0
0
340
138
0
0
184
253
269
372
418
170
148
60
0
27
133
0
0
253
198
89
330
233
170
0
0
0
0
250
55
0
248
302
100
119
0
0
0
0
48
158
87
22
0
0
161
74
0
0
0
0
0
184
753
391
231
0
167
374
158
17
216
78
122
261
470
505
7
298
0
0
152
83
332
957
673
427
174
53
98
0
0
92
157
56
45
384
1104
1195
778
295
0
0
0
0
403
475
156
47
183
98
962
597
138
101
0
0
0
325
196
0
0
99
115
545
277
27
99
0
0
0
327
138
13
13
0
0
0
0
0
0
0
0
0
0
0
22
92
0
0
0
0
0
0
0
0
27
0
0
0
198
0
0
0
0
0
0
4
253
366
291
0
0
177
4
0
211
176
235
0
0
426
618
212
0
0
112
31
14
381
304
87
0
46
0
21
0
0
0
0
0
50
0
0
0
0
0
0
0
0
0
0
0
31
0
0
0
0
0
0
0
0
0
0
0
0
44
0
0
0
0
0
0
0
0
0
30
0
0
0
0
0
0
91
0
0
0
0
0
71
72
0
0
0
0
155
388
507
598
211
0
0
0
0
0
137
0
0
0
0
339
638
0
0
0
0
0
0
109
0
0
0
0
0
0
0
0
0
0
59
0
66
36
0
171
309
612
437
278
422
109
0
10
12
0
0
0
0
0
0
0
0
0
194
193
224
589
0
0
0
0
0
0
0
120
262
360
516
577
529
252
151
0
0
0
135
163
0
0
0
608
766
193
432
136
0
0
0
0
0
0
0
0
144
945
392
472
322
0
0
0
0
0
0
0
0
1
715
391
518
317
461
488
0
0
0
443
357
283
156
671
617
0
0
0
0
0
0
192
268
0
0
0
463
677
0
0
0
0
0
0
54
82
53
0
0
946
759
0
206
231
276
0
285
139
0
455
176
52
611
464
231
1073
382
187
0
0
0
0
0
367
0
0
231
554
2067
1507
0
487
0
0
0
0
106
199
264
4
27
703
1456
488
11
0
0
0
0
180
1006
237
0
36
378
727
0
0
0
0
0
0
525
1022
149
42
170
325
1048
856
403
401
243
0
0
136
60
0
0
355
582
1043
1122
871
0
0
0
0
36
110
0
0
181
117
0
0
0
0
0
0
0
0
0
398
0
0
0
0
0
0
0
0
0
0
0
0
368
0
0
0
0
0
543
587
351
984
412
0
0
451
329
119
0
0
649
771
316
573
328
735
466
0
367
586
0
556
676
586
502
0
0
98
347
585
318
819
607
0
0
0
0
122
0
0
0
0
0
0
418
426
0
0
0
0
0
0
0
295
0
0
0
0
214
0
0
0
0
0
0
0
273
46
42
217
318
258
0
0
0
0
241
207
0
1266
1149
281
10
325
206
0
0
0
367
328
918
1164
1222
493
0
410
330
215
0
0
0
0
0
0
0
0
0
0
401
70
101
204
0
0
128
219
0
0
12
41
0
4
87
550
245
0
0
285
107
0
0
0
1
6
19
0
309
180
35
531
0
0
0
0
0
0
0
74
0
519
60
351
1065
176
0
0
137
110
18
202
288
126
440
250
382
979
550
0
0
652
314
56
5
56
46
167
185
73
0
0
111
159
189
103
0
0
0
399
77
117
78
229
66
8
0
174
0
7
65
204
521
122
0
0
0
340
681
134
822
396
40
172
378
557
19
0
0
0
410
596
0
209
0
0
0
134
502
16
248
0
0
473
249
112
0
0
0
0
333
694
107
215
0
0
1150
0
0
0
0
0
66
821
390
96
449
0
0
674
454
416
19
74
0
645
115
230
156
372
23
188
560
465
482
0
0
428
742
0
80
87
154
59
134
142
19
0
0
0
0
0
0
119
423
1
0
173
94
94
107
6
0
0
0
0
18
437
24
233
378
254
190
0
0
0
33
0
35
0
415
57
321
114
0
0
0
0
0
181
102
112
0
256
171
251
0
0
0
0
0
0
77
74
111
0
22
6
106
0
0
101
119
0
0
0
0
417
74
0
0
61
7
0
136
277
0
0
0
0
157
27
0
278
223
95
93
94
272
85
222
313
51
0
5
0
331
350
122
32
0
0
168
407
564
112
31
7
0
270
106
109
7
0
0
0
285
252
179
141
65
4
193
130
413
0
0
0
0
0
0
174
127
40
51
63
145
588
85
0
0
0
88
313
0
0
22
7
10
96
913
406
221
0
0
210
93
7
0
0
17
156
0
25
0
0
0
0
0
0
0
0
358
1367
0
0
0
0
0
481
769
1482
1316
0
0
228
1066
320
867
1753
336
319
1016
1424
1207
570
0
0
4
953
211
1465
1617
0
0
0
10
0
0
0
203
562
871
556
1329
760
123
0
0
95
0
0
0
16
0
51
166
280
0
0
0
0
0
0
0
0
858
389
0
0
0
0
0
0
943
1512
0
0
0
517
769
344
634
194
277
388
411
1281
2137
1249
695
409
1161
1228
334
752
1019
1907
2545
1323
85
681
0
1953
1881
1570
995
11
1132
218
1236
2302
0
0
0
0
0
1469
1461
198
283
543
0
1390
904
0
0
0
0
0
1555
790
0
212
464
329
2012
1827
689
0
0
0
921
522
0
187
24
407
311
1979
1179
910
0
0
62
0
539
0
103
38
0
0
139
0
53
447
246
0
0
141
71
105
84
157
889
387
91
411
145
0
0
0
83
318
219
451
298
821
0
0
0
0
0
0
0
0
194
443
480
228
129
0
0
0
0
0
0
0
0
0
299
156
147
0
0
0
0
0
0
13
25
119
42
446
297
291
66
377
1061
727
240
0
336
898
1258
866
213
625
223
0
0
172
357
204
0
198
275
292
2
16
432
92
73
0
0
0
0
0
0
0
0
0
11
469
168
39
0
0
0
96
0
104
92
0
0
0
333
0
429
0
0
0
0
0
0
80
123
0
0
85
138
1120
611
0
93
0
0
338
768
0
0
343
0
0
1048
1325
0
0
0
91
477
108
0
905
327
21
0
623
715
0
0
0
0
0
0
26
801
113
51
32
0
0
0
0
0
0
286
84
0
0
0
0
0
0
0
0
0
0
0
0
0
0
0
0
0
0
0
0
377
816
134
0
0
0
36
0
0
0
0
0
0
1588
1694
1202
0
0
0
680
404
0
0
0
0
0
169
365
698
0
0
91
494
399
0
0
0
0
0
0
0
10
251
0
0
0
0
0
0
0
371
463
0
0
0
0
0
0
0
0
0
0
0
29
43
0
0
596
0
0
0
0
0
0
0
0
0
0
0
0
987
0
0
0
0
0
0
0
0
0
122
0
364
1694
0
0
9
0
0
0
0
0
0
0
0
0
935
509
0
0
0
0
0
0
0
0
0
0
0
0
211
68
0
0
0
0
28
0
0
0
65
0
0
226
0
0
0
0
0
0
0
0
0
0
0
0
0
0
0
0
0
56
158
0
60
40
0
0
0
0
30
4
0
0
111
261
76
3
107
89
26
0
0
0
0
0
74
131
149
140
77
0
0
0
23
0
0
0
0
37
119
110
100
98
0
0
15
0
0
0
14
8
0
44
10
130
152
54
51
0
0
0
0
0
80
0
0
25
36
0
0
0
0
0
0
0
0
0
0
0
64
21
0
0
0
0
87
0
33
0
0
0
80
107
58
13
0
181
85
11
68
121
64
89
118
64
33
56
134
0
62
0
0
9
15
88
141
102
45
38
249
407
165
0
0
0
0
0
0
0
61
157
0
23
138
216
35
0
0
0
0
0
54
212
49
0
0
160
218
8
0
0
0
0
0
129
177
26
9
529
333
550
600
428
0
0
0
0
0
0
220
737
390
449
878
977
692
109
0
0
0
0
0
42
1084
302
642
811
225
0
0
0
0
0
0
148
151
1145
269
762
378
0
0
0
39
178
0
0
121
108
598
343
461
240
0
0
0
543
451
211
0
107
135
58
428
350
431
451
368
132
0
245
280
0
620
265
122
348
147
50
0
254
353
0
0
0
0
309
205
97
491
106
0
344
644
0
0
103
0
0
0
139
134
586
221
0
53
228
0
0
1121
367
0
60
63
47
470
175
0
0
0
0
0
150
478
0
726
941
70
813
637
344
647
439
0
0
0
135
406
1095
1066
93
333
419
790
473
0
0
0
329
839
854
1162
338
117
200
408
1592
198
62
0
0
0
216
906
520
100
104
150
0
0
0
354
350
121
0
0
0
0
83
634
614
910
220
570
725
66
0
0
0
0
0
0
751
492
1248
367
0
0
0
0
0
0
0
0
13
1092
177
971
734
0
0
0
0
0
0
0
1
114
531
321
511
492
64
0
0
930
273
0
0
29
13
226
287
0
0
568
911
177
0
0
456
655
722
270
346
269
51
0
57
303
0
101
0
0
306
124
526
353
0
0
0
130
495
0
436
0
0
0
211
431
242
0
0
0
559
254
0
157
0
0
52
191
277
110
294
0
0
159
0
0
0
0
0
0
601
840
165
201
0
223
958
0
0
0
225
687
432
1216
875
45
321
837
1211
1121
212
0
1
629
234
842
861
705
187
271
539
800
150
0
0
0
0
228
886
390
197
165
234
0
0
150
0
0
0
644
655
169
64
1
284
15
0
0
0
0
0
0
155
0
0
0
0
120
0
0
0
96
349
0
0
0
0
0
0
0
262
0
0
602
1012
733
259
0
0
290
1179
342
0
251
0
139
701
485
515
623
0
0
506
444
247
0
0
0
0
0
0
229
594
415
0
0
0
0
0
0
0
514
675
293
34
0
0
0
148
198
366
0
0
306
626
428
65
322
640
0
192
355
394
0
0
0
191
129
0
442
355
418
0
0
0
129
439
58
0
54
0
67
0
38
1105
194
0
189
59
0
199
0
0
0
0
0
0
81
689
139
0
0
0
0
172
123
0
0
0
0
0
213
297
0
0
0
184
139
83
0
0
229
92
0
0
0
88
0
0
0
72
12
634
321
205
105
1688
2381
889
177
0
0
0
0
0
812
1469
361
328
557
224
0
0
0
0
0
0
0
0
31
0
330
0
0
0
38
0
0
0
0
0
0
0
473
998
408
0
0
0
0
0
0
0
0
0
0
0
736
847
0
0
0
0
0
0
0
0
0
278
0
0
0
654
0
0
0
0
0
0
0
143
312
556
791
807
0
322
233
753
509
0
0
0
99
986
499
136
0
0
0
0
194
0
0
0
0
0
0
0
0
220
0
0
0
0
0
0
0
0
0
0
0
0
660
0
38
0
0
0
0
0
0
0
0
0
1268
1397
169
551
613
225
0
0
0
0
0
0
0
0
0
48
125
619
0
0
0
0
0
0
0
0
0
0
558
533
0
0
0
0
0
0
0
14
11
0
76
146
145
104
24
4
0
0
0
2
55
2
2
59
39
28
0
0
0
0
0
0
0
0
0
12
0
0
0
0
0
1
0
0
0
0
0
22
2
0
0
0
0
0
0
0
0
0
0
0
0
20
21
0
0
0
0
0
0
0
0
0
0
0
0
49
85
0
0
0
0
0
0
0
0
41
74
69
81
7
19
63
73
55
0
0
0
63
132
74
5
0
0
0
92
86
1
0
0
7
10
32
14
6
50
0
50
47
11
33
0
0
0
0
51
11
0
8
0
0
35
61
34
0
0
0
0
0
0
2
15
0
0
0
24
0
0
0
0
0
0
0
0
0
0
0
51
0
0
0
0
0
0
0
0
0
0
0
0
0
0
0
0
0
0
0
0
0
59
123
0
0
121
122
57
0
0
0
0
0
0
97
0
0
0
0
250
356
0
0
0
0
0
0
144
176
0
0
0
332
565
0
0
0
0
0
0
369
701
543
531
0
0
225
91
0
0
0
0
0
0
0
0
0
0
0
172
330
55
0
0
828
849
0
0
0
480
674
550
0
435
371
0
0
0
82
0
0
0
277
273
0
0
78
166
0
0
0
0
0
40
0
0
37
0
0
0
92
0
0
0
0
0
113
0
0
0
0
0
0
200
0
976
106
0
0
0
0
0
168
0
0
0
0
0
1324
771
0
1041
92
0
0
329
0
151
46
0
0
199
263
0
0
0
0
0
0
114
726
0
0
0
0
0
0
0
0
0
0
0
0
401
0
0
85
0
0
0
0
0
0
285
0
0
0
0
0
0
0
0
0
0
87
424
649
470
0
0
0
0
0
0
0
506
886
820
700
297
200
402
0
0
0
0
0
27
822
906
902
0
0
0
467
324
0
0
0
0
0
109
70
404
0
0
70
511
498
0
0
0
0
0
0
0
92
285
0
0
0
68
0
0
0
238
329
0
0
16
566
0
0
0
87
0
0
0
63
253
201
145
922
399
194
0
375
322
0
0
0
0
368
111
0
472
0
0
0
0
0
0
0
0
99
399
0
267
802
0
0
101
0
0
0
0
0
0
0
0
0
322
218
0
29
43
0
0
0
0
0
0
0
119
0
104
4
0
0
0
0
26
0
0
0
138
257
0
0
0
0
0
0
0
0
168
124
0
0
0
0
0
566
0
0
0
0
0
0
0
0
0
0
0
616
611
89
0
0
0
0
0
0
0
0
1109
871
1015
1401
1959
1608
0
0
0
0
0
402
2111
2057
1234
78
1230
2207
2163
0
0
0
0
0
140
407
167
576
0
0
0
0
0
0
0
0
0
0
0
0
0
483
0
0
0
0
0
0
0
440
364
0
0
0
20
0
0
0
290
0
0
0
115
649
0
0
369
99
81
0
317
154
0
0
0
0
419
0
0
936
0
0
0
0
0
0
0
0
0
0
0
1102
3424
1301
659
26
0
0
0
0
0
0
0
0
0
2034
2937
85
0
0
0
0
0
0
0
0
0
0
0
0
0
0
0
0
0
0
0
0
0
598
812
1996
2604
2298
1048
0
0
0
0
0
0
0
0
65
170
182
0
0
0
11
75
615
105
256
104
47
139
149
0
0
37
100
218
142
345
365
838
397
0
0
0
0
0
0
0
84
246
370
281
627
226
0
0
0
169
0
0
0
106
483
309
363
420
0
0
0
0
0
0
0
0
225
396
190
324
125
0
96
99
117
6
232
189
209
556
664
422
111
0
0
60
132
182
239
122
51
135
103
552
395
88
30
9
91
45
16
686
216
336
5
83
698
394
61
331
135
220
32
41
284
105
451
0
0
381
248
441
1080
627
278
0
0
0
0
0
141
266
257
155
260
1201
1441
643
0
0
0
0
17
594
815
329
95
95
455
1540
886
227
49
0
109
151
284
524
212
75
72
181
779
28
0
0
0
0
0
349
351
59
59
0
82
0
55
258
448
346
96
0
30
0
0
0
0
0
60
319
568
126
0
0
0
0
0
0
0
0
0
0
624
823
257
0
0
0
561
347
0
0
0
0
0
682
1306
1441
978
1367
0
0
343
0
0
0
0
0
0
0
292
0
127
0
213
498
0
0
0
0
864
240
0
116
239
222
205
58
0
0
0
0
50
420
204
163
113
0
360
226
251
132
0
0
0
0
96
282
36
138
0
0
0
0
0
0
0
0
0
0
0
0
894
0
298
0
0
0
0
0
0
562
372
0
502
662
0
0
514
0
0
0
0
0
204
303
272
1569
673
0
413
910
172
0
0
0
0
0
0
0
142
156
74
228
57
0
0
0
0
0
0
0
0
0
0
307
25
0
0
0
0
0
0
0
0
0
21
215
0
0
37
372
157
169
20
227
346
0
193
122
0
0
0
0
135
358
359
371
205
0
0
0
0
0
0
0
0
0
62
408
279
447
0
0
0
0
0
0
0
0
32
0
101
176
264
0
0
0
0
0
0
36
312
873
227
173
133
371
177
915
1021
484
0
0
394
841
1042
0
110
322
566
0
51
0
0
0
0
338
0
0
0
0
85
188
0
0
0
0
0
0
0
0
0
0
0
164
0
0
0
0
0
0
0
0
0
0
0
0
235
79
1765
0
0
0
0
0
0
0
0
0
95
35
212
2801
724
0
735
0
0
91
563
0
0
858
105
0
1178
1047
0
0
0
6
109
0
0
1204
551
238
0
565
0
0
0
0
0
0
0
14
745
197
163
0
30
0
0
0
634
331
122
589
655
102
0
0
0
161
0
0
0
0
0
0
0
385
149
0
0
0
0
0
0
0
0
0
117
449
686
489
0
0
0
0
0
0
818
369
1109
2587
0
0
0
0
0
0
0
0
0
0
0
0
153
0
0
0
86
0
0
0
1892
331
0
0
0
909
650
0
0
0
0
0
0
0
0
0
0
0
702
567
0
0
0
0
0
0
0
0
0
0
0
0
0
0
0
0
0
0
0
0
0
0
560
0
0
0
0
0
0
0
0
0
0
0
609
323
293
0
0
0
0
0
0
0
148
0
0
1954
677
130
0
0
0
0
0
0
0
0
0
0
0
0
0
0
0
0
274
0
0
0
0
0
0
0
329
422
231
216
0
19
0
0
0
0
0
0
0
4
0
65
0
0
0
0
0
0
6
3
0
0
63
208
436
373
57
0
111
0
0
0
0
0
0
244
442
436
272
1
0
30
0
0
0
0
0
0
0
12
0
0
0
0
1
0
0
0
0
0
0
0
42
0
0
0
0
0
0
0
41
0
0
0
0
27
0
0
0
0
0
0
0
0
0
0
0
94
318
0
0
0
0
0
4
0
0
19
22
0
0
13
0
0
60
219
8
16
0
0
348
460
81
0
0
0
0
405
325
24
0
0
0
0
349
0
0
90
0
0
263
185
0
13
0
0
0
0
0
0
0
0
0
162
0
0
0
0
0
0
51
116
0
0
0
44
73
0
0
0
31
0
0
0
111
0
0
0
0
0
0
32
0
0
0
0
0
0
0
0
947
657
97
125
85
385
0
0
0
0
0
626
985
1280
1414
721
376
134
0
0
141
247
0
240
1420
1775
1422
747
454
392
69
0
0
68
0
0
0
0
370
0
0
0
91
381
175
119
123
0
0
0
0
0
0
0
0
0
384
255
0
0
0
0
0
56
579
296
0
0
161
672
329
0
0
0
405
278
846
1607
93
322
348
332
505
360
0
0
808
1094
0
434
1519
204
770
1102
1388
763
202
0
94
1582
925
0
0
0
0
664
795
294
532
177
0
0
852
453
0
0
0
0
0
33
0
0
92
0
0
526
759
32
0
0
0
0
1198
0
0
0
77
50
515
1011
1131
356
0
0
651
258
0
0
0
219
0
408
876
1208
402
71
127
0
161
0
135
0
0
0
0
0
0
232
7
55
367
316
125
0
0
0
0
0
0
0
0
5
37
161
268
240
48
0
0
0
0
0
0
185
243
356
304
205
32
0
0
0
0
0
0
2
0
145
10
0
0
0
0
0
0
0
0
0
0
0
0
0
0
0
0
28
0
0
0
228
123
0
0
0
279
201
273
0
0
5
0
0
0
44
0
0
38
171
195
0
0
0
0
0
0
0
0
0
0
0
0
0
0
0
0
0
0
0
57
0
0
0
0
0
0
0
0
0
3
0
66
0
0
0
0
0
0
0
0
0
0
0
0
402
0
0
219
0
0
0
0
0
0
0
0
0
199
5
0
0
2
0
0
0
0
0
0
0
0
0
0
0
109
58
0
0
140
0
0
0
0
43
26
3
0
4
0
0
0
0
0
17
116
257
74
0
0
26
0
13
69
235
282
60
54
176
349
106
48
310
0
0
28
95
40
0
0
0
134
342
16
264
512
0
0
0
0
0
0
0
0
239
313
133
305
525
237
20
0
328
146
12
0
0
50
143
138
82
0
0
0
0
16
0
0
0
0
150
90
32
0
0
0
0
23
316
0
0
0
47
293
208
70
0
0
137
208
0
282
61
0
78
389
497
164
79
0
166
653
410
0
0
0
0
374
428
456
74
207
0
0
572
0
0
0
0
0
164
406
249
124
213
0
0
427
0
0
0
0
0
228
334
125
50
285
150
76
485
330
137
0
0
131
439
88
183
46
271
182
130
186
341
141
0
0
170
517
129
103
43
0
168
0
0
0
750
673
0
0
0
0
32
0
0
902
255
0
0
152
0
0
0
0
0
0
0
198
809
0
0
62
0
0
0
0
0
265
95
0
257
255
0
0
140
135
124
530
0
0
0
0
0
0
0
0
0
0
0
0
0
0
0
0
27
0
107
20
765
305
0
0
0
286
333
203
254
0
68
168
0
0
0
64
154
0
381
123
81
0
0
0
0
0
0
0
0
0
0
0
0
0
0
0
65
0
0
0
0
0
454
0
0
0
0
0
0
56
0
314
0
0
50
0
0
0
0
0
0
0
0
48
905
442
0
866
0
0
0
76
0
192
102
0
0
102
434
0
0
0
0
0
0
76
653
0
0
0
145
0
0
0
0
0
0
0
0
373
0
0
0
0
0
0
0
0
0
0
0
0
0
0
0
0
0
0
0
0
0
0
0
0
0
0
0
0
0
0
0
0
0
0
0
0
0
0
0
0
0
0
0
0
0
0
0
0
0
0
0
0
0
0
0
0
0
0
0
0
0
0
0
0
0
0
0
0
0
0
0
0
0
0
0
0
0
0
0
0
0
0
0
0
0
0
0
0
0
0
0
0
0
0
0
0
0
0
0
0
0
0
0
0
0
0
0
0
0
0
0
0
0
0
0
0
0
0
0
0
0
0
0
0
0
0
0
0
0
0
0
0
0
0
0
0
0
0
0
0
0
0
0
0
0
0
0
0
0
0
0
0
0
0
0
0
0
0
0
0
0
0
0
0
0
0
0
0
0
0
0
0
0
0
0
0
0
0
0
82
454
397
5
0
0
106
0
0
0
0
0
0
0
456
901
750
261
374
0
0
0
0
0
0
0
0
0
852
1301
0
436
0
0
0
0
0
0
0
0
0
0
1267
69
228
0
0
0
0
0
0
328
148
0
0
1149
676
854
288
737
917
0
0
0
917
1058
176
0
672
1138
160
0
0
0
0
0
0
349
83
0
0
347
1067
0
0
0
0
0
0
0
0
0
0
0
1080
1256
0
0
0
120
407
17
0
0
0
0
126
828
806
0
194
0
0
0
0
0
0
0
166
0
0
300
500
1223
0
0
310
0
0
0
0
0
0
546
0
11
428
0
0
0
80
0
0
0
169
1579
422
0
34
450
0
0
0
0
0
0
0
825
1797
136
26
0
0
0
0
0
24
0
0
0
6
4
12
100
0
0
0
0
0
4
0
10
52
30
6
28
0
24
28
134
316
314
199
154
133
124
221
210
31
0
70
43
0
202
475
467
96
17
0
0
215
41
0
46
0
0
0
34
76
0
0
0
95
182
46
25
10
27
61
14
0
0
0
15
32
13
78
64
50
0
0
0
21
0
19
14
48
17
22
0
45
33
0
0
0
0
0
308
155
138
14
0
0
44
22
0
21
0
0
0
301
92
0
23
0
0
0
12
0
241
283
0
202
230
0
7
108
9
0
0
0
0
262
299
0
182
186
20
0
0
37
0
0
0
0
0
136
1
23
23
0
0
0
0
0
0
0
0
0
67
196
39
0
42
0
0
0
0
0
0
0
109
0
0
0
95
0
0
0
0
0
0
0
0
99
0
0
0
0
0
117
135
5
0
120
0
89
0
22
0
0
90
325
647
653
400
90
125
0
160
0
0
0
435
150
426
884
301
0
0
0
0
0
32
0
27
108
0
77
130
0
0
0
0
0
137
249
369
0
0
0
0
0
0
0
0
0
0
0
0
0
0
0
0
0
50
0
0
0
0
0
0
0
0
0
0
0
87
4
0
0
0
0
13
0
0
0
137
133
162
451
0
0
154
120
0
0
0
0
0
337
498
534
875
370
0
107
0
0
0
233
190
0
0
319
309
473
0
0
0
0
0
0
0
0
0
0
0
0
0
0
0
39
0
0
0
0
98
0
249
57
338
264
63
77
17
43
0
0
0
0
0
0
0
0
0
863
887
478
239
198
429
0
0
0
0
0
0
19
804
394
126
0
55
105
0
0
295
1077
1429
560
618
511
790
1268
840
0
6
251
0
916
2749
2587
1798
0
0
17
547
732
0
83
197
20
643
984
470
573
0
0
52
125
304
0
4
0
214
0
0
0
0
592
0
0
0
0
0
0
0
0
0
0
0
0
361
0
0
0
0
0
0
0
0
76
0
0
1943
1124
1403
274
264
192
0
0
0
0
308
360
1425
2586
784
0
0
0
315
172
0
0
0
1387
1001
2042
4361
1906
195
31
153
0
0
0
194
0
0
0
0
853
1909
0
0
0
0
0
0
325
0
0
0
0
599
0
0
0
0
0
0
0
95
0
0
695
458
1429
457
0
0
0
0
0
0
104
0
0
0
0
67
44
0
0
0
0
0
0
0
0
0
0
0
0
0
0
0
0
0
0
0
0
0
0
1049
1519
573
40
137
774
1328
0
0
0
0
0
0
2049
3222
2602
341
749
0
873
548
0
0
0
0
0
239
226
712
0
0
0
992
676
0
0
0
0
321
0
0
0
0
0
0
0
0
0
0
0
484
593
0
0
0
0
0
0
0
0
0
0
0
0
0
0
0
506
0
0
0
0
0
0
0
0
0
0
0
0
802
0
0
0
0
0
0
0
0
0
0
0
1168
2140
0
0
83
0
0
0
0
0
0
0
0
1170
1967
948
305
233
0
0
0
0
0
0
0
0
0
0
40
0
0
0
0
0
0
0
0
0
359
245
670
1314
813
0
0
0
0
0
0
0
123
0
0
0
0
0
370
691
448
87
218
0
0
0
0
0
0
0
0
0
336
743
743
745
371
0
0
0
0
0
0
0
0
0
52
933
801
177
0
0
0
0
0
0
0
0
0
0
793
464
286
64
97
80
194
22
0
0
615
230
0
869
777
574
184
0
238
612
217
0
550
812
406
65
572
934
176
83
0
199
0
0
0
0
277
28
0
377
678
310
0
0
0
0
0
0
0
0
0
0
558
740
272
0
0
0
49
0
0
0
0
0
0
516
509
127
0
0
0
0
0
0
0
0
0
0
0
292
292
0
0
0
0
0
0
0
0
0
0
0
187
264
577
269
0
0
780
819
281
0
0
0
462
168
38
590
367
0
0
0
0
0
0
0
427
106
109
0
0
0
0
0
0
0
0
0
0
0
103
382
0
0
0
0
0
169
615
1391
1302
129
0
269
281
14
0
591
246
249
1136
1395
1061
416
0
0
105
0
51
309
0
0
0
0
0
0
0
0
0
426
166
67
521
0
0
0
0
0
0
0
0
0
0
0
35
159
0
0
0
0
0
0
0
0
0
0
0
0
0
0
0
0
393
1205
0
0
0
0
164
337
48
0
0
0
0
935
985
358
72
102
671
706
361
131
376
1478
1990
212
0
39
0
1027
1562
1238
692
75
314
0
648
1043
0
0
0
0
0
988
567
0
211
130
0
285
0
0
0
0
0
0
703
0
0
0
0
0
426
817
176
0
0
0
168
188
0
37
0
170
87
206
464
547
0
0
0
0
242
151
121
0
0
0
0
0
0
0
0
0
0
0
7
107
461
0
0
0
0
0
0
0
0
168
266
174
59
0
137
0
663
1402
1254
704
334
97
100
1091
1386
315
0
301
160
0
1064
1888
1968
180
0
0
0
1119
517
0
253
0
0
185
0
0
0
0
0
554
834
326
174
277
57
402
0
0
0
0
221
0
0
341
459
338
0
0
0
0
0
0
0
221
0
0
0
313
320
0
0
0
0
0
1216
718
646
0
0
53
738
290
0
88
0
0
215
1319
226
0
0
0
0
369
209
0
1112
1085
0
1371
1305
0
0
299
0
0
0
5
0
1157
1418
83
826
356
0
0
0
0
0
0
0
0
0
402
0
250
151
0
0
0
0
0
0
0
0
0
116
599
449
359
0
0
0
0
79
0
0
119
0
0
137
0
0
0
0
0
0
0
0
163
0
0
0
53
0
0
0
0
0
0
0
0
0
0
0
191
450
254
0
0
0
0
0
0
0
0
0
0
0
0
0
0
0
0
0
458
222
0
0
4
105
83
0
2
34
0
0
130
419
393
0
0
0
0
0
0
0
214
0
0
0
0
48
0
0
0
210
363
0
11
5
0
0
0
0
0
0
0
357
497
121
0
71
564
0
195
420
21
0
0
0
295
552
0
0
0
0
0
611
525
0
0
0
0
260
533
408
0
0
0
0
212
343
105
0
30
0
0
0
437
0
0
0
0
0
0
0
0
0
157
0
0
0
0
0
0
0
105
43
0
0
0
69
0
0
107
0
0
0
0
0
0
0
0
0
3
66
0
0
0
0
0
0
0
163
154
97
119
157
0
0
0
0
0
0
0
0
0
9
78
168
252
44
0
0
0
0
0
0
0
0
0
0
98
242
113
0
203
69
0
0
0
0
0
413
39
54
192
114
98
581
347
105
23
0
0
264
614
165
0
23
72
56
0
0
110
167
0
0
0
0
0
16
0
142
172
195
0
0
0
0
0
0
0
0
23
0
434
312
0
0
0
0
0
0
0
0
0
34
3
320
219
0
0
0
0
0
0
0
0
0
188
9
260
420
0
0
0
28
162
36
0
0
0
74
55
61
348
69
0
0
0
0
0
0
0
0
72
147
152
166
154
0
0
0
59
61
0
0
0
154
126
87
177
78
0
0
0
0
0
0
0
0
9
53
93
0
0
0
65
0
0
0
465
639
385
389
833
266
0
0
63
0
0
0
0
0
269
553
529
968
261
0
0
0
0
0
0
0
0
0
0
350
1195
172
56
1153
0
0
0
0
0
0
314
45
377
938
463
623
1846
1039
121
0
272
199
675
753
35
287
497
370
118
0
0
507
230
0
363
241
0
0
547
370
386
74
110
10
0
0
0
0
30
0
0
507
262
645
229
0
0
201
0
0
0
0
0
103
624
195
416
110
0
140
130
0
0
0
0
0
0
802
222
733
75
0
86
0
0
0
0
0
0
0
575
263
357
0
0
114
0
0
0
0
0
0
179
395
325
782
388
100
169
304
589
506
208
0
242
0
631
399
571
274
75
0
154
0
0
0
22
545
0
220
213
0
0
258
0
0
276
0
0
0
372
327
326
888
260
1168
341
0
272
151
0
0
0
339
912
870
1394
940
1677
0
0
0
0
0
0
0
0
478
1364
1365
762
779
0
0
0
0
0
0
0
0
74
1366
768
758
503
0
0
0
0
0
253
195
152
307
1360
901
1103
367
359
1538
978
390
0
903
1553
1636
1612
1142
1558
491
0
0
98
307
161
63
357
273
257
114
791
1303
390
110
0
0
0
0
0
76
155
0
0
1158
1451
481
404
71
164
519
332
186
94
510
133
93
705
932
538
1549
380
292
0
0
0
0
0
565
223
22
403
790
2667
2022
0
0
0
0
0
505
61
390
1022
141
240
1940
3162
677
0
430
261
540
22
85
1970
950
135
84
1285
1801
0
0
0
0
0
0
708
1897
259
172
0
0
0
0
0
0
0
0
0
0
0
107
458
0
0
0
0
0
0
204
885
750
0
0
230
326
138
29
1003
834
574
630
689
488
185
0
117
140
112
179
413
233
0
0
0
0
0
0
0
285
350
191
139
454
0
0
0
0
0
0
0
38
53
0
0
97
214
0
0
0
0
0
0
0
0
0
77
0
0
0
0
0
0
66
673
0
0
0
0
291
249
208
0
0
0
179
1408
1062
805
201
90
237
629
278
282
412
770
1538
830
204
192
0
722
901
944
632
32
324
15
785
1053
0
0
0
0
56
730
558
0
200
178
0
279
0
0
0
0
0
0
245
113
0
93
84
0
220
562
31
0
0
0
14
54
0
28
0
113
87
209
434
30
0
0
0
0
168
0
9
0
0
0
0
0
4
0
0
0
0
265
24
0
0
9
0
0
117
209
0
0
0
0
142
165
0
0
0
0
0
80
0
0
0
0
0
177
942
0
0
345
0
0
192
756
1051
529
1039
0
0
691
0
0
0
0
0
0
0
0
0
0
0
1054
972
42
0
0
0
1742
759
0
0
0
526
462
183
0
154
0
330
0
201
0
0
0
0
593
0
0
0
0
0
0
107
0
0
0
0
0
0
0
0
0
0
0
0
188
0
0
0
1111
0
655
0
0
0
0
47
0
2773
417
0
315
0
0
0
252
0
0
155
0
0
3191
1655
0
1834
0
0
0
495
0
107
667
0
0
0
222
0
0
0
0
0
0
101
1158
0
150
0
0
0
0
0
0
0
0
0
0
491
0
19
203
0
0
0
0
0
0
0
0
0
0
184
918
0
0
0
0
0
78
0
0
0
0
0
0
24
0
97
383
263
316
36
0
0
0
0
43
0
203
53
376
667
8
0
0
0
0
0
659
568
0
288
277
531
511
272
0
0
0
0
105
779
830
0
0
0
0
0
0
0
308
0
0
0
0
635
257
0
0
153
315
0
0
212
0
0
0
0
163
129
0
623
768
104
0
170
909
708
622
1028
46
0
0
0
500
1261
240
0
0
193
107
579
1371
0
0
0
0
800
1767
1053
0
0
0
0
0
172
0
0
129
0
0
764
1897
245
0
0
0
0
0
291
298
0
189
86
0
1301
228
0
0
0
105
143
0
0
0
165
15
0
997
295
171
0
0
0
0
0
0
0
13
0
0
2
0
0
113
133
0
0
0
0
142
210
20
235
71
0
68
79
0
0
0
0
0
76
439
43
458
0
0
0
0
0
0
0
0
0
5
509
0
199
0
0
0
0
0
0
0
0
0
10
251
117
99
0
0
15
0
0
0
0
120
0
0
82
12
0
0
113
372
219
0
0
39
634
661
0
81
19
16
0
17
214
140
0
0
0
134
131
0
40
179
80
0
0
0
0
0
0
27
0
0
0
16
206
65
0
0
0
0
0
0
129
0
0
0
15
133
42
0
0
0
0
0
0
0
0
0
0
0
61
260
371
0
0
0
0
175
259
0
0
0
0
103
659
995
0
0
0
44
251
108
0
0
73
3
10
392
696
0
0
0
0
0
0
0
0
34
16
0
0
0
0
310
1229
905
0
0
0
0
0
0
409
1953
569
288
1091
175
0
0
0
0
0
0
21
98
1248
0
0
0
0
0
0
0
0
0
0
134
0
0
0
0
0
416
0
361
0
0
0
0
0
0
0
0
0
0
0
86
0
0
0
0
0
2
0
0
576
2103
1232
280
0
0
1338
2581
1273
0
416
178
0
0
323
675
120
0
0
367
686
0
0
133
0
0
0
0
0
0
0
0
0
0
0
0
151
0
0
0
0
0
0
0
32
0
0
0
0
109
0
0
0
0
0
0
0
0
514
0
0
0
0
0
878
123
0
203
0
0
1504
2128
0
0
555
0
0
1558
1440
0
0
0
0
849
0
0
1428
393
0
0
784
447
0
0
0
0
0
0
0
846
108
16
555
31
647
786
433
0
0
0
0
0
0
0
0
304
0
520
1143
792
1
0
0
0
0
0
0
0
127
0
229
1047
347
0
0
0
0
0
226
0
0
33
0
0
0
0
140
4
5
0
1311
677
19
0
0
0
202
135
0
98
0
236
762
1186
1016
22
0
74
0
107
17
517
717
0
0
224
0
83
449
179
368
948
1213
66
108
25
0
0
0
0
108
561
174
499
778
147
64
637
508
0
0
0
25
0
36
78
219
413
0
0
0
0
0
1353
0
0
0
0
76
11
1058
3
0
0
0
0
489
510
0
32
929
157
0
0
0
0
67
0
0
552
896
69
383
991
432
0
0
0
0
0
0
531
1007
225
45
380
442
429
0
0
0
0
0
0
0
0
0
0
95
0
141
0
0
0
0
0
0
0
56
233
239
225
117
189
0
0
0
0
0
0
19
81
224
384
550
373
207
51
0
0
0
0
66
19
0
0
114
543
506
96
34
0
0
0
0
0
0
0
0
0
134
647
165
123
25
0
0
0
0
0
84
19
0
0
554
366
283
34
137
229
0
0
0
434
287
53
0
592
580
0
0
0
0
0
0
144
186
30
0
0
446
585
0
0
0
0
0
0
0
0
34
42
125
801
544
0
0
94
150
52
0
0
0
10
71
61
674
390
11
66
0
25
0
0
0
0
0
8
0
0
178
124
401
248
0
112
13
0
0
0
0
30
17
0
106
294
253
116
203
182
0
0
0
157
516
175
0
170
175
44
0
261
99
0
0
0
505
651
84
21
180
244
329
152
39
313
550
0
0
0
0
228
0
30
526
698
194
329
315
21
0
0
0
0
97
592
0
519
55
163
10
0
0
0
0
0
0
0
615
0
249
0
0
0
0
0
0
0
0
0
0
182
0
0
0
0
0
0
0
0
0
129
0
0
0
0
0
0
0
338
365
0
0
0
378
631
0
0
75
168
15
103
500
559
0
0
0
287
396
0
0
400
348
206
234
18
0
0
0
4
62
0
0
0
508
33
0
0
0
0
0
93
133
0
0
0
0
16
0
0
0
0
0
0
198
50
0
0
0
0
43
0
0
0
0
0
0
104
351
0
0
0
0
158
460
281
0
0
0
0
412
527
0
0
0
0
25
418
445
0
0
0
0
126
0
0
0
0
0
0
0
0
0
0
0
0
0
0
0
85
304
1164
6
0
0
0
0
0
0
260
399
166
266
676
1303
683
522
942
42
0
0
0
0
0
0
521
862
1172
586
875
586
0
0
0
0
0
0
0
382
1052
925
775
836
455
395
181
0
173
487
215
0
54
634
628
919
579
0
0
0
0
0
171
56
0
344
687
671
159
0
0
0
0
0
444
0
0
0
0
725
838
127
0
0
0
0
237
748
539
0
0
402
1417
912
262
47
238
1062
1077
151
581
0
226
546
615
1025
446
489
141
318
1200
270
0
576
0
0
561
584
111
350
1058
716
607
538
0
0
0
0
0
268
367
512
95
611
533
1115
1017
317
314
0
0
0
546
666
485
16
421
775
1339
752
422
0
0
0
0
1199
920
199
105
0
0
0
0
15
0
0
0
0
0
0
0
0
57
0
0
212
269
0
169
160
0
0
0
0
0
0
0
0
0
307
243
48
729
1330
897
0
0
0
0
0
0
0
573
557
642
1272
1875
762
0
0
0
0
0
0
0
0
0
507
0
0
0
0
0
0
0
0
221
575
93
0
0
0
0
102
0
0
0
0
0
0
0
0
131
0
0
0
0
0
0
0
0
13
155
19
0
0
0
0
69
202
0
0
0
0
0
414
240
0
0
412
103
140
835
495
0
0
0
0
0
0
0
0
0
0
670
120
0
30
0
0
0
0
0
0
336
379
351
274
0
0
0
0
0
0
0
0
0
0
0
0
205
24
145
65
0
0
0
0
400
915
464
636
1110
1571
0
0
109
3
243
0
0
0
0
0
0
655
252
0
0
11
221
0
0
0
0
0
89
456
1095
1011
37
0
0
0
0
0
827
18
216
653
992
698
274
114
0
0
99
0
363
2342
706
0
0
0
0
0
159
0
0
34
0
227
1693
829
0
0
329
0
0
0
0
0
0
0
0
0
0
0
0
892
0
0
0
0
0
0
0
0
124
0
0
0
1488
0
0
3
650
223
0
33
0
375
928
1222
768
1738
1131
143
841
1451
298
0
0
0
543
1614
1875
351
0
0
0
499
962
570
0
253
0
359
1952
939
1072
164
0
0
0
988
432
0
0
0
0
1749
0
0
0
0
0
471
723
0
0
493
0
0
706
1104
528
0
0
155
442
0
0
0
355
0
0
109
638
801
0
0
243
293
0
0
0
0
0
437
0
108
633
332
0
0
258
252
269
672
356
1612
772
87
506
235
0
0
0
229
771
821
1365
1052
1966
33
0
0
0
0
0
0
0
411
1355
1368
746
1055
0
0
0
0
0
0
0
0
0
1280
671
663
504
0
0
0
0
0
495
166
0
215
1266
844
1121
388
426
1582
1058
430
0
910
1639
1727
1671
976
1515
532
41
0
169
453
299
12
339
341
395
145
738
1307
271
0
0
0
0
0
0
0
0
0
0
1132
1459
409
153
0
348
685
238
320
126
272
222
250
647
898
416
1065
200
414
0
0
0
0
0
700
493
161
411
813
2121
1636
0
44
0
0
315
892
207
533
1108
116
245
1800
2855
753
0
393
313
712
159
356
2058
909
97
98
1349
1663
0
0
0
0
0
0
868
1946
238
150
940
1824
2449
2107
1091
847
1304
748
89
45
0
0
0
416
362
2834
2980
1819
528
399
0
0
0
0
0
0
0
0
17
0
0
0
363
745
162
0
0
0
0
0
0
1149
0
0
0
456
933
1142
864
0
0
0
0
0
909
148
235
105
1317
1236
0
0
0
0
0
0
0
0
0
0
418
1817
273
0
0
0
0
0
106
1155
1814
649
800
585
0
216
269
578
1296
0
0
301
483
1076
1437
1833
0
0
0
0
377
516
0
0
45
0
0
0
579
0
0
1188
0
0
0
0
0
0
0
0
0
0
0
0
1325
116
0
1207
1006
0
0
0
0
1501
795
0
0
765
961
1145
445
0
120
0
0
0
0
1320
1529
1376
1645
1616
90
0
0
80
0
0
0
0
0
0
586
474
0
0
0
0
0
0
0
0
0
0
0
0
0
0
0
15
40
259
0
19
0
0
0
73
0
0
117
113
158
172
83
242
408
591
168
131
145
104
0
0
0
415
330
86
149
456
184
0
0
28
163
0
0
0
182
491
153
213
195
0
6
0
0
12
297
0
0
74
334
239
334
103
138
47
0
0
0
284
153
0
219
409
374
0
0
0
0
0
143
133
85
0
0
0
413
420
0
0
0
0
0
172
518
262
0
0
218
754
411
0
17
0
173
328
209
132
0
106
0
0
423
232
82
294
326
325
199
0
0
0
0
126
198
0
116
180
449
675
533
353
0
0
0
0
350
347
38
0
165
90
530
538
253
167
0
0
83
329
334
0
0
135
150
310
214
80
0
0
0
0
480
409
15
0
0
0
0
0
0
0
0
198
0
0
0
0
0
0
0
0
0
0
450
1039
1684
1325
52
0
0
0
0
0
93
255
504
1294
1672
1320
730
49
0
0
0
0
0
357
229
0
0
0
0
0
108
0
0
0
0
9
53
0
0
0
0
0
0
1
0
0
0
0
0
0
0
0
0
186
0
0
0
0
0
0
0
0
0
0
0
636
1406
0
0
0
123
0
0
246
234
499
174
0
881
793
460
318
566
919
0
0
291
517
1732
1339
371
0
0
0
1041
1181
888
0
0
139
0
663
922
0
137
0
0
0
574
250
0
0
0
0
0
0
0
0
0
0
0
572
0
0
0
0
0
0
87
343
0
0
0
335
0
0
0
0
0
0
0
0
483
0
0
49
0
0
0
0
0
5
0
0
116
231
0
0
416
338
51
55
0
0
249
0
0
426
381
0
245
241
92
66
103
0
0
0
0
0
0
316
288
0
0
163
312
95
0
0
0
0
0
415
518
631
218
279
595
797
52
0
0
0
0
0
0
0
0
571
255
136
0
67
0
76
0
0
305
832
257
128
305
50
378
219
0
3
12
0
0
370
177
11
0
270
0
182
79
59
0
0
0
55
371
462
231
204
0
0
259
558
174
0
0
0
0
338
430
0
18
31
231
0
448
384
0
11
0
0
0
0
0
0
0
0
534
0
48
457
0
0
0
0
0
203
239
0
354
558
0
209
428
0
0
59
0
6
0
0
0
159
54
513
716
357
142
149
0
0
0
632
175
0
74
953
309
340
217
81
117
193
1115
624
7
0
0
0
0
0
0
0
0
103
111
991
766
307
0
30
682
293
0
0
196
173
130
0
433
714
0
0
95
236
129
0
0
122
0
160
0
0
0
0
0
0
0
889
709
42
103
0
0
414
383
47
141
47
478
56
484
165
0
0
0
60
362
0
0
0
0
0
0
0
0
0
0
0
49
243
199
0
0
0
17
0
0
0
0
0
122
590
312
0
0
84
506
0
83
0
0
0
63
244
639
375
621
1651
1066
0
899
1174
587
1549
1697
154
0
298
0
279
1179
0
0
813
963
751
2012
1195
369
281
301
0
0
0
0
0
23
148
211
97
0
474
367
0
0
0
107
0
0
59
253
125
176
104
438
147
126
0
0
0
0
0
0
0
0
235
367
128
94
158
0
0
0
0
0
0
685
570
134
125
352
1129
0
0
0
0
0
477
448
447
757
470
260
6
266
169
392
1709
649
829
822
703
371
96
435
768
0
679
0
839
2237
1083
0
0
0
0
0
0
746
341
630
418
609
1497
1032
81
0
84
63
0
75
161
228
257
165
0
0
0
0
246
658
442
0
0
177
843
124
0
0
0
413
409
694
1044
104
232
377
895
881
161
141
297
677
1251
562
1043
2345
1171
1006
970
1634
1339
0
217
427
756
461
1072
533
0
0
670
0
0
1029
19
493
0
1084
1133
999
1200
0
0
0
0
72
0
65
110
0
556
2206
18
0
0
0
0
991
497
0
37
873
0
293
1182
1565
1129
0
0
636
521
0
0
0
655
0
549
1304
1630
1296
100
282
0
647
0
0
0
293
665
53
290
0
0
389
581
0
0
0
0
0
0
0
82
130
98
248
809
853
351
0
0
0
0
0
0
0
0
941
1014
1304
2245
2880
2005
0
0
0
0
0
613
1500
1854
1036
1175
2867
3704
2365
0
0
0
0
0
504
331
187
447
329
0
0
0
0
0
0
0
0
0
0
0
0
445
0
0
0
0
0
0
0
432
379
0
0
337
163
0
0
0
414
0
0
12
311
886
366
395
102
121
0
0
560
486
0
0
0
0
907
44
0
94
272
0
31
712
512
0
0
0
0
0
0
921
2592
1514
1243
439
0
0
0
0
0
0
0
0
0
2298
3189
740
0
0
0
0
0
0
0
0
0
0
0
0
75
330
0
0
0
0
0
0
0
566
1272
2175
2986
3077
2114
0
0
0
0
715
106
790
1034
639
0
0
0
49
241
85
32
174
700
0
672
1930
1325
0
45
0
0
0
0
0
0
14
0
0
31
0
0
0
0
0
0
0
0
348
0
0
1182
391
0
0
0
0
402
2128
208
0
253
0
54
1561
735
0
0
829
241
776
1143
355
0
0
0
0
0
0
1172
799
597
0
57
0
0
87
0
468
1035
1486
80
211
0
106
0
0
29
529
543
0
880
1070
196
291
1092
0
0
0
0
82
65
0
0
585
569
0
178
246
0
0
961
0
43
277
0
0
392
149
0
0
0
0
0
0
142
0
426
1323
171
0
0
0
370
0
0
0
120
770
94
540
1125
524
231
0
0
396
512
470
750
1497
368
353
272
819
654
287
0
0
0
0
0
0
0
412
81
0
200
277
0
1028
788
491
210
860
1152
491
0
0
0
0
0
0
351
1202
627
184
0
0
0
0
0
0
0
0
0
0
0
0
0
0
0
424
675
97
0
0
0
0
0
220
197
429
0
986
2561
1398
0
0
0
0
0
0
253
48
570
504
775
960
0
0
0
0
0
0
0
693
0
0
0
549
0
0
0
0
0
0
0
73
182
0
0
0
0
148
0
0
7
0
0
0
0
248
61
473
0
0
0
0
0
0
0
0
0
0
0
0
664
0
0
47
0
0
159
0
0
0
0
0
328
481
1032
1391
1151
26
131
594
157
0
0
0
0
607
1163
1499
1567
1044
330
0
108
0
0
0
0
0
0
19
265
183
0
0
333
0
0
0
0
0
0
0
0
649
1419
897
277
0
0
0
0
0
0
0
0
14
223
292
681
537
58
22
0
0
0
0
0
0
0
314
292
43
300
447
333
0
0
0
0
26
984
1333
1057
615
376
367
1083
964
0
0
0
0
0
428
996
1302
519
155
0
0
600
0
0
0
0
0
0
0
76
0
0
0
220
499
105
0
0
0
302
0
0
65
105
326
13
0
0
419
138
0
0
136
471
202
395
287
293
523
358
5
189
27
0
24
516
867
0
1008
579
0
553
754
429
118
0
0
0
60
0
0
207
0
0
0
0
0
112
36
0
443
663
0
149
111
0
0
342
0
0
0
0
0
0
457
163
811
165
0
0
109
196
6
0
0
0
0
0
0
456
0
0
0
139
0
0
0
0
0
0
0
74
512
129
100
146
0
0
0
0
0
88
155
449
321
0
0
387
849
72
0
0
0
0
0
0
228
5
0
126
334
61
0
0
0
0
0
0
0
0
0
215
0
0
0
127
24
0
0
0
0
0
92
1006
323
115
0
118
1865
1867
0
0
0
0
0
178
130
184
300
0
0
0
0
0
0
0
0
0
0
0
0
258
758
0
0
0
0
0
0
0
367
817
0
0
108
0
0
0
0
536
0
0
193
852
1073
17
0
0
0
0
631
369
0
0
0
201
415
377
0
0
898
12
675
434
0
0
0
0
0
0
275
0
0
1640
994
814
485
362
0
0
0
0
0
0
0
0
661
1672
0
0
0
0
0
0
0
0
0
0
0
0
38
48
0
0
0
0
0
0
0
0
0
0
314
924
1047
79
0
0
0
0
29
0
261
145
129
0
0
0
480
584
287
92
422
110
0
0
239
94
0
0
0
0
327
447
228
244
275
208
0
0
0
0
0
0
0
0
60
269
372
160
102
362
0
0
0
0
0
0
0
151
341
245
241
241
488
217
0
0
0
0
295
329
224
454
231
233
66
0
0
360
359
250
519
305
0
151
632
386
183
112
233
190
70
0
136
184
234
77
116
501
251
368
278
0
0
46
0
32
41
191
0
0
442
239
267
333
0
0
171
0
0
36
188
0
0
322
223
403
708
246
117
0
0
0
0
0
0
0
232
198
44
357
488
207
0
0
0
0
0
65
86
150
256
202
154
558
316
346
760
478
361
0
0
0
245
246
131
40
188
0
0
0
0
0
0
0
0
35
99
0
0
0
0
27
394
318
123
316
254
96
0
0
0
269
0
0
0
118
11
0
10
210
233
0
0
0
199
0
0
1
79
33
11
0
134
206
43
0
0
0
0
0
0
58
191
334
0
0
0
0
0
0
0
0
0
0
0
0
0
0
0
0
147
0
0
0
218
55
0
0
0
331
215
173
80
31
117
0
0
0
69
34
115
38
207
258
72
0
0
0
0
0
13
134
0
0
36
0
178
117
73
0
26
0
0
7
0
0
12
0
0
0
0
0
0
77
0
56
91
0
0
0
0
0
0
0
0
0
0
0
223
193
48
117
0
0
0
0
0
28
0
0
0
44
142
0
0
0
0
0
0
18
42
0
0
0
4
0
0
25
34
0
4
97
0
32
0
0
0
0
0
0
0
0
0
43
214
205
138
201
290
0
0
0
0
0
0
0
0
39
175
236
183
223
0
0
0
0
0
0
0
0
0
0
166
99
290
1
0
402
358
0
0
0
0
0
209
194
184
271
138
59
670
463
29
0
0
0
150
458
109
87
135
83
0
0
0
63
64
84
88
0
0
0
273
129
79
0
99
0
0
0
35
65
0
0
2
283
125
124
68
0
0
44
0
0
0
0
0
134
334
43
47
0
0
0
61
0
0
0
0
0
0
403
99
145
235
0
0
117
249
0
0
0
0
0
67
77
20
248
0
13
0
0
0
0
0
0
0
8
63
286
242
46
0
257
254
98
0
0
0
0
182
134
236
118
0
0
262
258
0
0
18
205
0
54
62
29
0
351
133
32
0
0
0
0
0
0
28
448
254
823
443
129
245
0
0
168
103
0
0
364
1001
594
638
147
56
0
0
0
0
0
0
0
550
881
398
522
0
0
0
0
0
0
0
0
178
541
411
310
353
0
0
172
173
87
72
379
0
25
322
350
518
347
0
464
678
193
0
0
320
455
499
225
566
163
176
0
4
94
0
71
0
0
159
0
426
714
96
0
0
0
0
89
0
0
0
0
0
490
758
191
0
92
1042
459
0
496
104
0
707
787
380
319
87
0
0
360
0
0
346
0
59
823
496
278
347
555
0
0
0
0
0
0
574
380
0
6
826
178
0
517
478
405
0
0
221
471
0
70
806
765
128
0
709
901
265
0
0
0
0
0
495
889
159
151
62
0
0
51
168
0
0
27
205
197
140
159
234
276
0
0
509
380
0
0
0
0
109
222
39
0
0
0
0
0
0
0
0
0
0
0
0
0
141
0
0
429
170
0
0
0
0
0
807
216
0
261
15
164
772
351
0
0
423
87
316
516
207
0
98
0
0
0
217
455
317
170
76
118
0
0
244
27
76
68
415
49
34
0
62
0
0
0
96
290
33
245
442
64
180
247
0
0
0
337
200
88
33
0
106
342
90
13
0
0
0
52
88
46
0
183
23
249
454
0
0
0
0
0
0
24
0
0
498
98
0
0
0
115
0
0
0
0
263
0
184
325
164
231
151
0
185
233
187
147
393
0
281
239
407
315
346
0
0
0
284
0
0
0
453
192
18
200
142
0
0
0
0
0
0
94
771
392
2
3
0
0
0
0
0
0
0
330
884
1460
1301
329
0
16
0
0
0
0
0
0
899
1596
1492
871
32
0
0
0
0
0
22
0
0
0
0
0
0
0
0
0
0
0
0
349
77
0
0
31
0
0
0
0
0
0
0
0
0
0
0
0
672
0
0
0
0
0
0
0
0
0
112
0
324
1315
0
0
0
103
0
0
0
0
508
598
0
0
0
0
0
686
1133
0
0
0
0
1003
942
0
0
0
0
0
832
744
0
0
0
0
0
616
0
0
0
0
0
23
265
0
0
0
0
0
0
0
0
0
0
0
433
0
0
0
49
0
0
0
761
208
42
0
323
0
0
0
0
151
0
0
0
548
356
264
78
140
0
0
84
0
90
137
230
0
0
0
0
0
0
0
41
113
1110
9
399
227
0
0
0
0
295
365
0
167
996
1637
1133
751
1891
1137
155
0
0
58
45
0
787
1389
1384
905
1237
93
0
0
0
0
0
0
0
512
1372
983
898
814
78
355
400
10
76
889
614
0
49
827
947
1446
1021
0
46
0
0
0
80
237
0
65
757
971
337
0
0
0
0
0
201
0
0
0
0
813
1214
194
0
0
0
0
716
678
768
0
0
107
1692
1397
424
0
0
1454
1550
0
888
156
22
657
981
1177
589
307
0
29
1537
629
0
1578
1084
0
902
975
218
479
1503
0
0
304
0
0
71
0
0
68
395
956
172
595
107
282
993
0
0
0
0
0
697
997
612
0
318
1090
1663
1564
528
0
0
0
0
1571
1362
182
104
145
316
418
210
50
0
53
0
0
40
17
34
201
52
55
418
200
46
0
0
0
0
0
0
19
155
141
213
359
0
0
0
0
0
0
0
0
43
231
33
304
534
0
0
0
0
0
0
0
0
75
155
166
175
389
314
343
104
234
448
99
0
0
6
36
133
85
0
0
0
0
108
172
0
0
0
93
0
56
135
28
0
0
0
0
48
0
0
175
194
4
127
0
0
17
99
0
156
59
0
0
116
258
0
133
0
0
0
286
0
0
0
0
0
0
52
0
146
0
0
239
2
124
248
241
0
0
186
115
29
219
0
0
648
61
35
217
150
0
239
210
34
32
233
0
0
343
292
465
275
101
95
132
0
0
25
131
0
183
0
0
141
124
68
0
187
0
0
9
0
0
0
0
0
0
50
162
157
0
0
0
0
0
0
0
0
0
0
0
462
202
0
0
0
0
0
0
425
1404
1258
568
453
204
89
264
393
0
0
0
0
0
946
1947
1846
0
0
0
0
642
0
0
0
0
0
0
469
851
0
0
94
551
792
0
0
0
0
0
0
0
0
0
0
0
0
0
0
0
0
153
215
28
0
0
0
0
0
0
0
0
0
0
23
0
0
0
1835
364
395
28
0
0
0
0
0
160
33
330
0
1230
258
470
73
0
113
0
0
0
556
1375
0
394
1068
0
305
691
461
0
0
0
0
0
467
0
0
773
245
127
285
0
0
0
80
0
0
0
0
0
0
0
0
0
0
0
0
0
0
0
0
0
0
0
0
0
0
0
0
0
0
0
129
0
0
0
69
0
3
0
26
0
0
0
0
0
0
0
0
54
283
625
680
289
0
0
0
0
0
276
363
396
921
1346
1758
1584
1083
318
0
0
0
0
0
136
842
635
1026
1133
0
0
0
0
0
0
0
0
0
0
0
0
78
0
0
0
0
0
0
93
869
54
0
0
0
283
0
0
0
0
0
0
0
0
0
0
171
436
255
0
0
0
0
0
0
0
0
15
0
280
678
230
0
0
339
0
0
0
0
306
18
26
475
86
0
0
65
0
0
0
0
0
281
365
883
785
594
387
0
74
0
0
0
0
276
34
340
1375
674
149
0
0
382
0
0
0
0
0
0
47
341
206
0
0
0
92
0
0
0
0
0
0
586
352
623
729
451
0
0
0
0
0
0
0
0
0
0
0
0
669
835
531
184
190
717
0
0
0
0
0
0
0
84
140
306
58
0
351
273
0
48
0
1
0
23
0
0
559
807
82
335
508
0
1213
1793
1049
228
0
0
4
0
470
127
161
479
209
1008
1210
438
127
0
0
0
0
61
185
0
358
387
0
0
0
0
412
0
0
0
0
0
0
0
0
0
0
0
0
306
105
0
0
7
0
0
0
0
0
0
0
309
801
1199
249
10
370
241
0
53
0
0
0
1749
1967
585
0
0
0
0
384
0
27
0
852
1321
1905
3629
2531
372
0
0
0
0
0
590
0
0
448
0
348
1765
0
0
0
0
0
0
491
0
0
0
249
1017
0
0
0
0
0
0
0
188
0
212
487
453
1855
564
0
0
1
0
0
0
243
398
848
357
0
0
0
0
0
0
0
21
895
49
275
591
0
0
59
178
893
801
0
0
421
972
639
343
1622
1605
765
472
729
829
660
427
293
580
831
441
833
557
98
483
150
0
0
323
0
636
736
619
492
569
136
506
566
434
173
538
679
257
319
325
551
638
524
0
0
195
25
0
0
0
0
373
346
521
114
367
0
0
0
202
648
0
0
0
51
707
810
427
41
0
0
134
1348
1018
1008
0
0
293
1027
818
526
233
607
1683
1620
217
818
432
409
1147
1356
713
267
171
0
665
1596
648
660
1549
1503
439
1449
1028
67
355
821
0
0
0
0
0
1024
610
0
397
0
552
255
232
0
0
856
227
200
270
134
186
32
212
595
60
107
533
1210
1331
333
0
77
0
0
711
637
135
115
469
271
1228
975
507
0
0
0
0
171
113
0
261
586
416
1013
1452
1039
142
131
189
327
124
165
82
430
233
30
196
138
0
0
0
0
0
0
0
207
657
0
76
634
0
0
0
0
0
344
790
146
270
324
7
162
760
339
195
71
807
646
857
334
0
212
355
84
0
0
90
1114
556
435
0
374
0
0
370
485
223
700
689
302
363
107
383
0
71
287
369
932
590
595
436
0
74
646
0
0
0
0
0
211
536
349
488
206
209
948
560
0
0
563
0
727
893
415
187
214
0
0
336
0
0
0
0
249
641
861
928
413
0
0
0
0
0
0
0
784
879
524
171
727
461
178
0
0
780
656
863
1054
1390
709
103
175
870
476
220
17
0
0
0
0
0
0
0
285
201
239
243
0
0
0
0
0
149
0
0
454
548
295
89
0
30
0
0
0
0
0
0
0
40
265
371
388
64
0
0
0
0
0
0
0
0
0
0
0
128
25
0
0
0
0
0
0
0
0
0
0
0
0
66
0
0
267
59
0
0
35
0
132
158
0
0
155
0
0
0
95
144
0
0
273
274
361
0
0
69
35
0
0
5
0
0
0
68
71
0
0
0
0
0
0
0
0
0
0
0
0
0
0
0
0
0
0
0
0
0
0
0
0
0
0
0
0
0
58
11
0
0
0
0
0
0
0
0
0
0
0
61
0
117
0
0
0
0
0
0
0
0
0
0
0
117
549
0
0
0
258
71
0
0
0
0
123
83
173
277
0
0
0
0
0
0
0
0
0
146
45
791
503
327
874
747
290
342
65
0
0
0
0
129
494
178
560
1358
1267
317
107
0
0
0
0
0
0
196
333
1485
2239
1805
776
360
334
598
1124
635
0
0
0
378
1143
1367
1054
1340
1183
1588
99
1512
1191
0
0
0
0
634
761
0
171
677
908
341
1091
1300
0
93
117
0
237
64
486
675
496
258
252
0
442
570
263
433
1066
1391
207
390
298
0
132
0
321
650
894
204
12
526
450
792
1365
1477
1313
700
0
292
401
381
0
0
103
0
0
445
959
0
1390
0
0
0
0
0
0
1111
437
0
1327
1291
0
436
1097
0
100
1132
0
0
0
290
1650
996
0
0
464
1315
621
1216
911
131
100
0
0
715
772
386
493
1122
529
579
589
114
296
34
0
0
603
245
574
549
355
57
437
0
0
68
75
141
0
76
0
0
120
519
154
0
0
0
0
0
0
0
0
0
69
463
549
366
0
0
0
0
0
0
0
0
0
467
811
993
943
393
0
0
0
0
0
105
559
273
0
0
87
692
667
0
0
0
0
0
70
111
286
399
0
0
0
0
0
0
0
0
0
0
0
0
0
625
0
0
0
0
0
0
0
271
381
113
0
10
339
0
0
24
309
0
0
0
0
449
257
7
0
0
0
0
320
380
0
0
0
0
339
0
0
0
0
0
0
0
0
0
0
0
0
0
0
27
1022
460
105
0
0
0
0
0
0
0
0
0
0
1174
1352
211
0
0
0
0
0
0
0
0
0
310
239
421
106
120
0
0
0
0
0
0
0
0
311
933
1342
1092
344
0
0
0
0
0
0
0
0
0
0
0
0
0
245
163
0
0
0
0
0
0
0
0
0
0
0
389
473
45
0
27
0
0
410
488
206
0
0
0
601
1117
518
0
52
0
0
532
1293
1226
81
251
0
0
661
673
0
0
0
0
0
0
166
0
211
0
29
264
670
278
183
0
756
651
0
0
0
524
654
127
0
722
751
0
0
0
0
0
0
0
394
24
0
0
600
711
0
0
0
0
0
304
0
0
0
0
0
738
630
0
0
0
0
0
886
28
0
0
0
0
401
452
0
450
207
0
451
596
0
0
151
0
0
0
181
0
668
436
0
1102
879
0
0
35
0
0
20
0
0
0
0
0
0
205
0
0
0
0
625
9
9
0
0
0
90
0
0
110
0
0
118
774
0
0
0
0
0
0
0
75
0
0
0
28
65
0
0
0
2
0
0
0
0
0
0
0
237
300
28
0
67
0
0
563
734
302
0
0
69
743
982
426
0
56
0
0
564
1451
1471
111
400
0
0
576
491
0
0
0
0
0
20
316
0
229
0
14
283
520
298
197
0
567
613
0
0
0
341
560
506
210
501
666
0
0
0
0
0
0
0
259
44
0
0
411
586
0
0
0
0
0
390
0
0
0
0
0
525
509
0
0
0
0
0
809
24
0
0
0
0
248
344
0
185
176
0
634
786
0
0
240
0
0
0
82
0
504
342
0
879
829
122
214
343
0
0
0
0
0
0
0
0
6
105
0
0
0
0
448
0
0
0
0
0
299
110
90
252
0
0
92
599
0
0
225
0
0
1
198
0
0
961
496
0
0
0
0
0
0
0
0
43
392
668
507
576
246
0
0
0
0
0
0
299
910
1122
857
583
541
853
87
0
0
0
0
618
1035
253
348
444
39
0
743
381
0
0
0
0
225
157
0
3
0
0
0
125
216
0
0
0
0
0
0
0
417
879
0
0
0
0
87
0
0
196
796
393
257
286
956
8
195
365
678
241
0
0
274
946
1475
837
696
1180
195
605
1243
1112
0
0
0
0
508
0
0
116
0
0
0
0
0
0
0
0
0
193
0
273
825
0
0
0
0
0
255
0
0
0
0
1132
127
25
0
0
0
313
368
0
0
0
0
0
151
977
120
0
129
383
45
0
0
53
0
0
0
223
1058
889
412
416
451
0
0
0
0
56
0
371
176
294
836
640
0
0
0
0
17
189
586
1796
904
619
1049
267
0
0
0
0
179
349
952
713
1725
0
0
0
0
0
0
0
0
0
649
1146
267
709
0
0
0
0
0
0
0
0
0
528
339
199
115
0
0
0
0
250
305
286
113
153
527
561
568
36
0
1545
1635
648
0
31
1364
1801
1471
356
1064
415
430
123
439
801
263
0
0
284
743
172
485
932
97
46
0
0
0
0
0
0
0
0
0
318
890
176
0
0
201
0
0
0
35
0
169
176
94
507
39
65
0
0
0
0
0
0
45
190
205
304
305
181
358
260
0
0
0
0
1029
1615
23
245
993
122
0
1565
1824
401
0
0
539
1429
373
15
1459
1011
201
0
1120
1042
0
0
0
0
0
0
346
1248
249
188
0
0
0
0
0
0
0
0
0
0
147
378
1699
233
42
0
10
58
74
7
0
321
315
687
746
1339
645
1071
703
0
0
0
0
0
0
0
312
909
1194
523
1133
405
0
0
0
0
0
0
0
288
1585
1169
966
1137
72
0
0
0
120
264
97
0
280
1034
815
856
319
0
331
144
0
0
322
331
257
972
1580
1182
53
0
0
0
0
126
536
29
0
0
65
1607
1373
301
0
0
0
0
0
913
358
344
0
210
2178
1284
287
730
398
1047
201
0
335
92
1016
517
388
1468
753
1035
1558
649
703
0
0
0
0
0
659
700
639
575
843
1949
2451
737
0
0
0
0
0
935
1509
956
259
441
1251
2971
1986
496
118
0
0
309
744
1507
958
248
424
611
1845
188
0
0
0
0
0
1365
1340
347
232
0
102
0
0
242
710
409
7
254
212
28
0
0
44
490
0
81
231
0
0
0
0
70
56
0
0
0
0
0
0
0
1
132
1007
1476
873
0
0
0
0
0
0
0
752
518
1283
2495
1275
0
0
0
0
0
0
0
0
0
0
284
353
0
0
0
13
0
0
0
1080
1230
164
0
0
276
973
1093
0
0
45
0
0
0
320
222
0
0
66
521
288
0
0
0
0
0
0
0
0
0
0
0
0
0
0
0
0
0
0
0
0
0
0
209
0
0
122
0
0
0
0
0
0
0
160
0
233
199
33
0
0
0
0
0
41
0
0
1269
1108
567
832
566
0
0
0
0
0
370
0
0
0
0
0
0
0
16
387
0
0
0
6
0
108
312
538
944
867
1063
0
110
6
0
0
0
184
0
12
750
528
0
0
0
33
192
199
189
1420
652
0
244
163
0
0
0
0
256
526
974
720
1421
0
0
0
0
0
0
0
0
0
818
969
522
595
0
0
0
0
0
0
0
0
0
529
299
331
73
0
0
0
0
0
179
110
141
15
502
386
697
292
253
943
675
165
0
392
1043
1103
839
86
741
502
50
0
112
367
164
0
153
187
323
0
23
590
188
0
0
0
0
0
0
0
0
0
0
221
730
312
0
0
0
315
0
0
0
0
0
0
17
416
51
290
0
0
0
0
0
0
0
0
0
0
146
520
1035
364
0
0
0
0
205
539
0
0
565
0
142
1139
1427
4
0
0
247
473
7
0
1091
414
0
0
1050
648
0
0
0
0
0
0
197
1055
91
44
28
9
344
207
111
0
0
0
0
0
0
10
0
319
293
428
691
438
0
0
174
0
0
0
0
334
0
0
0
0
0
0
0
0
0
0
0
0
232
39
0
13
0
0
0
0
0
732
473
0
0
204
0
345
327
0
0
0
857
139
164
0
0
0
0
0
147
31
557
415
0
0
0
0
28
0
0
0
40
0
0
0
0
0
7
0
0
0
0
0
0
121
9
0
0
39
0
0
0
0
0
0
0
0
174
0
278
937
332
0
527
406
77
989
1008
0
0
138
0
0
400
0
0
0
0
399
856
698
490
106
155
0
0
0
0
0
0
220
449
0
0
668
122
50
88
0
175
0
0
0
161
109
412
573
532
165
194
96
0
0
0
0
0
0
608
343
352
240
137
213
0
26
147
0
0
0
0
0
0
0
0
0
0
0
0
142
16
0
0
0
0
0
0
0
0
0
0
0
467
0
0
0
0
0
0
0
0
0
31
0
0
264
63
111
0
0
0
1177
457
0
0
0
0
408
280
12
178
0
0
522
1427
813
0
0
0
0
0
0
336
526
0
0
0
0
165
0
0
209
628
760
0
0
0
0
0
0
0
0
0
0
729
855
0
0
0
156
0
0
0
0
0
0
0
473
579
0
0
0
0
0
591
48
0
0
0
0
165
1099
0
0
0
0
0
97
39
0
0
74
0
0
393
133
0
0
0
0
0
295
0
0
106
306
0
0
0
0
0
0
125
491
0
0
0
169
298
0
0
0
0
0
0
0
0
0
0
0
0
87
0
357
7
34
0
38
239
8
0
0
0
0
0
0
50
153
0
57
2
229
215
0
0
0
0
0
0
0
0
0
316
408
584
1464
1973
1366
0
0
0
0
0
0
237
1289
907
1246
2586
2499
1016
0
0
0
0
0
0
0
0
59
0
0
0
0
0
0
0
0
0
269
43
0
0
0
0
0
0
0
0
0
0
32
0
0
0
105
0
0
0
0
0
0
0
0
0
192
0
0
0
0
0
0
14
0
0
0
0
0
409
0
0
0
881
218
47
502
212
0
0
0
0
0
0
298
853
1099
1110
381
120
0
0
0
0
0
0
0
130
1488
2032
745
77
0
0
0
0
0
0
0
0
0
0
0
0
0
0
0
0
0
0
0
0
388
573
1083
1728
1851
1310
0
0
0
0
236
98
0
0
0
0
0
761
123
0
0
173
243
0
0
0
0
0
307
668
830
416
0
0
0
70
0
0
55
34
920
615
429
404
873
938
0
0
298
0
0
1813
1912
1056
371
0
195
1223
1586
135
0
157
0
67
1411
905
174
189
386
0
0
0
0
0
0
0
0
0
0
0
116
841
0
0
0
0
0
0
0
174
300
31
137
312
682
0
0
68
860
0
0
22
406
962
845
660
642
975
565
520
939
1057
0
0
79
103
1006
661
1062
963
26
0
195
596
612
32
0
107
0
46
692
1101
2584
831
0
0
0
142
0
0
0
0
0
726
0
760
1483
0
0
0
0
0
0
384
0
0
0
531
288
0
0
277
72
0
0
0
320
0
0
658
1439
1840
1328
1500
1223
181
0
0
0
0
329
0
0
0
893
986
244
0
0
0
0
0
0
42
238
0
0
0
299
665
377
0
0
0
0
0
0
0
0
108
640
1066
1889
2075
977
0
0
0
0
0
0
0
1459
844
1265
1919
437
0
0
0
0
0
0
0
0
335
458
0
0
0
0
0
0
0
0
0
664
0
0
0
0
0
0
0
0
0
0
0
0
0
0
0
53
0
37
0
0
0
0
0
0
0
113
0
0
0
0
0
0
0
0
0
0
0
0
190
171
0
0
159
0
0
266
121
0
0
0
0
0
0
7
488
948
596
0
16
0
0
0
0
0
0
0
1183
1820
1310
477
0
0
0
0
0
0
0
0
0
0
0
0
0
0
0
0
0
0
0
0
0
36
0
95
1253
1007
34
0
0
0
0
0
62
0
0
0
106
23
0
0
29
0
0
0
0
31
0
0
0
0
0
0
0
44
0
0
0
13
11
0
0
0
0
0
100
156
215
145
0
0
31
0
0
0
195
113
405
711
0
0
6
0
0
0
0
0
18
11
0
53
181
0
0
0
23
0
19
17
405
86
0
0
0
169
89
0
0
0
0
8
0
0
4
0
0
0
113
82
13
0
0
0
0
0
0
0
0
0
79
0
0
0
1
0
0
0
0
0
0
0
155
140
0
0
0
0
0
0
0
47
31
0
273
175
158
30
0
0
0
0
0
0
146
0
243
534
167
87
0
0
0
33
0
0
0
0
0
0
45
81
0
0
0
99
73
0
0
0
0
0
37
8
236
169
84
35
28
19
0
0
0
0
0
0
0
0
0
0
357
626
604
771
1487
0
0
0
0
0
0
0
0
76
729
1341
1589
1990
668
69
0
0
0
0
0
0
0
0
1115
1796
1517
844
117
0
0
0
0
0
0
0
0
193
1979
1460
1174
935
53
0
0
0
0
493
430
179
114
1575
1233
1436
777
621
1007
0
0
0
1198
962
403
532
1395
1441
299
0
0
0
0
0
0
306
0
0
0
870
1445
330
0
0
0
0
0
0
0
160
0
0
1966
1608
410
280
0
180
267
0
0
0
394
127
0
1531
1062
751
1398
0
232
0
0
0
0
0
270
0
0
541
1549
3005
1855
0
118
0
0
0
0
0
0
813
148
813
1632
2285
525
0
420
0
0
0
463
2004
970
146
635
1185
1444
0
70
0
0
0
0
1600
2244
499
229
588
148
200
389
68
0
0
0
0
0
0
572
2032
99
0
342
413
382
286
0
0
0
0
0
0
1808
0
790
1243
534
508
0
0
0
0
0
0
0
1783
253
1292
520
0
0
0
0
0
761
383
282
0
1274
832
1272
21
0
0
0
0
0
221
332
571
0
0
0
418
0
0
325
267
0
0
0
0
1650
65
0
0
15
0
0
331
915
0
0
0
0
479
0
0
1030
777
203
354
249
763
232
837
1409
171
0
0
0
1167
1504
222
0
0
0
548
1529
2332
153
0
0
0
1275
1034
323
0
0
0
0
702
991
193
313
362
0
922
1172
2280
299
0
0
0
0
0
718
791
294
155
336
621
2781
441
0
0
0
131
1237
119
0
92
70
106
206
3947
1644
1093
0
0
753
772
159
0
56
110
0
0
0
0
0
0
0
0
112
203
198
0
0
0
0
0
0
0
0
0
0
72
371
582
225
0
25
0
0
0
0
0
0
0
0
0
520
532
0
0
0
0
0
0
0
0
0
0
0
0
663
0
0
0
0
0
0
0
0
0
0
0
0
627
313
232
0
240
265
0
0
0
455
446
0
0
618
713
0
0
0
0
0
0
0
234
67
0
0
430
657
0
0
0
0
0
0
0
0
0
0
0
748
621
0
0
0
0
0
0
0
0
0
0
0
609
454
0
0
0
0
0
0
0
0
0
0
0
0
157
0
86
0
0
149
0
0
0
0
0
0
20
0
0
84
0
0
0
0
0
0
0
0
592
85
0
0
16
0
0
0
0
0
0
0
346
734
0
0
0
0
0
0
0
0
0
115
0
0
0
0
0
0
0
0
0
0
19
666
1712
1651
315
0
595
0
0
0
297
0
91
1620
2225
1988
1045
50
0
278
0
93
0
0
0
0
0
0
0
0
0
0
461
0
0
128
0
0
162
0
0
0
0
0
0
0
0
44
370
0
0
0
0
0
0
0
0
0
0
0
0
0
0
0
0
159
1325
0
0
0
0
0
151
0
0
0
0
0
715
1043
0
0
159
488
599
255
0
0
1443
1632
0
0
0
0
498
1142
636
417
0
0
0
764
935
0
0
69
0
0
591
0
0
162
183
327
290
0
0
20
0
0
0
587
0
0
0
0
0
0
389
52
0
0
0
0
0
0
0
0
0
0
0
518
162
0
0
0
0
0
0
0
0
0
0
0
0
0
0
0
0
98
174
178
44
73
0
0
0
0
0
0
0
0
140
353
472
247
0
49
0
0
38
91
122
0
0
0
111
734
483
0
56
0
0
123
249
333
0
0
0
0
307
655
0
87
0
0
0
0
0
0
71
0
0
56
554
295
254
0
355
307
0
0
0
415
311
31
62
594
560
0
0
0
0
0
0
85
233
0
0
0
485
583
0
0
0
0
0
133
40
43
79
0
21
803
546
0
37
10
0
84
365
0
0
41
0
0
568
379
0
359
267
0
97
36
0
0
0
0
0
0
156
0
616
566
0
483
142
0
0
0
0
0
0
0
0
131
246
125
182
180
0
0
0
63
485
17
0
67
44
0
0
53
0
0
0
0
334
654
17
0
0
0
0
0
0
0
0
0
0
59
0
0
0
0
0
0
0
0
0
0
142
70
0
0
153
48
126
0
0
0
0
0
151
493
595
406
89
193
0
273
0
0
512
1181
325
0
484
394
0
0
0
0
11
0
0
144
482
240
0
0
0
0
0
0
0
187
399
108
0
0
0
0
0
0
0
0
0
0
0
0
0
0
0
0
0
15
0
0
0
0
0
0
0
0
0
0
0
0
0
0
0
0
0
0
0
0
0
0
457
689
573
0
0
0
10
0
0
0
0
0
578
770
1753
2079
720
0
202
0
0
0
407
0
0
0
0
1086
1639
0
0
0
0
0
0
0
0
0
0
0
12
0
0
0
0
0
0
0
0
146
0
99
0
725
631
111
0
0
0
0
0
0
0
390
43
135
514
352
169
883
899
464
73
0
0
157
240
204
90
0
0
0
0
428
628
457
21
0
13
0
0
0
0
0
0
0
0
0
392
81
0
0
0
0
0
0
0
0
0
0
0
165
0
0
0
324
123
38
0
0
91
351
259
0
365
305
0
0
0
0
422
437
348
686
554
399
0
106
353
68
3
90
473
349
0
0
219
522
334
65
31
185
367
340
0
0
0
0
0
0
0
0
0
25
167
348
21
0
0
0
0
0
0
0
0
0
66
200
32
0
0
0
0
0
0
0
0
0
0
0
134
0
0
0
0
0
0
0
58
232
0
0
0
126
159
402
0
0
178
981
685
453
0
0
0
0
106
101
265
0
0
0
0
0
0
0
0
0
43
8
460
0
0
66
223
0
0
440
67
0
0
73
198
253
0
0
251
174
139
411
371
300
0
0
0
0
0
0
0
90
576
547
181
0
0
255
0
0
208
0
0
1118
1021
69
6
0
0
0
1568
235
0
80
0
0
1113
656
0
19
192
0
170
868
462
0
0
0
0
0
0
360
386
438
0
0
0
22
0
0
130
545
862
0
0
0
604
0
0
0
452
125
0
98
435
510
812
918
314
289
16
100
778
812
0
0
0
0
56
120
0
0
0
0
0
0
0
31
0
0
101
0
0
270
615
0
0
0
0
0
671
0
0
0
0
675
0
0
0
0
0
0
445
283
26
200
0
0
70
512
0
117
378
142
214
0
231
265
191
0
0
150
1011
656
156
111
722
65
0
35
82
0
0
0
0
0
0
0
0
0
0
0
148
668
0
0
0
0
0
30
0
19
63
0
0
64
237
168
408
662
271
297
224
90
0
0
0
240
29
199
287
613
238
0
0
142
0
0
0
0
299
209
245
311
491
0
0
0
0
0
0
0
166
435
36
0
141
134
0
0
0
0
0
0
0
0
420
240
0
0
0
0
0
0
117
220
0
0
0
0
159
26
86
0
0
0
0
760
830
533
418
0
83
397
85
96
473
237
409
81
358
376
45
647
111
13
277
10
436
1130
987
331
0
0
0
0
63
215
149
0
46
215
1039
1593
410
0
0
0
0
0
450
468
0
33
94
52
1205
557
0
0
0
0
1
161
0
0
0
53
31
649
236
0
0
0
0
0
149
0
0
0
0
449
510
320
374
1429
1385
750
1096
941
230
0
0
0
48
806
554
0
0
0
0
0
312
0
0
0
0
0
0
0
0
0
0
73
0
0
0
0
0
0
0
0
0
0
0
0
0
0
0
0
0
0
0
0
0
0
674
547
0
425
0
0
0
0
0
0
0
187
0
0
0
886
745
0
0
0
0
0
0
61
313
639
29
0
0
540
674
311
0
0
0
0
0
217
0
0
0
0
0
0
0
0
0
0
0
0
0
0
0
0
0
0
0
0
0
0
0
0
0
0
0
0
60
53
192
0
0
0
0
0
0
0
0
0
750
934
312
559
3
0
0
0
0
0
0
0
0
262
1143
976
0
0
0
0
0
0
0
0
0
0
0
0
520
0
0
0
0
0
0
299
0
523
408
0
0
0
0
0
111
111
581
1506
309
77
363
541
206
0
0
0
0
0
284
672
1967
540
213
31
0
0
0
0
0
0
0
417
703
1754
760
406
49
0
0
0
0
0
0
391
446
720
1255
924
853
423
164
10
0
107
227
667
675
427
532
455
848
702
314
717
601
219
0
184
345
291
788
605
471
468
132
177
0
0
0
0
20
0
0
99
430
515
906
437
0
0
0
0
0
135
181
0
0
548
634
965
671
0
223
377
0
181
978
706
246
308
492
359
878
1137
0
89
0
0
0
117
211
510
334
582
321
1344
2071
1079
0
0
0
0
0
0
0
350
1376
338
545
1184
1744
358
0
0
0
245
228
404
1514
995
323
355
883
2134
112
7
0
0
0
0
1042
1187
338
283
0
0
257
246
251
804
683
0
0
0
0
0
0
299
1173
651
513
851
193
0
0
0
0
28
0
0
255
935
0
3
79
0
0
0
0
0
0
215
51
0
84
0
0
0
151
0
0
0
0
0
96
0
0
0
0
0
0
91
0
33
10
0
32
236
177
94
0
82
1215
1044
414
18
0
1017
1360
719
109
597
134
397
283
481
646
173
0
0
345
658
46
154
447
0
16
0
0
0
0
0
0
0
0
0
0
374
0
0
0
0
0
0
0
297
0
0
0
0
236
0
0
0
0
0
0
0
0
295
19
0
4
107
0
63
37
0
0
0
0
907
1329
0
0
280
12
0
745
717
0
0
0
432
1097
214
0
708
373
70
0
427
125
0
0
0
0
0
0
0
560
58
51
376
440
1011
743
217
0
182
263
45
0
22
23
0
336
119
1003
1194
753
209
452
614
300
0
0
0
0
0
0
0
0
0
61
347
299
120
0
0
0
0
0
0
706
339
0
0
0
0
1113
1495
0
0
43
0
1
1071
513
210
135
765
480
550
417
0
0
0
0
0
0
0
473
254
530
0
0
0
0
0
0
89
647
772
23
155
261
302
0
0
0
367
0
0
607
656
455
213
431
0
0
0
0
188
363
0
0
505
233
561
592
190
0
0
464
151
797
853
0
0
189
0
0
264
0
47
33
291
274
628
698
446
54
0
0
0
0
0
0
274
707
753
401
0
281
261
163
0
0
109
365
260
589
894
573
204
0
410
263
281
0
0
0
0
23
319
415
462
0
0
206
120
490
0
0
680
809
0
78
1141
733
67
98
0
0
471
0
0
1435
1326
597
816
295
15
151
201
0
0
0
0
0
214
1143
911
250
414
1081
959
0
0
0
0
0
0
788
516
767
1182
1206
1069
1973
0
0
0
0
0
0
0
0
0
768
521
107
132
85
0
0
0
0
818
1086
462
736
855
506
707
0
0
0
0
0
480
1515
693
719
679
284
0
605
571
835
6
0
0
777
1563
2011
1114
212
0
0
879
1680
638
0
0
0
0
568
0
0
0
0
893
0
60
0
0
0
0
0
0
0
0
0
0
0
1054
0
0
1023
0
0
0
0
719
1560
288
0
215
877
169
819
608
0
0
0
0
0
301
0
21
918
1076
995
1202
142
213
102
0
0
17
1460
642
708
1323
1806
161
137
202
33
0
0
289
0
0
0
0
0
486
1009
644
0
0
0
27
0
0
0
0
0
0
0
409
972
987
701
435
0
0
0
0
0
0
0
0
0
418
1449
719
228
0
0
0
0
0
0
0
0
0
0
1133
343
186
0
0
0
277
311
0
182
889
58
0
1324
1085
749
186
0
838
824
7
17
777
1363
568
0
654
1384
46
0
0
270
0
0
0
18
410
44
0
527
1123
63
0
0
0
0
0
0
0
0
0
0
694
1242
103
0
0
0
445
0
0
0
0
0
0
630
750
0
0
0
0
0
0
0
0
0
89
0
0
440
245
0
0
0
0
0
0
0
0
0
0
142
157
68
505
0
0
0
1058
1124
250
0
0
146
686
141
0
727
229
0
0
0
0
0
0
0
1032
147
125
0
0
0
0
0
0
0
1
1032
1242
705
385
1106
82
0
0
0
0
0
0
0
103
894
1244
820
703
532
542
0
0
0
0
0
0
0
0
227
869
877
371
151
629
0
0
0
0
0
0
0
138
1160
784
743
623
807
343
0
0
0
0
297
341
261
1232
759
661
120
0
0
392
390
609
1325
738
202
372
1540
1073
230
0
0
261
0
0
596
481
361
50
136
1188
815
444
149
0
0
0
0
324
18
492
0
169
1434
788
267
540
3
0
127
0
0
0
356
0
0
993
671
868
1891
766
270
0
0
0
0
0
0
0
71
428
219
1801
1907
713
0
0
0
0
0
239
250
69
322
626
957
2110
1012
1025
1771
740
126
0
0
114
510
380
447
339
430
0
0
0
0
0
0
62
406
225
189
0
177
395
158
0
0
0
369
269
86
0
0
0
0
0
0
0
0
0
0
542
50
0
0
0
0
0
0
0
431
463
0
211
819
1449
1163
127
0
0
0
0
0
1597
2895
1519
0
1107
2152
1179
191
0
0
0
0
0
383
1185
1306
0
0
392
0
0
0
0
0
125
0
0
0
0
170
0
0
0
0
0
0
0
481
15
0
0
0
0
0
0
0
0
0
0
46
0
6
0
0
554
0
30
0
0
0
0
0
71
0
247
198
484
1339
1135
0
0
474
586
0
0
0
0
0
394
1182
3394
3159
2118
33
685
0
0
0
111
0
0
0
0
2579
3841
861
0
0
0
0
0
0
0
0
0
0
0
554
0
0
0
0
0
0
0
0
0
506
83
1099
1716
1261
277
0
0
0
0
171
59
783
657
354
351
110
0
0
0
0
0
10
441
975
964
953
1003
28
0
0
0
0
0
0
158
504
740
216
325
0
0
0
0
0
0
54
367
296
166
445
0
0
0
0
0
0
47
0
348
478
0
13
0
0
0
0
149
269
325
313
0
333
446
272
380
50
0
1053
1159
494
0
0
712
1185
917
533
750
126
476
354
233
439
0
0
0
77
419
52
780
799
0
0
0
0
139
90
0
0
0
0
0
455
730
0
0
0
504
261
0
463
978
0
302
517
170
342
0
74
0
0
0
0
0
322
650
824
595
572
352
24
0
139
0
0
0
0
1185
1574
132
346
952
234
0
515
637
543
0
0
475
1122
302
62
1044
770
253
0
465
812
20
0
0
0
0
0
315
889
104
168
352
112
1463
1200
310
0
166
84
0
0
0
0
0
139
0
1354
1482
976
5
0
127
0
0
0
0
0
0
0
0
625
0
0
0
0
0
0
0
0
0
0
0
0
0
0
0
0
0
605
1085
0
0
0
0
0
464
0
0
0
113
0
321
585
212
0
0
0
18
0
0
119
650
259
0
0
0
0
0
0
145
699
1126
25
153
67
0
0
0
16
94
0
0
875
1050
294
0
632
0
0
0
33
0
0
0
0
794
692
0
644
848
0
0
2287
469
588
1098
0
0
219
223
179
543
0
0
0
1070
1017
1678
1062
618
103
0
0
0
0
0
0
0
52
843
1
0
357
459
0
0
0
0
0
0
160
946
258
0
0
155
239
0
0
0
0
0
0
0
0
0
0
0
0
34
371
177
578
478
94
0
0
0
0
0
0
201
1212
219
0
548
555
380
94
0
115
314
0
0
41
981
453
664
1520
631
0
0
0
0
0
0
0
95
965
251
1174
907
0
0
0
0
0
0
0
510
576
737
502
911
520
194
0
0
463
0
55
91
136
0
91
291
302
0
0
305
22
0
0
0
0
518
493
143
23
150
0
0
0
301
292
0
0
0
198
1054
563
555
95
0
0
583
480
773
637
0
0
240
1238
409
632
599
193
1375
971
0
256
748
836
784
934
885
84
723
0
66
1108
0
0
0
152
335
1015
1181
779
395
581
0
442
526
0
0
0
0
0
816
910
514
311
358
144
967
1512
385
0
0
326
684
501
71
505
219
326
273
1386
612
75
0
0
0
0
849
125
104
144
18
0
0
0
57
0
0
0
171
251
174
197
93
253
0
0
406
305
0
0
0
0
121
304
131
81
0
0
0
0
0
0
0
0
0
0
0
0
224
0
0
281
109
0
0
0
0
0
495
0
2
276
43
26
626
250
0
0
283
186
251
486
0
33
175
0
0
62
408
492
197
167
274
348
48
0
183
170
157
41
267
41
85
0
0
95
0
0
145
218
146
242
363
8
78
23
0
0
0
42
38
7
59
12
139
151
0
0
0
0
0
0
0
0
0
131
111
164
145
0
0
0
0
0
0
0
0
0
258
89
0
0
0
0
38
0
0
0
154
0
0
313
111
246
426
0
21
232
265
163
347
0
215
458
414
244
306
7
0
0
9
0
0
0
113
214
270
199
125
441
264
1348
1079
650
619
249
0
0
387
203
0
199
789
1336
1412
1662
1499
107
0
0
0
52
351
331
663
622
946
131
265
0
0
0
0
0
0
0
679
1077
67
390
190
0
0
0
0
0
0
332
282
503
373
137
0
89
120
187
318
804
1018
877
339
128
696
708
424
0
0
1297
1987
884
752
476
1418
1303
721
627
1105
364
888
782
797
918
0
0
85
503
908
612
1141
1003
342
250
0
0
504
0
0
0
0
0
0
537
773
371
0
0
130
661
0
0
586
0
0
325
210
440
0
0
0
0
0
0
0
0
366
433
595
753
486
0
0
0
0
0
0
0
1403
1891
142
86
970
400
131
808
126
586
466
1398
1552
2068
608
0
875
1074
469
45
641
351
0
0
0
0
0
0
180
793
273
277
288
0
147
265
295
0
0
0
237
296
113
75
398
326
0
0
642
273
0
0
0
0
44
61
0
295
173
0
107
0
0
0
0
0
0
0
0
0
543
53
166
1081
0
0
0
0
0
0
425
99
0
350
150
315
1316
648
0
0
477
100
351
452
102
0
48
65
2
0
0
427
311
105
81
0
0
0
252
0
285
249
351
56
11
0
166
0
19
0
106
396
0
417
259
0
128
650
0
202
90
0
0
226
192
0
257
121
0
365
431
0
0
0
0
0
162
305
0
430
35
0
344
0
0
0
0
0
0
338
786
135
14
0
0
660
0
0
0
0
0
47
563
477
280
375
0
0
420
400
440
286
408
0
389
0
383
315
301
0
0
4
35
0
0
0
226
319
0
70
140
197
0
593
502
209
0
0
0
230
372
201
0
120
132
0
344
599
407
0
0
0
18
312
408
102
7
129
0
0
20
0
0
0
0
0
0
106
229
75
0
0
0
0
0
0
0
0
9
551
264
341
10
0
0
169
50
0
0
0
33
457
371
124
405
209
92
0
0
0
461
437
242
298
282
0
0
619
495
155
440
559
186
140
0
0
160
164
94
156
646
430
444
503
26
0
142
0
0
0
0
0
0
438
299
333
341
0
0
4
0
0
497
149
0
0
309
259
118
37
0
0
0
0
0
180
0
85
0
312
242
0
0
0
0
0
0
0
74
185
0
0
240
302
0
0
0
49
270
567
591
683
92
0
20
322
284
0
0
0
0
0
0
0
0
0
0
134
10
107
171
376
630
380
0
0
209
743
289
0
0
0
0
71
0
517
536
67
324
886
1402
909
11
0
0
0
0
0
0
0
0
606
1225
1245
947
0
0
0
0
0
0
466
269
0
0
0
0
1005
1138
0
0
0
0
0
725
266
274
283
565
263
227
0
0
0
0
0
0
0
0
56
0
791
0
0
0
0
0
0
0
411
553
200
129
426
899
0
0
38
416
0
0
227
324
786
440
145
0
0
0
0
573
805
0
0
167
0
1267
1153
204
0
0
0
174
1293
1152
0
0
24
0
0
792
0
413
622
182
0
672
734
5
0
0
0
0
0
0
555
973
436
0
631
0
0
149
44
0
0
71
483
219
531
395
670
112
0
62
77
176
0
0
0
371
491
952
927
531
0
0
148
26
0
0
0
0
175
203
35
101
206
122
41
0
0
55
290
0
162
269
36
63
13
0
97
161
0
0
0
0
0
0
25
0
0
0
0
103
322
90
0
0
0
0
0
231
562
470
699
95
0
0
0
0
0
0
0
0
0
0
166
70
0
0
0
183
0
0
0
828
883
0
0
0
315
571
483
0
0
116
0
0
0
71
0
77
0
149
313
36
0
0
26
0
0
111
140
0
0
0
0
98
184
0
0
112
0
0
152
231
0
33
353
448
0
377
288
0
113
0
159
0
0
0
0
0
0
565
296
37
176
0
0
599
16
0
632
0
0
118
551
0
69
345
0
0
132
0
0
0
0
0
0
0
382
969
6
0
0
0
0
0
0
0
0
0
275
169
634
80
0
66
68
334
399
177
154
174
418
252
101
0
0
0
159
116
317
551
449
146
227
200
192
93
0
0
0
0
0
0
0
0
80
226
167
43
0
0
0
0
0
0
0
0
0
0
0
10
192
125
0
0
0
0
0
0
0
105
265
284
239
0
0
0
24
0
0
0
24
323
433
337
689
51
172
395
0
0
14
0
235
529
449
382
84
268
44
284
430
373
192
48
0
0
354
434
156
0
0
0
0
290
175
0
0
0
0
1
6
0
0
0
76
0
40
154
0
0
0
0
0
0
0
0
0
0
82
103
159
115
44
0
0
0
5
203
269
0
509
652
171
0
17
51
0
0
0
70
367
478
459
604
377
0
70
84
90
0
0
0
0
0
57
183
17
64
0
27
61
34
323
777
0
380
436
953
1222
196
0
0
0
0
0
85
479
723
740
772
345
234
0
0
0
0
0
0
0
71
0
239
761
492
522
1729
2498
1572
0
0
0
0
0
0
470
1030
656
1964
3255
1850
1047
0
0
0
0
0
0
0
0
0
189
401
0
0
0
0
0
0
0
997
367
0
0
59
404
542
0
0
0
0
19
357
457
256
507
583
0
173
236
297
267
0
0
0
317
607
627
570
0
0
0
0
253
0
0
0
0
0
0
0
0
0
0
258
0
0
0
0
0
0
0
0
0
419
655
113
798
386
0
0
80
0
0
0
0
110
2089
1480
1017
281
217
0
333
0
0
0
0
0
0
0
0
0
421
629
111
208
0
0
0
0
0
313
658
1468
2402
2700
1417
0
0
0
0
92
67
246
335
138
0
0
352
247
142
35
0
0
109
0
62
405
263
134
299
357
405
169
0
0
0
0
0
0
0
0
264
468
317
46
0
0
0
0
0
0
52
24
0
0
0
0
0
0
0
0
0
0
0
0
14
140
224
257
297
50
0
0
0
0
0
0
0
145
263
215
714
69
75
60
0
0
0
0
155
411
322
226
56
545
23
179
295
370
184
0
0
0
248
506
264
0
0
0
0
313
422
0
0
0
0
79
114
137
0
0
0
0
21
148
0
0
0
0
0
132
71
18
0
0
1
0
214
94
0
0
0
0
280
178
137
0
250
267
342
0
0
25
0
0
0
155
608
635
433
428
404
0
0
0
74
0
0
0
0
3
13
50
0
0
0
0
69
16
0
70
81
0
0
0
0
0
0
0
0
128
521
18
332
309
0
0
0
0
208
244
0
0
415
602
551
427
881
403
51
114
143
0
0
0
429
663
329
611
740
0
0
0
130
85
0
0
0
250
725
356
466
482
0
0
83
0
172
270
0
0
86
310
154
639
508
264
150
0
0
0
49
0
238
109
213
246
103
0
0
0
0
0
233
111
0
0
0
415
529
0
0
0
0
23
341
460
414
0
0
0
889
668
6
0
0
994
964
434
591
269
65
428
653
524
238
163
663
389
903
210
0
454
0
180
835
775
256
273
734
1369
1013
387
434
0
0
0
75
330
608
637
43
183
324
859
889
35
0
0
0
0
643
900
213
0
119
585
588
231
0
0
0
0
0
847
854
99
35
0
0
30
0
0
0
57
666
997
617
240
38
0
0
0
0
0
0
0
0
387
0
0
0
228
0
0
0
0
15
0
0
0
0
0
0
74
91
0
242
0
0
733
340
271
0
0
0
0
31
0
0
78
317
0
0
563
614
0
0
0
255
210
0
0
0
226
0
0
0
85
288
0
0
0
0
0
0
0
0
143
88
0
0
0
51
0
0
0
0
0
385
432
234
0
0
735
0
336
597
0
0
0
0
408
615
386
407
370
1457
65
220
856
222
318
0
0
319
751
1581
659
0
843
194
0
0
1009
73
0
0
0
464
991
0
0
0
0
0
0
0
0
0
143
0
0
0
0
0
0
0
0
0
0
0
0
0
0
0
0
0
0
0
0
0
0
0
0
0
0
0
52
11
0
0
366
373
307
279
93
19
0
0
0
107
204
0
0
105
394
949
766
154
0
267
0
0
0
0
0
0
301
841
918
509
0
0
36
0
0
0
0
0
0
0
0
0
0
0
0
0
0
0
2
0
0
0
0
111
0
0
0
0
0
0
0
147
0
0
0
0
84
0
0
0
0
0
0
0
0
0
0
0
160
637
23
0
0
0
0
0
0
0
109
22
0
0
41
0
0
159
378
0
0
0
0
836
1148
338
0
0
0
32
995
830
26
0
0
0
0
993
0
0
265
0
0
687
505
0
32
0
0
0
0
0
0
0
0
0
219
0
0
0
0
0
0
0
130
30
0
0
0
238
0
0
0
100
0
0
0
0
0
0
0
0
0
0
0
0
39
175
46
0
155
732
688
0
0
0
0
0
109
204
1106
691
187
540
255
0
0
0
0
0
27
324
334
1029
477
505
531
0
0
0
0
0
77
163
386
145
619
0
0
2
324
0
0
0
0
109
119
38
67
0
0
0
0
54
86
193
0
0
143
51
120
212
40
1
544
435
27
0
0
429
758
751
0
352
127
68
0
82
390
344
0
0
9
322
14
137
371
0
0
0
0
0
203
0
0
0
0
0
138
327
0
0
0
0
0
29
40
97
0
0
0
0
130
0
0
0
0
0
0
0
0
385
13
90
77
67
59
77
230
0
88
0
0
596
965
178
292
380
0
0
491
721
230
0
0
0
384
256
129
691
166
0
0
486
508
89
0
0
0
0
0
215
493
25
8
92
0
0
0
0
0
0
0
200
276
122
182
470
0
0
0
0
0
0
0
0
0
66
117
73
407
113
0
0
0
0
0
0
0
0
0
132
42
516
204
3
520
411
142
0
0
0
0
410
252
9
312
226
128
707
574
133
91
0
0
267
629
320
13
48
109
56
0
0
191
154
0
0
0
0
184
142
22
185
161
84
0
0
0
0
43
0
0
0
53
0
365
205
0
0
13
0
0
132
0
0
0
4
0
260
150
0
0
176
72
0
0
0
0
0
184
16
240
407
0
1
331
527
324
0
0
0
0
57
18
151
367
84
0
0
0
202
0
0
0
0
121
105
223
126
241
0
22
104
154
8
0
0
0
166
132
93
139
370
58
149
282
0
0
29
13
0
0
66
24
310
0
10
138
479
417
85
34
9
0
0
0
10
139
143
128
0
0
0
0
28
60
0
0
0
0
0
69
0
0
0
162
534
546
287
0
5
0
0
0
217
0
0
0
363
881
570
58
0
0
0
0
0
478
318
45
0
282
354
0
0
0
0
0
0
0
73
0
0
0
45
124
36
79
0
0
0
78
29
9
137
106
0
0
34
117
104
0
0
0
0
0
0
14
190
0
0
0
0
0
170
0
0
0
0
0
0
23
0
0
0
0
0
0
25
0
0
0
0
20
388
260
479
329
0
0
1
120
0
0
0
0
219
267
252
454
246
98
0
55
0
0
97
0
0
0
168
230
149
2
0
104
0
0
0
81
95
0
0
38
657
616
409
364
25
0
0
0
302
0
15
346
205
0
0
39
0
30
11
0
0
267
0
0
797
636
0
39
0
0
0
0
0
0
0
0
0
0
3
0
0
0
0
0
0
0
0
0
0
110
718
0
0
0
0
0
1163
187
0
0
0
0
285
158
0
68
0
0
271
972
418
0
0
0
0
0
131
700
536
452
0
144
25
0
0
0
160
649
1136
82
153
0
0
46
0
55
386
323
0
191
579
204
45
309
0
0
0
0
0
0
0
0
0
138
0
0
0
0
0
63
0
0
0
0
0
0
492
0
0
0
131
0
0
0
0
0
284
0
0
0
0
0
236
0
0
0
614
0
0
253
195
0
116
0
0
215
253
530
918
117
0
0
282
350
0
0
0
0
0
0
0
0
0
0
0
53
120
239
447
647
453
313
403
583
0
0
0
0
0
0
216
727
1127
832
805
298
0
0
0
0
0
0
0
0
365
123
198
0
0
0
0
0
0
0
0
43
0
153
0
0
0
0
0
0
0
0
0
0
0
0
0
0
0
0
0
385
207
18
0
0
0
0
0
0
0
62
323
264
0
0
0
179
212
0
0
49
242
236
159
503
467
0
0
13
317
354
0
0
177
209
203
292
237
0
0
0
0
29
0
0
0
227
0
0
0
0
0
0
486
0
0
0
0
0
0
0
0
0
0
0
0
159
377
0
282
213
0
0
0
0
0
0
0
0
474
876
195
51
79
0
0
0
0
0
0
0
81
620
649
46
110
0
0
0
55
0
0
0
0
0
0
0
0
0
8
0
0
0
267
0
0
0
0
0
0
0
11
364
567
292
368
296
344
63
0
90
439
227
0
0
596
1253
228
0
0
0
0
0
0
0
0
0
0
463
869
372
0
0
0
0
0
0
0
239
55
0
417
843
417
762
326
8
0
0
911
355
288
3
0
94
257
449
513
95
719
173
0
0
0
56
260
0
0
58
161
0
0
0
0
0
189
0
0
0
0
0
380
163
0
0
0
0
0
0
0
0
0
0
278
502
295
5
580
1399
610
0
536
26
202
1376
1332
380
174
351
0
0
662
0
0
121
0
162
1179
754
390
304
859
334
0
0
0
0
0
0
215
0
0
1026
135
407
771
186
512
0
0
0
0
0
695
1340
875
161
473
682
362
0
0
0
0
0
353
1069
1177
471
214
5
0
0
0
167
257
314
375
225
0
0
0
0
0
0
0
0
152
158
94
0
0
201
266
0
0
0
0
137
1075
1306
632
150
25
322
1071
981
0
0
0
0
0
851
1499
1685
624
868
0
423
752
9
0
0
0
0
0
0
142
0
0
0
347
710
150
0
0
0
266
0
0
198
0
218
205
0
331
403
307
0
128
300
173
29
156
0
210
298
160
0
127
133
0
176
310
352
201
1234
496
50
363
377
65
101
24
0
38
0
0
0
869
215
352
0
0
0
148
150
0
654
680
0
498
832
0
0
638
0
0
105
0
0
120
506
80
360
347
172
0
340
0
282
0
0
0
0
0
0
0
0
0
0
0
5
118
0
0
0
0
0
35
259
182
139
178
13
0
2
0
0
116
90
0
0
17
0
0
1199
294
0
0
0
0
0
0
0
57
0
792
1691
2136
1799
283
0
0
0
0
0
0
18
935
2230
2599
3169
3108
1946
0
0
0
0
0
872
972
0
0
1266
896
1296
1057
0
0
0
0
0
584
0
0
0
472
0
0
0
0
0
0
0
0
0
0
0
0
1000
0
0
0
0
0
0
0
0
424
197
274
1020
1944
0
0
201
790
0
0
0
258
1554
2154
1022
278
1388
0
402
1961
2262
0
0
0
0
2140
1398
0
0
0
0
49
1423
1007
0
0
0
0
0
389
495
1024
0
0
0
0
285
0
0
0
0
0
1095
596
326
174
0
0
806
0
0
0
0
0
0
36
1469
0
0
0
1187
462
0
0
0
201
0
0
503
2404
2062
1521
1958
1758
0
0
0
0
14
14
4
11
10
0
0
7
6
0
0
5
13
11
0
0
15
0
0
1
16
15
0
0
0
13
2
0
35
0
0
1
8
14
13
6
0
0
21
1
24
85
7
0
0
23
43
28
14
0
3
17
0
24
77
32
0
0
39
18
2
0
0
1
0
5
0
0
0
0
0
9
0
0
0
0
8
0
9
5
0
0
0
0
25
0
0
0
12
14
0
15
0
0
21
45
14
33
26
0
13
34
20
0
10
0
6
63
53
0
12
0
0
32
45
30
0
24
0
0
66
35
5
6
0
0
11
51
42
2
17
0
0
56
0
0
0
0
0
21
58
19
3
22
0
0
28
22
2
0
0
14
49
10
10
4
20
0
0
4
27
21
0
0
44
44
0
4
2
165
0
366
434
238
89
0
0
0
0
0
0
337
189
0
235
618
584
31
0
0
0
86
99
0
0
268
263
146
270
0
0
0
0
0
0
388
31
0
190
115
0
0
0
13
140
0
0
289
736
301
0
137
0
0
0
0
0
0
0
266
633
910
314
40
207
0
0
174
460
568
73
88
231
300
608
809
409
210
450
684
109
161
23
18
102
44
129
66
735
317
252
416
0
0
185
368
401
145
275
0
0
430
220
81
491
0
0
0
189
233
1032
219
0
0
131
199
221
1778
830
0
0
0
0
25
317
55
0
485
169
0
1217
1429
202
0
0
0
354
834
385
465
511
289
0
40
859
527
142
11
346
728
61
0
327
283
317
0
0
295
0
0
0
0
0
0
0
130
0
116
0
0
0
0
0
0
0
0
93
201
295
535
817
0
0
0
0
0
0
186
418
480
403
604
987
1256
221
0
0
0
0
0
0
0
0
0
336
882
853
296
85
0
0
0
0
0
0
0
0
0
1032
900
590
711
75
0
0
0
0
102
74
0
0
630
591
631
447
31
208
0
0
0
366
90
0
27
479
543
0
0
0
0
0
14
412
47
0
0
0
396
737
183
0
0
0
0
0
0
0
132
0
304
1142
800
325
217
685
726
287
0
0
0
630
712
465
932
474
488
10
0
604
0
0
0
0
0
552
66
0
306
858
863
512
0
0
0
0
0
0
0
0
115
11
545
840
1030
506
219
214
0
0
0
316
782
415
0
487
679
723
0
332
0
0
0
0
867
1078
322
83
0
0
0
0
0
503
206
80
485
607
185
0
0
0
0
0
0
0
0
0
0
0
247
120
0
0
0
0
0
0
0
0
0
0
0
0
0
0
0
0
0
0
173
0
0
0
0
0
0
0
0
0
0
0
0
0
0
0
0
0
0
676
0
0
0
0
0
224
0
0
0
0
142
0
0
0
0
0
49
0
159
0
0
0
0
393
7
0
0
0
0
0
34
0
0
0
0
0
0
0
0
0
0
0
0
0
0
0
0
0
0
0
0
0
0
0
0
0
813
0
0
0
193
0
0
0
0
0
0
0
0
718
0
0
386
185
0
0
0
0
0
0
0
0
0
0
0
0
120
124
0
0
0
0
0
41
0
0
0
0
0
0
0
0
0
0
0
0
0
0
23
0
0
202
1632
1544
0
0
0
0
144
0
346
2047
742
0
744
562
0
0
0
0
344
149
727
599
2308
0
0
0
0
0
0
0
0
0
335
1043
131
807
0
0
0
0
0
0
0
0
0
67
65
63
0
0
0
0
0
0
0
0
68
3
339
358
316
0
0
1015
1144
607
0
567
1390
1560
1559
81
861
527
132
0
550
962
618
0
149
612
900
208
0
460
10
110
0
106
0
0
0
0
0
0
0
0
444
136
0
0
0
0
0
0
0
0
0
0
0
371
0
0
0
0
0
0
0
0
0
0
0
0
0
0
319
248
0
0
0
0
401
1042
0
124
263
0
21
1489
1935
0
0
0
134
935
190
0
905
280
0
0
1016
691
0
0
0
0
0
0
0
684
0
0
236
0
0
43
10
0
0
189
0
0
0
0
0
55
0
0
354
328
0
8
0
0
0
0
0
0
0
0
0
145
392
0
0
0
0
0
0
0
0
0
0
2
1245
558
628
0
0
0
1299
385
0
0
0
0
234
272
0
162
0
0
184
1325
838
0
0
0
0
2
0
309
505
381
0
0
0
0
0
0
74
593
1162
0
0
0
0
14
0
0
231
0
0
96
680
241
0
185
0
0
0
0
0
0
0
0
0
209
0
0
0
451
0
85
0
0
0
0
0
0
965
0
0
0
636
0
0
0
0
0
2
0
0
44
0
0
278
82
0
0
406
0
0
0
107
0
0
0
0
0
0
217
551
0
0
0
0
274
0
0
0
0
0
0
0
0
0
0
0
0
47
160
0
0
0
0
0
0
496
20
0
0
0
0
37
0
0
0
0
0
387
603
492
0
0
0
0
0
0
0
0
0
313
444
200
131
0
0
0
6
0
0
910
654
0
0
0
0
0
830
0
0
0
0
0
920
388
0
0
131
0
0
0
0
0
0
0
0
0
0
43
0
707
0
0
0
0
0
0
0
266
508
51
0
0
675
0
0
0
370
1
0
0
0
301
415
522
0
0
0
0
486
780
0
0
0
0
25
205
80
0
0
0
0
0
20
62
0
0
0
0
83
166
722
0
0
0
0
0
122
0
0
0
0
339
0
21
52
0
0
0
0
0
0
192
0
0
0
626
144
126
0
0
0
0
0
76
122
0
0
0
570
848
421
66
377
0
0
0
2
0
0
0
0
0
40
0
0
242
328
223
239
40
58
57
0
0
0
0
0
0
0
142
339
465
484
0
0
0
0
0
0
0
0
0
0
0
181
423
0
0
0
0
0
0
0
0
0
0
0
36
343
119
70
267
105
0
0
107
101
103
59
0
97
280
87
58
5
347
129
0
0
365
347
506
0
0
133
78
0
0
0
0
0
0
21
48
0
0
0
13
0
0
0
0
0
0
0
0
0
0
0
0
15
0
0
0
0
0
0
0
0
0
0
0
7
85
120
41
0
0
0
0
0
0
0
0
0
0
0
80
517
0
0
0
0
0
0
0
0
0
0
0
280
766
477
0
0
218
32
0
0
0
163
186
20
227
401
0
0
20
0
0
0
101
4
134
203
53
0
0
0
0
0
129
0
0
159
545
381
141
0
0
660
0
0
0
0
0
0
0
378
960
976
602
379
84
0
0
0
0
0
0
0
0
684
1291
186
677
0
0
0
0
0
0
0
0
0
0
962
197
361
0
0
0
0
0
0
50
23
0
0
1162
746
918
442
1119
1877
0
0
0
1058
1700
1356
0
441
1191
316
0
0
0
0
0
0
371
344
0
0
0
754
0
0
0
0
0
0
0
0
0
0
0
190
1071
0
0
0
0
0
213
32
0
0
0
0
169
786
0
1413
0
0
0
0
0
0
0
0
0
0
121
704
3338
1066
0
236
0
0
0
0
0
0
581
0
0
1489
1462
0
0
0
0
0
0
0
1962
552
0
0
884
0
0
0
0
0
0
0
335
1873
320
67
425
1034
1320
1156
849
861
1037
345
0
0
0
0
0
478
948
1964
2033
1559
407
73
0
0
0
0
0
0
0
0
308
260
0
0
29
342
144
0
0
0
0
0
0
10
0
0
0
776
1150
655
71
0
0
0
0
0
0
0
0
0
1171
1101
0
0
0
0
0
0
0
410
242
108
412
758
402
331
0
0
0
0
94
418
932
595
774
497
0
178
444
665
613
139
0
0
245
588
971
1106
0
0
0
0
295
63
0
0
0
0
0
0
366
0
0
1247
0
0
322
0
0
0
0
0
0
0
0
0
520
691
245
1035
1008
25
0
0
0
901
1065
0
0
758
1290
687
913
561
88
0
0
0
314
431
554
472
1070
1037
785
825
0
65
0
0
0
0
0
0
0
0
72
106
162
6
0
0
0
0
0
0
0
0
0
378
331
273
0
0
0
298
0
0
0
0
0
0
0
392
906
356
0
0
0
0
0
0
0
0
0
0
0
636
535
0
0
0
0
0
0
576
0
0
0
0
0
352
0
0
0
0
0
0
0
0
0
0
0
0
756
447
107
0
1333
2151
80
0
0
780
1585
1476
18
351
843
0
0
0
33
0
0
0
244
528
0
0
0
429
0
0
0
0
0
0
0
0
155
101
0
0
518
0
0
61
0
0
0
0
0
0
0
0
0
549
0
995
0
0
0
0
0
0
254
0
0
0
0
0
2277
784
0
827
0
0
0
344
0
0
257
0
0
1229
847
0
0
0
0
0
0
70
1896
307
0
0
251
0
0
24
0
0
0
252
77
1460
252
3
