2084
2420
5061
4674
802
-307
824
-760
-4149
-4069
-2150
-945
-572
-430
223
5003
3908
2478
1127
1195
2335
1448
-2099
-3485
-1137
1607
-47
-68
4205
5881
2002
1162
3407
6645
6519
2086
-3105
-1872
599
58
368
938
-2033
-4670
-3831
1662
2727
7614
4276
-1364
-1537
-411
-1794
-91
1310
-2571
-2016
-1723
169
-2296
1180
829
-554
-3123
-2528
-763
1317
-3673
-5190
655
1043
354
-6442
-5731
-3966
82
-4186
-3432
590
2856
2232
-282
1273
2437
-1298
-2727
-2095
-941
633
-2587
-1862
3864
2962
1434
-596
2477
2820
-915
2344
67
-531
-517
-3169
-2035
4352
2781
1286
1846
2389
-1156
-364
8742
3977
2761
3857
-1573
-2056
1650
-794
9
3496
2717
710
4140
10565
5012
5542
4475
889
231
1388
-5438
-4161
-4946
-9475
-6556
-603
-394
976
2426
-2671
-113
1065
44
-3815
-4111
-2824
-2981
-3706
-233
2825
3458
-2028
-4396
-1335
-264
128
-390
2721
688
12
-537
2213
3724
1223
-1811
-2654
-429
-404
-761
-902
-2595
-2753
-2713
-3010
-3507
-4378
-5224
-3302
226
1693
3734
716
-1604
-1987
-2319
-3227
-2000
-1983
-1343
-1835
-1526
-544
1650
3372
1877
2040
3697
-277
-531
-631
3
-302
-455
-196
1124
1159
3933
1672
2743
4401
3848
2280
-1698
1638
-350
-2802
-3081
945
1080
4448
3501
3662
5077
4330
2764
-732
4221
3999
215
-1730
-1117
-276
2499
2517
2308
593
-2365
-191
-2616
-1973
1880
-1341
-1952
-166
355
-904
1105
-1401
-3419
-3016
-3140
-1294
-1846
-1764
-3118
-2402
-345
-146
-425
-39
-2907
-3667
-2156
-2922
-1326
4423
2375
-1899
-1896
2658
2531
-995
658
-688
-1407
99
2323
2093
1959
-3442
-1284
-1105
-649
1118
-822
1735
1294
1498
2950
4688
6483
1622
-2735
-2407
-983
1103
-933
-238
3820
2830
2932
7267
2281
239
422
-2598
-3736
1853
843
-2196
-14
4146
1609
2888
4518
2226
3411
-279
-3821
256
3313
-572
-1436
-498
3016
1941
3053
3659
3429
4600
529
-338
272
3997
252
1316
360
1603
1751
1823
361
-1930
-459
2159
-1066
-5421
-4552
-2156
3020
4172
351
2280
3532
141
1871
3377
1718
340
-1572
-3858
-2870
942
6312
569
5952
1811
-2793
1371
386
138
-320
-671
-1847
-5398
-1092
6825
190
5162
4034
-2097
-4645
-3163
-811
-2922
-1824
-1662
-3836
-2225
3581
1679
3192
1558
984
-1125
-1957
-1397
-2190
-1323
1770
1215
-3443
-253
-502
25
-7042
-4038
3160
3789
-149
-5637
-5773
2421
9705
-3357
-3454
-455
517
-1983
233
3638
6217
-584
-4619
-3190
1504
5047
-1579
-2963
3336
3224
2752
3702
546
-1881
-588
1089
4215
2158
2259
-2853
-3485
4303
3265
3034
-354
-5252
-4244
-4632
643
6102
1792
-338
-2853
-2703
3040
-1398
-1413
-1791
-4837
-3864
-5092
-1088
-285
737
652
-2277
-889
2146
1528
5482
-2490
-6472
-4669
-3506
-306
1211
2929
385
-2413
-1074
1855
4837
10356
804
202
-2826
-1732
2827
5213
-2351
-3658
-937
-1026
786
3283
10679
1614
3035
-274
268
3775
1032
-3347
-4662
-44
-87
-828
-334
-2850
-2403
-2407
-1163
-1178
-959
-922
-1178
-607
-184
-797
-755
-1250
-2152
-1783
-2237
-422
290
211
-196
-536
-1028
-1369
-2735
-2526
-1123
-2331
-1094
1337
1191
576
2483
4183
3303
-947
-2209
-3756
-1924
-2608
-4402
2737
6821
5435
4695
5852
-108
-1717
-1182
-1787
-1979
-528
-543
-1610
130
-310
22
-956
1707
-1335
-1718
-2816
-1621
-986
-1692
-1289
4006
3843
-2142
-2914
-2780
777
2844
734
-2460
-1579
-532
-2761
-3751
-2112
-98
-586
739
-659
-701
111
-1065
-1840
-1174
-250
-4911
-3264
-530
498
-2035
-1323
-404
-3287
-987
-168
-196
-909
-740
-4475
-3020
369
-3114
-3689
881
1728
-3913
-1209
-358
-3139
-1656
-221
-940
-426
-1543
-2894
2185
1172
-594
-224
-795
-3072
-2094
-1621
-797
-1537
849
-570
-1289
7815
7048
1421
1555
-27
-1323
21
-1709
-1450
-1059
561
33
-3301
-827
-1332
-1959
-2763
-697
1286
1637
-928
-621
-1047
-1745
95
2313
2535
2606
4232
4204
2007
-96
787
-477
-682
2
7
13
12
43
52
21
12
49
58
40
17
11
19
19
0
6
9
0
0
0
0
15
39
34
11
14
14
0
0
0
0
2
0
0
3
21
24
15
8
1
23
37
14
0
0
8
18
26
4
22
30
10
2
30
48
52
40
25
38
40
40
22
36
35
19
45
96
105
85
40
12
74
105
89
0
19
20
19
37
68
69
49
0
2
30
61
54
0
0
3
20
27
9
0
0
10
1
5
2
0
0
3
12
4
0
0
0
0
10
0
5
1
0
0
2
12
15
10
10
4
34
34
8
8
8
0
1
1
0
25
25
4
19
58
58
55
62
18
0
0
7
7
30
36
0
19
23
56
76
61
10
0
2
14
14
7
15
0
0
9
39
38
10
0
8
15
15
11
-920
-519
487
34
-496
3975
4914
1498
-1152
-2614
-1809
-977
-1660
-1042
1514
2435
817
879
1324
737
160
-336
-1885
-3090
-1654
-730
-1682
-768
-2361
-1196
-921
-989
-1288
-1701
-1818
-3703
-3750
-2141
-2265
-1209
-1058
-3227
-3575
-1814
-632
-1333
-2019
-931
-1621
-1602
-2401
-2402
-1680
-1161
-1886
-2280
-1573
-475
-1383
-2125
-2207
-1311
-928
-3946
-3109
-1535
-1454
176
-390
-1549
912
1065
-2437
-1456
254
380
-3930
-2273
-98
-372
80
-509
712
1542
-213
679
-376
373
-179
-3060
-1422
-882
1654
1925
499
541
-1524
-2905
-2236
1187
659
-902
-2508
-1322
480
670
316
-533
-142
-2508
-675
1509
855
196
849
-2253
-849
-313
172
-32
-2027
-3745
-4335
-1458
-272
858
1202
-84
-1338
-380
-639
-797
-680
-3236
-736
178
-1081
1051
2529
-923
-2106
-1030
-647
-2022
-1796
-605
-928
-1387
-1778
-1553
-604
-837
-1337
-709
-1384
-777
-1139
-704
-1596
-2851
-3741
-4042
-1003
-380
-1615
-2587
-1189
-1320
-780
-520
-1156
-2533
-2031
-1707
-4146
-4289
-2827
-1406
-445
-670
-1095
5296
436
-1851
-814
-2440
-1345
335
-221
-354
-883
-954
-159
-1933
1256
2543
4846
4996
448
1433
2107
2405
1407
-39
65
2051
-90
1491
3050
5078
2699
-793
-342
2894
5016
2802
-917
-2557
3349
1359
1515
2911
4110
-732
-3246
-3313
-1773
-470
-402
-1890
-1033
4329
1800
138
1976
1753
-628
-3152
-3085
-1039
-1513
1148
-2547
-3291
4281
3977
746
-171
-2245
-2703
-3525
-4815
739
2179
163
-2187
-2414
193
2178
343
540
-771
-954
87
-1
6347
10337
5646
5023
314
192
2284
1143
450
4092
3511
2685
933
7600
9419
3579
5952
1697
-866
601
486
4017
12730
10809
4349
-2626
-1839
-872
703
1192
2967
2240
1477
580
2235
12221
15480
5773
-3774
-5337
-4122
-5079
-1935
4859
5559
2014
990
-1384
923
11929
5655
-215
-2171
-4691
-4264
-855
1940
1336
680
565
-561
-990
8103
5118
753
-3516
-5563
-4391
-2193
977
-415
-458
496
964
-1052
-572
1182
-1066
-525
1619
3153
917
-1850
-2155
-2633
-3904
-2337
-4250
-1947
-1270
-1673
484
1867
2332
246
-2220
-4663
-4470
-5031
-2886
-6262
-4321
36
2583
1645
1951
1074
2151
1224
-3174
-5277
-3515
-1950
-3637
731
6568
6139
4413
-1408
-3178
932
5582
-450
-6893
-4035
-3973
-2177
-1644
141
1324
2869
-1596
-6902
-2857
-942
-3880
-5418
-4683
-4189
-1797
-2879
-3674
-2982
-536
3055
-7174
-6063
-5523
-4115
-6293
-5767
-1637
2925
3561
780
34
-246
51
-3131
-216
407
1961
-5598
-5956
-1111
1010
3029
-381
-1564
1159
-732
-2011
87
1103
-488
-8301
-5457
-616
-100
1840
-2982
-1386
5433
581
-3789
-413
-1393
-487
-6008
-3474
-2293
-2789
377
-3213
1670
8735
3534
188
-841
-612
-2985
-4022
-2190
-2686
-7821
-6875
-5004
-2574
6559
5729
-2169
-1657
-189
-7616
-4806
50
-1420
-8559
-9756
-4955
-2979
-480
1936
1322
-111
-6344
-10167
-3454
-643
-2255
-6223
-6987
-1753
-360
2596
5256
4178
-371
-7814
-8097
-1947
-1477
-104
-898
-1421
-504
53
-328
-382
-391
-956
-1350
-540
-1379
-1672
-474
-2056
-1580
-830
-561
-113
249
1062
805
-270
-1180
-1978
-2820
-225
-643
1030
2604
2097
772
880
577
428
1222
388
-1797
-1947
44
360
-580
332
1728
2693
789
-644
-904
857
1148
-1281
-1560
-1090
-696
-110
-789
-265
2249
-890
-2067
516
2246
3210
-685
-1193
-731
-60
498
811
981
1813
-479
-955
-175
391
2580
-396
-1037
-91
871
1174
-898
-282
776
223
-447
-847
-558
-627
-1286
-1146
308
327
-36
-835
-151
4499
1717
-262
-374
-473
-157
-1194
-1064
17
558
-210
-130
-1087
1002
811
1230
-125
-1924
-304
-1160
-792
-951
4130
3333
-930
1388
344
-1089
1769
1816
-261
-837
-1036
-566
-917
3168
3597
-300
-1509
347
495
2801
3437
2161
-425
-65
399
-377
-822
1369
129
-1125
-1149
520
1405
1005
-1270
-1593
-378
500
-688
-415
737
812
-1303
-1595
-1071
-1387
-2005
-725
-1620
310
376
-2111
-516
-5165
-3981
-1374
-1646
-1580
2504
4301
2762
1649
998
-322
-2248
-4146
-6530
-6035
-4890
-532
-289
-785
15
1651
2460
420
-4845
-1807
-2729
-6133
-6895
-1639
128
-904
-507
-201
1684
2644
-672
-3490
-1344
-2301
-1249
1462
-2465
-2731
841
-481
-3684
-3161
-1366
2
-926
58
-441
687
-51
-3517
-4318
-385
-611
-2818
-2174
-1803
1132
447
-1963
-2401
1746
-2336
-3518
-858
483
3934
501
-4392
-2847
1818
-172
-2644
-4520
-2039
969
-1167
-110
1436
1236
1966
-157
-612
-19
-804
-3386
-2555
981
3638
-2678
-2593
1505
-1065
2595
2881
2517
878
-605
-4482
-2419
978
-2814
-5059
-1461
-4026
-6897
-342
-627
-2878
1586
562
-1333
1215
625
-3968
-1931
678
-4067
-6510
-2736
-4664
-3073
-612
-894
-2876
1178
2160
4923
3252
-3126
-3771
-6093
-6842
500
2042
-1774
-953
555
-1363
-1659
-134
1873
307
-3682
-4191
79
4468
2369
-1322
-550
1454
-2691
-2849
1419
4925
5337
1452
2284
3939
3665
1655
188
-147
2375
5278
3008
2843
2857
4299
5071
954
-2740
-3735
-1964
-3524
-3621
1797
4234
6769
5708
4717
2429
847
-371
-563
-1012
-2360
-4527
-3188
949
3908
6865
4920
3580
1885
2321
4349
4592
2446
-1841
-3042
-671
-1691
3664
2628
-3057
-3761
-1324
7629
9194
1780
-2030
-226
-1349
-2864
-2629
-2734
234
-2285
-4704
-4183
3770
4446
-2146
-6384
-3416
-1709
-2078
-47
-3076
2119
316
-798
147
1029
3038
1478
-2918
-50
1042
401
1231
1857
1941
1772
2797
3702
112
1770
1437
2039
2417
2176
955
-1474
671
2292
4729
4560
1370
4419
338
-425
1484
1836
1732
326
-700
-978
-766
803
1225
-3988
1232
2626
-1780
-1433
212
-54
-53
-2218
-3587
-5012
678
589
-4456
-2619
2693
2116
-1819
3836
4065
305
-2058
-7416
-7312
6868
7093
-2099
-2906
2898
3929
5484
7175
3627
322
3
-6285
-5879
4053
2822
1051
672
2409
4469
5009
4990
-567
-296
-198
-3357
-1035
3152
-56
1419
3938
4422
1729
3201
1305
-1141
-295
-2495
-2528
-5031
-3824
-3125
-3704
-1875
2190
1111
-641
-751
-1188
-3558
-727
-5300
-4566
-3620
-720
2364
4207
5874
5420
1860
-1272
-1326
-4601
-2398
-1948
-2079
-6811
553
5224
7230
5703
2854
1197
-3520
-3534
-2458
-4108
-302
-832
-6304
-5561
-1757
3097
-2353
-4885
-6564
-4437
-2979
-170
-4166
-519
-1390
-5476
-5039
-3436
288
-5544
-7538
-6328
-6252
-2805
-2133
-4944
-4817
-2677
-3061
-3674
-3512
1763
-1782
-4642
-5149
-6009
-3945
-4924
-5276
-5498
-2823
-2977
-2404
2911
6403
-684
-3206
-2701
150
-2578
-4070
-5466
-3868
1991
2768
-1234
1018
3673
-3038
-650
2587
5090
-986
-3953
-3330
-377
6239
5753
-564
-5755
-1331
-8159
1400
5069
3619
-2843
-2899
-1653
-5614
2080
3107
-5622
-5656
-7177
-7566
-2713
2619
2593
-3512
-1607
-4224
-9954
-2529
2533
-6117
-3708
-3146
-5585
-3601
5159
-181
-6133
-1111
-151
-5889
-4126
3185
3494
165
-3709
-3765
2586
1646
-5458
-3304
-925
438
-6030
-6366
824
3048
-763
-3328
-2916
-948
-1257
-3487
708
-455
409
2175
2985
1260
-840
1626
2076
-2727
-4882
-3754
-1926
-2509
-4584
-1185
2094
2626
-624
-262
-424
-835
-2126
-3999
-4754
-2933
-860
-503
-2064
-1181
-3100
-1151
-877
-2718
-1866
-1378
-1288
-2352
-3825
-657
-360
-1969
-2198
-3085
60
3827
1311
-1791
2353
2352
-76
-2644
-3181
-2026
-1887
-3015
-2024
1548
5196
4005
-2039
2834
1806
-483
-1151
-4455
-2299
-1101
-103
-130
354
-466
-1221
-2981
-4735
-2750
1817
-924
-6425
-3412
-221
1500
-200
-647
39
-1680
-4732
-4190
-2314
-648
-1487
-4609
-3175
847
-1061
-1739
-1859
-3367
-4753
-4815
-2835
-2924
-2024
-1737
-4369
-2893
420
-3596
-2025
-4587
-5381
-1181
-1863
-973
-4390
-2459
-2769
-4844
-2524
-2949
-6710
-5105
-3360
-2125
1544
3433
4234
-1866
-2307
-2370
-3700
-1803
1391
-3223
-5683
-6554
-1324
6093
7357
7456
2853
-2886
-4772
-2079
-1065
-675
-1546
-4261
-6032
-4059
-986
3281
1762
-1267
-5592
-4689
-2715
-1779
-2082
277
-707
-3149
-4462
-1407
3187
2561
-2459
-4776
-3936
-1036
-857
1576
1019
-459
833
-40
-2408
-1878
-2091
-1328
-617
-76
59
3696
535
474
113
-753
-602
-354
-814
-1217
-1387
-93
102
-935
3171
989
1496
3268
4462
4135
628
-326
1590
4118
5296
2991
-208
4126
964
1845
1161
4211
7189
5295
2057
5731
3692
2892
3335
-186
2490
1896
298
-1656
1382
661
1863
-1530
844
1812
1460
2009
1225
2142
1180
995
-1484
2426
3083
454
-3096
-2023
833
2665
4263
2724
2061
309
2184
-355
-492
355
-596
-1895
-1469
-99
-462
495
1095
1131
163
-754
-1802
-1465
434
3701
1741
2211
-590
-1125
-1258
-300
806
710
-174
-1548
-1718
-2322
3890
2983
796
-2433
-1515
-1500
306
458
-214
-218
-1027
-1975
5040
6905
4101
4632
1716
-2042
-986
83
-315
1226
2329
771
-1850
-158
3028
4855
3372
1161
-585
396
2070
-58
348
2522
4036
866
-2576
-2141
664
709
-8
-593
917
1782
271
-600
2180
11080
9960
6431
5351
4962
4345
3183
1419
335
498
618
249
-764
-2726
-1425
-2109
-1456
446
-363
-3512
-4259
-2328
-74
433
-1274
-2639
-2091
-996
-227
1576
1812
548
-1191
-3047
-3520
-2989
-1651
-2787
-3113
-3365
-1882
2095
1574
-196
302
1835
985
-4064
-5401
-1123
-2908
-2597
349
1178
-370
899
492
-821
3074
3700
-1511
-4888
241
-2365
231
-12
-141
-2727
-2259
-1557
-5228
-3003
-21
-3329
-5386
-1959
-4127
-3715
-4187
-2338
-331
-1088
-680
-6156
-4239
-3086
-584
-3500
-4246
-2518
-1317
-133
214
1020
2181
-1275
-3455
-947
-628
898
-3620
-4036
-1512
1900
2593
1402
-1456
-298
-2356
-3230
2194
1825
750
-5136
-4481
-1156
1740
2535
-1602
-6806
-4886
-1999
-3100
2643
1601
-655
-3063
-2613
424
-2490
-3107
-7909
-4933
-2884
-6142
-3023
1380
-2813
-4011
-2344
-1406
-3003
-5500
-3375
-5835
-3855
-171
248
697
-64
-755
-4625
-3893
-453
-552
-2715
-1905
-68
-821
-4215
-2879
132
1908
-4608
-5806
-1475
-29
95
-4565
-707
2270
4699
1794
2866
5371
3185
-4043
-5627
-289
-544
-2133
-1050
1656
869
1853
1304
-1445
1114
6490
6448
3272
-3753
-5962
-670
-426
93
473
-2121
-3237
-2201
-827
980
4231
5204
2190
-5468
637
-2623
-2264
-3263
-5318
-2070
-2043
-2501
-3023
-3472
3277
3720
-4883
-1451
-4449
-4087
-4828
-7042
-7649
-6290
-6521
-4626
-3205
-939
3156
-2925
-2985
-5313
-2902
-896
-1807
-3580
-2954
2445
2022
-3964
-2226
5170
3007
1246
-1316
842
750
-1868
-3109
1185
7223
5345
-2660
-8368
3998
4390
130
-1146
-306
2240
-958
-5010
33
2453
4031
425
-3351
1592
2584
-2602
-3986
-2906
-1460
-3068
-5477
-3312
-2657
-3450
-1205
-541
3113
2882
-3393
-5279
-3905
-1573
513
-5419
-5910
-4939
-7206
-3262
-693
2576
2486
-4882
-8676
-5198
-3296
-3857
-2990
-1571
-5328
-6791
-3512
-1774
970
1147
-3993
-10864
-10225
-2726
-1142
-922
-1220
-4112
-7309
-3934
-2318
-1308
619
-1887
-4331
-10669
-3016
1486
6000
3392
-2555
-5043
-1508
-147
-908
296
-288
-1763
-11862
-6985
-5564
-1485
-3524
-6524
-3411
211
1397
-773
-353
-834
755
2540
873
-174
-1691
-2382
-2700
-2450
-1621
-72
-395
-275
372
2098
2825
970
-596
-880
-359
2432
1901
-552
-507
1616
1536
3235
1749
3690
2522
-1816
-930
147
-485
-792
-2572
1628
3051
85
2596
3351
-425
-4542
-2368
-2703
-2242
-3888
-2987
-4363
1114
3873
-251
847
1923
320
-2700
-1233
-1976
792
-2327
-1137
-4827
-405
1901
-125
2536
1867
-1794
-4612
-4510
-3007
-1878
-1720
-3366
-4798
-3068
1421
1306
479
-1897
-3987
-5751
-3905
-1156
2299
215
-4654
-3804
-2668
2908
3494
270
-2450
-2545
-2481
1512
1999
2025
1670
-2175
-1453
490
4997
4405
1127
747
1828
9180
8672
1661
5285
1908
784
5646
7343
4319
1756
999
-1157
1376
7319
-38
25
6079
843
672
7695
6028
2764
2419
1806
-2525
-1670
875
-6793
-7004
-3116
-7398
-4422
50
3153
4166
1283
-830
-702
-1248
3725
-2571
-2294
-3302
-4877
-2272
4384
4406
2346
266
864
2622
-160
1140
-1666
-2700
-4848
-4845
-49
4653
5230
-91
293
747
1860
2919
1244
-1037
-1329
-36
2516
2669
2992
1360
491
1040
344
-1767
1824
985
180
1164
1437
1618
1840
1430
533
-660
-1048
590
-460
1450
161
-394
467
2020
1237
-709
-955
137
-870
436
207
628
6711
5576
-1431
-4285
-2874
-5791
-4740
-147
749
-827
-604
609
367
3300
2909
160
-1277
2142
2257
-313
-4404
-1640
1028
-968
-994
-1658
-3340
-6838
-3141
391
6125
2725
-3080
-8401
-4341
602
-1140
-857
-209
11
-4
-131
868
3910
1956
43
-898
3097
1624
-345
-720
32
1686
2567
2223
-970
3897
3913
782
1063
2910
1038
-825
572
-135
1802
904
8111
6115
-1184
-3459
-390
289
1620
-946
-861
-367
-3253
3558
6805
4326
6864
2822
-3830
-4457
2965
3294
-766
-57
-1612
-8509
-3554
6016
1254
537
-493
-9682
-6166
2139
-1857
-2687
113
1297
-6544
-6074
2340
5470
8718
2096
-1947
-334
418
-4369
-1939
-798
835
-3824
-6374
-2147
-1006
3491
1697
-1206
-2542
-2918
-2335
-703
-935
362
370
359
406
323
206
255
-295
-965
-1064
-409
-770
-789
181
406
738
1070
967
146
99
124
-479
-630
-531
-720
-791
-22
44
43
722
1151
616
643
921
1051
448
-442
-917
-220
-705
-655
-239
-168
-696
-19
-215
-258
1092
1403
80
-850
-137
-806
-1023
-277
489
55
-107
-286
-162
877
943
-263
-506
117
-329
-260
559
2268
2026
248
15
-486
1308
1066
220
-378
-233
-29
593
1239
1377
1602
231
-751
-948
933
928
53
-254
-208
-262
55
243
-68
-408
-179
-580
-890
-811
-43
-71
-650
-278
-516
-577
-508
-1215
-1237
-1420
-1075
-101
-527
-860
-257
-445
-140
-1111
-1361
-1431
-1791
-436
-356
-762
553
358
-788
-590
-67
81
-1077
-1719
-1785
-1427
-712
-93
417
2386
2537
979
-372
423
500
215
-122
-1412
-446
-426
-817
1343
2583
1805
-516
52
837
482
136
-287
-432
471
271
484
1378
1405
265
33
362
677
326
-1118
-688
-906
-2244
772
5151
4694
-649
-1254
-447
-421
-1614
-2564
1032
5949
2042
93
2593
1702
-400
-1900
-1784
-429
1095
65
1613
2237
6131
-2956
-5150
-2150
-2080
-3338
-6762
-7602
-6674
-2131
803
2564
668
1875
-5299
-10171
-9549
-5767
-7094
-10446
-9896
-6875
-3194
120
-359
-1025
-4116
-5316
-3978
-2333
-2528
-4337
-5486
-3661
-1911
-451
1038
1080
911
232
360
3645
4349
2846
-1953
835
4244
5255
3344
897
2934
1559
1815
-555
2182
3084
1778
-1595
542
2380
3376
307
317
1546
681
1523
53
-502
-3134
-4813
-4670
-3133
362
-304
-1664
-3
1300
958
-555
-2579
-3828
-5095
-7615
-8528
-2970
-1907
-4046
-3306
-615
1212
-2467
-2674
-4005
-7156
-10346
-10775
-8565
-7726
-5216
-3438
-3816
-2019
154
-1908
-267
-1243
-4261
-4211
-5669
-5010
3689
3755
-2925
-74
222
-930
-873
3291
4163
296
-625
-1630
1363
4676
467
-2585
1715
789
29
-911
2394
1325
-4341
-5157
-6986
-4107
-4479
-5485
-1080
1640
-118
75
-738
-1922
-1270
-1257
-1968
-2681
-1813
-454
-1125
-841
-77
455
1060
-586
-2033
-1173
-989
406
1419
1618
2001
1121
-495
-561
23
58
-367
-856
-675
-1453
-838
243
-82
-1811
-2339
-2786
-1134
-828
-405
168
-248
1533
-18
-2508
-1699
-2408
-6216
-2932
15
-1
-317
849
308
1843
1545
-712
-1227
-661
-298
-3071
-1216
-882
-1023
-1139
-525
-1571
-1594
-3342
-4315
-1967
-544
-9
-2958
-3903
-4226
-1591
-733
-1269
-1319
-2248
-1488
-2575
-1826
1620
1651
-905
-2228
-2225
212
-59
-455
177
1966
1674
-284
-63
1125
-492
118
2565
834
615
-339
-314
820
3597
3679
3145
1490
336
-692
-903
4604
3371
2590
222
-315
1620
1973
3537
1338
-2707
-2144
-2073
-3575
236
3375
832
-425
368
-903
-753
1822
-618
-4888
-3996
-2986
-5841
-2376
1244
-1412
-523
481
-321
-1284
1214
2304
-179
-1640
-2747
-2108
-54
-119
-1521
232
354
514
-2364
-1883
-951
20
-2485
-3525
-2963
-1104
-949
-671
122
-4
143
2423
3664
1804
1688
-1086
-1452
-2865
-3927
-2679
-115
-101
-2280
2932
4255
5243
6090
5031
-260
-343
258
-1622
-2454
-1494
-849
-932
-259
-819
-1929
-2266
-3216
-2158
-2667
-2383
-1611
-3604
-3542
-2007
-540
-2006
-276
-2742
-8113
-6278
-2052
1669
3650
6570
3177
-448
-454
1171
-903
1845
884
-35
-1812
-385
7563
5126
1902
-276
-1077
-2267
826
-1408
-1443
1562
5483
3219
-618
-682
-1202
1748
2570
1052
-750
556
-594
-244
519
-1884
430
-964
-994
-2208
-2132
-1683
-638
796
1780
-954
-212
-1005
-1631
-53
-3500
-5792
-4575
-2521
-1429
-226
324
1431
-1793
-411
977
3733
-804
-7302
3063
3465
-126
4685
4750
331
524
-840
-3707
-3942
-599
-6096
-11032
-2543
258
4381
3649
3927
4057
1237
-2225
-3903
-4587
-707
-300
-4106
-37
6353
7747
1454
2936
5305
743
-97
1940
-605
3974
-1200
-4887
439
2335
1631
5014
7297
3949
1392
1830
568
-1175
-91
-516
-3245
-3629
-565
5362
4923
4707
2076
1140
-441
685
-634
-448
228
1113
-1197
-1816
218
1052
204
-2412
262
341
2338
885
-1751
-2395
-2201
-1936
-1982
-1279
1495
1249
-1119
-695
1936
1245
-272
282
-784
-1171
-1400
60
1265
2137
4619
2136
-1413
2675
-185
-5109
-1873
3033
2580
3558
8417
-1
-2693
2097
1599
-2601
857
-3561
-3074
-2426
-2556
-652
-3
2771
-3428
-2721
1158
2980
-132
2730
1607
7441
4365
-4179
-1566
-3019
3642
3763
1273
328
2298
2355
2082
140
-781
-1328
-2813
-2873
-2658
2634
1649
-1293
-3105
-969
1148
-1884
-4103
-3504
-2590
-2098
-1737
-168
931
-2136
-2624
-3520
629
1991
-1874
-3002
-3000
-2952
2944
6364
2976
1727
-4692
-2493
-2056
217
1624
-982
5259
1490
1330
3845
2226
4192
2326
-3115
-1988
489
1511
-729
2944
9195
2857
2288
6167
1407
-851
85
-1936
-2401
2158
3762
-838
-2330
-205
1106
-3749
-2756
-250
-2676
-4529
-5254
2769
6732
-826
-1111
-2531
337
1100
-977
-3680
-1989
-1132
-2344
-2419
3107
4912
-1414
-505
-1647
-3035
-3134
-842
-615
906
3334
6156
4533
283
-2176
-3721
-1757
-3182
-3627
-2827
-3959
-2579
1812
762
-241
-113
359
-691
-2225
-2406
-1209
-1382
-3745
-3695
961
192
-1511
-2938
-3353
-1992
512
-986
-1061
-1677
-2746
-3428
-1779
-3894
-4678
-5918
-10061
-7104
-2319
-21
-1523
-2278
-2230
-4546
-6350
-4371
-2663
-2328
-7000
-7812
-3074
-1350
1316
551
-2161
-2261
-2126
-4468
-4667
-1631
3803
3307
-2832
-4067
-3670
2131
539
-2102
-1409
446
2575
4682
3795
2445
771
-668
3914
4308
3085
-1551
-2567
-415
2731
4706
4467
-1103
-1667
-527
-1536
4857
4473
1050
-3203
-2482
-423
142
558
-4369
-4983
-1090
-7543
-6461
293
-3367
-3508
-2275
-1278
-3920
-2452
2581
-7039
-7220
259
-5125
-5921
-2955
-3781
-5283
-3238
-749
-2477
-3145
886
-2947
-8868
-4896
-4282
-5982
-3757
441
-4857
-4053
498
-1467
-4266
-1290
-2383
-1207
-977
-1644
890
1781
-3954
-7056
-2998
-396
-1606
-3333
-584
-797
-1949
-1625
-1726
-1144
-2416
-3691
-3673
-1139
-535
-1360
-3279
-4300
-3618
-2054
-705
-1169
1096
3476
2897
1032
635
-561
-2676
-3122
-5575
-4974
-2997
-708
-885
-978
-483
876
674
421
-2806
-1931
-2228
-4138
-1544
404
-771
-1282
-3285
-3774
-1601
2099
1209
-2187
881
-2379
-3863
4866
5726
2828
-4267
-7717
-8790
-3547
1243
-66
-2111
654
-1007
-2426
-107
2079
1766
-4591
-4167
-2252
-364
-1915
-496
-1277
-957
-402
1103
-1096
-2484
-946
-287
713
282
-1002
-3296
-1157
-49
-775
-1598
-595
-958
-2934
-1476
-636
1952
409
-829
-502
-1784
-909
-1918
-1572
-426
-2430
-3570
-646
-1634
-646
-12
-720
-2120
-1666
-264
-986
-894
-1317
-4272
-982
4935
-4668
-5549
-1395
-3861
-4511
-1656
213
-2220
308
1201
-890
2691
6606
1381
-3830
-2481
-2577
-5237
-4065
-986
-1588
2520
1318
-1137
2857
4299
-225
-6330
-3750
-1583
-4066
-3032
-634
-881
-469
-1487
-3553
-1356
831
-801
-2672
-3126
-2562
-3204
-1468
-777
-1723
-1744
-3277
-2582
-2403
-1187
-764
-3715
-5037
-3894
-1235
-728
-542
-35
331
2891
2200
1057
1637
1293
-1034
-1725
-1447
-769
-1802
-4909
333
1900
3141
1722
2349
329
607
607
35
-942
-1422
-2205
-3963
-502
808
-1169
-71
1028
826
1222
1760
1435
1670
697
-829
-2379
-322
1639
-4855
-7133
825
4834
2742
3730
2224
-1490
-17
-1424
-2609
-2419
-1168
-5366
-5623
-1884
1191
427
-1780
-4688
-2592
1625
-1305
-1806
-1435
-1021
-1319
283
-27
397
-974
-2430
-1227
3996
3901
-2360
-1429
-972
745
262
-1491
-463
961
-430
-670
-1684
-497
-130
-1401
-1417
-934
-2180
-1025
-757
-1147
225
-148
-1591
-1948
-1257
-623
-1442
-1354
-1391
-2068
-81
1141
-606
-1746
3400
4253
-289
1327
1493
-2398
-1385
-2696
-562
2522
412
-3836
-5104
-1848
2781
3932
4500
2281
-637
-803
-2292
-194
3485
-1140
-2591
-300
-30
3852
6501
1407
342
-1140
-1336
-2735
-2406
1525
-661
-1346
-1767
-439
501
-79
-2131
-1974
-2341
-1322
-1823
-30
861
-1674
-2035
-3111
-2032
-806
-137
-2846
-2732
-1548
-765
27
41
37
24
25
29
34
7
2
7
6
18
42
21
71
70
25
25
14
0
0
0
0
7
7
73
43
75
64
19
11
3
1
1
0
0
7
7
75
32
66
41
0
0
0
0
0
0
0
0
5
28
15
9
25
8
8
0
0
1
9
10
13
11
18
19
51
4
2
27
26
0
12
12
27
53
11
18
23
49
4
22
35
28
0
15
13
27
30
8
9
33
27
13
19
16
2
9
26
19
4
2
13
14
40
10
8
4
9
6
16
31
12
8
4
8
8
16
7
8
19
18
0
16
22
8
20
20
2
1
34
6
2
7
7
6
3
8
8
17
28
15
0
25
2
49
21
7
20
18
23
8
0
6
10
0
9
22
68
14
18
17
17
23
0
0
0
0
3
824
-876
1375
2696
741
682
300
913
878
722
-527
-923
704
1280
-414
812
3402
2323
-1
-321
-875
-642
-80
-8
-741
793
622
304
-628
-949
-1139
-1166
-1543
-2229
-2356
-2341
-485
486
2037
-509
-1364
-1253
-672
-1313
-1007
-2404
-4213
-3070
805
1407
550
1554
634
-960
-2706
-506
2284
2770
1631
1669
765
-644
-564
1184
871
215
-784
-1155
1967
4600
2833
3757
746
1674
3230
338
1262
988
-164
2096
4154
4530
3978
105
-537
-1312
2708
4422
3198
2742
852
168
981
1137
2100
1427
-3537
-1093
-2354
-633
903
210
590
-150
-463
-816
-2395
-926
372
-1417
-2245
-2026
-1374
-2260
-1471
-742
-264
-1158
-1649
-1335
-2164
-2228
-1857
-3047
-3296
-2991
-1366
-67
907
810
220
-294
-1021
270
1944
2337
-266
1498
2737
1418
398
-382
1195
590
1156
-925
902
1991
2964
4233
5740
3365
-160
-648
864
1079
-111
-993
-2386
-2487
-2410
-725
251
-151
-466
-1438
-1453
602
579
1248
1713
3166
2203
1048
470
-195
-2473
-2673
-1533
-415
-618
-1392
-127
2508
3352
1725
90
-1404
-1293
221
-23
-661
-559
2564
2502
1842
2079
4057
3843
202
148
1895
3459
2764
185
-837
2854
2304
1231
1503
-1589
-3634
-3339
-3112
-1118
-293
-605
-2914
-2698
860
-526
-559
-2052
-2459
-2159
-1203
-3260
-3342
-966
979
-1276
-1320
424
454
2332
2173
-2007
-1446
-179
-2373
-3147
-2134
-1309
72
-1058
-2356
194
1640
1502
-1986
-1161
-461
-1130
-2463
-1202
-1704
-979
-2212
-1612
423
2049
-1755
-3004
-3417
-459
968
-1010
1165
-3378
-2914
-2080
-395
959
2227
-1108
-2980
-1089
1537
-2263
-3145
3083
-2576
-2314
69
-548
-66
-393
-2070
-3300
2267
1630
-1106
3239
5722
-1124
315
1342
-302
463
1950
-3080
-4211
-3811
-4804
-4000
-2212
-1360
-1857
-1515
-1313
481
125
698
-441
-2110
-3825
-3535
-1016
1205
-472
-2446
-2525
-1124
-466
-640
-696
2907
1216
-2451
-3851
-3121
-1057
-2256
-4178
-1404
1
-625
-467
-491
-1092
-1739
-290
-2609
-5090
-3519
-32
-614
-2306
-2300
-2260
29
-1504
-5352
-2764
-1503
-3489
-174
1704
4883
3936
790
-1898
-1967
-867
-10
-3076
1546
1726
2630
4655
5621
7317
7261
4096
-861
-2433
-1542
-912
-402
824
-12
-636
-462
51
-1827
-1734
-1323
-751
-2016
-1919
-2822
-2070
-2767
-3890
-3820
-3029
-3975
-7016
-3907
-3144
-2738
-1006
-2604
-1353
-1906
-5839
-6872
-4381
-3017
-785
-5445
-5872
-7464
-5029
-442
-1956
-2483
-1966
-1769
-2541
-2023
585
3065
-1817
-2291
-1925
-811
-110
-1069
-1599
-1386
534
1132
2282
5345
6328
3317
972
2191
1855
44
-429
-1474
414
3152
4000
1936
1117
1066
-2277
1069
2764
2830
539
-1024
-409
-1659
2073
1648
1435
2778
959
431
-1023
-162
385
-784
147
-785
-5321
-2507
-2390
-9555
-5894
-2790
-7897
-7354
-278
-2096
-2878
260
-758
-4507
-4570
348
-2118
-2877
-2504
-2967
-661
104
-5093
-1456
-76
-986
-4195
-3020
3694
1631
1092
-835
-812
516
-452
-2507
-725
-433
-1532
-1775
-2312
-2697
-3410
-5021
-4915
-2521
-2306
-839
-712
-683
2344
-551
-2949
-2575
-881
-913
-1183
-404
8
2338
2871
2667
-306
-166
1180
-273
2706
1983
689
1289
396
-438
-642
2059
5231
1768
-685
116
-536
-801
-1442
-3613
-2100
-2588
-4830
-4507
-2329
4242
4351
-168
171
-1003
-373
-1652
-4957
-4540
-4440
-1533
-1124
-2003
203
3185
655
1359
-3442
-4993
-5035
-4211
-4773
-2930
1107
-1217
-6517
-5172
6251
4238
-810
-4026
-4233
-3927
-4521
-1299
954
2098
-1252
-3926
-2310
6330
5079
-1839
-2025
-2399
-425
668
1779
2603
211
-1062
-448
1031
7805
3666
-1101
487
-870
2401
1419
-3983
-2065
-2933
-1437
622
908
6277
2643
-253
-1
65
-1489
-1218
-2707
-2792
-3569
-2094
-1795
-1142
2556
2203
-2205
-2129
-1081
-1262
-3113
-3772
-4044
-6146
-5746
-1500
2540
1114
861
-280
-489
-2372
3460
3373
1111
-4037
-4776
-1631
1894
3062
1361
954
1464
-1599
-3592
2204
1736
-8
-2563
-3375
-736
4636
3359
103
401
572
-632
-67
-669
-968
-1049
-578
-2233
-3901
-2880
-1505
1377
2446
-1583
185
-413
-965
1110
662
64
168
248
-514
-1862
-2471
-1640
-1007
-224
3962
10097
9317
4088
2148
1087
1303
4868
4683
-2222
-2523
1463
1154
1154
7034
10780
11304
464
1081
-580
2036
5125
-2136
-1240
672
263
-157
2685
490
1592
-3403
-1992
1343
4902
6002
-2749
-1598
-1544
-2369
-3839
-1912
-982
-212
-3185
-4217
-2315
561
3727
-2495
-1126
-1413
-1470
-2223
-3113
-2002
1095
-1544
457
-1614
-2265
-1210
-700
-272
671
1275
-658
-2286
792
9560
3349
5211
2080
-883
-762
-655
-411
1192
2434
91
683
2182
7737
2493
4742
1473
-587
743
-139
-801
-656
6894
6827
-161
6773
7271
-15
1933
6896
2127
-802
59
-166
-2728
4877
7461
-3380
-1251
2176
959
5
3637
261
-1039
415
-574
-1306
-1160
2573
-1331
-1863
-2156
-1882
-563
-1211
-4557
-943
99
-59
-812
-2401
117
530
808
-1597
-1199
-1414
-2569
-2341
-1288
-440
-245
-744
-3201
-2875
-2529
-1796
-2331
-2143
327
1711
2561
1756
1564
3261
-1070
-2776
-4162
-3199
-1834
-195
-672
-384
122
918
1880
1462
2546
-442
-1328
-2501
-3525
-2471
-887
-1562
-4150
-5344
-4010
-607
493
2874
982
-914
3539
2403
-4202
-5558
-6481
-10292
-4509
1392
-717
126
3340
1720
1778
3740
2861
1400
-833
-2164
-3418
1808
2978
81
-161
1349
-405
479
-3118
-3239
572
522
359
-635
-2367
-3358
-779
-377
-820
662
76
-406
-738
-1849
-881
65
547
-378
-970
651
-1071
-1287
3587
3204
245
-1817
-2312
-1131
-1804
1825
2052
-209
-252
-1082
-917
2864
3237
559
-913
40
79
-6727
-3265
2744
-510
-567
939
-235
1835
1325
1817
-228
-812
1882
-1500
-5207
-1303
-526
-2305
-1631
-346
276
585
860
-1472
-5225
-4601
-2566
-5143
-4639
-1267
-3615
-1885
446
2159
1092
1100
-153
1480
1053
-555
-223
-576
-3125
-3889
383
434
1219
-940
-1917
-3171
-246
-1966
-4252
-4386
-3005
-1669
-2017
894
272
-2187
-2412
-3401
-3041
-1401
1400
565
-1424
-1710
-1801
-2629
-369
-3640
-2974
-1788
-3888
-3521
-1456
-634
-708
-2052
-2777
-2901
-2351
-645
-3842
-3447
-3016
-8026
-4714
-2028
-1398
-2712
-2752
-1910
-1354
-3243
-1835
-4951
-1921
-5478
-11241
-5340
-1085
1254
-3395
-3835
-3986
-2927
-3291
-3650
-4317
-1494
-4181
-9550
-6244
-3352
-974
-7007
-6706
-3920
2345
213
-4327
-3434
-2214
-2143
-1431
937
1090
-71
-4495
-4245
-288
6478
2060
-5704
-2197
-2344
-2778
-1283
180
642
-1106
-4030
-2452
-1327
-4
-2954
-4757
-2618
-1558
-801
-770
-2255
-4107
-3449
-7007
-3433
389
-1333
-3861
-5113
-1840
-1941
-1181
-2947
-8263
-9402
-4377
-7839
-693
-1193
-4859
-6184
-4517
-913
-2082
4395
-1584
-10068
-7789
-8152
-6007
-691
-2280
-6133
-7464
-4376
-1368
-3595
7406
4616
-10410
-2909
-1757
-3265
2281
3619
-5001
-5611
-3137
-2162
-4095
4360
6136
-7926
-6015
-7216
-1908
371
-3379
-4846
-2295
-2426
-1048
-3031
2715
3072
-3789
-4226
-5328
-821
-215
-2446
-4840
-1900
-930
-511
-392
2761
111
-1152
-935
-1574
-1145
664
-38
-1629
-1676
-2646
-6760
-2407
-3606
-2753
-2020
-2854
-1485
603
1380
2019
1034
-1615
-3127
-6908
-2611
-5910
661
1763
1054
3220
5895
10393
10575
8198
-926
-3738
-7830
-2963
-3377
2211
2447
4249
1947
6816
13765
11492
3673
-2018
-3225
-5084
-4437
-2858
2646
2772
221
-2369
2005
2586
-266
-3900
-5371
-2771
-3520
-1822
-887
1565
-2823
-5658
-5185
-268
26
-2622
-7233
-9204
-2998
-3095
-680
-976
-458
-1741
-2790
-2147
724
108
-1878
-3578
-2871
-3607
-2811
-3594
-4039
-623
-121
-69
657
3495
1715
-4390
-103
1954
-1291
-2572
-3240
-4524
530
-497
311
-496
3540
-353
-3965
1601
1170
-837
-1806
-2365
-8827
-5419
2057
6916
8644
8828
6616
478
-2376
-355
-1466
-1342
-1981
-12242
-11255
974
2386
6222
9052
1737
-3723
-2694
-3255
-4504
-1281
-1315
-7850
-14235
-2441
1195
1499
307
-3948
-1591
-202
-5937
-4237
-1561
132
-3722
-6964
3270
4071
9748
9101
7629
6428
628
-3133
-1325
-1261
359
1274
1221
332
-195
1853
2329
766
-707
-775
-268
1320
174
453
1632
2057
1394
-365
-150
-664
-467
-276
-1434
-1275
1963
2953
286
806
-808
-3874
-4589
-2064
-1170
-1861
-3347
-5511
-5953
-222
2778
-328
-424
915
-1222
-6500
-7040
-3521
-4701
-3436
-3494
-5284
-1174
1158
757
188
3580
2865
890
-2278
1046
2677
1372
-810
-3171
-2360
-450
1098
898
-306
-1269
-136
-520
2028
1805
450
-574
-1222
-3156
-1062
495
-871
-1547
1007
1332
-135
-371
-948
-1097
1016
760
-501
-199
1009
-140
-247
522
940
-5083
-4647
-2461
-1530
-241
574
-155
-348
2104
-475
-1655
-1328
372
-5280
-6598
-2309
-1505
-2298
-1136
-894
-228
1783
-2683
-5454
330
-2719
-3774
-969
-2381
-5655
-2176
606
-286
554
645
-2077
-4995
-1694
484
-377
-2017
-1628
-2261
-885
-260
-1313
-463
2181
1576
-1930
-1787
593
2015
1714
325
-525
999
443
149
-346
1955
1876
-3838
-5258
-2967
-1599
-292
-505
-1833
-540
-45
537
166
2764
598
3990
3699
1467
-56
-399
-1716
-3350
-1042
-342
-1289
800
1875
-322
2875
5145
3514
-466
-800
-1849
-3009
-2964
-1587
-4451
-1222
1582
-783
491
3058
-1396
-2750
-3341
-4086
-4620
-3983
-726
-3101
979
967
-1762
3257
2101
-4690
-4195
-4322
-4630
1320
8153
2931
-1435
-948
357
-1423
4864
3301
-281
-97
-1645
1152
3685
6336
4296
-642
-1456
1023
-6
-401
200
4041
3700
875
314
1655
-1426
1469
2098
891
2883
5184
5548
552
892
-1037
-2080
-1249
69
-21
1239
2405
386
3744
4285
546
-116
2447
291
-3079
-1298
-887
-544
-2055
-908
-157
2509
2334
-3567
-2857
1375
-2682
-3740
4425
-1464
-4878
-783
-252
424
1855
5248
-1565
-4359
-73
-3085
-1748
2259
-393
-3383
-130
3333
871
-1560
1501
-3102
-2768
-67
-971
-686
2548
3614
-847
806
4283
2332
-373
-85
-2462
234
581
334
4013
5885
312
-2890
1015
3125
2426
-540
-2
-2979
-2873
-4395
-2706
-482
-625
-2047
-1177
-1583
-133
998
-37
-56
-20
-48
-6
-35
-27
-191
-214
-119
16
106
111
113
131
67
53
157
101
76
74
17
-38
11
159
229
161
360
285
-52
-43
35
101
8
-85
-157
-92
142
230
97
309
128
-310
-239
-99
113
-35
-141
-243
-64
174
232
118
242
96
-83
-41
-46
142
22
-75
-83
11
111
165
121
127
-31
35
66
-29
-46
-40
-46
93
161
117
97
61
-36
-174
-150
-100
138
134
-105
-146
-57
80
114
101
25
-42
-67
-28
29
97
157
27
50
6
75
136
67
120
164
146
295
89
-129
135
88
215
195
143
47
33
211
185
79
279
-174
-369
-159
-85
0
258
208
51
64
159
197
353
266
-174
-264
-168
18
61
175
287
131
47
63
306
511
413
97
-90
-131
-41
118
128
161
152
43
62
226
360
133
51
-205
-264
-242
-90
94
41
63
36
1836
1813
639
1483
1310
-3425
-2464
899
879
-680
91
671
1671
1530
-2614
-512
1924
-375
-1261
141
2127
1922
-189
-286
-1415
1779
360
-2634
4572
-355
-4187
201
1103
1853
1746
856
-1157
-1282
2702
212
3196
10998
964
-5261
-5558
3064
5602
3673
1808
-1410
492
2255
32
3187
9916
4121
-388
-3533
4998
2350
372
-825
-765
174
-260
645
-271
-2002
-4205
-1271
-1669
1238
-833
-3843
-4359
-2069
1041
-1217
1181
706
10
-1336
-1328
-469
3266
-427
-2227
-947
1569
1866
-509
1942
-1521
-848
2724
5851
1802
4305
3370
-1245
1759
4434
2645
-627
1307
-335
848
8122
6893
-3119
1634
114
-1356
4206
5847
3928
-974
3094
-1539
-1984
8524
4529
721
856
-1017
-71
1433
6595
5488
319
2251
-3631
-4682
7209
-2391
-7243
-812
-1242
-5964
2716
7474
2507
454
2884
-1794
-5648
3701
2863
373
-1389
-1495
1865
6316
1289
1401
531
2584
-2922
-5928
597
3473
2696
-3331
-766
5738
5719
-1702
588
355
-1525
-2550
-2904
-3076
-1353
-1219
-2737
-3420
-1851
325
539
2329
4467
1002
2393
-1092
-1130
357
-1416
-2002
-2446
-1192
392
2249
3459
6593
1652
3245
-2105
-4969
-5016
-3202
-4389
-6717
-6582
-4476
-99
3701
5536
2429
1657
-4335
-6863
-5525
-2678
-4387
-5365
-5514
-4021
-460
3809
4110
3451
1490
-2524
-2185
-1753
-19
-875
-63
-214
1747
1573
2491
3056
2771
1297
191
3986
1443
-1777
-3466
1698
2932
5577
4317
2224
3149
1830
-1298
-3378
-2431
-3065
-2607
-2318
861
-1268
-1657
-1565
1494
2789
1233
-1412
-3954
-3843
-3599
-4710
-5499
-1914
-586
-2771
-2461
2835
2821
1253
656
-2977
-2536
-2302
-3484
-5346
-220
-677
-2319
-2358
2094
2022
2016
5779
36
-2428
-6063
-8389
-3679
-2875
-2734
-1770
-2106
118
721
3673
11973
7403
-1074
291
-3503
-4575
96
1755
-2317
2660
3632
-297
1547
8537
11379
2304
247
-2271
-3084
-2027
-2613
712
6457
3646
317
570
4750
5812
-1390
-2208
-5748
-6367
-6814
-3658
2955
4720
1571
790
0
0
0
0
0
0
0
0
0
0
0
0
0
0
0
0
0
0
0
0
0
0
0
0
0
0
0
0
0
0
0
0
0
0
0
0
0
0
0
0
0
0
0
0
0
0
0
0
0
0
0
0
0
0
0
0
0
0
0
0
0
0
0
0
0
0
0
0
0
0
0
0
0
0
0
0
0
0
0
0
0
0
0
0
0
0
0
0
0
0
0
0
0
0
0
0
0
0
0
0
0
0
0
0
0
0
0
0
0
0
0
0
0
0
0
0
0
0
0
0
0
0
0
0
0
0
0
0
0
0
0
0
0
0
0
0
0
0
0
0
0
0
0
0
0
0
0
0
0
0
0
0
0
0
0
0
0
0
0
0
0
0
0
0
0
0
0
0
0
933
899
-67
285
-138
-1694
-1992
-3101
-4121
-3675
-2118
1738
5504
896
1995
954
-452
-1230
-2079
-3131
-3395
-3491
-3494
-2909
1016
7202
1605
611
283
-796
-2415
-3557
-4616
-5062
-3684
-2460
-1407
530
6151
2056
950
-1480
-262
1195
46
-1501
1335
2720
1241
1336
18
2911
2438
2012
579
1543
1173
156
820
1342
2048
1326
900
-2124
-220
1775
2356
-623
-429
-517
-1736
-3196
-4012
-2811
77
632
-1222
-798
1663
291
-2477
-3455
-3173
-3859
-4229
-3340
-3747
-2662
-1926
-1418
-164
1273
-1274
-3378
-3469
-2334
-2537
-3890
-1394
-1915
-2814
-2748
-1831
-459
1420
-247
-2604
-1450
-1556
-345
1955
675
-2872
-1293
-1291
-1051
-692
1638
861
-2137
-2282
-1024
555
2676
1128
555
-1158
-795
1157
309
4707
3659
-163
-1958
-2253
13
3006
658
-1287
-2262
193
3050
572
1304
2387
2832
33
-4411
-4349
-2474
-2799
-3877
167
2825
1969
426
437
2189
4002
2106
546
-865
-1070
-174
1545
2424
1470
569
647
-35
-27
-23
-11
66
131
50
13
157
159
81
-8
-69
0
27
-25
-62
-75
-43
-27
-26
-7
58
87
119
-2
25
-12
-51
-69
-47
-13
-32
-33
-19
-33
42
101
-15
-3
-5
-90
-41
41
5
-17
-2
-72
-107
-13
55
-2
-18
-31
-44
0
29
34
-46
-6
-17
-21
-7
91
87
77
85
136
158
31
-46
-51
121
177
155
-59
41
79
29
16
-17
58
15
-43
-1
38
60
49
-59
-53
3
-14
-44
-46
-65
-79
-50
-34
-58
-60
-41
-36
10
42
-2
-54
-28
-21
-21
22
-24
-95
-94
-27
-25
9
48
-18
-38
-74
-47
-62
40
49
-13
-86
-44
-54
-27
-1
46
42
-35
-82
46
175
84
18
-98
-103
-61
-41
-15
-4
66
29
-53
-33
106
71
-76
-132
-45
-24
-26
-6
-31
85
9
-34
-48
14
18
-37
-48
-26
2
-6
-3
-1330
-1401
-2946
-2122
-2189
-2505
-2651
-2005
-1046
-841
512
1243
-707
-579
-1454
-1935
-2730
-2635
-249
844
2971
2157
46
-875
3321
1447
-780
73
542
-2074
33
1460
3284
4642
4562
1286
-3437
409
-12
-447
1053
-2434
-2731
1366
1649
2252
285
-949
-4800
-4104
-305
1604
-951
2526
-742
-2619
-45
141
1337
-2652
-2229
-3499
-5976
-1444
865
-1355
1611
861
268
-2002
-4459
-2824
-3011
-1715
-778
-3462
-3271
-1924
-2889
-4101
-4570
-3452
-2911
888
616
-2371
-4000
-2959
-2205
-3438
-1770
-2390
-3222
-1603
-2928
-2822
870
355
-2126
-2387
-1611
-13
-1607
-1062
-1636
-499
3078
2955
-475
-1311
2210
-3842
2388
3565
1263
-1325
-1159
1189
-3859
-803
4427
-305
-715
931
-666
-232
2885
643
-3598
-779
1799
-2727
-1476
-709
-3216
-375
581
-2917
-2753
1241
-2363
-3898
-1207
635
-130
835
7
-2429
-3712
-3093
-4007
154
1342
-2577
-1157
-1106
582
-712
1418
3190
2890
-729
-677
150
550
9
50
805
-412
-872
-938
-397
-875
-1863
-3431
-4582
-4438
-2536
948
2276
-223
-739
610
491
-277
-110
-1453
-2412
-1861
-1228
-1071
1169
3435
3788
1339
843
-3
650
-1037
-2850
-2252
-2039
-2494
-1801
-1955
2116
4453
1052
-680
-1539
-3624
-2549
-1432
-2467
-2061
-929
-2800
-3873
-470
4161
1402
973
-611
-1457
-604
-392
-1202
-684
6203
3274
-3271
-3292
3850
4185
2837
107
1256
3156
-932
-4692
-3496
3523
4497
-1093
-5112
3260
4676
-237
-1739
-3362
-1732
-2846
-3521
-2080
-794
-446
-2825
-3085
3543
4596
-2146
-4510
-4511
-3338
-2048
-3416
-2998
-3062
-4910
-3065
-1587
4599
4358
-1524
-2803
-2993
-1147
-1212
-3101
-1467
-3623
-5565
-2140
-1647
2683
2735
-1232
-4619
-5804
-800
-864
-2733
-117
-636
-5670
-2557
-1092
397
1060
755
-2506
-5827
-1762
2840
1813
260
-868
-3523
-2900
1147
2471
185
991
1774
-2504
-586
8
1778
1146
-2780
-3480
1237
5596
2309
217
568
1458
-2440
-606
-2156
-1940
-1715
-3258
-2239
2978
5707
878
325
-67
-753
-925
-493
-616
-1414
-1040
-293
-811
-905
-510
326
790
-241
-1712
-1323
-288
-318
-72
407
597
594
111
-456
-862
-582
-223
-1298
999
1606
1298
976
474
261
509
1302
1057
-856
-211
-465
-402
1311
1507
801
1007
-263
-921
-365
1047
1460
-145
246
-434
-175
508
86
-1148
-1089
-1043
-1644
-986
-94
48
-429
-237
-609
-1805
-2217
-1690
-947
-1004
-74
-1097
-1353
-1999
-1160
570
-118
-551
-616
-441
-908
-663
-246
541
-7
-457
-816
-104
673
171
-706
-92
-58
172
1074
2226
1153
222
-63
367
899
718
-137
-445
437
25
980
518
-607
-215
-910
-779
143
934
817
-70
-5
113
-138
-903
682
385
-1714
-1706
-152
-785
-541
406
205
-1086
-1561
-1040
-489
-770
-47
-509
-1688
-1590
-224
-291
-439
237
202
-1124
-1598
1167
673
-83
-1102
-1147
-377
-534
-818
129
400
353
-1381
-1798
985
1230
637
-449
-573
104
129
-685
136
117
-266
222
-992
28
-1183
-3161
-2231
-691
-1702
-2142
-2071
-2553
-662
-1096
-3033
-545
-2038
-2792
72
841
1184
291
-1472
-2743
-3891
-3739
-985
-2795
1693
1615
1967
946
688
1459
2568
2671
1162
-4225
-5146
-1564
-1042
1594
3321
5145
4494
4181
3992
2931
1942
2534
-3061
-3591
-2240
647
1134
-2079
-770
-348
959
-2374
-3454
-4216
-2805
-2967
-3588
-2558
-547
-435
-6025
-5900
-3938
-1724
-3469
-5717
-8832
-5269
-1050
-3222
-2750
-2456
-1868
-3514
-3219
778
380
-1605
-2247
-3987
-1661
-2483
-2982
-1893
-44
481
-699
-1751
3955
4497
49
884
-198
592
-2466
-2875
-2646
537
4696
2571
764
4617
7470
-3440
1813
3599
1534
-1419
-2044
292
-1337
4180
1056
69
3627
754
-3968
500
2083
9
-1189
-1025
-763
-5910
-3242
279
-2030
1970
3948
-4225
-4661
1417
-3899
-3291
-6
-2278
-8247
-4845
-181
-1930
-1282
-3559
-5457
-1356
-1011
-5799
-4023
-452
-610
-7269
-4496
1875
905
1060
67
1391
1164
-1934
-3964
-1657
-1046
1642
225
146
2864
2885
-485
-279
966
364
-847
-1152
-1178
-876
771
-2260
-1066
2909
3106
683
537
-298
-929
-1087
-1629
-4740
-2943
-1149
-2344
-1486
805
-270
441
-398
1122
1690
1243
110
-2747
-1966
-620
-1184
-1265
-3549
-2594
340
4558
6548
4972
3429
1052
-1390
-2042
-1606
-1315
-3149
-5579
-3983
-1891
1177
-1072
-3299
-1345
1177
-684
-2496
-2404
-2962
-1083
-1750
440
2990
1370
-2270
-1665
-1029
520
995
-464
-404
1650
3942
244
656
-60
640
-190
494
768
1195
1270
-243
117
1698
2025
2823
4440
2067
2099
1077
1869
1894
-402
-1013
-312
-1228
1030
-752
1611
484
-1962
2296
5952
142
468
738
-1042
-560
-969
2908
83
-526
-1478
-6431
-4519
1428
2926
-992
1617
4132
-97
-2814
505
1424
3944
597
-5499
-4138
1087
1762
165
4144
2899
6
-2454
-2375
-1508
1671
-1106
-3368
-1406
2364
663
1577
2208
128
482
-1706
-3028
-1177
-546
-1680
-2553
-3453
-1824
1918
-474
-1339
-980
103
