0
0
0
0
0
0
0
0
0
0
0
0
0
0
0
0
0
0
0
0
0
0
0
0
0
0
0
95
431
493
178
126
0
0
0
0
0
0
0
0
0
0
0
0
0
0
0
0
0
0
0
0
0
0
892
991
601
137
0
0
0
0
0
0
0
0
0
0
0
0
0
0
0
0
0
0
0
0
0
0
0
0
0
0
0
0
0
0
0
0
0
0
0
0
0
0
0
0
0
0
0
0
0
0
0
0
0
0
0
0
0
0
0
0
0
0
0
0
0
0
0
0
0
0
0
0
0
0
0
0
0
0
0
0
0
0
0
0
6
0
0
0
0
0
0
0
0
0
0
0
0
0
0
0
0
0
0
0
0
0
0
0
0
0
0
0
0
27
42
67
64
0
0
0
0
0
0
0
0
0
0
0
0
0
0
0
0
0
0
0
0
0
0
31
296
449
510
481
380
210
0
0
0
0
0
45
102
159
80
27
0
0
0
0
0
0
0
0
0
0
0
0
0
0
324
567
477
278
0
0
0
83
408
581
608
459
494
427
117
0
0
0
0
0
0
0
0
0
0
0
0
0
0
297
283
0
0
0
0
59
70
219
258
155
166
268
161
0
0
0
0
0
0
0
0
0
0
0
0
0
0
0
0
0
0
0
0
0
0
0
17
0
0
14
0
0
0
0
0
0
0
0
0
0
0
0
0
0
0
0
0
0
0
0
0
0
0
0
0
0
0
0
0
0
0
0
0
0
0
0
0
0
0
0
0
0
0
0
0
0
0
0
0
0
0
0
0
0
0
0
0
0
0
0
0
0
0
0
0
0
0
0
0
0
0
0
0
0
0
0
0
0
0
0
0
0
0
0
0
0
0
0
0
0
0
0
0
0
0
0
0
0
0
0
0
0
0
0
0
0
0
0
0
0
0
0
0
0
0
0
0
0
0
0
0
0
0
0
0
0
0
0
0
0
0
0
0
0
0
0
0
0
0
0
0
0
0
0
0
0
0
0
0
0
0
0
0
0
0
0
0
0
0
0
0
0
0
0
0
0
0
0
0
0
13
7
0
0
0
0
0
0
0
0
0
0
0
0
0
0
0
0
0
0
0
0
0
0
0
0
0
0
9
0
0
0
270
307
34
71
157
107
0
0
0
0
0
0
0
0
0
0
0
0
0
0
0
0
0
0
0
0
0
0
209
283
253
283
246
0
0
0
0
0
0
0
0
0
0
0
0
0
0
0
0
0
0
0
0
0
0
0
0
0
0
0
0
0
0
0
0
0
0
0
0
0
0
0
0
0
0
0
0
0
0
31
0
0
0
0
0
0
0
0
0
0
0
0
0
0
0
0
0
0
546
690
380
0
0
0
0
0
160
0
0
0
0
0
0
0
0
46
91
0
0
0
0
0
0
0
0
0
556
1069
531
0
0
0
0
0
0
0
0
79
161
91
0
0
35
42
0
0
0
0
0
0
0
0
0
0
0
72
0
0
0
0
0
0
0
0
0
0
0
0
0
0
0
0
0
0
0
0
0
0
0
346
193
69
62
0
0
0
0
0
0
0
80
88
0
0
0
0
0
0
0
0
0
0
0
0
0
0
38
0
118
33
0
0
0
0
0
0
0
0
0
0
0
0
0
0
0
0
0
0
0
0
0
0
0
0
0
0
0
0
158
0
0
0
0
0
0
0
0
0
0
0
0
0
0
0
0
0
0
0
106
0
0
0
0
0
0
0
0
0
0
0
0
0
0
0
0
0
0
0
0
0
0
0
0
0
0
0
0
1740
1837
510
0
0
0
0
0
0
0
0
0
0
0
0
0
0
0
0
0
0
0
0
0
0
0
0
150
170
0
0
0
0
0
0
0
0
0
0
0
0
0
0
0
0
0
0
0
0
0
0
0
0
0
0
0
0
0
0
0
0
0
0
0
0
0
0
0
0
0
0
0
0
0
0
0
0
0
0
0
0
0
0
0
62
0
0
0
0
0
0
0
0
0
0
0
0
0
0
0
0
0
0
0
0
0
0
0
0
0
177
232
0
0
0
0
0
0
0
0
0
0
0
0
0
0
0
0
0
0
0
0
0
0
0
0
0
54
174
0
0
0
0
0
0
0
0
0
0
0
0
0
0
0
0
0
0
0
0
0
0
0
0
0
0
25
0
0
0
0
0
92
0
0
0
0
0
0
0
0
0
0
0
0
0
0
0
0
0
0
0
0
43
0
0
53
154
66
234
253
0
0
0
0
0
16
105
161
0
0
0
0
0
0
0
0
0
0
0
0
0
0
97
247
155
0
0
0
0
0
0
32
0
0
132
235
330
0
0
0
0
0
0
0
0
0
2
0
0
0
0
0
0
0
0
0
0
0
0
0
0
219
303
63
6
0
0
0
0
0
0
0
65
0
0
0
0
0
0
0
0
0
0
0
0
0
0
0
0
0
0
0
0
0
0
0
0
0
0
44
8
0
0
0
0
0
0
0
0
0
0
0
0
0
0
0
0
0
0
0
0
0
0
0
0
0
0
0
0
0
0
0
0
0
0
0
0
0
0
0
0
0
0
0
0
0
0
0
0
0
0
0
0
0
0
0
0
0
0
0
0
0
0
0
0
0
0
0
0
0
0
0
0
0
0
0
0
0
0
0
0
0
0
0
0
0
0
0
0
0
0
0
0
0
0
0
0
0
0
0
0
0
0
0
0
0
0
0
0
0
0
0
0
0
0
0
0
0
0
0
0
0
0
0
0
0
0
0
0
0
0
0
0
0
0
0
0
0
0
0
0
0
0
0
0
0
0
0
0
0
0
0
0
0
0
0
0
0
0
0
0
0
0
0
0
0
0
0
0
17
0
0
17
239
0
0
0
0
0
0
0
0
0
0
0
0
0
0
0
0
0
0
0
0
0
0
0
0
191
0
0
0
0
0
0
0
0
0
0
0
0
0
0
0
0
0
0
0
0
0
0
0
0
0
0
0
0
0
0
0
0
0
0
0
0
0
0
0
0
0
0
0
0
0
0
0
0
0
75
0
0
0
0
0
0
0
0
0
0
0
0
0
0
0
0
0
0
0
527
436
0
0
0
0
0
0
0
34
138
162
241
183
41
98
127
0
0
0
0
0
0
0
0
0
0
0
165
0
0
0
0
0
0
0
0
0
0
0
0
0
0
0
0
0
0
0
0
0
0
0
0
0
0
14
0
0
0
0
0
0
0
0
0
0
0
0
0
0
0
0
0
0
0
0
0
0
0
0
0
0
20
0
0
0
0
0
0
0
0
0
0
0
0
0
0
0
0
0
0
0
0
0
0
0
0
0
0
0
0
0
0
0
0
0
0
0
0
0
0
0
0
0
0
0
0
0
0
0
0
0
0
0
0
0
0
0
0
0
0
0
0
0
0
0
0
0
0
0
0
0
0
0
0
0
0
0
0
0
0
0
0
0
0
0
0
0
0
0
0
0
0
0
0
0
0
0
0
0
0
0
0
0
0
0
0
0
0
0
0
0
0
0
0
0
0
0
0
0
0
0
0
0
0
0
0
0
0
0
0
0
0
0
0
0
0
0
0
0
0
0
0
0
0
0
0
0
0
0
0
0
0
0
0
0
0
0
0
0
0
0
0
0
0
0
0
0
0
0
0
0
0
0
0
0
0
0
0
0
0
0
0
0
0
0
0
0
0
0
0
0
0
0
0
0
0
0
0
0
0
0
0
0
0
0
0
0
0
0
0
0
0
0
0
0
0
0
0
0
0
0
0
0
0
0
0
0
0
0
0
0
0
0
0
0
0
0
0
0
0
0
0
0
0
0
0
0
0
0
0
0
0
0
0
0
0
0
0
0
0
0
0
0
0
0
0
0
0
0
0
0
0
0
0
0
0
0
0
0
0
0
0
0
0
0
0
0
0
0
0
0
0
0
0
0
0
0
0
0
0
0
0
0
0
0
0
0
0
0
0
0
0
0
0
0
0
0
0
0
0
0
0
0
0
0
0
0
0
0
0
0
0
0
0
0
0
0
0
0
0
0
0
0
0
0
0
0
0
0
0
0
0
0
0
0
0
0
0
0
0
0
0
0
0
0
0
0
0
0
0
0
0
0
0
0
0
0
0
0
0
0
0
0
0
0
0
0
0
0
0
0
0
0
0
0
0
0
0
0
0
0
0
0
0
0
0
0
0
0
0
0
0
0
0
0
0
0
0
0
0
0
0
0
0
0
0
0
0
0
0
0
0
0
0
0
0
0
0
0
0
0
0
0
0
0
0
0
0
0
0
0
0
0
0
0
0
0
0
0
0
0
0
0
0
0
0
0
0
0
0
0
0
0
0
0
0
0
0
0
0
0
0
0
0
0
0
0
0
0
0
0
0
0
0
0
0
0
0
0
0
0
0
0
0
0
0
0
0
0
0
0
0
0
0
0
0
0
0
0
0
0
0
0
0
0
0
0
0
0
0
0
0
0
0
0
0
0
0
0
0
0
0
0
0
0
0
0
0
0
0
0
0
0
0
0
0
0
0
0
0
0
0
0
0
0
0
0
0
0
0
0
0
0
0
0
0
0
0
0
0
0
0
0
0
0
0
0
0
0
0
0
0
0
0
0
0
0
0
0
0
0
0
0
0
0
0
0
0
0
0
0
0
0
0
0
0
0
0
0
0
0
0
0
0
0
0
0
0
0
0
0
0
0
0
0
0
0
0
0
0
0
0
0
0
0
0
0
0
0
0
0
0
0
0
0
0
0
0
0
0
0
0
0
0
0
0
0
0
0
0
0
0
0
0
0
0
0
0
0
0
0
0
0
0
0
0
0
0
0
0
0
0
0
0
0
0
0
0
0
0
0
0
0
0
0
0
0
0
0
0
0
0
0
0
0
0
0
0
0
0
0
0
0
0
0
0
0
0
0
0
0
0
0
0
0
0
0
0
0
0
0
0
0
0
0
0
0
0
0
0
0
0
0
0
0
0
0
0
0
1447
925
0
0
0
0
0
0
0
0
0
0
0
0
0
0
0
0
0
0
0
0
0
8749
11915
10241
4690
4485
0
0
0
0
0
0
0
0
0
0
0
0
0
0
0
0
0
0
0
0
0
0
24825
22996
13251
2675
1843
0
0
0
0
0
0
0
0
0
0
0
0
0
0
0
0
0
0
0
0
0
0
766
729
0
0
0
0
0
0
0
0
0
0
0
0
0
0
0
0
0
0
0
0
0
0
0
0
0
0
0
0
1658
0
0
0
0
0
0
0
0
0
0
0
0
0
0
0
0
0
0
0
0
0
0
0
0
0
0
2575
0
0
0
0
0
0
0
0
0
0
0
0
0
0
0
0
0
0
0
0
0
0
0
0
0
1706
1725
0
1962
2508
2419
2337
0
0
0
0
0
0
0
0
0
0
0
0
0
0
0
0
0
0
0
0
0
1517
1353
4990
6826
7612
7438
4704
1634
0
0
0
0
0
2580
4216
4676
2521
1619
1025
0
0
0
0
0
0
0
0
1140
1597
964
0
0
4626
8525
6585
3286
0
0
0
1121
6282
8593
8473
4868
6046
6649
2012
0
0
0
0
0
0
0
870
0
0
671
2162
1306
2344
6396
3813
0
0
0
648
2515
2316
3743
3555
2650
2529
3728
3015
0
0
0
0
0
0
0
0
0
41
1692
1524
0
0
163
0
0
0
1239
0
0
922
2163
3010
630
0
522
0
0
0
0
0
126
694
0
0
0
0
0
0
0
0
0
0
0
0
0
0
711
2080
0
0
0
0
0
0
0
0
0
146
0
0
0
0
0
0
0
0
0
0
0
0
0
0
0
0
0
0
0
0
0
0
0
0
0
0
0
743
0
0
0
0
0
0
0
0
0
0
0
0
0
0
0
0
0
0
0
0
0
0
0
0
0
0
0
0
0
0
0
0
0
0
0
0
0
0
0
0
0
0
0
0
0
0
0
0
0
0
0
0
0
0
0
0
0
0
0
0
0
0
0
0
0
0
0
0
0
0
0
0
0
0
0
0
0
0
0
0
0
0
0
0
0
0
0
0
0
0
0
0
944
0
0
0
0
0
0
0
0
0
0
0
0
0
0
684
0
0
0
0
0
0
0
0
0
0
0
0
0
0
0
0
0
0
0
0
0
0
0
0
0
0
0
0
0
0
0
0
0
8105
5898
390
5087
8979
7589
559
0
0
0
0
0
0
0
0
0
0
0
0
0
0
0
0
0
0
0
0
2133
4113
3880
6623
8200
6240
0
0
0
0
42
0
0
0
0
0
0
0
0
0
0
0
0
0
0
0
0
0
0
3119
1289
0
0
0
0
0
0
0
0
0
0
0
0
0
0
0
0
0
0
0
0
0
590
0
0
0
0
0
0
0
0
0
0
0
0
0
0
0
0
0
0
14037
16561
12671
4948
0
0
0
237
5410
3113
2401
2702
280
0
0
0
0
2535
2565
0
0
0
0
0
0
0
0
1959
15055
18644
7688
0
0
0
0
0
689
3106
5070
6608
7816
6736
4539
4773
5547
3649
0
0
0
0
0
0
0
0
0
487
4212
0
0
0
0
0
0
0
0
0
0
0
0
0
0
0
0
0
0
0
0
0
0
0
0
5932
5871
4301
573
0
0
0
0
0
0
1590
3558
3460
2276
971
0
0
0
0
0
0
0
0
0
0
245
0
2064
1820
3374
826
0
0
0
0
0
0
0
0
0
0
0
0
0
0
0
0
456
328
0
0
0
445
0
521
3143
3869
4412
0
0
0
0
0
0
0
0
0
0
257
122
0
0
905
1483
930
575
559
0
0
0
0
7408
9378
8575
5828
0
0
956
627
503
909
820
1998
2320
2118
2099
1802
1735
1325
693
1148
2172
1051
1012
924
0
0
0
0
0
0
86
0
289
699
0
0
0
0
0
1176
1290
1389
421
301
943
198
0
355
1209
1228
1063
476
0
0
0
0
0
0
0
697
196
0
0
0
687
753
811
876
1035
735
1058
38
84
0
98
1697
1034
767
1717
727
0
0
0
0
0
424
0
0
0
414
616
1085
0
414
1358
1566
582
0
0
765
367
753
1645
1891
1935
1852
1392
115
0
0
0
0
611
2297
2688
2312
1658
1540
2041
1696
727
553
491
960
1224
425
0
0
315
198
701
825
1287
1236
209
1598
91
0
0
1858
6270
7514
8297
8297
6714
3945
3655
3269
3843
4527
4243
3502
3472
4593
4839
4137
2723
619
126
346
224
67
575
0
0
0
1729
2275
3276
5194
7299
8420
6469
4649
3365
1815
2803
5620
8517
10019
10266
8880
8554
7928
5783
1308
831
705
0
4024
1479
0
0
0
0
0
0
1035
5087
6905
6348
3739
2712
1837
4314
4490
4192
4307
5243
4912
6770
7540
4948
1592
0
0
1793
1811
0
0
0
0
0
0
0
0
80
3208
236
0
208
151
0
0
0
905
0
0
4766
5221
2399
459
0
0
0
0
0
0
0
0
0
0
0
0
0
0
0
0
0
0
0
0
0
0
124
0
0
1130
1470
540
0
0
0
0
0
0
0
0
0
0
0
0
0
0
0
0
0
0
0
0
0
0
0
0
214
851
300
1981
938
0
0
0
0
0
0
0
0
0
0
0
1129
0
0
0
0
0
0
0
0
0
0
0
643
575
1871
191
0
0
958
0
0
0
0
0
67
916
2518
1364
0
0
0
0
0
0
0
0
0
0
0
827
640
1517
530
0
0
1524
790
619
139
17
1163
780
0
964
882
872
1315
244
0
0
0
0
220
741
1019
1088
1439
1438
1347
1967
184
0
2497
2006
1984
1049
759
933
747
0
0
457
1421
3707
3603
852
734
375
1258
2012
2253
2175
2272
2103
1057
1420
2029
693
0
2968
3635
2780
2801
2585
226
0
0
513
459
354
3027
4587
2752
1261
1689
1396
1498
2562
2531
2241
1507
982
1410
2072
544
0
322
2632
3179
3429
3250
711
2969
4098
5331
3937
2174
2134
1436
3817
3995
3469
3437
3184
2073
1783
1573
695
0
1429
2045
0
0
0
1174
2056
1940
1989
1773
4623
6265
6896
7271
6399
7034
2517
1128
3834
4214
3669
2752
1461
486
433
412
13
1303
2113
0
0
0
0
0
0
0
0
0
1266
3447
0
0
0
342
0
165
799
898
866
639
281
613
713
151
0
569
918
0
0
77
294
1256
2399
1073
0
0
0
0
0
477
1628
479
156
0
0
0
0
468
853
879
429
10132
12513
6940
0
0
646
899
2716
4244
3572
1078
0
0
0
0
210
1817
2641
2071
1188
995
510
838
849
640
0
0
11651
15932
16838
6511
511
1373
0
192
2414
4022
5249
5993
4997
3572
3802
3970
3448
4676
4287
1422
1551
1437
1698
1210
271
0
0
0
0
4326
3323
0
1614
1815
0
0
0
0
0
0
0
0
0
0
0
146
2013
1799
1004
652
941
193
44
0
4068
1461
0
1380
494
986
1500
1594
1236
0
763
748
207
0
0
0
0
0
0
470
1360
792
414
1028
637
180
0
8129
7818
1650
1265
868
772
0
0
1344
188
1818
4128
4218
2544
1549
320
554
1564
1467
2375
2634
1802
1375
931
157
0
0
0
0
0
1790
1676
804
481
665
2463
2223
0
0
0
0
0
1053
2947
1841
687
2854
4496
3816
3412
2627
1981
187
0
0
0
0
0
0
242
0
0
0
93
0
0
0
0
0
0
0
0
0
0
0
0
0
0
305
471
204
0
0
0
0
0
0
0
0
0
0
0
0
0
0
0
0
0
0
0
0
0
0
0
0
199
109
0
0
689
0
0
0
0
0
0
0
0
0
0
0
0
0
0
0
0
0
0
0
0
0
0
11
294
369
194
355
0
0
0
0
0
0
0
0
0
0
0
0
0
0
0
0
0
0
0
0
0
0
0
1
269
0
0
0
0
0
0
0
0
0
0
0
0
0
0
0
0
0
0
0
0
0
0
0
0
0
0
0
0
0
0
0
0
0
0
0
0
0
0
0
0
0
0
0
0
0
0
0
0
0
0
0
0
0
0
0
0
71
118
0
0
0
0
0
0
0
0
0
0
0
0
0
0
0
0
0
0
0
0
0
0
0
0
571
1365
194
0
0
0
0
0
0
0
0
0
0
0
0
0
0
0
0
0
0
0
0
0
0
0
0
0
94
0
0
0
0
0
0
0
0
0
0
0
0
0
0
0
0
0
0
0
0
0
0
0
0
0
0
0
133
91
0
0
0
82
477
0
0
0
0
0
0
0
0
0
0
0
0
0
0
0
0
0
0
0
0
0
0
34
576
676
219
15
460
0
0
0
0
55
158
195
144
94
0
0
0
0
0
0
0
0
0
0
0
222
132
0
391
262
0
0
85
0
0
208
222
51
384
931
855
827
282
0
0
0
0
0
0
0
380
0
0
276
0
0
0
0
0
0
0
0
0
0
0
0
0
0
0
298
304
0
0
0
0
0
0
877
0
0
138
385
402
237
56
0
0
0
0
0
142
422
474
0
0
0
22
246
133
0
0
0
0
0
744
354
0
0
0
0
0
0
0
0
0
0
0
0
0
236
389
277
63
0
0
0
0
0
0
0
0
0
0
0
0
0
0
0
0
0
0
0
0
0
0
0
0
0
0
0
0
0
0
0
0
0
0
0
0
0
0
0
0
0
0
0
0
0
0
0
0
0
0
0
0
0
0
0
0
0
0
0
0
0
0
0
0
0
0
0
0
0
0
0
0
0
0
116
64
0
0
0
0
0
0
0
0
0
0
0
0
0
0
109
0
0
0
0
0
0
0
0
0
0
0
0
0
0
0
0
0
0
0
0
0
0
0
0
0
0
112
0
0
0
0
0
0
193
0
0
0
0
0
0
0
0
0
0
0
0
0
0
0
0
0
0
0
0
0
0
0
0
0
0
159
495
112
0
0
0
0
0
0
82
54
0
0
0
0
0
0
0
0
0
8
0
0
0
0
0
0
146
402
785
501
84
0
0
0
0
0
0
0
0
0
0
0
0
0
0
0
0
0
0
0
0
0
0
0
0
0
0
0
0
0
0
0
0
0
0
0
0
0
0
0
524
0
0
0
0
0
0
317
841
306
134
0
0
0
0
0
0
0
0
0
0
0
0
0
0
0
0
0
524
88
0
0
0
0
0
0
19
0
217
473
394
172
220
510
423
7
0
0
0
0
0
0
0
0
0
0
0
0
0
0
0
0
0
0
0
0
0
0
0
0
0
0
0
0
0
0
0
0
0
0
0
0
0
0
0
0
0
0
0
0
0
0
31
0
0
0
0
0
0
0
0
0
0
0
0
0
0
0
0
0
0
0
0
0
0
0
0
0
0
0
0
0
0
0
0
0
0
0
0
0
0
0
0
0
0
0
0
0
0
0
0
0
0
0
0
0
0
0
0
0
0
0
0
0
0
0
0
0
0
0
0
0
0
0
0
0
0
0
0
0
0
0
0
0
0
0
0
0
0
0
0
0
0
0
0
0
0
0
0
0
0
0
0
0
0
0
0
0
0
0
0
0
0
0
0
0
0
0
0
0
0
0
0
0
0
0
0
0
0
0
0
0
0
0
0
0
0
0
0
0
0
0
0
0
0
0
0
0
0
0
0
0
0
0
0
0
0
0
0
0
0
0
0
0
0
0
0
0
0
0
0
0
0
0
0
0
0
0
0
0
0
0
0
0
0
0
0
0
0
0
0
0
0
0
0
0
0
0
0
0
0
0
0
0
0
0
0
0
0
0
0
0
0
0
0
0
0
0
0
0
0
0
0
0
0
0
0
0
0
0
0
0
0
0
0
0
0
0
0
0
0
0
0
0
0
0
0
0
0
0
0
0
0
0
0
0
0
0
0
0
0
0
0
0
0
0
0
0
0
0
0
0
0
0
0
0
0
0
0
0
0
0
0
0
0
0
0
0
0
0
0
0
0
0
0
0
0
0
0
0
0
0
0
0
0
0
0
0
0
0
0
0
0
0
0
0
0
0
0
0
0
0
0
0
0
0
0
0
0
0
0
0
0
0
0
0
0
0
0
0
0
0
0
0
0
0
0
0
0
0
0
0
0
0
0
0
0
0
0
0
0
0
0
0
0
0
0
0
0
0
0
0
0
0
0
0
0
0
0
0
0
0
0
0
0
0
0
0
0
0
0
0
0
0
0
0
0
0
0
0
0
0
0
0
0
0
0
0
0
0
0
0
0
0
0
0
0
0
0
0
0
0
0
0
0
0
0
0
0
0
0
0
0
0
0
0
0
0
0
0
0
0
0
0
0
0
0
0
0
0
0
0
0
0
0
0
0
0
0
0
0
0
0
0
0
0
0
0
0
0
0
0
0
0
0
0
0
0
0
0
0
0
0
0
0
0
0
0
0
0
0
0
0
0
0
0
0
0
0
0
0
0
0
0
0
0
0
0
0
0
0
0
0
0
0
0
0
0
0
0
0
0
0
0
0
0
0
0
0
0
0
0
0
0
0
0
0
0
0
0
0
0
0
0
0
0
0
0
0
0
0
0
0
0
0
0
0
0
0
0
0
0
0
0
0
0
0
0
0
0
0
0
0
0
0
0
0
0
0
0
0
0
0
0
0
0
0
0
0
0
0
0
0
0
0
0
0
0
0
0
0
0
0
0
0
0
0
0
0
0
0
0
0
0
0
0
0
0
0
0
0
0
0
0
0
0
0
0
0
0
0
0
0
0
0
0
0
0
0
0
0
0
0
0
0
0
0
0
0
0
0
0
0
0
0
0
0
0
0
0
0
0
0
0
0
0
0
0
0
0
0
0
0
0
0
0
0
0
0
0
0
0
0
0
0
0
0
0
0
0
0
0
0
0
0
0
0
0
0
0
0
0
0
0
0
0
0
0
0
0
0
0
0
0
0
0
0
0
0
0
0
0
0
0
0
0
0
0
0
0
0
0
0
0
0
0
0
0
0
0
0
0
0
0
0
0
0
0
0
0
0
0
49
0
0
0
0
0
0
0
0
0
0
0
0
0
0
0
0
0
0
0
57
0
0
0
0
0
0
0
0
0
0
0
0
0
0
0
0
0
0
0
0
0
0
0
0
0
0
0
0
898
886
266
0
0
0
0
0
0
0
0
0
0
0
0
0
0
0
0
0
0
0
0
0
0
0
0
268
195
0
0
0
0
0
0
0
0
0
0
0
0
0
0
0
0
0
0
0
0
0
0
0
0
0
0
0
0
0
0
0
0
0
0
0
0
0
0
0
0
0
0
0
0
0
0
0
0
0
0
0
0
0
0
0
0
0
0
0
0
0
0
0
0
0
0
0
0
0
0
0
0
0
0
0
0
0
0
0
0
0
31
76
0
0
0
0
0
0
0
0
0
0
0
0
0
0
0
0
0
0
0
0
0
0
0
0
0
136
104
0
0
0
0
0
0
0
0
0
0
0
0
0
0
0
0
0
0
0
0
0
0
0
0
0
0
9
0
0
0
0
0
8
0
0
0
0
0
0
0
0
0
0
0
0
0
0
0
0
0
0
0
0
6
0
0
9
76
98
165
143
0
0
0
0
0
0
0
13
0
0
0
0
0
0
0
0
0
0
0
0
0
0
86
176
128
0
0
0
0
0
0
46
5
9
116
136
131
0
0
0
0
0
0
0
0
0
23
0
0
0
60
23
0
0
0
0
0
0
0
0
0
195
217
86
89
0
0
0
0
0
0
0
17
0
0
0
0
0
0
0
0
0
0
0
0
0
0
0
42
15
0
0
0
0
0
0
0
0
0
81
37
0
0
0
0
0
0
0
0
0
0
0
0
0
0
0
0
0
0
0
0
0
0
0
0
0
0
22
0
0
0
0
0
0
0
0
0
0
0
0
0
0
0
0
0
0
0
0
0
0
0
0
0
0
0
0
0
0
0
0
0
0
0
0
0
0
0
0
0
0
0
0
0
0
0
0
0
0
0
0
0
0
0
0
0
0
0
0
0
0
0
0
0
0
0
0
0
0
0
0
0
0
0
0
0
0
0
0
0
0
0
0
0
0
0
0
0
0
0
0
0
0
0
0
0
0
0
0
0
0
0
0
0
0
0
23
0
0
0
0
0
0
16
0
0
0
39
34
0
0
0
0
0
0
0
0
0
0
0
0
0
0
0
0
0
0
0
0
0
45
0
0
73
192
59
0
0
0
0
0
0
0
0
0
0
0
0
0
0
0
0
0
0
0
0
0
0
49
130
0
0
0
0
0
0
0
0
0
0
0
0
0
0
0
0
0
0
0
0
0
0
0
0
0
0
0
0
0
0
0
0
0
0
0
0
0
0
0
0
0
0
5
0
0
0
0
0
0
52
0
0
0
0
0
0
0
0
0
0
0
0
0
0
0
0
0
0
36
423
252
0
0
0
0
0
76
122
173
226
213
202
190
138
171
156
0
0
0
0
0
0
0
0
0
0
37
110
0
0
0
0
0
0
0
0
26
77
67
17
0
0
0
0
0
0
0
0
0
0
0
0
0
0
0
0
0
0
0
0
0
0
0
0
0
0
0
0
0
0
0
0
0
0
0
0
0
0
0
0
0
0
0
0
0
0
0
0
0
0
0
0
0
0
0
0
0
0
0
0
0
0
0
0
0
0
0
0
0
0
0
0
0
0
0
0
0
0
0
0
0
0
0
0
0
0
0
0
0
0
0
0
0
0
0
0
0
0
0
0
0
0
0
0
0
0
0
0
0
0
0
0
0
0
0
0
0
0
0
0
0
0
0
0
0
0
0
0
0
0
0
0
0
0
0
0
0
0
0
0
0
0
0
0
0
0
0
0
0
0
0
0
0
0
0
0
0
0
0
0
0
0
0
0
0
0
0
0
0
0
0
0
0
0
0
0
0
0
0
0
0
0
0
0
0
0
0
0
0
0
0
0
0
0
0
0
0
0
0
0
0
0
0
0
0
0
0
0
0
0
0
0
0
0
0
0
0
0
0
0
0
0
0
0
0
0
0
0
0
0
0
0
0
0
0
0
0
0
0
0
0
0
0
0
0
0
0
0
0
0
0
0
0
0
0
0
0
0
0
0
0
0
0
0
0
0
0
0
0
0
0
0
0
0
0
0
0
0
0
0
0
0
0
0
0
0
0
0
0
0
0
0
0
0
0
0
0
0
0
0
0
0
0
0
0
0
0
0
0
0
0
0
0
0
0
0
0
0
0
0
0
0
0
0
0
0
0
0
0
0
0
0
0
0
0
0
0
0
0
0
0
0
0
0
0
0
0
0
0
0
0
0
0
0
0
0
0
0
0
0
0
0
0
0
0
0
0
0
0
0
0
0
0
0
0
0
0
0
0
0
0
0
0
0
0
0
0
0
0
0
0
0
0
0
0
0
0
0
0
0
0
0
0
0
0
0
0
0
0
0
0
0
0
0
0
0
0
0
0
0
0
0
0
0
0
0
0
0
0
0
0
0
0
0
0
0
0
0
0
0
0
0
0
0
0
0
0
0
0
0
0
0
0
0
0
0
0
0
0
0
0
0
0
0
0
0
0
0
0
0
0
0
0
0
0
0
0
0
0
0
0
0
0
0
0
0
0
0
0
0
0
0
0
0
0
0
0
0
0
0
0
0
0
0
0
0
0
0
0
0
0
0
0
0
0
0
0
0
0
0
0
0
0
0
0
0
0
0
0
0
0
0
0
0
0
0
0
0
0
0
0
0
0
0
0
0
0
0
0
0
0
0
0
0
0
0
0
0
0
0
0
0
0
0
0
0
0
0
0
0
0
0
0
0
0
0
0
0
0
0
0
0
0
0
0
0
0
0
0
0
0
0
0
0
0
0
0
0
0
0
0
0
0
0
0
0
0
0
0
0
0
0
0
0
0
0
0
0
0
0
0
0
0
0
0
0
0
0
0
0
0
0
0
0
0
0
0
0
0
0
0
0
0
0
0
0
0
0
0
0
0
0
0
0
0
0
0
0
0
0
0
0
0
0
0
0
0
0
0
0
0
0
0
0
0
0
0
0
0
0
0
0
0
0
0
0
0
0
0
0
0
0
0
0
0
0
0
0
0
0
0
0
0
0
0
0
0
0
0
0
0
0
0
0
0
0
0
0
0
0
0
0
0
0
0
0
0
0
0
0
0
0
0
0
0
0
0
0
0
0
0
0
0
0
0
0
0
0
0
0
0
0
0
0
0
0
0
0
0
0
0
0
0
0
0
0
0
0
0
0
0
0
0
0
0
0
0
0
0
0
0
0
0
0
0
0
0
0
0
0
0
0
0
0
0
21193
16352
14179
21288
17207
0
2711
3264
4143
3217
4080
5319
3500
1441
1821
1700
1855
4123
5500
5603
4557
3340
3773
4309
1866
0
1613
37966
28210
22855
9210
0
282
5084
6377
8710
9298
6347
7593
7421
5686
5844
6335
5892
5910
7330
5929
4971
3140
3111
2302
399
16
784
11250
1995
6749
5690
0
1310
3790
5018
5256
4468
1530
1616
3141
4030
4651
5069
6328
7845
7954
6197
4282
1924
1981
1757
4292
4226
2231
17846
13268
9244
4346
0
1541
3845
4739
4773
3632
1756
999
2210
4022
4230
3318
3574
4582
8185
8016
6774
4670
1846
1289
3991
5622
3059
16073
16717
8841
14
311
0
1827
3217
4613
4718
1807
1865
3225
5735
6034
4341
3341
5223
4948
5480
6155
4725
3571
3747
2447
1724
1007
12310
10182
7903
0
2689
9616
9496
6907
4035
2977
2990
3424
2041
2693
2618
2910
5468
5027
2875
3239
3643
1547
3989
3168
2129
2193
2647
8759
3228
0
0
5506
10769
12851
14131
14569
11483
3946
5091
6057
7614
8333
5431
7152
10781
13984
13599
12895
9135
2884
1106
837
739
1556
11829
8970
2659
1980
5017
3569
4510
8620
10377
8864
5180
3987
4564
5748
6043
7690
14719
17051
16455
14248
14306
12634
10593
3310
1358
1769
1245
18743
20214
14901
418
2749
1195
3332
2886
976
3902
5760
6480
3532
5058
4361
5097
6357
5850
5235
3376
4019
8567
10952
8999
4956
1909
1215
13583
11498
9444
0
0
2484
1874
1609
3855
175
434
2031
2676
3103
3732
2819
0
0
0
302
1152
1177
6857
6713
4169
2056
1650
11610
9487
6515
1302
1587
2189
172
415
2500
4776
836
288
949
1864
2677
2259
788
478
2601
2855
0
2411
620
0
1518
2909
2922
11383
7181
2272
0
2703
165
5202
7717
8065
5147
2659
245
1054
3746
1411
2493
5581
4633
3004
2859
2729
2618
0
1794
3049
2892
2883
7284
4692
0
0
4907
1355
3911
7974
8545
4781
1562
0
2401
5347
2773
2063
5046
5151
7917
10841
11104
3339
0
1989
1628
3764
3921
6135
5440
0
0
4597
5074
3387
1302
2665
4640
3496
3476
5221
2784
2320
2013
2316
1993
5195
5830
5598
1835
3356
1883
2890
3819
4773
5453
5036
4151
2090
3956
2128
1640
243
1187
2880
3118
1848
4336
2570
1039
3347
2468
2025
1456
1998
2889
2944
2895
3468
4288
2893
4146
5104
1752
6796
2728
3380
3578
3065
2959
3054
4402
2622
0
1851
5093
6239
7198
7719
2921
864
789
2095
2620
3077
2972
2846
2069
1657
4957
1549
5140
1264
1943
3741
3591
4428
5011
4771
2981
523
4116
5194
5764
6784
7508
5100
2411
2407
1792
2214
2569
2565
2193
454
1857
4659
2160
5107
556
1315
1318
2219
2857
3317
6331
12358
11313
14579
15503
15790
14029
7182
5368
5540
4453
5656
5279
2437
1943
1656
787
3170
4726
2212
6505
1623
1368
1009
695
1713
2051
6291
11741
10314
10565
17082
24784
23476
10106
3948
3094
4027
4411
3321
1016
0
747
1121
3310
4903
1638
6080
2905
442
0
484
3646
4516
3562
0
3763
3066
7201
4092
5653
6913
2687
2395
2810
1265
956
1312
489
1246
1416
3126
8579
2566
4605
1662
0
1423
3494
4098
5794
3986
512
170
0
1634
2995
2227
5649
3658
3964
4473
2338
1182
1366
1239
478
1044
3890
34290
27926
22316
9422
0
2696
4043
3381
5771
7848
8143
7825
5005
3832
5791
2589
1877
4161
3292
2762
2117
1421
2734
2774
1109
1780
3768
32956
32377
31589
17930
1918
5872
4407
6045
5115
9547
14922
15701
17106
17014
17339
13710
11304
7224
4678
1501
2287
3012
2788
2567
1167
1598
3019
9365
8869
8729
5652
1098
6322
7881
6231
4179
5184
7116
6820
8949
7848
8122
8695
8517
5997
5679
2941
2490
1775
1778
2657
2000
2261
1399
20651
15267
3442
2750
1617
2415
4000
4412
5612
3004
10596
15338
15236
13065
12401
8681
3777
4546
3688
1640
2210
1194
2136
2385
1887
4112
3826
17613
15052
4698
2238
2656
256
2187
3908
3628
1484
4689
7856
8163
9146
10246
6010
5882
6455
3453
4146
3854
2073
3008
2716
461
2382
6452
5950
6102
975
4862
7720
5875
7187
8647
6173
9311
8708
5988
3261
7935
10947
9633
8163
8084
6349
7775
7459
7160
9048
7797
6985
5715
13371
0
0
0
0
0
0
0
0
0
0
0
0
0
0
0
0
0
0
0
0
0
0
0
0
0
0
0
0
0
0
0
0
0
0
0
0
0
0
0
0
0
0
0
0
0
0
0
0
0
0
0
0
0
0
0
0
0
0
0
0
0
0
0
0
0
0
0
0
0
0
0
0
0
0
0
0
0
0
0
0
0
0
0
0
0
0
0
0
0
0
0
0
0
0
0
0
0
0
0
0
0
0
0
0
0
0
0
0
0
0
0
0
0
0
0
0
0
0
0
0
0
0
0
0
0
0
0
0
0
0
0
0
0
0
0
0
0
0
0
0
0
0
0
0
0
0
0
0
0
0
0
0
0
0
0
0
0
0
0
0
0
0
0
0
0
0
0
0
0
0
0
0
0
0
0
0
0
0
0
0
0
0
0
0
0
0
0
0
0
0
0
0
0
0
0
0
0
0
0
0
0
0
0
0
0
0
0
0
0
0
0
0
0
0
0
0
0
0
0
0
0
0
0
0
0
0
0
0
0
0
0
0
0
0
0
0
0
0
0
0
0
0
0
0
0
0
0
0
0
0
0
0
0
0
0
0
0
0
0
0
0
0
0
0
0
0
0
0
0
0
0
0
0
0
0
0
0
0
0
0
0
0
0
0
0
0
0
0
0
0
0
0
0
0
0
0
0
0
0
0
0
0
0
0
0
0
0
0
0
0
0
0
0
0
0
0
0
0
0
0
0
0
0
0
0
0
0
0
0
0
0
0
0
0
0
0
0
0
0
0
0
0
0
0
0
0
0
0
0
0
0
0
0
0
0
0
0
0
0
0
0
0
0
0
0
0
0
0
0
0
0
0
0
0
0
0
0
0
0
0
0
0
0
0
0
0
0
0
0
0
0
0
0
0
0
0
0
0
0
0
0
0
0
0
0
0
0
0
0
0
0
0
0
0
0
0
0
0
0
0
0
0
0
0
0
0
0
0
0
0
0
0
0
0
0
0
0
0
0
0
0
0
0
0
0
0
0
0
0
0
0
0
0
0
0
0
0
0
0
0
0
0
0
0
0
0
0
0
0
0
0
0
0
0
0
0
0
0
0
0
0
0
0
0
0
0
0
0
0
0
0
0
0
0
0
0
0
0
0
0
0
0
0
0
0
0
0
0
0
0
0
0
0
0
0
0
0
0
0
0
0
0
0
0
0
0
0
0
0
0
0
0
0
0
0
0
0
0
0
0
0
0
0
0
0
0
0
0
0
0
0
0
0
0
0
0
0
0
0
0
0
0
0
0
0
0
0
0
0
0
0
0
0
0
0
0
0
0
0
0
0
0
0
0
0
0
0
0
0
0
0
0
0
0
0
0
0
0
0
0
0
0
0
0
0
0
0
0
0
0
0
0
0
0
0
0
0
0
0
0
0
0
0
0
0
0
0
0
0
0
0
0
0
0
0
0
0
0
0
0
0
0
0
0
0
0
0
0
0
0
0
0
0
0
0
0
0
0
0
0
0
0
0
0
0
0
0
0
0
0
0
0
0
0
0
0
0
0
0
0
0
0
0
0
0
0
0
0
0
0
0
0
0
0
0
0
0
0
0
0
0
0
0
0
0
0
0
0
0
0
0
0
0
0
0
0
0
0
0
0
0
0
0
0
0
0
0
0
0
0
0
0
0
0
0
0
0
0
0
0
0
0
0
0
0
0
0
0
0
0
0
0
0
0
0
0
0
0
0
0
0
0
0
0
0
0
0
0
0
0
0
0
0
0
0
0
0
0
0
0
0
0
0
0
0
0
0
0
0
0
0
0
0
0
0
0
0
0
0
0
0
0
0
0
0
0
0
0
0
0
0
0
0
0
0
0
0
0
0
0
0
0
0
0
0
0
0
0
0
0
0
0
0
0
0
0
0
0
0
0
0
0
0
0
0
0
0
0
0
0
0
0
0
0
0
0
0
0
0
0
0
0
0
0
0
0
0
0
0
0
0
0
0
0
0
0
0
0
0
0
0
0
0
0
0
0
0
0
0
0
0
0
0
0
0
0
0
0
0
0
0
0
0
0
0
0
0
0
0
0
0
0
0
0
0
0
0
0
0
0
0
0
0
0
0
0
0
0
0
0
0
0
0
0
0
0
0
0
0
0
0
0
0
0
0
0
0
0
0
0
0
0
0
0
0
0
0
0
0
0
0
0
0
0
0
0
0
0
0
0
0
0
0
0
0
0
0
0
0
0
0
0
0
0
0
0
0
0
0
0
0
0
0
0
0
0
0
0
0
0
0
0
0
0
0
0
0
0
0
0
0
0
0
0
0
0
0
0
0
0
0
0
0
0
0
0
0
0
0
0
0
0
0
0
0
0
0
0
0
0
0
0
0
0
0
0
0
0
0
0
0
0
0
0
0
0
0
0
0
0
0
0
0
0
0
0
0
0
0
0
0
0
0
0
0
0
0
0
0
0
0
0
0
0
0
0
0
0
0
0
0
0
0
0
0
0
0
0
0
0
0
0
0
0
0
0
0
0
0
0
0
0
0
0
0
0
0
0
0
0
0
0
0
0
0
0
0
0
0
0
0
0
0
0
0
0
0
0
0
0
0
0
0
0
0
0
0
0
0
0
0
0
0
0
0
0
0
0
0
0
0
0
0
0
0
0
0
0
0
0
0
0
0
0
0
0
0
0
0
0
0
0
0
0
0
0
0
0
0
0
0
0
0
0
0
0
0
0
0
0
0
0
0
0
0
0
0
0
0
0
0
0
0
0
0
0
0
0
0
0
0
0
0
0
0
0
0
0
0
0
0
0
0
0
0
0
0
0
0
0
0
0
0
0
0
0
0
0
0
0
0
0
0
0
0
0
0
0
0
0
0
0
0
0
0
0
0
0
0
0
0
0
0
0
0
0
0
0
0
0
0
0
0
0
0
0
0
0
0
0
0
0
0
0
0
0
0
0
0
0
0
0
0
0
0
0
0
0
0
0
0
0
0
0
0
0
0
0
0
0
0
0
0
0
0
0
0
0
0
0
0
0
0
0
0
0
0
0
0
0
0
0
0
0
0
0
0
0
0
0
0
0
0
0
0
0
0
0
0
0
0
0
0
0
0
0
0
0
0
0
0
0
0
0
0
0
0
0
0
0
0
0
0
0
0
0
0
0
0
0
0
0
0
0
0
0
0
0
0
0
0
0
0
0
0
0
0
0
0
0
0
0
0
0
0
0
0
0
0
0
0
0
0
0
0
0
0
0
0
0
0
0
0
0
0
0
0
0
0
0
0
0
0
0
0
0
0
0
0
0
0
0
0
0
0
0
0
0
532
3426
3775
0
0
0
0
0
0
0
0
0
0
0
354
137
0
0
549
1038
135
224
834
0
0
0
0
13315
16099
17283
10920
0
1956
466
0
616
1575
694
3441
3754
1881
1666
581
644
441
560
2191
2349
885
411
0
0
0
0
2706
3926
7445
5912
0
1333
592
0
0
515
0
788
2796
2292
2367
58
437
1557
0
65
1208
1444
947
270
0
0
0
0
0
0
0
500
1145
0
0
0
258
356
113
708
253
292
208
1112
0
0
0
327
1481
150
0
1097
0
0
0
1523
0
0
1769
180
645
0
0
0
564
0
874
1189
1703
0
0
0
648
218
1151
2284
2572
1729
1530
645
0
531
0
0
205
2837
1404
2058
1758
965
1196
1250
931
0
0
87
274
0
0
0
0
0
0
1007
1496
1510
786
0
5058
0
0
145
2996
7110
10401
11773
11669
7703
3720
4111
2391
4099
5819
4753
2405
1137
2656
2946
2159
1048
0
0
0
0
0
2737
0
0
0
1268
4315
9750
13440
16392
17566
11044
5642
2642
2470
5015
7171
9053
11709
12306
10821
11344
11805
6836
33
327
141
0
8104
98
0
0
0
0
0
958
7505
15866
17325
13905
5590
4231
1687
6241
7275
10165
11284
11318
11245
15478
16002
6530
185
0
0
7297
2866
0
0
0
0
0
1045
464
148
9930
12296
3820
1698
0
0
165
1924
4105
5634
3373
6414
13466
11659
4475
0
0
4538
0
0
0
0
0
0
0
1493
0
0
3352
3509
0
0
0
0
0
0
0
2175
4361
3665
5847
5297
1592
0
1801
0
0
0
0
0
0
0
0
0
0
0
325
0
0
0
0
0
0
0
0
785
2293
0
526
862
0
5416
0
0
934
0
0
0
806
0
0
0
0
373
0
0
0
0
670
363
0
0
0
0
374
32
492
0
5696
0
0
3556
2417
0
0
0
0
0
0
2572
4610
0
0
0
0
0
0
1266
964
0
0
0
0
373
0
5346
0
0
0
3074
287
15
0
0
0
0
1034
4372
557
1220
1555
0
0
0
0
0
0
0
136
0
6
0
5250
1781
0
0
4342
1996
1493
0
0
0
0
0
0
0
924
5232
4418
0
0
0
229
1291
1499
1181
1079
1453
0
5456
1927
0
0
6447
6004
3093
2345
1308
0
0
250
32
0
186
8954
11390
4260
88
772
573
615
2175
1957
1566
1179
115
5480
1823
0
0
3405
5604
5086
4343
3556
0
2902
5454
4765
1991
0
2633
6563
8069
5200
3112
2316
2029
1149
1432
1335
35
0
5477
1459
0
0
420
2855
4649
3678
3799
0
10557
15551
10626
8638
10725
14928
7368
5371
6535
5554
4120
2627
1043
80
113
0
0
5273
1887
0
0
802
0
1087
0
0
0
0
11172
9840
1607
686
9421
5910
0
1529
3770
4106
2323
423
0
0
0
0
2787
338
0
0
1823
0
0
689
1847
0
0
0
2297
3122
960
970
1323
0
0
0
0
279
0
114
0
530
0
17241
14667
1903
0
1111
115
445
5376
6970
4644
0
0
0
0
0
679
2843
2321
1150
874
681
0
0
0
0
0
0
27604
35191
31196
7918
2469
1217
0
2800
8874
10285
8983
10603
10062
3835
3457
4561
3170
6738
8506
1887
1340
448
967
155
0
0
0
3306
15956
23984
12086
1753
2877
1411
0
0
0
0
3430
7881
5286
2647
3169
2091
2281
6330
5253
1844
208
582
237
0
0
0
8864
93
2516
6882
740
2772
2451
1492
1539
0
2850
1894
733
0
0
0
0
0
0
1352
855
96
0
0
220
0
0
17199
14894
3599
5523
1708
3171
1706
1029
4130
504
5666
9180
8715
5762
3799
1440
0
303
2174
5030
2497
1053
672
238
0
0
0
5908
5194
2182
6186
3395
1905
1814
1963
4443
3158
0
0
464
0
730
1693
3188
2314
1913
5819
6381
5796
4765
3244
2553
710
966
9463
7209
6170
0
0
3160
5910
5681
6286
6228
5518
5379
4860
5462
6083
6044
5748
5195
4668
3858
3912
4698
5341
3903
248
715
1427
0
0
5
0
0
3730
2488
3599
5258
5505
4063
4876
3829
2425
2964
2752
2290
3270
4558
4938
2921
2968
2545
1622
203
1851
623
0
0
1231
745
1081
3017
2426
4509
5595
6148
4921
5537
3637
3983
4432
4753
5213
4965
4510
5203
4854
2911
2450
1988
2026
1642
1479
4644
4506
782
0
3286
2141
2960
4305
4632
5141
3268
2938
3428
3412
3697
3751
3435
4365
5272
5757
5585
2862
1967
1904
1628
1465
0
10882
9927
0
0
3064
3647
4428
4843
4549
3870
3039
3684
4011
3693
3673
3640
4901
4729
4096
4521
4487
3118
2159
1357
1152
818
0
11285
1466
0
0
3706
1315
1883
2584
2382
2544
2231
2567
3053
3502
3725
3554
2863
3488
4222
4054
3789
3591
3100
2800
2117
1591
369
5960
0
0
1183
1399
0
0
0
0
0
528
1553
405
494
1715
987
857
708
474
0
277
1303
2207
2033
1783
1172
0
6416
1726
0
0
0
0
577
1601
790
386
0
379
0
2456
2991
0
0
0
0
0
0
0
0
867
1138
1539
0
5946
3934
0
0
0
1121
2654
2254
1218
0
643
809
124
1974
1404
0
0
10
0
208
218
764
1400
0
151
2938
0
8561
5703
0
0
2011
689
0
250
1412
1476
2492
2150
4271
4937
1334
0
0
727
0
771
2636
4381
1666
870
1443
2543
0
9094
6068
0
1212
2305
1864
512
1839
3648
2697
1850
4090
6367
3039
0
75
1913
932
484
0
0
2267
3603
4691
4760
2349
0
10644
4167
0
1716
3222
3500
3194
3043
2984
1915
2821
3176
5365
2146
1737
3426
3008
2149
1944
2226
2173
3518
3567
5094
4028
3328
0
6569
0
0
987
3069
3269
4513
4755
4645
4823
3310
3185
4521
917
1583
3731
2852
3133
5436
5301
3927
3205
4795
4594
3754
3061
39
6565
1316
0
1629
3457
3364
3851
4889
4979
3841
1624
1989
3314
333
1885
3323
3690
4569
5696
5911
4881
5710
4608
3889
3323
2484
0
6445
2782
0
0
2517
2733
2953
3102
2624
1630
0
2255
5105
2187
2752
3073
3362
4156
4326
4594
4305
3625
2983
2506
1310
747
0
6433
3828
0
0
2359
1998
1826
2436
2192
1013
0
1880
5089
2693
2239
1567
1865
2050
3002
3306
2362
1994
1593
982
171
416
0
6585
4155
0
0
1838
2066
1772
1672
587
644
2203
4647
3812
678
2073
3102
3662
2246
2489
2204
2383
1864
782
300
0
338
0
6573
3714
0
0
2326
1817
1376
422
25
960
332
1105
0
0
0
1900
4011
2712
1302
872
0
0
168
430
543
650
806
6601
3669
0
0
2099
1478
1690
1759
1812
0
0
758
0
0
0
1052
3045
3999
646
0
0
371
846
1163
1384
1032
482
6657
3991
0
0
1692
2656
3913
3734
3166
180
2296
2683
0
1036
3946
5931
6551
2882
2924
3043
2993
2705
2054
1717
1153
651
315
9249
5495
85
0
2040
2846
1959
1453
945
680
1855
1702
1660
2969
4401
3359
2348
1419
2382
2778
4176
3510
3073
2536
257
381
121
3605
0
0
0
2115
1741
463
1295
328
627
2152
1594
1550
4398
4936
3562
2707
1181
582
2036
2537
2426
2008
1099
62
1822
551
0
0
0
0
3072
2123
1460
565
0
110
166
0
2989
57
524
1065
88
0
771
1978
2372
1257
759
994
756
1706
0
3594
3836
188
815
2498
2201
510
383
1822
3582
3387
3378
2479
346
893
2228
2317
2258
3864
3640
1903
656
1284
895
1084
1435
652
2976
0
0
2574
922
1521
1096
619
2014
2581
3254
2157
1336
1816
1966
2274
3453
3084
3254
2794
1199
894
745
100
1481
1247
1872
0
0
0
2055
1633
940
2142
2523
3036
1286
635
703
769
2306
2989
3996
2534
763
1298
2668
406
394
973
843
1112
0
2948
5273
3187
361
1314
2163
1150
2533
2629
382
1606
2125
3351
4387
5322
5252
3576
862
2389
3032
2184
0
113
650
810
997
0
3409
0
0
0
0
7768
8179
0
0
0
0
0
0
0
0
0
0
0
0
0
0
0
0
0
0
1345
4649
1238
10831
9947
7183
714
6863
0
0
0
198
0
0
0
0
0
0
0
0
0
0
0
0
0
0
0
110
9
0
38042
34401
19745
4784
5547
0
0
0
277
0
0
0
0
0
0
0
0
0
0
0
0
0
0
0
0
0
1749
16385
12291
4869
1747
0
0
0
0
0
0
0
0
0
0
0
0
0
0
0
0
0
0
0
0
0
0
0
9881
4664
0
4069
0
0
0
0
0
0
0
0
0
0
0
0
0
0
0
0
0
0
0
0
0
0
0
0
0
656
5355
0
0
0
0
0
0
0
0
0
0
0
0
0
0
0
0
0
0
0
0
0
0
0
0
0
6418
4463
0
0
0
0
0
0
0
0
0
0
0
0
0
0
0
0
0
0
0
0
0
0
0
0
3108
11881
6604
0
2952
5234
5302
2545
0
0
0
0
0
0
0
0
0
0
0
0
0
0
0
0
0
0
0
697
9012
7764
3902
4677
1817
895
3134
3029
0
0
0
0
0
0
2128
5837
4889
0
662
1835
0
0
0
0
0
0
0
5330
7343
1791
884
2355
4329
6193
8302
8323
14
749
422
0
761
2885
2857
2927
2077
3916
3897
0
0
0
0
0
0
0
4480
6140
1687
2632
4849
8568
7999
1796
2415
3604
0
0
2874
8098
5103
1971
5472
7520
5896
1852
1517
1050
0
0
0
0
0
7131
7648
1732
1966
1588
5891
5015
0
0
1840
0
0
3033
3404
0
1648
9484
11172
7128
7141
2906
609
0
0
0
0
0
8465
5067
0
0
5019
5482
5434
3330
0
0
0
0
0
0
921
2996
6918
6476
4494
5201
4054
0
0
0
0
0
0
11771
7719
0
0
0
0
0
0
0
0
0
0
0
0
0
2782
6644
5406
3581
681
0
0
0
0
0
0
0
3510
7559
0
0
0
0
0
0
0
2107
0
0
0
0
0
0
0
0
0
0
0
0
0
0
0
0
0
0
4492
0
0
0
0
0
0
0
1264
0
0
0
0
0
0
0
0
0
0
0
0
0
0
0
0
0
0
5747
0
0
0
0
0
0
3366
818
0
0
1189
1312
0
0
0
0
0
0
0
0
0
0
0
0
0
0
9584
0
0
0
0
0
0
218
0
0
0
0
322
0
0
0
0
0
0
0
0
0
0
0
0
0
0
12018
0
0
0
0
0
0
9150
1834
0
1603
14038
11909
4075
0
0
0
0
0
0
0
0
0
0
0
0
0
4023
0
0
0
0
0
831
9932
4256
0
12884
20026
13099
1649
0
0
202
0
0
0
0
0
0
0
0
0
0
2323
0
0
0
0
0
0
0
4312
8289
4433
0
0
0
0
0
0
0
0
0
0
0
0
0
0
0
0
1527
0
0
0
0
0
0
0
0
909
917
0
0
0
0
0
0
0
0
0
0
0
0
0
12806
11200
4651
5379
0
0
0
3587
5191
2938
2678
2023
770
0
960
146
0
0
0
0
0
0
0
0
0
0
0
12249
24462
18133
4221
0
0
0
3040
6101
9466
13094
14284
12037
12757
13269
10848
12536
13251
7312
0
0
0
0
0
0
0
0
0
5473
8216
0
0
0
0
0
0
224
1606
3744
5710
5676
4413
3249
3551
1048
0
0
0
0
0
0
0
0
619
88
2862
6050
0
0
0
0
2362
0
0
2106
2472
2150
4406
4982
1605
0
0
0
0
0
0
0
0
0
1856
3904
5884
5319
5883
0
0
0
0
206
0
0
1774
2895
3211
2248
631
0
0
0
0
0
0
0
0
0
0
1627
0
0
0
0
0
0
2
0
0
0
0
0
0
0
0
0
0
0
0
0
0
0
0
0
0
0
0
0
0
0
0
0
0
0
0
0
0
0
0
0
0
0
0
0
0
0
0
0
0
0
0
0
0
0
0
207
218
56
0
0
0
0
0
0
0
0
0
0
0
0
0
0
0
0
0
0
0
0
0
0
0
0
19
0
0
0
0
0
0
0
0
0
0
0
0
0
0
0
0
0
0
0
0
0
0
0
0
0
0
0
0
0
0
0
0
0
0
0
0
0
0
0
0
0
0
0
0
0
0
0
0
0
0
0
0
0
0
0
0
0
0
0
0
0
0
0
0
0
0
0
0
0
0
0
0
0
0
0
0
0
0
0
0
0
0
0
7
0
0
0
0
0
0
0
0
0
0
0
0
0
0
0
0
0
0
0
0
0
0
0
0
0
0
6
0
0
0
0
0
0
0
0
0
0
0
0
0
0
0
0
0
0
0
0
0
0
0
0
0
0
0
0
0
0
0
0
0
0
0
0
0
0
0
0
0
0
0
0
0
0
0
0
0
0
0
0
0
0
0
0
0
4
6
24
22
0
0
0
0
0
0
0
9
0
0
0
0
0
0
0
0
0
0
0
0
0
0
3
13
0
0
0
0
0
0
0
0
0
0
10
20
27
0
0
0
0
0
0
0
0
0
0
0
0
0
0
0
0
0
0
0
0
0
0
0
0
18
27
1
0
0
0
0
0
0
0
0
0
0
0
0
0
0
0
0
0
0
0
0
0
0
0
0
0
0
0
0
0
0
0
0
0
0
0
0
0
0
0
0
0
0
0
0
0
0
0
0
0
0
0
0
0
0
0
0
0
0
0
0
0
0
0
0
0
0
0
0
0
0
0
0
0
0
0
0
0
0
0
0
0
0
0
0
0
0
0
0
0
0
0
0
0
0
0
0
0
0
0
0
0
0
0
0
0
0
0
0
0
0
0
0
0
0
0
0
0
0
0
0
0
0
0
0
0
0
0
0
0
0
0
0
0
0
0
0
0
0
0
0
0
0
0
0
0
0
0
0
0
0
0
0
0
0
0
0
0
0
0
0
0
0
0
0
0
0
0
0
0
0
0
0
0
0
0
0
0
0
0
0
0
0
0
0
0
0
0
0
0
0
0
0
0
0
0
0
0
0
0
0
0
0
0
0
0
0
0
0
0
19
0
0
0
0
0
0
0
0
0
0
0
0
0
0
0
0
0
0
0
0
0
0
0
0
10
0
0
0
0
0
0
0
0
0
0
0
0
0
0
0
0
0
0
0
0
0
0
0
0
0
0
0
0
0
0
0
0
0
0
0
0
0
0
0
0
0
0
0
0
0
0
0
0
0
0
0
0
0
0
0
0
0
0
0
0
0
0
0
0
0
0
0
0
0
56
43
0
0
0
0
0
0
0
4
11
2
7
5
0
0
0
0
0
0
0
0
0
0
0
0
0
0
26
0
0
0
0
0
0
0
0
0
0
0
0
0
0
0
0
0
0
0
0
0
0
0
0
0
0
0
0
0
0
0
0
0
0
0
0
0
0
0
0
0
0
0
0
0
0
0
0
0
0
0
0
0
0
0
0
0
0
0
0
0
0
0
0
0
0
0
0
0
0
0
0
0
0
0
0
0
0
5120
2320
2819
11021
8188
1421
4188
5123
6168
7230
6498
6956
7885
7436
6859
6965
7265
6831
6419
6491
6890
6259
5932
8905
8787
3652
3680
0
0
0
0
2205
1192
3587
2361
1397
1539
3221
2138
2921
4369
4064
4771
4708
4293
4258
2435
2152
3591
3884
5301
7925
5900
4169
0
0
0
0
1276
1486
3099
2863
2666
2223
3446
2795
2065
2174
1908
3646
3430
2953
4001
4030
2164
2420
3003
3990
6205
7380
6693
3653
3020
5657
4411
562
1552
2542
3035
3472
2871
4499
4132
4141
4961
4621
4137
3871
5625
5545
5141
4030
3611
4348
3947
4203
6357
6779
2333
916
7889
2898
571
2855
2285
3069
3935
3654
3911
5509
4271
3279
3396
3864
4457
5303
3861
3883
3629
2813
2430
3167
3069
3167
5338
6413
10369
8452
656
0
2627
2256
2331
3153
3300
3041
4864
5604
5044
4551
4430
5511
5511
5702
5556
5353
4887
4563
3328
1900
2637
5454
3951
11394
6864
0
0
0
0
0
0
0
1502
1751
2963
627
0
1539
3062
2814
2799
3445
3393
4256
5797
5646
3622
3540
4437
6132
14526
11087
248
0
0
0
0
0
0
0
251
1771
433
0
0
0
0
0
0
0
0
1560
4520
3963
3620
6537
1161
9061
11711
4656
78
1257
1308
578
0
0
0
0
0
0
1085
0
0
0
0
0
0
0
0
1484
3529
3910
6743
838
4618
8636
4803
2498
2829
1417
0
1002
249
0
0
0
1249
2436
2250
637
0
0
0
0
0
0
0
256
4261
7161
2417
5692
9586
3463
4553
4012
4023
1713
0
2792
4558
243
1361
6008
5988
3306
3142
3841
2375
1114
0
0
675
0
0
3105
6879
5316
10751
9618
2246
5827
4165
4661
5290
4782
2801
3966
4172
3337
8090
7404
5307
6351
6506
4884
2230
3410
2308
1219
2741
1770
1648
6500
3343
12149
11053
1914
5709
6772
4012
2119
2578
2348
4293
3650
3234
7335
6223
4497
4779
4068
3129
3278
4287
5728
4291
3836
2983
2147
5815
2578
11751
13265
1687
3112
6198
6854
6823
6437
5180
5826
2530
1365
5071
5589
6437
7957
6680
3778
1860
2181
4282
6636
6295
5654
4023
5752
2600
10858
14752
9801
1240
3459
4034
4645
5130
4584
5670
1015
0
3767
3410
4087
5940
7201
7785
7240
6483
6019
5294
4819
5095
4289
5851
2518
5992
14227
10269
195
2781
3565
4340
5208
5021
3877
2506
3460
5315
3539
1055
2720
5339
5222
5364
5042
4547
4357
3640
3500
2503
4489
2336
5650
13476
8839
0
0
1845
3049
4174
5197
2558
1914
4717
6739
3241
0
0
2832
4079
4415
4437
3576
2640
2041
2214
2142
3628
2210
5758
13893
9122
0
0
0
223
904
3872
1682
787
1607
4116
5929
3896
1264
0
1664
2310
2333
2521
2524
1638
1418
2610
3930
2244
6039
16010
10546
1279
0
0
0
0
3801
0
0
0
0
0
0
0
0
0
0
102
413
2285
3131
2821
3120
4324
2479
6038
14628
12162
1302
3474
2071
2252
2982
6340
2462
0
0
0
0
0
0
4381
2075
804
365
865
2074
3155
2682
2790
4121
5112
8264
12170
9936
498
3226
3600
2676
2421
3493
5188
4907
423
0
1643
2365
3264
5116
5501
6319
5583
3429
3660
2829
3244
2251
4440
0
1633
10238
11108
936
3262
2553
0
0
746
4150
5735
6408
5168
4139
2935
1112
2274
2896
3187
4338
4620
4109
3773
3148
1928
4937
0
0
0
1948
0
3087
5011
3113
0
0
0
0
0
2269
1183
883
1611
0
0
1939
3076
3592
2998
3327
3234
2185
5547
4602
0
0
0
351
1205
4214
6071
5164
1633
387
0
0
0
0
0
0
0
0
0
2624
3713
2757
2766
3287
2151
4517
1534
6845
2452
0
1432
0
429
1653
3310
3735
1771
4111
4107
4061
4552
5701
5142
4739
4061
1706
2625
3382
3510
3393
2113
2306
4709
0
0
0
0
224
0
0
192
0
2821
0
0
0
0
0
0
2084
1893
925
0
1754
1856
2564
2692
2268
2859
4192
0
397
0
0
2013
3661
2317
2678
1992
5353
8324
8218
5724
6844
6400
5443
3807
2963
3805
1275
401
595
1650
2421
3096
4233
6370
8623
9675
13762
6970
0
0
7052
10129
5297
4315
8578
10268
10291
12971
15485
14819
13015
11893
12461
13187
13531
12094
12115
9497
0
0
0
0
0
0
0
0
2622
3672
68
0
0
2553
2857
3454
5393
6988
6157
5059
5230
1358
1446
5297
4203
5534
6193
0
0
704
0
0
0
0
0
4465
3611
0
0
0
3521
2412
2670
3224
4485
2748
989
556
0
0
542
5324
5717
6759
4583
1776
0
0
0
0
0
0
4458
1401
380
873
3179
6833
5978
6245
7109
7225
5239
5129
3676
1040
69
1112
7370
7006
6289
6576
4055
789
0
0
0
0
3195
3870
3092
3793
5597
5696
7954
4995
4189
3196
3145
2892
2590
4211
2459
2127
2475
3508
4859
5559
6517
5450
1277
4384
2938
0
0
1885
4340
4541
6770
7744
7789
8995
9463
8617
6394
6446
9335
8879
6037
4276
5494
5776
5866
2877
1940
4656
4531
639
12002
2982
0
0
2672
1760
1212
2601
2732
6057
9906
10248
8584
4002
5928
10170
10169
7672
7322
7117
6737
6953
6413
4855
5086
2087
0
10768
0
0
0
0
0
0
0
0
2186
7590
10574
7249
172
2751
8765
3071
1400
1064
3086
3100
4146
5624
5070
4419
3868
0
6715
0
0
0
0
0
0
0
0
0
0
1487
3278
1731
3305
2544
0
0
0
0
0
0
1028
4439
1659
3564
1881
2327
0
0
0
0
0
0
0
0
0
0
0
0
0
718
0
0
0
0
0
0
0
0
0
1527
6380
2737
0
1339
0
0
0
0
0
0
0
0
0
0
64
4187
0
0
0
0
0
0
0
0
0
0
2765
7359
2547
6034
1474
0
0
0
0
0
0
0
615
0
0
2702
6139
0
0
110
0
0
0
0
0
0
0
2994
4502
2756
13609
7863
0
0
5117
283
0
0
0
0
439
0
4892
5984
98
69
0
0
0
0
0
0
0
520
2418
3482
3042
13672
6861
0
0
6716
2754
916
2127
2455
3113
3806
251
7126
5789
2392
3077
1060
0
0
0
0
0
3575
4799
5876
5709
2764
12710
7311
0
0
6141
5708
6025
6265
5698
6446
2547
0
1221
4571
3424
6509
7133
5061
3746
4742
5967
6927
7780
7339
6819
6873
3009
12433
12749
3979
0
7242
8071
8192
7584
6820
5973
0
0
3506
5776
3099
5694
7126
7072
7792
7947
8533
9060
9743
9083
7761
6077
1950
12816
13817
4232
0
4759
7188
8965
9757
8995
29
0
0
8647
2792
0
0
241
7389
8750
10053
9038
8381
9262
8251
6615
4957
2294
12758
13959
2725
0
86
4908
7656
9061
7518
0
0
1831
6200
0
0
0
0
5184
9547
10598
8197
7073
5967
4341
3194
3316
740
12826
13806
0
0
693
643
2750
2541
2313
0
0
0
5467
0
0
0
0
0
7276
6233
4658
4395
5116
4115
4257
3440
1811
12719
13818
4842
0
345
1710
220
161
1399
0
0
0
0
0
0
0
0
0
0
0
0
3793
3691
3964
4701
3653
1865
9738
11505
7996
0
0
4481
3414
5455
6278
2635
267
0
0
0
2905
5097
7744
3465
3534
2036
810
2348
2302
5791
4807
2749
2134
4351
7444
6293
0
894
5597
0
1822
3609
1901
2932
1035
0
0
2125
3973
6786
8652
5163
3762
6772
6552
6548
5134
3087
0
0
0
0
0
0
0
4299
0
0
0
0
0
0
0
0
0
0
962
0
0
4048
8001
6093
5336
4811
1805
1410
0
0
0
0
0
0
851
2918
0
0
0
0
0
0
0
0
0
0
0
0
5211
7861
4276
2499
4439
913
1979
0
0
0
0
1016
1637
57
1454
780
2687
0
0
0
0
0
0
0
0
821
564
5574
7047
4054
3354
3854
2047
1363
0
0
0
0
0
2521
0
0
0
0
193
0
0
0
0
0
0
3247
882
0
2652
7265
5721
4218
2768
1879
0
0
0
0
0
0
2898
0
0
0
2180
3705
0
0
0
0
0
3057
4953
51
0
1755
5146
3277
2545
2605
2529
0
0
3501
1467
0
0
0
4374
0
0
1426
3826
1042
748
1317
0
0
0
0
0
0
0
0
0
0
1030
5360
5207
2893
0
0
0
0
741
490
0
0
0
0
0
0
0
0
0
0
0
0
242
0
0
0
0
51
3864
2827
127
2058
6923
0
0
286
0
0
212
668
453
967
1009
0
0
0
0
46
0
0
744
0
0
0
0
2209
4339
4722
6939
7040
991
0
193
0
0
148
269
218
205
162
0
375
645
723
716
1182
1087
1632
802
0
153
59
434
2464
4125
0
0
0
97
0
1025
497
1358
1231
714
161
1867
322
0
0
533
1912
1171
0
0
0
0
0
0
0
0
626
2148
1199
0
187
0
1226
1175
1002
482
59
164
1328
1696
2019
2137
1610
1453
1533
2322
1248
893
1348
107
0
0
0
607
0
202
3301
2305
0
0
0
0
0
0
0
0
0
0
0
0
253
541
111
910
1041
1181
1281
1568
9
0
0
0
9012
13993
4059
0
0
0
0
0
0
0
0
0
0
0
0
0
0
0
0
0
0
0
1530
0
0
692
0
2529
7328
3370
0
851
642
0
0
0
0
0
0
0
0
0
0
0
0
0
0
0
0
0
228
469
925
0
0
1100
3996
2223
0
0
0
2456
5114
0
0
0
0
0
0
0
1236
0
0
0
0
0
0
0
806
1440
0
0
2457
2006
1440
1654
5159
6468
3842
2410
5014
1748
262
670
469
2593
2672
2276
2251
2117
1164
0
0
0
0
0
191
0
1760
3356
3571
3635
2941
2041
5837
4776
0
1305
3050
700
1040
4099
4015
2437
4510
8311
7798
7966
5356
1404
636
0
0
165
0
192
7059
3777
1002
4305
3211
1592
26
238
1380
1636
0
286
1909
1272
669
1652
3571
2947
1055
5154
5108
2000
62
0
0
0
913
11411
4654
0
3216
5159
4940
3755
2315
1363
0
0
0
1571
2907
5110
6122
3868
945
0
2712
3838
2912
1749
357
6
0
2662
10053
7774
0
256
293
1146
623
0
0
0
0
0
251
599
1986
3918
5066
4168
2611
1792
1005
816
427
0
0
0
0
1176
2717
0
248
597
1291
1327
0
0
108
534
674
0
0
0
750
725
975
440
0
0
0
0
0
0
0
0
0
1316
0
0
0
79
0
0
665
1604
1042
0
0
0
0
0
633
412
411
68
0
0
0
0
0
0
0
0
2858
102
0
0
0
0
693
0
0
0
143
5186
5566
429
0
0
0
0
0
0
0
0
0
212
0
0
3424
6490
217
0
0
0
0
0
0
0
0
0
0
0
0
0
0
0
0
0
0
235
0
0
74
0
0
3128
5535
0
1350
910
1311
1269
2303
4882
0
0
600
3111
34
0
1169
0
0
0
0
0
175
0
0
0
0
1334
0
2361
696
889
1016
453
0
438
2746
5504
3633
1516
782
217
0
1238
2288
2962
3031
121
317
0
0
0
0
0
0
1639
4940
1517
0
0
0
0
0
3283
5366
8526
7182
3676
1696
0
0
0
0
632
1134
326
0
0
660
0
0
0
0
0
0
115
2167
1144
0
0
0
0
0
0
0
0
0
0
0
0
0
0
0
0
0
194
0
10775
4608
0
0
0
0
0
5163
8388
5345
4567
3208
0
0
0
0
539
294
0
0
0
0
0
0
688
0
543
0
8320
4567
0
0
0
0
0
761
2638
2807
5656
7326
6384
4817
4628
6380
5499
2883
0
0
0
98
0
0
0
170
0
0
0
0
0
0
0
0
0
207
0
0
0
0
0
0
0
0
0
0
0
0
0
0
253
0
0
0
0
0
0
0
0
0
0
0
0
1763
3309
1314
213
0
0
0
0
0
0
0
0
0
0
0
0
0
0
0
0
0
0
0
0
0
0
0
0
0
0
0
0
0
0
0
0
0
0
0
0
0
0
0
0
0
0
0
0
0
0
0
0
0
0
0
0
0
0
0
0
0
0
0
0
0
0
0
0
0
0
0
0
0
0
0
0
0
0
0
0
0
0
0
0
0
0
0
0
0
0
0
0
0
0
0
0
0
0
0
0
0
0
0
0
0
0
0
0
0
0
0
0
0
0
0
0
0
0
0
0
0
0
0
0
0
0
0
0
0
0
0
0
0
0
0
0
0
0
0
0
0
0
0
0
0
0
0
0
0
0
0
0
0
0
0
0
0
0
0
0
0
0
0
0
0
0
0
0
0
0
0
0
0
0
0
0
0
0
0
0
0
0
0
0
0
0
0
0
0
0
0
0
0
0
0
0
0
0
0
0
0
0
0
0
0
0
0
0
0
0
0
0
0
0
0
0
0
0
0
0
0
0
0
0
0
0
0
0
0
0
0
0
0
0
0
0
0
0
0
0
0
0
0
0
0
0
0
0
0
0
0
0
0
0
0
0
0
0
0
0
0
0
0
0
0
0
0
0
0
0
0
0
0
0
0
0
0
0
0
0
0
0
0
0
0
0
0
0
0
0
0
0
0
0
0
0
0
0
0
0
0
0
0
0
0
0
0
0
0
0
0
0
0
0
0
0
0
0
0
0
0
0
0
0
0
0
0
0
0
0
0
0
0
0
0
0
0
0
0
0
0
0
0
0
0
0
0
0
0
0
0
0
0
0
0
0
0
0
0
0
0
0
0
0
0
0
0
0
0
0
0
0
0
0
0
0
0
0
0
0
0
0
0
0
0
0
0
0
0
0
0
0
0
0
0
0
0
0
0
0
0
0
0
0
0
0
0
0
0
0
0
0
0
0
0
0
0
0
0
0
0
0
0
0
0
0
0
0
0
0
0
0
0
0
0
0
0
0
0
0
0
0
0
0
0
0
0
0
0
0
0
0
0
0
0
0
0
0
0
0
0
0
0
0
0
0
0
0
0
0
0
0
0
0
0
0
0
0
0
0
0
0
0
0
0
0
0
0
0
0
0
0
0
0
0
0
0
0
0
0
0
0
0
0
0
0
0
0
0
0
0
0
0
0
0
0
0
0
0
0
0
0
0
0
0
0
0
0
0
0
0
0
0
0
0
0
0
0
0
0
0
0
0
0
0
0
0
0
0
0
0
0
0
0
0
0
0
0
0
0
0
0
0
0
0
0
0
0
0
0
0
0
0
0
0
0
0
0
0
0
0
0
0
0
0
0
0
0
0
0
0
0
0
0
0
0
0
0
0
0
0
0
0
0
0
0
0
0
0
0
0
0
0
0
0
0
0
0
0
0
0
0
0
0
0
0
0
0
0
0
0
0
0
0
0
0
0
0
0
0
0
0
0
0
0
0
0
0
0
0
0
0
0
0
0
0
0
0
0
0
0
0
0
0
0
0
0
0
0
0
0
0
0
0
0
0
0
0
0
0
0
0
0
0
0
0
0
0
0
0
0
0
0
0
0
0
0
0
0
0
0
0
0
0
0
0
0
0
0
0
0
0
0
0
0
0
0
0
0
0
0
0
0
0
0
0
0
0
0
0
0
0
0
0
0
0
0
0
0
0
0
0
0
0
0
0
1976
1834
907
0
0
260
159
0
112
150
0
0
0
0
0
0
0
0
0
0
0
0
0
0
0
0
0
1817
1899
2629
747
313
0
94
1001
1850
1777
797
1043
613
0
0
56
0
260
1224
1420
480
283
22
0
0
0
0
245
188
1145
1909
835
73
329
1183
1706
1849
831
1091
610
797
804
1036
1409
1287
1398
1558
1326
124
0
0
0
0
0
909
442
0
0
283
0
556
889
868
775
0
0
0
0
100
386
147
389
1248
1569
1383
0
0
0
0
0
0
4339
3977
61
49
299
283
718
673
427
229
0
180
320
581
579
452
767
684
651
908
964
375
0
0
0
0
0
1720
0
0
297
700
80
354
353
90
20
0
0
0
142
233
0
0
63
346
219
228
134
253
300
203
22
0
83
0
0
46
252
0
0
244
353
0
0
0
0
0
232
0
0
0
0
0
0
0
0
0
0
0
0
382
0
0
0
21
520
1593
2309
1790
531
0
0
0
1185
1045
0
0
0
0
122
223
66
0
0
0
0
0
862
1047
0
0
404
787
1225
1331
1049
243
689
697
150
771
399
0
1129
2028
1753
835
1399
1625
743
0
0
112
0
2335
1843
433
0
0
0
0
0
229
269
790
773
1336
1356
273
32
0
0
0
712
1621
1980
1233
761
60
0
0
2046
1135
0
372
305
144
0
338
1071
500
25
758
712
0
0
286
329
0
118
312
0
389
797
1037
641
0
0
1870
427
0
114
485
269
55
563
515
98
208
270
208
0
0
299
185
94
233
593
331
699
333
996
602
517
0
0
0
0
0
0
0
965
1733
2008
1477
262
160
46
0
0
283
610
704
1455
1573
1297
591
431
215
424
479
0
85
0
0
0
0
134
0
186
331
32
0
0
0
0
0
0
45
539
1657
1975
1594
908
0
0
0
0
0
134
0
0
0
0
71
0
0
0
0
0
682
996
0
149
4
0
0
0
0
0
0
0
0
0
0
0
121
0
0
0
0
0
0
0
0
0
0
226
483
21
230
0
0
0
0
0
0
0
0
0
0
0
0
139
0
0
0
0
222
0
0
0
90
757
1065
71
0
892
1005
839
0
0
0
0
0
0
0
0
0
0
151
0
0
0
0
160
3
0
0
332
333
47
0
95
0
564
948
137
0
0
0
0
0
0
0
0
136
148
0
0
0
0
146
126
447
432
2
1485
1270
26
40
2635
3166
1765
832
0
0
0
22
0
0
0
0
0
142
0
0
0
0
201
498
781
693
50
1161
1031
160
2393
3397
3043
2277
93
352
799
758
254
162
0
0
0
0
1186
72
0
0
0
0
0
0
0
0
0
0
213
286
217
0
0
0
0
69
510
265
238
8
0
0
0
1137
133
0
0
0
0
8
73
69
149
259
114
0
440
702
417
297
0
0
75
0
0
0
0
0
382
47
3637
2704
1084
245
781
74
228
426
332
556
1070
748
962
108
857
982
527
0
423
90
0
0
0
0
0
20
0
1810
2505
2457
1594
694
550
0
54
337
1590
1994
1708
1166
852
1203
1640
1626
1504
1608
449
0
0
0
0
0
32
0
831
0
0
500
15
448
376
114
55
184
410
643
606
775
693
541
422
117
191
2
0
0
0
0
200
360
457
1334
1043
243
667
362
95
715
1160
775
0
482
984
1170
1924
1959
1569
194
199
267
384
0
0
0
0
0
0
1193
2424
1980
838
348
304
0
498
642
0
0
0
55
580
1034
1066
0
0
567
545
303
0
0
96
39
0
0
447
0
0
0
0
0
5155
0
0
0
0
0
0
0
0
0
0
0
0
0
0
0
0
0
0
0
2622
453
0
0
0
0
1704
0
0
0
0
0
0
0
0
0
0
0
0
0
0
0
0
0
0
0
0
0
0
15742
18154
7968
0
1288
0
0
0
0
0
0
0
0
0
0
0
0
0
0
0
0
0
0
0
0
0
316
5952
5620
0
0
0
0
0
0
0
0
0
0
0
0
0
0
0
0
0
0
0
0
0
0
0
0
0
0
0
0
0
0
0
0
0
0
0
0
0
0
0
0
0
0
0
0
0
0
0
0
0
0
0
0
0
0
0
1026
0
0
0
0
0
0
0
0
0
0
0
0
0
0
0
0
0
0
0
0
0
0
0
0
0
635
2668
0
0
0
0
0
0
0
0
0
0
0
0
0
0
0
0
0
0
0
0
0
0
0
0
249
6081
2188
0
0
0
0
0
0
0
0
0
0
0
0
0
0
0
0
0
0
0
0
0
0
0
0
0
0
702
111
1257
0
0
119
0
0
0
0
0
0
0
0
0
0
0
0
0
0
0
0
0
0
0
0
0
1873
1038
0
0
1638
2667
4101
3187
0
0
0
0
0
778
1770
1213
135
962
551
0
0
0
0
0
0
0
0
199
0
425
3072
5098
3868
0
1573
1664
0
0
0
2867
2117
617
1540
2158
2421
0
0
379
0
0
0
0
0
0
1955
381
735
0
2141
1457
0
0
780
0
0
831
1516
0
591
5619
6959
4927
2908
794
0
0
0
0
0
0
864
905
0
134
1045
70
0
0
0
0
0
0
0
0
0
0
1822
1429
0
1740
2423
0
0
0
0
0
0
3039
1350
0
0
620
748
146
0
0
0
0
0
0
0
420
1538
1727
687
0
666
0
0
0
0
0
0
0
170
607
0
0
0
0
0
0
0
0
0
0
0
0
0
0
173
0
0
0
0
0
0
0
0
0
0
0
0
0
0
0
0
0
0
0
0
0
0
0
0
0
0
0
0
0
0
0
0
0
0
0
0
0
0
0
0
0
0
0
0
0
244
231
0
0
0
0
0
0
0
0
0
0
0
0
0
0
0
0
0
0
0
0
0
0
0
0
0
0
0
0
0
0
0
0
0
0
0
0
0
0
0
0
0
0
0
0
0
1030
0
0
0
0
0
0
0
0
0
0
0
0
0
0
0
0
0
0
0
0
0
0
0
0
0
0
0
0
0
0
0
0
0
3520
0
0
3411
6398
2567
0
0
0
0
0
0
0
0
0
0
0
0
0
0
0
0
0
0
0
0
0
0
2131
3698
1597
0
0
0
0
0
0
0
0
0
0
0
0
0
0
0
0
0
0
0
0
0
0
0
0
0
1600
1279
0
0
0
0
0
0
0
0
0
0
0
0
0
0
0
0
0
0
0
0
0
0
0
0
0
0
0
0
0
0
0
0
0
0
0
0
0
0
0
0
4101
8744
3189
0
0
0
0
817
3496
3360
4702
4972
3402
2446
2738
1864
2854
3472
972
0
0
0
0
0
0
0
0
0
1872
2057
0
0
0
0
0
0
0
178
1282
2498
2266
1034
471
2288
1380
0
0
0
0
0
0
0
0
0
0
0
0
0
0
0
0
0
0
0
0
0
0
0
0
0
0
0
0
0
0
0
0
0
0
0
0
0
0
612
0
0
0
0
0
0
0
0
0
0
0
0
0
0
0
0
0
0
0
0
0
0
0
0
0
0
0
0
0
941
0
0
0
0
0
0
0
0
0
0
0
0
0
0
0
0
0
0
0
515
0
0
0
0
0
0
0
0
0
0
0
0
0
0
0
0
0
0
0
0
0
0
0
0
0
0
0
0
15043
16490
5534
0
0
0
0
0
0
0
0
0
0
0
0
0
0
0
0
0
0
0
0
0
0
0
0
102
176
0
0
0
0
0
0
0
0
0
0
0
0
0
0
0
0
0
0
0
0
0
0
0
0
0
0
0
0
0
0
0
0
0
0
0
0
0
0
0
0
0
0
0
0
0
0
0
0
0
0
0
0
0
0
0
257
0
0
0
0
0
0
0
0
0
0
0
0
0
0
0
0
0
0
0
0
0
0
0
0
0
364
1646
0
0
0
0
0
0
0
0
0
0
0
0
0
0
0
0
0
0
0
0
0
0
0
0
0
0
1052
0
0
343
0
0
0
0
0
0
0
0
0
0
0
0
0
0
0
0
0
0
0
0
0
0
0
0
0
0
0
0
272
1692
0
0
0
0
0
0
0
236
385
0
0
0
0
0
0
0
0
0
0
0
0
0
0
0
1109
612
2128
2847
0
0
0
0
0
0
937
1584
238
0
0
0
0
0
0
0
0
0
0
0
0
0
560
2112
1338
0
0
0
0
0
0
0
0
0
792
1599
2578
0
0
0
0
0
0
0
0
0
0
0
0
0
0
0
0
0
0
0
0
0
0
0
0
1505
2391
389
0
0
0
0
0
0
0
0
0
0
0
0
0
0
0
0
0
0
0
0
0
0
0
0
0
0
0
0
0
0
0
0
0
0
0
0
0
0
0
0
0
0
0
0
0
0
0
0
0
0
0
0
0
0
0
0
0
0
0
0
0
0
0
0
0
0
0
0
0
0
0
0
0
0
0
0
0
0
0
0
0
0
0
0
0
0
0
0
0
0
0
0
0
0
0
0
0
0
0
0
0
0
0
0
0
0
0
0
0
0
0
0
0
0
0
0
0
0
0
0
0
0
0
0
0
0
0
0
0
0
0
0
0
0
0
0
0
0
0
0
0
0
0
0
0
0
0
0
0
0
0
0
0
0
0
0
0
0
0
0
0
0
0
0
0
0
0
0
0
0
0
0
0
0
0
0
0
0
0
0
0
0
0
0
0
0
0
0
0
0
0
0
0
0
0
0
0
0
0
0
0
0
0
0
0
209
0
0
532
2474
470
0
0
0
0
0
0
0
0
0
0
0
0
0
0
0
0
0
0
0
0
0
0
0
1779
0
0
0
0
0
0
0
0
0
0
0
0
0
0
0
0
0
0
0
0
0
0
0
0
0
0
0
0
0
0
0
0
0
0
0
0
0
0
0
0
0
0
0
0
0
0
0
0
0
650
0
0
0
0
0
0
0
0
0
0
0
0
0
0
0
0
0
0
0
6262
5388
0
0
0
0
0
0
0
586
1543
1596
1884
1389
172
680
1116
0
0
0
0
0
0
0
0
0
0
0
1531
0
0
0
0
0
0
0
0
0
0
0
0
0
0
0
0
0
0
0
0
0
0
0
0
0
0
0
0
0
0
0
0
0
0
0
0
0
0
0
0
0
0
0
0
0
0
0
0
0
0
0
0
0
181
0
0
0
0
0
0
0
0
0
0
0
0
0
0
0
0
0
0
0
0
0
0
0
0
0
0
0
834
832
38
73
95
71
30
76
100
144
148
127
131
152
174
193
202
184
174
144
248
367
158
142
470
207
50
154
136
0
111
51
3
0
52
10
88
136
93
135
152
66
37
0
26
50
86
165
256
174
204
511
55
0
3
68
0
63
27
0
0
0
0
8
0
0
18
3
27
83
19
0
27
59
86
139
178
210
495
330
404
373
0
15
40
39
44
0
56
53
37
59
23
18
46
81
76
37
16
57
73
70
107
171
223
160
58
464
198
0
0
0
0
0
0
28
49
39
79
77
48
0
72
76
49
46
56
83
131
84
101
187
0
478
635
106
0
0
0
0
0
1
0
38
49
0
0
0
100
78
40
77
82
24
114
71
11
72
212
176
577
498
14
0
113
64
6
0
0
0
0
70
99
3
0
0
0
15
50
39
53
110
122
82
119
225
179
473
401
140
136
32
0
0
0
0
0
0
49
0
0
0
184
198
169
77
46
0
18
76
118
111
289
187
369
646
403
124
77
0
0
0
0
0
0
0
0
24
0
11
0
0
0
0
0
0
69
113
71
276
30
173
538
290
42
193
232
108
98
36
0
0
0
0
149
225
80
0
0
0
0
0
0
0
0
70
266
77
163
567
226
174
185
143
29
0
117
87
0
0
173
341
242
157
172
195
210
98
22
0
0
0
68
308
0
317
612
191
150
99
173
189
211
206
91
46
0
265
253
125
168
187
164
81
74
84
36
0
2
9
278
81
501
626
197
139
123
106
83
133
76
77
15
1
285
191
84
199
189
118
148
234
181
42
52
33
37
243
38
424
638
183
82
113
92
42
50
81
163
69
26
211
134
85
132
92
94
30
94
17
87
90
91
78
238
31
283
510
486
7
39
60
57
117
140
273
21
0
75
18
53
87
98
113
102
90
91
95
85
148
126
317
23
112
622
534
0
0
29
44
97
177
269
64
0
106
94
13
46
118
93
75
102
107
104
102
139
78
215
12
79
626
526
0
0
0
25
129
196
84
0
21
240
143
0
0
42
31
60
49
33
50
70
78
59
148
0
117
711
607
0
0
0
0
36
81
75
0
130
153
94
0
0
0
29
27
99
125
91
62
51
64
138
0
122
700
597
32
0
0
0
0
274
166
0
11
332
368
160
0
0
0
52
55
31
45
43
47
74
172
9
91
534
564
37
18
0
0
0
227
60
0
0
12
0
0
0
99
12
0
0
0
39
57
70
82
162
0
53
460
533
0
13
56
35
72
93
102
133
66
14
0
0
65
104
76
104
52
57
69
26
107
67
198
67
50
362
552
0
85
165
13
18
17
5
64
74
0
0
0
0
2
46
55
75
73
90
124
137
20
215
244
43
276
352
0
48
138
196
86
74
138
137
86
296
248
149
180
171
0
0
37
117
122
103
101
40
282
17
0
0
0
0
36
195
201
92
69
64
66
87
232
252
161
180
143
0
0
38
121
84
81
78
63
159
11
271
245
0
0
0
35
69
90
67
23
118
121
126
177
195
70
49
33
0
56
80
91
128
32
86
212
8
111
171
0
0
12
0
0
0
70
77
31
22
53
86
22
79
172
87
0
45
33
77
91
41
234
212
36
155
84
0
137
221
144
160
226
313
382
340
248
271
283
286
267
224
227
141
161
159
198
199
223
296
439
0
0
0
0
0
0
0
0
0
0
0
0
0
0
0
0
0
0
0
0
0
0
0
0
0
0
0
228
379
217
0
0
0
0
0
0
0
0
0
0
0
0
0
0
0
0
0
0
0
0
0
0
0
0
1027
1055
488
0
0
0
0
0
0
0
0
0
0
0
0
0
0
0
0
0
0
0
0
0
0
0
0
0
0
0
0
0
0
0
0
0
0
0
0
0
0
0
0
0
0
0
0
0
0
0
0
0
0
0
0
0
0
0
0
0
0
0
0
0
0
0
0
0
0
0
0
0
0
0
0
0
0
0
0
0
0
0
0
0
34
0
0
0
0
0
0
0
0
0
0
0
0
0
0
0
0
0
0
0
0
0
0
0
0
0
0
8
0
0
0
0
0
0
0
0
0
0
0
0
0
0
0
0
0
0
0
0
0
0
0
0
0
0
0
0
41
158
167
122
0
0
0
0
0
0
0
0
0
0
0
0
0
0
0
0
0
0
0
0
0
0
0
0
0
0
88
227
114
0
0
0
0
0
0
143
152
0
13
80
0
0
0
0
0
0
0
0
0
0
0
0
55
75
124
272
33
0
0
0
0
0
12
80
34
4
38
0
0
0
0
0
0
0
0
0
0
0
0
98
83
0
0
16
0
0
0
0
0
0
52
86
97
0
0
0
0
0
0
0
0
0
0
0
0
0
0
0
0
0
0
0
0
0
0
0
0
42
102
0
11
0
0
0
0
0
0
0
0
0
0
0
0
0
0
0
0
0
0
0
0
0
0
0
0
0
0
0
0
0
0
0
0
0
0
0
0
0
0
0
0
0
0
0
0
0
0
0
0
0
0
0
0
0
0
0
0
0
0
0
0
0
0
0
0
0
0
0
0
0
0
0
0
0
0
0
0
0
0
0
0
0
0
0
0
0
0
0
0
0
0
0
0
0
0
0
0
0
0
0
0
0
0
0
0
0
0
0
0
0
0
0
0
0
0
0
0
0
0
0
0
0
0
0
0
0
0
0
0
0
0
0
0
0
0
0
0
0
0
0
0
0
0
0
0
0
0
0
0
0
0
0
0
0
0
0
0
0
0
0
0
0
0
0
0
0
0
0
0
0
0
0
0
0
0
0
0
0
177
31
0
0
249
271
0
0
0
0
0
0
0
0
0
0
0
0
0
0
0
0
0
0
0
0
0
55
87
0
199
371
255
0
0
0
0
0
0
0
0
0
0
0
0
0
0
0
0
0
0
0
0
0
0
0
155
34
0
0
0
0
0
0
0
0
0
0
0
0
0
0
0
0
0
0
0
0
0
0
0
0
0
0
0
0
0
0
0
0
0
0
0
0
0
0
0
0
311
469
260
24
0
0
0
0
90
14
11
15
0
0
0
0
0
0
0
0
0
0
0
0
0
0
0
39
756
696
167
0
0
0
0
0
50
159
206
194
204
205
124
156
189
70
0
0
0
0
0
0
0
0
0
0
136
0
0
0
0
0
0
0
0
0
0
0
0
0
0
0
0
0
0
0
0
0
0
0
0
37
47
79
0
0
0
0
0
0
0
0
0
0
0
0
0
0
0
0
0
0
0
0
0
0
0
0
68
16
78
0
0
0
0
0
0
0
0
0
0
0
0
0
0
0
0
0
0
0
0
0
0
0
0
0
0
0
0
0
448
0
0
0
0
0
0
0
0
0
0
0
0
0
0
0
0
0
0
0
635
30
0
0
0
0
0
0
0
0
0
0
0
0
0
0
0
0
0
0
0
0
0
0
0
0
0
0
0
6509
6549
1709
0
0
0
0
0
0
0
0
0
0
0
0
0
0
0
0
0
0
0
0
0
0
0
243
2204
1477
0
0
0
0
0
0
0
0
0
0
0
0
0
0
0
0
0
0
0
0
0
0
0
0
0
0
0
0
0
0
0
0
0
0
0
0
0
0
0
0
0
0
0
0
0
0
0
0
0
0
0
0
0
0
0
44
0
0
0
0
0
0
0
0
0
0
0
0
0
0
0
0
0
0
0
0
0
0
0
0
0
376
491
0
0
0
0
0
0
0
0
0
0
0
0
0
0
0
0
0
0
0
0
0
0
0
0
0
2157
853
0
0
0
0
0
0
0
0
0
0
0
0
0
0
0
0
0
0
0
0
0
0
0
0
0
201
319
0
0
0
0
0
0
0
0
0
0
0
0
0
0
0
0
0
0
0
0
0
0
0
0
0
0
402
0
0
0
406
893
1566
1057
0
0
0
0
0
0
0
0
0
0
0
0
0
0
0
0
0
0
0
68
0
19
959
1732
1198
0
240
112
0
0
0
490
245
158
1028
1234
965
0
0
0
0
0
0
0
0
0
374
0
0
0
882
470
0
0
0
0
0
0
0
0
138
1927
2086
1234
1205
0
0
0
0
0
0
0
549
0
0
0
260
51
0
0
0
0
0
0
0
0
0
0
736
504
0
296
284
0
0
0
0
0
0
1390
401
0
0
0
0
0
0
0
0
0
0
0
0
0
238
571
0
0
0
0
0
0
0
0
0
0
0
677
0
0
0
0
0
0
0
0
0
0
0
0
0
0
0
0
0
0
0
0
0
0
0
0
0
0
0
0
0
0
0
0
0
0
0
0
0
0
0
0
0
0
0
0
0
0
0
0
0
0
0
0
0
0
0
0
0
0
0
0
0
0
0
0
0
0
0
0
0
0
0
0
0
0
0
0
0
0
0
0
77
0
0
0
0
0
0
0
0
0
0
0
0
0
0
0
0
0
0
0
0
0
0
0
0
0
0
936
0
0
0
0
0
0
0
0
0
0
325
443
0
0
0
0
0
0
0
0
0
0
0
0
0
0
0
0
0
0
0
0
0
816
0
0
654
1985
698
0
0
0
0
0
0
0
0
0
0
0
0
0
0
0
0
0
0
0
0
0
0
785
1356
154
0
0
0
0
0
0
0
0
0
0
0
0
0
0
0
0
0
0
0
0
0
0
0
0
0
155
0
0
0
0
0
0
0
0
0
0
0
0
0
0
0
0
0
0
0
0
0
0
71
0
0
0
0
0
0
0
0
0
0
0
0
0
0
0
0
0
0
1157
3958
1358
0
0
0
0
21
1147
1477
1963
2135
1559
1238
1377
1171
1468
1330
0
0
0
0
0
0
0
0
0
0
548
1036
0
0
0
0
0
0
0
0
465
947
837
357
81
151
0
0
0
0
0
0
0
0
0
0
0
0
0
0
0
0
0
0
0
0
0
0
0
0
0
0
0
0
0
0
0
0
0
0
0
0
0
0
0
52
0
0
0
0
0
0
0
0
0
0
0
0
0
0
0
0
0
0
0
0
0
0
0
0
14
8
7
7
42
51
18
3
9
13
12
11
12
11
5
6
8
8
5
5
5
4
6
16
37
38
20
0
0
0
0
12
12
0
0
0
0
0
0
0
0
0
0
0
0
0
0
0
0
0
0
11
11
6
129
124
59
4
6
0
0
0
0
0
0
0
0
0
0
0
0
0
0
0
0
0
0
0
0
7
13
123
117
34
4
4
0
0
0
0
0
0
0
0
0
0
0
0
0
0
0
0
0
0
0
0
0
13
14
7
1
2
0
0
0
0
0
0
0
0
0
0
0
0
0
0
0
0
0
0
0
0
0
0
1
10
3
11
12
1
0
0
0
0
0
0
0
0
0
0
0
0
0
0
0
0
0
0
0
0
0
1
0
14
40
41
1
0
0
0
0
0
0
0
0
0
0
0
0
0
0
0
0
0
0
0
0
0
0
0
24
53
49
0
3
3
0
0
0
0
0
0
0
0
0
0
0
0
0
0
0
0
0
0
0
1
0
0
29
30
12
9
3
0
14
14
0
0
0
0
0
0
0
0
0
0
0
0
0
0
0
0
1
0
0
19
23
14
9
23
28
24
33
27
9
3
1
0
15
18
19
19
10
5
3
0
0
0
0
1
1
0
9
9
9
14
30
42
42
19
18
11
6
0
17
29
23
19
27
36
37
21
5
5
0
0
0
2
0
31
33
11
11
8
37
37
0
3
9
5
0
17
17
4
17
50
59
45
33
24
6
0
0
0
0
0
43
44
1
6
12
10
6
4
0
2
0
0
1
2
9
14
20
21
3
21
23
9
0
0
0
0
0
51
52
0
1
10
10
6
4
0
0
0
0
0
2
9
18
18
13
5
1
4
3
0
0
0
0
0
46
46
0
0
0
0
0
0
0
2
0
0
0
0
0
0
8
8
3
0
0
0
0
0
0
0
0
0
8
0
0
0
0
0
0
0
2
0
0
0
0
0
0
0
0
0
0
0
0
0
0
0
0
0
0
10
3
0
0
0
0
0
1
1
0
0
5
6
0
0
0
0
0
0
0
0
0
0
0
0
0
3
26
18
0
0
0
0
0
0
0
0
0
5
6
0
0
0
0
0
0
0
0
0
0
0
0
0
11
36
16
0
0
0
0
3
9
0
0
0
0
0
0
0
0
0
0
0
0
0
0
0
0
0
0
0
19
10
0
0
0
0
4
16
12
0
24
28
20
2
0
0
3
3
0
0
0
0
0
0
0
0
0
16
16
0
0
0
0
0
5
24
28
27
3
1
0
0
0
3
3
0
0
0
0
0
0
0
0
0
16
16
0
0
0
0
0
0
12
22
21
0
0
0
0
0
0
0
0
0
0
0
0
0
1
0
0
5
5
0
0
20
26
14
0
0
0
0
0
0
0
0
0
0
0
0
0
0
0
0
0
40
42
34
0
0
0
0
20
26
25
18
32
40
42
33
26
35
32
14
0
0
0
0
0
0
0
2
0
34
34
0
0
0
0
0
0
2
6
32
40
42
33
26
35
32
12
0
0
0
0
0
0
0
5
0
0
3
0
0
0
0
0
0
0
11
11
6
8
8
0
0
0
0
0
0
0
0
0
0
9
10
5
5
5
0
0
0
0
0
0
0
11
12
12
8
8
0
0
0
0
0
0
0
0
0
0
9
9
15369
15020
17915
23279
7105
0
9014
11277
8294
6402
9894
10658
10803
13581
15644
15331
13763
13641
14972
14987
14795
14971
13446
11347
4844
0
708
1606
0
188
9583
698
3355
5838
4903
4846
5102
6270
6435
6925
7061
7406
7470
7187
7752
6416
6436
7879
6550
7359
6920
2670
1584
2256
0
0
0
4142
0
4866
6463
4629
4109
4439
5619
5078
6652
6650
7405
6791
6204
6236
5532
4878
5658
6916
7208
6559
4437
2282
178
0
1556
6588
5399
2276
5383
5030
4326
4634
5640
7095
6701
7210
7279
7251
7206
7031
5622
5044
4708
5183
7218
7209
6863
6114
4693
2953
3144
4290
9663
1419
3436
3994
4732
5230
5997
6898
7730
5889
6243
7296
7072
6320
5705
6523
6355
6113
6236
6476
7212
7242
6529
6839
4559
8284
10859
7229
0
3439
4287
5134
6972
8253
8460
8280
7844
7704
6633
6565
7669
8121
7449
6476
6924
6882
6321
5625
5028
6127
6264
4537
16046
10694
1009
0
5949
5185
4198
4965
4813
7637
10015
9630
9991
9592
9476
10126
9794
8823
8337
7463
7053
7208
6976
5555
5511
5297
5020
15504
3909
0
0
5190
1249
0
0
467
5117
8613
10428
10577
8099
8945
10724
9087
7190
7025
7912
7952
6329
6738
6035
6144
5337
4086
15884
6406
1461
0
511
0
699
2355
0
0
746
5992
8841
7196
8066
8387
4286
597
768
5124
2560
196
5896
7403
5223
4605
4659
14159
9929
4510
0
0
2139
968
0
0
0
0
2331
3229
3457
7504
4891
1130
0
0
61
0
0
3273
4029
5610
5523
5556
10318
7969
3041
0
960
370
0
0
0
1668
0
0
2567
5753
3226
0
0
293
0
0
0
0
247
205
4513
6759
6393
9947
8718
1337
0
1476
416
0
0
0
5810
2222
560
4401
7177
1292
0
1842
268
0
0
0
0
0
1704
5627
6522
6780
15360
11781
0
0
5672
1363
0
0
861
1702
3114
3240
5991
7611
3637
3112
2706
186
0
0
1990
0
0
1937
4377
6210
7095
15504
10645
0
0
7681
3199
1414
1530
2176
3319
4696
4461
8013
8655
4846
3074
1399
0
0
0
1579
2079
2881
3845
5387
6135
6734
15259
9043
3965
37
7704
6063
5820
5023
5679
6751
7350
3131
6201
7440
5428
6302
5937
3990
2740
3453
4689
5575
6491
6539
7455
7614
7516
15119
11215
11990
3098
7432
6878
6851
6294
6386
7255
6388
3171
5591
6456
6022
7107
7106
7237
6492
6650
7491
7829
8335
8945
8873
7291
6500
15210
11662
13001
2202
6703
8164
8015
8355
9101
6403
2099
2640
7956
8208
4307
1929
5793
9015
8158
8312
8152
8142
8832
9183
8441
6790
5204
15067
12208
12670
0
3822
7623
8873
9699
9733
4815
2038
4669
9524
5865
2007
0
4432
9340
9758
9657
9701
9163
8484
7700
6483
5127
4017
15094
11801
9263
0
4111
4479
6138
6982
6785
6522
0
1450
11417
3811
0
0
755
5054
10161
9373
8955
8472
7454
5562
5321
4808
4491
15144
11289
10261
2328
3514
2797
2170
3216
4136
3557
0
0
4387
0
0
0
2801
4332
4348
3020
3519
6754
6238
5033
5491
4603
4699
14871
11022
13159
3861
2429
3892
3699
5810
7450
5187
1777
0
0
0
3789
5375
7854
5932
4244
2799
2410
4398
4328
5373
5767
4381
5263
12638
7712
11545
4019
2653
5554
5176
5741
6629
3845
2535
1920
0
0
3157
4933
7684
8304
7233
5923
5649
5405
5664
5819
5558
3188
4761
0
0
0
306
3209
4465
2877
0
0
0
103
170
841
4120
3972
3819
6553
6548
4290
5949
6843
7095
6598
6038
4553
3743
4371
0
0
0
1667
3808
5272
6207
134
0
0
0
0
0
0
0
0
0
0
0
6817
7172
6859
5769
5715
3434
4282
3463
5754
0
0
3774
4238
5590
6753
4735
3992
2150
0
0
0
0
2
1095
499
2681
3553
6699
7582
6099
5656
6098
4104
4874
3465
3192
1654
0
1708
4595
3156
3457
2041
4291
3833
712
802
1851
963
940
3626
6522
7668
5222
6147
8004
6915
6585
5443
3739
2774
2701
0
243
0
2209
4829
3771
3936
3093
5975
5985
764
0
0
1026
2889
6225
8018
6319
4903
6123
7444
6128
6034
5561
4837
1943
7103
7771
8696
8189
15918
19338
7466
2646
3408
5006
4561
3030
2579
2469
2917
3446
3877
3482
3688
3950
2918
3272
5365
3556
3345
3402
1263
132
11030
9492
11542
15372
16966
187
2489
4808
5710
5043
4618
3421
2541
2395
2199
3083
3246
4440
5827
5819
3805
4247
3845
2607
4237
1618
1194
6569
2433
6993
13133
12318
1279
3622
5496
6542
6054
4570
4444
3824
4486
4093
6125
6066
4962
7049
6513
6043
3399
3672
2138
1726
1903
1170
799
758
10240
11406
2961
1802
4490
4388
4421
3769
2706
3432
3268
2700
3297
4298
3183
3718
5215
5807
5088
1702
2990
3152
1083
1783
2280
11988
10636
11870
10455
1572
2565
3271
3913
3513
4202
2930
3789
3165
4743
4477
5566
5731
3989
4735
5096
4364
3313
2733
2238
1650
3358
4619
2876
7689
11031
6643
1463
2081
2164
2459
3695
3793
3178
1877
2561
4398
4092
2188
2339
4824
5049
3402
3316
2996
2946
3184
2923
3224
4213
1125
8033
7609
2239
3195
4077
2968
3019
3846
4111
3789
2350
4013
4647
3398
2848
3460
5178
4360
3488
3168
3205
3382
2850
2163
4129
5126
2260
8994
6269
988
8114
9453
7843
7768
6619
2191
3437
3332
6784
8785
6643
3530
6899
6796
7371
6698
5680
3163
3341
3386
2824
2897
4393
2580
5583
9994
8091
7671
7558
5261
6845
5305
1718
1366
2717
5543
5600
6084
6302
13126
13001
11703
7292
10076
7669
1487
4097
5059
3047
3215
7471
9370
12691
9428
1645
2463
2848
1721
1378
0
0
2074
7175
6565
6848
8932
7021
2372
2139
4250
7713
6703
4723
4616
4499
1447
3611
5238
6937
9703
5990
2653
2673
2057
272
0
757
1956
845
1147
2737
9226
9000
5361
987
0
1618
0
0
3220
3400
1509
1113
4398
3331
9263
8925
5194
3044
2262
0
558
1468
3503
2910
3869
2285
2389
7265
4427
1835
1286
1547
2611
2115
0
843
3539
3271
3454
4953
260
5135
8016
2606
1333
1912
1952
2387
6075
5844
3116
4736
2776
2929
4566
2658
2844
1900
623
1205
5172
4853
2138
0
3053
3476
4659
588
5830
7925
654
596
1855
1637
1476
1785
1935
2025
2552
655
4546
4937
2572
2230
1073
2358
3999
6196
5426
1002
852
1660
1439
4716
1231
4528
6123
3193
1359
2777
2263
1471
2066
2361
6058
8105
3771
4579
3785
1380
1688
1254
665
457
964
1102
1122
1768
2539
2859
4794
1330
1987
8290
9891
614
1519
1703
1650
2172
2800
7816
9174
3613
3187
3666
1820
1483
2754
1572
1810
1617
1458
1093
2299
3161
3201
5446
1112
1917
9773
11006
834
1721
2018
1564
2461
8988
9459
7716
1981
7233
7656
4261
1251
2844
2945
1478
2520
2882
2050
3061
3811
3652
3657
1185
1955
9770
11284
1548
2829
2757
2678
4242
7574
6728
3816
3758
7869
6804
2617
2868
1960
1539
2180
3694
4059
4535
5035
4891
3790
3833
1153
1915
9419
9772
1904
4147
4046
5868
5745
8058
9232
5550
5158
8095
11103
6090
7070
6190
2744
3765
5932
6025
4934
3687
2899
3068
2711
1215
1580
6518
5759
2501
3025
1871
3886
4242
7066
7526
2030
5108
12643
11839
4266
5360
3941
4596
4651
4894
3268
3920
3054
2492
2427
3075
4618
4405
7020
6705
1401
1468
1930
1626
2671
4148
2908
649
601
1218
828
1908
1424
4523
2961
2583
2381
2641
3270
1922
2307
2531
3120
3444
3630
8336
7297
839
1361
4992
2848
3306
3337
2235
2408
1324
501
1614
3099
3741
2450
5071
3905
1071
1238
1217
2244
3820
4626
5835
9042
4804
5018
11996
3548
1349
4806
3055
2126
0
1354
978
0
2974
5135
4630
5623
6293
5676
4200
1338
2670
2647
2964
3781
2947
5114
4164
169
6478
11892
4806
3375
2598
4749
1144
743
3120
1321
298
4421
5880
3486
3500
5604
5125
1041
1469
4127
4043
2500
3529
2751
6000
2568
5775
1976
876
3711
4609
4865
4239
1361
2454
0
49
745
1050
1709
2174
2137
2394
3149
2234
2563
3969
3861
3195
3484
4580
5621
4520
6301
7780
1449
2668
3373
5463
6783
2512
3232
4081
4515
6026
7418
7306
7195
3952
6049
5065
1997
2518
3359
3832
3871
2994
6260
9663
3523
4961
5820
944
950
2199
3853
4776
2256
1187
2965
1508
2620
4588
3077
2696
4052
5853
4270
2479
2599
2695
3212
3291
2061
5950
6298
0
0
0
0
0
0
0
0
0
0
0
0
0
0
0
0
0
0
0
0
0
0
0
0
0
0
0
0
0
0
0
0
0
0
0
0
0
0
0
0
0
0
0
0
0
0
0
0
0
0
0
0
0
0
0
0
0
0
0
0
0
0
0
0
0
0
0
0
0
0
0
0
0
0
0
0
0
0
0
0
0
0
0
0
0
0
0
0
0
0
0
0
0
0
0
0
0
0
0
0
0
0
0
0
0
0
0
0
0
0
0
0
0
0
0
0
0
0
0
0
0
0
0
0
0
0
0
0
0
0
0
0
0
0
0
0
0
0
0
0
0
0
0
0
0
0
0
0
0
0
0
0
0
0
0
0
0
0
0
0
0
0
0
0
0
0
0
0
0
0
0
0
0
0
0
0
0
0
0
0
0
0
0
0
0
0
0
0
0
0
0
0
0
0
0
0
0
0
0
0
0
0
0
0
0
0
0
0
0
0
0
0
0
0
0
0
0
0
0
0
0
0
0
0
0
0
0
0
0
0
0
0
0
0
0
0
0
0
0
0
0
0
0
0
0
0
0
0
0
0
0
0
0
0
0
0
0
0
0
0
0
0
0
0
0
0
0
0
0
0
0
0
0
0
0
0
0
0
0
0
0
0
0
0
0
0
0
0
0
0
0
0
0
0
0
0
0
0
0
0
0
0
0
0
0
0
0
0
0
0
0
0
0
0
0
0
0
0
0
0
0
0
0
0
0
0
0
0
0
0
0
0
0
0
0
0
0
0
0
0
0
0
0
0
0
0
0
0
0
0
0
0
0
0
0
0
0
0
0
0
0
0
0
0
0
0
0
0
0
0
0
0
0
0
0
0
0
0
0
0
0
0
0
0
0
0
0
0
0
0
0
0
0
0
0
0
0
0
0
0
0
0
0
0
0
0
0
0
0
0
0
0
0
0
0
0
0
0
0
0
0
0
0
0
0
0
0
0
0
0
0
0
0
0
0
0
0
0
0
0
0
0
0
0
0
0
0
0
0
0
0
0
0
0
0
0
0
0
0
0
0
0
0
0
0
0
0
0
0
0
0
0
0
0
0
0
0
0
0
0
0
0
0
0
0
0
0
0
0
0
0
0
0
0
0
0
0
0
0
0
0
0
0
0
0
0
0
0
0
0
0
0
0
0
0
0
0
0
0
0
0
0
0
0
0
0
0
0
0
0
0
0
0
0
0
0
0
0
0
0
0
0
0
0
0
0
0
0
0
0
0
0
0
0
0
0
0
0
0
0
0
0
0
0
0
0
0
0
0
0
0
0
0
0
0
0
0
0
0
0
0
0
0
0
0
0
0
0
0
0
0
0
0
0
0
0
0
0
0
0
0
0
0
0
0
0
0
0
0
0
0
0
0
0
0
0
0
0
0
0
0
0
0
0
0
0
0
0
0
0
0
0
0
0
0
0
0
0
0
0
0
0
0
0
0
0
0
0
0
0
0
0
0
0
0
0
0
0
0
0
0
0
0
0
0
0
0
0
0
0
0
0
0
0
0
0
0
0
0
0
0
0
0
0
0
0
0
0
0
0
0
0
0
0
0
0
0
0
0
0
0
0
0
0
0
0
0
0
0
0
0
0
0
0
0
0
0
0
0
0
0
0
0
0
0
0
0
0
0
0
0
2360
18049
10287
0
0
535
0
0
0
441
803
1511
2290
2209
1527
1862
3209
4374
3715
2807
2188
1924
956
0
0
12836
12449
9702
8010
2175
0
1039
0
0
0
0
0
564
2137
1834
1966
1848
271
0
0
1634
486
1428
2098
88
0
979
8180
495
0
0
0
0
548
0
0
0
0
0
0
0
0
0
0
0
0
0
0
1089
1599
1661
482
0
0
0
0
1597
3325
0
501
0
0
0
0
318
761
257
179
0
0
263
0
0
0
0
1403
1601
1537
2159
1369
1133
0
0
3711
1731
0
0
0
0
0
47
1258
0
0
718
579
0
0
0
0
0
0
749
2069
3200
2694
2812
1820
0
4096
7079
0
0
1029
1134
1125
1559
1848
2393
1656
715
0
0
749
1969
384
0
0
0
0
93
0
1003
1944
1590
1021
6932
2723
0
1416
9452
9095
9151
8222
6978
5245
4103
5061
5183
4652
5240
4152
3697
4453
4954
3640
2355
1083
649
931
1269
2383
0
0
0
0
5081
4685
2028
2311
4412
6629
6957
5907
5648
1120
1311
7387
13963
15125
14646
11145
9810
7645
5517
1630
1913
1425
2014
2603
1083
1634
1032
989
0
0
0
0
4756
5046
5143
4967
2137
2341
6372
7369
4795
4817
5642
4081
3477
4924
5892
2408
0
1956
0
258
2980
0
0
274
2012
215
0
0
0
1348
0
0
2028
4505
1899
0
868
778
0
0
2178
3737
1737
686
2263
0
0
2222
0
0
0
0
0
0
0
0
0
0
0
1332
0
0
0
0
0
0
0
0
0
0
1846
3752
0
0
2340
0
0
0
0
0
0
753
0
0
0
1770
0
0
0
0
0
0
0
0
0
0
0
371
3334
708
5405
280
0
0
0
0
0
0
0
0
0
0
3751
0
0
0
0
0
0
0
0
0
0
0
6
2795
507
3879
0
0
575
0
0
0
0
0
878
0
1833
3813
770
0
0
0
0
0
0
0
0
0
0
897
3095
81
2035
377
0
1084
742
758
0
591
2332
4470
0
0
1174
0
541
10
0
0
0
0
0
929
1315
2984
3176
5801
0
2682
6674
562
1949
2009
2323
1032
1219
2716
4297
0
0
384
823
2700
2973
1714
1082
443
2115
3009
3559
3961
4741
3617
4377
0
2560
7805
784
2288
2883
2955
3610
4635
2314
0
0
84
2973
0
0
571
2503
1581
2577
2074
2406
4138
4745
4432
3044
2782
0
3245
8884
211
0
1928
3587
5072
5373
1031
2255
2920
7046
4726
1290
0
0
2437
4891
4892
5938
5884
4184
3369
2797
1827
632
0
3172
6130
0
0
838
1507
1519
1503
5604
4807
4567
8077
12731
8110
4373
0
0
4976
6619
5548
4124
2798
1216
835
1120
1321
0
2706
4152
793
0
0
0
0
0
904
0
0
5127
0
0
0
0
0
0
0
0
390
825
618
1496
1723
1441
0
0
5702
2780
0
0
0
1572
3111
1613
0
0
0
0
0
0
2348
1100
0
0
0
0
0
452
2437
1618
2107
6224
10590
9127
4636
0
1283
2013
2488
5265
3273
0
0
0
0
0
0
822
3448
3003
876
971
729
1417
2111
2683
0
584
9695
12093
17333
8589
0
502
0
411
2699
3093
5022
5571
2698
6080
5365
4016
5157
7836
4469
702
1819
3052
3281
2219
1093
0
1934
0
0
3937
3739
0
255
3120
214
0
0
0
0
0
2853
1796
321
0
0
0
0
2324
2585
1288
1720
256
155
0
0
3937
1040
0
485
347
1851
1803
466
0
0
0
0
0
0
0
0
0
0
0
2694
1703
1245
2497
369
504
85
7487
7287
2892
0
452
84
0
0
0
0
687
2944
2767
423
0
0
935
3478
1173
542
3775
2919
2292
1776
256
2364
0
0
0
0
308
1447
825
0
0
4218
3376
0
0
0
0
0
1232
5166
2679
177
2195
7282
5347
4828
4142
3119
1797
0
0
686
98
0
0
0
0
0
0
0
0
0
0
0
0
0
0
0
0
0
0
0
0
0
0
0
0
2546
3820
4855
3386
2940
0
0
169
712
520
9
6
0
0
0
0
0
0
227
662
34
0
0
0
0
0
0
406
424
1690
3306
2075
0
3
437
837
1033
298
424
145
455
296
495
556
110
367
685
910
0
0
0
0
0
0
0
0
0
249
63
0
191
47
0
0
0
0
0
0
0
0
0
0
34
377
314
0
0
0
0
0
0
2394
1878
0
1234
238
84
228
25
0
0
0
0
0
0
0
0
20
0
0
190
97
0
0
0
0
0
0
0
0
0
912
221
0
0
0
0
0
0
0
0
0
0
0
0
0
0
0
0
0
0
0
96
0
0
0
0
0
0
346
530
911
1316
1591
661
194
0
0
0
72
0
0
0
0
0
0
0
0
0
0
0
0
0
0
0
0
1218
2592
3723
4523
3950
2259
1522
452
745
1639
1430
557
1157
1486
1807
1649
1377
876
299
0
0
0
0
0
0
0
0
1018
1145
1175
1819
2335
2107
2362
2004
1074
1068
724
1390
4143
5302
5005
3495
4436
3895
1251
306
0
0
0
1155
901
0
15
0
0
0
0
0
0
802
1633
1722
1110
277
877
920
57
493
1758
2717
2801
2530
1768
399
0
0
153
0
0
0
0
0
0
0
0
0
0
47
0
0
0
262
0
0
0
0
0
0
584
1203
388
0
0
0
0
0
0
0
0
0
0
0
0
0
0
0
0
0
0
0
0
0
0
0
0
0
40
5
156
0
0
0
0
0
0
0
0
0
631
475
0
0
0
0
0
0
0
0
0
0
0
0
0
0
0
0
0
0
0
0
0
0
0
0
0
0
0
0
0
0
0
0
0
0
0
0
903
910
41
0
0
0
0
0
0
0
0
0
0
0
0
0
0
0
0
743
440
0
0
0
0
0
0
0
0
0
0
0
0
0
0
0
0
0
0
0
0
0
0
0
0
0
762
0
0
0
0
0
0
0
0
0
0
0
0
0
0
0
0
0
0
0
64
373
0
0
0
248
883
996
0
0
461
817
306
0
0
0
0
0
0
0
26
120
0
0
0
0
0
0
724
667
202
279
429
652
232
0
0
0
0
0
0
0
0
0
0
14
385
470
70
0
0
0
0
0
0
653
841
1280
1193
595
2870
2583
1145
1302
3408
3080
1524
986
213
181
741
732
391
0
0
0
0
0
0
0
0
0
0
0
125
63
0
905
1282
1677
3871
3827
2528
1571
0
262
906
1095
267
129
0
0
0
0
0
0
0
0
0
0
0
0
0
0
0
0
0
0
0
0
0
0
0
0
0
0
0
0
0
0
0
390
418
0
0
0
0
0
186
870
389
0
0
0
0
0
32
601
0
111
0
0
0
0
0
0
218
0
5288
4359
2557
1847
752
0
0
0
646
88
604
362
0
0
287
593
596
943
1582
370
0
0
0
0
0
0
0
500
2283
5066
4551
908
14
0
0
0
0
910
507
339
802
1216
1084
841
1246
1641
190
0
0
0
0
0
0
0
0
0
0
789
324
724
597
138
0
0
0
0
0
0
0
0
0
0
0
0
0
0
0
0
91
179
40
2694
2243
1317
851
526
315
824
1241
361
0
534
1411
1796
1991
1600
1219
0
0
141
69
0
0
0
0
0
0
781
1813
1595
1478
391
0
0
0
191
0
0
0
0
0
0
0
0
0
225
0
0
57
77
136
17
0
0
0
