0
0
0
0
45
865
0
112
682
471
80
0
0
0
0
0
0
0
0
0
0
337
523
77
0
0
0
0
0
0
0
0
0
0
0
93
109
0
0
0
0
0
0
0
0
0
0
0
0
0
0
0
0
0
0
0
0
0
0
0
0
0
3
0
0
0
0
59
0
0
0
136
0
0
0
0
0
0
0
0
45
499
0
0
0
725
794
556
0
0
0
0
0
0
184
0
0
0
0
305
0
0
0
0
0
0
0
0
0
0
0
0
0
0
0
0
0
0
0
0
0
0
0
0
0
0
177
0
0
7
0
0
0
0
198
0
0
217
0
0
0
0
0
0
0
0
0
0
0
0
0
0
0
0
0
0
0
0
0
0
0
0
0
0
0
0
0
0
0
228
364
157
227
105
0
0
320
103
163
73
136
0
142
54
139
109
0
0
246
375
247
301
312
0
0
137
111
174
0
0
498
1017
598
140
0
1
50
25
36
194
0
0
0
110
101
382
0
0
30
255
0
0
0
0
0
0
0
0
140
0
209
30
794
0
0
0
83
0
0
0
302
167
0
0
0
488
126
0
0
143
274
0
0
888
0
0
310
189
65
49
0
295
795
803
0
152
495
0
0
1028
527
52
0
1
233
1064
549
0
0
95
0
0
130
0
100
16
0
572
874
812
0
0
0
0
0
137
335
85
0
0
386
1124
1148
346
0
0
0
0
859
615
0
4
0
42
0
332
310
244
0
134
185
722
0
0
39
0
0
0
0
0
0
0
0
215
0
0
0
17
0
0
0
0
0
393
477
348
254
326
387
47
0
0
34
0
0
4
121
419
392
135
0
252
209
0
0
73
0
0
0
0
156
0
0
0
0
118
0
24
32
0
0
0
0
8
0
0
0
0
0
0
28
112
0
0
0
6
0
4
41
0
0
148
120
22
0
0
179
246
90
69
0
373
167
16
0
132
14
0
0
203
340
65
0
0
89
246
0
0
0
0
0
201
117
0
0
0
0
130
341
0
0
81
0
0
228
123
0
0
0
0
0
163
0
0
0
109
0
0
5
0
0
0
0
0
0
0
0
0
371
0
0
0
0
0
0
0
9
0
0
4
52
218
146
73
0
219
90
121
0
0
0
0
182
0
115
452
43
0
14
0
0
0
0
118
264
94
0
59
195
0
0
0
344
450
916
583
333
211
196
0
85
54
0
90
0
0
655
937
528
332
192
85
0
1
0
0
0
0
315
1125
330
0
0
0
0
0
0
0
0
0
0
374
225
57
0
0
0
0
0
0
111
0
0
0
0
0
0
0
0
0
205
5
0
165
90
0
0
0
129
0
0
0
0
25
19
0
0
0
4
70
52
201
29
214
247
0
0
0
0
0
512
251
0
0
0
0
131
615
0
0
0
0
0
774
562
0
0
0
0
0
738
0
0
0
89
155
60
302
0
0
0
0
0
639
58
0
0
0
0
509
0
0
144
0
0
0
414
75
0
0
0
0
0
70
0
0
0
0
0
349
0
0
0
0
0
0
0
0
0
0
12
128
0
0
0
0
165
217
0
0
0
0
0
247
87
0
124
505
601
8
0
0
0
0
0
830
1442
719
206
5
594
168
533
352
297
493
322
974
1803
686
0
208
458
781
67
355
514
0
0
0
0
0
0
0
0
153
888
70
318
194
0
0
0
0
0
0
43
0
31
558
172
221
137
0
0
0
0
86
0
0
0
0
359
316
92
0
0
0
0
70
1369
0
0
0
0
275
514
271
0
0
175
0
241
1098
634
413
454
504
521
573
403
132
622
1286
755
0
0
0
115
687
323
357
195
667
262
301
1203
0
0
0
11
0
756
49
192
238
548
0
346
553
0
0
0
0
0
582
59
0
0
32
54
370
651
515
226
0
0
39
132
0
0
0
118
293
33
0
0
0
0
0
0
48
241
0
0
0
0
0
0
0
0
0
31
0
0
0
0
0
43
0
0
0
51
0
18
0
0
0
0
83
85
0
0
0
0
0
0
0
0
0
0
0
0
76
0
0
367
0
0
0
24
0
39
382
58
0
68
0
9
293
150
0
77
265
129
0
0
0
0
0
0
0
5
34
0
108
231
0
42
0
0
0
0
32
0
167
0
0
0
0
0
0
0
152
0
0
29
0
37
0
0
30
0
0
0
0
60
0
0
8
0
144
36
93
0
0
9
63
140
190
153
16
53
0
0
0
0
0
0
0
16
0
0
222
91
244
0
0
0
0
0
0
0
0
0
0
145
71
202
166
47
0
292
0
0
5
0
0
123
157
23
19
136
98
154
171
0
0
0
68
168
155
97
48
0
0
0
0
0
38
0
60
125
68
0
0
5
0
0
0
0
0
0
0
51
97
74
55
0
0
0
0
0
0
0
0
24
9
0
13
8
0
0
0
0
0
0
4
0
0
0
0
0
68
0
0
0
0
0
0
0
43
0
0
70
0
0
22
0
0
17
0
0
0
0
0
0
0
0
0
0
0
0
0
0
0
0
0
0
0
0
0
0
0
0
0
0
0
0
0
0
0
0
0
2
0
0
0
0
0
0
0
0
0
0
0
0
0
3
0
0
0
0
0
0
0
0
1
23
0
0
0
0
0
0
0
0
0
0
13
10
25
0
0
0
0
0
0
0
0
0
0
0
0
0
0
0
0
0
0
0
0
0
0
0
0
0
0
0
0
0
0
0
0
0
431
432
524
19
0
0
0
0
0
0
0
0
0
0
317
554
0
0
0
0
0
0
0
0
0
0
0
100
0
0
0
0
393
380
0
0
0
0
0
182
294
0
0
0
0
437
1102
19
0
0
0
0
136
324
317
0
0
151
1
536
190
0
0
0
0
0
0
0
288
835
0
0
0
0
0
0
0
167
767
0
0
0
0
0
0
0
0
0
0
0
10
0
0
0
0
0
378
0
0
0
0
0
0
0
0
0
86
0
0
547
0
0
62
0
0
0
0
58
0
203
0
0
9
0
372
324
107
32
0
0
0
149
0
0
0
367
5
0
0
0
0
0
0
0
0
0
0
107
154
0
0
0
0
0
0
0
0
0
0
0
0
0
0
0
0
0
0
0
0
0
0
7
381
0
0
0
0
0
0
0
23
153
0
0
42
0
0
0
0
0
0
0
187
0
0
0
0
0
0
0
0
0
0
0
0
0
0
0
0
0
0
0
26
0
0
0
0
0
35
54
132
0
0
51
1079
1024
0
0
0
0
0
0
17
156
422
328
0
392
76
0
0
156
219
0
0
95
13
176
0
43
0
0
96
103
0
0
0
0
194
0
0
0
0
0
0
0
0
0
0
0
0
26
0
0
0
0
0
96
0
60
0
0
0
0
43
0
0
0
0
0
0
0
0
0
0
0
0
38
0
0
0
0
0
0
343
64
0
0
0
0
44
0
316
0
0
0
157
99
0
0
174
0
0
116
0
81
0
0
0
0
0
191
297
0
0
0
0
119
130
140
114
0
163
468
26
228
240
66
0
59
15
80
269
276
133
0
0
0
0
196
0
19
44
12
0
0
0
0
0
0
0
16
0
64
9
33
141
183
19
0
0
134
0
62
363
135
33
0
0
0
0
0
14
391
459
240
0
0
0
365
75
0
68
0
0
57
381
530
0
0
0
0
40
81
0
61
327
147
0
0
0
0
0
261
307
0
0
0
304
567
0
0
249
0
0
0
0
0
0
0
0
42
710
0
0
0
0
94
0
89
126
0
4
75
10
505
234
0
0
0
0
16
417
251
105
28
0
0
203
112
0
0
0
0
134
229
69
0
0
0
0
0
58
0
0
0
103
0
98
0
0
0
0
0
0
0
0
0
0
0
0
0
0
0
0
165
165
915
812
142
0
0
0
0
0
0
0
85
0
0
250
327
0
0
0
0
0
0
0
0
0
0
0
152
0
0
0
0
0
220
462
0
0
0
0
0
0
8
29
0
0
0
0
0
12
0
0
0
0
0
0
113
0
0
0
671
0
24
0
0
38
28
0
0
190
0
0
0
0
0
0
0
0
45
115
0
0
0
0
0
0
0
0
0
0
0
78
343
253
0
0
53
0
241
104
0
0
0
65
31
0
72
0
0
0
0
65
0
0
184
0
0
0
0
0
0
140
739
717
1044
0
260
213
0
64
0
0
0
0
0
0
424
51
0
0
0
0
0
0
0
0
0
0
0
92
0
0
0
0
0
0
0
0
0
0
0
353
392
0
0
0
0
0
0
65
157
0
0
0
0
0
0
165
292
135
250
7
69
52
0
0
0
0
0
0
157
719
452
150
0
154
212
36
76
0
336
472
305
38
110
457
188
0
47
147
0
0
0
0
30
213
0
0
39
345
0
33
0
0
0
0
0
0
0
0
325
43
650
43
37
0
261
120
0
0
0
356
45
174
0
315
80
26
0
0
0
0
0
449
239
0
0
0
1
48
8
0
0
0
0
0
504
146
0
0
86
170
17
223
141
18
121
0
0
181
40
0
0
0
0
15
23
788
243
304
0
0
0
0
70
40
109
0
0
0
749
494
552
198
0
0
0
0
455
609
0
0
0
29
40
154
0
0
0
113
3
407
76
0
0
0
0
0
0
0
0
0
0
0
0
0
0
0
0
0
96
88
67
35
105
1
0
0
40
0
0
0
0
9
262
365
208
0
0
0
0
0
40
66
0
0
0
0
0
0
0
0
0
0
0
13
31
0
0
128
0
0
0
0
0
0
536
19
0
0
0
0
62
59
3
592
755
117
519
358
0
0
0
0
0
0
0
540
758
286
0
202
44
76
0
27
0
220
452
358
0
0
0
0
72
229
217
0
0
0
91
64
0
0
0
0
0
0
0
0
119
44
0
0
0
0
87
0
0
62
0
0
59
196
52
0
0
0
0
0
0
0
0
0
0
0
106
0
0
0
0
0
0
0
0
0
488
0
2
0
156
0
146
0
0
292
182
441
332
0
42
0
225
45
67
151
0
0
0
0
0
0
0
39
291
158
0
0
0
0
0
0
0
580
1164
271
0
147
0
0
97
138
0
0
0
135
1398
1516
339
0
0
869
39
0
0
0
0
0
79
710
0
0
0
0
227
0
0
0
0
0
0
230
438
0
0
0
0
0
0
0
372
0
0
86
0
0
17
394
0
0
0
0
0
190
35
20
6
0
0
0
418
0
0
0
0
0
11
0
113
159
42
231
0
148
344
0
0
0
0
0
539
64
0
0
0
0
275
1035
67
0
0
0
0
1006
874
0
0
0
9
0
1337
67
0
0
355
0
0
4
0
0
0
0
119
652
0
0
177
1145
0
0
0
0
10
141
0
0
0
0
0
313
853
720
145
0
923
127
122
0
0
0
147
770
45
368
1245
415
503
470
66
144
116
526
594
912
705
91
45
51
0
0
0
52
0
0
233
455
261
152
11
0
126
0
0
0
54
0
0
83
613
572
0
0
253
631
136
0
0
0
308
0
0
0
554
134
0
81
431
0
0
0
0
111
0
0
0
77
466
0
63
95
0
0
0
0
20
0
0
0
6
871
97
100
0
37
295
72
10
0
507
293
285
190
496
228
6
0
0
164
0
0
163
548
123
0
0
0
26
0
0
0
51
0
0
0
0
0
103
0
356
65
49
133
0
0
0
0
0
0
0
0
0
0
0
0
355
198
230
0
0
0
0
0
0
0
0
0
0
260
305
596
111
0
0
0
62
462
122
0
0
0
0
251
151
0
36
0
218
0
117
0
0
0
0
0
0
0
0
0
0
0
0
0
0
0
0
0
189
0
0
0
0
0
0
0
0
0
0
0
44
107
0
0
0
0
0
0
55
0
20
0
0
0
0
0
432
769
457
0
492
541
243
0
0
0
0
0
0
0
360
368
45
581
0
0
0
0
0
0
0
0
0
0
0
0
0
0
0
89
0
0
0
0
47
218
0
0
0
0
65
50
0
0
0
0
0
0
0
0
0
165
0
0
0
0
0
0
0
0
0
0
0
0
368
0
0
0
174
0
0
0
0
0
0
0
0
137
0
0
0
0
0
0
0
150
0
0
123
255
231
215
264
0
19
0
0
0
0
24
0
0
0
244
0
0
112
247
0
0
0
0
7
0
0
0
0
0
484
557
0
0
0
0
0
34
260
330
225
350
527
401
0
0
0
5
0
0
0
0
0
1079
667
1059
815
378
4
0
0
0
0
0
0
0
0
332
283
321
310
175
0
0
0
0
0
0
0
0
0
15
0
0
15
0
0
0
0
0
0
0
0
0
0
0
0
0
0
0
0
0
0
0
0
0
0
0
0
0
0
0
0
0
0
0
0
0
0
0
0
0
0
0
0
0
0
0
0
819
477
0
0
116
659
1285
0
0
0
0
0
634
803
0
0
0
0
282
900
0
0
0
0
0
273
0
0
0
0
0
0
0
0
0
0
0
0
0
0
0
0
0
0
0
0
0
0
0
0
0
0
0
226
0
0
124
0
0
0
0
0
0
0
0
0
0
0
0
0
0
0
0
0
0
0
0
0
0
0
0
0
0
0
0
0
0
0
0
0
135
84
25
0
0
0
0
0
0
0
0
42
25
6
98
182
75
0
0
0
0
0
0
161
89
0
0
0
0
0
0
0
0
0
0
53
0
43
0
0
0
66
192
28
0
0
68
8
73
45
9
99
14
10
117
643
679
0
363
29
0
0
0
59
220
61
0
134
301
0
0
0
0
124
0
0
12
174
107
63
12
0
0
10
52
0
27
0
0
29
0
0
0
0
0
0
0
0
0
0
0
60
14
0
0
0
95
88
64
114
35
0
53
0
7
0
0
0
0
33
118
235
109
113
270
0
0
0
0
0
0
0
0
176
393
73
192
0
0
27
0
0
0
0
57
0
0
212
170
0
0
20
149
65
6
0
234
344
0
3
0
0
16
221
3
186
24
30
0
126
111
0
0
0
100
51
0
0
0
74
0
0
12
0
0
81
103
182
139
140
56
0
27
136
162
109
0
0
144
301
0
0
0
177
20
2
20
153
133
0
0
0
0
0
0
57
96
203
0
30
7
0
0
0
111
196
15
0
0
68
206
0
45
0
0
0
42
141
5
131
0
0
63
221
33
0
49
153
189
0
0
264
7
0
39
33
2
24
0
41
152
242
0
0
153
0
67
230
116
243
8
0
55
44
127
0
0
0
0
46
2
36
146
10
0
7
86
274
0
0
0
0
0
8
0
0
0
0
1
0
467
0
0
0
0
87
186
27
0
0
18
53
101
102
329
184
5
98
0
4
0
0
0
43
25
0
0
0
0
0
0
0
0
13
0
0
121
122
618
533
119
0
0
0
0
16
96
56
142
0
0
15
0
0
0
0
0
101
14
0
0
0
0
0
102
315
11
0
0
364
1056
741
0
0
0
0
0
0
351
674
0
0
0
2
0
0
0
91
0
0
0
0
91
0
0
0
101
0
0
0
36
100
0
0
0
0
0
0
0
0
0
0
0
0
14
0
0
0
0
0
0
0
0
0
0
0
0
15
0
0
0
0
0
0
881
8
0
0
0
181
0
0
0
0
103
155
0
299
0
0
0
0
0
0
0
0
47
988
1195
1503
1675
0
273
260
0
18
0
0
0
0
0
209
730
30
0
0
0
0
0
0
0
0
0
0
0
2
0
0
0
0
0
0
0
0
0
91
0
704
835
242
0
0
0
0
0
0
0
178
53
58
0
0
0
0
0
0
0
0
0
0
0
0
0
0
0
0
66
0
0
0
0
0
0
0
0
0
0
0
0
240
204
0
0
0
20
0
238
195
27
0
0
0
468
737
0
0
0
0
0
277
337
319
0
221
163
433
124
0
0
0
0
4
0
0
0
46
243
0
0
0
0
0
0
0
95
213
0
0
0
0
0
0
0
0
0
0
0
0
0
0
0
0
0
104
0
0
0
0
0
0
0
0
0
428
0
4
89
0
0
114
0
0
0
0
79
212
501
231
277
489
0
152
55
0
0
126
0
0
125
0
0
383
40
0
0
0
0
0
92
20
0
0
126
0
154
0
0
0
0
0
0
0
0
6
0
0
213
0
0
0
32
0
0
0
244
486
463
508
349
82
0
0
0
0
50
103
16
109
216
201
619
552
0
0
0
14
173
5
119
39
103
224
7
381
49
0
0
96
121
81
34
189
0
62
103
0
0
0
205
190
369
0
0
43
126
0
0
0
0
0
0
21
129
0
0
0
51
0
9
51
75
106
155
51
117
35
0
43
0
9
0
3
0
70
151
0
0
0
0
125
66
0
0
0
55
0
0
0
0
101
0
0
118
27
0
0
0
197
45
0
0
113
0
0
0
103
0
77
0
0
41
69
78
0
0
0
0
11
0
12
417
323
0
81
0
0
0
0
0
0
0
77
43
188
504
19
0
0
0
0
0
0
0
314
310
267
662
40
0
0
0
0
0
0
0
0
43
56
167
0
27
0
0
40
50
172
211
70
0
0
400
0
0
0
0
0
0
0
110
66
0
0
0
0
0
0
0
0
0
0
0
110
221
494
352
0
331
588
135
0
0
0
0
0
76
328
450
616
9
456
193
76
135
0
0
0
0
0
0
0
0
0
267
0
0
258
270
0
0
44
0
0
0
66
550
0
0
0
0
243
0
0
85
488
0
0
0
0
0
0
201
538
109
0
0
712
1324
462
62
682
0
0
0
574
171
0
0
0
182
1005
0
0
443
53
0
0
0
0
0
0
0
167
691
242
0
125
0
0
258
234
143
130
0
0
0
1122
838
252
562
219
160
0
396
0
0
0
0
0
0
53
0
0
0
0
0
0
0
0
0
0
0
0
260
110
0
446
509
0
0
0
0
30
170
336
284
477
187
0
960
0
0
0
0
0
0
21
225
319
331
505
734
846
114
0
0
0
0
0
0
220
0
528
925
306
0
102
407
293
36
0
0
0
0
0
0
165
392
7
556
0
0
0
0
0
0
154
0
0
0
0
0
0
0
0
170
0
4
0
0
0
367
202
0
0
50
85
273
243
68
29
0
149
0
0
611
850
104
0
0
0
124
47
81
0
694
528
0
1008
0
191
0
67
385
498
116
135
0
118
273
383
0
0
0
13
0
191
0
105
121
0
0
0
0
109
198
108
68
165
0
180
0
43
0
0
0
5
57
0
153
0
228
107
161
0
0
0
0
191
0
412
85
0
160
768
688
0
69
0
0
0
568
390
356
281
915
890
475
0
594
522
5
57
0
442
319
0
0
0
0
0
0
0
0
85
48
0
0
352
25
154
0
12
113
0
0
0
126
124
0
0
0
0
0
0
0
0
65
0
0
0
0
0
0
0
0
0
0
0
0
0
105
0
0
68
0
0
0
0
1108
943
0
408
0
38
0
0
111
126
0
0
170
56
0
0
0
0
57
0
0
64
91
0
84
220
280
0
0
0
0
196
0
45
184
215
0
0
151
767
0
0
32
0
0
246
154
64
0
0
46
0
0
0
0
956
61
1
0
10
0
0
0
0
0
143
0
242
0
162
0
0
0
0
0
0
0
0
0
0
0
318
0
0
0
0
0
0
300
0
0
0
102
157
354
0
0
0
0
0
0
185
0
0
0
0
0
0
0
0
0
0
0
0
0
0
0
388
250
359
222
97
0
0
0
0
0
0
0
0
0
267
245
115
0
0
0
0
0
0
0
0
0
0
107
69
0
0
0
0
0
0
0
0
52
128
225
133
174
0
0
0
0
0
0
72
0
0
0
0
0
0
0
0
0
0
0
0
0
45
0
0
0
0
0
0
0
0
0
0
0
0
0
0
66
0
0
38
172
317
0
0
0
0
0
207
293
0
0
0
0
0
452
0
0
0
0
0
209
0
0
61
0
0
0
139
0
0
0
0
6
0
0
0
0
0
0
0
0
0
0
0
0
0
197
0
285
195
0
31
0
0
0
0
0
0
0
0
0
0
0
0
0
0
0
0
0
0
0
0
68
181
134
44
242
269
46
0
0
47
11
0
82
66
172
0
0
0
0
0
107
127
233
132
0
1
0
0
0
0
0
0
0
205
76
30
0
1
0
0
807
614
309
1
21
260
712
316
93
0
56
0
0
0
0
413
0
30
0
0
22
50
28
6
0
0
0
0
0
0
0
44
243
168
0
134
102
0
245
265
0
0
0
0
0
45
0
0
0
0
0
0
0
0
0
0
0
0
0
0
8
89
8
0
0
0
50
285
278
783
0
0
0
0
331
271
129
0
0
298
53
0
450
0
38
0
0
58
98
630
0
65
443
6
413
510
207
463
223
49
123
0
533
11
0
0
0
51
0
0
0
212
149
0
0
0
0
17
0
0
0
16
114
0
233
0
0
0
0
0
0
26
245
296
103
0
0
103
0
0
0
0
0
0
0
0
79
0
0
103
0
0
44
0
0
0
0
0
88
0
0
0
140
135
111
0
0
9
20
484
807
141
0
0
18
323
330
0
0
0
0
0
0
0
0
0
0
0
0
70
0
0
33
0
0
0
0
0
0
0
0
228
102
161
29
107
0
309
547
0
0
0
338
270
378
36
130
0
103
0
0
0
507
478
0
0
0
0
0
0
3
145
0
0
0
176
243
91
79
0
0
0
53
56
187
208
0
0
0
85
0
101
129
0
0
58
10
0
469
0
0
219
81
0
136
0
0
0
0
3
241
548
115
0
270
0
0
0
0
0
8
132
0
199
203
390
0
52
0
0
0
338
0
329
0
0
11
142
0
0
0
30
177
190
0
0
167
0
0
0
0
0
0
0
0
0
0
0
0
0
0
0
0
0
0
0
0
0
0
0
0
0
0
0
0
0
0
0
0
0
0
0
0
56
55
0
0
0
0
0
393
424
328
135
90
0
402
445
0
0
0
0
0
343
247
213
135
416
0
438
225
0
0
0
0
74
0
0
0
0
0
0
0
0
0
0
0
0
0
0
0
0
0
0
0
0
0
0
0
0
0
0
0
0
0
47
0
0
0
0
0
0
0
0
0
0
0
77
142
43
0
47
0
42
0
0
0
0
0
0
558
610
440
350
111
0
0
0
0
0
0
0
169
0
376
573
126
0
0
0
0
0
72
22
0
0
75
0
0
0
0
0
0
0
10
0
0
145
260
152
490
351
113
0
0
0
31
0
0
0
0
0
0
0
0
49
0
0
46
0
0
0
0
0
0
0
0
0
0
0
0
0
375
115
0
0
0
0
0
0
0
0
0
0
0
93
80
17
25
881
243
0
0
9
0
220
1556
0
0
12
0
89
1053
621
103
0
509
436
830
399
0
0
0
0
0
0
17
278
497
587
0
245
0
0
0
0
47
0
420
111
0
0
0
0
0
52
303
0
0
12
163
198
0
0
0
0
0
0
38
49
0
0
25
0
368
20
827
0
0
99
0
265
491
295
21
185
0
357
0
0
0
0
0
1
0
0
357
159
699
20
52
76
0
0
0
0
59
0
0
331
343
468
565
0
25
793
108
41
18
0
0
185
712
186
36
495
0
0
160
0
0
0
0
329
531
418
38
0
0
0
0
92
910
379
460
653
346
76
0
0
0
0
0
0
92
60
0
0
332
462
71
0
0
0
0
0
0
0
0
0
0
43
80
122
0
0
0
0
0
0
0
0
0
0
0
0
0
0
0
0
0
0
0
0
348
224
0
0
0
28
0
0
0
0
0
0
0
256
161
0
0
0
0
0
0
0
128
381
1062
338
0
0
598
932
1166
0
0
0
0
0
28
420
0
0
0
0
483
252
0
0
0
0
0
0
0
0
0
43
0
0
0
0
0
0
0
0
0
0
0
0
50
0
0
0
0
0
0
0
0
0
0
0
23
0
87
0
0
0
0
0
0
0
0
0
0
0
64
0
0
0
0
0
0
0
0
0
0
0
0
0
0
0
0
0
0
0
0
0
459
418
50
0
0
0
0
0
0
0
186
0
0
0
225
0
0
0
0
188
0
0
0
19
70
0
0
0
0
0
0
0
35
366
0
0
0
0
0
1473
588
0
0
0
0
845
1821
291
0
0
0
0
842
755
599
303
1056
348
1012
477
189
0
0
0
32
0
0
0
15
190
0
0
0
0
0
0
0
177
461
0
0
0
36
0
0
0
40
0
0
0
0
0
0
0
328
317
460
0
0
0
0
0
0
0
0
0
808
0
0
137
82
0
723
82
0
0
0
0
118
354
395
56
683
100
58
269
365
0
0
0
0
310
0
0
447
164
0
0
0
0
0
90
0
0
0
121
0
84
17
0
0
0
0
0
0
0
38
0
0
114
0
0
0
81
0
0
0
0
0
23
0
27
104
173
254
0
0
0
0
0
164
50
0
210
708
529
0
0
0
0
0
81
368
66
0
0
0
0
0
0
0
0
0
0
154
0
0
0
0
0
0
9
162
0
0
15
90
57
0
28
107
0
0
0
1939
2313
0
0
0
0
0
0
0
356
159
54
285
1246
397
0
42
107
195
0
36
71
399
713
406
87
46
0
0
184
326
427
7
0
185
10
118
0
0
0
0
0
0
0
0
13
0
60
0
93
0
0
0
118
117
355
212
0
0
0
45
0
0
0
0
0
0
0
72
483
0
0
0
27
0
0
0
0
109
0
0
654
0
0
0
0
0
0
149
0
0
0
387
522
0
0
11
0
0
0
0
37
54
0
0
0
0
0
21
0
91
18
57
0
0
91
0
0
0
0
0
0
0
99
370
0
0
0
0
0
0
78
114
0
0
0
144
104
0
0
121
389
395
0
4
0
30
147
0
23
68
33
0
0
0
0
0
0
0
0
0
0
48
282
109
187
0
0
0
0
0
0
0
0
0
0
18
113
0
28
0
0
0
0
0
0
0
0
0
0
63
0
0
0
0
255
0
0
0
0
0
15
55
142
0
0
0
184
532
15
647
0
0
0
114
130
92
106
0
0
517
607
7
270
240
0
42
150
14
35
25
0
3
295
0
0
359
0
130
115
230
36
32
49
60
0
0
0
0
0
0
0
162
129
22
0
0
355
95
0
0
0
0
379
19
215
39
0
54
0
607
275
7
0
0
140
86
204
3
41
0
20
85
137
157
312
354
1007
348
0
0
0
0
0
0
0
257
404
590
545
282
0
0
0
0
0
0
0
0
0
90
184
0
0
0
0
0
0
0
0
0
0
0
0
0
0
0
214
62
0
0
0
0
0
0
0
0
74
470
359
0
0
0
0
0
0
0
0
0
44
0
267
55
0
28
58
106
0
17
0
267
243
0
802
625
0
0
1
0
0
0
0
0
159
310
0
634
0
0
0
0
0
0
0
22
0
0
0
0
0
0
0
0
59
0
0
0
15
0
0
0
0
0
0
0
0
0
16
0
0
0
0
0
0
0
0
184
0
225
200
94
29
0
0
0
0
35
0
0
0
340
86
216
168
34
0
0
24
0
0
0
0
0
0
60
30
0
0
0
0
0
0
417
184
0
0
0
0
235
0
0
0
0
0
0
0
0
0
0
0
0
328
201
0
0
0
0
0
0
0
0
0
0
245
776
637
0
0
0
22
0
96
517
378
0
0
0
433
500
0
0
0
0
0
0
329
430
0
0
72
827
92
0
0
0
0
0
0
0
0
0
0
0
0
0
0
0
0
0
73
0
0
0
0
0
0
0
0
0
0
0
0
0
0
0
0
0
0
262
0
0
0
0
0
0
0
0
0
213
0
0
148
0
0
63
0
0
0
0
0
129
962
1088
1017
1548
0
280
51
0
0
28
0
0
0
0
0
821
52
0
0
0
0
0
0
0
0
0
0
0
115
0
0
0
0
0
0
0
0
0
0
0
702
403
9
0
0
0
0
0
0
0
0
0
0
0
0
0
0
105
195
0
0
0
45
0
0
0
0
42
0
0
0
56
963
0
0
0
0
0
0
0
0
0
0
0
68
514
8
0
0
0
0
0
0
0
0
0
0
0
17
0
8
0
149
39
0
0
0
12
0
0
0
60
0
116
0
217
875
131
0
0
351
1080
520
95
46
65
117
0
0
0
181
0
0
182
157
0
0
0
172
109
0
0
0
0
0
0
0
0
0
0
2
243
122
0
0
0
10
0
38
0
0
0
13
209
183
260
0
0
0
0
0
0
0
0
0
0
0
127
1258
256
0
0
126
0
0
0
0
0
0
188
240
860
915
216
0
1369
73
0
0
0
0
475
417
0
304
1375
0
0
0
0
0
0
0
264
1169
44
33
0
0
129
3
1
0
28
769
88
0
0
0
0
0
0
40
0
0
0
193
176
59
0
0
0
0
0
0
0
0
0
0
0
0
0
0
0
0
0
0
15
153
54
0
0
2
0
436
0
110
0
0
0
0
0
0
246
340
169
236
199
0
0
0
0
0
0
0
0
0
0
245
0
0
0
0
0
0
0
192
287
146
0
0
143
0
0
215
82
0
0
0
0
515
0
0
5
0
0
63
225
27
0
0
0
0
471
59
0
0
0
0
0
20
91
87
0
42
0
0
81
0
0
0
0
0
0
0
0
64
130
0
0
38
202
193
212
277
0
0
0
0
0
238
201
0
0
277
0
101
0
0
0
0
0
0
7
117
0
0
0
120
88
0
0
0
49
0
0
51
0
66
136
41
0
0
0
73
0
0
0
277
0
0
16
0
0
0
123
346
408
157
0
0
0
92
56
257
24
386
214
294
0
0
65
268
0
0
0
33
516
0
0
0
0
0
0
0
218
89
38
59
176
22
51
0
0
94
0
0
37
230
84
3
106
0
0
0
0
0
0
320
0
0
154
298
0
71
0
377
287
0
201
210
150
0
0
83
0
0
14
163
0
466
0
460
347
64
58
289
255
321
33
0
272
0
175
103
0
0
0
460
0
58
248
35
0
0
0
225
0
0
0
0
0
0
0
0
0
0
4
0
918
227
0
0
0
0
0
0
0
0
249
114
618
32
1273
489
0
15
625
0
0
0
0
145
175
825
0
134
128
49
317
0
0
132
0
0
0
184
217
165
189
0
0
0
0
0
0
34
0
126
405
0
386
571
0
0
0
0
0
0
106
6
104
0
0
0
0
0
0
0
0
0
0
134
0
26
0
0
0
0
606
558
0
0
0
65
0
0
0
0
0
0
81
0
280
28
74
0
0
0
0
0
281
435
183
0
0
308
0
0
0
0
0
0
0
0
24
0
0
0
0
125
82
0
0
0
0
0
0
0
0
0
0
0
14
0
0
0
0
0
0
0
414
500
0
0
0
228
0
637
195
0
82
0
198
135
0
0
0
0
0
228
1048
202
0
243
9
0
11
0
0
0
152
18
0
0
78
29
74
0
19
0
0
0
0
145
297
0
437
14
197
0
0
0
0
10
21
0
0
0
347
391
249
248
36
99
95
315
345
137
0
0
0
0
32
28
0
48
0
45
91
0
0
0
0
0
0
94
246
0
0
176
398
206
0
0
0
0
0
77
126
80
0
2
7
274
0
0
0
27
144
21
0
0
76
243
0
0
0
0
0
0
0
60
0
0
0
192
557
30
34
0
50
64
11
0
0
126
0
12
167
427
25
0
0
100
0
0
0
0
0
0
0
0
0
0
0
0
0
0
0
0
52
0
0
0
0
154
0
0
159
0
0
0
0
28
0
0
0
0
0
0
0
396
400
197
0
0
56
130
0
183
176
0
0
0
162
477
821
23
0
29
5
0
422
339
0
0
0
0
0
216
0
0
0
261
0
94
0
0
0
0
0
0
0
0
79
0
0
0
0
0
0
0
104
69
648
671
434
0
0
0
0
0
92
90
238
0
0
10
97
0
0
0
0
0
0
0
0
0
108
0
222
0
0
0
0
0
612
486
0
0
0
0
0
738
310
0
0
0
0
367
493
0
0
222
0
0
176
497
251
0
23
48
0
0
75
0
32
5
0
0
0
0
0
444
0
0
0
0
44
0
0
105
694
0
0
0
0
0
0
0
0
0
0
0
0
0
0
0
0
300
1178
0
0
70
0
0
0
0
0
0
466
0
72
561
0
0
149
0
0
0
0
173
690
947
314
552
1099
0
656
593
512
0
0
0
0
1165
0
0
318
86
0
0
274
0
0
0
0
0
286
0
102
65
0
0
0
0
0
0
0
0
0
0
0
244
10
0
0
0
0
0
0
31
315
0
0
0
0
0
0
0
0
0
0
0
60
254
0
0
0
0
0
0
0
0
45
0
0
0
0
0
333
746
500
305
941
891
85
0
0
0
0
0
0
15
871
1080
90
1243
0
0
0
0
0
0
0
0
0
0
0
0
0
0
0
8
284
0
0
0
73
0
0
0
12
0
0
0
0
116
0
0
0
0
0
0
11
86
0
0
0
0
0
0
0
266
402
14
161
266
0
0
0
199
66
0
0
0
69
364
12
0
644
95
0
0
64
0
0
0
0
586
153
0
0
198
0
0
340
0
0
0
0
0
201
1204
113
165
788
398
14
0
432
0
0
0
0
0
0
0
0
0
0
0
230
208
0
0
0
0
0
0
56
0
0
596
769
75
0
0
0
0
66
102
11
0
0
0
0
0
0
0
70
405
221
48
0
0
86
0
0
0
0
0
0
9
132
258
137
133
116
0
0
0
0
0
0
98
0
19
37
170
178
0
0
0
0
86
0
0
0
0
0
11
132
0
0
0
0
119
99
0
100
0
0
0
33
130
376
5
0
0
0
0
0
0
0
0
0
22
106
0
0
0
0
163
0
0
0
0
0
18
156
256
0
0
0
177
548
0
49
0
0
0
37
227
419
0
170
190
320
0
0
111
474
663
248
0
0
497
0
0
0
0
0
43
97
145
708
9
0
0
546
333
0
0
0
0
74
0
0
0
0
0
0
0
271
0
75
0
0
0
0
0
0
0
0
0
0
85
81
0
0
0
0
0
0
317
133
0
0
0
0
0
0
0
0
0
0
0
0
0
0
0
0
0
0
0
0
0
0
0
0
0
0
0
0
0
0
0
0
0
0
0
0
165
114
0
0
0
0
0
880
691
69
0
0
0
120
964
0
0
0
0
0
802
602
112
0
0
68
787
845
0
0
0
0
0
0
0
0
0
0
0
0
0
0
0
0
0
0
0
0
0
0
0
0
0
0
0
0
0
0
0
0
0
0
0
0
0
0
0
0
0
0
0
0
0
0
570
63
0
0
0
0
138
0
0
263
0
38
36
1178
583
185
573
0
0
0
0
0
448
359
0
452
449
0
0
0
0
0
0
0
38
413
490
0
24
491
0
0
0
0
0
0
0
76
0
0
0
0
100
782
624
176
0
0
0
0
0
93
96
0
0
0
0
0
705
212
0
20
94
0
0
0
0
26
0
0
480
743
246
0
0
302
42
0
0
55
0
0
25
752
310
0
0
0
36
81
7
0
0
0
0
0
0
0
0
0
0
0
87
0
0
0
0
0
0
0
0
0
0
0
0
0
0
45
0
0
0
0
0
0
0
0
0
0
0
0
0
0
0
0
0
229
0
0
0
60
0
55
0
0
501
244
16
90
0
0
0
488
133
0
18
0
0
714
455
0
0
0
0
0
680
0
0
0
175
0
0
371
0
0
0
0
0
216
84
60
0
219
0
0
0
0
0
0
0
0
131
4
40
11
69
76
0
0
86
0
0
0
0
85
0
71
0
63
262
0
2
89
0
0
0
64
48
164
0
38
85
51
0
0
0
0
52
0
0
0
10
86
52
29
77
0
0
0
55
255
170
0
0
0
111
18
11
194
126
0
0
0
33
0
0
0
35
9
16
18
153
0
0
0
0
24
0
0
0
0
0
22
59
85
0
0
0
0
0
0
0
0
0
0
10
58
43
43
148
14
0
0
163
139
106
68
0
41
62
0
0
0
54
78
8
29
0
0
27
27
95
78
14
0
0
116
0
0
0
0
97
34
137
128
87
24
57
188
10
0
0
0
39
160
0
86
22
112
0
0
0
0
0
0
0
0
0
0
0
0
186
1
0
0
50
0
0
0
0
0
0
0
0
86
135
135
0
178
0
0
0
50
43
0
36
0
69
213
194
43
77
27
57
51
90
74
247
84
7
163
385
345
438
352
538
1915
270
0
0
0
0
0
148
109
393
622
1051
1214
530
0
0
0
0
0
0
4
0
0
245
705
0
0
0
214
0
0
83
0
0
0
0
0
0
318
177
438
0
0
0
129
0
0
105
0
0
0
7
0
0
0
0
0
173
0
0
36
0
0
53
241
0
0
0
82
124
133
0
0
420
0
0
1523
1240
0
0
42
61
0
0
0
0
539
423
0
1059
0
0
0
166
0
0
0
0
0
0
0
0
0
0
0
342
183
169
0
0
47
0
0
0
0
0
0
0
0
57
522
187
0
0
0
0
379
0
0
164
175
92
248
304
406
0
0
0
0
107
0
0
0
20
33
542
765
0
0
0
0
0
203
0
0
0
162
480
387
0
0
0
0
0
21
0
0
0
285
158
16
720
588
385
417
0
0
0
0
0
39
108
129
323
759
1157
549
217
0
128
0
0
154
0
204
694
102
9
453
541
404
0
89
0
0
0
0
0
0
0
0
0
0
365
0
59
0
0
0
0
0
0
0
0
305
0
501
87
40
0
61
0
0
0
0
80
0
26
0
152
125
0
0
0
0
348
0
0
374
237
303
0
0
106
0
0
0
0
0
0
0
462
379
0
0
91
187
292
0
0
61
11
0
0
442
0
0
0
0
65
238
506
53
323
0
0
0
44
0
630
88
0
51
35
620
217
0
0
0
0
0
0
152
95
0
0
0
2
0
114
0
0
0
25
0
0
0
0
0
18
255
0
0
0
0
0
0
0
0
0
0
0
0
10
41
0
16
169
0
0
70
133
80
0
0
0
0
0
0
0
0
0
0
0
74
154
0
0
0
0
0
0
130
76
0
0
0
0
135
21
0
0
0
0
0
0
0
0
0
0
0
0
54
0
0
0
16
0
0
0
0
0
0
244
48
205
3
0
0
0
165
299
50
0
302
273
192
119
236
119
0
0
104
372
10
0
0
189
197
179
42
46
104
0
84
0
192
0
0
0
0
0
141
13
207
43
0
0
0
0
0
0
17
0
0
0
0
217
109
0
0
0
0
0
0
0
0
0
0
0
0
0
0
63
0
50
103
0
0
0
116
0
0
0
0
56
294
101
0
530
165
48
105
264
1
0
0
33
47
234
0
0
0
0
0
0
0
0
323
0
0
0
51
0
0
0
379
0
0
296
274
141
2
0
47
137
0
0
0
0
9
152
268
293
153
55
0
0
0
0
0
0
52
203
292
86
0
124
0
0
0
0
0
0
89
36
52
315
0
0
0
0
0
0
0
0
0
0
21
0
0
0
0
0
18
0
0
0
173
338
16
0
61
258
288
219
13
0
22
0
0
0
249
0
0
136
574
477
169
0
0
0
0
0
0
294
0
0
54
0
34
283
55
0
0
0
0
0
52
0
0
157
0
0
0
0
0
0
0
0
0
0
0
0
0
0
17
0
0
0
0
14
8
0
83
317
0
0
0
0
0
0
0
0
29
66
0
0
287
34
0
0
22
84
0
0
0
45
141
0
0
0
0
0
0
100
0
26
0
0
0
0
0
0
0
79
0
76
7
0
0
49
0
19
0
0
0
17
29
0
40
0
0
0
65
41
0
11
27
0
0
0
0
0
0
0
0
16
0
0
16
0
0
0
0
3
0
39
0
52
0
0
20
0
0
0
0
586
505
0
0
0
0
0
0
30
89
15
0
0
212
70
0
0
0
67
0
14
50
111
211
115
0
0
0
0
16
22
20
3
0
95
0
0
0
0
0
0
0
0
0
0
9
36
68
0
0
0
0
0
73
0
23
0
0
0
0
60
0
0
0
0
0
0
0
0
0
0
0
0
25
0
0
0
0
116
42
101
110
0
0
0
0
0
0
0
0
0
0
100
80
0
0
0
0
0
0
0
5
0
0
0
0
0
0
0
0
0
0
25
0
218
348
191
0
0
0
0
0
14
0
244
69
0
0
254
331
75
0
225
177
0
0
4
57
85
0
60
0
0
0
0
0
0
0
71
13
55
0
0
745
79
0
0
0
0
199
1023
91
0
116
33
59
767
469
118
0
236
192
727
308
94
0
23
38
0
0
0
247
394
293
0
0
0
0
0
0
18
149
456
98
0
0
330
0
0
0
9
13
0
53
10
0
0
0
0
470
567
354
0
316
124
0
0
0
0
265
757
0
0
236
84
96
441
397
4
0
0
0
0
0
0
0
0
9
0
176
492
144
15
0
0
112
0
0
0
28
66
0
184
127
174
172
28
46
16
601
187
46
89
0
187
0
268
92
50
0
44
0
0
0
0
0
40
177
140
298
0
0
0
0
0
0
829
0
0
443
578
275
25
0
0
202
0
0
0
0
0
0
140
528
403
180
0
0
0
0
0
0
0
0
0
0
0
459
0
0
0
0
0
0
0
18
7
179
0
0
0
0
0
0
0
10
0
0
0
0
0
0
540
0
20
0
0
0
881
1155
0
0
0
526
693
718
0
0
0
0
0
0
0
60
0
0
881
494
138
0
0
0
0
0
0
0
0
0
0
0
0
0
0
0
0
80
0
0
0
0
0
0
0
0
0
0
0
0
0
645
0
0
0
0
0
0
0
0
0
0
0
39
667
21
0
659
0
0
0
0
0
0
18
0
65
88
14
0
0
0
0
0
0
0
290
0
0
57
274
0
0
0
0
0
0
0
0
0
0
0
78
65
0
0
0
151
0
0
87
103
0
0
0
140
298
70
0
243
0
0
0
0
618
218
50
0
184
314
45
0
0
0
0
0
0
0
528
115
0
36
214
0
0
102
100
233
473
0
0
122
328
0
26
0
0
0
0
436
808
0
0
0
0
391
0
117
34
348
417
0
92
486
692
213
226
159
277
28
119
0
377
281
0
0
153
1305
694
0
0
0
0
30
0
0
0
0
0
0
0
0
0
0
223
0
39
0
0
0
0
0
234
0
0
0
0
0
3
0
276
0
0
0
0
0
0
56
0
0
0
0
0
104
117
222
310
24
0
0
15
327
93
0
0
0
0
114
0
0
0
0
292
0
95
0
0
0
0
0
0
0
0
0
0
0
0
0
0
0
0
0
18
128
345
180
84
0
0
0
0
0
0
0
0
0
70
263
306
116
0
0
0
0
26
324
0
0
0
0
258
290
0
0
78
34
0
167
117
0
0
0
0
0
76
0
0
489
0
0
0
0
0
0
0
0
0
0
0
0
0
545
0
0
0
0
0
0
297
396
17
0
0
101
310
216
0
0
0
0
0
0
0
22
90
28
0
0
0
0
0
0
0
26
0
0
291
100
167
99
281
0
9
0
0
36
1
0
0
0
85
0
0
0
0
1
0
41
0
181
0
0
208
0
0
0
0
0
0
0
243
0
165
0
0
194
0
0
0
0
13
201
0
168
0
5
0
0
0
0
0
146
239
66
175
0
0
0
0
0
0
0
0
120
33
0
0
141
0
0
140
253
29
0
0
95
0
0
67
435
491
379
36
13
214
0
0
78
0
0
0
0
258
600
66
0
252
718
158
0
0
0
159
0
0
59
117
165
0
136
460
0
0
0
0
126
0
0
0
9
332
0
89
59
0
0
0
182
291
0
0
0
0
704
179
100
82
0
334
219
175
0
0
296
277
210
240
273
83
0
0
0
0
0
0
0
0
0
0
0
0
70
0
0
0
0
0
0
0
0
0
0
64
45
189
89
0
0
0
0
0
0
0
0
0
0
0
201
245
231
107
0
0
0
0
0
298
0
0
0
0
80
257
0
0
0
0
0
129
371
55
0
0
0
0
184
181
0
0
48
284
0
103
0
0
0
0
0
0
0
0
0
0
0
0
0
0
0
0
0
0
0
0
0
116
181
98
60
48
0
0
0
0
0
0
0
0
87
119
51
20
45
16
0
0
0
0
0
0
0
0
0
0
0
0
32
0
0
0
0
0
1
0
63
45
21
17
59
0
0
8
0
92
105
12
0
0
0
19
23
0
0
0
0
0
0
18
0
0
0
0
7
0
0
0
0
0
0
0
0
0
126
26
0
92
110
112
11
0
0
0
0
12
7
0
0
0
0
49
84
0
0
0
0
0
11
0
0
0
0
0
0
120
0
27
0
0
19
0
0
0
0
0
0
35
0
0
7
27
0
1
66
0
2
12
0
0
0
0
0
0
16
15
40
1
0
11
0
0
0
0
39
0
99
51
13
73
94
185
158
42
37
50
119
93
47
127
34
51
126
212
184
281
0
6
267
0
0
4
167
0
20
59
0
368
369
0
0
60
0
0
0
197
0
54
0
0
0
0
0
171
0
0
0
0
210
8
60
0
0
0
0
109
16
0
0
287
0
75
156
0
81
0
0
65
0
0
79
0
0
0
0
0
0
90
132
0
0
92
426
0
0
0
0
0
0
0
50
190
0
0
0
0
0
7
0
0
0
0
0
0
52
0
0
0
0
104
0
0
0
0
0
0
0
410
265
50
0
0
255
0
384
87
0
25
64
150
249
188
0
0
0
0
0
775
258
235
116
0
0
381
0
0
0
0
53
0
133
140
77
22
0
0
0
106
0
0
64
0
0
294
0
127
0
76
0
0
64
0
0
0
0
240
403
0
78
51
0
20
0
0
0
0
0
0
0
0
0
0
0
143
44
0
0
0
0
0
61
0
0
0
0
0
0
0
0
0
509
289
301
1077
1021
0
0
0
0
0
0
0
256
1559
1215
250
1018
167
0
0
0
0
0
577
134
0
0
49
0
0
952
0
14
68
0
0
323
0
0
0
0
0
0
0
0
6
95
0
0
16
0
0
0
156
37
0
0
0
0
0
0
17
169
0
0
0
0
0
0
0
0
0
0
0
0
0
0
0
0
844
574
0
0
0
0
0
0
0
0
0
0
498
882
874
576
463
13
0
0
0
0
0
1069
0
0
1200
1372
37
0
85
0
0
0
0
0
0
0
0
0
0
0
0
0
0
194
392
0
0
884
1597
407
373
877
899
275
0
0
541
33
0
0
0
0
0
0
0
0
0
0
0
0
0
0
0
0
0
0
0
0
0
40
0
0
0
0
0
0
0
0
331
0
9
353
786
296
0
0
0
0
0
4
592
782
121
0
212
149
244
0
0
0
0
224
382
246
15
0
0
0
646
200
0
0
0
0
0
0
0
0
0
0
0
0
0
0
0
0
0
0
0
0
0
0
0
0
0
0
0
0
0
0
0
0
0
0
54
0
0
0
0
0
0
0
0
0
0
0
0
415
58
0
0
0
0
0
0
0
0
0
0
1072
1070
848
1017
7
0
0
0
0
0
0
188
119
109
285
553
0
0
0
0
0
0
0
0
7
0
30
105
0
0
126
0
0
57
147
0
0
551
719
553
867
1045
837
88
0
0
125
0
0
0
0
0
0
750
0
91
636
768
409
181
0
0
96
0
0
0
0
0
39
235
724
669
31
0
29
5
0
0
0
0
253
0
0
0
326
6
0
36
46
0
0
0
65
231
93
0
0
0
64
0
14
89
0
0
0
0
0
0
0
216
0
684
43
0
26
440
375
0
0
168
300
269
354
0
211
106
15
0
0
175
81
0
0
679
489
353
0
0
0
0
0
0
121
0
0
0
0
16
136
0
0
0
149
43
139
0
0
0
0
0
0
0
0
0
0
84
505
264
0
0
0
0
0
0
16
0
0
0
0
491
683
121
369
0
0
0
0
275
0
0
0
0
0
117
152
0
0
0
0
0
0
0
0
0
0
0
0
0
0
0
0
0
0
0
0
0
0
44
0
0
113
0
0
0
0
0
0
8
48
268
0
0
0
0
0
0
0
0
0
0
0
0
164
0
0
151
0
0
0
0
0
187
172
0
0
239
20
0
429
219
100
0
0
0
0
322
0
0
361
38
41
314
302
0
0
0
0
44
29
0
0
67
26
0
0
0
0
0
0
0
0
0
0
0
0
0
0
0
0
0
0
0
0
0
0
0
67
0
11
0
0
0
0
0
200
499
0
0
104
17
0
0
0
0
0
379
0
70
124
0
0
241
230
0
96
0
0
102
515
291
289
502
0
0
263
610
43
120
0
0
0
0
0
0
0
0
0
282
279
77
113
1
0
164
0
0
0
0
0
115
59
124
152
35
0
161
359
314
278
233
76
67
308
0
72
70
0
0
0
0
0
0
621
34
0
0
0
0
0
0
120
28
0
0
464
531
0
0
0
0
0
0
0
267
1
473
865
426
0
149
247
190
39
0
0
0
125
0
51
441
441
0
325
0
0
208
61
0
0
232
0
0
0
0
0
0
0
139
292
88
0
0
0
29
209
0
0
12
0
0
119
179
184
14
0
0
0
0
447
583
78
0
0
0
14
122
93
0
357
374
171
502
186
178
0
0
344
147
164
20
0
217
126
28
0
227
0
0
0
0
0
20
15
0
351
284
0
67
198
29
0
200
0
0
0
0
0
4
509
158
256
218
188
231
151
119
0
25
0
0
0
293
0
55
0
0
0
142
0
153
175
30
0
0
326
283
301
96
537
503
114
0
271
210
35
0
0
266
19
0
269
433
952
450
138
16
0
0
0
0
9
0
0
37
379
300
73
0
0
0
0
0
0
0
0
0
0
46
0
0
0
0
0
0
0
0
0
0
0
0
0
0
0
0
0
0
0
0
0
0
0
0
0
0
39
144
0
0
0
0
0
0
0
0
243
0
0
0
50
0
0
0
0
0
8
0
553
0
39
0
0
208
710
0
0
0
0
0
761
264
0
0
0
0
150
656
0
0
0
0
0
563
0
0
0
0
0
0
0
0
0
0
0
0
0
0
0
0
0
213
0
0
0
0
0
0
0
0
0
172
0
0
50
0
0
0
0
34
0
82
0
0
0
0
80
0
0
0
0
0
0
0
0
0
0
0
23
90
0
0
0
0
0
0
82
0
0
0
0
0
325
174
0
0
0
22
168
0
61
43
0
0
291
361
180
0
0
62
0
0
127
647
410
0
0
107
225
0
0
0
178
0
96
0
487
1
0
0
0
0
0
0
0
137
86
0
33
18
0
0
0
0
0
70
0
0
168
196
35
41
0
0
0
212
225
9
229
0
121
297
270
83
56
13
178
312
0
16
333
0
0
165
202
47
44
0
425
578
546
22
0
241
0
0
662
216
390
1
11
278
436
189
0
0
0
0
0
0
0
250
0
0
30
342
327
0
0
0
0
0
0
0
0
0
0
102
0
725
48
0
0
0
250
97
0
0
0
0
129
166
20
402
81
0
212
0
0
0
0
0
0
0
253
0
50
0
0
0
0
0
110
0
0
0
0
0
0
0
0
82
208
0
0
0
0
0
0
60
0
0
0
0
0
0
0
0
0
0
0
0
0
0
49
456
90
0
207
130
0
0
0
0
0
0
0
0
442
379
69
402
256
0
151
0
0
0
0
0
0
56
225
0
0
0
0
88
0
0
0
23
209
61
0
0
83
0
0
0
2
0
0
0
0
0
0
0
140
0
0
0
0
0
0
0
0
0
0
0
0
210
0
0
0
0
0
0
0
0
0
0
0
0
433
268
0
0
0
0
0
0
0
87
0
0
0
0
0
0
170
0
0
0
0
0
0
147
0
265
573
376
356
0
0
0
0
0
0
0
0
0
0
0
0
0
0
0
0
0
0
0
0
156
282
5
0
28
233
54
0
0
0
0
0
0
0
0
0
0
38
0
0
0
0
0
0
0
0
0
0
0
0
0
0
0
0
0
85
0
0
0
0
0
0
0
0
0
0
0
0
0
0
0
0
168
108
0
0
21
0
215
487
0
0
0
0
0
332
161
160
0
0
41
211
331
0
0
0
0
0
87
0
0
0
0
0
0
19
0
0
0
0
0
0
0
126
27
0
0
0
0
0
0
0
0
0
0
0
0
0
0
0
0
0
0
0
0
21
0
0
0
39
59
0
0
0
0
43
0
0
75
19
0
0
0
0
0
0
0
0
0
0
0
272
108
0
0
88
0
0
155
0
0
0
0
8
242
161
5
0
85
0
0
0
0
0
16
65
0
34
110
0
0
0
0
0
0
0
45
0
0
0
0
0
571
90
37
413
0
232
99
221
500
0
0
0
74
0
210
481
0
0
0
0
0
158
174
0
0
49
0
0
0
0
0
0
0
0
0
252
0
0
0
0
0
0
0
0
0
0
0
107
0
0
0
0
0
0
104
1478
1192
0
304
0
0
0
137
5
0
0
377
888
675
225
0
777
101
147
0
228
0
297
575
674
0
0
0
0
163
95
0
0
0
0
0
0
0
0
0
0
0
0
0
0
31
264
0
0
0
0
0
0
0
0
0
0
0
0
20
0
0
0
0
0
0
0
137
0
207
0
0
0
65
0
0
0
0
0
0
78
474
0
0
0
0
0
0
0
0
0
0
938
437
0
0
0
0
0
0
124
0
0
0
0
0
0
0
0
282
0
0
70
146
466
506
395
274
0
0
247
172
136
6
7
0
0
27
291
286
0
0
0
218
382
33
0
19
0
0
0
127
0
25
0
179
386
303
73
80
60
0
0
0
0
0
0
0
0
0
0
0
0
73
0
0
0
0
0
0
0
0
0
0
79
0
15
0
0
0
0
0
0
0
0
0
0
0
0
0
0
78
275
450
0
0
0
328
338
280
0
0
0
0
0
0
238
0
0
55
534
384
0
0
0
0
0
0
0
0
0
0
0
311
0
0
0
0
44
0
0
0
179
101
0
159
340
0
512
285
147
128
0
0
0
0
0
0
0
32
0
0
232
81
0
0
0
0
0
0
0
110
88
0
94
42
0
0
23
0
0
0
0
0
0
0
0
0
0
0
0
392
307
428
680
256
0
0
594
0
0
0
53
344
75
0
246
129
0
0
751
989
493
0
0
0
17
0
0
635
0
0
395
909
455
14
0
0
0
121
0
163
684
22
0
0
0
0
26
256
0
0
215
0
0
411
199
0
0
0
188
448
0
106
0
23
41
0
0
0
0
0
252
0
0
0
0
0
0
220
106
354
0
0
0
1286
0
0
0
85
30
33
261
346
686
1109
311
0
1050
764
208
1055
988
0
59
255
166
953
921
634
0
0
0
0
229
468
230
0
258
0
497
988
613
0
0
0
0
0
502
742
192
0
0
0
1261
300
0
0
0
0
172
414
115
156
92
0
0
0
844
203
0
0
0
467
0
0
137
16
0
0
0
115
92
335
112
50
0
0
231
28
233
291
48
0
0
0
0
469
311
64
328
741
181
119
0
0
70
0
0
516
1247
666
107
92
628
20
399
118
239
236
0
737
1934
516
0
247
0
545
0
324
308
0
0
0
241
46
0
0
0
114
497
0
238
242
0
0
88
0
0
0
0
0
0
425
134
94
370
56
0
0
0
345
0
0
0
0
164
277
139
0
0
0
0
0
837
0
0
0
0
231
365
343
0
43
0
0
724
119
0
0
112
80
44
303
427
42
752
1159
459
0
0
0
121
861
98
0
8
809
334
530
1254
0
0
0
0
78
1160
0
0
0
635
111
418
127
0
0
129
18
0
405
0
0
0
44
57
45
532
151
180
0
0
0
0
0
0
0
76
40
0
0
0
0
0
0
0
127
0
0
0
0
0
0
0
0
0
0
0
223
127
113
109
0
184
0
0
0
0
235
638
746
510
432
257
629
0
119
0
0
0
0
172
691
0
0
0
143
539
0
117
0
367
0
0
0
37
0
0
0
0
401
0
221
466
567
253
0
0
0
0
0
137
0
555
0
114
0
0
70
0
0
0
162
279
237
0
338
126
220
0
0
0
621
315
338
141
58
10
0
22
98
382
0
0
0
135
0
134
0
63
70
150
140
0
372
0
0
330
253
0
109
0
473
86
0
97
64
567
266
0
55
4
0
0
0
0
0
0
0
0
1291
666
579
627
206
0
0
0
0
225
0
0
27
965
812
762
343
1557
304
0
0
192
95
168
139
0
285
996
205
0
118
172
0
0
203
102
441
0
0
0
7
0
0
0
280
0
0
0
67
0
0
0
0
543
0
0
0
0
0
0
0
0
0
0
0
0
0
0
128
338
141
0
371
193
0
0
0
0
0
0
0
0
409
772
150
1053
0
0
0
0
0
0
0
0
0
0
0
0
0
0
144
33
0
0
0
0
662
719
0
0
245
22
0
413
96
0
0
0
0
0
0
0
0
0
197
0
0
0
0
0
0
0
0
0
0
62
0
0
0
0
0
0
0
0
0
0
0
0
446
118
0
0
0
0
0
0
0
518
0
0
0
0
0
0
179
0
0
0
0
0
123
324
0
431
509
3
146
31
0
0
0
0
0
0
0
0
0
0
0
145
83
0
83
0
0
0
0
0
0
0
0
0
130
12
0
0
0
0
206
276
315
465
298
0
276
234
0
0
85
85
93
134
166
130
371
252
98
15
0
0
0
0
0
166
0
0
160
94
0
0
38
0
275
264
0
0
333
0
0
0
0
0
232
11
0
0
112
63
0
403
0
0
0
0
0
0
0
29
0
0
113
0
71
0
26
47
0
83
122
110
0
0
0
0
0
0
0
24
58
0
0
0
0
0
0
0
135
103
12
0
251
351
1
4
8
0
379
0
75
114
0
0
0
46
422
115
0
71
0
379
0
281
122
2
20
0
75
281
232
0
0
109
145
110
707
517
700
95
0
0
342
0
0
0
0
10
0
79
454
472
78
0
0
0
34
0
0
0
47
0
481
243
232
154
0
0
0
459
269
0
0
0
351
335
0
82
138
0
0
0
0
0
73
580
0
33
231
182
91
51
0
0
0
0
0
96
0
0
0
338
293
70
0
0
7
0
323
283
0
0
0
50
267
237
0
1
80
0
381
73
0
35
113
47
20
74
0
0
46
0
0
0
77
81
0
0
0
0
327
0
0
85
102
0
128
51
0
0
0
0
69
133
0
0
0
0
0
0
0
600
266
0
0
0
0
0
0
0
0
0
0
0
189
0
0
344
0
0
0
0
238
170
22
0
0
517
0
0
150
0
0
233
0
0
152
242
0
0
333
76
374
186
0
0
213
235
0
348
630
0
0
0
0
0
0
0
0
395
162
0
94
169
0
35
0
0
0
0
0
47
108
0
0
0
277
0
0
0
441
406
71
0
121
0
0
0
0
0
0
0
0
0
97
0
0
67
123
166
0
0
0
0
0
31
184
0
0
0
134
198
360
18
0
277
0
339
151
0
0
0
0
0
241
467
131
44
0
0
0
0
0
0
0
0
0
0
353
42
18
0
0
0
0
0
0
0
0
596
0
271
45
170
0
86
311
330
0
0
365
465
371
98
154
148
12
0
0
0
246
143
0
0
0
0
0
37
340
25
0
0
0
206
0
0
92
0
0
0
208
574
265
37
0
0
73
0
0
286
0
0
0
98
264
87
370
0
0
0
0
0
0
0
0
0
137
65
203
861
0
0
0
0
0
0
208
0
238
270
109
15
400
93
0
100
73
260
238
222
0
436
76
0
93
598
0
0
0
0
0
0
0
0
743
0
0
0
0
0
0
0
0
777
274
0
0
0
0
0
0
0
129
0
0
223
13
0
0
0
0
0
0
0
0
0
131
642
0
0
0
0
0
0
0
0
0
0
0
301
122
20
0
199
383
0
93
0
0
0
0
0
0
176
151
0
58
0
0
94
0
0
0
0
0
0
0
0
261
0
0
0
0
0
0
0
118
0
0
428
757
0
0
0
0
0
0
0
0
326
435
0
676
69
0
0
0
0
0
0
0
0
0
0
0
0
505
0
0
0
0
0
0
0
0
0
0
0
0
0
0
0
0
0
0
0
0
0
0
219
0
471
695
71
522
6
0
0
0
0
0
0
0
0
0
0
0
0
0
0
0
0
0
0
0
0
0
0
0
345
362
0
0
0
0
0
184
503
0
81
17
0
0
0
0
0
0
0
0
191
226
96
178
0
0
31
89
67
0
0
0
0
0
0
0
589
974
500
133
840
829
285
0
0
0
0
0
0
0
710
820
261
1092
0
0
0
0
0
0
85
0
0
0
0
0
0
0
0
96
0
0
0
0
39
180
0
0
0
0
0
6
0
0
0
0
0
0
0
0
141
211
0
0
0
0
0
0
0
0
0
34
67
0
402
0
0
87
227
0
0
0
92
0
205
0
0
90
0
0
170
0
0
0
0
234
0
0
319
517
545
309
379
0
92
0
0
0
0
342
0
0
108
610
0
0
257
424
0
0
0
0
97
0
0
0
0
0
691
835
0
0
0
0
0
395
656
499
486
904
994
562
0
12
95
22
0
0
0
0
0
309
1140
239
0
80
75
0
0
0
0
0
0
272
747
269
0
0
0
123
0
0
0
0
5
0
0
0
0
0
0
0
0
0
0
0
0
311
158
0
0
0
0
67
745
0
0
19
44
99
656
378
4
0
0
43
83
411
0
39
19
37
0
0
15
173
189
0
0
10
269
64
0
0
83
47
0
0
1164
624
0
0
0
5
0
0
0
149
333
1
0
413
0
0
0
74
0
0
17
0
37
0
0
0
99
0
0
305
249
0
33
110
0
0
0
0
0
0
0
0
0
0
0
0
103
0
199
91
0
0
0
0
0
0
151
0
0
118
0
224
124
130
0
0
0
0
0
0
0
62
145
54
35
60
0
0
0
0
0
0
0
228
0
0
0
0
0
0
0
0
846
0
126
393
259
0
0
0
0
22
0
0
0
0
0
0
121
155
0
0
0
0
0
0
0
0
0
0
0
0
0
135
0
0
0
0
0
0
0
0
0
0
130
10
0
0
0
0
0
0
0
124
45
0
0
0
0
0
0
0
0
0
283
295
0
0
155
127
130
101
0
0
0
0
0
0
243
0
0
0
703
664
421
0
0
0
0
0
0
110
0
0
0
0
7
10
0
0
0
0
0
0
0
0
0
52
0
0
0
0
0
0
0
0
0
0
0
0
0
0
0
0
0
0
0
0
0
0
0
368
57
0
271
0
0
0
0
0
39
0
0
0
0
0
0
0
0
0
0
0
0
142
135
0
0
0
0
0
0
0
240
0
0
5
154
139
218
224
153
0
0
0
0
0
0
0
39
63
72
164
194
0
0
0
0
0
0
19
0
0
15
200
296
66
85
0
0
0
175
0
0
67
64
10
125
0
22
165
192
0
233
86
57
122
204
34
0
0
0
0
0
12
247
16
0
0
228
387
57
24
2
0
0
109
153
120
0
0
0
98
346
90
66
19
307
0
0
0
0
0
0
0
254
95
47
70
467
302
0
13
289
0
0
0
0
0
30
19
0
127
0
0
0
197
178
0
0
0
0
0
0
0
177
213
0
0
0
0
0
159
44
23
124
0
0
0
515
349
0
225
0
78
174
158
65
8
0
0
0
0
89
0
0
0
150
0
0
0
0
64
0
0
0
10
0
0
0
0
0
0
0
0
27
0
0
0
0
0
0
0
276
0
0
0
0
0
0
0
0
0
480
165
0
0
0
0
0
0
176
69
0
0
0
0
0
0
0
0
0
0
40
0
28
0
858
170
0
132
34
0
734
1908
275
48
0
0
40
681
463
343
2317
3357
325
627
319
26
0
0
0
327
0
0
95
1749
1090
0
0
0
111
0
0
0
507
1182
300
0
0
0
0
94
180
606
0
0
0
0
0
0
0
0
0
0
0
0
0
0
0
0
0
0
0
131
0
0
0
154
0
149
0
0
0
0
47
0
0
0
0
0
179
6
0
0
0
0
0
0
0
0
202
162
102
814
0
0
0
0
0
0
0
12
0
0
438
419
0
0
0
38
0
0
0
0
0
0
0
0
0
0
0
0
95
0
55
26
0
0
0
0
225
0
0
199
193
272
41
52
141
0
0
55
119
0
0
0
148
188
199
0
75
238
82
52
0
0
74
0
0
167
96
83
16
77
104
0
0
0
0
14
0
0
0
0
88
61
39
0
0
0
0
0
0
0
0
268
0
260
69
73
0
377
291
0
0
0
175
131
271
0
22
36
65
0
0
0
0
4
0
61
0
0
0
0
0
50
0
0
0
79
108
0
259
0
0
0
0
53
227
95
150
84
254
0
0
302
0
0
0
0
0
170
535
318
122
0
0
0
81
0
205
164
104
0
130
499
359
0
8
0
0
0
0
139
299
173
0
0
0
0
158
0
0
0
64
0
178
251
0
0
0
0
0
0
0
0
0
0
0
72
0
0
0
123
416
166
118
254
0
0
0
0
0
0
0
0
0
18
137
185
0
0
0
0
0
0
0
0
0
0
0
0
23
111
0
0
939
1396
107
0
0
0
0
0
0
402
1538
841
0
1415
472
0
0
0
0
0
0
0
0
5
0
0
0
0
0
0
0
0
0
78
0
0
0
0
0
0
0
0
0
0
0
0
231
79
0
0
0
0
0
0
0
0
0
0
0
50
0
0
182
0
0
0
0
0
0
0
0
0
0
0
0
0
0
71
0
0
0
0
0
0
0
0
0
0
780
1497
1602
691
154
0
0
0
0
0
0
0
0
0
1042
1501
314
0
0
0
0
0
0
0
0
0
0
0
17
0
0
150
0
0
0
0
0
0
439
0
765
1712
964
10
0
0
0
0
59
0
76
121
14
0
0
0
56
0
0
0
138
0
0
0
0
23
37
236
405
384
326
0
0
33
224
216
117
0
0
240
346
0
0
71
460
130
0
19
191
0
0
0
1
86
0
0
0
116
341
0
46
95
0
0
0
0
19
0
312
0
122
211
0
54
4
0
0
0
10
0
107
0
0
49
251
28
22
0
44
181
0
0
458
211
8
90
0
12
69
21
0
0
355
0
0
425
179
441
350
180
287
49
75
41
0
303
0
0
0
0
0
5
69
205
80
0
77
143
271
11
0
0
0
0
190
0
0
148
0
0
114
408
0
0
0
0
0
204
0
0
19
0
0
214
57
276
167
0
125
0
0
0
0
0
39
0
0
0
0
0
97
0
0
0
132
142
0
0
0
207
204
296
244
283
759
389
195
76
0
0
0
0
0
282
837
335
0
0
87
25
0
0
0
0
0
0
0
0
0
0
0
0
0
0
104
0
0
0
110
0
0
0
0
0
0
348
50
0
0
0
0
0
17
37
251
554
162
0
0
0
72
0
0
0
0
0
63
627
906
0
0
0
0
0
0
0
240
809
546
0
0
0
296
561
519
103
0
0
0
104
504
0
0
0
0
300
572
175
26
0
0
0
0
477
0
0
0
0
398
0
0
90
22
76
0
0
141
233
0
0
0
0
0
792
104
67
205
0
0
0
0
0
0
0
0
98
41
0
0
0
0
0
0
0
142
0
5
230
0
0
0
0
0
0
0
0
0
0
0
0
0
0
0
0
0
0
28
271
0
0
0
177
0
0
320
478
149
167
0
274
456
0
0
0
0
0
308
491
747
417
0
0
0
0
0
0
0
238
749
740
152
0
34
0
0
0
0
0
0
228
739
409
1026
0
0
0
0
0
0
21
0
0
0
0
0
0
0
0
0
292
0
0
47
661
334
0
0
0
166
0
285
0
0
0
0
0
0
0
0
0
483
515
60
0
0
0
0
0
0
0
0
0
0
197
0
0
9
0
0
0
0
0
138
426
0
105
297
0
0
196
0
0
0
0
718
141
0
0
0
0
0
197
0
0
0
0
0
426
857
16
216
157
0
0
0
337
280
0
0
0
0
0
0
0
0
0
0
0
576
0
0
0
0
0
0
0
0
0
0
0
224
0
0
0
0
0
0
0
0
0
0
0
71
0
0
0
0
0
0
44
0
0
10
1
15
0
0
0
0
120
0
0
0
0
0
0
0
0
0
0
0
0
56
0
0
0
0
0
0
0
0
0
0
185
0
0
0
0
0
51
9
0
41
23
40
533
219
0
0
0
0
0
0
92
328
214
0
0
216
69
60
0
4
0
55
13
43
0
0
0
0
52
27
56
0
0
0
18
104
0
0
0
0
0
0
14
0
0
43
0
0
133
0
71
0
0
25
0
59
6
45
49
0
0
0
0
0
0
0
0
0
0
0
0
44
0
0
0
0
0
0
0
0
181
0
0
24
163
0
115
0
0
247
147
187
85
0
0
16
297
64
25
165
0
0
0
0
0
0
0
0
362
208
0
0
0
125
92
60
0
0
521
0
0
0
0
0
0
26
23
170
275
0
0
0
0
0
0
0
105
24
62
0
0
0
0
0
0
0
0
0
68
0
0
210
617
125
0
0
121
0
354
872
266
32
0
0
0
0
90
174
1059
1650
451
0
0
74
121
0
0
136
0
0
28
815
1057
0
42
0
0
0
0
0
223
965
590
0
0
0
0
107
621
615
12
0
0
274
838
0
0
208
0
4
0
122
29
15
24
0
20
766
0
64
0
0
0
0
0
262
145
39
0
0
595
192
0
0
0
0
51
269
177
217
0
0
0
0
407
0
24
0
67
420
89
0
0
0
0
0
0
0
0
0
227
391
0
0
0
0
0
0
0
0
0
0
0
0
0
0
0
102
0
0
0
0
165
38
0
0
82
311
0
0
0
0
0
0
0
62
0
0
101
0
0
0
0
0
0
0
0
3
0
0
0
0
0
0
0
168
0
0
0
0
68
283
146
0
0
105
0
464
554
112
0
0
0
0
0
18
328
23
22
350
361
185
40
0
0
0
0
0
0
0
0
207
0
0
0
0
0
0
0
157
184
0
0
4
0
0
0
8
39
0
0
0
120
314
0
0
122
0
0
0
0
0
0
0
48
94
291
0
65
0
0
0
0
0
246
96
0
96
117
228
31
89
0
0
42
7
35
0
0
74
185
225
0
236
225
142
232
276
7
0
0
0
0
204
276
0
0
44
0
0
0
0
0
0
0
0
0
0
0
0
0
139
100
0
0
0
0
26
0
0
16
0
0
0
562
321
0
14
395
376
29
0
0
134
0
0
0
0
0
0
0
0
272
37
0
0
120
0
0
0
0
0
0
0
0
222
0
0
0
0
0
0
0
113
29
262
0
0
0
0
0
0
0
0
0
0
0
0
0
0
0
0
86
117
46
0
317
712
63
0
0
297
545
453
50
0
125
0
0
0
0
305
0
0
418
210
0
0
0
0
0
0
0
0
0
0
0
0
0
0
0
0
113
0
0
0
0
0
0
0
0
0
0
0
0
0
0
61
0
0
0
0
168
0
0
0
0
0
0
0
0
0
0
139
0
0
0
0
0
0
51
0
0
0
0
0
0
0
0
0
0
0
52
0
0
0
34
0
0
0
97
92
0
0
0
0
0
0
0
0
0
0
126
235
157
331
61
10
0
0
0
0
0
0
0
108
0
0
0
0
0
0
0
0
0
0
0
0
0
0
0
0
0
0
0
0
0
0
0
0
0
0
0
0
0
408
0
67
0
0
0
0
0
0
242
390
448
21
0
0
1
0
0
0
0
12
0
0
130
217
0
1
0
0
0
0
0
168
350
176
0
0
0
0
104
0
0
0
0
0
0
0
0
0
0
0
0
0
0
0
0
0
0
0
0
0
0
0
0
0
0
0
0
0
0
0
0
0
0
0
0
0
0
0
0
0
0
0
0
0
0
0
0
238
286
348
35
0
0
0
0
11
0
0
0
0
0
299
52
0
0
0
0
0
72
0
0
0
0
0
0
0
0
134
0
0
0
21
0
43
125
0
0
0
136
0
0
0
0
188
0
0
37
3
0
0
22
173
181
0
0
0
32
0
26
195
0
0
0
129
0
0
0
0
0
16
0
128
1083
373
0
0
95
0
337
641
42
0
86
3
0
554
395
149
0
289
158
304
124
18
0
0
0
0
0
0
0
39
188
2
0
0
0
0
0
0
87
271
0
0
0
332
0
0
0
111
0
0
19
29
14
123
99
110
319
283
0
0
297
3
0
81
54
7
211
599
0
0
0
81
48
300
149
0
165
0
30
212
608
179
0
107
0
0
130
362
0
115
129
0
703
234
0
0
0
0
0
108
0
0
266
157
0
0
616
66
0
0
0
10
0
0
11
0
0
0
0
223
465
368
129
0
0
0
20
0
180
226
359
390
117
0
0
0
0
0
73
103
216
35
4
75
137
11
0
0
0
0
0
0
0
91
109
165
206
297
109
0
0
16
202
270
0
65
26
70
139
0
0
113
263
145
28
0
0
0
53
107
30
0
0
0
0
0
0
0
38
0
53
0
65
110
138
0
0
0
0
0
0
0
0
0
0
0
67
27
0
0
0
0
0
0
0
0
0
0
22
83
0
0
0
0
0
0
361
47
0
0
0
188
124
93
0
46
73
0
0
113
0
19
35
0
0
94
0
67
13
261
253
579
474
22
376
202
27
36
0
0
0
0
0
0
361
29
0
7
219
28
0
0
0
0
16
0
0
77
33
74
189
0
0
0
0
0
159
150
49
342
440
218
17
63
0
21
0
201
430
9
0
191
264
141
450
272
22
20
181
0
215
271
67
421
381
0
350
702
387
307
0
189
0
52
0
0
0
0
128
732
329
0
0
0
0
0
0
0
0
0
0
378
297
322
0
0
0
0
0
0
14
0
0
0
224
292
0
0
0
0
0
0
0
218
215
0
0
0
233
0
0
0
0
0
0
0
0
0
0
0
0
144
150
209
0
0
0
0
0
0
0
0
0
0
0
0
0
97
0
0
0
0
0
356
530
0
0
0
0
0
610
0
0
0
77
0
0
54
0
0
0
0
19
641
104
0
0
0
0
9
0
0
173
51
63
0
304
327
0
0
0
0
0
0
0
0
0
88
200
703
0
0
0
0
0
0
0
0
0
0
0
273
0
0
0
0
169
68
0
0
0
0
204
449
225
291
299
262
135
0
0
0
0
0
18
363
395
104
91
384
65
0
254
590
473
0
0
148
893
0
0
0
33
113
0
183
569
39
0
0
0
111
0
0
0
0
324
0
131
77
0
0
0
0
0
88
0
0
0
755
130
108
16
0
0
28
0
92
132
95
71
85
451
252
191
0
0
243
0
0
442
0
0
233
37
19
67
159
136
566
546
0
0
11
0
0
684
80
180
1
220
252
727
281
17
0
0
0
0
3
0
0
0
409
216
678
710
0
0
0
0
0
42
0
0
0
394
230
545
1063
229
0
0
0
0
561
0
0
0
176
196
148
415
192
32
0
0
0
0
0
0
0
10
59
0
0
0
0
0
0
0
0
0
0
0
348
382
901
877
621
168
0
0
0
0
16
0
123
288
33
369
1085
1132
338
0
0
0
0
0
0
481
218
63
330
0
0
0
0
0
0
0
0
362
186
35
28
0
0
0
63
0
0
0
407
212
309
159
1
96
0
0
0
1413
1666
0
442
0
209
0
68
110
274
0
0
704
1544
228
0
0
0
223
0
91
170
654
1157
537
0
0
0
0
40
80
259
113
107
295
394
0
0
216
0
0
0
116
0
0
22
147
0
0
0
0
0
0
0
300
0
0
0
0
76
0
0
0
0
0
0
0
0
44
670
218
309
63
0
0
0
0
0
0
0
239
647
18
403
203
116
0
0
0
5
0
0
732
594
0
354
36
226
177
0
0
0
0
0
0
0
0
0
11
0
231
42
0
0
0
0
0
565
103
414
280
170
81
0
0
10
60
0
0
0
0
600
876
0
0
5
319
0
0
0
0
0
0
0
114
0
0
0
0
0
0
0
0
0
0
0
0
65
0
175
0
0
0
0
30
466
200
0
98
802
687
0
0
0
0
0
0
0
102
272
235
0
41
129
0
321
305
46
0
0
90
0
0
0
376
0
0
0
0
0
0
0
0
212
0
0
0
0
0
0
0
0
0
0
0
0
57
0
0
109
0
0
152
0
232
462
0
0
0
90
0
0
0
0
0
0
0
0
0
0
0
0
556
0
0
0
0
252
0
359
0
0
0
0
0
642
107
462
0
152
25
0
0
0
0
0
197
0
355
436
69
81
0
0
0
0
315
341
0
178
8
0
76
2
39
0
0
0
0
11
13
33
36
124
0
0
0
0
0
0
0
31
140
93
27
0
8
23
0
0
307
420
307
115
325
355
360
186
0
33
0
0
0
0
218
183
0
112
0
0
155
14
50
3
4
0
0
0
0
0
0
66
21
162
12
66
0
0
0
33
0
0
0
0
0
0
0
19
12
0
0
0
0
0
0
150
0
0
0
0
76
32
0
0
0
0
0
181
441
238
0
0
77
96
45
0
66
0
57
0
58
153
3
0
11
37
71
0
0
124
0
156
195
170
255
416
206
89
92
66
18
0
0
0
0
0
0
215
0
0
0
110
0
12
0
0
37
11
0
0
0
0
91
65
0
0
55
0
0
213
269
190
76
20
96
87
0
61
54
29
248
291
81
0
178
0
0
0
0
0
177
529
168
152
43
0
224
73
0
225
558
191
0
0
625
39
246
0
229
394
83
284
996
462
35
15
0
429
0
195
122
0
0
0
451
73
166
0
0
0
313
109
178
291
0
0
94
0
0
0
0
71
0
76
53
87
311
394
0
0
0
184
0
0
0
0
30
114
155
0
0
0
0
60
260
0
0
0
0
171
233
378
0
0
0
345
544
45
179
0
0
3
0
199
381
15
3
619
586
427
34
266
48
536
14
0
10
591
441
322
485
0
0
0
0
137
916
0
0
0
483
171
535
0
0
225
255
216
0
100
0
0
2
91
23
37
291
0
83
15
0
0
59
188
75
49
150
62
43
57
0
0
0
0
204
368
0
44
34
0
0
221
23
86
53
7
36
32
0
16
0
0
0
0
0
0
321
173
0
16
228
70
49
0
4
82
201
0
0
0
0
0
0
0
0
189
0
0
0
130
572
0
0
0
0
0
83
961
118
51
0
0
0
352
272
231
943
1311
207
748
737
112
0
5
13
0
0
0
641
1144
565
112
192
0
166
5
60
0
409
1037
871
0
0
182
147
182
321
228
0
0
0
53
0
0
0
0
19
0
129
0
120
298
93
0
0
0
0
405
0
0
0
0
0
86
103
0
0
0
103
112
0
0
0
0
0
0
0
0
0
0
0
0
603
0
0
0
124
664
0
0
0
29
153
236
0
0
1263
623
640
503
0
0
0
0
0
186
279
0
0
0
0
0
0
0
0
287
46
0
0
0
0
0
0
0
14
155
0
0
0
0
0
27
33
0
0
0
0
0
0
0
0
0
0
0
0
0
0
28
227
30
0
188
165
0
0
0
0
0
0
0
0
373
401
96
297
112
0
0
0
0
0
85
0
0
0
30
0
0
0
0
0
92
0
0
85
0
0
0
13
106
0
0
0
3
44
0
0
47
0
0
0
3
0
0
0
0
30
23
0
0
113
176
0
0
211
0
0
0
0
0
0
0
0
27
110
0
0
353
260
0
0
0
0
0
0
0
54
26
0
0
0
0
0
203
54
0
0
0
0
0
413
23
0
462
252
29
0
17
0
0
0
0
0
0
0
0
0
0
0
0
0
0
0
67
0
0
337
535
129
0
12
209
64
0
0
94
24
123
8
119
106
0
0
0
0
0
0
71
256
473
0
0
0
0
0
0
0
0
0
0
0
49
133
137
355
477
0
13
28
473
164
146
130
0
0
148
72
379
304
61
14
0
6
0
0
0
0
0
243
83
0
0
75
0
0
0
0
0
0
2
0
66
99
19
0
0
0
0
0
5
0
0
12
0
0
93
0
0
0
0
0
228
0
0
0
0
20
0
129
0
0
145
0
286
392
620
0
0
104
154
36
165
246
102
90
494
113
63
83
0
0
103
57
0
293
2
335
654
483
138
230
510
0
197
165
329
0
69
64
0
578
93
0
0
0
0
0
67
59
0
0
0
0
210
0
0
0
0
0
0
0
0
0
0
0
144
0
53
220
124
39
0
0
0
0
0
0
0
0
43
0
0
0
0
0
0
0
0
31
0
0
0
0
0
75
111
0
0
89
10
0
0
0
0
0
369
465
201
0
0
0
0
360
126
3
0
0
0
0
0
0
0
37
0
0
3
228
0
0
0
0
0
0
0
0
0
0
0
39
187
0
55
0
0
131
0
0
0
186
43
22
20
215
26
0
0
0
0
91
113
135
64
0
0
0
4
135
0
0
0
0
97
0
400
189
150
92
156
248
244
0
62
0
5
0
0
0
0
0
0
0
231
189
0
161
0
0
5
0
0
0
1
0
0
0
169
0
70
88
88
33
0
0
0
0
132
133
0
20
0
0
207
0
253
42
0
0
322
162
167
0
0
0
120
0
0
0
0
85
89
2
0
454
36
0
56
111
0
0
0
0
784
0
0
84
145
64
85
0
318
10
0
0
300
421
0
0
0
56
0
0
0
571
93
491
677
0
0
0
15
117
273
0
37
0
217
0
0
0
320
83
278
0
0
0
0
0
8
0
0
0
0
0
0
0
0
0
0
0
145
102
0
219
767
136
0
0
335
442
528
273
28
135
14
0
0
0
699
679
0
0
0
0
0
0
118
0
114
0
0
622
0
0
72
0
0
0
133
332
79
166
0
0
0
0
0
0
0
0
0
0
10
0
181
0
0
54
0
65
0
0
0
0
0
0
0
92
0
0
189
0
0
0
0
0
0
95
0
0
0
150
0
0
0
0
0
240
0
173
0
0
0
0
157
0
0
154
627
446
0
0
353
14
0
0
0
10
68
0
0
0
0
0
0
0
56
167
0
0
0
0
0
0
0
0
48
0
0
0
0
16
0
0
0
0
0
0
0
163
307
0
0
0
88
0
945
599
0
0
0
0
400
893
0
0
9
24
0
515
548
354
0
0
185
578
391
0
0
0
30
11
0
0
0
0
0
0
0
0
0
0
0
0
0
0
0
0
0
0
0
0
0
0
0
0
0
0
0
0
0
457
58
381
0
0
0
0
0
79
0
0
0
847
183
0
92
201
0
510
0
0
192
0
0
65
746
660
267
856
0
0
250
81
0
476
230
0
0
0
0
210
0
0
0
83
0
0
263
174
0
172
0
0
0
0
24
0
0
0
0
0
0
101
0
255
517
91
0
0
215
0
0
0
0
0
18
7
5
0
285
0
0
140
161
204
0
3
0
0
50
406
434
57
0
0
204
165
62
18
153
159
0
152
0
0
0
0
0
152
218
383
0
65
84
0
0
0
43
36
0
0
0
0
476
0
88
99
0
0
0
0
0
0
0
0
0
420
79
90
35
58
29
45
0
0
43
0
88
0
171
143
7
0
0
0
321
205
0
26
0
0
0
38
184
71
0
0
0
208
0
0
276
103
0
0
264
299
196
0
0
0
0
0
0
396
157
0
0
0
162
90
245
0
0
0
0
111
1
0
561
0
0
80
0
239
149
0
0
0
0
0
84
45
98
0
0
0
0
195
33
0
0
38
140
0
37
131
0
0
0
0
0
0
0
0
0
0
0
0
155
0
0
0
0
0
0
0
813
194
0
175
342
259
0
0
0
242
0
0
59
0
0
0
0
0
127
0
14
0
92
0
0
0
0
0
0
0
0
146
59
0
1
0
0
0
0
260
30
101
0
0
0
45
0
0
0
0
0
0
409
403
0
0
0
27
220
102
43
134
272
785
89
241
0
219
484
325
233
151
187
2
54
201
570
129
0
0
796
747
433
0
0
0
0
0
0
0
0
0
0
0
166
0
0
0
26
0
0
0
0
0
0
0
0
0
0
0
0
0
0
0
0
0
0
0
13
0
0
9
0
0
0
0
0
0
0
54
8
4
0
20
0
0
0
0
0
0
0
0
0
0
14
3
0
0
0
0
0
0
0
0
0
0
0
0
0
0
0
0
0
0
0
0
0
0
0
0
3
5
0
8
22
0
0
0
0
3
0
9
18
0
0
0
0
4
106
7
0
0
0
2
11
0
0
0
0
0
0
38
0
0
0
53
0
0
0
0
3
16
8
0
0
0
0
0
0
20
0
66
71
14
0
0
0
0
0
3
0
7
58
2
16
0
9
88
37
17
0
0
4
12
26
31
33
10
0
9
27
23
16
0
0
1
0
6
0
3
10
0
0
0
0
0
0
0
0
0
0
0
32
10
9
0
10
0
18
23
0
6
2
0
0
0
0
0
0
0
0
0
0
10
117
10
14
7
0
0
0
0
11
6
0
16
27
86
68
21
4
133
0
0
13
6
0
33
25
0
4
90
0
0
0
0
0
0
0
0
47
0
0
0
0
125
0
18
683
276
126
465
351
195
27
0
0
0
0
0
0
0
0
0
291
527
99
0
0
0
0
0
125
0
0
0
43
144
194
177
44
0
0
0
0
0
0
0
0
0
0
0
0
0
0
0
0
0
0
50
0
0
0
0
0
0
0
6
0
0
0
0
0
0
0
0
0
0
0
0
0
0
0
0
317
377
0
0
462
554
572
0
0
0
0
0
0
0
0
0
0
1
267
0
0
0
121
0
0
0
0
0
0
0
85
0
0
0
0
0
0
0
0
0
0
0
241
0
0
157
0
0
0
0
0
0
0
0
0
0
109
0
0
0
0
0
0
0
0
0
0
0
134
0
0
0
0
0
0
0
145
0
0
0
0
0
0
0
0
0
0
0
0
0
0
0
0
0
0
719
0
0
0
0
0
0
0
0
0
0
0
0
0
0
0
0
0
0
0
0
0
0
0
0
0
0
0
0
0
0
0
0
22
270
261
0
0
0
0
1093
858
170
0
0
0
0
0
0
610
570
345
485
0
0
0
0
0
0
0
0
0
0
0
577
0
0
0
0
0
0
0
171
341
0
0
0
0
0
0
0
39
0
0
0
0
117
0
0
0
0
0
0
0
0
0
0
0
0
20
0
0
0
0
0
0
0
0
0
0
38
0
0
0
0
0
0
0
0
0
0
0
0
270
0
0
0
152
367
35
774
12
0
0
0
0
407
284
0
0
0
0
8
0
0
0
0
0
0
0
0
0
0
0
0
0
0
0
69
0
0
0
0
0
0
0
0
0
0
0
0
0
0
0
0
0
0
0
0
0
0
0
0
0
0
0
0
0
0
0
0
0
42
0
0
112
569
177
0
0
0
0
0
0
544
762
269
0
233
488
351
0
0
0
0
0
144
110
220
0
0
0
870
161
0
0
0
0
0
0
0
0
0
0
0
0
0
0
0
0
0
20
0
0
0
0
0
0
0
0
0
0
0
0
0
0
0
0
0
0
0
0
0
0
0
0
0
0
0
0
0
382
10
0
0
0
0
0
0
0
0
0
0
848
951
779
709
81
0
0
0
0
0
0
0
0
0
667
946
260
0
0
0
0
0
0
0
0
0
0
0
0
0
0
0
0
0
51
0
0
0
156
0
504
681
300
0
0
0
0
0
0
0
0
0
476
205
0
0
0
0
0
0
0
0
199
73
354
798
0
0
0
0
0
0
0
0
0
0
0
0
0
0
0
0
0
0
0
0
0
0
0
0
0
0
189
141
493
140
0
162
0
0
0
0
0
0
70
204
747
0
0
0
0
0
0
0
76
596
154
0
48
1098
0
0
0
0
0
0
0
12
652
0
0
0
0
257
68
0
0
0
0
0
0
0
0
0
0
0
0
0
0
0
0
0
0
0
0
0
0
0
0
0
0
0
0
0
0
0
120
0
0
0
0
0
0
0
256
0
0
1
0
0
3
0
0
563
181
431
0
38
50
0
0
0
0
0
0
0
0
322
433
0
0
56
0
0
0
0
0
0
0
0
0
0
0
0
0
0
0
0
0
0
0
0
0
1237
0
0
0
0
0
6
0
0
61
0
250
850
394
0
0
0
70
0
0
0
256
0
240
841
0
0
0
0
0
139
0
0
0
24
0
0
0
0
0
0
0
0
0
57
0
0
0
0
0
0
0
0
0
0
345
0
92
0
0
0
20
51
163
0
0
251
11
337
221
115
10
0
29
0
0
1130
1091
0
0
0
0
0
0
52
0
360
200
0
679
0
0
0
13
0
0
189
51
79
251
0
0
0
0
0
162
193
0
0
134
75
0
124
0
0
0
0
0
0
0
0
0
0
0
0
612
0
0
128
0
0
0
215
0
87
0
0
0
224
338
0
0
0
0
107
585
0
97
0
0
0
22
216
0
0
0
261
408
0
0
143
0
0
0
0
0
0
0
34
0
0
74
38
0
0
0
0
0
0
0
0
0
0
0
0
0
0
0
0
0
0
0
116
351
0
0
211
661
475
0
0
0
0
0
0
560
670
55
0
138
36
2
0
0
0
0
0
0
0
67
0
0
0
642
264
3
0
0
0
0
0
0
0
0
0
0
0
0
0
0
0
0
0
0
0
0
65
0
0
0
0
0
0
0
0
0
0
0
0
356
0
0
0
0
0
0
0
0
19
0
0
0
527
0
0
0
0
0
0
0
0
0
0
0
1005
924
685
961
0
0
0
0
0
0
0
0
0
407
235
387
110
0
0
0
0
0
0
0
0
0
0
0
0
0
0
0
0
0
0
0
0
0
0
0
575
777
314
0
0
0
0
0
0
0
0
0
0
0
173
588
239
9
97
0
0
0
0
0
0
0
40
541
671
336
49
0
431
0
14
0
0
0
0
262
530
165
0
0
0
217
0
30
0
47
0
0
0
0
0
0
153
0
18
0
12
0
41
65
47
0
0
87
239
0
0
12
0
0
0
0
0
13
0
90
0
237
0
0
0
13
0
0
0
0
3
26
496
0
0
87
0
0
37
0
0
277
206
0
0
127
0
169
498
206
2
0
0
0
470
395
240
0
0
0
0
257
209
178
39
150
0
0
369
0
0
0
0
0
68
0
0
120
555
0
0
28
0
0
0
0
0
174
0
0
144
377
382
0
72
822
115
0
0
0
0
0
142
0
111
514
0
0
0
0
0
0
0
52
350
46
0
76
334
143
276
140
0
0
0
0
0
0
0
0
40
51
78
342
299
24
0
0
0
41
0
0
0
3
6
0
627
527
277
0
467
405
190
167
13
0
0
0
0
0
182
327
85
654
0
0
63
45
0
0
0
0
0
0
0
0
0
93
0
145
0
18
0
0
79
109
0
0
0
0
0
0
0
0
0
0
0
0
0
0
1
165
0
0
0
0
0
29
0
0
0
0
233
34
418
172
0
0
141
24
146
4
40
0
40
0
76
140
68
0
39
0
0
31
0
319
70
0
152
0
25
11
234
51
210
0
54
0
9
83
0
0
9
111
37
0
202
483
0
16
0
0
0
0
0
0
31
89
247
503
112
0
11
0
0
0
0
0
0
110
163
169
0
81
55
0
383
872
1254
1287
885
226
0
0
0
69
163
58
52
116
79
341
1229
968
0
0
0
27
441
0
0
4
78
0
0
930
488
76
0
234
592
519
185
275
0
0
0
0
0
0
646
200
695
0
0
0
90
0
0
0
0
0
0
0
0
0
0
0
262
0
65
15
25
13
0
45
0
0
0
0
0
0
0
0
0
261
367
286
0
0
0
445
325
0
0
0
27
0
0
0
0
0
0
0
565
514
0
0
0
279
0
55
0
0
0
0
0
303
0
127
0
0
178
0
155
0
0
213
0
716
375
349
911
560
0
351
0
0
0
0
0
0
498
271
0
74
862
0
0
0
0
0
0
0
0
486
392
644
1037
0
0
0
0
0
0
24
145
398
511
515
403
19
165
94
0
0
0
0
0
0
221
27
134
252
150
23
0
0
0
0
0
0
37
62
5
38
140
263
129
0
10
31
0
0
0
0
7
74
0
0
0
142
15
0
0
12
0
0
0
0
0
0
0
0
43
68
0
0
1
0
0
0
242
194
0
0
0
0
193
0
0
0
0
0
23
199
69
86
0
12
40
135
27
0
45
173
395
49
0
28
308
347
360
17
0
0
0
0
61
205
0
0
0
0
193
179
0
54
0
0
5
0
0
0
0
0
0
0
0
0
37
0
0
7
0
16
0
0
0
0
0
0
0
0
2
0
0
81
125
58
0
0
0
53
94
0
0
0
6
45
49
35
99
51
0
35
0
0
0
0
0
0
17
0
0
0
0
0
0
0
0
0
0
0
0
0
476
353
510
464
173
0
75
109
0
0
0
0
0
0
503
1307
489
0
0
0
117
0
0
0
215
0
0
0
0
0
0
0
0
0
0
343
0
0
0
0
0
0
121
32
0
0
0
0
292
0
0
0
0
0
99
91
543
5
0
0
0
312
0
0
43
11
0
69
648
501
0
0
0
0
45
0
0
381
776
537
0
0
0
641
803
494
0
0
0
0
84
0
0
0
0
0
46
779
0
0
0
0
0
0
0
0
0
0
0
493
0
0
0
0
75
0
0
186
0
0
0
0
0
0
1320
21
0
253
0
0
441
0
0
0
0
133
41
149
0
0
0
0
0
0
35
0
0
74
307
0
0
0
0
0
0
0
0
0
0
0
0
0
0
0
0
0
0
0
81
0
0
0
0
0
40
0
0
0
0
0
0
49
0
0
0
0
58
0
0
0
0
0
0
0
0
0
144
96
4
0
262
305
80
0
0
0
0
0
0
17
202
473
133
582
0
0
34
0
0
0
0
0
0
0
0
0
9
0
0
24
0
0
0
0
151
0
0
0
282
0
0
0
0
0
0
0
0
0
0
0
0
0
0
0
0
0
0
0
0
0
180
197
12
0
0
0
0
292
29
0
0
0
45
299
0
0
252
0
0
0
9
0
0
0
0
267
228
8
128
0
0
0
10
0
64
0
35
0
0
384
0
376
337
0
94
0
103
0
0
0
0
0
0
0
0
0
0
0
0
8
0
7
0
0
0
0
0
0
0
420
312
0
0
0
75
0
73
1
89
58
9
0
0
0
0
0
0
0
0
17
0
54
80
0
0
0
0
0
0
0
0
0
0
0
158
156
254
95
0
213
329
11
0
0
0
0
0
284
321
276
70
0
120
194
307
122
0
4
0
0
258
106
2
122
279
31
26
35
217
0
17
0
0
0
0
14
36
22
0
0
0
0
9
0
43
0
169
0
0
0
0
0
0
0
298
63
0
109
478
338
103
248
602
67
0
0
0
14
15
0
0
11
0
0
0
542
149
0
210
0
0
0
0
0
0
123
0
98
267
0
26
144
0
0
32
0
0
0
0
187
0
320
136
79
54
0
0
0
0
0
0
0
0
0
0
0
0
0
0
0
0
140
0
0
0
12
18
0
69
115
0
0
0
0
10
27
37
0
0
0
0
0
0
0
0
0
0
0
0
0
0
0
0
0
4
0
0
0
0
0
0
0
0
0
136
523
207
17
383
517
136
0
0
0
0
0
0
44
449
121
0
370
0
0
55
0
0
0
101
0
0
0
0
0
0
6
0
105
67
0
0
0
0
0
0
0
0
46
0
0
0
182
0
0
0
0
23
0
0
43
0
0
0
37
30
0
0
109
10
267
0
86
178
0
6
364
175
63
0
0
108
0
0
0
56
22
0
0
0
0
99
26
0
0
0
0
341
470
261
304
26
0
0
0
0
0
0
175
232
200
0
124
0
0
22
0
0
0
0
68
133
0
539
145
0
0
359
43
0
8
60
0
0
380
414
375
315
664
709
207
0
81
157
31
0
0
0
0
0
0
0
0
0
0
0
35
0
0
0
0
0
0
0
0
0
48
23
2
0
0
1
0
0
0
0
0
46
0
37
73
0
0
0
26
73
392
196
25
0
127
0
7
221
0
0
0
4
0
216
183
20
0
0
11
170
215
0
0
0
0
0
0
0
0
0
0
39
0
0
0
0
0
0
0
0
0
0
0
11
0
0
0
0
0
0
0
0
0
0
0
0
22
0
0
0
6
0
0
94
16
0
0
234
0
0
0
0
0
56
21
0
265
23
45
63
572
247
171
225
0
0
18
0
0
366
280
0
405
302
0
12
0
0
0
19
0
0
278
347
0
35
405
0
0
0
0
0
0
0
0
0
147
0
0
122
513
432
150
0
0
0
0
0
0
0
0
0
0
0
0
0
0
85
308
55
0
0
0
0
0
0
3
13
13
0
0
66
659
57
0
0
0
0
0
0
0
0
0
0
0
301
0
0
0
76
0
0
0
0
0
0
417
0
0
0
31
111
363
195
61
435
426
3
615
517
0
80
0
0
0
0
123
606
374
0
0
625
273
76
1
79
0
32
0
8
0
0
0
0
0
0
50
0
0
62
0
0
0
0
0
0
0
0
0
0
24
0
20
0
0
0
50
0
0
75
144
10
39
127
0
136
0
0
0
0
0
0
0
0
0
0
0
0
853
106
0
0
0
0
0
0
304
0
0
0
298
658
679
180
0
768
211
304
130
0
0
7
515
87
224
738
0
0
0
0
0
0
0
157
528
195
0
0
0
0
0
53
0
58
103
0
0
0
0
0
28
27
31
18
66
32
0
0
0
0
0
0
0
0
0
2
0
0
0
0
0
0
0
0
0
0
0
0
0
0
50
190
54
58
100
0
35
31
0
0
12
0
0
0
106
188
0
0
0
22
100
0
0
66
46
0
0
94
201
0
0
0
0
67
0
12
60
129
0
0
7
0
0
0
0
35
35
0
24
108
93
0
17
18
0
0
0
0
0
0
0
0
0
32
0
0
101
42
27
0
0
0
0
0
0
52
20
0
0
0
0
0
69
101
0
0
0
0
0
225
0
0
269
128
112
32
20
0
0
0
0
0
0
0
0
0
0
9
0
0
0
0
0
0
0
4
99
0
0
0
0
0
0
0
12
4
0
0
149
77
76
0
0
0
0
0
0
0
0
0
0
0
158
64
0
0
0
0
0
0
0
0
0
0
0
0
0
0
0
0
0
0
0
0
0
0
0
1093
687
297
369
0
0
1269
2007
167
0
0
0
0
673
631
536
658
1721
407
587
309
191
0
0
0
223
0
0
0
579
688
0
0
0
0
0
0
0
431
915
0
0
0
0
0
0
0
348
71
0
0
54
0
0
0
10
0
0
0
0
0
0
0
0
0
0
0
345
198
274
0
0
0
356
0
0
0
0
0
0
0
208
145
0
375
0
0
268
0
0
0
0
275
0
785
861
461
274
0
0
0
0
0
0
0
0
0
0
112
80
0
0
0
0
70
0
0
0
441
0
0
0
0
0
0
0
81
1
0
0
0
0
0
0
0
0
0
0
0
0
0
0
0
0
0
0
0
0
0
0
0
0
0
0
0
0
0
0
0
0
0
0
73
97
0
0
0
0
0
768
661
425
448
0
0
1181
1696
200
0
0
0
0
506
524
414
508
1522
361
443
439
145
0
0
0
150
0
0
0
547
1062
0
0
0
0
0
0
0
253
927
0
0
0
0
0
0
0
271
70
0
0
0
0
0
0
16
0
0
0
0
0
0
0
0
0
0
0
301
464
259
0
0
0
109
0
0
0
0
0
0
87
102
243
1
228
0
0
154
0
0
0
46
189
0
892
771
426
103
0
0
0
0
0
0
0
0
0
0
108
3
0
0
0
0
62
0
0
0
259
0
0
0
0
0
0
0
0
0
15
0
0
0
0
0
0
0
146
207
124
185
0
7
12
0
0
0
26
0
0
77
435
311
180
0
93
187
66
0
0
147
359
99
0
0
246
162
0
45
83
0
0
0
0
0
43
0
0
0
207
0
18
0
0
0
0
0
0
0
0
338
0
425
0
47
0
176
146
12
0
41
323
159
233
1
232
76
59
0
0
0
0
0
303
194
0
0
0
15
61
50
0
0
93
0
0
217
0
0
0
66
99
20
176
48
0
9
0
0
108
0
0
0
0
0
22
63
391
137
266
0
0
0
0
0
0
0
0
0
112
573
207
575
203
0
0
0
8
239
228
0
0
60
188
0
159
288
41
0
127
0
45
18
0
0
20
16
0
0
0
0
0
0
0
0
0
0
0
0
0
0
0
0
0
0
0
91
0
0
0
69
0
0
0
0
0
0
0
83
243
6
0
0
0
0
0
0
0
312
139
0
0
0
192
20
0
0
0
0
372
2
0
0
0
0
0
0
173
0
0
0
3
51
34
0
205
109
0
217
26
69
0
0
0
0
0
0
0
0
0
0
0
0
0
0
0
0
0
0
0
0
55
94
0
0
0
63
0
0
0
0
0
0
0
679
233
0
0
0
3
0
0
0
76
0
84
0
44
0
0
343
0
80
0
0
0
0
0
86
30
130
0
231
56
0
0
0
0
0
0
0
119
0
0
0
0
0
0
0
0
0
0
0
159
0
377
62
0
0
279
0
0
0
0
0
0
560
244
276
177
0
120
0
0
0
19
0
40
25
139
164
90
0
0
0
0
0
0
0
18
15
0
91
79
0
0
0
0
0
0
0
0
0
0
0
121
90
263
217
0
145
212
16
0
0
14
0
0
49
62
243
249
0
185
79
0
119
40
86
0
13
0
0
0
0
80
19
0
0
222
184
47
0
10
0
0
0
7
131
0
0
0
17
206
11
3
16
232
38
0
0
0
0
0
0
193
68
0
0
274
277
219
0
353
184
0
0
70
64
0
0
0
81
64
0
0
236
223
0
2
0
0
0
0
0
22
177
53
0
54
75
30
206
11
5
100
0
0
0
373
535
0
229
142
93
0
134
0
0
0
0
0
0
57
0
43
0
0
0
0
0
0
98
0
0
184
407
152
0
0
115
97
0
0
0
48
0
227
0
0
0
0
0
0
0
0
0
0
0
60
205
0
0
0
0
94
217
186
0
15
0
0
0
0
0
640
1148
832
173
1007
860
381
66
0
0
0
0
0
0
669
604
21
1048
0
0
0
0
0
0
0
0
0
0
0
0
0
0
0
187
0
0
0
0
276
583
0
0
0
0
113
257
0
0
0
0
0
0
0
205
251
481
0
0
0
0
0
0
0
0
0
65
116
98
835
0
0
49
332
0
0
0
6
0
179
0
51
250
0
0
23
0
0
0
0
433
0
0
518
432
168
240
384
0
0
0
0
0
14
96
67
92
0
251
0
0
137
177
0
0
0
0
0
0
0
0
0
0
395
455
89
0
0
0
0
0
0
258
219
675
691
303
0
0
0
0
0
0
0
0
127
401
0
209
53
18
0
0
0
0
90
0
0
148
0
0
0
0
0
0
0
0
0
0
0
0
0
0
0
0
0
0
0
0
0
0
0
0
0
0
12
34
103
377
0
174
0
0
0
0
0
0
285
555
459
25
0
153
13
0
0
0
29
366
195
0
92
682
57
0
62
0
0
0
0
0
344
0
0
0
0
305
155
0
0
0
0
0
0
0
0
0
0
0
0
0
0
0
0
0
0
0
0
0
0
169
0
0
0
0
0
0
0
0
48
0
0
0
0
0
0
0
0
0
0
0
0
74
0
0
351
462
83
510
26
0
0
0
0
0
0
0
0
0
0
48
100
0
0
46
0
0
0
0
0
0
0
0
0
0
0
18
0
0
0
0
0
449
304
0
0
0
884
243
0
0
0
0
0
0
130
0
0
0
277
277
201
0
0
0
0
0
0
10
0
0
25
180
7
5
96
0
0
0
0
72
0
67
0
0
0
0
0
0
123
0
0
0
0
0
0
50
0
0
304
449
0
0
0
0
0
0
0
0
147
0
48
0
62
0
0
0
0
0
57
36
406
0
0
186
0
0
622
110
0
0
0
219
1011
449
0
135
0
0
80
775
101
0
0
0
91
853
77
0
0
0
0
0
0
49
32
0
88
0
239
288
0
50
0
261
0
0
137
74
0
36
0
0
140
376
0
0
147
0
64
0
0
77
137
114
0
0
86
100
16
0
0
0
0
0
0
0
19
0
0
0
89
254
49
0
0
0
0
0
203
41
28
95
0
0
0
540
9
0
0
102
180
50
0
7
0
0
0
725
1066
549
0
0
151
0
110
98
392
0
0
639
1061
342
0
68
23
20
74
13
148
0
0
0
0
0
0
0
0
117
0
8
13
0
0
0
0
0
0
9
87
0
145
0
24
0
2
0
0
0
0
180
0
0
0
0
48
30
176
0
0
0
0
0
1139
0
0
47
0
95
104
222
111
565
931
0
137
838
141
252
1072
595
0
0
156
141
965
872
0
0
0
0
0
224
270
61
0
127
0
573
1015
0
0
0
0
0
61
49
185
124
0
0
111
773
0
0
0
0
0
283
0
46
82
0
0
0
102
493
145
0
0
0
0
0
2
22
57
0
0
0
0
0
0
0
0
0
0
141
43
170
249
158
232
0
0
0
0
0
0
0
37
239
0
0
0
0
0
0
0
0
0
0
0
0
0
0
0
182
245
489
115
18
486
708
397
0
0
0
0
0
0
0
446
200
46
345
0
0
6
0
130
0
0
0
0
0
0
0
0
0
0
129
0
52
0
0
0
0
0
0
0
0
0
0
0
0
0
0
0
0
0
0
0
0
0
0
0
0
0
0
0
0
0
0
0
0
366
327
0
0
33
0
0
0
124
0
0
0
0
158
0
0
0
0
0
0
0
0
0
86
478
487
710
833
98
0
197
61
0
0
0
0
9
0
0
323
0
0
0
183
0
0
0
0
0
0
0
0
0
0
184
173
0
0
0
0
0
276
468
358
469
568
541
150
0
0
0
10
137
170
294
483
25
0
191
0
0
316
314
162
364
0
0
0
0
0
14
0
0
87
31
173
0
19
48
0
187
257
395
55
175
125
651
747
0
0
114
28
0
0
0
209
240
31
0
0
0
0
0
279
0
0
0
0
0
0
0
0
0
0
14
315
164
28
15
0
0
0
0
0
0
0
0
0
122
22
2
0
0
0
0
181
0
0
0
0
0
0
0
0
93
0
0
0
130
209
1017
19
11
0
0
0
48
198
146
0
9
11
0
405
0
0
198
60
0
0
73
169
461
635
530
759
1228
0
714
504
349
83
0
1
262
0
0
0
243
0
0
132
276
39
0
0
0
0
206
0
0
0
0
135
145
0
0
0
0
0
281
330
174
348
502
312
0
68
0
0
0
237
427
25
0
0
0
0
0
213
535
716
829
141
51
0
0
18
0
0
0
345
421
420
556
531
0
426
59
132
146
0
332
1554
426
231
335
0
555
0
342
214
0
0
0
66
0
0
0
0
0
688
0
240
249
0
0
0
0
0
0
0
58
0
1204
213
118
159
72
0
0
0
84
0
0
0
0
543
384
105
0
0
0
0
0
352
0
0
0
0
75
177
248
0
0
0
84
349
0
353
0
0
0
38
122
424
24
54
512
571
10
0
396
55
141
0
0
0
707
689
729
1188
0
0
0
212
0
1261
284
0
0
491
488
1305
550
0
0
0
0
0
738
117
0
0
0
0
109
829
0
125
0
0
0
188
0
0
0
0
0
0
0
0
0
0
0
0
0
0
0
0
0
35
0
0
0
454
658
0
0
212
265
0
0
0
255
0
0
0
152
0
0
0
0
131
12
0
0
194
0
286
290
0
0
0
0
0
135
0
0
0
0
0
0
19
392
106
451
0
0
0
0
0
0
0
0
0
0
0
0
0
0
0
0
0
125
49
23
374
862
121
0
0
178
558
499
160
0
110
0
0
0
0
585
289
0
200
8
0
0
0
0
0
0
0
0
273
0
0
0
0
0
0
0
182
0
0
0
0
0
0
0
0
0
0
0
0
0
0
83
0
0
0
0
192
0
0
0
0
0
0
0
0
0
0
82
0
0
0
0
0
0
70
0
0
0
0
0
0
0
0
0
0
0
142
0
0
0
0
0
0
0
52
275
145
0
0
7
0
0
72
157
10
0
14
370
240
374
487
173
141
193
38
0
0
0
0
0
45
311
541
585
482
148
92
0
77
0
26
101
137
338
755
726
344
109
158
93
0
34
0
0
0
0
0
0
161
0
0
0
36
0
31
0
0
0
0
0
0
0
0
0
0
17
16
0
0
0
0
0
0
0
0
0
0
0
0
26
0
0
0
223
322
99
298
166
240
439
0
3
9
75
0
108
435
34
81
223
99
382
396
42
0
0
63
0
103
218
0
0
57
8
0
164
0
0
0
165
49
0
409
0
0
0
0
6
361
3
0
0
0
0
0
0
0
0
0
0
0
123
0
0
0
0
0
0
53
0
0
0
0
0
0
0
0
0
0
12
0
0
0
0
0
0
0
0
0
0
0
0
0
0
0
0
0
193
0
0
0
0
0
73
0
76
0
0
0
104
188
0
0
0
34
0
0
0
174
0
584
948
181
0
0
0
164
363
0
45
0
0
0
0
0
147
0
32
0
0
46
35
0
0
0
0
0
0
0
0
0
0
84
120
74
82
92
0
179
640
52
0
0
344
389
341
178
138
80
0
0
0
0
435
519
0
42
0
0
0
42
129
0
28
0
0
286
188
21
13
0
29
0
141
273
50
208
0
0
1
0
0
0
83
0
0
172
109
0
190
0
0
48
0
0
0
0
0
0
9
50
0
242
0
0
283
0
0
0
0
0
0
124
0
0
173
306
0
176
0
0
0
480
0
206
0
0
7
282
340
0
39
89
425
484
0
0
475
23
0
215
101
96
195
33
0
0
525
30
0
0
89
204
72
0
70
0
0
0
577
861
418
0
0
112
79
50
45
378
0
0
373
884
350
0
0
0
0
205
11
83
0
0
0
0
0
0
0
0
43
0
140
1
0
1
0
0
0
0
0
72
0
10
0
0
0
0
0
0
0
0
64
0
0
0
0
0
0
125
0
0
0
0
0
924
0
0
31
0
82
117
180
69
476
801
0
12
626
133
164
836
500
0
0
103
70
720
703
33
0
0
0
0
217
280
118
5
163
0
324
786
0
0
0
0
0
0
147
413
150
0
0
0
494
0
0
0
0
0
193
73
221
138
0
0
0
88
312
115
0
0
0
92
97
83
137
54
0
0
0
0
0
0
0
16
28
0
113
84
0
0
0
0
0
320
1116
431
0
0
0
0
0
41
161
0
0
408
685
270
0
0
0
0
0
0
0
0
0
0
31
0
0
0
0
0
0
0
0
0
0
0
0
270
869
378
453
407
0
0
0
0
0
416
0
0
238
610
538
0
0
0
0
0
0
0
396
349
59
0
327
0
0
0
82
120
0
0
0
284
0
0
685
423
0
0
0
0
0
0
0
0
0
0
0
33
0
0
0
0
0
0
0
0
0
0
0
0
0
354
500
69
28
126
0
0
0
0
0
0
0
0
0
0
0
354
342
0
0
0
0
0
465
0
0
922
833
417
72
0
0
0
0
0
0
96
0
0
0
0
0
0
0
1
253
146
5
0
638
952
0
0
0
0
478
194
0
313
76
0
0
0
0
0
0
0
0
0
0
0
0
0
73
0
0
68
0
43
0
0
0
0
0
0
24
0
0
0
0
0
0
0
0
0
0
128
0
23
0
0
729
101
0
0
0
0
0
933
18
0
12
41
212
1020
510
0
204
522
138
802
655
75
0
0
105
0
0
55
426
366
38
231
72
72
179
56
0
111
0
242
220
143
0
0
119
27
0
348
69
78
126
336
0
0
163
64
47
0
0
0
120
387
111
0
0
0
0
589
112
0
107
521
108
162
541
122
0
0
0
0
0
0
0
0
42
0
0
99
0
0
0
0
0
0
0
0
0
369
0
0
83
176
279
404
356
0
1189
439
54
125
131
0
113
525
204
121
330
375
0
0
0
0
0
0
239
688
446
4
0
0
0
0
202
0
0
255
0
0
0
0
0
0
0
0
249
254
0
0
0
0
0
0
0
0
0
0
0
0
0
0
0
31
185
0
0
0
0
0
0
0
159
0
38
0
401
301
340
34
0
0
0
0
0
0
71
83
249
78
0
0
0
0
0
0
0
124
0
0
93
1082
0
0
0
0
0
0
0
0
360
0
0
0
0
7
0
0
17
0
0
0
0
59
0
0
155
0
0
0
0
0
0
0
0
0
398
0
0
329
0
0
0
0
0
0
0
0
165
258
7
0
0
0
0
0
92
140
0
67
0
0
571
0
83
453
0
110
0
197
34
0
0
0
0
0
0
0
0
0
0
0
87
0
0
0
0
0
0
0
0
0
0
0
72
0
0
0
0
0
0
0
0
0
35
0
0
117
74
0
0
0
0
51
0
0
0
0
0
0
65
100
77
0
0
0
0
0
105
209
40
0
0
0
103
88
0
0
0
0
0
0
13
29
0
4
0
0
63
0
0
0
0
0
0
0
0
0
0
80
155
29
26
0
0
0
173
258
2
0
0
109
118
149
5
0
0
0
0
0
0
0
6
0
62
0
0
0
0
0
0
0
0
0
0
194
12
0
0
0
0
0
0
0
51
0
0
0
136
0
35
0
0
0
0
0
0
173
0
0
11
10
0
69
0
0
0
0
0
0
167
16
0
136
0
0
0
0
0
0
39
8
0
5
32
0
0
0
0
2
104
0
79
0
0
0
0
0
0
9
0
0
40
0
0
13
0
0
0
0
74
56
0
0
0
0
0
0
0
0
44
0
0
0
10
72
81
0
278
177
0
0
0
320
54
0
0
0
0
0
0
0
0
0
83
0
0
0
0
334
0
0
0
0
0
0
138
190
0
0
27
60
0
0
0
1539
1777
0
72
65
114
0
0
10
27
0
0
130
761
0
25
0
0
191
0
0
0
191
585
436
0
0
0
23
89
0
297
0
0
0
0
0
0
0
0
19
0
0
0
48
291
0
0
0
0
246
0
0
0
0
366
24
97
182
0
0
0
0
0
0
0
0
0
0
0
0
0
0
0
0
0
0
0
0
0
0
559
0
0
0
0
0
0
309
0
501
282
298
458
175
83
0
0
0
117
0
127
0
0
0
0
0
7
31
64
91
0
0
0
0
0
0
0
558
0
0
104
85
47
0
6
132
33
0
45
441
177
0
0
1
207
8
0
0
336
0
121
206
0
0
0
0
0
232
114
127
0
51
0
0
0
0
0
0
0
0
0
195
63
39
7
0
0
0
0
0
0
0
68
0
273
55
99
0
156
456
191
0
0
396
380
475
225
195
128
41
0
0
0
658
441
0
0
0
0
0
66
205
36
86
0
0
386
0
0
0
0
0
0
279
287
118
46
0
0
0
0
0
83
78
0
0
206
149
0
179
0
0
0
0
0
0
0
0
0
45
0
33
463
0
0
35
0
0
0
105
0
265
164
0
31
248
292
0
31
0
0
71
279
189
301
21
0
69
300
106
0
0
0
0
0
65
60
491
0
19
0
0
0
0
0
0
0
0
0
0
0
0
174
0
0
0
0
0
0
0
0
0
0
0
18
4
0
0
18
251
589
0
0
0
0
52
0
0
0
22
0
327
3
0
0
0
0
0
57
47
0
40
91
86
182
159
0
0
0
0
0
146
15
20
10
85
0
9
0
0
0
0
37
0
21
0
35
0
95
0
0
0
38
344
0
0
0
0
0
0
0
148
0
0
0
0
695
0
0
0
0
0
22
0
90
169
0
0
175
323
0
0
467
0
15
46
0
61
34
0
0
0
72
0
44
0
0
0
0
0
271
271
0
0
0
0
0
0
0
0
0
44
0
219
95
509
89
128
0
0
0
541
0
116
0
0
0
0
510
59
62
0
0
155
0
34
0
0
0
0
57
0
0
0
0
134
0
0
274
273
257
0
0
33
0
37
149
95
0
0
0
317
338
213
0
67
91
0
237
0
0
33
0
0
161
155
335
0
88
0
0
0
0
85
83
0
0
0
0
281
0
34
36
0
0
0
0
0
0
0
191
0
375
75
92
0
196
119
0
0
0
0
101
152
0
40
83
0
0
0
0
117
0
0
0
0
0
0
0
97
0
0
0
0
23
0
0
271
0
0
0
0
280
240
0
0
0
0
0
0
376
0
19
0
0
58
129
479
9
0
0
0
30
0
0
365
120
0
25
0
538
360
0
0
0
0
0
0
103
270
54
0
0
0
0
65
0
0
65
92
0
178
181
0
0
0
26
0
0
0
0
0
0
0
0
65
0
0
0
0
0
0
0
0
388
0
0
0
0
0
0
0
165
0
0
94
281
276
0
0
0
0
0
0
0
265
0
656
854
303
0
0
0
276
405
0
0
0
35
0
0
0
443
66
77
0
0
34
37
0
0
0
0
0
0
0
0
0
162
0
182
0
84
65
0
153
674
146
0
0
153
279
307
200
0
44
0
0
0
0
421
458
0
0
0
0
0
0
72
0
145
54
0
300
115
71
113
155
29
0
51
304
32
153
26
0
0
0
0
60
36
0
0
0
101
0
268
0
0
71
0
49
0
144
0
0
0
90
0
66
0
0
119
0
0
0
41
0
0
54
0
0
0
168
0
0
0
0
52
204
0
175
0
0
0
0
159
0
0
175
561
409
0
0
419
176
0
0
0
0
0
0
0
0
0
0
0
0
0
0
151
0
0
0
0
75
0
0
0
0
0
97
34
0
0
12
0
43
0
0
0
0
0
0
0
87
0
0
670
136
0
0
0
0
260
733
108
0
102
74
200
968
473
15
0
6
54
0
209
57
0
0
53
0
175
324
0
0
92
46
114
235
33
0
0
226
0
0
0
352
208
0
76
0
0
45
36
0
338
0
0
0
0
166
54
0
0
0
0
0
0
109
0
0
0
138
309
214
12
468
0
137
191
0
126
0
0
0
0
0
0
0
31
0
0
255
48
522
74
0
0
82
0
0
0
0
0
0
352
54
511
199
501
0
384
0
0
0
0
0
464
280
107
67
147
284
365
210
0
0
0
185
324
56
0
82
209
122
259
403
177
0
160
82
0
0
0
0
230
59
0
142
128
24
133
303
289
146
0
0
0
58
0
0
312
133
266
121
126
179
183
130
0
0
90
0
0
208
81
44
0
0
11
0
0
99
0
191
6
0
3
28
0
0
0
23
98
0
135
0
49
49
0
0
0
0
0
0
0
0
0
0
0
0
118
105
232
134
178
220
281
0
0
0
68
35
19
165
327
292
416
280
94
396
430
255
369
312
36
50
36
83
142
255
155
0
0
77
44
8
205
207
29
0
0
0
147
294
237
69
237
0
0
198
359
121
0
0
0
152
0
0
0
0
0
0
197
36
33
36
0
0
0
172
43
0
0
111
238
0
0
12
35
0
4
78
105
86
332
241
91
65
0
75
21
83
480
1263
1194
857
384
0
0
245
254
57
0
0
0
0
178
989
1200
0
0
0
299
979
0
0
0
75
0
0
396
0
0
0
0
495
723
412
28
0
0
0
0
0
0
136
0
135
0
0
7
0
0
0
0
0
0
234
0
0
0
512
75
207
0
0
0
0
0
0
96
0
22
0
0
0
0
0
0
0
268
613
362
0
0
0
938
748
0
0
0
0
0
0
0
0
0
0
0
710
889
0
0
0
0
0
0
0
0
0
0
0
663
0
0
125
0
100
0
0
0
0
236
0
206
335
47
1227
557
0
507
0
0
0
0
0
0
182
219
0
0
268
0
48
0
0
0
0
0
0
349
440
4
183
0
0
0
0
0
0
0
0
0
0
0
0
0
0
0
0
84
0
413
262
0
0
0
565
124
0
0
46
200
0
0
72
0
0
0
244
514
545
0
0
0
0
35
37
348
0
0
396
961
409
352
305
0
0
0
0
292
513
403
109
0
50
0
0
0
0
0
0
0
0
0
140
161
0
0
231
169
0
4
0
0
0
0
0
0
0
0
43
0
0
0
0
0
0
25
0
49
156
0
0
721
0
0
2
0
0
0
8
246
854
817
0
270
447
317
26
861
359
37
0
22
241
802
370
308
0
0
0
0
0
135
0
0
277
0
505
1094
1047
798
462
965
0
0
149
0
0
246
0
0
1112
575
0
161
0
0
99
0
0
0
301
167
0
0
860
247
0
0
0
0
0
0
0
0
0
0
0
85
773
815
352
0
0
0
0
0
37
93
221
195
208
0
134
145
0
0
95
175
42
13
33
0
257
239
83
45
13
0
0
0
172
108
1
0
0
0
0
0
61
0
0
64
0
172
102
10
10
0
0
0
91
0
0
0
0
0
64
240
4
90
0
0
0
0
0
0
0
0
0
0
9
0
75
107
0
38
61
0
0
0
0
0
0
0
0
45
0
0
0
0
0
0
0
6
0
33
25
0
0
13
0
0
0
0
185
0
0
0
0
3
0
0
163
49
0
0
0
312
0
385
0
0
26
115
100
12
34
0
0
0
0
44
706
176
217
39
74
12
30
0
0
0
0
56
0
0
177
155
15
0
7
0
0
0
0
100
57
0
180
152
160
15
143
112
165
228
54
0
0
0
252
474
67
101
73
50
0
154
131
95
1
0
0
0
0
0
0
31
69
0
42
205
231
188
0
0
0
0
0
0
140
12
0
111
0
0
0
0
0
0
0
0
2
0
0
0
134
0
0
0
0
0
0
4
99
0
12
14
41
89
0
0
747
858
0
0
0
104
0
0
45
37
0
0
119
489
74
0
0
0
93
0
0
107
150
400
256
178
115
0
0
20
61
274
16
0
183
258
157
0
153
326
0
0
30
0
0
112
12
22
0
0
0
0
198
122
96
432
74
0
0
5
0
0
0
0
0
0
0
0
33
36
0
5
0
0
0
0
0
0
7
0
0
327
0
0
0
0
0
0
155
0
0
0
88
183
42
0
0
0
41
0
0
76
53
0
0
0
0
0
0
0
0
12
0
0
0
0
0
343
2
19
297
268
184
0
0
0
0
0
0
0
0
123
177
165
195
180
272
37
0
0
0
0
0
0
0
0
0
0
126
25
39
0
0
33
0
0
0
0
0
0
105
0
0
59
17
66
219
83
0
0
0
0
0
52
0
0
0
0
0
150
237
0
0
0
23
293
192
0
0
0
0
0
0
10
248
0
0
125
171
211
0
0
0
0
0
0
42
0
0
0
0
16
65
0
0
0
19
0
0
0
0
0
43
0
77
2
67
47
0
94
0
0
0
0
0
0
0
0
0
0
94
17
463
76
0
0
0
0
0
0
0
0
0
111
64
424
251
217
0
284
0
0
0
0
0
180
147
19
232
535
0
60
87
0
0
0
150
367
121
0
50
15
0
429
431
0
0
0
339
0
0
0
0
178
0
0
99
105
0
71
260
429
406
0
0
0
0
59
0
53
0
0
100
30
0
0
384
115
0
0
0
56
608
118
0
0
54
0
123
572
206
0
0
0
0
169
121
242
75
125
250
901
254
124
0
0
0
30
0
0
9
0
0
0
0
0
0
0
0
0
148
79
3
0
67
436
0
0
0
157
0
0
0
204
353
87
0
309
389
307
177
239
260
42
0
86
113
451
458
254
0
0
52
234
201
505
247
0
0
0
23
321
197
303
119
566
44
48
218
192
64
0
0
0
160
0
0
197
23
0
0
0
0
12
116
42
19
0
368
76
0
16
153
4
0
0
0
0
0
299
81
236
387
211
58
0
95
0
327
0
0
0
172
0
264
777
205
559
364
239
65
0
0
0
14
0
0
902
289
0
0
0
0
0
0
0
0
0
0
0
0
0
0
0
0
0
0
3
0
0
0
0
0
0
0
0
0
153
0
183
0
0
0
0
0
0
148
1347
1374
70
0
0
12
0
0
0
88
102
69
140
936
884
0
0
0
0
0
0
0
486
1290
1166
0
0
0
669
1057
804
23
0
0
0
0
110
0
0
0
0
0
419
0
0
0
0
0
0
0
0
0
0
0
0
0
0
0
0
17
0
0
0
0
0
0
0
0
0
464
0
0
37
0
0
0
0
0
227
122
290
273
0
0
0
0
0
0
0
0
0
0
362
423
0
0
0
0
0
0
0
0
0
0
0
0
0
0
0
0
0
0
0
0
0
0
0
0
0
0
0
0
0
0
0
0
0
0
0
4
0
0
0
0
0
0
130
19
29
0
0
0
0
0
0
0
0
0
0
33
0
33
0
494
130
0
6
6
0
121
901
0
0
0
8
114
538
336
100
374
768
125
513
389
0
0
0
9
76
0
0
41
456
300
0
0
0
0
0
0
0
61
258
40
0
0
0
0
40
0
137
0
0
0
0
0
0
0
0
0
0
0
0
0
0
0
4
0
0
0
485
0
0
15
0
0
172
24
0
13
48
94
0
0
0
0
0
9
0
0
0
0
258
82
59
95
0
0
0
0
134
0
0
0
61
173
211
0
55
423
82
32
45
0
0
0
221
7
27
165
0
0
0
0
0
0
0
107
121
185
0
0
0
217
204
209
377
138
0
340
183
73
10
0
0
0
0
43
305
212
0
0
298
490
40
0
0
11
0
0
0
0
0
0
94
262
244
223
100
0
0
0
0
0
0
0
0
0
0
0
0
58
0
0
0
0
0
0
0
0
0
0
0
0
0
0
0
0
19
0
0
0
0
29
0
0
0
0
0
0
52
0
304
204
0
0
441
453
413
0
0
0
0
0
0
0
0
0
0
299
511
0
0
16
0
0
0
0
0
0
0
0
297
0
0
0
0
45
0
0
0
34
112
0
88
226
0
447
62
0
132
0
0
0
0
0
0
0
0
0
0
0
0
0
0
0
0
0
0
0
0
0
0
0
0
0
0
45
1
0
0
0
0
0
0
0
0
0
0
0
0
0
0
0
0
0
0
115
0
0
0
0
0
0
0
0
0
0
0
0
0
0
0
0
0
0
0
0
0
0
0
0
0
0
0
92
0
0
0
0
0
200
233
0
0
0
0
583
698
141
0
0
0
0
68
111
359
59
62
218
236
432
100
0
0
0
0
0
0
0
0
115
0
0
0
0
0
0
0
84
71
0
0
0
0
0
0
0
0
0
0
0
0
0
0
0
162
0
0
0
0
0
0
0
0
0
0
0
42
171
0
0
0
0
0
0
0
16
89
0
0
0
0
0
0
16
0
0
0
0
58
123
0
0
103
192
193
389
0
0
0
0
0
94
164
0
0
0
0
0
0
0
0
0
0
0
0
0
0
0
0
0
0
0
0
0
0
0
0
271
273
116
0
0
0
0
146
120
0
208
615
238
100
0
0
61
0
0
417
826
412
55
0
554
116
216
222
352
79
0
191
1251
361
0
0
0
350
21
211
310
0
0
0
0
0
0
0
0
0
223
48
191
155
0
0
0
0
0
0
0
0
0
0
30
98
202
0
0
0
0
0
0
0
0
0
0
121
176
0
0
0
0
17
449
0
0
0
0
118
273
374
0
0
0
175
401
0
74
0
56
59
11
231
418
47
430
762
458
0
0
60
140
638
56
0
3
768
91
281
830
0
0
0
0
0
706
64
0
0
624
147
0
0
0
0
0
0
0
84
0
0
0
123
133
54
271
130
52
0
0
0
0
0
0
0
95
186
0
0
0
0
0
0
0
137
0
0
13
172
328
412
579
393
63
0
0
0
0
0
12
277
9
0
18
514
471
76
0
72
98
0
0
0
291
129
0
46
217
177
56
0
260
212
45
28
58
131
0
0
43
0
0
0
0
130
0
0
97
106
194
34
0
12
0
5
335
453
0
15
0
107
0
25
40
0
0
0
51
408
0
0
0
0
52
0
0
0
173
322
140
0
0
202
0
0
0
0
18
26
0
0
0
0
0
0
461
493
193
0
224
183
62
0
0
0
142
157
0
136
157
0
0
163
209
38
0
0
0
0
75
0
0
174
0
238
317
362
84
0
0
0
0
0
0
0
44
79
0
645
65
7
0
0
84
12
0
6
272
295
355
647
8
0
46
106
0
105
0
13
0
0
8
319
296
0
30
29
0
0
257
67
0
0
0
339
27
0
141
0
0
0
32
44
0
0
0
49
146
0
0
0
241
72
0
186
5
0
0
68
62
0
0
0
0
22
69
0
118
0
0
0
0
0
0
0
0
1
0
0
0
0
0
0
0
251
78
110
0
0
8
0
12
0
0
0
139
545
384
194
46
460
95
122
0
27
0
163
473
588
0
0
198
0
133
277
71
0
0
0
3
434
264
0
0
0
0
0
430
105
82
18
0
0
280
85
0
0
0
0
0
0
0
37
4
0
0
0
125
0
0
0
0
0
0
0
0
0
104
0
0
48
38
0
0
0
199
0
0
0
121
103
250
0
0
584
240
303
249
0
0
0
14
0
28
267
0
0
0
0
0
0
0
0
272
0
0
0
0
171
0
219
449
181
259
239
80
27
0
0
0
0
0
110
627
349
0
0
0
111
0
0
225
65
0
0
0
0
0
0
0
0
0
12
164
0
0
0
0
0
0
0
0
0
0
0
113
128
0
0
0
0
0
73
1309
1427
0
0
0
52
52
0
0
117
83
12
154
977
361
0
0
12
140
0
33
0
423
885
873
35
0
0
559
746
709
227
0
0
0
0
89
0
0
0
0
0
332
0
0
0
0
0
0
0
0
0
0
26
139
77
0
0
0
21
0
0
0
0
0
0
0
0
3
456
0
0
13
0
0
0
0
0
4
95
195
445
0
0
0
0
0
0
0
0
0
0
398
374
0
0
0
0
0
81
0
0
0
0
0
0
0
0
66
0
0
6
0
0
20
0
0
0
0
411
0
0
0
0
0
0
0
54
0
0
0
0
0
0
0
0
0
0
0
0
0
0
0
0
0
0
0
0
0
0
0
0
65
707
574
0
0
42
0
868
1091
46
0
0
0
0
239
301
448
11
27
471
154
199
59
0
0
0
0
0
0
0
0
470
0
0
0
0
0
0
0
174
349
0
0
0
0
0
0
0
88
0
0
0
173
379
0
0
230
0
0
0
0
0
0
0
0
51
176
0
184
195
0
0
0
0
95
0
0
201
0
247
0
185
23
0
0
0
0
0
0
0
245
0
0
361
424
265
220
445
0
0
0
0
0
262
193
0
0
0
0
0
0
0
0
0
0
0
0
0
0
0
0
71
0
0
0
0
0
0
0
201
316
287
502
284
0
0
0
0
0
58
44
168
137
31
160
410
106
0
0
0
0
0
0
432
163
20
41
131
216
0
0
0
26
94
40
0
132
236
4
58
0
0
0
1
113
90
0
0
19
0
284
0
0
0
0
0
0
0
0
16
0
0
0
0
0
0
140
0
0
0
0
0
82
0
0
0
0
11
0
0
0
0
0
148
0
0
0
0
0
7
0
0
0
18
31
22
158
326
0
0
118
0
3
74
94
281
199
101
50
0
141
0
196
260
27
21
192
116
239
158
113
0
61
78
0
299
470
517
255
311
0
45
0
0
0
0
0
0
140
734
467
236
93
0
0
0
0
0
23
0
113
697
449
309
135
176
223
0
323
279
0
0
0
460
535
116
142
125
149
0
15
246
0
0
0
199
0
0
0
147
660
0
0
0
0
0
0
266
374
102
0
0
0
249
23
336
586
0
0
0
414
8
0
77
0
0
306
42
400
845
153
0
0
0
0
0
29
15
0
482
74
0
111
255
0
0
0
118
0
0
0
0
77
141
0
0
0
0
0
66
0
0
0
0
0
0
124
0
0
0
0
0
510
0
0
0
58
13
0
119
0
184
415
0
174
667
1095
0
376
438
94
106
202
263
535
380
937
0
53
78
0
159
434
307
0
337
0
251
691
604
0
0
393
0
0
408
835
2
229
3
0
634
90
0
0
0
0
0
294
282
0
140
0
0
131
152
0
0
0
0
0
0
0
0
2
0
340
147
329
267
153
31
0
157
0
0
22
0
0
0
0
0
0
0
0
0
0
0
0
62
159
0
0
76
171
235
57
22
0
0
0
0
84
0
0
85
0
0
0
0
0
0
0
0
0
37
0
0
891
250
0
0
0
0
36
793
41
0
122
98
297
1091
560
0
339
505
59
62
281
74
0
0
79
0
0
0
0
339
89
0
0
0
38
0
0
233
0
99
0
348
271
0
0
0
0
351
28
0
345
351
0
0
188
516
0
0
0
0
14
104
0
63
0
0
0
395
409
108
205
808
263
169
271
3
20
0
0
0
0
0
0
0
74
0
0
123
0
339
0
0
0
0
0
0
0
187
0
0
161
24
396
202
473
0
551
0
0
0
78
0
156
329
163
55
57
526
344
188
0
0
0
141
363
88
160
50
214
181
435
460
133
0
0
0
0
0
0
38
281
95
0
175
399
0
0
0
0
0
0
0
0
126
14
33
301
162
207
0
0
0
20
71
0
0
87
0
64
278
60
0
0
0
0
0
27
100
0
152
54
0
48
5
10
0
68
0
226
11
153
0
34
122
49
0
0
134
0
0
38
1
0
2
0
0
124
29
0
0
0
142
0
0
0
0
121
73
125
221
279
82
0
297
526
70
171
0
0
0
191
217
133
64
0
95
200
90
0
53
405
306
174
217
48
114
0
0
0
0
125
54
254
83
78
106
243
0
149
0
0
0
0
0
32
17
34
0
142
1
32
96
129
66
0
0
0
67
48
273
78
0
0
68
32
149
231
60
166
72
0
68
52
160
202
86
17
390
448
1029
1151
836
0
0
0
0
0
0
0
0
219
0
329
1060
1032
123
0
0
0
0
0
0
64
57
0
251
151
0
0
0
0
89
64
0
220
23
0
0
0
0
0
0
0
106
0
0
95
0
55
0
0
0
0
0
0
0
0
0
0
340
0
31
0
0
0
0
229
287
0
0
0
0
0
0
0
111
385
876
350
0
0
0
0
0
0
0
30
6
183
572
0
0
143
0
0
290
557
0
23
0
8
0
0
0
0
0
0
0
375
0
0
114
0
177
0
0
0
0
0
0
0
0
142
799
313
229
322
0
0
0
0
0
0
62
137
0
0
333
0
17
0
0
0
0
0
0
145
346
5
468
0
0
0
0
0
0
0
0
0
0
0
102
0
0
22
28
269
498
539
652
406
0
0
0
0
0
0
0
0
106
0
222
493
97
0
0
0
0
0
0
0
0
0
0
47
92
141
25
0
219
576
131
0
0
0
0
0
0
0
410
375
36
568
0
0
0
0
72
0
0
0
0
0
0
0
0
0
0
155
0
58
0
0
0
0
0
0
0
0
0
0
0
49
0
0
160
101
0
0
0
0
0
0
0
0
28
0
0
0
0
0
0
0
0
0
0
0
0
0
0
0
0
0
0
0
0
0
0
0
0
0
0
35
0
0
0
0
89
544
635
312
180
75
257
77
18
0
0
0
0
0
19
608
89
0
27
553
0
0
0
0
0
0
0
0
7
0
186
722
0
0
0
0
0
0
316
195
381
636
482
283
0
0
0
38
0
0
0
0
0
42
0
0
0
0
0
0
0
0
0
0
0
0
0
0
0
0
0
0
0
0
0
0
0
0
43
0
0
0
0
0
0
0
0
0
0
481
385
46
0
0
0
203
674
0
0
0
0
0
739
382
65
0
0
0
516
730
0
0
0
0
0
0
96
23
0
0
0
84
131
0
0
0
11
0
0
0
31
4
0
0
0
0
0
0
0
98
0
0
0
0
0
0
0
0
0
0
0
0
68
0
0
0
0
157
4
0
30
0
0
0
0
203
0
0
0
293
92
0
0
0
0
0
0
0
427
282
0
270
467
0
0
45
0
0
0
0
10
415
318
99
0
323
0
0
0
0
0
0
0
16
0
0
0
0
0
233
216
138
0
0
0
0
0
35
11
84
117
0
0
8
324
25
0
0
21
226
2
0
25
0
0
0
444
718
383
0
0
0
17
25
0
131
0
0
345
684
120
0
0
0
0
80
0
82
357
0
0
0
0
0
0
0
0
0
90
35
3
186
79
0
0
0
46
278
0
0
0
0
0
0
0
0
0
0
0
0
0
0
0
0
0
0
0
0
0
0
42
718
0
0
0
0
22
0
5
0
128
343
0
90
615
216
21
412
426
8
0
43
69
409
593
203
0
0
0
24
299
224
143
0
196
0
25
508
187
0
0
82
0
0
82
225
63
187
0
0
528
160
0
0
0
0
65
66
0
90
214
150
54
75
758
259
0
0
125
135
0
0
94
13
0
147
68
268
186
26
70
43
0
0
138
20
0
0
0
0
0
0
8
0
0
0
0
0
2
92
0
0
0
0
183
93
0
0
0
0
0
75
0
0
0
0
0
0
0
0
0
0
0
0
0
0
0
822
232
0
0
0
0
326
1359
67
0
153
60
348
1200
605
98
205
659
192
341
450
43
0
0
13
0
0
0
0
391
221
0
0
0
0
0
0
138
0
29
0
273
89
0
0
0
0
291
26
0
207
132
0
0
0
0
0
0
0
0
0
0
0
12
0
0
0
360
152
142
90
425
219
290
267
0
0
0
0
0
0
0
0
0
78
0
0
356
0
253
0
0
0
0
0
0
0
84
0
0
165
86
359
124
269
0
203
0
0
0
0
0
141
451
234
112
64
336
364
91
0
0
0
214
554
87
360
83
0
0
179
112
215
914
402
216
957
514
171
4
0
0
0
0
69
457
204
0
0
713
1181
186
0
0
0
0
0
0
0
0
0
97
121
166
344
78
0
0
0
0
0
0
0
0
0
0
0
0
0
0
0
0
0
0
0
0
0
0
0
0
0
0
0
0
0
0
0
0
0
0
0
0
0
0
0
0
0
49
0
834
618
0
0
988
1125
1044
0
0
0
0
0
0
97
0
0
0
332
1002
0
0
0
0
0
0
0
0
0
0
0
343
0
0
0
0
37
0
0
0
0
0
0
0
0
0
440
0
0
188
0
0
0
0
0
0
0
0
0
0
0
0
0
0
0
0
0
0
0
4
0
0
0
0
0
0
0
0
0
0
0
0
0
0
0
0
0
0
0
0
0
13
25
0
0
0
0
0
0
0
0
0
0
0
0
93
140
83
139
289
125
0
0
158
113
6
0
0
0
0
0
0
0
0
0
0
47
0
0
0
249
0
0
0
0
0
0
134
0
0
0
13
85
72
52
0
671
671
38
418
0
0
0
0
32
0
0
0
235
404
0
0
149
0
54
0
0
0
73
267
310
0
0
0
72
164
69
221
0
0
0
7
0
0
0
0
0
15
52
0
104
135
64
0
0
0
257
292
0
0
0
225
227
133
173
27
0
0
0
0
0
0
0
0
0
0
0
0
9
141
0
0
0
0
0
0
0
308
0
0
0
122
149
220
151
0
868
360
214
175
138
56
0
203
0
80
367
103
0
0
0
0
0
0
7
514
206
0
0
0
6
0
0
295
128
0
129
116
0
0
0
0
0
0
0
0
0
0
0
0
84
0
0
0
0
0
0
0
0
0
0
526
901
315
0
0
0
0
0
0
449
764
121
1
438
88
0
0
0
0
0
0
0
0
31
0
0
0
244
0
0
0
0
0
0
0
0
0
0
0
0
0
0
0
0
0
0
0
0
0
0
0
0
71
176
188
0
0
0
0
0
0
28
0
0
0
0
112
0
0
0
0
0
0
0
0
0
127
13
0
0
0
0
0
0
0
0
0
0
1044
909
1012
939
0
0
0
0
0
0
0
0
0
311
222
550
0
0
0
0
0
0
0
0
0
0
0
0
0
0
0
0
0
0
0
0
0
0
0
0
754
909
231
0
0
0
0
0
0
0
355
336
222
0
98
340
70
0
0
0
0
0
0
0
294
416
103
0
0
0
0
0
0
219
27
0
0
0
0
0
0
0
0
104
0
160
179
37
0
0
0
0
236
0
0
0
208
1
72
301
0
0
0
0
204
166
124
81
0
0
0
0
6
0
210
23
0
1
233
0
0
0
0
0
0
0
0
247
84
147
0
0
0
38
330
307
72
88
23
0
0
0
0
0
0
0
243
127
0
0
0
0
0
0
104
0
36
0
0
298
0
121
191
51
111
0
0
0
33
0
0
55
0
143
965
249
341
180
0
0
28
0
0
0
277
82
0
0
51
261
0
0
0
0
107
0
0
151
57
0
81
83
170
35
75
0
210
534
78
0
0
0
214
658
0
153
122
0
0
0
0
0
627
441
591
791
342
286
70
0
0
0
0
0
255
234
991
1219
981
823
210
458
6
0
0
0
0
0
0
617
92
0
0
323
244
0
0
0
0
0
0
0
161
0
0
0
0
0
0
46
254
0
0
0
329
384
0
0
0
0
0
0
0
11
0
0
69
194
78
0
255
12
0
0
0
0
13
0
972
654
0
74
581
870
1104
0
0
0
0
0
130
401
0
0
0
0
697
951
0
27
0
47
0
275
387
0
0
0
46
0
404
0
0
0
162
0
0
58
0
0
0
0
0
266
0
0
61
442
0
0
0
0
0
0
0
0
0
0
0
93
317
127
264
0
471
307
375
86
0
71
7
144
0
310
932
0
0
0
0
0
0
162
71
392
237
0
0
0
0
0
0
0
0
418
0
0
23
0
39
0
0
0
0
0
75
524
429
0
0
0
464
0
0
221
0
0
0
51
0
0
0
0
36
294
135
18
182
0
0
0
0
0
0
0
254
0
89
0
0
0
0
0
0
0
0
272
729
25
0
0
0
0
0
0
0
480
0
0
0
414
6
0
0
97
0
0
0
69
0
0
479
0
0
232
47
75
260
0
0
469
0
0
0
151
129
111
529
275
323
307
0
0
711
477
481
0
0
0
0
256
346
632
203
0
0
0
145
0
0
0
0
0
0
0
183
221
387
0
0
0
0
0
0
0
55
0
0
49
330
214
635
0
0
1101
235
131
71
0
0
0
392
21
107
710
0
0
0
0
0
0
0
38
997
377
0
214
464
29
268
110
0
0
0
0
0
0
0
0
101
24
168
271
0
0
282
112
0
0
0
0
0
0
0
0
136
267
118
42
602
539
0
0
0
0
0
40
0
0
353
312
210
856
0
0
0
0
0
0
0
0
0
0
0
0
0
119
0
0
0
0
0
0
0
0
0
0
0
0
0
0
0
0
0
0
0
0
0
0
155
392
0
0
0
0
0
0
0
40
136
193
403
0
250
0
39
320
319
0
0
0
107
424
300
0
0
0
0
0
213
0
0
0
0
159
133
0
509
269
132
26
16
0
228
0
110
0
14
302
83
198
31
58
0
0
392
557
0
8
0
0
0
0
0
0
0
0
374
770
0
0
0
0
0
0
0
171
396
894
683
308
0
0
111
0
0
0
0
0
0
652
55
153
259
288
194
0
0
0
99
0
0
0
0
0
0
0
0
68
57
19
0
0
0
0
0
0
0
0
0
0
102
0
0
0
0
0
0
0
0
0
0
0
0
0
0
0
0
0
0
0
0
352
280
0
0
0
0
0
59
4
0
76
542
79
129
91
156
498
241
86
0
108
0
0
132
437
0
0
0
731
706
259
0
0
0
0
0
0
5
0
0
0
0
105
67
0
0
62
0
0
0
0
0
0
0
0
0
0
0
0
35
0
0
0
0
0
0
0
0
0
0
0
0
61
0
0
0
0
65
0
0
0
0
0
0
0
0
0
0
0
0
0
0
118
0
0
0
0
0
0
33
206
0
0
0
0
0
0
0
0
210
0
0
0
0
0
0
0
992
104
265
508
630
513
0
0
0
176
0
0
0
0
0
108
0
0
311
222
27
0
0
0
0
0
0
0
0
0
0
55
42
0
0
0
0
0
0
0
0
0
0
0
0
0
0
0
0
0
0
0
404
282
0
0
0
0
65
174
34
19
81
863
269
73
103
88
854
443
100
0
229
0
0
0
549
46
0
0
769
840
321
0
0
0
0
0
0
0
0
0
0
0
0
57
0
0
158
0
0
0
0
0
0
5
0
0
0
0
0
0
0
0
0
0
0
0
0
0
0
0
0
0
0
97
0
0
0
0
0
0
0
0
0
0
0
0
0
0
0
0
0
0
265
0
0
0
0
0
0
40
402
0
0
0
0
0
0
0
0
249
0
0
0
0
0
55
191
0
0
0
0
0
0
38
0
17
66
0
274
465
0
12
58
0
0
0
370
23
74
0
0
0
0
0
0
0
0
0
0
246
12
80
0
143
0
0
0
79
0
0
662
0
0
201
5
144
205
202
94
0
38
168
24
47
0
0
0
0
32
167
0
0
135
478
0
0
0
0
0
0
0
0
150
0
0
0
0
392
311
0
0
0
0
0
0
0
0
0
0
0
306
73
0
0
0
13
0
0
389
290
690
0
0
329
0
470
318
91
86
136
81
235
0
0
0
0
0
0
609
180
233
254
573
44
66
0
0
0
0
0
0
0
100
220
151
267
309
0
43
351
4
50
0
0
251
160
449
5
213
438
121
107
153
0
0
0
325
842
339
255
61
125
220
0
0
0
0
0
0
0
0
82
146
58
48
157
0
0
0
0
98
72
0
0
0
52
0
89
293
100
143
152
22
191
288
245
51
29
0
0
70
240
0
0
248
306
213
396
0
0
0
21
0
76
72
0
0
0
0
0
0
0
0
0
0
35
58
98
88
189
0
0
0
73
70
92
47
0
54
52
0
0
0
0
124
73
0
0
0
0
0
9
79
0
0
0
152
28
0
0
0
0
0
83
66
81
73
85
189
0
0
0
0
31
129
0
0
0
150
75
65
21
184
263
398
184
3
0
0
0
0
114
0
30
0
43
0
166
0
0
81
0
0
0
0
0
123
12
0
0
0
0
86
128
0
0
0
0
0
172
0
0
344
524
349
14
0
0
0
0
71
105
278
300
257
0
0
0
0
0
0
0
0
0
0
174
201
153
0
0
0
0
0
0
0
0
0
0
72
0
148
0
0
442
919
88
0
0
0
0
0
0
382
1045
562
0
720
555
406
19
0
45
0
0
0
0
0
69
512
0
0
0
210
0
13
0
61
0
0
99
311
99
0
0
0
124
4
0
0
309
456
0
0
0
0
0
0
0
0
60
0
30
347
67
0
0
0
0
0
0
0
0
0
0
0
0
0
0
0
132
370
0
0
0
0
0
0
0
0
0
0
0
686
813
400
248
0
0
227
0
0
0
58
0
0
854
865
310
134
0
0
0
0
0
0
0
0
0
0
67
29
0
0
0
0
117
0
0
0
576
0
0
261
101
0
0
0
0
50
0
0
0
0
0
0
0
0
0
0
0
0
188
0
0
0
0
0
0
20
40
40
0
0
0
0
0
0
0
0
426
0
0
0
0
0
97
0
0
0
0
1030
124
0
0
0
0
0
137
74
0
23
117
135
464
310
0
54
55
0
0
317
0
0
0
28
0
0
0
0
0
0
319
0
3
38
0
0
0
0
0
0
9
392
0
111
0
0
116
0
0
0
0
0
0
29
697
135
0
0
0
155
352
0
0
162
0
0
431
64
0
0
756
0
60
434
0
19
0
0
0
37
0
0
0
0
0
0
0
0
444
346
0
231
375
0
0
0
0
0
0
0
0
611
626
835
0
1671
289
0
0
941
58
0
0
0
100
416
947
0
284
264
0
340
31
2
211
0
0
363
336
286
559
37
0
0
0
0
0
117
443
1003
0
0
0
0
0
0
0
114
140
0
0
142
442
176
312
782
362
239
69
573
481
464
467
0
0
447
135
444
620
58
0
0
0
0
0
0
93
0
748
157
0
53
270
0
0
0
0
0
0
99
0
183
270
21
0
0
0
0
0
0
0
0
0
0
0
180
0
0
0
0
0
542
0
0
0
0
154
186
253
0
0
140
0
252
1089
1643
0
0
416
318
415
350
307
0
408
1191
40
194
355
0
107
544
453
0
485
0
191
939
830
134
552
1040
0
327
740
1222
52
216
0
0
353
0
0
0
0
0
0
804
386
0
0
0
0
246
0
0
0
0
0
285
0
0
116
83
0
283
232
274
260
67
7
0
483
0
0
69
