3104
0
0
3748
2856
2914
4928
4433
3015
2363
2668
0
0
3559
0
0
0
0
0
0
0
0
0
0
0
0
3285
0
2120
735
0
2966
77
0
0
0
0
0
0
1711
0
3975
488
380
0
2917
2726
0
301
618
0
0
594
0
0
0
0
0
0
0
0
0
1954
0
0
0
0
0
908
1034
0
1157
0
0
0
748
0
0
944
0
0
0
0
0
0
0
0
0
0
0
0
5346
0
0
0
0
0
0
0
0
0
1376
1390
0
6896
0
0
0
0
0
1228
0
0
0
0
0
0
1366
0
0
0
0
0
0
0
0
0
0
0
1278
0
0
0
0
25
0
0
2311
734
0
0
0
1141
113
0
0
3315
922
0
0
0
0
0
0
0
0
2388
0
0
2091
5078
0
0
0
3709
942
0
37
0
0
0
0
0
0
0
0
0
0
0
0
0
4549
0
0
0
0
1365
831
0
0
0
421
0
0
0
0
57
0
1823
6146
4712
5368
10012
622
0
2486
0
0
756
5261
0
0
4326
4564
217
2220
720
0
2554
6855
0
0
2451
0
0
0
1603
1728
0
0
0
0
4351
10446
0
0
0
0
0
0
7264
0
0
0
0
0
1234
2833
9320
725
659
1047
0
0
1167
0
0
227
0
0
0
13845
4442
7064
0
0
2229
4149
2998
1866
0
0
0
0
8728
3785
1948
1937
0
0
0
1020
0
0
0
0
0
10008
8209
0
0
401
0
0
0
0
0
303
0
0
0
11985
2302
0
0
0
0
310
3676
1994
1397
0
0
0
6900
1840
0
0
0
0
0
3318
6656
446
0
0
0
0
0
626
1971
0
0
0
0
0
0
0
0
4985
19691
1216
0
0
0
0
0
0
0
0
0
269
3798
0
0
796
0
0
0
0
0
0
0
0
6358
4829
0
0
0
0
0
0
0
0
0
0
0
0
1189
0
0
0
0
0
0
0
0
0
0
0
0
414
0
0
0
0
0
0
1087
0
0
0
0
0
8018
0
0
0
3455
2046
3812
977
0
0
2399
0
0
6538
0
0
0
1622
0
0
0
0
0
0
0
0
0
0
0
0
392
0
0
0
0
0
0
0
0
0
0
0
0
405
0
0
602
0
0
0
0
0
966
0
0
0
0
1292
2320
0
0
0
0
0
0
0
0
0
0
0
0
0
0
0
0
0
0
0
1510
0
0
0
0
0
0
0
7742
139
0
0
0
3189
0
248
0
1294
1629
300
0
98
0
0
0
1009
63
0
0
0
0
0
0
0
0
0
0
0
5507
5284
0
0
74
0
737
3234
516
2119
2516
0
0
0
0
0
0
0
0
0
0
0
0
0
0
0
0
0
0
0
0
0
0
0
1621
0
0
0
0
318
0
0
0
0
8502
0
0
0
0
0
7500
0
0
0
0
0
0
0
0
0
0
0
0
0
1443
0
0
0
0
0
0
0
0
0
0
0
0
3276
0
0
0
0
0
0
0
0
0
0
0
0
0
0
0
0
2453
0
1345
0
0
0
0
0
0
0
0
0
0
3864
0
2891
6989
0
4977
6857
3280
995
0
9988
0
0
0
1224
848
0
0
1659
0
0
0
0
0
18233
7245
0
2315
5307
4379
3348
0
0
0
0
0
0
10070
17039
1825
0
3275
5727
2698
0
8972
10724
2916
0
0
0
0
0
0
975
4112
0
0
0
1084
0
0
0
4063
1383
0
3905
3625
6242
8849
3228
5486
9667
3400
0
0
0
0
0
1116
398
462
2134
0
0
3609
3026
0
0
0
973
0
0
0
0
0
0
0
0
0
0
724
0
296
0
238
862
0
1632
210
2632
0
0
0
0
0
0
0
0
0
0
0
0
0
0
413
0
0
0
471
0
1474
2126
2186
0
0
0
0
0
1579
0
0
9675
0
0
283
617
0
0
0
0
511
0
0
0
10926
5292
0
0
0
0
5629
4522
2972
2854
0
0
0
6863
8928
272
262
0
0
6970
4759
0
676
0
0
0
0
2324
284
0
0
0
2970
0
0
231
0
1826
0
1107
0
0
2619
2069
0
0
0
0
0
0
0
0
6512
0
0
0
1360
1382
630
3369
2261
0
0
0
0
0
0
0
0
0
0
0
0
0
0
0
0
1188
1533
0
0
0
0
2612
1691
0
2073
1229
0
0
0
0
0
0
0
0
0
0
0
0
535
0
0
0
0
0
0
0
0
0
0
0
0
185
57
0
0
0
0
2214
4873
2262
3051
475
1806
2143
1237
0
0
0
0
0
2658
3845
0
0
3314
4328
5514
1920
0
0
0
0
0
0
0
0
0
0
0
0
0
0
0
0
0
0
0
2757
512
0
0
0
0
0
0
0
0
0
306
0
0
0
0
0
0
0
2876
0
0
0
0
3043
0
0
0
0
0
2454
8125
3771
0
0
2217
0
0
0
0
1336
826
0
3050
0
0
0
0
0
0
0
0
0
293
2160
2247
414
0
579
0
0
0
0
0
0
0
89
0
0
0
0
0
0
724
0
0
0
0
0
0
0
0
0
0
0
0
623
330
0
0
0
0
3805
540
1020
6086
7765
0
0
0
0
7829
5060
968
0
2910
0
0
0
0
1400
0
0
2743
1386
7511
11007
0
0
5219
7713
5606
6520
1965
0
0
0
0
0
1277
4126
0
0
0
0
0
3389
0
0
0
0
0
0
0
0
2369
0
0
0
0
0
0
0
0
0
0
0
0
0
0
0
0
0
0
0
0
0
0
0
1432
0
822
0
0
0
0
0
0
0
6517
774
3374
8643
0
4175
0
0
0
0
219
0
0
7663
5425
4725
2558
1945
9402
1309
5303
3458
1027
0
9905
370
0
3463
1694
0
0
0
0
0
0
1694
0
286
6753
0
0
1539
0
0
0
2236
0
0
0
0
0
0
3311
0
0
0
0
0
0
0
97
247
0
0
0
2481
0
0
0
0
0
0
0
0
9792
639
0
0
1520
0
323
0
0
0
0
0
466
500
2738
4013
0
0
0
0
30
0
0
0
0
0
1584
6997
6865
0
0
0
0
916
0
0
0
0
0
0
7761
0
4023
0
8
0
0
1659
4797
0
0
2669
0
4445
3990
0
0
0
0
526
1161
3718
0
0
0
576
4487
7353
0
0
0
0
4033
4743
942
0
0
0
0
0
3140
0
0
0
0
4962
0
0
0
0
0
0
0
4968
0
0
0
2388
0
0
0
1041
0
0
0
0
5093
1233
0
81
2515
4692
0
0
0
0
554
1328
1040
0
0
0
0
0
0
0
0
0
0
0
796
1195
0
0
0
0
0
0
0
0
0
5622
0
139
0
0
382
0
0
1873
1072
173
0
0
6221
0
0
0
0
0
0
0
0
0
0
0
0
0
0
0
0
0
0
0
0
0
0
977
3330
6623
4838
0
0
0
0
0
3696
3481
1419
379
856
2902
6930
9433
5411
4774
0
0
0
0
0
0
0
2522
709
0
0
2223
4507
397
0
0
0
0
0
0
3478
0
0
0
0
179
0
0
0
0
535
2058
0
0
0
0
0
1366
0
0
0
0
0
0
534
0
0
0
0
1232
859
0
0
0
0
0
0
0
0
0
3546
1476
0
0
0
0
0
0
0
0
0
0
6387
8531
0
0
0
0
0
0
0
0
1738
0
0
0
0
0
2729
5502
4124
711
0
0
0
10
0
0
36
0
0
3752
3308
0
0
0
0
0
254
386
2472
3151
1005
642
0
0
1586
995
0
0
0
0
0
0
0
0
0
0
0
0
0
0
0
0
0
0
0
0
0
0
0
0
0
0
0
0
3515
0
0
0
0
151
0
0
0
3747
0
0
0
0
0
0
0
0
0
0
0
0
0
0
2940
0
5273
2912
0
0
6456
0
0
161
0
0
0
6084
0
9108
5192
0
0
0
1052
4625
7702
6392
0
0
1161
0
105
0
1022
300
0
177
4175
1490
672
0
0
0
0
0
0
0
0
2686
0
0
0
0
0
0
3892
0
0
0
69
0
799
0
0
0
0
0
9
5097
0
0
0
6464
0
404
0
0
0
0
0
4687
3664
0
0
2511
7704
0
0
0
0
0
0
2609
2726
0
0
0
1183
3544
693
0
0
0
0
0
0
2061
8558
0
0
541
0
0
0
0
0
0
0
0
1659
12890
0
0
6937
6597
1738
0
1077
4091
463
759
279
2069
0
0
0
0
0
0
0
0
0
0
0
0
0
0
0
0
0
0
0
0
0
1940
3505
0
0
0
0
0
841
585
0
0
1592
1488
775
0
3101
1886
0
0
0
0
5845
0
0
0
0
0
759
1427
0
0
0
0
0
5290
2682
0
0
0
0
4424
1809
0
0
0
0
0
0
559
0
0
0
0
6685
4079
0
0
0
0
0
0
0
0
0
0
0
0
0
0
0
0
0
0
0
0
0
993
5
0
0
0
0
0
0
0
0
0
0
0
0
0
0
0
0
0
0
0
0
0
0
0
0
0
2939
6365
0
0
1301
0
0
0
0
0
0
0
0
0
0
0
3295
0
0
0
14
1436
0
0
648
585
0
0
0
638
0
0
0
2947
3527
0
0
0
1784
906
0
0
0
0
0
0
0
1681
0
0
0
0
0
0
0
0
0
11568
0
0
2741
731
0
0
0
0
0
0
0
0
3026
0
11412
4511
0
0
0
0
0
0
0
0
0
4177
1823
18405
0
0
0
0
0
0
0
0
0
0
1763
0
3516
0
0
0
0
1818
1740
3021
0
0
0
0
0
6407
2708
4639
0
0
0
5422
2871
0
0
0
0
0
6201
0
0
0
0
0
0
1851
3168
1994
0
0
0
0
0
0
1047
5364
0
3063
1446
0
0
0
0
0
5604
0
0
1394
3364
0
2849
0
0
0
0
3691
0
11649
697
0
2401
0
0
0
0
0
0
0
0
0
13224
307
0
3931
6437
1220
0
0
0
0
0
0
0
0
0
158
0
0
0
0
816
0
0
0
539
0
0
0
703
0
0
0
0
0
0
0
2041
2007
0
4531
0
0
161
0
0
1050
0
0
3593
0
0
0
5835
0
2091
6115
6514
5556
11674
11380
8224
3709
4185
0
2533
0
0
0
0
6776
6660
5696
6306
7521
5654
2648
0
0
0
3978
5042
0
0
8142
1192
0
5059
0
0
0
6716
0
2197
0
0
0
0
0
0
2726
2903
0
0
4138
0
0
0
0
0
0
0
0
0
732
0
0
0
0
0
0
1263
0
2887
0
0
0
603
0
4741
0
0
0
1813
0
0
1940
0
0
1691
1220
90
4633
779
0
0
0
2315
0
1971
0
0
0
0
0
0
0
0
0
243
475
0
4733
1948
7193
0
70
3045
4041
0
0
0
707
0
0
917
157
2941
2698
3394
799
2773
0
0
0
0
0
0
687
3019
0
0
0
2074
2754
2670
0
0
0
0
0
3267
7724
357
0
0
0
0
0
0
0
0
0
0
0
0
0
0
0
0
0
0
1392
954
8327
6345
5562
4283
2896
1705
5653
1181
0
0
0
90
543
1263
1546
610
3780
2466
960
2920
1907
0
0
0
0
3434
488
0
0
3100
2798
0
864
0
0
0
0
0
2207
1281
0
0
0
0
0
5383
2651
0
0
0
0
0
0
0
0
0
0
0
0
0
0
0
0
0
2625
0
0
83
0
0
1184
943
0
0
0
0
0
4443
0
0
0
0
2449
0
0
0
0
0
0
0
8541
0
0
0
714
0
0
0
0
0
0
0
0
8598
4615
0
0
394
9485
2799
0
0
0
0
0
0
2485
2277
0
0
0
0
2146
356
0
0
0
0
0
5229
0
0
0
0
0
0
0
0
34
1061
0
5599
6848
1907
1997
3206
5178
1255
2162
3491
642
0
109
0
0
0
0
0
0
0
0
0
0
0
517
3006
0
0
530
0
0
0
0
0
0
0
0
0
0
0
0
0
0
0
0
1809
0
0
0
0
0
0
0
0
0
1530
2784
0
0
0
31
0
4418
0
1930
0
0
0
0
3782
0
0
1921
0
0
9383
0
199
0
0
0
0
621
686
1292
985
0
0
4206
2582
0
0
0
0
0
0
0
0
0
0
0
0
0
0
0
0
0
0
0
0
0
1860
0
0
0
0
0
0
0
0
0
0
0
0
2391
0
0
0
0
0
0
0
0
0
0
884
0
0
0
0
0
0
882
0
0
0
0
0
0
0
7120
0
0
0
462
500
0
0
0
2959
0
0
0
0
6225
3283
0
438
535
0
0
0
0
0
0
0
0
2437
0
0
0
0
0
8176
8045
4933
1313
202
1947
5708
2636
3551
4834
1710
0
585
169
0
2846
0
0
0
0
839
30
0
5165
4999
9386
238
0
0
765
1631
221
0
0
0
0
2198
7827
4063
0
0
1134
0
184
1752
0
0
1535
1052
1079
7877
11004
0
0
0
0
0
1695
0
0
0
0
1075
8181
10440
1947
0
0
0
0
331
0
0
0
0
0
8676
4344
317
0
894
1874
415
1473
1079
0
0
0
0
12324
6643
6071
0
0
5380
197
2112
787
589
261
1279
1332
16281
8841
4562
0
0
1892
1434
4253
4461
0
2435
5743
4991
11719
8768
2338
0
0
0
0
904
0
0
0
0
0
7351
9321
15824
0
0
0
0
0
0
946
502
334
399
8664
3346
1348
718
0
0
0
0
0
2012
0
1697
0
5824
3522
907
3572
4203
99
0
0
715
0
355
5691
2374
7369
9817
0
0
0
0
0
0
104
0
0
0
0
0
0
0
0
4819
0
0
1398
1235
228
1427
2552
5049
0
0
0
5412
3052
0
6010
3610
3643
6019
1200
1511
2436
0
0
0
3250
1169
0
7588
0
4077
12746
9362
816
2760
454
0
0
0
0
0
0
0
0
0
0
0
1956
0
0
0
0
0
0
0
97
0
0
0
0
0
1435
0
0
0
0
0
0
0
0
0
0
0
0
7568
0
0
3083
2896
0
0
1090
1238
0
0
0
160
3818
0
0
3802
4173
0
437
13911
0
0
7516
2948
0
0
0
0
3359
0
0
0
7105
0
1462
0
0
0
1254
9548
0
1159
3497
4580
598
0
0
5650
0
357
1272
1357
0
3379
6072
0
37
2254
2576
4891
0
0
575
0
745
0
0
3632
0
0
0
0
281
0
0
5372
476
1091
0
0
0
0
0
0
2021
2642
0
124
4864
0
0
0
0
0
0
213
4202
3008
4657
3403
3490
3705
0
0
0
0
607
0
537
6397
6361
5584
233
0
0
1583
0
0
0
564
0
0
0
2979
7562
542
0
0
0
0
0
0
0
0
0
0
0
405
0
0
0
0
0
0
0
0
0
0
0
0
0
0
0
0
0
0
0
0
0
0
0
0
0
0
0
0
0
694
0
0
0
5554
4899
0
0
812
0
0
6958
8510
4553
0
0
0
6840
5436
0
0
0
0
346
3668
3247
1642
0
0
0
9768
3494
0
0
0
0
2488
5068
3564
2814
0
0
0
171
0
0
0
0
0
0
124
4667
1325
0
0
0
0
0
0
0
0
1019
0
0
0
792
0
0
0
0
0
0
0
0
0
0
0
0
0
0
0
0
5551
6576
3410
8269
8109
0
0
2095
0
0
0
0
0
0
0
1385
0
0
0
0
0
0
0
0
0
0
445
1136
784
0
0
0
0
0
0
0
0
0
0
0
0
0
0
0
0
0
0
0
0
0
0
0
0
0
0
0
0
0
0
0
0
0
0
0
0
0
0
0
0
0
0
0
0
0
0
0
0
0
0
0
0
0
0
0
0
2434
2455
875
0
0
0
2055
0
0
0
0
0
3480
949
1582
0
0
0
0
2916
0
0
0
0
0
4908
0
0
0
0
0
0
3597
0
0
0
0
4851
4053
0
0
0
0
0
0
665
0
0
0
0
0
0
0
0
0
0
0
1070
0
0
0
0
0
0
0
3591
0
0
0
0
0
0
0
0
0
0
0
0
0
0
0
0
0
9659
0
0
0
0
0
0
0
0
0
0
0
0
3365
0
0
0
0
0
54
1849
1942
2847
3876
0
0
791
0
0
0
0
0
0
0
0
0
6
1789
0
0
0
0
0
0
0
0
0
0
0
0
3022
0
0
731
2410
0
0
0
2933
602
0
2495
0
0
0
0
0
0
1590
0
0
0
0
3971
6705
0
0
0
0
0
0
0
1211
0
0
0
0
0
0
849
0
0
0
0
0
0
401
0
0
0
0
0
2779
0
153
0
0
0
0
0
1337
0
0
0
3466
4615
0
1193
0
0
1027
1370
1183
0
0
0
5531
1524
683
0
3082
0
356
0
0
0
0
0
1178
161
233
221
0
0
781
0
0
0
0
3080
1915
0
0
2873
1246
6613
1752
2688
2249
0
0
0
8076
4525
1596
2613
1191
4538
0
3353
0
0
0
0
0
0
763
2369
1494
0
0
1357
0
0
0
0
0
0
0
0
0
0
0
0
0
0
0
4706
9103
0
0
0
182
1328
1545
696
0
2944
0
0
331
2982
0
0
0
0
0
6647
7754
0
544
0
0
0
0
0
0
0
0
0
0
1624
0
2462
2155
0
1387
1496
1787
0
0
0
1660
0
0
0
2685
2332
0
0
0
0
0
0
0
0
0
0
155
0
3757
0
0
0
0
0
1139
0
0
0
0
0
0
3279
0
0
0
3837
27
10038
0
0
0
0
0
1560
4659
0
0
0
0
0
6431
0
0
0
0
0
16656
18286
0
0
2588
3445
1590
146
0
3984
0
0
0
0
6832
0
0
0
24
592
1138
4699
0
0
0
0
0
0
0
0
0
0
0
966
0
0
0
716
1373
13397
18558
7216
1638
738
0
0
0
0
0
2721
0
0
1401
0
0
21
0
0
0
0
0
263
0
0
0
0
0
4715
0
0
0
1179
11
6701
6514
454
0
0
0
0
0
0
0
0
0
5366
6937
0
0
0
0
0
0
0
0
0
0
0
0
0
0
0
0
0
0
0
0
0
0
0
0
0
0
0
0
0
0
0
0
0
0
2285
0
0
0
0
0
364
0
0
0
0
0
0
6446
366
0
0
0
0
0
5501
0
0
0
0
0
0
0
0
0
0
0
792
1187
0
0
0
0
0
0
0
900
0
0
0
0
0
0
0
0
0
219
0
0
2131
3627
0
0
698
3546
0
0
0
0
0
0
0
0
0
0
0
0
899
0
0
0
0
0
0
0
0
0
0
0
0
0
0
0
0
0
0
0
0
0
0
0
0
1331
0
0
0
0
2357
0
0
0
72
0
0
0
0
0
0
0
0
0
0
0
0
0
0
3916
0
0
0
0
0
0
2288
0
5981
12269
7538
6715
1452
0
0
0
0
0
0
3741
0
0
4949
1055
1843
2012
5539
1160
0
0
0
0
0
0
0
0
0
0
1605
0
0
0
0
0
0
410
0
0
0
0
287
0
0
0
0
0
0
0
6483
1110
1992
0
0
0
0
0
8423
9322
0
0
0
14311
11433
127
0
0
0
0
9004
8705
5258
781
0
0
2421
2653
0
3717
0
0
0
3230
0
0
0
0
0
0
0
0
419
0
0
0
0
0
0
0
2345
0
5830
0
0
0
0
0
0
1062
1833
818
0
4230
9101
13366
7546
7194
2520
0
0
4768
17896
9157
4433
1395
0
0
4259
3453
205
715
0
0
0
0
322
6081
2653
0
6221
3554
0
70
0
0
0
0
0
0
4295
14543
0
2760
0
0
0
0
0
0
0
0
0
0
8636
879
1264
0
0
0
0
0
0
0
0
0
0
2924
746
3298
1748
6099
0
0
0
1991
7679
2922
0
0
1454
887
3347
0
13
1816
0
0
276
1264
462
55
2429
3753
6503
6206
0
0
3218
3581
1451
4207
0
0
409
1806
2586
7480
14726
2412
0
2026
0
0
0
0
0
2243
293
4367
4016
18537
3345
0
0
0
0
0
0
0
0
0
6633
0
9445
0
0
1856
552
0
1411
0
0
0
0
2623
0
0
775
0
1613
0
0
718
0
0
0
0
737
0
0
0
1029
0
0
0
0
0
1677
0
0
0
4939
6701
0
2303
3704
0
0
0
6950
1112
0
0
0
0
0
0
1008
0
0
0
0
0
0
0
2191
0
0
0
0
1931
0
0
0
0
0
0
0
0
0
2929
2548
0
0
0
0
0
0
0
0
0
0
579
4055
0
0
0
0
0
0
0
0
0
0
0
1171
3076
0
2104
3642
0
0
0
2967
0
0
1531
0
143
1891
0
1287
1354
0
0
0
0
0
0
0
0
1543
0
0
1551
0
1222
3402
364
0
1159
0
0
0
0
0
0
0
0
4062
3441
7319
7281
0
0
0
0
5003
914
1451
0
0
1153
1540
9354
9182
979
0
0
0
4428
1505
397
0
0
3594
583
0
0
0
0
0
0
4410
0
2456
1181
3631
3700
2850
0
0
0
0
0
152
4635
6342
0
1719
419
0
0
0
0
0
0
0
2043
6220
8080
0
1006
976
2669
0
0
0
364
3091
223
0
3232
0
2529
0
0
1630
348
0
0
0
0
0
0
0
581
3229
0
0
2310
1629
0
2164
1492
0
0
0
0
0
0
0
0
0
0
0
0
0
0
0
0
0
0
0
0
3
0
0
0
0
0
0
0
0
0
0
0
0
2387
0
0
0
0
0
1720
0
0
0
0
0
0
2364
409
0
0
0
0
4440
2621
0
0
0
0
0
3594
4483
0
0
0
1905
3867
3961
0
0
0
0
0
0
294
0
0
0
0
1562
19
0
0
0
0
0
0
0
0
0
0
0
0
0
0
0
0
0
0
870
0
0
2606
0
1470
953
2295
885
0
0
0
0
0
0
0
1339
0
0
1246
572
0
0
0
0
0
0
0
1965
2430
5898
0
0
0
0
0
2069
0
0
0
0
1549
3312
6527
0
0
0
0
0
0
0
0
0
267
0
0
0
0
0
0
1744
0
0
0
0
0
451
0
0
0
1496
109
0
0
8209
0
0
0
0
0
0
1015
83
0
0
0
0
5169
0
0
0
0
0
0
0
0
0
0
0
0
4088
0
1740
1200
0
0
0
0
0
0
0
0
0
0
0
687
8245
5742
726
0
0
6443
11047
1508
0
0
0
0
0
9324
7873
283
0
319
7410
8914
6884
3492
0
0
0
0
1951
3925
0
0
0
0
7034
4980
0
0
0
0
0
0
0
0
0
0
0
0
0
0
0
3784
0
0
0
0
0
0
0
0
0
0
67
1889
1962
0
0
0
0
0
0
0
0
0
2608
1215
0
0
0
0
0
1953
2032
0
0
0
0
0
0
0
0
0
0
0
0
0
0
0
0
0
0
0
0
0
0
0
1868
1402
1134
4042
4123
0
0
0
0
0
0
13400
0
0
0
1399
237
1321
1480
0
0
0
0
0
10695
0
0
0
0
0
0
0
0
0
0
0
0
7563
0
3134
4133
0
2991
1930
0
0
2236
0
0
0
15095
0
0
0
1942
5179
0
3958
6345
2612
5843
0
0
13651
0
0
0
0
0
0
0
0
0
0
409
0
12765
1345
0
0
3287
1823
0
0
0
0
0
0
0
14716
372
39
0
1155
0
696
0
0
0
0
0
0
12282
1419
6409
1440
0
0
0
0
3410
0
0
37
0
10686
0
0
0
167
11307
8667
4706
0
910
0
0
0
10547
0
0
0
0
0
0
734
2094
0
0
0
0
21553
3316
0
0
0
0
0
0
280
3279
0
0
0
10353
6039
0
12
1144
2009
692
0
0
4857
0
0
0
0
0
0
0
0
0
0
45
0
265
0
0
0
0
0
3745
4837
0
0
256
0
0
0
0
0
0
0
0
0
3096
3439
0
0
0
0
0
0
0
0
0
0
0
0
2607
7428
0
0
0
0
3620
2601
0
0
0
0
0
0
4320
146
192
2471
0
0
5682
0
0
0
0
0
0
0
0
0
364
0
0
0
0
0
0
0
0
0
0
0
0
0
0
0
0
0
0
0
0
0
0
0
0
0
0
0
0
0
0
0
0
0
8316
0
0
0
1828
1388
6053
8493
2913
2123
0
0
0
0
0
0
0
0
0
4184
1857
0
0
0
1224
0
0
0
319
247
757
2530
0
0
0
0
0
0
0
0
0
0
0
0
0
0
0
0
0
689
0
1570
5253
3877
1028
155
0
0
1768
3557
2438
2368
10430
3397
0
0
0
0
0
0
0
0
0
0
0
10522
0
0
0
0
0
0
0
0
0
0
0
0
142
0
0
3638
714
4062
4053
2762
6774
448
146
0
0
0
0
0
0
3869
8244
0
1313
6878
1477
4597
2929
0
0
113
0
0
0
3068
0
0
0
0
0
3577
1601
0
0
0
0
0
0
4354
0
0
0
0
0
0
0
0
0
0
0
0
0
0
0
0
0
0
0
0
0
0
3594
2037
0
0
0
0
2525
2337
4088
0
0
0
0
6570
0
0
1346
0
0
3354
8924
5716
0
0
0
0
0
0
0
0
0
0
205
0
0
0
2101
0
0
0
0
0
0
0
0
704
1646
1228
0
0
0
0
0
352
0
395
0
0
0
5159
3022
0
0
0
0
0
0
0
0
0
0
0
0
0
0
0
0
0
0
0
0
0
0
0
0
0
0
0
0
21
1460
0
175
37
0
0
0
0
0
135
0
0
1682
0
0
0
0
0
0
0
0
0
0
0
0
0
3405
1690
0
0
3538
0
0
0
0
0
0
0
0
7840
10783
4438
0
0
4201
13164
13485
2081
0
0
0
3814
4446
662
1570
0
0
0
7190
9654
7546
0
0
0
0
2152
0
0
0
0
0
632
802
1947
0
0
0
0
0
0
0
0
0
0
0
0
0
0
0
0
0
138
0
0
0
0
0
0
0
0
0
1741
0
0
464
2
7
0
0
0
0
0
341
1738
0
0
0
0
0
0
0
0
0
0
0
0
0
0
0
0
0
0
0
0
0
0
0
0
0
0
0
2141
0
0
667
1370
285
0
0
0
0
0
0
0
0
0
0
1825
0
0
0
0
0
0
0
0
0
0
5852
366
1357
1517
457
0
0
0
0
0
0
0
0
3415
0
0
0
0
0
0
0
0
0
0
0
0
0
0
0
0
0
0
0
0
0
0
0
0
0
2732
1973
515
0
0
13
0
0
2696
0
0
0
0
3163
4189
6700
10385
505
0
0
8633
10216
3815
144
0
0
0
3972
1048
2778
0
0
0
6639
4721
1667
33
0
0
0
0
0
1627
0
0
0
0
0
0
0
0
0
0
0
0
0
0
0
0
0
0
0
979
0
0
0
0
0
0
0
0
0
0
0
0
0
0
0
0
0
0
0
0
0
2311
0
0
0
0
0
0
0
0
0
0
0
0
0
0
0
0
0
0
0
0
0
0
0
0
0
0
4184
0
0
0
0
2787
0
964
0
0
0
0
0
0
0
0
0
10845
0
0
0
0
0
0
0
0
0
0
0
0
1694
0
0
0
0
348
0
0
0
0
0
0
0
3778
0
0
0
0
0
0
0
0
0
0
0
0
1460
0
0
0
0
0
0
0
0
0
0
0
0
3901
0
4625
0
5410
1387
174
0
0
0
2138
0
0
0
0
3880
0
4722
1804
0
0
0
0
4690
3097
0
1029
0
0
0
0
74
0
0
1807
3778
1684
0
0
537
0
0
0
0
0
0
0
0
0
0
0
0
0
0
0
0
0
0
0
0
0
0
0
0
0
0
0
0
0
0
0
0
0
0
0
1956
1804
0
0
0
0
0
0
0
0
0
0
0
0
0
0
0
0
0
0
0
0
0
0
0
0
0
0
0
0
0
431
0
0
0
0
0
0
0
0
0
0
0
4158
0
0
0
0
682
486
0
0
0
0
0
0
0
0
0
0
94
2107
5321
876
0
0
2053
0
0
0
0
0
2211
0
0
0
0
340
0
599
935
0
0
0
0
0
2899
0
0
0
0
0
0
0
0
0
1248
512
0
1086
729
0
0
0
0
0
0
0
0
0
0
0
743
0
0
61
0
0
199
0
0
0
0
0
0
0
0
0
0
0
0
0
495
0
0
0
0
0
0
0
0
0
0
0
0
0
0
0
0
0
0
0
0
0
9076
738
0
0
0
0
570
0
0
0
0
0
0
0
0
2563
1154
286
0
4407
0
0
0
2306
0
0
312
0
0
0
0
0
0
0
0
0
0
0
0
967
0
0
0
0
0
0
0
0
0
0
0
0
0
0
0
0
0
3012
0
490
7608
1555
0
0
1039
0
0
990
2965
0
0
3710
9840
8809
0
0
0
973
0
0
0
0
0
0
8194
14848
2332
0
0
0
5670
4921
0
0
0
0
0
4994
4942
195
0
0
273
279
0
0
0
0
0
0
4072
599
0
0
0
0
0
0
0
0
0
0
0
2835
3251
949
228
32
1958
2591
2042
0
0
0
0
0
4531
7214
12296
0
2030
7741
10695
6395
525
0
0
0
0
9112
12941
23441
4833
2178
2632
0
0
372
0
0
3040
0
19655
10561
21877
4431
772
20
0
0
0
245
1963
892
0
0
161
9320
1407
0
0
0
0
0
0
0
871
0
0
0
859
0
0
0
0
0
0
435
2500
4785
334
1276
0
0
0
0
0
0
0
0
0
0
0
0
0
0
0
0
0
0
583
0
0
0
1254
0
0
11695
5426
0
0
3119
6461
1928
0
358
294
0
0
0
5267
0
0
0
0
7496
5675
1538
0
0
0
2620
0
4279
0
0
0
0
0
0
1783
0
0
0
1212
528
4797
0
0
703
0
551
3079
0
0
4468
0
0
1393
5150
0
1506
0
0
0
5741
0
0
0
0
0
0
7726
0
5192
2707
0
0
0
505
1007
757
0
3157
0
11780
0
3722
4436
0
1108
0
0
1159
7667
5589
3960
0
14168
0
0
1433
1171
1713
0
0
0
0
0
40
0
3101
0
1274
2432
0
403
0
0
2237
0
0
2125
0
6989
0
1128
1322
0
0
0
0
0
125
5944
2597
0
11444
0
439
1247
2219
0
0
0
0
0
249
852
0
1686
0
0
0
0
0
0
0
0
0
0
0
0
10134
1936
0
1224
5694
8187
10173
8984
7041
6959
5543
0
0
2231
0
0
1257
563
1192
4224
205
0
1882
0
0
0
0
0
5375
9735
7418
7772
12035
9350
9289
9602
6094
192
0
0
0
0
0
0
0
0
241
6262
321
0
0
0
0
0
0
0
0
0
0
0
0
0
0
0
524
0
0
0
0
0
0
0
0
0
0
0
0
0
0
0
0
0
3959
0
0
0
0
0
0
0
0
0
0
3858
3245
1408
0
0
5598
2845
5323
8259
3714
0
0
0
1184
0
0
2078
1267
0
40
1260
0
0
0
0
0
7147
0
0
0
0
1790
1946
0
0
0
0
0
0
5015
0
0
596
0
0
231
1705
1331
1816
0
0
0
579
0
3891
5813
5579
442
0
0
0
0
0
0
0
0
0
0
0
0
0
0
0
0
796
0
0
2231
0
0
0
2170
1614
0
808
3979
514
0
0
0
0
2486
1189
0
0
0
0
0
547
1603
0
0
0
0
2138
4317
3214
0
0
0
0
4304
2398
0
0
0
0
0
799
11696
370
0
0
0
0
5893
0
0
0
0
0
0
173
0
0
0
0
0
2717
0
0
0
0
0
0
0
0
0
0
0
0
0
0
0
0
0
0
0
0
3293
0
0
0
0
0
0
0
0
0
5576
0
0
3320
3854
4099
0
0
0
1993
0
0
0
6130
0
0
4605
2136
7338
10162
1184
0
0
0
1171
0
0
0
0
0
0
86
0
0
0
0
0
7096
950
0
0
1948
457
0
7585
0
0
0
0
0
1367
0
228
0
0
0
0
0
0
8913
368
0
0
0
0
0
0
0
0
0
0
4991
9926
1321
548
0
0
0
0
42
0
0
0
155
0
0
7094
8076
0
0
0
0
0
125
1952
0
0
386
0
0
0
0
0
0
1572
0
4079
11322
8871
9965
12857
5394
3883
1852
0
0
0
7044
596
0
4731
12474
9046
211
996
1245
4140
3499
0
0
2697
0
0
0
0
1179
0
0
0
0
0
0
0
910
0
0
0
1211
0
0
0
0
0
0
0
0
4019
5971
447
0
1022
2800
78
0
0
0
0
0
0
5052
12845
2853
1388
4119
2328
2691
4282
1462
3730
0
1021
0
0
0
0
0
2865
0
0
0
0
0
0
6862
0
167
0
0
0
0
0
0
0
0
0
2201
0
0
5902
2014
2722
9
0
0
0
3117
3547
1317
910
0
0
415
4461
0
0
0
0
0
0
4837
3521
0
0
0
0
1839
7348
1102
0
0
0
0
0
0
0
0
12543
7156
3793
3729
3757
4396
2956
1018
2531
4320
4694
0
7305
0
0
0
0
0
0
0
0
0
0
0
0
17429
0
0
0
0
1700
0
0
0
0
0
0
748
8462
0
0
0
0
0
0
0
0
0
0
0
2167
7353
0
0
0
0
0
0
0
0
0
0
0
3514
9605
0
0
731
1180
614
4480
0
0
0
0
0
1816
12291
0
2164
5227
7651
24
0
0
2735
1871
179
0
1546
11408
0
0
3867
7139
0
0
0
0
0
2128
1741
2107
9985
0
0
0
0
0
0
0
0
0
0
0
0
6422
0
0
0
0
0
0
0
0
0
0
0
0
1889
0
0
0
0
0
0
0
0
1852
0
0
0
1087
0
0
0
0
0
0
0
0
292
0
0
0
3603
0
0
0
2284
0
0
552
0
0
0
0
0
0
0
0
0
0
0
0
0
0
0
0
0
0
411
11778
0
0
1546
2684
3149
5426
3880
2524
4151
0
0
0
1007
0
0
0
0
1012
0
0
0
0
1284
0
0
0
237
0
0
0
0
1892
4787
1617
0
0
1175
0
0
796
0
0
0
1359
673
968
1112
0
0
0
0
0
3020
0
0
237
0
2951
0
0
0
0
0
0
0
3952
1739
0
0
0
0
5071
2254
1484
0
0
0
0
0
0
0
0
0
0
0
0
0
0
0
0
0
0
0
0
0
0
0
0
0
0
1206
0
0
0
0
0
0
0
3875
0
1515
1414
2397
3404
0
0
0
0
236
0
0
0
0
0
0
4071
1853
0
0
0
0
459
2270
0
0
515
0
0
0
2446
0
0
0
0
0
0
0
3196
3927
0
0
0
0
0
5252
0
0
0
0
0
0
1443
2627
2181
0
0
0
0
0
0
630
0
0
0
0
0
0
0
0
0
0
0
0
8324
1060
0
0
0
9568
9348
3906
0
0
0
0
0
1611
0
0
0
0
0
2759
4795
0
0
0
0
0
0
0
0
0
0
0
0
0
0
0
0
0
0
0
0
0
0
0
0
0
0
0
0
0
0
0
0
0
0
0
0
0
0
0
0
0
0
0
0
0
0
0
0
0
0
0
0
0
0
0
0
0
0
0
0
8914
4611
0
728
0
0
0
0
0
0
0
0
0
0
0
0
0
0
0
0
0
0
0
0
3317
3498
0
0
0
0
0
0
26
0
0
0
0
0
6795
5637
320
0
0
0
0
148
0
0
0
2931
0
0
0
0
0
0
3303
4288
2529
14210
0
0
0
0
0
0
0
80
0
0
0
2723
0
0
0
0
0
0
0
0
0
0
0
0
0
0
0
867
0
0
0
0
0
0
0
0
0
0
0
0
0
0
2560
0
0
0
0
0
0
0
0
0
0
0
0
1103
2355
0
0
0
0
0
724
0
0
0
2055
0
0
0
0
777
1591
0
0
0
0
0
0
0
0
0
0
0
0
0
0
0
776
0
0
0
0
0
0
0
0
0
0
0
0
0
0
0
0
0
891
0
360
0
0
0
0
0
0
0
0
0
0
0
0
0
0
0
0
2812
22
0
0
0
1230
0
129
0
1994
0
0
0
0
0
0
0
0
0
0
0
2280
3035
1164
0
0
578
0
0
0
0
0
0
0
0
0
0
0
0
0
3
1809
0
0
0
0
0
0
0
0
0
0
0
540
2713
0
0
0
0
0
0
0
0
0
0
0
0
0
1845
0
0
0
0
0
1084
0
0
2393
0
0
0
1212
0
0
0
0
0
0
0
0
0
0
0
0
0
0
0
0
0
0
0
0
0
0
0
0
0
0
0
0
157
0
0
0
0
0
0
0
0
0
0
0
0
0
6650
4847
0
0
0
0
2935
7182
10834
0
0
0
0
7276
5781
0
0
0
7720
9715
7577
3070
0
0
0
0
0
0
0
0
0
0
0
0
0
0
0
0
0
0
0
0
0
0
0
0
0
0
0
0
0
0
0
0
0
0
0
0
436
0
0
0
0
0
0
0
0
0
0
0
0
0
0
0
0
0
0
0
0
0
0
0
0
0
0
0
0
0
0
1798
2725
0
2185
591
0
0
0
0
0
0
0
0
11323
260
0
9125
2773
0
1344
1635
2571
1563
0
864
0
1615
0
0
3549
0
159
1187
0
0
0
0
2598
0
4367
0
0
0
0
0
0
0
0
0
0
96
0
3154
0
0
0
274
2513
0
0
0
0
32
0
0
1345
0
632
6213
16
0
1183
0
0
1784
0
0
0
0
0
5817
4553
1775
1863
3108
3703
8454
10219
1972
0
0
0
0
817
0
9008
0
1540
11712
5404
0
0
0
0
649
1023
0
0
0
0
0
0
0
0
0
0
0
2911
8191
73
0
0
0
1101
2158
0
8116
6820
0
0
3686
8660
0
0
0
0
0
0
7141
1476
1201
0
0
0
0
0
0
0
0
0
1128
0
0
1311
0
0
0
0
0
0
0
152
459
0
0
0
0
0
0
7770
1331
5823
7590
5485
6246
13138
16302
14330
11114
3058
0
0
949
1935
0
0
0
0
0
0
0
0
0
1012
0
0
0
0
0
0
0
0
0
96
0
612
6198
0
0
0
0
0
0
0
0
0
0
0
0
371
0
755
1709
1167
0
0
244
0
0
4957
0
0
0
0
0
2808
729
496
0
0
1246
7770
8570
4482
0
0
0
0
0
0
31
0
0
1088
0
0
0
0
0
0
0
3181
0
4121
3339
4514
5026
0
0
1570
0
3163
0
0
4479
0
0
0
0
0
2481
133
0
0
5309
0
0
6455
687
0
0
0
0
0
0
0
287
4269
0
9030
8469
0
2357
1351
6200
6252
0
0
0
0
2256
0
0
3489
0
0
0
0
0
0
0
0
0
1250
0
0
2805
0
0
0
0
0
0
0
0
879
744
3281
0
1164
0
0
0
0
0
0
0
0
0
3555
4928
0
0
0
0
0
0
0
0
0
0
0
2720
0
0
0
0
0
0
0
0
0
0
0
0
2466
0
0
0
0
2165
0
0
0
0
0
0
0
1548
0
0
0
0
1744
0
0
0
1190
0
0
1031
0
0
0
0
0
0
1508
0
2395
0
0
0
0
0
0
0
0
0
0
0
0
0
0
0
0
17
0
0
0
0
0
0
110
0
0
1212
0
0
0
0
0
0
0
0
0
0
0
0
0
0
0
0
0
0
0
0
0
1113
1379
0
724
0
0
0
0
0
0
0
0
0
0
0
0
0
0
0
0
0
0
136
0
0
0
1036
0
0
0
253
0
0
0
0
0
0
0
0
0
0
0
0
0
0
0
0
0
0
0
202
0
0
0
0
0
0
0
0
1577
76
0
289
0
0
504
1160
0
278
0
0
0
614
2563
0
0
0
0
0
0
0
0
0
0
0
0
1802
0
0
0
0
0
0
0
0
0
0
0
0
784
0
3302
0
3243
4584
989
0
3956
976
1660
9233
0
0
0
1519
0
0
410
5181
0
0
0
0
0
4838
5881
0
0
3411
7584
0
2070
5342
6006
5282
5467
3819
1847
4168
0
986
0
0
0
0
0
0
0
863
0
0
1709
0
1216
0
0
0
0
0
0
0
0
0
0
344
0
0
0
0
0
7647
0
0
1652
0
0
0
0
0
0
0
0
0
0
0
1004
0
0
0
0
0
4468
0
0
0
0
0
0
0
0
0
0
0
0
854
12391
2134
271
476
762
2586
1155
0
5094
0
0
0
