1407
0
0
387
0
1205
1692
1222
3178
1347
0
11410
0
2468
93
0
0
0
3899
2153
621
2828
0
913
14715
0
0
0
0
0
0
0
0
904
597
0
0
1731
0
0
0
0
0
0
0
0
0
0
0
0
0
0
0
0
0
0
186
0
0
0
0
0
0
0
0
0
0
0
5107
3950
3689
4535
1837
0
0
0
0
0
0
0
1640
6704
5915
2480
0
0
158
0
0
0
0
22
44
0
0
0
0
0
0
1129
2592
3785
0
0
980
0
0
0
0
0
0
0
996
7349
4286
0
0
0
0
0
0
0
2115
0
0
0
0
0
0
0
0
0
0
0
0
0
0
0
0
0
0
0
0
0
0
0
0
0
8654
0
0
0
0
0
0
0
0
0
0
0
0
2742
0
0
0
0
0
0
0
0
279
3912
5579
9764
9368
5792
3105
4445
201
0
0
0
0
0
0
0
0
0
707
6141
4875
0
0
0
0
0
0
0
0
0
0
0
0
0
0
0
0
0
0
0
0
0
0
0
0
0
0
0
0
0
0
0
0
0
0
0
0
0
0
0
0
0
0
0
0
0
0
0
0
0
0
0
0
0
0
0
0
0
0
2379
6273
2340
0
0
0
3262
0
0
0
0
0
0
0
4893
7210
0
0
0
0
0
0
0
0
0
0
0
0
0
0
0
0
0
0
0
0
0
0
0
0
3462
0
0
0
0
0
0
0
0
0
0
0
0
16028
15860
8019
0
0
0
0
350
0
0
0
0
4835
7347
7885
2
0
0
0
0
0
0
0
0
0
0
0
344
0
16823
8190
0
0
19176
0
0
0
0
0
0
0
0
0
0
0
0
0
0
0
3211
5907
0
0
0
0
0
0
0
0
0
0
0
11993
20088
2418
0
0
0
0
0
0
0
0
0
0
14121
15829
0
0
0
0
0
0
0
0
0
0
0
22696
11959
0
0
0
0
0
0
0
0
0
0
17002
19693
0
0
0
0
0
0
0
0
0
0
15739
24726
19837
0
0
0
0
0
0
0
0
0
13220
31826
10302
11007
0
0
0
0
0
0
0
0
0
322
24162
0
11544
0
0
0
0
0
0
0
0
0
0
0
0
14116
0
0
0
0
0
0
0
0
0
0
0
0
10292
0
0
0
0
0
0
7355
0
0
637
0
0
1614
0
0
0
0
0
0
0
0
0
0
0
0
4108
0
0
3518
0
0
0
499
23323
20522
27116
15465
0
6791
6996
2701
1264
0
0
0
0
0
0
1122
8419
3403
9485
3241
3936
14306
9952
4443
0
0
0
0
0
0
0
10464
0
0
0
0
0
0
4153
5627
7415
6400
0
0
1166
0
0
0
0
0
0
0
14663
26212
15818
2583
0
0
0
0
0
0
0
0
0
0
0
0
0
0
0
0
0
0
0
0
0
0
0
0
0
0
0
0
5268
3084
0
6958
14271
13345
14691
0
0
0
0
0
0
7763
22090
16055
1565
0
1244
7156
0
0
0
0
0
0
7285
11762
0
0
0
0
0
0
16197
5073
0
162
110
2288
0
0
0
0
0
0
0
3769
0
0
0
5114
2973
0
0
0
0
0
0
0
0
0
0
0
2657
3870
5084
7824
0
0
0
3710
0
0
0
0
0
0
0
0
0
0
0
0
0
0
0
0
0
0
0
0
0
0
0
0
0
0
0
0
0
0
0
0
0
0
0
0
0
0
0
0
0
0
0
0
0
0
0
0
0
0
0
0
0
0
0
0
0
0
0
0
0
0
5573
0
0
0
0
0
0
0
0
0
0
0
0
0
295
7944
0
3831
16798
0
0
0
0
0
0
0
0
0
7747
0
0
20079
0
0
0
0
0
0
0
0
0
0
0
0
0
0
0
0
0
0
0
0
0
0
0
0
0
0
0
0
0
0
0
0
0
20588
30478
0
0
0
0
0
0
0
0
0
0
0
0
0
0
0
0
0
0
0
579
0
0
0
0
0
0
6788
13458
0
0
0
0
3642
0
0
0
0
0
0
0
0
0
2961
0
0
0
10006
4968
0
0
4725
0
0
0
0
0
0
0
0
0
0
0
0
0
0
0
0
0
0
0
0
0
0
0
0
0
0
0
0
0
0
0
0
0
0
0
0
0
0
0
493
1657
182
2797
0
0
0
0
0
11006
4450
0
0
0
5566
6060
0
0
0
0
0
0
9252
0
0
0
3012
1939
0
0
0
0
0
0
4973
4575
0
0
0
0
0
0
0
0
0
0
0
0
0
0
0
0
0
0
0
0
0
0
0
2605
8805
0
0
0
0
339
416
0
0
0
13968
6186
2233
11018
0
0
0
0
0
0
0
0
0
22435
7611
0
3988
0
4980
19377
14754
20356
4446
0
0
6826
11603
0
493
13237
13091
11376
9096
2321
12175
7820
9957
6702
824
14433
0
5537
11544
3783
0
0
0
0
0
0
0
0
0
0
6033
2908
0
0
0
0
0
0
0
0
0
0
0
0
0
0
0
0
0
0
0
0
0
0
0
0
0
0
0
0
0
0
0
0
0
0
0
0
0
0
0
0
0
0
0
0
0
0
0
0
0
0
0
0
0
0
0
0
0
0
0
0
0
0
0
0
0
0
0
0
0
0
0
0
0
0
0
0
0
0
0
0
0
0
0
0
0
0
3236
0
1100
0
0
0
0
0
0
0
0
0
0
0
0
0
0
0
0
0
0
0
0
0
0
0
0
0
0
0
0
0
0
0
0
0
0
0
0
0
0
0
0
0
0
0
0
0
0
3553
3341
0
0
0
0
0
0
0
0
8924
0
0
0
1304
0
0
0
0
0
0
0
0
1087
12355
0
0
0
12141
0
0
0
0
0
6353
4245
0
4307
12117
17656
27131
40627
45329
25654
23
0
0
0
0
0
0
0
0
0
0
9158
0
0
0
0
0
0
0
0
0
10698
9126
0
10550
3370
0
0
0
0
7138
2535
0
0
0
0
0
404
8013
0
0
0
0
17512
0
0
0
0
0
0
0
6056
0
0
0
0
20293
0
0
0
0
0
0
0
20269
0
0
0
0
4983
4776
0
0
0
4077
0
0
0
0
0
0
0
0
1511
0
0
0
20152
0
0
0
0
0
0
0
0
5662
11974
0
0
0
0
7900
0
0
0
0
0
0
0
6620
0
0
0
0
7047
0
1331
0
0
24512
23954
0
17744
6250
0
0
0
0
0
10603
0
0
15506
15138
0
10986
2019
0
0
0
0
0
11336
0
0
0
0
0
0
0
1801
0
0
0
0
0
2576
0
0
0
0
0
0
0
0
0
0
0
0
0
0
0
0
0
0
0
0
0
0
0
0
5694
0
0
0
0
0
0
1589
4173
0
0
0
0
0
0
0
0
0
0
4026
2110
12638
21225
22982
0
0
0
0
0
0
0
0
0
0
4471
0
0
0
0
0
0
0
0
0
0
0
0
0
0
0
0
0
0
0
0
0
0
0
0
0
0
0
0
0
0
0
3300
7273
3934
0
0
4496
10463
0
0
0
0
5977
0
6351
2360
0
0
0
0
10263
0
0
0
0
14170
0
1374
0
0
0
0
0
0
0
4376
271
2495
10920
0
0
0
0
0
0
0
0
0
11846
0
0
20165
0
0
2541
0
0
0
0
0
4365
0
0
0
4347
0
0
0
0
0
0
0
0
0
0
0
0
0
0
0
0
0
0
0
0
0
0
0
0
0
0
0
3498
5996
6614
7535
8264
6737
4299
2325
5383
0
0
0
0
2637
1590
1295
5689
12932
21724
15849
0
940
0
0
0
0
0
0
0
0
0
7457
10726
6939
10031
1082
0
0
0
0
0
4781
0
0
21564
2578
4902
5992
0
0
0
0
0
0
0
0
0
20001
17535
25884
21076
0
0
0
0
0
0
0
0
0
0
2734
18822
21622
11930
5895
0
0
0
0
0
0
0
0
302
0
0
0
0
0
0
7633
0
0
0
0
0
0
0
0
0
0
0
0
6547
0
0
0
0
0
15537
0
0
0
0
0
0
10475
0
0
0
13632
20146
13240
8445
0
0
0
0
0
6284
0
0
0
0
0
0
12477
13852
0
0
0
0
1435
0
0
0
0
0
0
0
27128
0
0
6956
0
8211
3986
13600
0
0
0
0
0
7130
0
0
10417
0
1245
0
0
0
0
0
0
0
0
0
0
0
0
0
0
0
0
0
0
0
0
0
0
9734
0
0
0
0
0
0
0
0
0
0
0
0
12763
0
0
0
0
0
24170
4530
0
0
0
0
0
19194
0
0
0
0
4081
15096
0
0
0
0
0
0
4286
0
0
0
0
0
0
0
0
0
0
0
21011
0
0
0
0
0
0
0
0
0
0
0
0
8927
735
0
0
0
0
0
0
5709
0
0
5328
0
0
0
0
5037
0
0
3039
0
16031
24300
0
0
0
0
0
0
6115
0
0
0
0
0
0
0
0
0
1796
0
0
0
0
0
6339
0
0
0
0
0
0
0
0
0
1203
0
0
0
209
0
0
0
0
0
22839
0
0
0
7475
0
0
501
1158
0
0
0
0
0
0
0
392
0
0
0
0
0
0
0
0
0
0
0
87
438
0
0
11043
21556
20993
11416
7795
6099
6302
6096
4196
0
0
0
0
0
0
1564
0
0
0
0
638
0
0
0
0
0
0
0
0
0
0
0
0
0
0
0
0
0
0
0
0
0
0
0
0
0
0
0
0
0
0
0
0
0
0
0
0
0
0
0
0
0
0
0
1676
4102
782
9050
16139
7652
0
0
0
0
0
0
0
0
0
0
1155
9411
7815
0
0
0
0
0
0
0
0
0
0
0
0
0
0
0
3462
2652
0
0
0
0
0
0
0
0
0
0
0
0
0
1005
0
235
0
0
0
0
0
0
0
0
0
0
0
0
0
0
0
1118
433
0
0
0
0
0
0
0
0
0
0
0
0
6350
7460
0
0
951
0
0
1680
0
0
5805
11115
11398
11550
12611
12206
10521
8942
8207
15369
14126
2145
0
6097
7441
2959
0
0
0
11
502
2579
5368
11361
19599
3419
5691
0
0
0
0
0
0
0
0
0
2226
23382
11212
8352
0
0
0
0
0
0
0
0
9103
0
30215
10338
3466
0
0
0
0
455
0
0
0
19430
11449
34457
3713
0
0
0
0
0
0
0
0
0
0
6506
17790
546
0
0
0
0
0
0
0
0
0
0
1915
6738
0
0
0
0
0
0
31
0
0
0
894
9426
15198
0
0
0
0
0
0
1992
2322
0
0
0
0
11986
0
0
0
0
0
0
0
945
0
0
445
0
1646
0
0
0
0
0
0
0
0
11067
5126
0
0
0
6900
2778
0
0
0
0
0
56
19035
5255
0
0
0
905
0
0
0
0
0
0
7574
16380
9340
0
0
0
0
0
0
0
0
0
0
0
0
0
0
3271
0
0
0
0
0
0
0
0
0
0
0
4177
10082
0
0
0
0
0
0
0
0
0
4911
3958
9937
17431
5051
0
0
0
0
0
0
0
0
0
0
0
0
0
0
0
561
0
0
0
0
0
6875
0
0
0
0
0
0
2639
6315
761
0
6017
0
0
0
0
0
0
0
5823
1738
1177
0
0
0
0
0
0
0
0
0
1310
6470
1289
0
0
0
0
0
0
0
0
0
0
1791
4915
0
0
0
0
0
0
0
0
2364
0
0
4396
8929
3460
6964
0
0
0
0
0
0
10324
3802
0
2791
3669
1189
16634
645
0
0
0
1705
0
0
0
0
0
0
5407
10810
4784
0
0
0
0
0
0
0
0
6785
0
0
0
3430
0
0
0
0
0
0
0
0
2291
0
0
0
0
0
0
0
0
0
0
0
0
1272
0
0
0
0
0
962
0
0
0
0
17451
15252
581
1584
5439
1035
0
0
4244
4043
0
3393
0
0
6586
4656
10392
9651
602
10834
14824
5650
0
0
0
0
0
2015
12680
16882
10832
3382
7561
12426
16438
6600
0
0
0
0
2731
15650
10505
2653
7197
10629
2519
6275
11358
2066
5134
12493
15809
16520
6983
0
0
3802
5518
0
5075
8822
0
885
0
13897
10986
3903
0
0
0
0
0
2400
0
1033
10570
0
8363
0
5765
0
0
0
0
2262
17509
0
0
2898
0
8760
0
7175
352
0
7689
20262
9466
15187
9661
9093
4178
0
4489
0
6004
3589
14285
16694
15762
4678
0
4017
17479
10269
0
6276
0
9561
0
0
835
4072
10140
0
0
0
0
0
4395
0
9800
1439
2617
2486
3312
16167
10231
0
4300
6967
1306
5446
0
2804
5621
4271
0
0
0
0
0
0
5765
16567
25261
6663
4626
12790
11323
1880
1137
2815
0
0
0
5788
13829
0
0
5568
8995
6319
0
0
5061
6753
1006
0
0
0
0
0
8486
0
0
0
0
0
0
0
0
0
0
0
0
11606
0
0
0
0
0
0
0
0
0
0
0
0
13062
0
0
0
0
0
0
0
0
0
0
0
0
10663
0
0
0
8109
6108
3355
0
0
0
0
16914
0
11368
0
1816
0
0
0
1248
0
0
2159
0
0
0
11805
5068
7925
0
0
0
0
0
1661
8238
0
0
0
12726
0
1765
0
0
0
0
0
0
0
0
0
0
13948
0
0
1561
0
0
0
0
0
0
0
0
0
13156
0
213
0
0
0
0
0
0
0
0
0
0
6305
0
0
0
0
0
0
0
0
0
0
0
0
0
0
0
0
0
0
0
0
0
0
0
1538
0
0
0
1268
15930
14355
5809
3793
0
0
0
0
0
2507
0
3759
0
0
0
0
0
0
0
0
0
0
0
0
5915
0
0
0
0
0
0
0
0
0
0
0
0
0
0
0
0
0
1396
0
0
0
0
0
0
0
0
0
0
2348
7410
0
0
0
0
0
0
0
0
0
0
0
0
15920
0
0
0
0
0
0
0
0
0
0
0
0
7726
0
0
0
0
3314
0
0
0
0
0
0
0
0
0
0
0
0
1082
9791
0
0
0
0
0
0
0
0
2481
0
0
0
0
0
0
0
0
185
7144
0
0
232
0
0
0
0
0
0
0
0
0
0
0
0
0
0
0
0
0
0
0
0
0
0
0
0
0
0
0
0
0
0
0
717
0
0
0
0
0
0
0
0
0
0
0
0
3865
0
0
0
0
4850
3432
0
1231
0
0
7421
0
0
6678
5186
0
0
0
0
0
4952
10147
0
0
0
0
10108
0
0
5579
8621
0
0
0
0
0
0
0
4517
6205
0
0
0
14920
11784
8579
0
0
0
0
0
6167
0
0
0
0
6685
5012
4204
0
0
4616
0
5773
2533
0
0
0
0
0
5761
0
0
0
1174
7475
0
1213
0
0
0
0
0
0
0
0
0
0
11416
0
253
0
0
0
0
9634
13013
0
0
0
0
3345
0
3553
0
0
0
0
3128
9682
2193
4365
0
0
0
0
711
0
0
0
0
0
31
31741
23196
0
67
0
0
0
0
0
0
0
0
0
9534
5625
0
1613
0
0
3318
2159
0
0
0
0
0
0
0
0
0
1345
0
1813
0
2837
0
0
0
0
0
0
3032
5277
0
0
4585
0
0
0
0
0
0
0
0
0
3992
0
0
1578
0
0
0
0
0
0
0
0
0
0
0
0
0
0
0
7919
5740
1039
13333
15464
11882
0
0
0
0
0
0
0
8185
7767
8497
18786
23397
11528
0
0
0
0
0
0
0
0
0
0
5390
0
1820
4799
0
0
0
0
0
0
0
0
0
0
0
0
0
0
0
0
0
9209
10902
0
0
0
0
0
0
0
0
0
0
0
11408
11237
0
10517
7645
0
3157
2513
0
0
0
0
970
3626
0
0
0
0
1026
0
0
3722
0
0
0
0
2435
0
0
0
0
0
0
0
0
0
0
0
0
12481
15052
4366
0
0
0
0
0
0
0
0
0
0
0
3096
9831
4549
0
0
0
0
0
0
0
0
0
2970
4874
0
0
0
0
0
0
0
0
0
0
0
3179
3356
0
0
0
0
0
0
0
3231
0
0
0
0
0
0
0
0
0
0
0
0
5875
0
0
0
0
0
0
0
0
0
0
0
0
0
0
0
0
0
0
6086
604
0
0
0
0
0
0
0
0
0
0
265
11383
0
0
0
0
0
0
0
0
0
0
0
0
0
0
0
0
10662
5128
0
0
0
4282
0
0
0
0
0
0
0
0
12100
0
0
0
2187
0
0
0
0
0
0
0
0
0
0
0
0
0
0
0
4435
6287
0
2846
0
0
0
0
0
0
0
0
0
22634
12420
0
0
0
0
0
0
0
0
0
0
0
0
3000
0
0
0
0
0
0
0
0
0
6846
0
0
7664
16131
0
0
0
0
0
0
0
0
0
0
0
0
0
0
0
0
0
0
0
0
0
0
0
0
0
0
1025
3284
0
0
0
0
0
750
0
0
1366
8168
10748
16525
22784
18353
9749
0
0
0
0
0
0
6264
0
0
4093
3535
0
0
0
0
0
14614
0
5388
13137
0
0
7991
13490
0
0
0
0
0
7226
0
11893
2492
0
0
0
0
0
0
0
0
0
0
0
3166
0
0
0
0
0
0
0
0
0
0
16701
0
0
0
0
0
0
0
0
0
0
0
0
29414
0
0
0
0
0
0
575
16128
0
0
0
0
32129
0
0
0
0
0
0
0
1472
0
0
6844
0
28226
0
0
0
0
0
2227
0
0
0
17582
17735
16272
19797
0
0
899
0
0
0
0
0
0
0
0
4757
6657
3278
5137
9241
8609
2926
0
0
0
0
13167
13304
13535
14685
0
0
0
0
0
0
0
0
0
0
0
0
0
0
0
0
0
0
0
0
0
0
0
0
0
0
0
18458
6574
0
0
0
0
0
0
0
0
0
0
1265
21048
0
0
0
0
0
0
0
0
0
0
570
17074
8710
0
0
0
2227
3189
0
0
0
0
0
14717
12901
0
0
0
0
7535
3955
0
0
0
0
0
3030
7582
0
0
0
0
0
0
0
0
0
0
4578
0
11027
0
0
0
0
0
0
0
0
0
0
3563
0
12812
0
0
0
0
0
0
0
0
0
0
2489
0
10732
0
0
0
0
0
0
17309
0
0
10628
0
0
7438
0
0
0
0
0
0
20418
6794
0
22496
0
0
0
0
0
0
0
0
0
2739
0
0
0
0
0
0
0
0
0
0
0
0
0
585
2474
9603
2592
1176
0
1298
623
675
1200
2870
341
0
0
0
0
0
0
0
0
0
0
0
0
0
0
0
0
0
0
0
0
0
0
0
0
0
0
0
0
0
0
0
0
0
0
0
0
0
0
0
0
0
0
0
0
0
0
0
0
0
0
0
0
0
0
0
0
0
0
0
0
0
0
0
0
0
0
0
0
0
0
0
0
0
0
0
0
0
0
0
0
0
0
0
0
0
0
0
0
0
0
0
0
0
0
0
0
0
0
0
4955
544
0
0
0
0
0
0
0
0
0
0
0
0
0
0
0
0
0
0
0
0
0
0
0
0
0
0
2371
0
0
0
0
0
0
0
0
0
0
0
0
6633
0
0
0
4009
18670
18787
0
0
0
0
0
655
0
0
7669
29273
33681
24499
20748
15433
3703
5275
7564
7547
4366
3665
2647
4980
7428
6762
8453
7231
0
14340
0
0
0
0
0
0
0
0
0
690
1872
0
5863
0
0
0
0
0
0
0
0
0
0
0
0
0
0
0
412
17838
23012
8815
3362
1475
0
0
0
0
0
0
0
0
0
9817
16665
12677
2823
1948
0
0
0
0
0
0
0
0
0
0
7065
7387
0
0
0
0
0
0
0
0
0
0
0
0
17
0
0
0
0
0
0
0
0
0
0
0
0
0
0
0
0
0
0
0
0
0
0
954
6417
0
0
0
0
0
0
0
0
0
0
0
0
0
7043
6376
0
0
0
0
0
0
0
0
0
2371
0
1565
899
0
0
0
0
0
0
0
0
4518
0
0
1600
0
0
0
0
0
0
12582
3649
0
0
0
0
0
0
0
0
0
0
0
0
0
0
0
0
0
0
0
0
0
0
0
0
0
0
0
0
2770
5766
793
0
0
0
0
0
0
0
0
283
0
0
0
0
827
6137
5704
5514
0
0
0
0
0
0
0
0
0
0
0
0
0
0
0
0
0
8066
0
0
0
0
0
0
0
0
0
0
0
0
3390
1085
0
0
1272
0
0
0
0
0
0
0
0
3878
18511
18335
19771
16478
20887
191
0
0
0
0
0
0
0
3177
0
0
0
0
3332
0
0
0
0
0
0
0
0
0
0
0
0
0
360
11209
0
0
0
0
0
0
0
0
0
0
0
0
11334
459
0
0
0
1544
0
0
0
0
0
0
0
0
0
0
0
0
0
0
0
0
0
0
0
0
0
0
0
0
0
0
0
0
0
0
0
0
0
0
0
0
0
0
3698
3095
2206
2542
4102
2391
2518
0
0
0
12803
0
4067
13968
4714
0
3488
10526
11602
6839
66
0
0
19187
0
0
2455
0
0
0
0
0
0
0
0
0
22848
0
4729
0
0
0
0
0
0
0
0
0
0
16722
0
10506
0
0
0
0
0
0
0
0
0
0
20206
0
7251
0
1776
9493
1491
0
0
0
0
0
0
30046
0
0
0
3758
8487
631
0
0
82
0
0
0
18795
0
0
0
0
0
0
0
0
17574
11815
0
0
7578
0
0
0
0
0
0
0
0
1707
6385
3939
4561
2352
0
0
0
0
0
0
0
0
0
0
5202
5763
2543
0
0
0
18210
12787
5194
0
0
0
0
0
0
621
0
0
1258
6373
5103
5024
0
0
0
0
0
0
0
0
0
0
0
0
0
7926
3326
0
0
0
0
0
0
0
0
0
0
0
0
0
0
0
0
0
0
0
0
0
2898
168
0
0
186
566
0
403
0
0
0
0
0
0
0
0
0
0
0
0
0
0
0
0
0
0
0
0
0
0
0
0
0
0
0
0
0
0
0
0
0
0
0
0
0
0
0
0
0
0
0
0
1518
5062
2067
0
0
0
0
0
0
0
0
0
0
0
16796
19616
0
0
0
0
0
0
0
1539
0
0
0
0
0
0
0
0
0
4378
0
0
0
0
0
0
0
0
0
0
0
0
4086
0
0
0
0
0
0
0
0
0
0
0
0
0
0
0
0
0
0
0
10773
7698
6350
8882
0
0
0
0
0
0
0
0
0
1548
0
10752
7400
0
0
0
0
0
0
0
0
0
0
1233
9767
2581
0
0
0
0
0
0
0
0
3890
2492
1690
4504
4676
5415
1090
0
18821
0
0
0
0
0
0
0
0
0
0
0
0
9380
0
0
12046
0
0
1652
3489
0
0
0
0
0
0
0
1616
11640
0
0
0
207
3076
4512
893
6737
0
0
0
18660
0
0
0
0
3358
4388
15511
0
0
0
0
0
8080
0
0
0
0
0
0
0
0
0
0
0
0
5806
0
0
0
0
0
0
0
0
0
0
14031
0
6486
0
0
0
0
22970
8338
0
0
0
0
16551
0
3476
0
0
0
0
0
0
0
0
0
0
0
0
0
0
0
0
0
0
0
1311
0
0
0
8377
0
7611
0
0
0
0
0
0
12196
0
0
0
0
0
5626
0
0
0
0
1574
4356
0
0
0
0
0
0
0
7436
4508
0
0
5671
0
6665
2236
0
9198
8068
0
0
0
0
0
0
0
0
0
0
0
0
0
0
0
0
0
0
0
0
0
0
0
0
0
0
5241
0
0
0
0
0
0
0
0
0
0
0
0
4297
0
0
0
0
0
0
0
0
0
0
0
0
3092
0
0
1864
0
0
0
0
0
0
0
0
0
1484
0
0
0
0
0
0
0
0
0
0
0
0
0
0
0
0
0
0
0
0
0
0
0
0
0
0
0
0
0
0
0
0
0
0
0
0
0
0
2446
0
0
0
0
9585
0
0
0
0
0
0
0
6209
0
0
0
0
0
0
0
0
0
0
0
0
1464
0
0
0
0
0
0
0
0
0
0
0
0
0
0
0
0
0
0
0
0
0
0
0
0
0
0
10864
21513
19468
18024
18799
23059
31063
31254
33551
39584
40776
29894
18949
161
0
0
0
0
0
0
0
0
0
0
0
0
0
0
0
2588
3462
0
0
0
0
0
0
0
0
0
0
0
19249
4688
0
0
2083
3030
0
0
0
0
0
0
0
0
0
0
0
0
12
7890
0
0
0
0
0
0
0
0
0
0
0
18219
23581
0
0
0
0
0
0
0
0
0
0
10879
19862
0
0
0
0
0
0
0
0
0
2503
2145
6909
10277
0
0
0
0
0
0
0
12744
14328
10983
0
0
0
0
0
0
0
0
0
19499
24699
0
0
0
0
0
0
0
0
0
0
0
17269
6698
0
0
0
0
0
0
0
0
0
0
0
0
0
0
0
0
0
0
0
0
0
0
0
0
0
0
0
0
0
0
0
0
0
0
33
0
0
0
0
0
0
4961
20435
6198
0
0
0
0
0
0
0
0
0
0
0
0
0
0
0
0
0
0
0
0
0
0
0
0
3741
937
0
0
0
11029
0
842
0
0
7221
3136
4103
0
0
0
0
0
18004
0
8961
7444
0
3606
7400
6849
7516
131
0
0
0
10750
0
12302
4959
0
0
0
8911
0
0
0
0
0
13235
7888
17199
0
0
0
0
18443
0
0
0
0
0
19771
11272
8252
0
0
0
2714
4915
0
0
0
0
0
12198
11813
6252
7624
0
0
5329
12443
0
0
0
0
5951
4780
17655
7789
0
0
0
5751
7775
0
0
0
0
14029
1782
22218
1082
0
0
0
0
0
6754
7704
0
1609
5465
0
18580
0
0
0
0
0
0
0
26
0
7340
3034
0
17820
8336
545
0
0
0
0
0
0
0
0
1583
0
7647
0
0
0
0
0
0
0
0
0
14001
14699
106
0
0
0
0
0
2726
315
0
0
0
0
4092
0
0
0
0
0
0
0
0
0
0
0
0
0
0
0
0
0
0
11955
0
0
0
0
0
0
0
0
0
0
0
0
25031
14225
9072
0
0
0
0
0
0
0
0
0
0
6187
0
1941
0
0
14431
0
0
0
0
0
0
0
0
0
0
0
0
0
0
0
0
0
0
0
0
0
0
0
0
0
0
0
0
0
0
0
0
0
0
19606
0
0
0
0
0
0
0
0
0
0
0
0
34132
14677
0
0
0
0
0
0
0
0
0
0
0
0
0
0
0
0
0
0
0
0
0
0
0
0
5541
0
4687
0
0
0
0
0
0
0
0
0
12977
12231
0
0
0
7595
9072
192
46
6743
5942
0
9261
30159
14635
0
0
0
5894
14517
11650
9865
0
0
0
0
0
0
0
0
0
0
0
0
0
0
0
0
0
0
1983
11937
14565
8375
1763
0
0
0
0
0
0
0
0
0
371
10969
12919
4782
0
0
0
0
0
0
0
0
0
0
0
0
0
0
0
0
0
0
0
0
0
0
0
0
0
0
0
0
0
0
6958
5252
0
0
4968
0
0
0
0
0
0
0
0
4992
520
0
0
0
0
0
0
157
0
0
0
0
0
0
0
0
0
0
0
0
0
0
0
0
0
0
0
0
0
0
0
0
0
0
0
0
0
0
0
0
0
4222
0
0
0
0
0
0
0
0
0
0
0
5863
16374
4395
7072
0
0
0
0
3828
2951
0
0
0
0
0
0
0
0
0
0
0
0
0
0
0
0
0
174
387
0
0
0
6471
18251
10717
3239
0
0
0
0
0
0
0
0
0
0
277
5595
0
0
0
0
0
0
0
0
0
0
0
0
0
20185
0
0
0
0
0
0
0
0
0
0
0
0
13764
0
0
0
0
0
295
3228
0
0
0
5863
111
13202
0
0
2820
0
0
0
0
0
0
4193
4478
0
5529
0
0
4023
0
0
0
0
0
0
0
0
0
0
0
5943
0
0
0
0
0
0
0
0
0
0
5666
0
0
0
0
0
0
7250
8583
0
0
0
0
20605
0
0
0
24159
1534
0
5147
12166
0
0
0
0
14166
0
0
0
6978
0
0
0
0
0
228
0
0
8202
4147
5389
0
0
0
0
0
0
0
0
0
0
9719
7538
18458
0
0
0
0
0
0
0
0
0
0
3225
480
10833
15846
18435
3141
0
0
0
3625
18093
25464
17347
22467
0
0
0
0
1563
1620
3655
3951
2413
111
0
0
0
0
0
0
0
0
5598
10646
8063
1695
0
0
0
0
0
0
0
0
0
0
810
15018
21516
17588
0
0
0
0
0
0
0
0
0
0
0
313
0
0
0
0
0
9860
0
0
0
0
0
0
0
0
0
0
0
1261
12847
2112
0
0
6655
8094
0
0
0
0
0
0
2220
7657
6943
2616
0
0
4913
0
0
0
0
0
0
8327
8589
0
0
0
0
0
0
0
0
0
0
0
6341
0
0
0
0
0
0
0
0
0
0
5682
8781
3854
0
0
0
0
0
0
0
0
0
0
0
5202
0
10488
3371
1592
0
0
0
0
12020
629
0
949
2903
0
0
0
0
0
0
0
0
0
0
0
0
0
0
287
0
0
0
0
0
0
0
0
0
0
0
4167
1370
0
0
0
220
0
0
53
0
19784
7863
0
10945
0
0
0
0
0
0
0
0
0
5608
346
0
7294
0
0
0
0
0
0
0
0
0
0
0
0
0
0
0
0
4485
6259
9129
0
0
0
7227
10060
0
0
0
0
0
7484
1253
0
0
0
0
21209
6564
1099
0
0
0
0
0
0
0
0
0
0
3049
0
0
0
0
0
0
0
0
0
0
0
0
0
0
0
0
0
0
0
0
0
0
7535
0
0
0
0
0
0
0
0
0
0
2613
9510
23146
0
0
0
0
0
0
0
0
0
0
0
0
0
0
0
0
0
3599
0
0
0
0
0
0
0
0
0
0
2883
0
17526
0
0
0
0
445
0
0
0
0
0
5096
0
19833
6073
0
0
0
0
0
0
0
0
0
0
0
5799
0
0
0
0
0
0
0
918
0
649
0
0
0
0
0
0
0
0
0
0
0
0
0
0
0
0
0
0
0
0
0
0
2175
0
0
0
0
0
0
0
0
0
5579
1269
0
0
0
0
15268
26399
0
0
0
0
0
0
0
0
0
0
0
0
0
0
0
0
0
1549
0
0
0
0
0
0
0
0
0
0
0
0
0
0
0
0
0
0
0
0
0
0
0
0
0
0
0
2622
9921
0
8374
0
0
0
0
0
0
0
0
0
0
0
0
0
0
0
0
0
0
0
106
3036
0
0
0
0
0
0
0
0
0
13256
0
0
0
0
0
0
0
0
0
0
5822
264
21264
0
0
0
0
4471
0
0
0
0
0
2193
0
18457
0
0
0
0
0
0
0
0
0
0
0
0
0
3196
7603
5820
8209
3815
2488
1201
0
0
0
0
0
0
416
10485
0
0
0
0
0
0
0
0
0
0
0
0
11020
3434
0
0
0
0
0
0
0
0
0
0
2746
7516
0
0
0
0
0
923
2294
899
0
0
2099
1565
9705
0
0
0
0
0
12188
17918
0
0
0
0
2483
3996
0
0
0
0
0
11637
35126
0
0
0
0
6112
0
0
0
0
0
0
0
0
0
0
0
0
2581
5951
0
1792
0
0
0
0
0
0
0
1662
0
4217
3134
0
0
0
0
0
0
0
0
0
0
0
5544
0
0
0
0
0
0
0
9289
0
0
0
0
9203
0
0
0
0
0
0
0
35739
0
0
0
0
3185
1902
0
0
0
1082
4184
9092
26792
0
0
1609
0
0
9320
27654
9330
2411
19374
16266
8465
20608
12839
0
2203
0
0
0
0
0
0
0
0
0
0
0
0
0
0
0
0
0
0
0
0
0
0
0
0
0
0
0
0
0
0
0
0
1058
0
0
0
0
0
0
0
0
0
0
0
0
5949
13491
0
0
0
0
0
0
0
0
3193
0
0
0
6929
20080
9086
0
0
0
0
0
267
0
0
0
0
0
0
0
0
0
0
0
0
0
0
0
0
0
0
0
0
0
0
0
0
0
3983
0
0
0
0
0
0
0
0
0
0
0
0
17430
774
0
0
0
11711
0
0
0
0
0
0
4821
2613
0
0
17362
0
0
1618
7531
0
0
0
0
11707
0
0
0
4417
0
0
0
0
0
0
0
0
8480
9232
0
0
0
0
0
0
0
0
0
0
0
0
3974
21461
3643
0
0
0
0
0
0
1505
5598
0
2471
0
0
0
0
0
0
0
0
0
0
0
0
3990
0
0
0
318
0
0
0
0
0
0
0
0
5000
0
2643
3327
0
0
0
0
0
4532
8484
13199
8973
0
0
1921
0
0
0
0
0
0
1831
7359
9125
7785
0
1641
0
0
0
0
0
0
3387
12369
0
0
0
0
2475
0
0
0
0
0
0
0
910
0
0
2205
545
1368
0
0
7070
7850
6783
0
0
0
0
0
14159
0
0
0
1578
811
0
5438
0
0
0
0
9656
1180
0
0
0
2785
0
0
5785
0
0
5737
2700
11659
0
0
0
0
0
0
0
0
0
1770
10112
4227
16241
0
0
0
0
0
0
0
0
0
17720
0
0
6677
0
0
0
0
0
0
0
0
4113
5151
2921
2872
362
0
0
0
0
0
0
0
0
0
0
0
0
0
0
0
0
0
0
0
0
0
2542
3123
7997
0
0
15153
0
0
0
0
0
0
0
0
0
0
2800
0
0
0
0
0
0
0
1183
9594
16013
10373
5777
20625
0
0
0
0
0
0
0
0
0
0
7731
2185
32959
9190
0
0
0
0
0
0
0
0
0
0
0
0
5793
0
0
0
0
3355
0
6805
0
0
0
0
0
0
0
0
0
0
6881
2016
5713
12081
13068
1103
0
0
0
0
0
0
0
0
0
0
0
4182
16199
8544
0
0
0
0
0
0
0
0
0
0
0
22402
26268
3806
0
0
0
0
0
0
0
661
0
0
0
5023
0
0
10820
0
0
11306
0
0
0
26747
0
0
9943
0
0
16010
0
0
0
0
0
0
20216
20465
0
0
0
0
13827
0
0
0
0
0
0
0
2816
0
5609
1883
0
2114
0
0
4885
4668
10750
12331
13276
13217
3977
10265
7825
0
0
0
0
0
4506
7379
12257
10635
5660
4881
15944
7724
0
0
0
0
0
0
0
0
0
0
2501
0
0
0
0
0
0
0
2534
21871
19303
6482
1881
14123
0
0
0
0
0
0
0
0
0
8834
9310
10655
12143
7962
0
0
0
0
0
0
0
0
0
19256
7035
0
0
0
0
0
0
0
7816
4558
0
0
0
0
0
0
0
0
0
0
0
2951
0
1421
0
0
0
0
0
0
0
0
0
11371
9667
0
9593
25589
972
0
0
0
0
0
0
0
10797
0
0
2556
15565
2985
0
0
0
0
0
0
0
0
0
2042
1671
0
7231
0
0
0
8568
0
5589
0
0
0
12851
9729
0
0
0
0
0
67
4155
12481
7870
4710
2422
4072
1920
0
0
0
0
0
0
0
0
0
0
0
0
0
0
0
0
0
0
0
0
0
0
1475
0
0
0
0
5564
4631
10029
8738
0
0
31568
0
7564
0
0
0
0
0
0
0
0
0
0
20760
0
0
0
0
0
0
0
0
0
0
0
0
10034
13313
4800
0
0
0
0
757
0
0
0
0
0
29077
16828
13775
0
0
0
8528
7240
0
0
0
0
5937
34022
6751
0
0
0
0
0
0
0
0
0
0
4326
11545
9374
0
0
0
0
0
0
0
1410
0
0
0
4820
10387
0
0
0
0
0
0
0
0
0
0
0
5466
7023
0
0
0
0
0
0
2073
0
0
0
0
0
0
0
10955
0
0
0
0
0
0
0
0
0
0
0
0
0
0
0
0
0
0
0
0
0
0
0
0
0
0
0
0
0
0
0
0
0
0
0
0
0
0
0
0
0
0
0
0
0
0
0
0
14171
0
0
1331
0
0
0
0
0
0
0
0
0
30039
0
0
3524
0
0
0
0
0
0
0
0
0
39073
0
10460
4430
0
0
0
0
0
0
0
0
0
39023
0
16608
739
0
0
0
0
0
0
0
0
0
42236
0
11862
0
0
0
0
0
0
0
0
0
0
46075
0
446
0
0
0
0
0
0
0
0
0
0
37022
0
0
0
0
0
0
0
0
0
0
0
0
21617
0
0
0
0
0
0
0
0
0
0
1685
0
14791
0
0
0
0
0
0
0
0
0
0
809
1954
9171
0
0
0
0
0
0
0
0
0
0
0
0
3743
0
0
0
0
0
0
0
0
0
0
0
0
6544
0
0
0
0
0
0
0
0
0
0
0
0
5602
1923
4166
4728
2315
696
4340
3108
3593
4995
0
0
0
10115
4303
4025
1212
3044
0
1549
4651
9096
8025
0
159
0
7098
5763
0
0
0
0
0
0
3056
1463
0
0
4995
3514
4743
0
0
0
0
0
0
0
0
0
0
9437
0
0
0
0
2507
0
0
0
0
0
0
0
22158
0
0
0
0
8669
12644
0
0
0
4311
0
0
4673
0
0
0
0
0
3622
0
0
5129
26470
4915
0
0
3697
0
0
0
0
0
0
0
2388
14005
4078
1401
0
2347
0
0
0
0
0
0
0
22
8245
8743
6142
0
0
0
0
3846
12878
0
0
0
0
0
0
0
0
0
0
0
3007
7782
0
0
0
0
0
0
0
0
1213
0
0
0
0
0
0
0
0
0
0
0
0
0
0
0
0
0
0
2190
5137
0
0
0
0
0
0
0
0
0
675
388
0
0
0
0
0
4271
0
0
0
0
0
0
0
0
0
0
0
0
0
0
0
0
0
0
0
0
0
0
0
0
0
0
0
0
0
0
0
0
0
2723
6104
694
0
0
0
0
0
0
0
0
0
0
7629
19115
12810
0
0
0
0
0
0
0
0
0
0
0
4022
0
0
0
0
0
0
0
0
0
0
0
0
0
0
0
0
0
0
0
0
0
0
0
0
0
0
0
0
0
0
0
0
0
0
0
0
0
0
0
0
0
0
0
0
0
0
0
0
0
0
0
0
2545
0
0
0
0
0
0
0
0
0
0
0
0
5038
0
0
0
0
0
8932
1340
0
0
0
0
0
4983
0
0
0
0
0
3132
1413
0
0
0
0
0
0
0
0
0
0
0
2311
5007
12432
19908
17439
17214
15030
13146
10885
7130
3388
1675
0
0
0
3603
16754
12348
2223
0
0
387
8953
9466
1859
0
4457
0
0
0
0
0
0
0
1149
2543
11145
18994
0
7812
0
0
0
0
0
0
0
1523
8943
9053
19378
0
0
0
0
0
0
0
0
0
0
0
0
0
0
0
0
0
0
0
0
1383
0
0
0
0
0
0
0
0
6164
13576
21096
6439
1403
8880
0
0
0
0
0
689
1827
4181
5259
5417
0
0
0
0
1641
7663
0
0
1745
2249
0
0
0
0
0
0
0
13253
20831
0
0
0
0
0
0
0
0
0
0
0
841
0
0
0
0
0
0
0
0
0
0
0
0
0
0
0
0
1205
0
0
2340
616
0
7597
21062
0
0
0
0
0
2248
0
0
0
0
0
0
0
0
0
0
0
0
0
0
0
0
0
0
0
0
0
0
0
3345
16123
0
0
0
0
0
0
0
0
0
0
0
0
17203
0
0
0
0
0
0
0
0
0
0
0
0
14637
0
5866
0
0
0
0
0
0
0
0
0
0
14127
0
7204
0
0
0
0
0
150
1027
0
1187
0
11665
0
0
0
0
0
0
0
0
0
0
0
0
8332
0
0
0
0
0
0
0
0
0
0
0
0
6421
0
0
0
0
0
0
0
0
0
0
0
3006
0
0
0
0
5703
0
0
12620
3005
0
0
0
0
0
0
0
0
0
0
0
0
0
0
0
0
0
0
0
0
0
0
126
0
0
0
1337
0
0
0
0
2331
3085
0
0
0
0
0
0
0
0
0
0
0
478
4623
9891
2445
0
0
0
0
2848
0
0
0
0
2797
3848
0
0
0
0
0
0
0
0
146
0
6500
3272
0
0
0
0
0
0
0
0
0
0
0
0
3333
0
0
0
0
0
0
0
0
0
0
0
8763
0
0
0
0
0
0
0
0
0
0
0
7351
13381
0
0
0
0
0
0
0
0
4302
1870
0
0
0
0
0
0
0
0
0
0
0
0
0
0
0
0
0
0
0
0
0
0
0
0
0
0
0
0
0
0
0
0
0
400
3227
10447
0
0
0
0
0
0
0
0
0
6672
207
0
0
0
0
0
639
0
0
0
0
0
0
0
0
0
0
0
2222
1340
0
0
0
0
0
0
0
0
0
0
0
0
0
0
0
0
455
0
2453
1085
0
0
0
0
4497
1892
0
0
0
0
0
0
0
0
0
0
0
0
0
0
2066
0
0
0
0
0
0
0
0
0
0
0
0
0
0
0
0
0
0
0
0
0
0
0
0
0
0
1687
0
0
9773
4004
0
0
0
0
0
0
0
0
4022
0
0
0
0
0
0
0
0
4016
0
0
0
0
0
0
0
0
0
0
0
0
1415
0
0
0
0
0
0
0
0
0
0
0
0
0
0
0
0
0
0
0
0
0
0
0
0
0
0
0
0
0
0
0
0
9287
6759
19509
1754
0
0
0
0
0
0
0
0
0
0
0
0
0
0
0
0
0
0
0
0
0
0
0
0
0
0
0
0
0
15245
13297
0
0
0
0
0
0
0
0
0
0
0
7625
0
0
0
0
0
0
0
0
0
923
0
0
0
0
0
0
0
0
0
0
0
0
0
0
0
0
0
0
2448
1220
0
0
0
0
0
0
0
0
12886
9550
0
2555
0
0
0
0
0
0
0
0
0
12408
15569
0
844
0
0
0
0
0
0
0
0
0
0
3056
0
0
0
0
0
0
0
0
0
0
0
0
0
0
40
0
0
0
0
0
0
0
0
0
0
0
0
6630
0
0
0
0
0
0
0
0
0
0
0
0
10007
89
2030
0
6919
3574
0
0
0
0
0
0
0
11376
0
0
0
0
0
0
0
0
0
703
0
0
9195
3011
2392
0
0
0
0
0
0
6463
9418
0
0
10359
1866
4352
0
0
0
0
0
0
0
0
0
0
13029
0
0
0
0
0
0
0
0
0
0
0
0
14445
0
0
0
0
0
0
0
0
0
0
0
0
9308
0
0
0
0
0
0
0
0
0
0
0
0
0
0
0
0
0
0
0
1374
0
1600
0
0
0
0
0
0
0
0
0
0
2021
1618
496
0
0
0
0
0
0
0
0
0
0
0
0
0
0
0
0
0
0
0
0
4757
12199
6797
0
0
0
0
0
0
0
1523
0
0
0
13580
13383
579
0
0
0
0
0
0
7199
0
0
0
2210
12990
0
0
0
0
0
10054
0
0
0
0
0
0
0
0
0
0
0
0
7382
0
0
0
0
0
0
0
0
0
0
0
0
0
701
0
0
0
0
0
0
0
0
0
0
0
0
166
0
0
0
0
1682
0
0
0
0
0
0
0
0
0
0
0
10527
8845
9472
0
0
0
0
1328
553
0
0
0
0
0
0
464
0
0
0
0
0
6147
6592
0
0
0
0
0
0
0
0
0
0
0
1146
5244
3489
332
0
0
0
0
0
0
5436
0
0
0
0
0
0
0
0
0
0
0
0
0
0
0
0
0
0
0
7426
0
0
0
0
0
0
1078
0
417
0
0
14964
25565
0
0
0
0
0
0
0
0
0
0
0
11274
2593
0
0
0
0
0
0
0
0
0
0
0
5194
0
0
0
0
0
0
7033
0
0
0
0
0
0
5414
11786
0
0
4016
0
0
0
0
7845
0
0
1447
0
15194
0
0
15211
9380
0
0
0
9025
0
11597
0
0
11978
1213
0
0
0
0
0
0
0
0
4589
0
0
0
0
0
0
0
0
2435
0
0
0
0
22350
6694
0
0
0
0
0
0
0
0
0
0
0
9455
19713
0
0
0
0
0
0
0
0
0
2146
0
0
5099
835
0
0
0
0
0
0
0
0
0
0
0
0
0
0
0
0
0
0
0
0
0
0
0
0
12508
9662
0
0
0
0
0
0
0
0
0
0
0
13631
5925
0
0
0
614
0
698
2855
0
0
0
0
18672
4285
0
0
0
0
6882
0
0
0
0
0
0
6541
0
0
0
0
0
0
0
0
0
0
0
6390
911
0
0
0
0
0
0
0
0
0
0
0
6697
7890
19908
13377
0
0
0
0
0
0
0
0
0
882
9827
16231
15460
0
0
5246
0
0
0
0
0
0
0
0
0
4341
0
0
0
0
12868
0
0
0
0
0
3427
0
0
0
0
0
0
12015
0
0
0
0
29
10069
0
0
0
0
0
0
10369
0
0
0
0
0
13983
11259
0
0
0
0
0
13227
0
0
0
0
0
0
0
0
0
0
0
0
0
0
0
0
0
0
0
0
0
0
0
0
0
0
0
6192
0
6437
7902
0
0
0
0
0
0
0
0
0
0
0
13365
9400
0
0
981
5268
7310
8923
4666
0
0
0
0
14660
0
0
0
0
0
0
2403
0
0
0
2820
3801
9106
0
0
0
0
0
0
0
0
0
0
19124
8204
477
0
1971
3707
0
0
0
0
0
0
0
27397
8079
1457
0
0
0
0
5042
0
0
443
0
1425
18998
2752
6065
3599
0
0
0
0
0
12002
7244
0
567
0
3800
0
0
0
0
0
0
0
12247
0
0
0
0
8046
0
0
2584
2995
0
0
0
0
0
0
412
0
3749
0
0
9849
0
0
0
0
0
0
0
0
0
0
0
6608
5650
0
0
0
0
0
0
0
0
0
0
0
2805
0
0
0
0
0
0
0
3004
0
0
0
0
0
0
82
3984
6164
6988
6842
6642
17630
0
0
0
0
0
0
1811
5499
9416
9971
6634
0
9198
0
0
0
0
0
0
8616
12849
12924
9852
4486
0
0
0
0
0
0
0
0
6479
19563
20542
11162
6935
2046
0
0
0
0
0
0
0
0
0
6309
9578
12919
18232
10097
0
0
0
0
0
0
0
0
0
0
0
0
0
0
0
0
0
0
0
0
0
0
0
0
0
0
0
0
0
0
0
0
0
0
0
97
0
0
0
0
0
0
0
0
0
4419
1988
7981
10839
0
0
0
0
0
0
0
0
0
0
6809
6684
2821
0
0
0
0
0
0
0
0
0
4317
10264
6260
0
0
0
0
0
0
1773
0
0
5488
15352
19076
10837
2084
0
0
0
0
0
5326
189
0
7933
13460
17739
16771
9930
0
0
0
0
0
660
0
0
0
0
0
0
0
0
0
0
7235
16010
0
3263
3368
0
0
7849
8451
3875
0
2017
0
0
0
0
0
0
0
0
0
0
0
0
0
0
0
0
0
0
0
0
0
0
0
0
0
0
0
0
0
0
0
0
0
0
0
0
0
0
0
0
0
0
0
0
0
0
0
0
621
0
0
0
0
0
0
0
0
0
0
0
0
5134
0
0
0
0
0
0
0
0
0
0
0
0
0
0
0
0
0
0
0
0
0
0
0
0
0
0
0
4527
5757
0
0
0
0
0
0
0
0
0
0
0
0
0
0
0
0
0
0
0
0
0
1902
4577
0
0
0
0
0
0
0
0
0
0
0
0
0
0
0
0
0
0
0
0
0
0
0
0
3164
0
0
1446
5646
0
0
0
0
0
794
1585
308
4601
3655
36
870
0
0
0
0
0
0
0
2466
0
311
601
0
8960
9785
0
0
0
328
11230
0
0
0
0
0
0
1733
5024
0
9344
0
17732
7626
0
0
0
0
0
0
0
0
0
12032
0
21516
0
0
0
0
0
0
0
0
0
0
16689
10276
10114
0
0
0
9302
0
0
0
0
0
0
20371
2763
0
0
6571
11454
12265
7675
8345
0
0
0
0
11273
0
0
0
0
0
0
667
0
0
32468
6816
5733
0
0
0
0
0
0
0
0
0
0
11464
2885
23217
9451
0
0
0
0
0
0
0
0
0
0
0
10407
6719
0
0
0
152
6089
0
0
0
0
0
0
0
0
0
0
0
0
3890
0
0
0
8801
0
0
0
0
0
0
0
0
0
0
0
0
0
0
0
0
0
0
0
0
0
0
0
0
0
0
0
0
0
4524
11174
0
0
0
0
0
0
0
0
0
0
0
0
0
0
4415
6911
0
0
0
0
0
0
0
0
0
0
0
574
0
0
0
0
5687
0
0
0
0
0
0
0
2404
0
0
0
0
0
5507
0
0
0
0
0
1474
0
0
0
0
0
0
0
0
0
0
0
0
2578
0
0
0
0
0
0
0
0
0
0
0
0
1361
0
0
0
0
0
0
0
0
0
0
0
3024
1147
0
0
0
0
0
0
355
0
0
0
0
0
2506
0
0
0
0
0
0
6704
5858
0
0
0
0
1245
0
0
0
0
0
0
0
0
0
0
0
0
2479
0
0
0
0
0
0
0
0
3534
0
5061
4457
0
0
3462
0
0
5837
11080
8181
14047
9830
0
4820
191
0
0
0
0
0
0
0
0
0
0
0
0
3448
0
0
0
0
0
0
0
3177
1415
0
4022
8182
6231
0
0
0
0
0
0
0
330
3536
4619
14930
17488
0
4924
0
0
0
0
0
0
0
0
0
0
8528
0
12226
0
0
401
0
0
0
0
0
0
0
14573
0
12032
0
0
7984
133
0
0
0
0
0
0
18732
13738
9777
2053
0
2018
0
0
0
0
3333
0
0
14324
19751
9589
806
0
0
0
0
0
0
10135
4138
7048
2273
12891
8246
0
0
0
0
0
0
0
8227
9782
10199
0
1841
9947
0
0
0
0
0
0
0
0
0
3446
0
1305
10896
0
0
0
0
0
0
0
0
0
0
0
1621
3545
0
0
0
0
0
0
0
0
0
0
0
0
0
0
0
0
0
0
1249
0
0
0
0
0
4126
0
0
0
1150
968
0
2444
2329
0
2059
1351
0
0
0
0
0
0
0
0
0
0
0
8815
0
0
583
0
0
0
0
0
0
0
0
0
0
0
0
0
0
0
0
0
0
3183
0
0
0
0
0
0
0
0
0
0
0
0
0
9769
0
0
0
0
0
815
1866
0
0
0
0
5936
6298
0
0
0
1055
21577
4097
0
0
2319
1793
0
0
0
0
0
0
0
0
0
0
0
0
0
0
0
0
0
0
0
0
0
0
0
0
0
0
0
0
0
0
0
0
0
0
0
0
0
0
0
0
0
11284
4927
0
0
0
0
0
0
0
0
0
0
0
0
0
0
0
0
0
4538
0
0
0
0
0
0
0
0
0
0
0
0
2204
0
0
0
0
0
0
0
0
0
0
0
0
0
3654
1526
1942
2749
1779
1660
1506
1556
2155
5113
0
0
0
2052
0
0
0
0
0
0
0
1910
7857
0
0
0
0
0
0
0
0
0
0
0
0
4208
4526
7557
0
0
0
0
0
0
0
0
0
0
0
0
4235
0
0
0
0
0
0
0
0
0
0
0
0
0
0
0
0
0
0
2851
0
4948
5209
0
0
0
0
0
0
0
0
4390
1590
0
0
3254
0
0
0
0
0
0
0
0
0
0
0
0
0
5577
7579
0
0
0
0
0
0
0
0
0
0
0
0
6128
0
0
0
0
0
0
0
0
0
0
0
0
0
0
0
0
0
0
0
0
0
0
0
9348
0
0
0
0
0
0
0
0
0
0
0
4096
9695
0
0
0
0
0
0
0
0
0
0
302
0
0
0
0
0
0
0
0
0
3353
0
0
0
5315
5861
0
5614
0
0
0
0
0
0
0
0
0
5315
8765
9474
19823
0
0
0
0
0
0
0
0
0
0
0
0
2214
0
0
0
0
0
0
0
0
0
0
5476
6806
0
0
0
0
0
0
3589
0
0
0
0
8484
0
0
0
0
0
0
0
6049
0
0
0
754
17543
719
0
0
0
0
0
0
0
7260
0
0
0
14480
0
0
0
0
0
0
0
0
0
0
0
0
1234
855
0
0
0
0
0
5645
0
0
0
0
0
0
2973
0
0
0
0
0
14907
11402
895
0
0
0
0
0
0
0
0
0
0
0
10760
0
0
0
0
0
0
0
0
0
15406
0
0
0
0
0
3562
0
0
0
0
0
4282
27035
0
0
657
7406
7910
9388
0
0
0
0
0
0
5330
641
0
0
0
0
0
0
0
0
0
1552
0
0
5318
2366
1477
0
0
0
0
0
0
0
5482
0
0
1145
0
0
0
0
0
0
0
0
0
6846
0
0
0
0
0
0
0
0
0
0
0
0
0
0
0
0
0
0
0
0
0
0
0
0
0
7067
0
0
0
0
0
170
0
0
0
0
0
0
4238
0
0
0
0
0
0
0
0
0
0
0
576
11062
0
0
0
0
0
0
0
0
0
0
0
6437
0
0
0
0
0
0
0
0
0
0
0
0
1968
0
0
0
0
0
0
0
0
0
0
0
0
0
0
0
0
0
0
0
0
0
0
0
0
0
0
0
0
0
0
0
0
0
0
0
0
0
0
0
12411
0
0
0
0
0
2905
2714
0
0
0
3483
3639
6380
3307
1613
680
0
0
0
0
0
0
0
0
0
0
0
0
503
0
0
0
0
0
0
0
0
0
0
0
0
7323
0
0
673
0
0
0
0
0
0
0
0
0
12042
0
0
0
0
0
0
0
0
0
0
3661
0
10206
0
0
0
0
0
0
0
0
0
5757
9602
0
0
0
0
468
1408
0
0
0
0
0
0
1862
0
0
0
0
1151
9199
1420
0
0
0
0
0
9146
196
0
0
0
0
6617
9797
0
0
0
603
11463
0
0
0
548
0
0
0
0
0
0
0
7414
5193
0
0
0
0
0
0
0
0
0
0
0
8820
5552
5678
7635
0
0
0
0
0
5821
9198
2056
3702
3688
0
0
0
0
0
0
0
0
0
8296
21583
11794
2894
0
0
0
0
0
0
0
0
0
8702
26698
9524
0
0
0
0
0
0
0
0
0
0
0
0
0
0
0
0
0
0
0
0
0
0
0
0
0
0
0
0
0
0
0
0
0
0
0
0
1372
0
0
0
0
0
0
0
0
0
0
0
0
0
0
0
0
0
0
0
0
0
4032
13805
0
0
0
0
0
0
0
8786
0
0
1306
1000
1919
556
0
0
0
0
0
0
0
0
0
962
238
0
0
0
0
0
1195
0
0
0
0
0
0
0
0
0
0
0
9548
4277
0
0
0
5610
0
0
0
0
0
0
0
5103
0
0
0
0
1837
0
0
0
10065
0
0
0
0
0
0
0
0
37
0
0
0
0
0
101
0
0
0
10576
0
0
0
0
2637
1086
0
0
1033
0
0
0
0
0
0
0
0
0
0
0
0
0
0
0
0
5453
3695
0
0
4666
8882
16644
14805
11907
16438
17083
12305
8707
10355
18461
18322
0
5327
4846
0
0
0
0
0
0
1209
3923
0
0
0
13264
1439
0
0
0
0
0
0
0
0
0
0
0
9072
0
0
0
0
0
12247
19118
19834
0
0
4200
0
0
0
0
0
0
0
0
6416
0
0
0
15545
0
0
0
0
0
0
0
1024
0
0
0
0
0
0
0
0
7563
3380
0
0
0
0
0
0
0
0
0
0
10367
9124
0
0
33
0
0
1936
0
0
0
0
5327
10574
389
0
0
0
0
14773
28408
0
0
0
0
4597
0
0
0
0
0
0
8343
0
0
0
0
0
0
0
0
0
0
0
0
0
0
0
0
0
0
0
0
3991
7732
0
0
0
0
0
0
0
4277
0
0
0
0
0
0
0
0
0
0
0
0
0
0
0
0
0
0
0
0
0
0
0
0
0
1225
31677
0
0
2623
9304
15052
17478
9497
0
0
0
0
0
13014
0
0
0
0
5265
11332
3552
0
0
0
0
0
16686
0
0
0
0
0
0
0
0
0
0
0
0
18736
0
0
0
0
0
0
0
0
0
0
0
0
13987
0
0
0
0
0
0
0
0
0
0
0
0
3149
0
0
0
0
1491
6290
1922
0
0
0
0
0
3125
0
0
0
0
1149
4492
12438
4164
0
0
0
0
8706
0
0
0
0
0
0
0
6824
2465
1948
0
0
8702
0
0
0
0
0
0
0
0
0
0
0
536
9376
0
0
0
0
0
0
0
0
0
0
0
0
0
0
1317
0
0
0
0
0
0
0
0
0
0
0
0
0
0
0
0
0
0
0
0
1420
0
0
0
0
0
0
0
0
0
0
0
0
0
0
0
0
0
0
8215
8628
9330
14597
25979
24802
24312
22489
0
0
0
0
0
2508
0
0
0
883
13747
20742
13357
0
0
0
0
0
0
0
0
0
0
0
0
0
0
0
0
0
2755
0
0
0
0
0
0
0
0
0
0
0
684
16118
0
0
0
0
8737
0
0
0
0
0
7675
3857
18443
6601
0
0
0
8573
0
0
0
0
0
6428
0
1523
0
0
0
0
0
0
0
0
0
0
0
0
0
0
0
0
0
0
0
0
0
0
0
0
3114
5466
0
0
558
0
0
0
0
0
0
0
0
0
0
0
0
0
0
0
0
0
0
0
0
0
0
0
0
0
0
0
0
0
0
0
0
0
0
0
0
0
0
0
2223
0
0
0
0
0
1888
0
0
0
0
0
0
0
0
0
0
0
0
11841
0
6583
233
0
0
0
1689
8236
12988
8736
0
0
12339
0
9702
0
0
0
5730
586
7486
10719
0
0
0
3189
0
7685
0
0
0
0
0
0
1051
0
0
0
0
0
6179
0
3140
0
0
0
0
0
0
0
8440
0
0
9326
6991
4951
0
0
2264
0
0
0
0
412
3289
0
5526
0
0
0
0
0
2976
8786
8975
0
11093
15374
0
3415
0
0
0
0
11135
5134
7414
6057
0
7088
882
0
1060
0
0
8492
0
0
0
2559
0
0
8205
3389
0
1776
0
12722
1987
0
0
3227
0
0
0
0
0
0
5920
10009
10135
0
0
0
0
0
0
0
0
0
4954
8172
7182
0
0
0
0
0
0
0
0
0
0
10991
0
0
0
0
0
0
1082
0
0
0
0
0
21678
0
0
0
2939
5062
3812
5898
5794
3132
1517
0
0
0
0
0
0
1636
4305
920
0
0
0
2973
12319
0
0
0
0
0
0
0
0
0
0
0
0
16431
347
0
0
0
0
0
0
0
0
0
0
2692
27307
8258
0
0
0
0
0
0
0
0
0
0
1145
7141
0
0
0
0
0
0
0
0
0
2053
0
0
0
0
691
0
0
0
0
0
0
968
2196
0
0
0
0
0
0
0
0
0
0
0
0
0
0
0
0
0
0
0
0
0
0
0
0
0
0
0
0
0
0
0
0
0
0
0
0
0
0
0
0
0
0
0
0
0
0
0
0
0
0
0
0
0
0
0
0
0
0
0
0
3705
5257
0
47
0
0
24530
26568
0
0
0
0
0
0
0
0
1483
5711
7821
10167
16559
9967
6863
957
3071
4094
7449
4243
3482
2403
2590
5853
5228
0
0
0
3787
8699
0
0
0
0
0
0
0
0
0
0
0
5542
956
0
0
0
0
0
0
0
0
0
0
0
1974
0
0
0
0
0
0
0
0
0
0
0
0
0
0
0
0
0
0
0
0
0
0
0
0
0
0
0
0
0
0
4908
1226
0
0
0
0
0
0
0
0
0
0
0
0
0
0
0
0
0
0
0
0
0
0
0
0
0
0
0
0
0
1532
0
0
0
0
0
0
0
0
0
0
0
0
0
0
0
0
0
0
0
0
0
0
0
0
0
0
0
0
0
0
0
0
0
0
0
0
0
0
0
0
0
0
0
0
0
0
0
0
7059
0
0
0
0
0
0
0
0
0
0
0
0
0
0
0
0
0
0
0
0
0
0
0
0
0
0
0
0
0
0
0
0
0
0
0
0
0
0
0
0
0
0
7147
0
0
0
0
0
3855
658
1083
0
0
0
0
3661
0
0
0
0
0
2698
0
0
0
0
0
0
0
0
0
0
0
0
0
207
405
0
0
0
0
0
0
1707
0
0
0
0
0
4141
0
0
0
0
0
0
5068
0
0
0
0
9843
0
0
0
0
694
9547
0
5424
0
0
0
0
21039
0
0
0
0
607
11619
0
2914
0
0
0
0
12052
0
0
0
0
4658
3760
0
4381
0
0
0
0
0
0
375
0
0
1445
757
0
4574
0
0
0
0
0
0
9878
0
0
5441
250
0
4632
0
0
0
0
0
0
0
0
0
5369
9052
6861
86
0
0
0
0
0
0
0
0
0
2579
8901
9760
0
2121
4942
5780
3157
0
3564
5681
7307
5364
0
0
2854
0
5449
11518
0
0
95
4929
6469
9968
13702
0
0
5660
0
0
614
0
0
0
0
5330
6530
6031
0
0
266
0
0
0
0
0
0
0
0
0
0
0
0
0
0
9850
3729
0
0
0
0
0
0
0
0
0
0
0
17748
13147
0
1665
9845
7547
0
0
3826
0
0
4854
0
10765
3661
0
0
0
7583
0
0
0
0
0
2436
975
1286
0
0
0
0
0
0
0
0
0
5601
0
2296
0
0
0
0
0
0
0
0
443
0
8563
0
1773
2501
0
12278
23307
0
0
0
0
0
0
3342
0
0
3982
0
5605
4403
0
0
0
0
0
171
649
0
0
0
0
0
0
0
0
0
0
0
0
0
0
0
0
0
0
0
0
0
0
0
0
5946
4758
0
5660
5983
0
0
0
0
0
0
0
0
4977
2606
0
12726
8198
0
0
0
0
0
0
0
0
0
0
0
14897
0
0
9706
20049
7721
0
0
0
0
0
0
0
6256
0
0
0
0
0
0
0
0
0
0
14109
0
0
0
0
0
0
0
0
0
0
0
0
14452
0
0
0
0
0
0
0
0
0
0
0
0
0
0
0
0
0
0
0
1161
0
0
0
0
0
0
0
0
0
0
0
6596
17871
0
0
0
0
0
0
0
0
0
0
0
0
0
0
57
0
0
0
0
0
0
0
0
0
0
0
0
0
0
0
4225
0
0
0
0
0
0
0
0
0
0
0
0
0
0
0
0
0
0
0
0
0
0
0
0
0
0
0
0
0
0
173
9273
9939
0
0
5119
985
6712
11771
1082
0
0
0
0
0
0
0
0
0
0
0
0
0
4027
0
0
0
969
1329
4154
2151
0
1897
0
0
0
27084
0
0
0
0
0
0
0
0
0
0
0
0
14855
0
4360
1433
0
3733
14369
8833
5953
2326
0
0
0
0
0
9994
530
0
1104
7872
9760
13843
0
0
0
0
2426
4784
11664
2157
0
0
1183
6471
2289
0
0
0
0
5800
7146
8957
3086
0
0
0
0
0
0
0
0
0
0
11375
8857
0
0
0
0
0
0
0
0
0
1301
187
14841
10653
0
4564
8051
20772
8272
0
0
0
0
15872
6895
19747
4334
0
2385
15965
12234
0
137
1409
0
0
0
0
11180
2046
0
1404
0
0
0
0
0
0
4796
0
0
5169
10649
8413
0
0
0
0
0
0
0
0
0
0
2854
9329
11242
0
0
0
0
0
0
0
0
4905
0
3033
1322
1590
0
0
0
0
0
0
0
0
0
0
1497
684
8768
2169
0
0
0
0
0
984
0
0
0
16
6001
14687
3990
0
0
0
0
0
0
0
0
0
0
5335
0
0
0
0
0
0
0
0
0
0
0
0
1752
0
0
0
0
0
0
0
0
0
0
0
1727
0
0
0
0
0
0
0
0
0
0
0
0
5607
3798
2564
10289
9106
0
1489
0
0
0
0
0
2844
4023
8071
16089
11638
7348
0
0
0
0
1576
0
0
0
8431
11009
8642
0
0
0
0
0
0
4669
0
0
0
8699
1530
0
0
0
0
0
0
0
0
0
0
0
5454
0
0
0
0
0
0
0
0
0
0
0
0
1082
0
0
0
0
0
0
0
0
0
0
0
0
110
0
5499
2425
2544
5825
0
0
0
0
0
0
0
0
0
0
0
0
0
0
0
0
0
6417
8909
16052
0
0
0
0
0
0
0
0
0
0
8149
13357
8863
0
0
0
0
0
0
0
0
0
0
17463
20318
7225
0
0
0
13152
8375
0
0
0
0
0
15609
9217
9888
0
0
0
0
0
3888
0
0
0
0
0
0
0
0
0
496
0
0
0
0
0
0
0
0
0
5833
0
0
0
0
0
228
0
0
0
0
0
0
12825
0
0
0
0
6206
0
0
2799
0
0
0
0
5450
0
0
0
0
1618
1897
0
0
0
1897
0
0
7777
0
0
0
0
0
0
0
0
0
13780
0
0
8702
0
0
0
0
0
0
0
5445
0
0
5316
0
5596
0
0
0
0
0
0
0
0
0
0
28399
3947
13838
7904
0
0
0
0
0
0
0
0
0
0
0
0
0
0
0
0
0
0
0
0
0
819
0
0
4533
0
0
0
0
0
0
0
0
0
0
0
0
13083
0
0
0
0
0
0
0
0
0
0
0
0
13373
0
16871
0
0
0
0
0
0
0
0
0
0
0
0
7090
0
0
0
0
0
8573
0
0
0
0
0
816
0
0
0
0
0
0
0
0
0
0
0
0
2331
0
0
0
0
0
0
0
0
0
0
1211
0
0
0
0
0
0
0
0
0
0
0
0
6988
0
0
0
0
0
0
0
0
0
0
0
0
0
0
2851
0
0
0
0
0
0
0
18704
0
0
0
0
10501
0
0
0
0
0
0
3192
8513
0
0
0
0
0
0
0
0
0
0
0
0
0
0
0
0
0
0
3094
8870
0
0
0
5347
5716
0
0
0
0
0
0
0
0
283
3120
3494
3580
5
323
0
0
0
0
0
1032
0
0
6160
16882
10638
9286
12411
10997
0
0
0
0
0
0
0
0
14552
7301
0
0
0
0
0
0
0
0
0
0
0
7985
13270
23816
610
0
0
0
0
0
0
0
0
0
0
0
0
0
0
1757
0
0
0
0
0
0
0
0
0
0
0
0
4589
0
0
0
0
6419
1966
0
0
0
0
0
0
0
0
0
0
0
0
0
0
0
7079
14837
5125
0
0
0
0
0
0
0
0
2981
0
0
21683
16410
0
0
0
0
0
0
0
0
0
0
0
0
0
0
0
0
0
0
0
1616
0
0
0
0
0
0
0
0
0
0
0
0
14535
0
0
0
0
0
0
0
0
3406
1550
0
0
0
752
5667
486
0
0
0
0
0
0
0
0
0
0
0
0
0
0
0
0
1821
21827
8045
8892
0
0
0
0
0
0
0
0
0
0
0
0
0
0
0
2493
0
0
1678
1446
0
0
0
0
1809
10671
0
5337
11321
0
0
0
0
0
0
11582
9344
0
26685
0
4758
1524
0
0
0
0
0
0
0
0
0
13789
0
0
0
0
0
0
0
0
0
0
0
0
0
0
0
0
0
0
0
0
5490
0
788
0
0
7676
0
0
0
0
5325
0
15982
18236
0
0
0
17331
6972
0
0
0
0
0
0
0
0
0
0
0
6781
8090
0
4440
0
0
0
0
0
0
0
2566
0
17034
8305
0
4472
0
0
1184
0
0
0
0
0
0
0
0
8442
11842
0
0
0
0
0
0
0
0
0
0
0
0
0
0
0
0
0
0
0
0
0
0
0
0
695
0
0
0
0
0
0
0
0
0
0
0
0
2009
0
0
0
0
0
0
0
0
0
0
0
0
1082
0
0
0
0
0
0
0
0
0
0
0
0
0
0
1552
13322
11535
7695
7466
0
0
0
0
0
0
0
1022
3306
5539
3156
8760
9351
0
0
0
0
0
0
448
2294
0
0
0
0
0
0
0
20164
1201
0
0
1181
0
0
0
0
0
0
0
0
2402
0
0
0
0
0
0
0
0
0
0
0
0
0
0
0
4072
0
0
0
0
29598
22428
5262
5530
0
0
0
0
0
0
0
0
0
3518
0
0
0
0
0
0
0
0
73
0
0
0
0
0
0
0
0
5169
1915
0
0
0
0
0
0
0
0
0
0
0
0
0
0
0
3207
0
2362
12632
0
0
0
0
0
18055
9365
7510
967
0
0
0
0
0
0
0
0
0
0
0
0
0
0
0
0
0
0
0
0
0
0
0
0
0
0
0
0
0
0
0
0
0
0
0
0
0
0
0
0
0
13417
0
0
0
0
0
0
0
0
0
0
0
10991
7737
0
0
0
0
0
0
0
0
0
2040
0
12243
0
0
0
0
0
0
0
0
5468
0
0
0
0
0
0
0
0
0
0
0
0
0
0
5889
0
0
0
0
0
0
0
1188
0
0
0
0
9039
0
0
0
0
7170
0
4796
2192
104
0
0
0
6621
0
0
0
0
0
0
0
0
0
0
0
0
13183
0
0
0
0
0
0
0
0
0
211
10634
9241
16202
0
0
0
0
0
0
0
0
7019
17630
19636
14424
10810
0
0
0
0
0
0
0
0
2164
0
0
0
0
0
0
0
0
0
0
0
0
0
0
0
0
0
0
0
0
5864
14733
12608
7284
0
0
0
0
0
0
0
0
0
3699
7523
6788
6006
0
0
0
0
0
0
0
0
0
0
15340
22122
15185
0
4166
0
0
0
0
0
0
0
0
0
7128
12172
6772
17926
6794
0
0
0
0
0
0
0
0
0
2758
0
0
0
0
0
0
0
0
0
0
0
1995
207
0
0
0
0
0
0
0
0
0
0
3716
0
0
1587
0
0
0
0
0
0
0
0
0
8399
3915
7458
0
0
0
0
0
0
0
0
0
0
19130
0
0
0
0
0
0
0
0
0
0
0
0
13737
0
0
0
0
0
0
0
0
0
0
0
5318
10748
2131
0
0
0
0
0
0
1055
0
0
2023
3754
0
2822
5072
0
0
0
0
0
0
0
745
0
0
0
0
0
0
0
0
0
35703
0
2067
1195
0
0
0
0
0
0
0
0
0
0
0
7410
0
0
0
0
4790
0
0
0
0
0
0
0
4791
0
0
0
6061
6741
6683
14905
0
0
3753
0
0
0
0
0
0
7481
2654
0
0
0
0
12340
16967
0
0
0
0
0
0
2628
403
0
0
12509
6641
7098
0
0
0
0
0
0
0
0
0
0
2987
0
0
0
0
0
0
0
0
2330
0
0
0
0
0
0
0
2137
0
0
0
3406
0
0
26389
22616
0
0
0
0
3776
0
0
0
0
2961
10975
28508
0
0
0
0
0
0
0
0
0
0
8789
11089
0
0
0
0
0
0
0
172
7356
0
0
0
9438
18471
7999
0
0
0
0
0
0
0
0
0
0
0
0
0
0
0
0
0
0
2636
7577
10644
11964
11540
10731
9064
8365
5822
0
0
0
0
0
0
332
8076
15716
14706
8165
6489
0
0
0
0
0
0
0
0
0
0
2173
13014
18752
9537
0
0
0
0
0
0
0
0
0
0
0
3844
0
0
0
0
0
0
0
0
0
0
0
0
0
0
0
0
0
0
0
0
0
0
0
0
0
0
0
0
0
0
0
8029
11660
5659
0
211
8407
0
0
0
0
0
0
4379
9412
394
0
0
0
0
0
0
0
0
0
0
2349
5071
2021
1939
0
0
0
0
0
0
0
0
0
0
139
0
0
0
0
0
0
0
0
0
0
0
0
5370
0
0
0
0
0
0
0
0
0
0
0
0
0
0
0
0
0
0
0
0
0
0
0
0
0
2389
5822
0
0
0
0
0
0
0
0
0
0
0
0
3118
6620
7921
10405
7401
6050
6756
0
3854
0
0
0
0
0
5362
7677
0
0
2185
7061
0
0
0
0
0
0
0
6660
12596
0
0
0
0
0
0
0
0
0
0
0
0
0
0
0
0
418
9639
0
4905
0
0
0
0
0
0
0
0
0
0
0
0
0
0
0
0
3302
0
0
0
0
0
0
0
0
0
0
0
0
2026
0
2825
13012
0
0
0
0
0
0
0
0
0
1259
6710
9655
30454
0
0
542
0
1581
0
0
0
0
0
0
0
0
0
0
0
0
6438
0
0
0
0
0
0
0
0
0
0
0
0
0
0
0
0
0
0
0
0
0
0
0
0
0
0
0
0
0
0
0
0
6250
0
0
4722
0
0
0
0
0
0
0
0
0
0
0
0
0
0
0
0
0
0
0
0
0
0
0
0
0
0
0
0
0
0
0
0
0
0
0
0
0
0
0
0
0
0
0
0
0
0
0
0
0
0
0
0
0
0
0
0
0
0
0
0
0
0
0
1059
0
0
335
0
0
3489
0
7133
0
0
0
0
1042
0
0
6624
0
0
8922
0
5971
0
0
0
3016
0
0
0
0
0
0
12182
350
0
0
0
0
0
0
0
0
0
0
0
7339
927
0
0
0
0
0
0
0
0
0
0
5174
396
0
0
0
1220
0
0
10441
4591
0
0
0
7926
2182
0
0
0
0
0
0
0
0
0
0
0
4344
1315
1017
0
0
0
0
0
0
0
10464
5968
0
8132
5928
2470
0
0
0
0
0
0
0
0
0
2147
4551
11336
0
1802
1583
0
0
0
0
0
0
4011
2467
2841
11610
1061
0
0
0
0
0
0
0
0
0
10943
0
0
2310
0
0
0
0
0
0
0
0
0
3149
0
0
2815
0
0
0
0
0
0
0
0
0
0
0
0
0
0
0
0
0
0
0
0
0
0
0
6251
0
0
0
0
0
0
0
0
0
0
0
0
1038
0
0
0
0
0
0
0
0
0
0
0
0
0
0
0
0
0
0
0
0
0
0
2813
0
0
0
0
0
0
0
0
1465
0
0
0
0
0
0
0
0
0
0
0
1821
3357
0
0
390
0
0
0
0
0
0
0
0
0
0
0
0
0
0
0
0
0
0
0
0
424
763
0
0
0
0
0
0
0
0
0
1836
1921
3644
0
0
0
0
0
0
0
0
0
0
4168
123
2796
10451
6263
0
6442
18741
6215
0
0
0
0
0
0
5341
11173
15160
17663
14703
7789
3961
0
0
0
0
0
0
1040
4538
356
0
0
0
191
0
0
0
0
0
0
0
0
0
0
0
0
0
0
0
0
0
0
0
0
0
2661
0
0
0
0
0
0
0
0
0
0
0
0
0
0
2313
0
0
0
0
0
0
0
0
0
0
0
0
685
0
0
0
0
0
0
0
0
0
0
0
0
0
0
0
0
0
0
0
0
0
0
0
0
2119
0
0
0
0
0
0
0
0
0
0
0
0
10642
0
0
0
0
0
0
0
0
0
0
0
0
7933
0
0
0
0
0
0
0
0
0
0
0
0
0
0
0
0
0
19929
0
0
0
0
0
0
8867
6831
0
0
0
1976
17334
7618
0
0
0
0
0
0
0
0
0
0
0
0
0
0
345
1803
337
1356
0
0
0
0
0
0
0
0
20828
0
0
0
0
0
0
0
0
0
4721
2227
0
426
0
0
0
0
0
0
0
0
0
0
0
0
0
0
0
0
0
0
0
0
0
0
0
0
0
0
0
0
0
0
1089
1202
0
0
0
0
0
0
0
0
0
0
0
0
0
0
0
0
0
0
0
8317
0
0
0
0
0
0
0
8043
0
0
0
0
14716
0
0
0
0
0
0
0
0
594
5570
0
0
5765
0
0
0
0
0
0
0
0
0
22488
0
0
0
0
0
0
0
0
0
0
0
0
0
0
0
0
0
0
4165
1884
0
0
0
0
0
0
0
0
0
0
0
0
0
0
0
3907
0
0
0
0
0
0
0
0
0
0
3854
2794
5426
0
0
0
0
0
0
0
0
0
0
0
0
0
0
0
0
0
9400
5641
0
0
0
0
0
0
0
0
0
0
0
6895
0
0
0
4517
0
3390
1276
0
0
0
5909
0
0
0
0
2788
0
0
0
0
0
0
180
2202
0
0
0
0
6046
0
0
0
2549
0
19010
3641
0
0
0
0
0
0
0
0
0
0
0
24767
11403
0
0
0
0
0
0
0
0
0
0
16242
7462
0
0
0
0
0
0
0
0
3589
0
8878
30370
0
0
0
0
9444
0
0
0
0
0
0
0
12520
0
0
0
0
3679
0
0
0
0
0
0
0
0
0
3751
0
0
397
0
8639
0
0
0
0
0
0
14648
8055
0
0
0
0
8820
0
0
0
0
0
0
4872
0
0
0
1107
2313
0
2482
2270
0
0
0
0
0
9490
0
0
8292
503
0
0
0
0
0
0
0
0
0
0
0
0
0
0
0
0
5233
8318
11122
14020
6453
3583
0
0
0
0
0
0
0
0
0
7523
9477
15669
19359
3978
0
0
0
0
0
0
0
0
0
0
0
0
0
0
0
0
0
0
0
0
0
0
0
0
0
0
0
0
0
0
0
0
0
0
2282
2933
0
0
0
0
0
0
428
0
0
0
0
12127
7491
0
0
0
0
0
0
3678
0
0
0
0
0
0
0
0
0
0
0
0
1268
0
0
0
0
0
0
0
0
0
0
0
0
0
0
0
0
0
0
0
0
0
0
0
0
0
0
0
0
0
4932
0
553
1956
0
0
0
0
0
0
0
0
0
0
0
0
0
0
0
0
0
0
0
0
0
0
0
0
0
0
0
0
6336
3860
0
0
0
0
0
0
0
0
0
0
0
0
0
0
0
0
0
0
0
0
0
0
0
0
0
0
0
0
0
0
0
0
0
0
0
0
0
0
0
0
0
5257
0
0
0
0
0
0
0
11111
0
0
0
0
9393
0
0
0
0
0
0
1201
0
0
0
0
0
0
0
0
0
0
0
9432
0
0
0
0
0
0
0
0
0
0
0
0
433
0
0
0
0
0
0
50
1261
0
0
0
0
0
0
0
0
1866
0
0
987
23223
16520
0
0
0
0
0
0
0
7936
1454
0
4584
1947
0
0
0
0
0
7646
7428
0
2544
681
0
0
0
0
0
0
0
0
2662
0
0
0
0
0
0
0
0
0
0
0
0
3140
0
0
0
0
0
0
5956
0
0
0
0
8052
18234
5597
0
0
0
0
0
0
0
0
0
0
0
0
0
0
0
0
0
120
0
0
0
0
0
0
0
0
0
0
0
0
0
0
0
0
0
0
0
0
0
0
0
0
1873
0
0
0
0
0
0
0
0
0
0
0
0
0
0
0
0
0
0
0
0
0
0
11409
4187
1240
0
0
216
0
0
0
0
0
388
0
10886
9805
0
0
0
0
0
0
0
0
0
0
10416
7304
0
0
0
0
0
0
0
0
0
0
0
4390
6710
0
0
0
0
0
0
0
0
0
0
0
0
0
0
0
0
0
0
0
0
0
0
0
0
0
0
0
0
0
0
0
0
0
0
0
0
0
0
0
0
0
0
0
0
0
0
0
0
0
10440
12900
3989
9224
4145
0
0
0
0
0
0
0
0
18594
18133
0
0
0
0
0
0
0
0
0
0
0
0
0
0
0
0
0
0
0
0
0
0
0
0
0
0
0
0
0
0
0
0
0
0
0
0
0
0
0
0
0
0
0
0
0
0
0
0
0
0
0
0
0
0
0
0
0
0
0
0
2699
0
0
0
0
31645
3096
0
0
0
0
0
0
2178
0
0
5571
3592
14929
0
0
0
0
0
0
0
0
0
0
40
0
0
0
0
0
0
0
0
0
0
0
0
0
0
0
0
0
0
0
0
0
6196
0
0
12768
0
0
0
0
0
0
0
10651
0
0
0
9970
0
0
0
0
0
6975
0
0
0
0
0
0
905
0
0
0
0
0
12628
0
0
0
0
0
0
353
8382
1147
17402
14984
0
22533
4796
0
0
2881
0
0
10953
13703
12448
14380
0
0
26196
0
0
0
0
586
0
0
0
259
1564
0
0
0
0
0
0
0
0
0
0
0
0
0
0
0
0
0
0
0
0
0
565
2223
0
0
0
0
0
0
0
0
0
0
0
0
0
0
1749
0
0
0
0
0
0
0
0
0
0
0
0
0
0
0
0
0
0
0
0
0
0
0
0
0
0
0
0
0
0
0
0
0
0
0
0
0
0
0
0
0
0
0
0
0
0
0
0
0
0
0
0
0
0
0
0
0
0
0
0
0
0
0
0
0
0
0
0
0
0
0
0
0
0
0
0
0
0
0
0
0
0
0
0
0
0
0
9857
2739
0
0
0
0
0
0
0
0
78
1952
0
0
2983
1835
2943
0
0
0
0
0
0
0
0
0
0
0
0
0
0
0
0
0
1669
2421
0
607
0
5743
3170
513
3108
0
0
4602
0
761
0
0
1442
0
17
775
6338
8976
0
0
0
0
0
0
0
7073
7928
0
0
0
0
0
0
0
0
0
0
0
0
0
0
0
3241
0
0
0
0
0
0
0
0
0
0
0
0
0
2934
8328
0
0
0
0
0
0
0
4707
0
0
0
22184
0
0
0
0
0
0
0
0
0
0
0
0
20897
0
0
0
0
0
0
0
0
0
0
0
0
0
0
0
0
0
0
0
0
5153
0
0
0
145
0
0
0
0
0
0
0
0
10869
0
0
0
0
0
0
0
0
0
0
0
0
0
0
0
0
0
0
0
0
0
0
0
0
0
0
0
0
0
0
0
0
0
0
0
0
10887
14606
2018
0
17514
35183
20284
12407
9869
0
0
0
0
0
0
0
0
0
1580
0
0
5878
14478
1565
0
0
0
0
0
0
1640
0
0
0
0
0
804
0
0
0
0
0
0
0
0
0
2841
0
0
3590
0
0
0
0
0
0
0
0
0
0
0
0
13857
0
0
0
0
0
1267
5578
8057
0
0
0
0
0
0
0
0
0
0
0
11843
10269
0
0
0
0
934
0
0
0
7702
8849
2498
14990
0
0
0
0
4724
0
0
1829
0
0
0
0
0
0
0
22225
3266
2581
0
0
0
0
0
0
0
0
0
0
16014
0
1001
0
0
0
0
0
0
0
182
10091
17263
0
0
3320
0
0
0
0
2306
0
0
0
0
0
0
5297
1886
0
0
0
0
0
0
0
0
0
0
0
0
0
0
0
0
0
0
0
0
0
0
0
0
0
0
0
0
0
0
155
3592
0
0
0
144
1238
4793
6328
0
0
0
4404
2818
0
0
0
0
0
0
0
0
0
0
1835
29900
18753
0
0
0
0
0
0
0
0
0
0
7274
18603
0
0
0
0
0
0
0
0
0
0
2853
7647
0
0
0
0
0
0
0
0
0
0
0
18059
0
0
0
0
0
0
0
0
0
0
0
0
1169
0
0
0
4216
0
0
0
0
0
0
0
0
0
3538
4185
11829
10778
4717
0
0
0
0
0
259
0
0
7739
8826
6346
0
0
0
0
0
0
0
0
0
0
3837
0
0
0
0
0
0
0
0
0
0
0
0
1448
0
0
0
0
0
0
0
0
0
0
0
0
1611
0
0
0
0
0
0
0
0
0
0
0
0
0
0
0
0
0
0
0
0
0
0
0
0
0
12546
8224
2164
0
0
0
0
0
0
0
0
0
0
24041
6238
0
0
0
0
0
0
0
0
0
0
0
21361
0
0
0
0
0
0
0
0
1352
0
0
0
6524
0
0
0
0
0
0
0
0
0
0
9172
0
815
1433
0
0
0
0
223
0
0
0
10834
15020
0
5186
2779
0
0
0
48
0
0
0
0
28279
4590
0
6291
3484
5690
0
1534
0
0
0
0
0
2727
0
0
3365
757
0
0
0
0
0
0
0
0
0
0
0
2523
0
0
0
0
0
0
6717
0
7295
0
0
0
3042
0
0
0
0
0
0
0
0
26198
0
0
0
1474
4108
0
0
0
0
0
0
23436
27176
0
626
0
0
0
0
0
0
0
0
0
6036
10970
0
10061
1970
0
0
0
0
0
0
0
0
0
5461
0
5675
2527
0
0
1437
0
0
0
2835
3604
2130
4623
0
0
0
3375
8476
5546
164
2919
8517
5383
1772
447
0
0
0
0
5433
0
0
0
0
3481
7596
1326
0
0
0
0
0
444
0
0
0
0
0
0
0
4135
0
0
0
0
0
0
0
0
0
0
0
0
0
0
0
0
0
0
0
0
0
0
0
0
0
0
0
0
4933
0
0
0
0
0
0
0
11461
2661
0
0
2215
0
0
0
0
0
138
0
0
11601
10041
8680
0
0
0
0
0
0
0
0
0
0
0
0
11202
0
0
0
0
0
0
0
0
0
0
0
0
0
0
0
0
0
0
0
0
0
0
0
0
0
0
0
0
0
0
0
0
0
0
0
0
0
0
0
0
0
0
8189
0
0
0
0
0
0
0
0
0
0
0
0
4095
0
0
0
0
0
0
0
0
0
0
0
0
0
0
0
0
6545
0
0
0
0
0
0
10794
3786
0
0
0
0
0
0
0
0
0
0
0
8614
17014
0
0
0
0
0
0
0
0
0
0
2740
1575
9857
0
0
0
0
0
815
0
0
0
0
0
0
0
0
0
0
0
0
3863
3419
0
0
0
0
0
0
0
0
0
0
0
4794
7982
0
0
0
0
0
0
0
0
0
718
0
0
237
0
0
0
1154
10785
0
0
0
0
877
0
0
0
0
0
0
4489
8794
2791
0
0
0
0
0
0
0
0
0
0
5339
0
3396
0
0
0
0
0
4921
0
0
4427
0
0
0
0
0
0
0
0
0
1254
0
7695
17645
0
0
4798
0
0
0
0
0
0
0
0
6739
0
0
0
0
0
0
0
740
2016
3146
1991
3236
4107
4171
4390
2364
0
0
8138
0
0
0
1874
0
0
0
2142
4775
9008
0
0
0
0
0
0
0
0
0
0
0
680
3131
0
2531
0
8336
0
0
0
0
0
0
0
0
0
0
3605
0
4682
0
0
0
0
0
0
0
0
0
0
8744
0
0
0
0
0
1376
0
0
0
0
0
0
0
0
0
0
3465
5093
506
0
0
4039
0
0
0
0
0
0
0
0
0
0
0
0
12071
8137
1215
0
0
0
0
0
0
0
0
0
0
0
7687
11447
10175
0
0
0
0
0
0
0
0
0
0
0
4125
0
0
0
0
561
330
1251
0
0
0
0
0
0
0
0
0
0
0
0
0
0
0
0
0
0
0
0
0
0
0
0
0
0
0
0
0
0
0
0
0
0
0
0
0
0
0
0
0
0
0
0
0
0
0
0
5267
5638
0
0
0
0
2815
1779
7082
5401
0
0
0
13039
10659
1338
0
0
0
1054
0
0
2052
2488
0
0
9280
0
1057
0
0
0
0
4024
6487
0
0
0
0
3155
0
508
0
0
0
0
0
0
0
0
14142
0
4868
8750
5498
7678
0
0
6171
0
0
0
11574
24610
0
0
49
13938
30249
2513
0
16949
10657
5632
0
17267
0
0
1840
3567
388
7222
0
0
0
10516
32785
11375
0
0
0
11087
7966
0
0
0
0
0
0
21109
6396
4728
4497
0
14315
8728
0
0
0
0
0
0
0
312
11508
998
4630
0
3866
27825
0
0
0
0
0
0
1597
2437
0
7071
0
0
15287
6891
0
0
0
0
0
0
0
0
276
0
0
0
0
0
0
0
0
0
0
0
0
0
2810
7483
0
0
0
0
0
0
0
0
0
21568
1520
0
648
0
0
0
0
0
0
0
0
0
0
0
0
0
0
0
17518
0
0
0
0
0
0
0
0
0
0
0
0
6285
7430
2629
0
0
14707
0
0
0
0
0
0
834
13278
0
0
0
0
6108
600
2046
0
0
0
0
0
2978
0
0
0
0
9813
0
0
0
0
0
0
0
0
9113
0
0
7787
14123
0
0
0
0
0
3836
8072
12672
37194
665
0
0
0
0
0
0
0
0
0
0
0
0
0
18695
2514
0
0
0
0
0
0
0
0
0
0
0
1421
0
0
0
0
0
0
0
0
0
1078
0
0
0
0
0
0
0
0
0
383
0
0
0
0
0
0
0
0
0
0
0
0
2833
2323
0
0
5969
0
3948
0
0
0
0
0
0
0
0
0
0
0
0
0
0
0
0
0
0
0
0
0
0
0
0
0
0
0
0
0
9561
0
0
0
0
0
0
0
0
0
0
0
0
0
0
0
0
0
0
5110
3895
1299
4431
3049
0
0
0
0
0
0
992
0
0
0
10032
30955
13106
10765
0
0
0
0
0
0
0
0
0
621
6964
0
0
0
0
0
0
1838
0
0
0
0
0
0
0
0
0
0
0
3556
10988
1261
0
0
12664
4827
0
0
0
0
6916
0
4034
18563
1262
15410
0
23462
9153
0
0
0
0
26091
0
7595
8543
0
5595
1412
0
0
515
8031
0
0
1169
0
11357
0
0
0
0
0
0
0
0
0
0
0
0
15035
9479
0
0
0
0
0
0
0
0
0
3758
0
2338
7790
0
0
0
0
0
0
0
0
0
11765
0
0
0
0
0
0
0
0
0
0
0
0
0
7656
0
0
0
0
0
0
0
0
0
0
0
0
8409
0
0
586
7263
0
0
2635
0
0
0
0
0
0
0
0
8072
6233
5240
12520
12923
0
0
0
0
0
0
0
0
4424
0
0
5483
8300
0
21411
3747
0
0
0
0
284
0
0
0
0
0
0
0
0
0
0
0
0
1469
0
0
0
0
0
0
0
0
0
0
10355
0
0
0
0
0
0
990
5136
0
0
0
0
7896
0
0
8069
0
0
0
19484
1602
0
6174
0
0
2309
0
5201
0
0
0
0
0
0
2858
11560
0
0
679
0
1415
0
0
0
0
0
0
6287
5048
1463
10500
2705
0
0
0
0
0
0
0
0
0
384
9922
2922
0
5777
0
1651
5586
0
0
0
0
0
0
0
0
0
476
1742
0
0
0
0
0
0
0
0
0
3986
0
7154
7140
0
0
0
0
0
0
0
0
0
16547
0
14018
21732
0
0
0
0
0
0
0
0
0
0
0
11195
5832
0
0
0
0
0
0
0
0
0
0
0
4482
0
0
0
0
16124
144
0
0
0
0
0
0
1991
0
0
0
0
0
14325
0
0
0
0
0
0
7463
0
0
0
0
0
0
0
0
0
12923
22029
0
4375
0
0
0
0
0
0
0
0
0
0
17586
0
1057
0
0
0
0
0
0
0
1236
0
0
0
0
5262
0
0
0
0
0
0
22337
1232
0
0
0
0
1545
0
0
0
0
0
0
39038
1015
0
0
0
0
0
0
0
0
0
0
0
23238
0
0
430
8599
3196
0
0
0
0
0
0
0
0
0
0
0
4071
2250
0
0
0
0
0
0
0
0
0
0
0
0
0
0
0
0
0
0
0
0
0
0
0
0
5818
30563
0
0
0
0
0
0
0
0
0
0
0
0
28355
0
0
0
0
0
0
0
0
0
0
0
0
12134
0
1469
6083
0
0
615
1835
6838
8071
0
0
0
658
0
4114
0
0
0
0
0
0
19081
4028
0
0
0
1759
1740
0
0
0
0
0
0
0
0
0
0
0
0
0
0
0
0
0
0
0
0
0
0
0
1857
0
0
0
22096
2129
1409
26330
2455
0
0
0
0
13036
3052
0
0
11434
13787
0
0
0
0
0
0
0
0
12630
1627
0
0
0
0
0
0
8615
0
0
0
0
7204
6876
0
0
0
0
0
0
0
0
0
0
0
528
12865
21220
351
0
0
0
0
0
0
0
0
0
1201
4423
7247
4479
3281
1910
3046
2213
2095
2512
0
0
0
570
776
0
0
0
0
0
0
0
0
0
0
2087
932
4412
0
0
0
0
0
0
0
0
0
0
0
1233
4457
0
0
9838
7161
0
0
0
0
0
0
1362
3511
1820
0
960
8851
11097
6342
80
0
4831
1120
4212
9657
1495
0
0
0
0
0
0
0
0
4943
9178
1939
0
0
0
0
0
0
0
0
0
0
0
0
2497
0
0
0
0
0
0
0
0
0
0
0
0
223
0
0
0
0
0
1354
11793
11126
0
0
0
0
3029
0
0
0
0
0
0
1974
3924
0
570
0
0
0
0
0
0
0
0
0
0
0
0
5030
0
2719
4431
1618
0
0
0
0
0
0
766
6262
6089
0
0
2994
1028
0
0
0
0
0
0
0
3013
0
0
0
0
0
0
0
0
0
0
0
0
0
271
0
1453
21989
0
0
0
0
0
0
0
0
0
0
0
0
1501
0
0
0
0
0
0
0
0
0
0
0
0
0
0
0
0
0
0
0
0
0
0
0
0
0
0
0
0
0
0
0
0
0
0
0
0
0
0
0
0
0
0
0
0
0
0
0
0
0
0
0
0
0
0
0
0
0
0
0
0
0
0
0
10960
0
0
0
0
0
0
0
9997
0
0
0
0
1857
0
0
0
0
0
5132
0
4978
0
0
0
0
0
0
0
0
0
0
0
0
0
0
0
0
0
0
0
0
0
0
0
0
0
0
0
0
0
0
0
0
0
0
0
0
0
0
0
0
0
0
0
16786
0
0
0
0
0
299
0
0
0
0
0
0
10674
0
0
5091
828
0
0
0
0
0
0
0
0
0
0
0
6401
0
0
0
0
0
0
0
0
0
0
0
0
3358
0
0
0
0
0
0
0
0
3721
0
3843
2384
0
0
0
0
0
0
0
0
0
0
0
7676
10204
2149
5231
1747
0
0
0
0
0
0
0
635
0
2595
5689
3269
0
0
263
0
0
0
10395
14295
12639
0
0
1185
0
0
0
0
0
0
0
0
0
0
0
0
0
0
0
0
0
0
0
0
0
0
0
2063
0
0
0
0
0
0
0
2824
0
0
0
0
5256
227
0
0
0
4856
5244
0
0
0
0
0
347
2182
3163
0
0
0
0
1972
0
0
8002
21435
3582
1507
0
0
384
0
0
0
0
0
587
13151
10387
0
9763
0
0
997
0
0
0
0
0
0
0
0
14
4738
1371
0
0
0
0
0
0
388
3005
4042
2234
4322
7245
0
0
0
0
0
0
0
0
3378
6486
2421
6515
5379
0
0
0
0
0
0
0
0
0
0
0
0
4921
0
0
0
0
0
0
0
0
0
0
0
0
0
0
0
0
0
0
0
0
0
0
0
0
0
0
0
0
0
0
0
0
0
0
0
0
0
0
0
0
0
0
0
0
0
0
0
0
6128
0
0
0
0
0
0
0
0
0
0
0
0
0
0
0
0
0
0
0
0
0
0
0
0
0
0
0
0
0
0
0
0
0
3095
0
0
0
5614
0
0
0
0
0
0
0
0
4939
0
11275
14071
4190
0
0
0
0
0
2078
0
0
0
2953
4516
7432
0
0
0
0
0
0
0
0
0
0
0
142
0
0
0
0
0
0
0
0
0
0
0
0
0
0
0
0
0
0
0
0
0
0
0
0
0
0
0
0
0
0
0
0
0
0
0
0
0
0
0
0
0
0
0
0
0
0
0
0
0
0
3621
0
0
0
0
0
0
0
0
0
0
0
0
9507
0
0
0
0
0
0
0
0
0
0
0
0
0
0
0
0
0
0
0
0
0
0
0
0
0
0
0
0
0
5201
10952
0
0
0
0
0
0
0
0
0
0
0
0
1587
0
0
0
0
0
0
2377
0
0
0
0
0
0
0
0
0
0
0
0
15359
1398
0
1854
0
0
0
0
0
0
0
0
0
1016
0
0
0
0
0
0
0
0
0
0
0
0
0
10246
3365
0
0
0
0
0
0
0
0
0
0
0
15597
11297
0
0
575
3872
0
0
0
0
0
0
0
0
0
0
0
0
0
0
0
0
0
0
0
0
0
0
0
0
0
0
8514
5298
0
0
0
0
0
0
0
0
0
0
4105
12473
22245
0
0
0
0
0
0
0
0
0
0
0
0
4187
0
0
0
0
0
0
0
0
0
0
0
0
0
0
0
0
0
0
0
0
0
0
0
0
0
0
0
0
0
904
11186
19861
12367
0
9505
0
0
0
0
0
0
0
0
555
4557
9719
0
0
0
2438
16534
2788
0
0
0
0
0
0
0
0
0
0
4667
18526
0
0
0
0
0
0
0
0
0
0
0
0
0
0
5739
0
0
0
0
0
0
0
0
0
0
0
0
0
0
0
0
0
2664
0
0
5470
0
0
0
0
0
0
0
0
0
0
7085
14130
7704
0
0
0
0
0
0
0
2784
9116
12117
12812
11475
12404
11537
8937
6461
0
0
0
0
0
8942
14389
14319
7374
5365
6406
9427
10993
0
0
0
0
0
0
0
0
0
0
0
0
0
0
0
0
0
0
0
0
0
0
0
0
0
659
0
0
0
0
0
0
0
0
0
0
0
0
0
0
0
0
0
0
0
0
0
0
0
0
0
0
0
0
0
0
0
0
0
2711
1398
0
0
0
0
0
0
0
0
0
15
3386
0
0
0
0
0
0
0
0
0
0
0
0
0
0
0
0
0
0
0
0
0
0
0
0
0
0
0
0
0
0
0
0
0
0
0
0
0
0
0
0
0
0
0
0
0
0
0
0
0
0
0
0
0
0
0
0
0
0
0
0
0
0
0
0
0
0
0
0
0
0
0
0
0
0
3706
3658
1123
0
0
0
0
332
1735
6716
3813
0
0
2578
0
0
0
0
0
0
0
0
3350
0
4542
0
1885
0
0
0
0
0
0
0
0
0
0
0
0
0
0
0
0
0
4503
0
0
0
0
0
0
0
0
0
0
0
0
7559
9031
0
0
0
0
0
0
1046
0
0
0
0
0
5441
10294
0
0
4263
0
0
1067
0
0
0
0
0
2599
591
0
0
0
575
0
2195
0
0
0
0
0
0
0
0
0
0
0
0
3031
0
0
0
0
0
0
0
0
0
0
0
0
3476
0
0
0
0
2845
5104
3983
0
0
0
0
0
1904
0
657
0
0
0
0
3557
0
0
0
0
0
2113
0
0
0
0
0
0
0
0
0
0
0
0
3692
0
0
0
0
0
0
0
0
0
0
0
0
628
0
0
0
0
0
0
0
0
0
12272
0
0
0
0
0
0
0
0
0
0
0
0
23815
15029
0
0
0
0
0
0
0
0
0
0
0
30385
16403
0
0
0
0
22705
21181
2954
0
0
0
0
29175
15615
0
0
0
4236
7096
0
1521
1778
0
0
12808
19804
0
0
0
0
1691
0
0
0
430
0
0
12466
4498
0
0
0
0
0
0
0
0
0
0
0
0
0
0
4692
0
0
0
0
776
0
0
7092
0
0
0
0
11637
0
0
14854
9946
24009
27220
15075
4870
0
0
0
0
10068
0
0
21366
259
0
0
3080
0
0
8375
0
0
8651
0
0
1389
0
0
0
0
0
0
0
0
0
17612
8956
0
0
0
0
0
0
0
0
0
0
0
17162
12679
0
0
0
0
0
0
0
0
0
0
0
11163
0
0
0
0
0
0
0
0
0
0
0
0
9140
0
0
0
0
0
0
0
3026
0
0
0
0
34465
0
0
0
0
0
0
0
2642
1093
0
0
0
36749
0
1484
0
0
0
0
0
0
0
0
0
0
44020
0
8273
0
0
0
0
0
0
0
0
0
0
60300
0
4788
0
0
0
0
0
0
0
0
0
0
70376
0
0
0
0
1398
0
0
0
0
0
0
0
57941
0
0
0
0
0
0
0
0
0
0
0
0
38780
0
0
0
0
0
0
0
0
0
0
0
0
33590
0
0
0
0
0
0
0
0
0
0
3835
0
27712
0
0
0
0
0
0
0
0
0
0
13218
5975
22638
0
0
0
0
0
0
0
0
0
0
10975
0
17112
0
0
0
0
0
0
0
0
0
0
0
0
24927
1256
1621
4292
3824
1739
775
4194
6548
6075
10260
0
0
0
0
0
0
0
0
0
0
0
0
3084
0
0
0
0
0
0
0
0
0
0
0
0
0
0
0
0
0
0
0
0
0
0
0
0
0
0
0
0
0
0
0
0
0
0
0
0
0
0
0
0
0
0
0
0
0
10156
3417
0
0
0
0
0
0
0
0
0
0
0
1309
526
0
0
127
0
0
0
0
340
0
0
0
0
0
0
0
0
850
12723
0
0
0
0
0
0
0
0
0
0
0
0
15721
0
0
0
0
0
0
0
0
0
0
0
0
0
0
0
0
0
0
3707
16612
13292
2038
0
0
0
0
0
0
0
0
0
0
3704
8211
7314
6218
0
0
0
0
0
0
0
0
0
0
0
0
3423
0
0
0
0
0
0
0
0
0
0
0
0
0
0
0
0
3361
0
0
0
0
0
0
0
0
0
0
0
6638
31801
12928
0
0
0
0
0
0
0
0
0
0
0
2781
0
0
0
0
0
0
0
0
0
0
0
0
0
0
0
0
0
0
0
0
0
0
0
0
0
0
0
0
7614
4384
8172
2852
0
0
4260
2462
0
5753
0
0
0
4637
0
600
0
0
0
0
0
0
0
0
0
0
4644
0
0
0
0
0
0
0
0
17437
0
0
0
8849
0
0
0
0
2653
0
0
0
0
0
0
0
12652
1357
252
2880
4789
0
0
0
0
0
0
0
0
2349
0
0
11869
603
0
0
0
0
0
0
0
0
2016
0
0
0
0
0
0
0
0
0
0
0
0
14388
0
0
6998
10127
8967
0
0
0
0
12909
7706
0
0
0
5410
1509
3436
1001
0
0
0
0
0
0
0
0
0
403
0
0
0
0
0
0
0
0
0
0
0
0
0
0
0
0
0
0
0
0
0
0
0
0
0
0
0
0
0
0
0
0
0
0
0
0
0
0
0
0
0
0
0
0
0
0
0
0
0
0
0
6829
2857
0
0
0
0
0
6749
0
0
0
0
0
203
0
0
0
0
0
0
6192
0
0
0
0
0
0
0
0
0
0
0
0
0
0
0
0
0
0
0
0
7191
0
0
0
0
0
0
0
0
0
0
0
0
14535
0
0
0
0
0
0
0
0
0
0
13329
6035
0
0
0
0
0
0
4679
0
2925
0
0
0
0
0
0
0
0
0
0
0
0
10775
0
0
0
3924
5559
0
0
0
0
0
0
0
2164
2397
1593
0
5345
5072
819
0
0
3170
0
4442
6687
0
6326
0
0
0
0
0
0
0
0
0
0
0
0
10227
0
0
0
0
0
0
0
2110
0
0
0
0
1805
0
0
0
0
0
0
0
0
0
0
0
2041
0
0
0
0
0
0
0
0
0
0
0
0
0
0
0
0
0
0
2734
0
0
0
0
0
0
0
2134
358
0
0
1264
11480
0
0
0
0
0
0
0
10570
4464
3309
0
0
0
0
0
0
0
8486
0
0
10007
0
0
0
0
0
0
0
0
0
3219
0
0
4396
0
0
0
0
0
0
0
0
0
0
0
0
3777
0
0
0
0
0
0
5708
0
0
0
0
0
1981
0
0
0
0
0
0
2731
0
0
0
0
0
0
0
0
0
0
0
0
0
0
0
0
0
0
4869
0
0
0
0
0
0
0
0
0
0
0
0
12839
0
0
0
0
0
0
0
0
0
4430
0
0
16949
0
0
0
0
0
0
0
0
1959
8213
843
0
14943
0
0
0
0
0
0
0
0
0
5078
5761
0
2455
0
0
0
0
0
0
0
0
0
14401
16173
0
0
0
0
0
0
0
0
0
0
5909
36959
22208
0
539
0
0
0
0
0
0
0
0
0
15243
6007
0
0
0
0
0
0
0
0
0
0
0
0
0
0
0
0
0
0
0
0
0
0
4162
9481
0
0
0
0
0
0
0
0
0
0
0
2667
0
0
0
0
0
0
0
0
0
0
3143
2559
0
0
0
0
0
0
0
0
0
0
0
0
0
0
0
0
0
0
0
0
0
0
0
0
0
0
0
0
0
0
0
0
0
0
0
0
0
0
0
0
0
0
0
0
0
0
0
0
0
0
0
0
0
0
0
0
0
0
0
0
0
0
0
0
0
0
0
0
0
0
0
0
0
0
10629
17239
6451
0
0
0
0
0
0
0
0
0
0
0
12485
11426
9120
7942
1402
0
0
0
0
0
0
0
0
0
0
0
0
2463
0
0
0
0
0
0
0
0
0
0
0
0
1449
0
0
0
0
0
0
0
0
0
0
0
0
0
0
0
0
0
0
0
0
16218
4500
3896
0
0
0
0
0
0
0
0
0
0
19966
2631
0
6331
0
0
0
0
0
0
0
0
0
0
3588
1082
0
0
0
0
0
0
0
0
0
0
0
0
0
0
0
0
0
0
0
0
165
5743
6486
1644
120
0
0
0
0
0
0
0
0
0
0
0
0
0
1898
6384
6536
8199
15139
0
0
1583
0
0
0
0
0
0
0
0
0
19790
13736
0
4944
0
0
0
0
0
0
0
0
0
6685
16400
0
0
0
0
0
0
0
0
0
0
0
0
11898
0
0
0
0
0
0
7122
12996
0
0
0
0
0
0
0
0
0
0
0
0
10636
0
0
0
0
0
0
0
0
0
0
0
0
0
0
0
0
2525
0
0
103
0
0
0
0
0
0
0
0
5323
4553
0
0
3812
0
0
0
0
0
0
0
0
0
0
0
0
480
0
0
0
0
3305
17150
5286
0
0
0
0
0
0
0
0
0
2565
0
12861
11197
0
0
0
0
0
0
0
0
0
0
0
0
1629
0
0
0
0
0
6938
0
0
0
0
0
0
0
0
0
0
0
0
0
0
0
0
0
0
0
0
0
0
0
0
0
0
0
0
0
0
0
0
0
0
0
0
0
0
0
0
0
0
0
0
0
0
0
0
0
0
0
0
0
0
0
0
0
0
0
0
0
0
0
0
0
0
0
0
0
0
0
0
0
0
0
0
0
0
0
0
0
0
0
0
0
0
0
0
0
0
0
0
0
0
0
0
0
0
0
0
0
0
0
0
0
0
0
0
0
0
0
0
0
0
0
0
0
0
0
0
0
0
0
0
0
0
0
0
0
0
0
0
0
0
0
0
0
0
0
0
0
0
0
0
0
14059
11205
0
0
0
0
0
0
0
0
0
0
3886
16837
12190
0
0
0
0
0
0
0
0
0
0
0
0
0
0
0
0
0
0
0
0
0
0
0
7426
390
0
0
3464
7204
3634
12424
19937
5956
0
0
0
4041
0
0
0
0
0
0
0
4512
0
0
0
1753
1945
0
0
0
0
0
0
0
0
0
0
0
6627
0
0
0
4410
29943
18557
13255
6618
0
0
0
0
4848
0
0
0
0
17204
40916
9527
6412
0
0
0
0
0
0
0
0
0
0
13478
0
0
0
0
0
0
6926
0
0
0
0
0
0
0
0
0
0
0
0
8962
11518
5863
0
3132
11358
0
0
0
0
3748
1101
1215
19095
20957
5148
0
0
3353
19810
10286
0
0
1274
0
5702
19011
0
0
0
0
0
0
14354
0
0
12302
0
12324
0
0
0
0
0
0
0
0
3051
369
12799
0
21740
21100
0
9184
11563
0
0
0
0
3158
0
19850
9977
0
14355
21174
1801
0
0
0
0
0
0
0
0
0
0
0
0
0
0
0
0
0
0
0
0
0
0
0
0
0
0
0
0
0
0
0
0
0
0
0
0
0
0
0
0
3404
2920
269
550
0
0
0
0
0
0
0
0
0
0
0
11346
1658
0
0
0
0
0
0
0
0
0
0
0
0
0
1619
5125
0
0
0
0
0
0
0
0
0
0
0
1654
1565
0
0
0
0
0
1025
0
0
0
0
0
0
0
0
0
0
0
0
0
0
0
0
3513
0
0
0
0
0
0
0
0
0
10248
0
0
8511
4027
0
0
0
0
0
0
0
0
0
0
0
0
0
0
0
0
0
0
0
12297
0
0
0
0
0
0
0
0
0
0
0
0
13796
5676
0
0
8597
0
0
0
0
0
0
0
0
0
10981
15424
10603
2163
0
0
0
0
0
6298
7853
5115
1906
0
0
0
0
0
413
0
0
0
0
10899
0
0
0
4893
1567
0
0
0
0
0
0
0
10247
0
0
0
0
0
0
0
0
0
0
0
0
0
0
0
0
0
0
0
0
0
8935
15814
15061
0
0
0
0
0
0
0
0
0
0
0
8697
5461
3113
0
0
0
0
0
0
0
0
0
0
0
0
0
0
0
0
0
0
6599
2742
6227
0
0
0
0
0
0
0
0
0
0
0
395
6862
0
0
0
0
0
0
0
0
0
0
0
0
0
0
0
1057
1322
0
0
0
0
0
0
0
0
0
0
5312
0
3355
3879
0
0
0
0
0
0
0
0
6647
0
0
0
0
0
0
0
0
0
0
0
8201
21760
8472
0
0
0
0
0
0
0
0
0
0
117
12897
5183
0
0
0
0
0
0
0
0
0
0
0
0
0
0
0
0
0
0
0
0
0
0
0
0
0
0
0
0
0
0
0
0
0
0
0
0
0
0
0
0
0
0
0
0
0
10728
1333
0
0
0
0
20665
13504
0
0
0
0
0
0
0
0
0
0
0
9873
0
0
0
0
0
3962
0
0
0
0
0
0
0
0
0
0
0
0
0
0
7070
885
0
0
0
0
0
0
0
0
0
0
7469
27329
13130
0
22948
1616
0
0
0
0
0
0
0
0
7643
462
0
0
0
0
0
0
0
0
0
0
0
0
0
0
0
0
10601
0
0
3614
0
0
0
0
4441
0
0
0
0
1137
0
0
3171
0
0
5681
12843
8505
0
457
0
3216
39468
25977
0
0
0
0
0
0
0
0
0
0
0
0
0
0
0
2647
2268
0
0
0
0
0
0
0
0
2897
17874
26658
4842
9877
3435
0
0
0
0
0
0
0
2637
0
11258
5651
3899
0
0
0
0
1242
6431
0
0
13652
9331
6374
2268
0
0
0
0
0
0
0
0
0
8916
20599
5847
0
0
0
0
0
0
0
0
0
0
0
11000
0
0
0
0
8836
0
0
0
0
0
0
0
4233
0
0
0
0
0
0
0
0
2236
0
0
0
0
5467
0
0
0
0
0
0
0
3819
8266
2556
0
0
13597
0
0
0
0
0
0
0
0
17145
22173
2957
0
544
0
0
0
0
0
0
0
0
2635
5753
0
0
2531
0
0
2564
0
0
0
1600
594
0
0
0
0
2795
0
0
0
0
0
0
1096
0
0
0
0
0
8040
0
0
0
0
1130
0
2656
0
0
0
0
0
3911
0
4569
14689
9475
6483
3631
5139
6163
5536
14869
14761
0
0
30
6217
5061
0
0
0
0
0
1631
1837
15806
0
0
1292
6235
0
0
0
0
0
0
0
0
159
0
0
0
0
0
0
0
0
0
0
0
0
0
0
0
0
0
0
0
0
6398
0
0
0
0
0
0
1743
0
0
0
0
0
4851
11258
0
0
0
0
0
0
0
0
0
0
0
0
0
0
0
6950
15186
0
0
0
0
0
0
0
0
0
0
0
8898
5893
0
0
0
0
0
0
0
0
0
0
0
0
0
0
0
0
0
0
0
0
0
0
0
0
0
0
0
0
0
0
0
0
5111
5300
20536
2236
0
0
0
0
0
0
0
0
0
0
0
0
2889
0
0
0
0
0
0
0
0
0
0
0
0
0
0
0
0
0
0
0
0
0
0
0
0
0
0
0
0
0
0
14573
0
120
15290
9165
0
0
0
0
0
0
0
0
2348
0
0
22571
10793
0
0
0
0
0
0
0
0
0
0
0
13021
11324
0
0
0
0
1222
0
0
0
0
0
1203
1626
3959
0
0
0
0
0
0
0
0
323
0
7897
2293
0
0
0
0
0
0
0
0
0
30243
0
5479
2505
1539
2363
0
0
0
0
0
0
0
33878
0
4875
7188
0
0
0
0
0
0
0
0
0
19011
0
4925
0
0
0
0
0
0
0
0
0
0
6749
0
0
0
0
0
0
0
0
0
0
7478
0
0
0
0
0
0
0
0
0
0
0
0
6837
866
0
0
0
3646
180
0
0
0
0
0
0
0
0
0
0
0
0
6146
8246
0
0
0
0
0
0
0
1535
0
0
0
0
0
0
0
0
0
641
0
0
0
642
0
0
0
979
2681
0
0
0
5019
0
0
0
0
0
0
0
0
0
0
0
0
0
0
0
0
0
0
0
0
0
0
0
0
0
0
0
0
0
0
0
0
0
0
0
0
0
0
0
0
0
0
0
0
0
6752
0
0
6461
0
0
0
0
0
0
0
0
0
33
0
0
0
0
0
0
0
0
0
0
0
0
0
0
0
0
0
0
0
0
0
0
0
0
0
0
0
0
0
0
0
0
0
0
0
0
0
0
0
18354
13551
0
0
0
0
0
0
0
0
0
0
0
0
0
0
0
0
0
0
0
0
0
0
0
0
0
0
9895
28195
19202
0
0
0
0
0
0
0
0
0
0
1152
6605
757
0
0
0
0
0
0
0
0
0
0
0
0
0
0
0
0
21362
0
0
0
0
0
0
0
0
0
0
0
0
0
0
0
0
0
0
0
428
1640
0
0
2546
0
0
0
0
2071
0
0
0
0
0
0
13926
13042
0
0
0
0
0
0
0
0
0
0
0
0
0
0
0
0
0
0
0
0
0
0
15473
4100
0
0
0
0
0
0
0
0
0
0
11178
26099
0
0
0
0
4993
0
0
4899
9047
113
0
24543
19788
0
0
0
0
10726
0
0
24150
8363
0
0
0
0
0
7563
0
0
2740
0
1527
24731
0
0
0
0
0
2317
22230
0
0
7573
888
5187
0
0
0
0
0
0
0
0
0
0
0
0
0
0
5882
0
0
0
0
0
0
0
0
0
0
0
0
0
0
0
0
0
0
0
0
0
0
0
0
0
0
0
0
0
0
0
2516
24633
16020
0
3748
0
0
0
0
0
0
0
0
0
14460
9078
0
8435
0
3744
13382
0
0
0
0
0
0
304
12874
0
10591
0
4445
8151
0
0
0
0
0
0
0
0
1742
11275
0
4700
0
0
0
522
3260
10582
0
0
0
0
3674
0
0
0
0
0
4886
71
0
0
0
7176
0
0
0
0
0
0
0
0
0
0
0
0
5410
0
1948
0
0
0
12046
6174
0
0
0
0
0
0
0
4832
18850
21485
0
0
5837
0
0
0
0
1997
0
0
4153
25756
10169
0
0
0
0
0
0
0
11942
0
0
5100
400
0
2725
0
0
0
0
0
0
2443
0
0
16152
0
0
2181
0
0
0
0
0
0
0
0
0
13199
0
0
0
0
0
0
3439
0
0
0
0
0
0
233
3662
0
0
0
0
0
0
0
0
0
0
0
3079
0
0
0
0
0
0
0
0
0
0
0
0
0
0
0
0
1586
8136
0
0
0
0
0
0
0
0
0
7747
3118
0
6839
1920
0
0
0
0
0
0
0
5551
12523
9585
9830
5323
6418
0
0
0
0
0
0
3432
3100
0
0
0
0
0
0
12665
0
0
0
0
0
0
0
0
0
0
0
0
6520
0
0
0
0
0
0
0
0
0
0
2725
0
0
0
0
0
0
0
0
0
27426
18513
0
7075
4716
0
0
0
0
0
0
0
0
13696
2077
0
0
0
0
0
0
0
0
0
0
0
0
0
0
0
0
0
0
0
0
0
2658
10635
7910
538
2854
0
0
0
0
0
5970
99
0
0
7669
16711
13597
2142
0
0
0
0
3317
11365
11513
9876
15777
17155
8822
9348
11191
9677
8318
10032
9003
12183
13477
21956
9394
16407
13508
0
0
2650
1790
0
0
0
0
0
0
5498
8127
0
0
0
0
0
0
0
0
0
0
0
0
0
0
0
0
0
0
0
0
0
0
708
0
0
0
0
0
0
0
0
0
0
0
0
0
0
0
0
0
0
0
0
0
0
0
0
0
0
0
0
0
0
2310
0
0
2098
0
0
0
0
0
0
0
0
0
0
0
0
0
0
0
0
0
0
0
0
0
0
0
0
0
0
0
7643
4353
0
0
0
0
0
0
0
0
0
0
0
0
0
0
0
0
0
0
0
0
0
0
0
0
0
0
0
0
0
0
0
0
3756
0
0
0
0
0
0
0
0
0
0
0
0
0
0
0
0
0
0
0
0
0
0
0
0
0
0
0
0
0
0
0
0
2640
0
0
0
0
0
0
0
0
0
0
0
0
0
0
12550
0
0
0
8591
5086
0
0
0
0
0
0
0
0
0
0
0
4748
2461
12217
19046
11314
10885
0
0
0
0
0
3279
10925
0
0
0
15405
30158
19396
16968
0
0
0
0
2127
14669
0
0
0
1655
12663
14548
0
0
0
0
0
0
1944
0
0
0
0
0
0
2961
0
0
0
2325
5694
0
0
0
0
0
0
0
0
0
14543
0
3107
14779
8998
28854
13939
1062
13538
20326
0
0
0
25450
0
1505
13682
0
16672
41651
605
0
4550
0
0
0
8769
0
3934
9068
0
0
19189
0
0
0
0
3829
25943
11241
3271
13851
26623
26
0
855
0
0
0
0
0
0
2441
3235
0
18539
20089
4441
0
0
7935
3001
0
0
0
4100
0
0
0
0
0
0
0
0
0
0
0
0
0
0
0
0
9525
0
0
0
1097
5797
10066
12345
0
0
0
0
0
8665
0
0
0
0
0
0
0
0
0
0
0
0
0
0
0
0
0
0
0
0
0
0
0
0
10764
0
0
0
1567
4174
0
0
0
0
0
0
267
19824
0
0
0
4440
11184
1965
0
0
2812
0
24145
2802
8748
275
0
0
0
0
0
0
0
0
0
17358
4054
4049
0
0
0
0
0
0
0
0
0
0
0
3985
0
0
0
0
0
0
0
0
0
0
0
0
3125
0
0
0
0
0
0
1042
10157
0
0
0
0
0
0
0
0
0
0
0
0
0
0
0
0
0
0
0
0
0
0
0
0
0
0
0
0
0
0
250
0
0
0
0
0
0
0
0
0
159
640
0
0
0
0
1807
4909
7386
5805
4456
4609
0
0
0
0
0
0
0
0
6606
14870
19608
19943
17942
11522
0
0
0
0
0
0
0
0
0
0
5588
20735
21365
0
0
0
0
0
0
0
0
0
0
0
0
0
0
0
0
0
0
0
0
0
0
0
0
0
0
0
0
0
0
0
0
301
0
1907
0
0
0
0
0
0
0
0
6654
16192
12487
0
0
4773
4357
0
0
0
0
0
0
73
0
0
0
0
0
0
0
0
0
0
0
0
0
0
0
0
0
0
0
0
0
0
0
0
0
0
0
0
0
0
0
0
0
0
0
0
0
0
0
0
0
0
0
0
0
0
0
0
0
0
0
0
0
0
2301
330
0
0
0
0
0
0
0
0
0
0
0
3947
6534
0
0
0
0
0
0
0
2253
0
0
0
0
0
0
0
0
0
0
4136
23035
1388
1669
0
0
0
0
0
0
0
6212
6414
5407
19642
813
0
0
0
0
0
0
0
0
0
7559
0
6993
945
0
0
0
0
0
0
0
0
0
0
0
0
1940
0
0
683
1669
0
0
0
0
0
2332
0
0
0
0
0
12750
0
0
0
4471
7169
5457
8047
4625
0
0
0
0
2493
43
0
0
14605
4224
1334
2775
2660
0
0
0
0
0
0
0
0
0
0
0
0
0
0
0
0
0
0
816
0
0
0
0
9726
0
0
0
0
1766
16929
0
0
0
0
0
1927
3891
0
0
0
0
2312
22048
0
0
2630
0
0
0
0
0
0
0
0
0
0
0
0
1322
2988
0
0
0
0
0
0
724
0
0
5646
15136
14506
14772
10946
3898
4498
0
4800
6930
0
0
0
0
0
0
0
0
0
4253
20439
0
0
0
0
0
0
0
0
0
0
0
0
9256
0
0
0
0
0
0
0
0
289
2748
0
5746
16310
0
0
0
0
0
0
1759
10446
2617
0
0
0
1802
0
0
0
0
1874
0
0
10649
10124
0
1891
372
4493
0
0
0
1876
0
0
0
0
0
1983
19803
7615
0
0
0
0
0
0
0
0
0
0
0
0
3052
0
0
0
0
0
0
0
0
0
0
0
0
0
0
0
512
0
0
2235
893
6502
0
13930
12140
0
0
0
0
0
0
0
11480
3155
3784
0
8404
3364
0
0
0
0
0
0
0
0
0
0
0
0
0
0
0
0
0
5952
0
0
0
0
0
0
0
0
0
0
0
0
948
0
0
11414
14568
0
0
0
0
937
4907
0
0
3465
3811
9264
6018
6620
2578
3015
439
0
3460
0
9328
45674
0
11497
4032
0
0
0
0
0
0
0
0
0
0
0
27168
10076
0
11274
19602
14929
0
0
0
0
0
8036
0
20967
0
0
0
0
0
18780
11925
0
3242
0
26134
0
2419
0
0
0
0
0
0
2810
0
11122
0
12127
0
0
0
0
0
0
0
0
0
0
0
0
0
0
1274
0
0
1274
0
0
0
0
0
0
586
0
0
6032
2221
12381
16750
13152
24670
3760
0
0
0
0
0
0
9261
58
0
0
0
0
20093
33007
1527
0
0
0
0
4104
0
0
0
0
0
0
0
0
1437
0
0
0
9585
0
0
0
0
0
0
0
2153
0
0
0
0
18639
14423
0
0
0
0
200
2280
0
0
0
0
0
0
3982
0
0
0
0
0
0
0
0
0
0
0
0
0
0
0
0
0
0
0
3861
0
0
0
698
1828
10287
0
7071
14393
15729
9419
9065
12575
0
0
10283
0
2289
0
0
0
7750
12809
7366
5375
2463
0
0
7150
4255
3426
0
0
0
0
0
0
0
0
0
0
0
0
0
0
0
0
0
0
0
0
0
0
0
0
0
0
0
0
0
9340
14897
0
0
0
0
0
0
0
0
0
0
0
0
8282
0
0
6722
882
0
0
0
0
0
0
0
0
7728
0
0
82
0
6962
0
0
0
0
0
0
0
0
0
0
0
0
11311
0
0
0
0
0
0
0
0
3533
3386
0
0
0
0
0
0
0
0
0
4629
10012
6242
3036
0
0
0
0
0
0
0
0
0
0
0
0
0
0
0
0
0
0
0
0
0
0
0
0
0
0
0
0
0
0
0
0
0
0
0
0
0
0
0
0
0
0
5246
9890
0
3944
0
0
0
0
0
0
0
0
0
0
0
0
15332
0
0
0
0
10858
9264
7121
0
0
0
0
0
0
0
0
0
0
0
0
0
0
0
0
1234
0
0
0
0
0
0
0
0
0
0
0
0
0
0
0
0
0
0
960
0
0
0
0
0
0
0
2342
0
0
0
0
13470
12486
0
0
0
0
10087
0
3148
0
0
0
0
0
0
0
0
0
0
19198
0
0
0
0
0
0
0
0
0
7816
0
0
2509
0
0
0
0
0
0
0
0
0
0
0
0
0
0
0
0
0
0
0
0
0
2684
0
0
0
0
0
0
0
0
0
0
0
0
0
0
0
0
0
0
0
0
0
0
0
0
0
0
0
0
0
0
0
2931
108
0
3768
1771
1497
2217
1742
1280
0
8590
15595
0
2496
0
0
0
0
0
0
0
0
0
0
7866
0
0
0
0
0
0
0
0
0
0
0
0
0
0
0
8988
15453
11145
6004
12697
16405
459
0
0
0
0
0
0
17080
5742
6365
5829
4382
16760
22400
34409
31201
0
0
0
3139
5352
0
0
0
0
0
6637
20784
0
0
0
0
7150
0
0
0
0
0
0
0
0
0
0
0
0
6452
0
0
0
0
0
0
0
0
0
0
9417
419
11250
0
8959
28264
20582
8795
32546
5225
0
0
0
1835
2442
19316
0
0
940
0
0
0
0
8277
0
0
0
0
17073
0
0
0
0
0
0
0
35897
24985
11748
15018
0
10115
1201
0
0
4127
14776
0
953
23906
30474
28566
23996
0
0
12735
22830
12729
0
0
0
0
0
0
0
0
0
1932
0
0
0
0
0
0
0
0
0
0
0
0
8203
0
0
0
0
0
0
0
0
0
0
0
0
6147
0
0
0
0
0
6402
2314
0
0
0
9279
0
0
0
0
0
0
0
0
0
0
0
0
22592
0
0
0
0
0
0
0
0
0
0
0
0
7415
0
0
1053
0
0
0
0
0
0
0
5360
11113
0
0
0
0
0
0
0
2813
5719
3418
0
0
0
0
0
0
0
0
0
0
0
0
3114
1475
0
0
0
0
0
0
0
0
0
0
0
0
3394
8504
986
0
0
0
0
0
0
290
0
0
0
0
8237
0
0
0
0
0
0
0
0
0
0
0
0
0
0
0
0
0
0
0
0
0
0
0
0
0
0
0
0
0
0
0
0
0
2559
0
0
0
0
0
18395
8683
7999
6634
0
0
0
0
0
0
0
0
0
0
0
0
17245
0
4679
20494
17341
8255
2912
376
0
0
0
0
0
10668
0
0
2086
0
0
0
0
5325
8385
2999
0
0
0
0
0
0
0
0
0
0
6493
13893
4601
0
0
0
0
0
0
0
0
0
0
11744
12104
10932
0
0
0
0
0
0
0
0
0
0
0
0
0
0
0
0
7834
4788
0
5245
0
0
15787
0
0
0
0
0
0
0
18302
23999
9009
0
13266
21621
0
0
0
0
0
0
0
4650
6627
0
0
0
0
0
684
0
0
0
0
0
0
0
0
0
0
0
0
17304
0
0
0
0
2503
0
0
0
0
0
0
8750
0
0
0
0
0
5805
18028
16105
0
0
0
0
11061
0
0
0
0
0
0
5895
3491
0
0
0
0
5338
0
0
0
0
404
4298
7529
6471
1448
1353
632
512
1955
0
0
0
0
0
0
0
0
0
0
0
0
0
0
0
12064
2054
293
0
0
0
0
0
0
0
0
0
0
17586
10013
2172
0
0
0
0
0
0
0
0
0
0
8970
15745
0
0
0
4962
11803
582
0
0
0
0
0
7659
11783
0
0
0
0
2182
0
0
0
0
0
0
0
2656
0
0
0
0
0
0
0
0
8629
0
0
0
3725
0
0
0
0
0
0
0
0
217
2316
12367
0
9094
0
0
0
0
0
0
0
0
0
1043
6550
0
5158
0
0
0
0
0
0
0
0
0
0
0
0
0
0
0
0
0
0
0
0
0
0
0
0
0
0
0
0
0
0
0
0
0
0
0
0
0
0
0
0
0
0
0
0
0
0
0
0
0
0
0
0
0
0
0
0
0
0
0
0
0
0
0
0
0
0
0
0
0
0
0
0
0
0
0
0
0
0
0
0
0
0
0
0
0
0
0
0
0
0
0
0
0
0
0
772
10299
2863
0
0
0
0
0
0
0
0
0
0
0
0
0
8564
11571
0
3424
0
4720
0
0
0
0
0
0
0
0
0
0
5808
0
10006
0
0
0
0
0
0
0
0
0
0
0
0
0
0
0
0
0
0
0
7275
0
0
0
0
0
0
0
0
0
0
0
0
21321
363
0
0
0
355
3705
0
0
0
0
0
0
3319
0
4692
0
0
10895
12453
0
0
0
1089
29174
25111
12984
11721
474
0
3050
13527
13393
0
3575
0
0
0
0
15
0
0
0
0
0
1368
0
3991
0
0
0
0
0
0
0
0
0
0
0
0
0
0
806
2062
2319
1052
0
0
2567
7404
0
0
0
0
0
2609
8055
6430
164
0
0
5196
25034
0
0
0
0
0
0
0
0
0
6373
8272
9093
25427
8514
0
0
0
0
0
0
0
0
0
3452
676
11225
15822
0
0
0
0
0
0
0
0
0
0
0
0
0
0
0
0
0
9987
0
3996
21910
0
0
0
0
0
0
0
0
3552
20103
10638
22503
31846
3388
0
0
0
0
0
0
0
0
8623
137
0
0
0
16562
13644
0
0
0
806
0
0
0
0
0
0
0
0
7799
15275
1489
0
0
0
0
0
0
0
0
0
0
0
23608
15884
0
0
0
8288
21206
4099
0
777
0
0
0
5215
0
0
0
0
8458
29141
20243
0
0
0
0
0
10527
0
0
3795
0
0
0
15408
0
0
0
0
0
0
0
0
2188
0
0
0
0
0
0
0
0
0
0
14147
689
8776
0
0
0
0
0
0
0
0
0
4725
149
0
14617
0
0
0
0
0
0
0
0
2888
9072
5856
0
14122
0
0
0
0
0
8551
8768
5587
6150
11185
10772
0
0
0
0
0
0
0
0
1863
11495
903
19094
18609
0
0
0
980
0
0
0
0
0
0
0
0
0
0
0
3334
2962
0
0
0
0
62
0
0
0
0
0
0
6236
7884
348
0
0
13258
16169
0
0
0
0
0
774
7287
4691
0
0
0
0
16174
7398
13290
0
0
0
2367
12245
0
0
0
0
0
0
12307
15020
0
1970
0
4696
15468
0
0
0
0
0
0
5970
0
0
0
0
712
16636
9216
0
0
0
0
9219
0
0
0
0
0
26
0
654
4531
0
0
0
0
0
0
0
0
0
0
2315
0
0
0
0
0
0
0
0
0
0
0
0
0
6809
0
0
0
0
0
0
0
0
0
0
0
0
2273
0
0
0
0
0
0
0
0
0
0
0
0
0
6796
0
0
0
0
0
0
0
0
0
0
0
0
6071
0
0
0
0
0
0
0
0
0
0
0
4837
3210
0
0
482
0
0
0
0
0
0
0
0
0
0
2
0
0
0
0
0
0
0
0
0
831
1962
0
0
0
0
0
0
0
0
0
0
2195
5294
5365
0
0
0
0
0
0
0
0
0
0
1355
625
0
0
0
0
0
0
0
0
0
0
0
0
0
0
5265
270
9
0
0
0
0
0
1756
0
0
0
0
0
0
0
0
0
0
0
0
0
0
2660
0
0
4536
7343
0
0
0
0
0
973
0
0
0
4179
0
0
0
0
0
0
423
0
0
5662
0
0
0
0
0
0
0
0
0
0
0
0
0
0
9455
0
0
0
3242
6314
5172
0
0
0
0
0
0
10400
0
0
0
0
0
0
0
0
0
0
0
0
6853
0
0
0
0
0
0
0
0
0
0
0
0
0
0
0
0
0
0
0
0
0
0
0
0
0
0
0
0
0
0
0
0
0
0
0
0
0
0
0
0
0
0
0
5750
0
0
0
0
0
0
0
0
0
0
0
0
0
0
0
0
0
0
0
0
0
0
0
0
0
0
0
0
0
0
0
0
0
0
0
0
0
1621
2715
0
0
0
0
0
0
0
0
0
0
0
8248
8531
0
0
0
0
0
0
0
0
0
0
0
0
0
12325
17745
1650
21855
22313
2483
0
0
0
0
0
0
1593
1901
241
2429
5311
0
0
0
0
0
0
0
3832
3798
3748
6187
8378
0
0
0
0
0
0
0
0
5116
0
0
1085
830
0
0
0
0
0
0
0
0
0
0
0
0
416
0
0
0
0
0
0
0
0
0
0
0
0
0
0
0
519
0
0
0
0
5114
6713
4715
0
0
0
0
0
1863
0
0
0
0
6427
22049
30081
289
0
8660
0
0
0
0
0
0
0
0
2071
16783
0
0
31559
7901
0
0
0
0
0
0
0
0
0
0
0
4720
0
1299
0
0
0
0
0
0
0
0
0
0
0
0
11284
0
0
0
0
10193
19563
9591
5664
0
0
0
0
0
0
0
0
0
11255
2490
0
0
0
2039
1398
0
0
0
0
0
0
0
0
0
0
2629
9867
0
0
0
0
0
3693
3041
4600
872
0
0
3141
6168
9745
15558
20621
0
0
5507
0
0
0
0
0
0
0
0
0
16012
2452
0
5851
0
0
0
0
0
0
0
0
0
0
0
0
16
0
0
0
0
0
0
2447
10082
8367
4396
13868
0
0
0
0
0
0
0
0
889
9827
0
0
2575
0
0
0
0
0
0
0
2663
1866
0
0
0
0
0
0
0
0
0
0
0
0
0
0
0
0
0
0
0
4915
2540
0
0
0
0
0
0
0
0
3721
0
2015
22544
12654
0
0
0
0
0
0
0
0
11045
0
779
17894
0
0
0
0
8305
0
0
1622
0
2213
0
0
1517
0
0
0
0
0
0
0
850
0
0
0
0
0
0
0
0
0
0
18599
14731
0
0
0
0
6078
888
0
0
0
0
0
0
0
0
0
0
0
1761
0
3105
6743
10027
12062
10787
10647
9328
10182
856
0
0
0
0
0
0
0
0
0
0
0
0
0
0
0
0
0
0
0
0
0
0
0
536
4581
4769
0
0
0
0
0
0
0
0
0
5066
20304
15286
6639
0
0
0
0
0
0
0
0
0
8030
9657
0
0
0
0
204
0
0
0
0
0
0
0
0
0
0
0
0
1069
0
0
4323
0
0
0
0
0
0
0
0
0
0
3782
15126
11275
3204
0
0
0
0
0
0
0
0
288
3388
2735
0
0
0
0
0
0
0
0
0
0
408
0
0
0
0
0
0
0
0
4446
0
0
0
0
0
0
0
0
0
0
0
4078
0
0
0
0
9947
10859
27449
39685
28657
13778
13761
19427
24776
6932
0
0
2912
2201
0
0
0
0
0
0
0
0
0
0
0
0
0
0
0
0
0
0
0
0
0
0
2092
0
0
0
0
0
0
0
0
0
0
0
0
8088
4749
0
0
0
0
0
0
0
0
0
0
0
0
1226
0
0
0
0
0
0
0
0
0
0
0
0
0
0
0
0
177
20488
14415
2737
0
0
0
0
0
0
0
0
0
0
2989
8794
2481
1276
0
0
0
0
0
0
0
0
0
0
0
0
0
0
0
17093
9086
0
0
0
0
0
0
0
0
0
0
0
3819
17738
0
0
0
0
0
0
0
9529
0
0
0
0
803
0
0
0
0
0
406
0
16396
3695
0
0
0
0
0
0
0
0
0
0
0
0
0
2046
0
0
0
0
0
0
0
0
0
0
0
0
0
0
0
0
0
0
1805
0
0
0
0
0
0
0
0
0
0
0
0
0
0
0
0
0
2495
578
0
0
0
0
0
0
0
0
0
0
0
0
0
0
776
0
0
0
0
0
0
0
0
0
0
0
0
0
0
0
0
0
0
0
0
0
0
0
457
1597
8806
13664
0
0
0
0
0
0
0
0
0
0
0
12435
4664
0
0
0
0
0
2059
0
0
0
0
0
0
0
0
0
0
0
0
0
0
0
0
0
0
0
0
0
0
0
0
0
0
9250
4823
0
16142
18295
0
0
0
0
0
0
0
0
0
0
0
0
0
0
0
0
0
0
0
0
0
0
0
0
0
0
0
0
0
0
0
0
155
0
0
0
0
0
0
0
0
0
0
0
0
8005
21928
28694
21260
12106
1919
0
0
0
0
0
0
3261
291
3074
5790
9564
19786
9509
0
0
0
0
0
0
0
0
0
0
0
0
0
0
0
1531
0
0
0
2775
10934
1039
0
3933
9419
8132
5732
5749
1167
0
0
0
0
0
0
0
0
0
0
2134
0
0
0
0
0
0
0
0
0
0
0
0
0
0
0
0
0
0
0
0
0
0
0
0
0
0
0
0
0
0
0
0
0
0
0
3879
21096
10566
0
0
0
0
0
0
0
0
0
0
0
0
0
0
0
5579
783
0
0
0
0
0
0
0
0
0
0
0
4315
0
0
0
0
0
0
0
0
0
0
0
0
0
0
0
0
0
0
0
0
4433
0
0
0
0
0
0
0
0
0
0
0
4400
31736
16484
12735
0
0
0
0
0
0
0
0
0
0
0
0
0
0
0
0
0
0
0
0
0
0
0
0
0
0
0
0
0
0
0
0
0
0
0
0
0
0
0
0
0
0
0
0
0
3578
0
0
0
2359
6521
1006
0
0
0
0
0
0
5692
0
0
0
0
7528
12606
10618
10942
6195
465
12597
822
553
0
0
0
0
0
0
7330
7742
5399
1761
23983
1342
0
0
0
0
0
0
0
0
0
0
0
8430
0
0
0
0
0
0
0
4396
0
0
0
0
0
0
406
8130
292
0
0
22977
26453
717
0
0
0
0
0
8229
6347
0
1392
0
13537
16536
13115
4134
0
0
4633
0
9859
5087
0
0
0
0
0
6362
7009
0
8502
23725
8417
10358
2051
0
0
0
0
0
4799
0
0
19608
25264
12661
3773
3840
0
0
0
0
0
0
0
8972
1489
7401
4972
0
8871
8143
0
0
0
0
0
0
0
0
2048
1556
0
0
0
0
0
0
0
0
0
0
0
0
0
4104
2548
0
0
0
861
0
0
1991
0
0
525
0
8005
6964
0
0
95
6507
6300
4099
3862
0
0
0
0
8573
0
0
0
0
0
0
869
4235
1155
475
2466
0
3602
0
0
0
0
0
0
0
0
0
2527
14722
0
0
0
0
0
0
0
0
0
0
0
0
0
0
0
0
0
0
0
0
0
0
0
0
0
0
0
0
0
0
4525
2172
0
0
0
0
0
0
0
0
0
0
0
0
0
0
0
0
1372
0
0
0
0
0
0
0
0
0
0
0
0
0
3832
851
0
0
0
0
0
0
0
0
0
0
0
1363
0
0
0
0
0
0
0
0
129
1993
0
0
0
0
0
0
0
0
0
0
0
0
0
0
0
0
0
0
0
0
0
0
0
0
0
0
0
0
0
0
0
0
0
0
0
0
0
0
0
0
2629
4
0
26342
22996
0
272
0
0
0
0
0
1915
3525
864
0
8938
0
3365
14984
0
0
0
0
226
8636
6191
9022
0
0
0
19929
23359
0
0
0
0
0
2470
0
4177
624
5115
0
28468
7688
0
0
0
0
0
0
0
0
0
1931
2706
20207
0
0
0
0
0
0
0
0
0
0
3631
3826
12841
785
641
0
0
0
19847
0
0
0
0
29776
23
9426
4810
1846
5535
0
1571
11251
0
0
0
8514
23474
0
11243
3367
0
4228
0
0
0
0
10604
0
1910
8197
0
10626
0
0
0
0
0
0
0
3927
0
0
1021
0
7639
4576
0
0
0
0
0
5791
0
0
0
0
0
2532
4459
73
0
0
0
0
0
0
0
0
0
0
0
0
0
0
0
0
0
8624
6369
0
0
0
0
0
0
0
0
0
0
0
0
0
0
0
0
41021
0
2348
14996
0
0
0
0
0
0
15118
0
0
12402
0
2143
16246
0
0
0
0
0
0
0
0
0
1035
0
9426
0
0
0
0
0
0
0
0
0
0
0
0
7883
0
0
0
0
0
0
4819
0
0
0
0
7463
2565
8610
3708
0
0
759
12071
0
0
0
0
19196
4623
0
4574
7683
0
0
16288
17711
0
0
0
5406
21328
5058
4498
1926
0
0
0
0
0
0
0
0
0
1502
13123
15009
13758
0
0
0
0
0
0
16727
0
0
0
14229
26951
23762
0
0
0
0
0
4321
0
0
0
0
2548
13746
13866
0
0
0
0
0
0
0
0
0
0
0
0
0
0
0
0
0
0
0
0
0
0
0
1991
0
0
1686
12061
6669
0
0
894
0
0
0
0
0
0
0
0
0
0
0
0
0
0
0
0
0
0
0
0
11595
19367
17511
12542
7567
3458
0
0
0
0
0
0
0
11728
8720
0
0
0
11998
14138
0
0
0
0
0
0
0
0
0
0
0
0
0
0
0
0
0
0
0
0
0
0
0
0
0
8851
0
0
0
0
0
0
0
5662
2190
0
0
0
0
0
0
0
12
0
610
9439
18767
23555
0
0
0
0
0
0
0
3096
5653
0
0
0
12275
0
0
0
0
0
3981
0
457
0
0
0
0
0
0
0
0
0
14702
16003
0
1262
0
0
0
0
0
0
0
0
0
11878
10111
0
6294
0
0
0
0
0
0
0
11125
80
0
18140
0
2857
1831
0
0
0
0
0
8054
0
0
0
6246
0
0
6435
626
0
0
0
1546
2747
0
0
0
0
0
0
0
0
0
0
0
0
0
0
0
0
0
0
0
0
0
0
0
0
0
0
0
0
0
0
20627
0
0
0
0
0
0
3241
6444
3728
767
0
0
20658
0
2967
11312
0
0
0
0
0
0
0
0
0
14247
0
16242
6748
0
0
0
1368
3721
1923
0
0
0
0
3463
16651
2326
0
0
0
0
0
3679
0
0
0
3848
5066
2833
0
0
0
0
0
1044
0
0
0
0
12499
1239
643
0
0
0
0
0
0
0
0
0
0
10441
0
0
0
0
0
0
0
0
0
0
0
0
5697
752
0
0
0
1676
0
0
0
0
0
0
0
8653
3139
6432
13477
1793
11367
6594
0
0
994
0
0
0
0
0
0
6077
7257
0
0
0
0
0
0
0
0
0
2738
4159
13733
12452
1672
1178
2166
0
2595
0
0
0
0
0
0
1199
0
0
0
0
0
0
0
0
0
20038
0
0
16941
6164
3982
15699
19702
16239
9511
0
0
0
8475
0
0
0
0
0
0
0
5560
10663
888
0
0
0
0
0
0
0
0
0
0
0
0
0
0
0
0
0
0
0
0
0
0
0
0
0
0
0
0
0
0
0
0
0
0
0
0
0
0
4143
0
0
0
0
411
6316
6757
1771
0
0
1045
0
0
0
0
0
0
266
3303
0
0
0
0
18390
18546
0
0
0
0
0
0
0
0
0
0
0
1642
11104
0
0
0
0
0
0
0
0
0
0
0
0
0
0
1277
0
0
0
3894
22048
8262
0
0
0
0
0
0
0
0
4498
0
0
14173
0
0
0
0
0
0
0
0
0
0
0
0
0
0
0
0
0
0
0
0
0
0
0
398
0
0
0
0
0
0
0
0
0
0
0
0
0
0
0
0
0
0
0
0
0
0
0
0
210
0
0
0
0
0
0
0
0
0
0
0
0
7022
0
0
0
0
0
0
0
0
0
11057
0
0
3443
0
3369
2317
0
0
0
0
7560
15887
7309
5756
0
0
0
2488
0
0
0
0
0
0
0
0
0
0
0
0
0
0
0
0
0
0
0
0
0
0
0
0
0
0
6340
0
0
0
177
0
0
0
0
4735
0
0
593
12148
10474
0
0
10367
817
0
0
0
0
0
0
0
0
0
0
0
0
0
15570
0
0
6504
0
7316
0
0
0
2719
0
0
0
17120
0
0
7074
0
5
8920
0
0
0
0
0
0
7526
8823
0
0
0
0
0
9180
0
0
0
0
0
0
0
0
0
0
0
0
0
0
0
0
0
60
0
1351
16675
10134
0
0
0
0
0
0
0
0
0
0
0
8888
0
0
0
0
0
0
0
0
0
0
0
0
0
2983
0
0
0
0
0
71
0
0
0
0
0
0
1050
0
0
0
0
851
0
0
0
0
0
0
0
0
0
0
0
0
0
0
0
0
0
0
1
1468
0
0
0
0
0
0
0
10720
0
0
0
19341
5382
0
0
0
0
0
0
0
788
0
0
0
0
4152
0
0
0
0
0
0
0
0
0
0
0
0
0
0
0
0
0
0
0
5948
6706
2375
16692
0
0
0
0
0
0
0
0
14174
15191
0
7055
2806
0
0
631
0
369
0
0
0
0
0
0
0
0
0
693
9147
0
847
607
0
0
0
0
0
0
0
0
0
0
0
0
0
0
0
0
0
0
0
0
0
0
0
24243
18692
0
0
0
0
0
0
0
0
0
0
0
0
6590
0
0
0
0
11921
20996
5059
0
0
0
0
0
4227
0
0
0
0
0
1248
1942
3830
0
0
3562
12694
5431
0
0
0
894
0
0
0
0
0
0
17645
15821
7388
0
0
0
0
0
0
0
0
0
0
0
0
1001
0
0
0
0
0
0
0
0
0
0
593
0
7950
0
0
0
604
0
16807
19207
12399
134
0
10473
0
13472
0
0
0
17999
0
0
2180
19390
284
0
2048
0
5449
0
0
0
6736
0
0
0
0
0
1024
12586
0
8691
0
0
0
0
0
2137
0
0
0
0
0
0
7533
666
15308
4541
0
0
3516
0
0
0
0
3943
0
2777
0
0
0
0
0
0
0
0
0
11126
16610
0
5340
0
887
0
0
0
0
0
0
720
3325
0
0
0
0
0
0
0
0
0
0
0
0
0
0
0
0
0
0
0
0
0
0
0
0
0
0
0
0
0
0
0
0
0
0
0
0
6471
15300
0
0
0
0
0
0
0
0
0
0
0
6901
428
0
0
0
0
0
0
0
0
0
0
0
0
0
0
0
0
0
0
0
0
0
0
0
0
0
0
0
0
0
0
6657
8882
13265
182
0
8495
0
0
0
0
0
0
0
9027
12150
13770
0
0
0
0
0
0
0
0
0
0
6616
0
0
0
0
0
0
0
0
0
0
0
0
1181
0
0
0
0
0
0
0
0
0
0
0
0
4191
5399
0
0
0
0
0
0
0
0
0
0
0
0
1050
0
0
0
0
0
0
0
0
0
0
0
0
2277
0
0
0
0
0
0
417
2333
0
0
0
0
9188
0
0
0
0
0
0
0
0
0
0
0
4763
13396
0
0
0
0
0
0
0
0
0
0
0
8182
0
0
0
0
0
0
0
0
0
0
0
0
7361
0
0
0
0
0
0
0
0
0
0
0
0
0
0
0
0
0
2417
7750
0
0
0
0
0
0
0
0
0
4066
0
6881
614
0
0
0
0
0
0
2161
0
0
0
0
0
0
0
0
0
0
0
0
6376
1676
0
0
0
0
0
0
0
0
0
0
0
4853
0
0
0
0
0
0
0
0
0
0
0
0
0
0
0
0
0
839
0
3557
0
0
0
0
0
0
0
0
0
0
0
0
14003
1463
0
0
0
0
0
0
0
0
0
0
0
3824
0
0
0
0
0
619
4304
749
700
962
0
0
0
0
0
0
0
0
1093
0
0
0
0
0
0
0
0
0
0
0
0
1323
0
0
12444
14608
0
0
0
0
0
0
0
0
1109
178
0
4566
12045
0
0
0
0
0
0
0
0
290
0
0
0
0
0
0
0
8521
33683
6237
0
0
0
0
0
0
0
0
0
0
0
0
0
0
0
0
0
0
0
0
0
0
0
0
0
0
0
0
0
0
0
0
3848
22427
0
0
0
0
0
3119
0
0
0
90
16360
11696
21316
16605
0
0
0
0
0
0
0
0
0
0
0
0
0
0
0
0
0
4117
0
0
0
0
0
0
0
0
1742
495
9044
10111
4242
0
0
0
0
0
0
0
5903
12944
7297
32722
21293
1960
0
0
3705
6964
5798
0
0
0
14978
20236
16879
0
6519
3502
0
0
0
0
0
0
0
0
0
0
0
0
0
0
0
0
0
0
0
0
157
760
8810
19966
31400
0
0
0
0
0
0
0
0
2784
2653
6712
21329
25700
0
0
0
0
0
1404
0
0
0
0
0
0
0
0
11779
3426
0
5237
6224
0
0
2125
0
0
0
0
0
14830
3881
5343
12567
4383
0
7704
10132
0
0
0
4964
7104
5567
0
2074
12116
0
0
4666
10811
3882
0
0
912
10913
4036
0
0
0
0
0
0
0
8911
9456
6287
0
0
8184
0
0
0
0
11077
0
0
0
4879
5801
1886
0
10299
3530
5893
9191
0
3691
0
0
0
0
0
0
0
1286
0
19107
22177
0
0
0
0
0
0
0
0
0
0
0
0
0
4465
4031
0
0
0
0
0
0
0
7040
3690
0
0
1534
6340
0
0
0
0
0
0
0
0
0
0
0
0
0
0
0
0
0
0
0
0
0
0
0
0
0
0
0
0
0
0
0
0
0
0
0
0
0
0
0
0
0
0
10039
13355
0
0
0
0
0
0
0
0
0
1393
0
0
0
0
0
0
0
0
0
0
0
0
0
0
8333
24906
6340
0
0
0
0
0
0
0
0
0
0
9896
11417
6108
0
0
0
9456
11926
0
0
1272
8236
0
0
0
0
0
0
0
0
0
0
0
0
27625
13356
0
0
0
0
0
0
0
0
15706
0
0
4918
19516
8856
0
0
0
863
2858
7004
0
0
0
0
0
0
18630
0
0
0
0
4721
23805
0
0
0
0
0
0
182
0
0
165
0
0
3813
677
0
0
0
0
0
0
0
0
4286
0
0
0
7602
9720
0
0
0
0
0
0
0
0
0
0
0
0
0
0
0
0
0
0
0
0
0
0
0
0
0
0
0
0
0
0
0
11943
7584
0
0
0
0
0
0
0
0
0
0
0
23068
22984
0
0
0
5052
2020
0
0
0
0
0
0
7828
12580
0
0
0
9006
0
0
0
0
0
0
0
0
0
0
203
1373
5711
0
0
0
1463
0
0
0
0
0
0
3185
538
0
0
0
0
0
0
0
0
0
20
0
301
0
0
724
0
0
648
0
0
0
0
13455
0
805
0
0
0
8528
11238
0
0
0
0
0
5319
0
4428
0
0
0
0
0
0
0
0
0
1020
15380
0
7751
0
297
0
0
0
0
8812
0
0
5264
517
0
10435
2842
14503
17512
0
0
0
0
0
0
0
0
0
19759
5713
2902
14072
8670
0
0
0
0
0
11387
9795
4460
4581
1302
0
0
0
0
0
0
0
0
8658
0
12441
10174
0
0
0
0
0
0
0
0
0
8957
0
0
10346
0
0
0
0
0
0
0
0
0
9062
16437
0
7989
0
0
8732
0
0
0
0
0
0
8482
23326
0
4275
0
0
17018
0
0
0
0
3355
0
5324
25688
0
0
0
0
8222
0
0
0
5854
5192
0
0
427
0
0
0
0
0
0
0
0
18199
25124
1995
0
0
0
0
0
0
3573
6243
0
0
0
3623
5756
3411
0
0
0
0
17748
8216
0
0
0
0
0
10815
0
0
0
0
0
26935
8190
0
0
0
0
0
9191
0
0
0
0
0
0
8620
0
0
0
0
0
1933
0
0
0
0
0
0
15843
10787
0
0
0
0
8596
0
0
0
2799
0
4268
4080
267
0
0
108
0
0
0
0
0
0
870
0
0
0
0
0
0
0
0
12818
24716
0
0
772
0
0
0
0
0
5007
6745
3813
8667
0
0
0
0
0
0
0
0
0
0
0
0
2552
0
0
0
0
0
0
0
0
0
0
0
0
0
0
0
0
0
0
6818
0
0
0
0
0
0
0
0
0
0
0
0
2561
1519
0
0
0
0
5626
0
0
0
0
0
0
0
0
0
0
0
10264
21284
9361
0
0
0
0
0
0
0
3985
0
0
1254
0
0
0
0
0
0
0
341
0
0
0
0
0
0
0
0
0
0
0
0
0
0
0
0
0
0
0
0
0
0
0
0
0
10181
5612
13763
9541
0
0
0
0
0
0
0
0
0
0
0
0
0
0
0
0
0
0
0
0
0
0
0
9455
0
0
0
0
0
0
0
0
0
0
0
0
0
0
0
0
0
0
0
0
0
0
0
1501
9639
9604
4561
0
0
0
1185
0
0
0
0
0
0
0
0
0
0
0
0
0
0
0
0
0
0
0
0
0
0
8869
0
0
0
0
0
0
0
0
0
0
0
0
4742
0
6093
11954
0
0
0
0
0
0
0
0
0
1313
22713
0
0
0
0
0
0
0
0
0
0
0
0
4580
11950
0
0
0
0
0
0
0
0
0
0
0
0
0
0
0
0
0
0
3186
2577
6992
0
0
0
0
0
0
0
0
0
0
17613
0
3683
0
0
0
0
0
0
0
0
0
3479
5711
0
0
0
0
0
0
0
0
0
0
0
4158
0
0
4067
11842
0
0
0
0
0
0
1997
0
0
8729
10832
344
0
13894
2695
0
0
0
0
1866
0
0
0
0
695
0
0
0
0
0
0
0
0
22113
0
353
9715
3048
0
0
0
0
0
0
0
0
22298
0
6415
10310
0
0
0
0
0
0
0
0
0
25563
0
10136
0
0
0
0
0
0
0
0
0
0
20124
0
4731
0
0
0
0
0
3852
0
0
0
0
13958
0
0
0
0
0
0
0
0
0
0
0
0
13367
0
1625
0
0
0
4349
0
0
0
0
0
0
13975
590
0
0
3634
0
6571
4753
0
0
0
0
3620
11256
1604
53
0
0
0
0
0
0
0
0
0
489
8965
2551
0
0
0
0
0
0
0
4051
0
0
0
4507
3533
0
0
0
0
0
0
0
0
0
0
0
1083
0
3494
0
0
0
3689
0
0
0
1302
0
6072
7602
0
2047
11033
534
0
3470
2088
0
0
0
0
3217
9944
0
0
1623
4632
837
4591
3294
1196
964
0
0
0
0
0
0
1109
14612
663
0
0
0
236
0
0
10521
0
0
0
0
0
0
0
0
0
0
0
0
15025
0
7967
0
0
0
0
0
0
0
0
776
0
13605
0
5949
0
0
0
0
0
0
0
0
0
0
6644
0
0
0
0
0
16042
0
0
0
0
0
0
0
0
0
0
0
0
15038
2831
0
0
10485
0
0
0
0
0
0
0
0
2787
0
0
0
0
0
15084
0
0
0
0
0
0
0
0
0
0
0
0
17872
0
0
0
0
0
0
0
0
0
0
0
0
0
0
0
0
0
0
0
0
0
0
0
0
0
0
0
0
0
0
0
0
0
0
0
9670
0
0
0
0
0
0
0
0
0
0
0
3354
0
0
0
0
0
0
3280
5085
1094
0
0
0
0
1366
3586
4096
7555
0
3761
3123
484
0
0
0
0
0
0
0
0
0
0
0
181
0
2279
11678
7478
845
0
0
0
0
0
0
0
0
0
165
1371
0
0
0
0
0
0
2624
0
0
0
0
0
0
0
0
0
0
0
0
0
0
0
0
0
0
0
2197
0
0
0
1928
0
0
0
0
0
0
0
0
6494
4231
0
12978
8767
0
0
0
1919
0
0
0
0
5250
1325
0
4193
0
5598
0
0
0
0
0
0
0
0
0
0
0
0
637
0
0
0
0
0
2738
0
0
0
0
0
0
0
0
0
0
0
0
0
0
12778
13293
0
0
0
0
0
0
0
0
0
0
0
4234
0
0
0
0
0
0
0
0
0
0
0
0
0
0
0
0
0
0
0
0
0
0
0
3211
0
0
0
0
0
0
5818
10892
0
0
0
0
0
0
0
0
0
1640
2925
11475
39887
0
0
0
0
0
0
0
0
0
0
0
0
31581
13841
0
0
0
0
0
0
0
0
0
0
0
217
10466
0
0
0
0
1368
1278
0
0
0
0
0
0
9090
0
0
0
1021
7898
1726
5250
9628
1695
0
0
13275
0
0
0
0
0
0
1201
0
0
8788
6418
10211
0
0
0
0
0
0
0
0
0
0
0
6316
27004
0
0
0
0
0
0
0
0
0
0
0
5346
22137
850
0
0
0
0
42
0
0
0
0
0
0
0
0
0
0
0
0
0
17119
7020
0
7127
0
0
0
0
0
0
0
0
0
0
2173
0
0
0
0
0
0
0
4867
3159
0
0
0
4139
915
0
0
0
0
3681
0
0
0
0
0
0
0
0
0
0
0
0
776
0
0
0
0
0
0
0
0
0
0
0
0
0
0
0
0
0
0
0
0
0
0
0
0
0
0
0
0
0
0
4733
0
0
0
0
0
0
0
0
0
0
0
6545
0
0
0
6598
3143
0
0
0
0
0
0
0
0
0
0
2121
2495
0
8387
10139
0
0
0
0
0
0
0
0
0
0
0
3023
0
0
0
0
0
0
0
0
0
0
0
0
0
0
0
0
0
0
0
0
0
0
0
0
0
0
0
0
0
0
2861
0
0
0
0
0
0
2963
0
0
0
0
0
379
0
0
0
0
12148
0
0
0
0
0
0
0
0
682
0
0
0
0
0
1768
5906
10158
0
0
0
0
0
0
0
0
0
0
11579
2791
0
0
0
0
0
0
0
0
0
0
0
0
0
0
0
0
0
8273
0
0
0
0
0
0
0
0
0
0
0
0
1563
0
0
0
0
0
0
0
0
0
0
0
0
1063
0
0
0
0
0
0
0
0
0
0
0
0
0
0
0
0
0
0
0
0
0
0
0
0
0
0
0
0
0
0
4601
2662
0
0
0
0
0
0
0
0
0
0
0
0
0
0
0
7350
18372
7965
0
0
0
0
0
0
0
0
0
0
0
0
0
0
0
0
0
0
0
0
0
0
0
0
0
0
0
0
0
0
0
0
0
0
0
0
0
0
4104
0
0
0
0
0
9984
0
3531
3253
0
0
0
0
0
0
0
0
0
0
0
0
0
0
0
0
0
0
0
0
0
0
0
0
0
0
1127
0
0
0
0
0
0
0
0
0
0
0
0
0
0
0
0
0
0
0
0
0
0
0
0
0
0
0
0
0
0
0
0
0
0
0
0
0
0
0
0
0
0
0
0
0
0
0
0
2002
4181
0
0
0
0
0
0
0
0
0
0
0
0
0
0
0
0
0
0
0
0
0
0
0
0
0
0
0
3275
0
2176
9139
0
0
0
0
0
0
0
0
0
0
0
0
0
0
0
0
0
0
0
0
0
0
0
0
0
0
0
0
0
0
0
0
0
0
0
0
0
0
0
0
0
0
0
0
0
5585
0
0
0
0
0
0
0
0
0
0
0
0
9905
1943
0
0
0
0
0
0
0
0
0
0
0
0
0
0
0
0
0
0
0
0
3809
2201
7339
3365
1352
3069
3437
4275
7837
6617
14749
6524
0
0
0
0
0
0
0
0
0
0
0
0
0
0
0
0
0
0
0
0
0
0
0
0
0
645
0
0
0
0
0
0
0
0
0
6254
6383
4995
26146
2083
0
0
1161
0
0
0
0
0
0
0
0
247
0
0
23909
22278
0
0
0
0
0
0
0
0
0
660
7657
21747
11899
848
0
0
0
10769
0
0
3965
20689
16922
2537
9538
5401
7863
288
0
0
22341
17107
0
0
7596
8976
0
5368
0
0
0
0
0
0
11745
12483
7163
15850
360
0
3485
0
0
0
0
0
0
0
0
6637
26862
10792
0
11960
7040
12367
0
0
0
0
0
0
0
11137
2918
0
3882
5482
9596
0
0
0
0
0
0
0
5461
293
0
0
0
0
0
0
0
0
0
0
0
0
0
0
6527
1266
0
0
0
0
0
0
0
0
1481
0
0
1795
6940
11441
13401
16876
19147
17777
14532
8001
0
0
0
0
0
0
0
0
142
856
6044
6936
1642
0
0
0
0
0
0
0
0
0
0
0
0
0
64
0
0
0
0
0
0
0
0
0
0
0
0
2682
0
0
0
0
0
0
0
0
0
0
0
0
0
0
0
0
0
0
0
0
0
0
0
0
0
0
0
0
0
0
1872
8184
4097
0
0
4886
2726
0
0
0
0
0
0
0
3088
18
0
0
3304
16478
0
0
0
0
0
0
0
0
0
0
0
0
0
0
0
0
0
0
0
1011
0
0
0
0
0
0
0
0
0
0
0
0
3897
767
0
0
0
0
0
0
0
0
0
0
0
1557
13605
12673
5214
0
0
0
0
0
0
0
0
0
0
0
1776
297
0
0
0
0
0
0
0
1658
6688
9188
5908
5225
6609
8735
8417
8743
7696
0
0
0
0
920
0
0
0
0
2086
3941
5729
3715
0
0
0
0
0
0
0
0
0
0
0
0
0
0
0
0
0
0
0
0
0
0
0
0
0
0
0
0
0
0
0
0
306
1591
0
0
0
0
0
0
0
0
0
0
0
0
0
0
0
0
0
11557
0
0
0
0
0
0
0
0
0
0
0
6930
13869
0
0
0
0
0
0
0
0
0
0
0
5431
0
0
0
0
0
0
0
0
0
0
0
0
667
0
0
0
0
0
0
0
0
0
5063
0
0
0
0
0
0
0
0
0
0
2557
0
0
0
0
0
0
0
0
0
0
0
0
0
0
0
0
0
0
0
0
0
0
0
0
0
411
2076
0
0
0
0
0
0
0
0
