0
1003
3920
5004
5202
6426
6287
4942
3788
2518
403
1862
0
0
0
1589
2435
87
1808
2223
3061
3902
3576
0
531
0
0
0
0
0
0
0
0
0
0
0
0
0
0
0
0
0
0
0
0
2
579
0
0
0
0
0
0
0
0
0
511
0
0
0
0
0
1033
0
0
0
0
0
0
95
0
0
711
247
0
0
529
0
0
0
1080
2518
1032
0
0
0
0
0
175
0
0
0
0
0
0
0
0
0
0
2420
879
492
0
0
0
0
0
0
0
0
0
685
2934
0
706
0
0
0
0
0
0
0
0
0
0
0
0
0
0
0
0
0
0
0
0
0
0
0
0
0
0
0
34
0
0
0
0
337
1593
454
695
0
0
0
0
857
0
0
0
0
0
333
0
0
0
0
0
0
0
673
212
264
0
0
0
0
348
0
553
1346
1398
3858
1802
98
1335
0
0
0
0
926
658
1998
0
355
1505
1841
1057
1469
177
0
0
0
265
773
1589
1110
1781
1424
82
647
0
0
0
0
1845
1135
2044
2012
516
93
1154
575
1379
0
0
0
0
0
1710
1961
2355
723
1124
1081
2305
1911
714
994
0
0
550
2758
0
0
0
0
4809
1654
2577
984
0
0
0
2716
2614
798
0
128
2450
3677
493
2288
4147
2273
0
0
1252
1923
0
1126
0
1224
1081
1131
3803
5039
2967
0
0
0
910
591
3187
0
930
336
1383
4343
2621
489
0
0
0
705
1731
2540
0
756
38
798
1810
514
1239
0
0
0
586
0
0
0
0
394
2070
2874
1202
1548
0
0
0
0
0
0
0
0
0
0
0
0
0
0
0
0
0
0
0
0
0
218
262
760
1697
1298
906
749
902
1167
1577
1298
381
0
0
564
1885
580
1336
1342
1880
1613
1224
1697
1526
1453
0
0
889
405
0
0
0
0
0
198
1147
1085
0
0
0
649
190
0
0
0
0
0
0
0
0
0
468
0
381
131
0
13
0
15
0
0
0
0
0
0
0
182
0
0
0
675
1716
256
234
0
674
0
0
0
135
530
524
102
763
573
151
0
216
1476
218
2
0
0
326
319
55
0
0
0
0
0
19
433
0
0
11
522
0
0
0
0
0
0
300
0
382
0
0
269
493
0
0
715
289
453
0
0
0
0
0
0
371
0
0
185
72
0
397
0
292
0
0
0
0
0
0
0
0
0
0
0
438
132
0
0
0
0
857
0
124
0
0
0
0
0
0
0
385
111
0
453
1129
3231
3398
3591
3445
3849
3922
2914
2696
1544
1304
0
1198
0
1528
3420
3586
3968
4181
3021
2810
3945
0
0
0
1103
0
0
0
0
0
229
973
2799
2567
0
0
294
0
0
0
0
0
0
1127
1458
2594
1095
0
0
123
0
0
0
0
0
0
183
2011
0
0
0
0
0
0
0
0
0
0
0
0
1318
831
0
0
0
0
0
1771
1830
424
1169
0
531
0
0
0
0
0
0
0
2506
2976
1298
0
0
0
0
0
0
0
0
0
0
3922
1387
0
0
0
0
903
1496
0
226
1378
0
0
2766
0
0
982
0
168
60
0
0
0
0
0
150
51
0
0
0
0
0
0
427
0
0
0
0
1225
1171
0
0
0
0
0
771
1644
0
0
0
0
0
643
817
0
0
0
0
0
0
0
0
0
0
1063
429
0
0
0
0
0
0
0
0
865
627
304
1973
0
0
0
1221
584
0
0
0
46
0
0
0
2890
0
0
457
309
239
0
384
2103
2727
3310
3376
1059
854
0
412
0
0
0
0
1265
3196
2112
5090
6056
1672
0
0
0
0
0
0
0
0
0
0
941
0
81
0
0
0
0
0
0
0
0
0
0
0
0
0
0
1502
2663
3259
1701
3337
5640
3998
0
0
0
0
0
912
4588
5934
4426
2753
3857
2900
2952
0
0
0
2412
745
1947
6789
3504
0
0
0
0
1492
1652
170
849
1662
1465
1066
5349
0
0
0
0
0
0
0
3896
4363
2489
1313
2022
1794
249
130
0
0
0
0
1490
0
0
0
4
2534
1939
2275
2768
0
0
0
2405
1302
0
0
0
0
0
0
0
0
0
0
0
0
0
0
0
0
0
0
0
0
0
0
0
0
0
0
0
0
0
391
0
0
0
0
0
0
0
0
0
0
1375
374
780
0
0
0
0
0
0
77
182
0
155
563
0
696
0
0
425
991
0
0
0
0
0
0
0
0
717
0
739
627
507
0
296
0
0
0
0
0
0
907
179
1132
511
0
0
0
352
203
531
1070
0
0
1809
417
530
16
0
0
0
0
0
0
185
0
0
1762
26
0
0
0
0
0
0
77
0
166
0
0
1256
7
0
0
188
1102
734
191
0
0
0
0
0
816
189
0
0
311
438
404
489
0
0
0
0
0
725
182
239
482
376
0
0
0
0
913
422
49
0
770
0
0
0
0
0
0
0
0
38
0
0
0
792
984
7
170
394
0
0
0
0
0
0
306
152
954
0
91
651
710
807
863
986
974
503
585
70
108
0
1
0
128
520
229
272
171
352
482
889
0
0
0
0
0
0
0
0
0
0
0
0
0
0
0
0
0
0
0
0
555
594
206
0
0
0
0
0
0
0
0
0
0
142
0
71
192
0
0
69
0
0
0
0
0
0
0
0
348
399
0
4
39
0
0
0
0
0
0
0
0
0
0
0
108
0
0
0
0
0
192
0
0
0
120
0
0
0
0
0
0
0
0
0
0
0
0
0
0
0
0
0
0
0
0
0
0
0
0
280
132
265
0
0
0
0
0
0
0
0
144
83
171
817
0
0
0
0
0
0
0
0
0
0
125
566
0
66
0
0
0
0
0
0
0
0
0
0
277
18
0
0
0
0
0
0
0
0
0
0
0
0
0
0
0
0
0
1161
0
0
0
0
0
0
0
0
0
0
0
0
0
0
0
0
0
220
839
0
0
0
0
0
0
0
0
0
0
0
2271
1547
0
1453
2470
846
0
2097
0
0
0
0
0
0
722
0
0
0
0
0
0
0
0
0
0
890
0
0
0
0
0
0
70
0
389
0
0
0
0
707
0
0
0
0
0
0
1645
0
0
0
0
0
0
356
1252
0
109
0
0
0
0
0
0
0
0
61
1690
3431
0
923
2082
0
0
0
0
0
0
0
0
0
0
0
0
0
0
0
0
0
0
0
0
0
0
0
0
0
0
0
0
0
2086
0
0
0
0
553
1217
1819
0
0
2256
3427
1686
4165
0
0
0
0
0
0
0
0
0
0
0
0
72
0
0
0
0
0
0
0
0
0
0
0
0
0
0
48
0
484
0
391
0
0
807
128
0
3427
0
0
0
0
0
0
0
0
0
0
0
0
321
0
0
0
0
0
0
303
0
0
0
0
0
0
0
0
0
0
901
550
2163
1382
355
0
0
1156
1
0
0
0
0
39
918
0
101
1269
3303
0
330
2649
0
0
0
0
0
0
0
0
0
0
0
658
0
0
0
0
0
0
0
0
0
0
1050
0
1471
0
0
0
0
0
0
0
673
1554
0
0
0
447
0
133
0
0
0
1557
0
889
1541
0
0
0
0
0
0
125
0
40
0
0
0
0
523
2376
0
0
0
0
108
0
0
0
0
472
0
2835
1887
0
0
0
578
72
1037
733
0
0
0
0
0
0
0
0
0
686
148
590
47
0
0
0
0
0
0
574
420
0
529
799
895
0
0
0
0
0
91
246
1213
0
0
513
1041
0
389
0
0
166
774
1333
783
0
0
0
444
0
35
362
605
659
0
220
593
563
0
0
308
570
141
1240
549
0
0
52
29
0
0
0
0
0
440
1497
2694
1198
0
0
798
1750
1271
0
567
237
0
2341
1149
1456
0
0
0
0
529
0
0
0
0
620
1318
815
392
0
0
0
0
0
0
0
308
0
0
377
1206
502
979
11
78
0
0
299
638
0
0
1391
146
1400
1399
0
0
715
116
240
644
179
0
0
0
0
291
821
0
0
0
0
500
0
0
383
0
504
614
748
346
0
0
0
0
0
0
50
42
0
0
1067
0
0
0
0
0
0
0
0
0
0
0
0
0
0
171
0
0
0
96
73
0
0
0
0
0
2820
0
0
0
0
281
59
0
0
0
0
0
0
0
0
0
235
0
1293
2024
1935
1790
988
0
0
0
0
0
0
0
0
1888
335
0
216
642
1884
362
0
0
0
0
0
0
325
0
0
0
0
0
0
0
0
0
0
0
0
0
7
1085
0
0
1431
2571
0
0
0
18
0
0
0
1208
681
0
0
1192
0
0
0
0
0
0
35
1860
952
877
0
0
0
0
0
0
0
0
0
0
0
0
0
0
0
671
0
0
0
0
0
0
0
0
0
0
1202
0
0
741
0
0
0
0
0
389
2492
3155
3687
0
0
136
0
0
0
0
0
0
0
1684
1702
625
386
0
1692
0
0
0
0
0
0
0
1532
1397
1538
2452
578
0
178
0
0
299
167
272
130
0
0
70
412
178
525
2764
2842
477
1248
0
0
0
0
0
0
0
0
0
188
994
0
2356
2464
0
83
0
0
0
0
0
0
0
1592
0
983
0
0
0
0
0
1207
522
149
679
163
1156
0
237
0
0
351
0
0
0
683
1059
1935
1491
1631
0
374
0
0
115
0
0
0
1726
0
0
0
0
0
590
0
0
0
0
0
476
2465
2282
0
316
1687
0
927
662
1924
736
0
0
409
999
15
0
716
0
0
1229
1088
3585
2149
0
0
0
2260
545
265
175
0
0
827
465
3131
1514
0
0
0
1140
0
1625
0
0
0
729
227
0
0
0
0
0
688
0
0
0
0
174
1322
1912
175
132
0
0
0
0
0
0
0
0
0
0
0
0
0
0
0
0
0
0
0
0
0
0
0
0
0
0
0
0
0
0
0
0
0
0
0
0
766
0
0
0
0
0
0
0
0
444
0
0
0
726
0
0
0
0
29
354
323
0
1349
0
0
0
107
336
372
0
0
0
0
0
0
0
0
0
637
146
455
0
0
1248
0
0
0
0
0
0
0
313
1994
876
72
175
1834
1981
0
0
280
906
0
738
18
58
0
0
0
0
0
399
0
1373
1295
634
146
0
0
0
0
0
0
0
0
408
1178
0
4
0
0
0
0
0
0
682
0
0
0
0
0
0
452
0
0
0
0
938
619
802
127
0
0
221
0
0
0
0
936
934
1306
360
898
1835
0
0
0
0
0
0
0
0
0
0
0
0
503
0
0
622
0
125
0
0
0
0
0
0
0
0
0
0
291
120
340
105
152
2648
1441
2167
1283
1747
3202
3188
3398
1335
0
0
0
0
942
2796
4246
5021
4454
2355
1748
3575
6265
0
0
0
0
0
0
0
0
0
1853
4672
4110
355
0
0
0
0
0
0
0
0
0
0
406
51
0
0
0
0
1085
0
0
0
368
0
0
0
0
0
0
0
0
0
0
0
0
1613
1338
648
2620
2342
0
0
0
94
2547
2087
0
1360
1181
938
0
0
2023
0
0
0
0
1177
2061
1267
0
0
0
0
0
534
0
0
0
0
2487
0
175
0
0
0
533
0
0
0
0
0
0
1532
0
0
5106
2513
3516
0
0
0
0
0
0
711
0
0
2034
1371
0
2793
0
3239
512
0
0
0
420
0
0
0
0
0
0
1872
3793
0
0
0
0
2699
1389
3420
516
0
0
316
0
17
1240
2828
1668
0
314
767
588
331
0
0
0
0
395
445
1306
1242
1843
1153
2136
27
0
0
0
0
0
617
0
0
0
250
2319
3966
1061
0
0
0
0
0
0
0
0
1518
0
1906
1405
0
0
0
0
0
0
0
0
0
1705
0
2139
0
0
85
0
0
0
0
0
0
0
3588
0
1522
0
0
1270
1523
288
0
263
0
0
0
1275
0
1228
0
0
0
0
0
617
3364
4506
367
147
2999
0
1244
465
1257
0
0
0
0
0
2193
148
709
0
0
1810
457
2647
0
0
0
0
0
646
1997
616
0
0
1679
274
3422
656
0
0
0
463
0
639
0
0
0
1276
0
679
558
0
0
0
655
0
0
0
0
0
312
537
0
563
0
0
0
0
0
0
0
0
0
0
0
0
0
0
0
0
0
0
0
0
0
0
0
0
0
0
0
0
0
0
0
0
0
1891
0
0
0
0
0
5
0
0
0
0
0
0
0
0
0
0
0
351
2253
1640
0
0
0
0
0
0
0
0
0
0
0
0
0
39
0
114
2317
0
0
0
0
0
0
0
92
0
0
0
1717
3202
1352
730
0
0
0
0
0
0
0
0
0
127
0
0
0
0
0
0
0
0
0
0
0
0
88
0
0
0
0
0
0
297
1416
0
1678
2192
1359
0
0
468
0
0
0
0
949
1521
0
0
1805
2485
0
0
0
0
0
0
0
0
238
0
0
0
0
71
193
0
650
0
0
0
0
0
0
0
0
0
0
0
0
9
0
0
0
907
1770
796
0
0
0
0
2052
0
0
0
0
399
877
1204
500
947
267
1249
1485
801
172
0
0
0
774
5261
6579
6916
7971
7865
6523
5083
2879
0
0
0
0
0
3290
6571
4855
6697
6258
5376
6127
7210
1083
1115
0
0
0
0
0
0
0
0
273
2039
2363
0
0
0
0
0
0
0
0
0
0
0
0
0
0
0
0
0
0
0
0
225
0
0
0
0
0
0
0
0
0
0
0
0
439
0
43
778
0
0
0
0
0
0
576
2177
2175
2605
0
0
0
0
878
773
0
0
0
0
0
0
0
0
0
0
258
1013
641
0
0
0
0
0
0
0
0
0
0
0
0
1508
0
0
0
0
0
0
0
0
0
0
0
0
0
0
0
0
0
0
123
0
0
1550
0
0
0
0
0
0
0
0
0
0
610
2405
524
0
0
0
0
0
0
0
0
0
0
0
1671
0
0
0
0
0
0
0
0
0
0
0
0
0
0
0
0
0
0
0
0
0
0
0
0
0
0
0
0
0
0
0
0
151
0
0
0
0
0
0
449
0
0
0
0
0
79
0
0
279
246
619
1758
891
104
0
0
0
530
0
0
70
639
0
76
1941
1693
536
0
0
0
0
0
0
204
0
0
0
135
604
0
835
719
1373
211
0
0
0
0
0
0
285
0
0
0
0
18
0
0
0
0
0
0
4
0
0
0
511
125
0
0
0
0
0
0
0
628
612
574
462
223
0
0
727
319
0
0
0
0
2003
845
1264
1201
0
0
319
0
0
0
0
84
0
1348
1178
336
598
514
1049
465
223
0
0
0
0
0
0
403
0
2287
1398
115
224
89
0
0
332
1019
608
200
0
489
931
1338
2345
2187
1713
280
36
0
0
0
0
0
0
0
0
0
0
0
2136
0
0
0
0
0
0
0
0
0
0
0
0
691
0
801
607
0
0
0
0
90
603
859
1358
696
248
0
381
404
136
0
0
0
0
604
0
696
546
0
542
0
0
0
0
169
0
0
0
0
0
579
0
391
335
0
795
108
0
0
0
0
0
0
0
378
509
464
566
716
0
0
1216
2261
740
0
0
870
440
539
638
1096
376
0
0
478
898
733
391
0
0
25
652
975
1010
0
0
0
0
0
206
2539
125
0
0
695
1112
1128
0
0
0
0
0
0
912
138
0
0
308
628
1290
111
0
0
0
933
0
0
0
0
0
0
0
912
994
0
0
199
142
0
0
0
0
0
0
0
0
0
0
0
0
0
0
0
0
0
0
82
927
633
1137
1512
2873
2165
1047
476
129
695
504
1828
0
0
0
0
0
254
49
0
0
0
0
0
0
0
0
0
1548
3180
1702
1022
0
0
0
0
0
0
0
0
313
1242
2568
0
706
1977
2717
4327
1851
7
0
0
0
0
0
23
0
0
0
0
665
0
0
0
0
0
0
0
0
0
0
0
0
0
1109
0
0
0
0
0
0
689
288
0
0
0
0
0
0
0
0
0
0
646
4574
4088
0
0
0
0
0
0
0
0
0
0
0
0
0
0
0
628
630
0
0
0
0
0
0
0
0
0
0
0
0
0
510
0
0
0
0
0
0
995
2345
718
0
0
0
0
523
0
0
0
381
1888
4870
3343
1240
0
0
4415
1467
0
0
0
0
0
336
1929
3740
4366
5299
2938
2053
0
0
0
0
0
0
0
0
0
0
0
0
0
0
0
0
0
0
0
0
0
0
0
0
0
0
0
0
0
0
0
0
0
170
0
0
0
0
0
0
0
0
0
0
205
2969
2638
463
121
0
1065
1170
511
0
0
0
0
287
0
0
0
0
0
0
0
0
0
0
0
0
479
0
0
0
0
0
0
1849
785
0
0
0
0
0
0
0
0
0
0
0
0
0
0
0
0
0
0
0
1215
236
0
980
0
0
0
0
0
0
397
0
0
3189
2028
0
0
0
0
0
0
0
0
409
0
0
1605
632
628
133
0
0
0
0
0
0
0
500
0
791
893
559
0
0
0
0
0
272
0
0
899
713
359
207
663
263
0
2220
2045
0
1292
510
0
0
1030
1692
0
60
157
454
723
0
229
0
205
455
0
76
120
54
0
0
0
0
723
1368
0
706
108
0
34
67
0
0
0
0
0
0
0
0
1210
434
93
20
199
0
0
0
0
0
0
0
0
896
194
0
0
0
0
0
0
0
669
888
1207
0
304
0
0
0
0
0
0
0
0
0
0
827
0
0
0
0
0
12
7
0
416
655
0
0
453
0
0
0
0
0
55
1667
166
0
242
249
548
0
0
0
0
0
207
0
1492
0
0
277
67
0
0
0
0
0
1036
921
0
0
0
1460
507
0
0
0
0
0
0
135
0
0
0
0
362
0
286
812
0
0
0
0
0
0
0
0
123
0
0
0
0
0
0
48
97
0
0
0
0
6
1697
1308
2067
0
0
0
0
0
0
0
0
0
567
2031
858
0
123
0
0
0
0
0
0
0
0
0
0
0
0
0
921
3381
0
0
1217
0
0
0
0
95
0
1509
0
0
1040
0
0
1786
1334
2109
2219
1334
2201
1302
655
0
0
827
0
34
44
0
0
521
3592
3061
2848
350
0
0
720
0
2362
859
0
0
0
105
2079
2434
2395
144
338
347
1766
3685
1634
0
0
0
849
657
0
0
611
0
3791
1301
2456
359
0
0
0
996
0
0
0
0
0
3274
0
959
378
0
0
1951
1246
0
0
234
0
165
951
239
663
711
1426
0
0
0
2183
0
1018
0
1946
0
714
2915
0
0
699
0
0
0
1968
0
0
2467
659
0
1772
0
0
591
0
107
0
0
212
0
4935
1765
1206
2169
0
0
142
0
882
0
0
291
0
3191
1564
0
751
1060
0
0
1405
862
0
653
0
0
0
281
18
0
0
0
0
0
0
0
0
0
0
2061
2881
0
1378
0
486
2304
680
0
0
0
0
0
0
0
0
3051
1020
383
2068
2030
370
2268
3369
1067
2354
246
0
404
2752
0
0
0
0
0
29
62
2331
1198
0
0
2151
1205
0
0
0
0
0
0
735
728
0
2327
473
1368
0
73
1192
794
2722
0
0
0
0
0
412
48
1288
956
0
0
0
6042
2099
200
1425
79
0
1690
0
340
0
99
2097
349
1880
1210
0
0
0
0
747
0
0
0
920
0
0
0
0
1202
0
1564
0
0
0
0
0
0
597
0
0
0
0
614
0
1187
1172
0
0
106
0
1370
804
0
0
0
0
0
0
924
0
0
0
1450
3656
988
0
8
0
386
2106
0
0
0
0
526
1272
0
189
1474
2584
2801
2286
944
1644
248
0
0
0
0
0
0
0
0
0
0
0
0
0
0
0
0
0
0
0
0
0
0
0
0
0
0
0
0
0
0
0
0
2627
3699
1460
871
713
0
0
0
0
0
961
0
678
2480
0
0
0
0
0
157
0
0
0
567
0
0
3936
627
0
0
0
0
0
0
0
438
0
194
0
0
1352
0
0
636
2101
0
0
0
0
0
0
0
507
0
505
0
0
0
0
0
1377
0
0
0
0
0
2620
0
123
16
0
1463
0
200
0
0
0
0
0
0
0
0
454
330
278
0
0
0
0
0
0
522
711
1626
0
0
1202
353
0
0
0
0
0
1923
1920
1266
4198
3056
1312
0
327
0
0
0
0
0
0
0
0
3330
616
0
0
0
0
0
0
0
0
0
0
0
0
0
0
0
0
0
0
277
2061
2717
2891
3363
3332
2702
1920
970
0
567
0
0
0
1753
3353
2086
2615
2432
2304
2558
2917
114
600
0
0
0
0
124
0
0
0
0
518
767
0
0
0
0
0
0
0
0
212
266
0
0
0
0
0
0
0
339
0
384
312
0
0
1173
14
658
0
0
0
0
0
0
0
0
0
0
901
712
0
0
280
0
0
364
765
390
886
0
0
0
0
0
0
0
0
0
0
0
0
0
0
0
0
0
0
227
0
0
0
0
0
0
0
447
0
0
0
0
353
0
0
0
0
0
0
0
0
0
0
287
0
0
0
0
8
0
0
0
0
0
0
0
0
0
0
0
0
0
0
0
0
214
1022
0
0
0
0
0
383
0
0
830
1168
32
0
1819
524
0
244
0
0
0
0
13
618
0
294
9
374
183
0
0
0
2916
5276
403
149
0
0
0
0
0
0
0
0
0
0
0
0
1425
516
0
1079
2852
2474
0
0
0
0
0
0
0
1127
0
0
0
0
0
1183
1817
116
1516
2079
1480
83
0
0
0
0
654
0
0
302
0
0
853
997
0
0
0
0
0
0
0
0
0
329
0
0
0
0
0
0
0
0
0
2125
0
0
545
0
0
0
0
0
0
0
402
1959
5388
1265
0
0
0
379
36
0
0
0
123
462
0
0
0
5027
1098
0
0
0
0
0
0
397
988
0
0
0
1443
0
0
1233
67
741
0
0
0
0
0
0
0
0
0
187
149
0
0
701
1155
0
0
247
0
0
315
292
0
0
0
0
0
474
0
0
0
0
225
1468
0
0
0
0
0
0
0
0
0
0
0
0
17
0
190
2011
2939
1342
0
0
0
788
740
0
0
0
0
0
2131
2342
0
0
1754
25
533
2139
1341
0
0
0
0
177
1386
0
579
955
0
0
359
0
509
59
0
0
0
0
0
159
0
0
2077
822
0
131
1531
0
79
854
2361
0
0
0
0
544
570
0
0
0
0
384
0
0
0
0
0
0
0
207
1885
0
0
2223
531
0
711
0
0
0
0
0
0
3546
1938
0
0
0
2108
576
0
0
0
0
0
0
766
707
1463
0
152
776
0
0
0
0
1438
2765
0
141
0
425
305
0
0
600
0
205
0
0
0
0
0
0
1483
244
0
0
0
0
579
676
0
0
0
0
0
0
0
0
0
0
0
1152
779
0
0
286
0
0
0
0
0
0
0
0
0
0
0
0
0
0
0
0
0
0
0
0
0
0
0
0
0
0
0
0
0
0
0
0
0
0
0
0
0
0
218
958
989
0
0
0
0
0
0
0
0
587
2027
1760
2177
668
157
105
97
0
0
0
0
0
802
187
110
965
1083
0
1280
491
471
0
0
0
0
292
0
0
0
0
0
0
1087
1605
0
0
0
0
0
0
0
0
0
0
0
0
0
0
0
0
0
0
0
528
0
279
941
0
0
0
0
0
0
0
0
0
2556
1873
556
0
0
0
0
0
0
0
0
0
0
2558
379
425
152
0
0
0
0
0
0
61
405
0
1407
1274
0
0
0
154
64
2407
0
0
0
1454
1156
1244
1366
455
0
103
1505
1454
1376
0
256
0
471
2026
2539
1181
1037
1139
2366
2836
1316
1816
0
0
0
0
0
0
0
0
0
0
0
0
0
802
0
66
0
0
0
0
0
0
0
0
3056
0
804
0
0
168
0
0
0
0
363
0
131
1184
0
632
0
0
1094
3815
353
0
0
0
0
0
0
0
720
0
1347
1668
1006
0
813
393
0
0
0
0
0
922
585
2719
2000
0
0
0
667
73
266
3048
0
0
2423
903
1010
377
0
0
0
0
0
0
1741
431
0
2068
0
0
0
0
0
0
0
0
0
519
0
0
1336
166
0
0
142
4300
4519
0
0
0
0
0
1138
919
930
1241
0
0
3284
1335
1128
0
480
0
0
0
635
508
511
1306
1361
48
0
370
0
493
605
735
0
1036
424
0
273
0
0
0
0
0
0
0
1090
797
1404
2078
0
297
787
196
0
0
0
0
0
2432
1660
1781
0
702
3128
4063
4074
5223
4799
3773
3341
2179
0
235
0
0
0
967
2192
580
1598
1931
2082
3267
3183
0
76
231
0
0
0
0
0
0
0
0
0
308
0
0
0
0
0
0
0
0
0
0
0
0
0
0
0
0
0
0
0
0
55
0
0
0
0
0
114
0
0
0
199
0
30
598
181
103
0
773
0
0
0
332
0
0
1068
2254
1684
0
0
0
0
0
0
0
24
0
0
0
0
0
0
0
0
3186
1909
408
0
46
0
0
0
0
0
0
0
0
2309
538
1554
0
34
0
0
0
0
0
0
161
0
0
0
0
0
0
0
0
0
0
0
0
0
0
0
0
0
0
143
0
0
0
0
0
181
506
927
0
0
0
0
721
0
0
0
0
0
0
259
0
109
0
0
0
0
0
0
0
0
0
0
0
0
0
0
0
0
2163
0
0
0
0
0
0
0
0
0
0
0
0
0
0
0
0
0
0
2106
2433
202
0
0
360
0
0
0
0
3235
6914
4993
2389
0
56
1084
615
3478
0
0
0
0
2129
0
326
1521
0
0
0
0
0
0
0
0
0
1084
0
0
0
88
0
0
3786
3477
0
0
0
0
0
0
0
0
0
131
0
0
0
0
0
0
0
0
0
2211
0
2186
3695
0
0
0
0
0
0
0
0
0
6248
3641
0
0
0
897
0
0
22
0
0
0
0
671
1282
969
1392
0
948
0
0
1412
0
924
2182
0
2924
3024
2388
229
0
600
0
2017
2589
0
0
2241
754
0
0
1299
872
0
2660
4309
857
3021
1167
0
0
1661
2349
0
0
0
0
0
438
305
775
0
0
0
0
0
0
0
0
0
0
0
0
0
44
0
0
0
0
0
0
0
0
0
480
1624
279
0
0
0
0
0
0
614
440
398
0
0
677
524
0
0
135
0
0
593
0
0
0
0
0
0
0
0
1059
1564
0
0
4248
2636
0
0
0
0
0
0
16
3730
0
0
300
1996
3235
1091
3117
296
1799
1008
903
0
231
0
0
0
154
0
0
0
0
0
0
0
818
0
0
0
0
0
0
0
1846
1399
0
0
0
520
0
0
0
0
0
1181
0
0
0
542
1679
708
504
0
0
238
2227
1476
2974
1593
0
0
404
0
0
369
0
0
0
1477
165
499
2199
2813
1745
0
286
0
35
0
0
0
0
0
0
3574
2604
0
0
0
203
0
15
1126
0
0
0
0
0
0
300
73
455
23
139
0
0
0
0
0
0
0
0
0
803
0
995
0
0
0
0
0
0
0
0
0
0
0
0
261
0
0
0
836
1082
24
0
0
0
0
0
276
601
0
0
690
238
537
298
808
0
239
395
2117
937
1055
0
0
0
0
0
0
356
2353
0
0
0
0
0
0
0
0
0
0
0
0
0
122
0
0
0
0
0
0
0
0
381
1369
0
0
0
0
0
0
0
0
290
5
0
1440
4733
833
0
0
0
0
2028
814
0
495
0
463
0
791
1567
0
0
0
0
914
1292
0
0
0
573
0
378
0
0
704
521
1242
1288
1378
615
0
0
0
0
0
0
1721
1884
0
980
0
0
1117
1016
0
0
27
0
0
352
0
0
501
0
0
599
1571
279
0
0
0
0
0
0
0
0
0
0
0
0
0
0
0
0
0
0
0
0
0
0
0
0
332
901
2555
3767
4632
4323
1748
1177
806
162
244
0
0
34
0
0
0
0
110
1012
1883
0
0
146
0
0
529
0
0
0
0
0
0
0
0
0
0
0
327
0
0
0
0
0
0
0
0
0
0
0
0
0
0
0
0
234
3022
1170
150
0
0
193
23
0
0
0
0
0
0
3493
0
0
0
0
0
0
0
0
0
0
0
0
0
0
0
0
351
0
0
0
0
0
0
0
0
0
0
0
0
0
0
0
0
0
0
0
0
495
439
683
0
0
0
0
0
0
0
0
0
63
678
0
535
0
0
0
0
0
0
0
0
0
0
0
0
872
549
432
1403
0
0
0
0
0
0
0
0
0
0
144
0
0
0
0
0
0
0
123
175
860
1643
1499
1167
78
722
0
0
0
0
0
0
0
0
0
0
0
0
81
0
0
0
0
0
0
0
1823
1475
1320
0
0
0
0
0
0
0
0
464
3910
5601
2101
1156
1733
3056
3450
0
0
0
0
0
0
10
681
374
0
0
0
0
0
0
0
0
0
0
0
0
0
0
0
0
2798
2542
0
0
0
0
0
0
0
0
0
0
0
218
0
0
0
0
0
0
210
3083
1754
780
763
0
0
0
0
0
0
0
0
0
2807
2175
0
0
410
0
0
0
0
0
0
0
0
0
991
561
291
0
0
0
0
0
0
0
0
0
1711
3384
2350
0
0
0
0
0
0
0
0
668
863
3227
3144
958
402
0
4141
1899
0
0
826
0
0
1555
3692
1639
838
1803
1068
764
0
0
0
0
0
483
0
0
0
0
434
1193
2024
2594
0
0
0
132
0
0
0
0
0
0
0
0
8083
3612
0
0
52
0
0
0
0
0
0
0
98
2549
3216
0
487
0
0
0
0
0
0
0
0
0
0
0
0
392
190
0
2647
200
1111
1422
0
0
0
0
1813
1126
60
0
0
844
1136
843
1483
199
1323
2372
0
550
983
74
0
0
0
0
0
0
0
2509
3774
0
167
37
0
0
0
0
0
0
0
0
917
571
2799
0
0
0
0
0
0
589
0
929
0
0
0
1710
0
0
0
0
0
3538
1367
2052
2810
272
0
0
0
0
0
0
0
1045
2655
0
0
1988
431
375
0
0
0
0
0
0
0
0
0
0
0
0
0
0
0
0
0
2867
256
790
305
0
0
0
0
0
0
268
0
0
0
0
0
0
50
0
0
514
0
450
0
0
0
0
0
564
566
1971
3079
3338
1687
775
2855
2145
0
0
0
0
0
0
0
0
944
2045
2663
1656
1317
0
0
0
0
0
0
593
565
0
0
1561
0
0
0
0
0
215
0
0
0
0
0
0
0
0
69
0
0
608
747
458
0
0
582
2078
565
0
616
1929
0
1
567
1545
1155
518
0
0
969
0
0
775
98
252
0
46
36
261
0
0
0
0
0
0
688
0
0
0
325
0
0
0
0
0
0
0
0
0
0
0
0
203
737
0
0
1050
1175
1148
0
0
0
0
0
0
0
528
0
1445
2702
1093
3242
0
0
0
0
592
0
0
0
0
0
0
237
1022
0
0
603
0
0
120
520
0
0
0
683
0
0
0
0
0
0
0
0
199
0
0
0
0
0
0
0
0
0
0
0
6667
0
0
302
0
0
0
0
0
0
0
488
0
1118
0
253
1384
0
45
1389
805
0
134
1445
3612
663
43
0
1239
1086
865
0
0
0
305
716
190
2186
0
0
81
0
0
275
0
306
0
0
0
0
0
940
0
0
0
195
2048
236
0
0
0
0
0
0
0
0
553
248
675
1650
0
0
1518
3312
890
0
0
828
114
486
105
1402
813
468
1987
4502
2216
979
597
0
2077
0
127
111
0
0
0
0
0
0
950
6530
0
0
0
467
348
1613
0
0
0
0
0
1096
1507
119
832
0
573
889
2623
1104
0
129
0
3448
1474
0
0
0
0
0
0
3314
3865
325
0
733
0
0
0
0
0
0
472
0
0
0
1183
0
462
0
0
0
0
0
0
53
577
0
0
0
0
0
7
0
668
1216
1316
0
960
0
0
0
0
0
0
0
0
0
0
0
0
1160
0
0
0
0
0
20
266
0
0
0
0
0
112
0
0
0
0
0
0
0
0
0
0
0
0
0
605
0
0
0
0
0
0
0
0
0
0
294
0
0
0
0
0
0
528
1472
2329
1613
83
0
0
0
278
0
0
0
0
0
0
0
210
0
0
0
0
0
0
0
0
0
0
0
21
0
0
0
0
0
0
0
971
0
0
0
3242
1156
0
0
0
0
0
0
0
548
2228
472
938
2503
0
0
0
0
0
0
0
0
758
0
0
1044
0
0
603
0
0
0
29
259
0
0
0
0
0
2165
3114
0
0
0
356
0
0
415
0
0
0
287
637
12
0
1319
0
0
0
161
0
0
0
0
0
0
0
0
1297
1843
4325
0
779
0
0
0
0
0
0
0
0
0
0
1247
221
1982
1716
0
0
0
0
0
0
0
0
0
159
651
1120
0
0
0
0
1122
814
114
38
0
30
55
1233
0
0
0
0
0
0
183
0
0
0
2644
0
886
0
0
736
196
0
0
10
0
0
0
896
0
688
0
0
0
0
0
0
2140
1446
138
524
2126
212
293
0
0
0
0
0
0
0
0
0
0
0
0
951
0
2240
0
0
0
0
1039
379
2999
0
0
0
1016
0
2654
0
0
0
0
382
191
905
0
0
0
500
0
0
0
0
0
0
273
0
0
0
0
0
95
1134
0
0
53
0
692
0
0
1093
0
0
0
0
0
0
0
0
0
523
32
94
0
0
0
0
445
404
0
0
0
0
0
0
0
0
1452
0
5571
0
0
0
0
0
0
0
0
0
0
0
0
754
0
0
1220
816
501
0
0
0
0
0
0
0
0
0
0
2120
4722
1875
0
1326
2348
3282
3342
4785
0
1039
0
0
0
0
0
0
0
0
0
0
0
0
0
0
0
111
0
0
0
0
0
0
0
149
0
0
0
0
0
0
0
0
0
1352
0
0
0
0
49
0
0
0
0
4192
1715
0
3757
0
0
0
0
441
0
455
240
0
1624
0
0
714
2411
3417
0
0
546
0
599
1332
0
0
0
0
0
0
2313
0
0
1858
0
127
0
0
0
482
0
0
0
0
264
0
3581
0
30
2315
2847
2113
363
1847
0
0
4047
5719
0
5136
0
0
0
0
1560
0
685
39
0
0
0
0
1554
0
0
0
0
0
0
0
0
0
0
136
3257
0
740
0
235
1617
2041
420
0
0
0
228
0
0
0
795
3
0
2110
2974
1265
0
0
0
0
0
0
0
0
0
0
0
0
1536
4900
2189
2507
2520
0
0
0
0
498
0
0
41
0
575
3431
3941
6408
0
671
0
58
0
0
0
0
0
0
2282
0
0
0
1016
0
0
453
0
0
0
0
0
0
0
0
341
31
0
0
392
1353
1915
0
2197
657
0
0
0
0
0
0
0
137
1773
4280
0
0
1154
2307
0
0
0
507
0
0
906
0
356
545
0
0
498
1430
0
0
2575
0
0
0
0
0
0
0
0
0
0
0
0
3602
0
635
2461
0
0
1254
1034
0
0
0
827
0
2778
0
0
1941
3062
0
0
3455
885
951
2315
676
0
0
0
118
648
40
125
0
0
0
18
0
100
1111
0
0
564
0
0
0
0
0
0
0
0
0
0
0
0
1683
586
0
0
0
1448
2425
1569
1247
306
0
0
0
513
0
983
0
0
332
0
0
0
0
0
1427
379
0
0
183
0
30
1265
0
0
0
0
0
0
0
0
0
0
0
0
0
0
0
0
1825
127
0
0
0
48
0
0
0
338
0
0
0
0
0
0
0
1482
924
0
0
369
1017
0
0
0
0
0
1322
0
1062
463
0
0
0
0
0
541
0
0
0
2450
219
136
0
0
0
566
669
718
2535
0
0
893
374
0
0
0
0
0
0
297
245
1025
2368
2282
151
441
0
0
0
0
0
0
0
0
3602
2797
0
0
0
0
697
0
0
68
0
0
0
0
0
0
1186
297
0
0
0
0
154
376
840
628
201
0
0
0
0
0
0
0
406
729
254
53
0
0
0
0
1822
0
0
0
0
139
465
82
0
0
0
0
0
91
0
0
0
0
850
4247
3303
1294
443
412
321
620
61
0
0
0
0
0
1595
712
36
140
0
92
201
226
0
0
0
0
192
0
0
0
0
0
0
1513
121
0
0
0
0
49
67
0
0
0
0
0
57
657
0
0
0
0
0
0
1370
0
0
1465
0
0
0
0
0
280
1145
561
0
3188
5276
0
0
0
0
0
0
0
538
1084
81
0
0
136
0
0
0
0
0
0
0
0
0
978
0
0
859
64
443
0
0
107
0
60
0
0
1242
967
1776
2682
0
0
0
1285
3351
524
0
1797
0
0
1415
4004
1342
0
0
0
0
0
8
0
185
56
1373
940
1647
1056
1555
2165
1225
1641
756
0
0
0
0
711
982
1931
2278
2648
1482
600
2638
612
0
538
0
0
191
0
0
0
687
1298
2731
2747
0
0
813
0
0
0
0
0
0
0
95
2386
1187
90
0
1076
0
425
0
0
0
0
0
0
0
0
0
0
1152
0
525
0
0
0
0
2
0
0
0
0
0
927
0
2396
1257
0
0
0
195
0
0
0
0
0
693
0
2071
2546
910
0
0
0
0
0
0
0
0
756
0
2969
599
0
0
0
0
0
0
0
0
935
660
0
2211
0
0
323
232
353
0
0
0
0
0
0
0
1045
0
0
0
0
496
0
100
152
0
106
0
268
0
0
0
0
0
0
0
326
0
0
0
0
376
0
0
0
0
0
0
0
0
0
0
0
0
293
191
0
0
0
0
0
0
0
0
0
0
278
359
519
0
0
0
0
0
0
0
0
235
250
0
509
1050
545
43
0
0
0
0
75
72
560
802
0
444
535
0
0
0
0
0
0
0
0
0
425
0
650
256
0
104
0
0
0
0
0
0
0
529
0
386
0
0
677
527
240
0
0
145
0
0
112
297
503
82
0
0
0
210
0
286
1044
270
0
595
171
520
85
234
251
0
0
0
0
300
0
250
592
0
455
0
0
0
0
0
0
0
0
194
351
0
0
371
0
383
701
0
0
0
0
0
29
435
0
0
479
0
124
934
0
0
0
0
809
0
0
0
0
85
0
0
0
0
0
0
330
576
0
0
0
0
152
0
6
0
0
0
256
0
0
0
108
0
0
0
0
0
0
0
0
0
0
0
0
0
0
0
0
125
1785
4791
5134
4794
4129
1188
379
0
0
0
0
0
711
0
0
374
0
419
1611
2556
0
0
0
0
0
1350
0
0
0
0
0
752
0
0
0
0
0
170
0
0
0
0
0
0
761
0
394
0
0
0
0
0
0
0
65
4218
1314
0
0
0
315
0
0
0
0
0
0
350
7807
0
0
0
0
0
0
0
0
0
0
0
0
1090
0
0
0
75
0
0
0
0
0
0
280
0
0
0
675
697
0
0
0
0
0
0
0
0
0
0
0
0
70
0
629
524
0
0
0
0
0
23
0
0
0
684
494
0
0
0
0
0
0
0
232
0
175
0
1563
2227
0
295
0
0
823
1149
0
0
845
639
1315
1245
0
0
0
0
259
1200
2546
3098
2643
3228
3354
3038
2513
2336
4025
2951
0
1114
0
0
1604
843
523
19
0
344
391
104
3
0
2611
735
0
0
142
85
0
0
0
325
0
1087
0
955
0
0
0
0
0
1202
1933
1408
1009
1011
1983
0
0
0
0
0
166
0
0
565
0
0
0
0
0
0
0
0
0
0
0
0
418
0
0
0
0
0
0
0
621
1840
1995
1869
339
894
768
0
0
0
0
310
618
1044
603
626
1640
0
0
1050
0
577
0
0
485
1990
1407
0
0
0
0
2521
3042
0
1651
0
0
0
568
857
0
0
0
0
1255
0
0
1024
0
0
268
0
0
0
0
0
0
681
0
0
0
0
0
946
929
0
0
0
0
0
1895
0
0
0
0
0
0
0
0
0
0
0
0
0
0
0
0
0
0
3
0
152
0
0
0
0
0
214
216
0
38
118
132
927
0
0
0
0
0
0
333
0
1145
1320
160
86
1089
0
0
0
9
0
0
0
190
1922
2125
0
137
418
0
0
0
0
0
0
0
0
0
0
0
473
0
0
557
112
150
0
0
165
0
3
1346
465
100
125
0
1717
1039
690
384
0
0
0
0
501
1615
55
0
0
415
0
0
0
778
1969
939
497
889
1255
0
0
0
0
0
0
627
480
1776
1404
1058
680
98
0
0
0
0
34
0
267
0
24
2046
1194
0
0
0
0
384
632
0
0
0
0
93
0
0
170
0
0
0
1575
1386
0
0
0
2365
0
0
0
0
0
0
0
358
309
0
0
0
0
0
0
0
0
0
0
0
0
0
0
0
0
0
0
0
0
0
0
211
442
1479
1402
1363
1494
1637
1576
1555
1239
487
574
0
490
666
755
876
38
0
0
1230
1987
1052
1088
1691
0
391
0
0
0
0
0
0
0
0
263
13
624
0
487
0
0
0
0
0
0
0
0
481
0
0
0
0
0
0
1173
129
130
0
0
876
1228
199
1296
0
0
0
0
844
1184
0
0
688
860
49
0
1075
176
0
0
501
931
489
0
0
0
1984
862
258
0
6
0
0
518
556
0
0
0
477
2153
649
1355
0
0
0
0
346
312
0
0
821
0
671
450
1166
0
0
0
0
449
1524
0
0
272
50
0
0
0
0
0
0
0
1132
1066
0
0
0
298
0
0
0
63
0
0
0
321
153
0
0
0
97
0
0
0
0
0
0
0
243
129
0
198
0
0
0
0
0
0
0
6
0
1
8
25
0
0
65
0
138
0
0
0
118
0
0
89
65
301
163
0
109
568
33
435
0
134
0
0
0
0
0
0
0
0
0
0
85
0
0
0
0
0
0
796
0
0
0
0
0
108
0
0
0
233
0
0
952
657
0
0
0
0
0
0
0
168
0
28
123
283
1025
501
582
0
653
476
0
0
0
0
0
0
0
0
0
0
0
100
0
0
35
0
0
0
0
0
0
0
190
266
0
0
0
53
0
0
0
0
0
437
0
0
0
148
0
0
0
0
0
0
0
464
812
206
0
0
258
0
0
0
0
0
0
757
367
757
507
618
68
0
0
0
0
0
0
0
0
85
86
943
545
0
0
0
0
0
0
0
0
0
0
0
0
41
215
0
0
0
305
0
0
0
0
0
0
0
0
0
0
0
2845
0
0
0
0
0
0
0
0
0
0
0
0
210
0
0
0
0
0
0
0
0
0
0
2652
0
0
0
0
1745
3246
21
0
0
0
0
0
3053
290
308
0
0
1076
107
94
84
0
0
0
0
0
0
0
0
1
886
0
0
243
167
0
0
1133
196
0
0
0
0
835
1982
305
1054
1152
1522
0
565
332
0
340
0
0
0
342
493
0
0
2152
149
114
0
0
1133
0
0
0
0
2988
2849
0
0
321
1615
0
0
1174
0
0
0
0
0
268
0
0
0
1717
1432
0
1853
0
507
1769
0
587
0
381
48
1076
469
715
0
1464
0
0
1477
411
0
0
223
0
0
0
2868
215
1488
848
0
0
0
0
0
0
0
0
0
236
268
1637
0
913
3518
4338
3683
4678
4446
3842
3714
2320
3260
4622
0
0
839
0
1185
0
0
0
1198
2946
1073
2808
5594
0
269
959
0
0
0
0
0
0
0
0
0
1072
0
2370
0
0
0
0
0
0
0
0
0
0
0
0
0
0
0
3743
896
0
0
1017
0
0
102
4303
0
0
0
0
639
2609
0
0
1723
3205
0
0
3244
0
0
0
0
567
469
0
0
0
5579
1925
1812
340
0
0
0
0
0
0
0
0
0
2300
0
4851
0
0
0
0
0
583
0
1230
0
87
528
0
3474
0
0
0
0
1376
6473
0
193
0
755
0
0
0
0
0
0
0
33
0
0
0
0
669
0
0
0
0
0
576
345
0
0
0
455
0
0
0
0
0
0
0
117
806
0
0
0
0
0
0
0
0
0
0
0
0
0
0
0
0
0
0
49
19
101
8
0
0
476
0
724
0
0
0
0
1165
1830
513
0
2119
0
854
1798
0
0
0
0
0
0
0
0
0
2043
0
808
0
0
0
0
0
0
0
0
0
0
431
0
1064
0
0
1468
0
46
0
0
577
1678
0
3212
0
881
0
0
1730
1324
0
0
2439
1864
0
0
2935
0
353
0
0
0
0
0
0
2228
4735
0
96
1565
0
726
0
62
0
0
0
0
0
4820
1234
1414
0
0
1164
0
1673
1640
0
0
703
0
0
315
1312
0
0
830
0
3045
3390
0
0
102
523
0
34
0
0
0
447
0
1507
1597
0
0
0
3
0
0
0
0
0
0
0
0
0
0
0
0
0
46
0
0
0
0
0
0
700
106
0
0
0
0
198
197
0
0
0
0
0
0
0
0
0
0
0
0
168
335
255
588
0
0
0
748
1930
792
0
0
0
0
2415
1564
0
0
90
0
510
312
0
0
205
461
0
736
0
0
0
0
0
0
0
124
0
0
0
0
36
0
0
0
0
0
517
0
0
56
0
0
1765
0
817
0
0
0
0
296
227
481
1392
534
322
0
0
360
0
0
0
0
334
381
3671
1435
0
918
1440
214
0
0
0
0
0
0
0
0
0
0
320
0
1031
0
0
0
0
195
2536
0
0
64
0
0
30
318
0
0
0
0
0
2661
541
1302
853
919
0
0
692
153
0
0
0
0
640
267
0
2171
0
0
0
0
0
0
0
0
0
0
0
311
0
0
0
602
0
0
0
0
134
0
0
0
0
0
0
0
0
0
0
0
624
1588
643
428
0
0
0
0
212
516
1764
1750
0
2058
3171
0
0
0
0
0
0
0
0
0
0
0
3819
3541
522
0
0
0
0
0
0
0
0
0
0
2645
1019
0
0
0
0
0
0
0
0
0
1992
0
1740
0
0
0
0
0
0
0
0
0
0
2635
0
748
0
0
0
1119
512
0
429
0
0
0
1257
0
184
0
0
0
0
0
0
1297
2329
691
657
2100
0
1049
501
188
0
0
0
0
0
0
0
332
117
0
1842
811
1879
0
0
0
0
30
145
0
0
0
0
1436
0
1576
0
0
0
0
420
0
0
0
0
0
1414
0
0
0
0
0
0
104
0
0
0
0
0
1176
707
0
0
0
0
0
1348
312
0
0
0
0
0
0
0
0
0
0
0
0
0
0
0
0
0
0
0
312
426
418
540
507
403
361
139
0
0
0
0
0
278
704
391
490
487
396
453
292
52
65
86
0
0
0
0
0
0
0
118
314
162
0
0
272
0
0
0
0
0
0
0
0
0
0
0
0
15
0
344
88
270
1
0
129
264
41
4
0
0
33
0
114
29
0
14
0
0
59
354
169
0
0
123
144
39
41
0
287
109
0
0
101
0
0
0
142
0
0
0
0
0
0
0
0
397
0
27
0
196
0
0
0
69
309
359
63
2
0
0
238
0
34
0
0
0
96
268
20
0
0
112
0
0
0
9
75
0
0
159
0
0
0
0
276
0
99
25
25
0
0
0
0
0
0
0
0
148
0
0
89
0
75
267
781
422
0
172
191
0
214
281
413
465
325
198
203
0
0
0
0
0
30
0
403
997
0
0
665
0
0
0
0
0
184
354
0
469
0
0
60
942
0
0
0
0
0
0
297
0
0
0
0
703
0
0
0
0
0
0
421
805
862
0
710
479
1090
0
598
138
0
0
0
0
702
0
0
0
0
501
0
454
491
0
0
0
288
600
0
0
0
0
0
0
733
0
0
0
0
0
0
0
0
0
0
0
0
977
684
0
0
354
0
0
0
0
0
0
0
0
2121
0
228
0
0
0
1500
947
0
0
1799
766
0
1588
0
0
1068
0
0
211
42
0
65
0
101
0
0
0
0
0
0
0
0
0
308
0
0
1141
1174
1228
0
0
0
0
0
679
944
0
0
0
2521
0
239
0
0
0
0
0
0
0
0
197
0
1895
0
0
0
0
0
0
0
0
0
0
0
0
0
0
0
0
1689
1533
100
0
0
0
0
0
0
0
0
0
0
1650
2656
1010
0
0
0
0
0
0
0
0
0
0
0
3353
6584
6968
1415
2813
2807
0
0
0
0
104
340
0
222
1302
5128
6240
6606
6821
0
0
0
0
0
0
0
0
0
0
0
1485
0
755
295
0
0
0
0
0
0
0
0
0
0
0
0
0
0
0
335
1478
1966
0
468
735
0
0
0
0
0
0
0
205
0
2265
957
2098
6472
324
0
0
0
851
0
0
0
0
0
4805
0
0
0
1930
0
0
2395
0
0
0
0
0
2537
484
0
0
1251
797
951
5623
0
0
1541
148
949
2537
3195
0
0
2060
1502
1461
4386
0
0
3391
7609
3619
511
4701
4256
4107
7204
6875
3688
5812
0
0
0
0
0
0
0
0
0
0
0
0
0
0
0
0
0
0
0
0
0
0
0
0
0
0
0
0
0
0
909
2552
1526
228
0
0
0
0
0
0
0
0
0
1531
4442
3451
3329
1598
2658
3078
0
0
0
0
0
32
0
347
306
1230
2295
2312
2524
0
0
0
0
0
35
0
0
0
0
0
0
0
831
0
0
0
0
0
0
0
0
0
0
0
0
0
0
0
0
0
133
1057
1345
2029
1629
555
0
0
0
0
0
0
176
0
0
1578
3253
1936
0
0
0
0
0
0
0
0
0
0
988
0
0
0
1185
0
0
1307
0
0
0
0
0
650
1197
12
0
0
0
109
1883
0
0
0
1800
2904
3709
3291
127
0
0
2575
2708
1884
0
112
805
1754
2518
3573
3702
2280
2374
3239
2785
1979
3198
0
4
1463
3867
4489
3650
4321
4441
3977
3590
2611
3009
1977
0
974
1120
1024
1792
0
186
217
2163
3611
2712
904
2862
0
1839
767
0
0
0
0
0
0
0
0
0
1063
0
1766
0
0
0
0
0
739
0
0
0
0
0
0
0
0
0
1872
82
0
685
2670
0
0
0
2447
0
209
0
0
0
1516
0
0
2465
1986
0
0
1994
0
290
0
214
441
764
0
0
0
3787
538
946
723
0
366
303
57
0
0
0
0
0
1648
0
2388
0
0
856
719
1317
12
0
0
0
0
1151
0
2206
0
0
974
336
1862
2544
0
0
0
802
271
0
0
0
0
1155
0
0
0
0
0
0
895
0
0
0
0
0
1719
1220
0
0
0
0
0
496
0
0
0
0
0
0
626
574
0
0
0
0
0
0
0
0
0
0
301
155
0
0
0
0
0
0
0
0
69
0
2117
106
0
0
0
0
0
0
0
0
0
0
0
1625
0
0
723
735
402
0
0
0
0
0
93
0
1788
0
0
1233
2749
878
0
0
0
0
794
2112
181
2785
0
0
121
159
0
0
0
0
0
81
551
0
1643
0
0
0
0
0
0
0
0
0
274
0
0
1538
0
0
0
0
0
0
0
0
0
0
0
0
2892
0
0
0
11
1796
913
0
1034
0
0
0
0
2791
0
324
0
0
904
650
0
93
0
0
0
0
2483
0
0
141
0
0
0
0
0
0
1256
8
0
2678
1
0
60
0
0
241
0
0
0
0
840
0
2235
0
0
326
552
704
334
0
0
0
316
2719
0
2019
1111
0
0
939
1230
518
273
167
44
351
946
580
2448
0
0
0
0
0
0
0
0
0
0
0
2992
595
0
110
1308
2524
2736
2402
1574
241
0
40
0
772
0
0
2434
874
955
2472
1780
0
506
1111
140
733
841
0
97
2098
0
0
0
731
1618
871
312
529
0
0
0
1974
1007
0
0
762
0
290
2256
1366
2647
1343
1189
1447
1712
0
49
220
0
881
277
956
0
0
0
1541
1537
1369
583
0
0
0
2259
726
400
0
0
854
1809
399
712
186
639
798
0
2081
1312
12
0
0
491
592
0
457
0
224
1582
0
173
791
2293
0
634
0
0
0
926
418
0
748
0
0
0
0
1164
0
0
1014
0
1020
0
0
0
0
0
0
0
0
0
124
778
0
796
1601
449
932
1358
1443
452
0
0
0
0
1230
0
0
1589
2002
472
8
2549
903
148
374
370
925
558
0
0
80
2590
2307
3054
2808
3337
3496
2282
2284
0
0
0
0
0
2195
3442
3871
5083
4766
3773
3567
5256
2820
0
0
0
0
0
0
0
0
61
1563
2788
2056
0
0
0
0
0
0
0
0
0
0
0
201
0
0
0
0
0
0
0
0
28
0
0
0
0
0
0
0
0
610
0
0
0
0
1462
2509
860
0
0
792
0
758
291
1666
980
229
144
0
1194
0
0
2320
567
331
0
0
0
0
0
0
0
63
0
0
1556
0
52
0
0
0
0
0
0
0
0
0
0
0
0
0
0
0
315
0
0
0
228
0
0
0
0
0
0
0
0
0
0
2149
1379
1263
4203
161
0
0
0
0
0
0
0
0
0
222
1443
166
0
0
0
0
0
0
0
0
0
0
0
625
0
0
0
0
0
0
0
320
0
0
0
0
0
0
0
0
0
0
62
6015
104
1938
725
0
0
0
0
0
0
0
0
0
1631
361
4089
2684
0
0
0
0
231
1186
1218
1702
427
175
614
2477
441
0
0
0
0
0
0
0
0
270
0
2549
1000
0
0
0
0
0
0
0
0
0
1442
806
2400
1237
262
1846
762
713
0
0
0
0
0
237
3115
2155
1332
25
0
0
0
1889
3119
1239
111
100
3464
2557
1639
751
1336
236
0
0
406
941
0
517
0
1117
515
1837
668
1234
0
0
0
0
0
0
5370
0
0
0
1955
1663
2430
0
0
0
0
6
545
1077
17
0
0
895
1315
1094
180
0
0
0
797
0
0
0
0
0
0
0
889
912
0
0
0
0
0
0
0
0
0
0
0
0
0
141
0
0
0
0
0
0
0
0
0
0
162
314
923
666
1047
1124
0
102
0
1188
0
0
0
752
2503
2141
2545
1964
1061
827
2320
335
1457
0
0
0
0
426
910
493
0
0
0
0
0
0
0
0
0
0
0
1007
3017
1997
0
0
0
0
0
0
0
0
0
0
756
0
1996
2747
1401
2520
1548
0
0
0
0
0
0
0
0
784
1640
863
0
46
1622
0
0
0
0
0
0
0
0
0
0
0
167
0
0
0
0
0
0
0
202
463
0
0
0
568
0
0
0
0
0
1495
0
745
2680
679
0
0
0
0
0
0
0
0
948
732
396
368
0
420
0
0
664
0
0
0
0
0
366
0
1133
0
0
0
0
1453
0
137
648
0
0
0
1681
655
0
0
0
0
1304
0
0
1457
1777
600
0
1424
167
0
869
892
0
0
0
0
0
218
349
529
564
584
547
331
53
187
91
0
0
0
0
1182
641
792
209
0
0
176
2198
1096
0
0
0
0
0
0
0
0
0
0
0
110
0
0
0
0
0
577
697
1028
0
0
0
0
0
0
0
0
0
294
918
638
283
1208
848
0
0
417
0
0
0
0
0
0
0
0
134
61
246
922
0
361
0
0
0
0
0
0
0
0
0
0
188
484
0
0
0
0
0
0
0
0
0
0
0
0
321
0
0
0
0
0
0
1710
3083
366
0
0
0
0
0
0
113
0
0
0
371
1036
613
28
0
0
0
0
0
229
0
0
0
0
0
734
0
0
0
0
0
315
83
0
0
0
0
861
269
0
0
0
121
800
516
723
453
95
53
0
68
0
0
0
0
0
0
122
0
803
1193
0
0
0
0
462
682
2186
0
0
0
756
2921
0
0
0
12
391
197
1383
1841
756
0
0
1006
0
0
0
0
0
1246
111
0
0
0
0
0
697
0
0
0
519
478
0
0
0
0
0
642
0
735
0
0
0
81
2157
0
0
0
0
0
0
0
0
402
0
0
928
3628
3952
546
0
1251
3346
458
0
0
0
0
0
0
0
0
0
0
4860
1735
0
0
0
0
0
0
0
0
0
0
160
1838
0
0
0
0
0
0
0
0
0
0
0
0
0
0
0
0
0
0
0
0
0
2062
2496
0
0
0
262
0
0
0
0
0
321
3272
2817
4696
1211
0
0
0
0
0
0
0
0
0
0
87
0
1677
0
0
0
0
0
0
0
0
0
0
0
0
0
0
0
0
0
0
40
336
623
826
902
1429
1255
853
731
794
540
621
1519
0
0
64
0
0
0
0
0
107
0
0
0
728
0
0
0
0
669
93
0
0
0
0
0
0
300
0
0
0
0
0
0
119
1305
780
1457
1788
0
807
0
0
0
0
0
0
0
0
0
0
843
120
384
0
0
0
138
2
0
0
0
0
0
0
0
221
0
0
175
1021
435
0
46
0
0
0
0
0
438
0
0
0
0
757
1400
0
453
1419
953
0
0
851
0
0
0
18
0
0
0
1797
3174
1570
221
0
663
0
0
0
0
0
0
0
0
0
183
58
0
962
0
0
0
0
0
0
0
0
0
0
0
0
1092
0
0
0
10
732
0
643
784
0
1435
762
0
1482
0
0
0
0
0
0
0
0
0
0
0
0
682
1073
0
0
0
0
0
0
0
0
0
0
0
10138
186
0
1069
0
1879
1086
668
0
0
390
0
0
2358
0
0
2998
718
0
0
0
1493
2720
2820
4363
0
934
0
0
748
1891
0
0
0
0
1735
2489
5990
71
1809
0
539
2
0
0
0
0
0
329
0
0
0
681
609
730
1130
483
0
0
0
0
0
0
0
0
4044
719
2980
2967
1685
226
1198
4910
1857
0
0
0
0
5126
0
1586
3570
3817
2659
0
1003
4384
0
0
0
0
3419
663
3789
3015
108
313
0
0
0
0
6798
0
0
2467
963
5742
514
0
0
0
0
0
572
3506
1401
0
2517
595
3173
0
0
346
0
0
0
0
0
0
0
1950
288
0
2943
3865
0
0
1243
0
0
1663
2904
0
1158
0
0
0
0
545
0
271
0
0
0
0
0
2217
1350
1393
1093
871
703
0
482
1125
452
1233
2410
2332
0
2706
0
0
0
0
0
639
132
0
1467
0
0
0
3854
0
0
0
274
1101
631
613
1257
1927
136
2444
0
956
0
0
0
104
0
2213
3045
5038
2984
2092
3846
213
0
0
186
0
32
0
0
1857
0
0
67
0
0
0
0
9
0
0
0
0
183
0
0
0
0
0
0
2005
1546
594
0
0
2444
1065
0
0
0
0
0
897
5108
6225
3670
1298
3527
2370
1450
0
0
0
2239
0
1493
8326
2572
0
0
0
0
2659
1925
0
269
4697
0
636
5971
0
0
621
0
0
959
0
1409
2001
1587
0
1624
1620
0
0
0
0
421
0
1965
894
0
0
0
3323
2678
1767
1839
0
0
0
2945
3039
0
0
0
499
0
0
0
0
0
0
0
0
0
0
0
0
0
273
0
421
0
0
0
0
559
912
1204
2649
0
0
327
0
0
636
574
0
0
0
0
0
6594
3234
0
554
165
0
0
0
0
0
0
0
1187
3182
4106
0
0
0
0
0
0
0
362
12
72
0
0
869
0
0
0
244
2271
174
1637
3087
2999
909
0
0
0
0
0
0
0
0
0
0
513
974
895
1000
0
0
0
434
0
479
1682
1630
1827
364
1931
465
304
0
0
0
1413
1159
2499
1356
0
0
619
1359
1285
44
1714
117
0
1182
1818
1906
0
1487
1414
2538
0
178
0
2146
55
0
1558
902
409
973
51
745
972
0
0
395
585
254
0
2479
0
1577
779
0
0
0
2378
3919
0
0
0
0
2346
1454
2730
3156
258
0
0
0
251
0
0
337
0
3053
1194
2572
1087
1418
0
0
0
0
0
0
0
0
0
305
1155
1750
2114
2200
2429
1941
628
547
428
5072
0
44
1025
1195
2293
1010
945
811
2131
2559
2000
0
2341
0
389
2183
0
603
1137
0
0
0
0
0
0
0
0
1591
1076
0
0
0
1506
1735
0
0
300
0
0
0
832
0
0
661
990
0
297
2424
878
4026
411
2385
0
0
0
0
0
907
0
0
3985
2942
0
0
3899
0
0
0
0
0
0
0
0
0
1691
443
2444
731
0
0
0
0
28
0
65
0
0
0
0
1473
0
0
0
0
0
4484
0
0
1253
1857
0
0
0
0
0
0
0
0
3819
0
0
0
1101
403
0
0
0
0
0
0
0
0
0
0
0
0
0
0
0
0
0
116
1272
0
0
0
1509
0
0
0
0
0
24
0
0
1741
1721
0
0
2003
253
95
605
0
0
0
0
569
524
0
0
0
0
0
0
0
86
701
1401
2464
832
634
769
0
0
0
0
0
0
0
0
0
2553
897
0
1411
299
735
352
0
515
0
0
0
0
2592
21
877
69
377
194
0
1239
1099
947
1431
1630
0
3835
46
1339
67
0
0
0
0
406
0
0
781
150
4053
490
1194
87
0
0
324
164
190
0
0
0
0
4655
126
963
0
0
0
0
0
0
0
0
0
0
4441
0
131
443
0
111
1869
0
0
0
0
0
0
3551
0
1086
0
1454
0
0
0
3298
879
0
0
1112
2780
0
985
0
0
0
0
0
0
675
438
0
0
2685
0
0
0
0
0
0
0
0
0
630
574
0
3304
686
1172
0
0
0
0
28
49
178
477
1713
0
3647
0
327
327
0
0
0
305
0
0
431
1555
443
3780
0
771
1252
1981
1416
2038
1630
1160
1265
380
2503
2086
0
0
0
0
1851
1270
966
300
0
0
0
47
0
0
410
1088
0
643
558
313
0
86
88
0
0
0
0
997
53
692
2028
0
0
0
0
0
0
1107
407
0
0
0
0
679
72
0
0
0
0
0
122
0
0
0
0
0
0
68
0
0
0
0
1347
0
0
0
0
0
0
0
370
1917
0
0
708
51
0
0
0
0
0
0
0
1376
1204
0
0
0
0
196
0
0
0
0
213
0
258
0
0
482
0
0
0
0
8
0
0
1208
0
0
89
0
896
0
0
0
0
747
0
0
0
0
0
0
0
246
0
0
0
0
277
0
0
0
0
0
0
0
635
0
920
162
0
0
864
0
0
0
971
0
730
2401
800
0
0
0
0
0
0
0
0
0
0
0
0
0
0
2830
419
0
198
355
0
0
0
0
0
0
0
0
1532
1001
0
1752
3670
0
0
0
0
0
0
0
0
1399
2410
147
1819
1024
0
0
0
0
0
0
0
0
0
2498
424
986
0
0
0
0
0
0
0
0
0
0
1670
1443
0
0
0
330
523
1251
0
0
0
0
0
0
237
113
0
0
0
0
1175
0
299
2433
777
1341
1748
0
267
0
0
0
0
1005
0
0
0
0
1049
1130
106
0
0
82
0
0
0
0
35
0
0
663
0
3
0
0
1415
1890
0
0
0
792
0
0
1352
0
0
0
0
0
519
0
0
0
3391
0
0
0
0
0
0
0
0
0
0
0
0
0
0
0
0
0
0
0
0
0
0
0
0
0
0
0
0
651
0
0
0
0
0
0
0
0
0
0
0
0
0
0
0
0
0
2101
3988
5232
6117
5187
1828
218
1514
108
89
0
0
0
438
820
1061
302
0
1221
1415
0
0
0
0
0
121
0
0
289
2464
1434
0
0
0
0
0
0
0
0
0
0
785
0
1851
2461
0
581
0
0
0
118
0
534
0
0
917
930
930
0
0
606
990
0
0
0
0
0
0
2099
0
0
0
0
618
0
0
0
0
0
0
0
937
0
0
0
0
0
0
0
0
0
0
376
0
1615
0
0
0
0
0
0
0
0
0
0
0
1975
305
0
0
254
0
0
540
0
0
0
0
0
2166
0
1439
0
0
0
0
1058
0
0
22
0
0
108
1828
1907
0
0
0
0
2719
0
0
906
0
0
0
1709
0
0
0
0
0
0
0
122
63
0
0
0
0
0
0
0
0
0
2617
0
385
0
0
762
1041
0
0
0
0
0
0
0
0
131
0
0
1290
3188
1841
0
0
0
0
0
0
0
191
196
0
0
0
0
306
123
0
3026
0
0
0
0
180
0
0
23
0
0
0
2069
4631
867
713
75
0
0
0
0
0
0
0
0
900
0
0
0
0
0
0
0
0
886
2351
575
0
0
0
0
0
0
0
0
565
2460
366
2787
2033
762
0
0
98
0
0
0
0
1885
2380
0
0
1922
2768
0
0
0
0
0
0
0
0
0
0
0
0
0
285
717
0
1648
0
0
0
0
0
0
0
0
0
1115
228
0
121
0
0
320
905
2480
2168
1
0
0
1627
3476
0
0
0
0
1279
2604
1862
1083
2921
2478
4129
4630
3247
1740
860
0
0
5
0
45
0
0
0
0
0
0
0
0
0
0
771
41
2057
1667
1693
950
0
0
0
611
847
0
0
1688
0
0
0
0
0
15
753
0
0
205
0
21
434
213
1813
595
0
0
0
0
0
0
0
0
161
0
499
1206
391
228
1267
0
0
0
0
0
18
0
0
0
0
514
2017
441
0
0
1103
0
0
0
0
0
0
0
250
3426
0
0
77
0
39
0
0
625
0
0
0
0
0
0
0
0
0
695
0
0
0
0
0
0
2662
3262
0
0
0
0
992
0
0
212
0
0
0
0
0
0
0
0
0
158
0
0
226
0
0
0
0
0
0
0
422
41
555
0
786
0
0
0
0
0
0
0
0
0
0
1803
922
649
1090
0
0
264
0
0
0
0
0
0
0
408
1317
0
556
3004
3881
4035
4883
4740
3692
2945
1497
0
822
0
0
99
1333
2398
258
1889
2150
3054
4004
3338
714
2221
0
0
0
0
0
0
0
0
0
0
0
0
0
0
243
0
0
0
0
0
0
0
0
0
0
0
0
0
0
0
1466
613
0
0
0
0
0
1618
646
0
0
0
0
91
1235
0
0
664
1124
212
64
2188
0
0
0
719
1641
813
0
0
0
1511
425
534
0
0
0
0
0
0
0
0
0
0
2278
163
1817
0
0
0
0
0
0
0
654
0
0
265
0
1561
0
0
0
0
0
1395
0
304
125
0
0
0
0
0
0
0
0
757
157
0
0
188
0
0
0
0
0
909
0
0
0
0
0
1341
364
773
0
0
0
0
1514
0
0
0
0
0
532
0
0
0
0
0
0
905
0
0
0
0
0
0
0
0
0
0
0
579
2579
129
702
0
0
0
0
0
0
0
0
0
0
1209
414
711
1490
276
193
706
567
14
0
0
0
491
521
415
655
288
0
0
309
1916
684
0
0
0
650
934
626
599
466
0
0
0
348
591
1467
1230
385
1919
1042
780
1438
356
575
0
0
0
0
0
0
110
836
2239
558
0
0
0
0
0
0
0
173
0
252
1016
2379
497
0
0
0
0
192
0
0
0
0
0
534
772
454
0
0
829
0
0
127
1203
0
1597
0
1371
22
458
0
355
0
0
0
0
0
1076
0
0
1029
566
0
438
0
0
0
0
0
0
0
570
30
3133
1777
229
988
0
0
0
0
645
0
0
269
1023
1810
1833
0
0
13
0
0
0
174
0
60
362
148
0
1560
0
0
0
0
0
0
0
0
0
0
0
0
0
0
0
0
0
0
0
0
0
0
0
0
0
0
0
0
0
0
0
0
1151
50
0
0
0
0
0
0
0
1545
2899
1249
3345
0
0
0
0
0
0
0
0
844
3930
0
0
5591
4496
0
0
0
0
0
0
0
5574
1892
0
0
269
3025
124
2016
2328
3282
1333
0
0
0
0
0
0
0
0
0
0
0
0
0
0
212
0
0
0
0
0
0
0
1037
538
0
0
0
274
0
0
0
5394
3662
278
0
0
0
0
1860
0
492
0
0
0
5324
2385
3578
1312
0
0
0
0
0
0
95
2809
0
2756
1598
279
1748
588
1150
0
2178
388
0
0
0
0
0
0
0
2742
927
0
486
2422
2057
0
0
617
531
0
0
0
0
0
1647
884
1780
269
427
557
0
0
0
0
0
0
0
209
2476
2361
187
1193
772
0
0
0
0
0
0
0
0
0
564
0
2248
2262
314
0
0
0
0
0
0
0
0
122
0
1321
522
0
0
0
0
652
130
0
7
292
855
438
328
0
0
731
0
0
0
1132
0
0
26
1606
26
204
0
0
0
361
152
0
1298
427
0
0
431
0
119
0
0
0
0
0
0
99
1725
180
441
902
0
550
435
404
0
214
287
0
0
0
0
593
322
0
650
1133
848
1182
0
0
0
1320
0
0
0
1211
0
389
292
1973
2233
0
0
0
986
37
267
146
0
0
825
0
0
0
0
0
0
0
0
0
0
0
144
1809
1730
0
0
0
0
0
0
0
0
0
0
502
220
352
0
0
0
0
0
0
0
0
0
0
0
0
42
0
0
0
0
0
0
0
0
0
0
0
0
0
0
0
433
0
0
0
0
0
0
0
0
0
0
0
2531
3052
505
0
0
0
0
0
0
0
0
0
0
0
0
0
0
25
1712
3430
0
0
0
0
0
0
0
0
0
0
0
3432
6334
617
0
0
0
0
0
0
0
0
0
0
0
0
973
32
0
0
0
0
0
0
729
0
0
0
0
0
0
0
0
0
0
1575
1978
0
0
0
0
0
0
0
0
0
0
0
258
0
0
0
0
0
0
0
0
0
0
0
0
0
0
0
0
0
0
0
0
673
0
0
0
0
0
1097
468
0
0
0
0
0
5026
0
0
0
501
2352
4894
2413
1692
0
610
7717
2176
2705
0
0
413
1537
1603
2176
6504
7175
9041
9231
7696
1407
730
0
62
0
0
99
50
184
42
0
0
0
0
40
2862
0
0
0
0
346
0
0
0
0
0
0
0
404
0
717
268
0
0
0
0
0
246
899
2233
1023
51
99
275
0
0
0
0
0
0
170
264
1745
1122
0
775
0
0
0
0
0
0
0
0
0
0
757
0
343
0
0
707
0
0
0
0
0
0
0
0
0
311
0
1112
2421
1152
1080
2545
2634
706
0
0
830
0
174
413
1060
1265
485
0
300
878
1576
434
0
0
0
510
722
808
0
0
0
0
195
1335
3132
680
0
0
592
758
740
0
0
0
0
192
0
1069
1051
0
0
624
58
672
948
0
0
0
16
0
0
0
0
0
0
54
1118
1676
115
0
281
959
254
0
0
0
0
0
0
0
0
0
0
248
0
0
0
0
0
0
0
0
615
171
464
239
570
960
550
1448
0
0
0
0
0
246
0
0
82
982
1410
1368
2503
0
0
0
0
0
0
0
0
0
17
756
1452
1030
111
0
0
0
0
0
678
148
0
0
827
1445
0
20
0
0
0
404
148
0
0
0
0
0
0
0
0
0
0
207
1658
1158
0
0
937
2513
899
0
394
3
0
0
0
1473
1800
1692
0
9
1436
0
0
0
0
0
0
0
12
0
0
0
0
0
0
2156
1905
0
0
0
0
596
0
0
0
0
0
0
3408
0
0
116
0
0
1808
0
0
329
0
349
850
0
0
42
0
0
0
442
410
1019
0
0
555
0
0
0
0
0
263
0
0
0
0
0
0
0
0
0
0
0
0
1506
0
0
0
0
0
0
0
0
0
0
0
0
0
671
1087
1958
2200
1859
2032
2318
2378
1754
1729
2810
3568
0
2217
0
147
1201
0
0
0
782
1584
632
0
1786
0
2625
301
0
477
0
0
0
0
0
0
0
0
0
1019
0
0
0
0
0
2347
0
0
1928
0
0
0
0
0
0
1056
118
0
675
2648
2793
4986
0
1609
0
0
0
0
0
340
0
0
3894
3079
0
0
769
0
0
0
0
0
0
0
0
292
2464
0
15
0
0
0
179
2577
2285
0
0
0
0
0
0
1215
0
0
0
181
2608
4833
0
0
1862
1646
262
0
19
0
0
0
0
1919
3282
0
0
0
1829
593
782
0
0
0
0
0
0
0
0
0
0
0
0
0
0
0
0
1373
2307
0
0
0
0
0
0
1203
0
0
0
0
0
1170
2873
0
0
556
0
0
0
0
0
0
0
0
0
0
0
0
0
0
0
0
36
0
0
0
0
241
0
0
0
291
480
224
13
0
657
0
0
0
463
0
0
0
0
143
660
1088
668
567
13
0
120
241
0
0
0
0
0
0
0
0
0
0
0
547
75
36
0
0
504
148
0
0
0
0
33
0
74
706
358
76
158
620
681
0
0
190
175
167
0
0
512
214
0
0
0
0
0
0
1299
948
374
0
0
0
0
0
0
0
0
0
53
429
0
0
0
0
0
0
0
0
677
0
0
0
0
0
0
0
0
162
0
0
1348
424
494
7
51
0
0
0
0
0
0
235
1221
882
5
676
666
0
0
100
0
0
0
0
0
0
0
0
0
0
0
0
0
0
0
0
0
0
0
0
0
0
0
0
0
941
662
0
0
0
0
0
0
0
0
0
0
0
0
0
934
0
0
0
0
0
0
0
0
0
1483
0
0
589
0
0
273
0
0
126
1305
1636
849
564
484
0
104
0
0
1379
1780
49
0
0
0
84
0
0
0
0
726
1801
1575
0
0
1048
0
0
0
0
0
0
0
2161
4936
2247
0
0
108
2215
1143
0
1240
1715
531
3074
1581
1785
421
0
0
0
868
203
0
429
2
1408
2068
758
0
0
0
0
0
0
0
0
1482
0
0
240
1244
0
0
0
1003
0
0
0
10
0
0
830
278
1483
1741
437
0
1977
992
1579
1158
0
0
0
0
255
0
1559
1407
458
1104
773
995
0
0
263
0
1603
1373
0
0
0
0
0
0
145
1525
0
0
0
455
2329
0
0
0
0
0
0
0
0
0
0
0
0
53
0
0
0
0
0
0
0
0
0
0
0
130
423
0
0
403
0
425
1215
1365
481
0
776
1752
24
0
0
0
277
0
0
329
661
1667
1306
0
520
0
0
0
246
0
1216
823
310
39
456
243
0
0
0
0
244
354
265
476
324
0
0
0
0
0
0
0
0
1121
492
677
0
0
469
1229
542
0
1965
1699
101
288
907
545
0
0
0
0
557
0
0
952
512
914
0
395
0
0
0
0
0
0
0
0
66
0
0
0
790
0
0
0
1585
891
0
315
0
0
0
0
0
820
242
0
0
1261
907
567
608
0
0
0
0
0
0
0
36
786
1806
718
2188
0
0
0
0
190
0
246
58
0
0
0
211
908
0
0
0
0
107
91
494
0
0
384
989
0
0
0
0
0
0
0
0
0
1524
1791
2184
1209
1866
1368
808
1658
435
881
2255
0
348
2147
0
366
0
0
0
158
1619
0
0
1348
0
800
987
0
0
0
0
0
0
0
0
0
505
0
2235
671
0
0
0
0
0
0
0
0
0
100
0
814
0
0
1303
0
0
0
0
0
0
0
3637
0
0
0
0
571
2593
325
0
0
1446
0
0
1859
0
0
0
0
0
0
0
0
0
4841
1042
0
0
0
0
0
0
0
0
0
0
0
1199
0
2470
0
0
0
0
0
0
0
0
0
0
0
0
1877
0
0
0
0
161
3402
0
0
0
0
0
0
0
0
0
0
0
0
0
0
0
0
0
0
0
0
0
0
0
0
0
0
0
0
0
0
0
0
0
0
0
0
104
0
0
0
0
1081
1886
700
0
0
0
0
0
0
600
505
769
609
765
841
454
574
0
0
0
0
167
0
209
702
2365
2713
1320
1269
1683
0
0
0
0
0
0
0
0
0
324
224
295
0
0
0
0
0
0
0
0
120
306
0
0
182
0
0
0
0
0
0
0
0
78
168
0
0
0
0
1000
0
0
0
0
0
0
0
1064
701
330
0
352
1305
53
0
0
0
0
0
0
0
0
0
0
0
0
0
0
0
0
0
0
0
0
0
0
55
424
0
0
0
0
0
0
0
0
0
0
0
0
0
0
0
0
0
0
0
0
1026
727
990
0
0
0
0
0
0
0
0
0
0
1215
403
1334
0
0
0
0
0
0
0
0
0
0
0
368
1198
785
50
304
0
0
838
0
0
0
0
0
0
66
0
0
176
0
0
0
185
0
0
0
0
0
0
0
0
0
0
0
3578
0
0
0
0
0
0
0
0
0
0
0
0
411
0
0
1380
230
0
106
640
602
566
542
2174
0
0
0
0
2098
3518
1097
150
0
0
631
278
2492
0
194
0
0
977
132
0
30
0
0
0
0
0
0
0
0
417
873
153
0
0
0
0
0
354
464
0
0
314
470
915
572
0
0
808
1345
0
0
0
0
1248
415
47
496
816
1581
0
523
2339
0
0
0
0
802
731
770
624
0
1987
1168
0
0
0
2228
0
0
800
718
1592
783
0
0
53
0
0
0
1342
0
0
1171
171
1413
1396
0
956
605
0
0
0
0
196
646
1245
0
0
2031
2060
0
0
730
0
0
1369
2913
228
1195
985
0
0
789
2202
0
184
0
270
0
54
200
937
282
678
0
360
140
530
133
0
0
0
628
1149
2299
354
0
0
0
0
0
0
0
0
0
0
0
431
718
0
728
635
1230
468
0
0
0
0
0
0
0
433
137
0
0
0
0
0
158
0
1075
1126
1275
335
0
0
0
0
0
0
0
0
0
0
0
0
0
0
0
0
0
0
0
0
0
280
0
102
0
0
0
0
0
0
15
1085
656
0
0
0
0
0
0
0
0
0
291
1657
2461
0
0
0
0
0
167
0
169
0
0
0
0
0
0
1121
258
164
0
0
379
0
0
371
0
0
0
0
412
0
544
999
0
368
120
0
0
0
63
550
0
0
46
312
0
0
0
162
0
0
0
927
347
245
1452
1236
1266
0
0
0
0
271
0
0
388
1198
2301
3059
1988
1395
1003
0
0
473
691
1810
1863
2460
2007
2376
2597
1698
1856
698
799
0
1169
0
715
2584
2919
2562
2680
1914
1760
2691
0
0
0
1123
0
0
0
0
0
0
0
622
533
0
0
0
0
0
0
0
0
0
0
0
713
1103
0
0
0
0
0
0
0
0
0
0
418
0
0
0
0
0
0
0
0
0
0
0
0
1849
1739
0
0
89
0
0
304
533
0
775
583
0
0
0
0
0
0
0
0
1386
1883
1169
0
0
0
0
558
0
0
0
0
0
1944
987
1347
0
0
0
846
523
0
0
592
0
0
520
0
0
686
184
715
301
0
0
0
0
0
0
0
0
0
0
0
0
0
733
54
0
0
0
688
354
0
0
0
0
0
1648
2834
297
0
0
0
0
483
320
0
0
0
0
0
57
0
0
0
0
820
896
819
491
0
0
0
63
381
362
698
102
3580
1578
2048
1306
0
0
0
0
639
981
1502
170
0
901
2154
2058
2529
0
0
0
0
0
389
1004
0
1362
312
1112
1332
71
0
0
0
0
0
1005
0
0
1679
276
1399
469
0
0
0
0
0
0
0
0
0
1693
0
2209
592
74
683
618
80
0
471
0
0
0
0
1783
1754
1493
553
0
0
0
2077
2407
1500
130
0
2440
956
1690
2422
3113
617
0
0
135
414
0
35
0
951
0
2681
4139
3319
0
0
0
0
0
307
3235
154
370
0
2824
4159
2128
0
0
0
0
0
604
1365
0
0
0
2182
1180
490
0
0
0
0
0
0
0
0
0
0
2106
1401
406
511
0
0
0
0
0
0
0
0
0
520
0
0
0
453
0
0
0
0
0
0
0
0
258
0
0
0
0
0
0
0
0
0
0
0
204
586
350
0
0
0
0
0
0
0
0
0
0
2730
481
0
61
0
0
0
0
0
0
0
0
0
2018
0
0
306
0
0
1567
0
0
0
0
265
2451
2300
0
500
1453
0
0
3101
2372
0
0
0
0
0
1400
0
2864
0
0
0
1742
2690
0
865
0
1831
1217
2368
0
0
0
0
0
1718
0
0
0
0
883
0
1545
0
0
0
0
0
0
0
0
910
1715
0
0
1977
0
0
0
0
0
449
0
36
646
0
0
2673
2647
0
0
0
0
1642
242
1276
399
0
146
1772
0
904
0
0
0
0
1851
724
330
0
145
2295
280
0
205
0
0
0
0
0
0
348
3331
1940
422
1907
541
621
0
0
0
0
0
0
0
428
59
822
2510
1900
2786
0
367
3504
3384
3388
2792
3411
3938
3436
2748
468
0
0
0
651
85
3128
2382
4729
3835
2244
2891
3827
4899
4080
0
0
0
0
0
0
0
0
0
228
1305
0
728
0
0
0
0
0
0
1083
0
0
0
0
0
0
0
0
0
400
1121
612
2753
3533
2155
0
0
790
0
0
0
0
0
0
524
480
831
1998
3255
316
180
1171
0
0
0
396
0
535
0
0
0
0
995
841
0
0
0
0
295
0
0
0
0
0
0
0
1928
0
0
0
0
0
0
0
1351
2193
0
0
0
1011
0
0
0
0
0
0
2861
1971
2787
0
0
0
0
0
0
677
0
0
0
763
0
2006
0
4274
0
0
0
0
334
0
0
0
0
0
414
1220
2343
0
0
611
533
1623
1337
3307
0
0
0
0
0
0
0
0
443
887
88
131
0
0
0
0
0
0
0
68
236
1828
769
93
0
0
0
0
0
0
0
0
0
0
0
105
150
0
0
465
1586
1567
39
0
0
0
22
0
214
0
0
9
0
486
13
781
684
456
1504
1265
221
369
0
0
0
0
290
0
0
0
829
1252
1402
59
212
0
0
0
0
0
0
0
0
0
0
0
0
0
0
0
0
0
0
0
109
498
0
72
0
0
402
0
0
547
821
904
2218
1533
1232
0
0
0
329
745
0
0
277
482
0
0
884
2489
429
92
0
0
239
0
0
0
0
0
0
0
210
71
799
146
633
1075
0
0
0
0
0
161
0
9
46
0
402
195
649
0
366
543
584
389
0
0
0
0
569
454
0
223
0
0
101
951
111
9
26
275
416
594
504
101
0
945
806
109
205
116
0
0
167
0
244
2157
1981
0
1623
0
0
0
0
0
0
0
0
0
0
0
0
2467
0
0
1094
496
0
0
0
0
0
150
1954
0
434
0
0
0
0
480
2719
1581
1744
1243
1736
2603
233
0
0
58
0
120
0
1121
3322
366
581
1278
0
0
0
0
0
0
0
0
0
552
1332
0
0
0
0
0
0
0
0
381
1837
219
0
0
0
0
0
0
70
2529
3035
1848
857
3712
37
136
0
0
0
1477
0
271
4561
702
2394
0
805
711
3167
1114
0
448
4400
143
0
2212
0
1140
1980
18
272
881
186
922
1974
1401
0
1237
41
0
0
0
0
267
0
2356
1228
568
0
1048
3249
3016
92
0
0
0
374
2795
3437
0
812
564
2189
0
1719
1720
0
0
0
0
0
0
182
0
67
1376
0
0
0
0
0
0
0
0
0
0
0
0
795
0
939
0
0
0
0
0
0
0
0
0
0
0
0
1342
0
0
0
0
166
0
147
565
3408
0
0
0
81
1217
2077
0
0
0
0
0
0
974
66
0
856
0
572
0
0
2150
0
0
0
0
0
0
0
163
2260
1438
1041
642
1863
1911
0
0
860
1453
0
0
264
0
1052
2510
0
0
1493
3809
334
1450
1733
1331
0
7
0
0
0
0
0
440
2179
2238
1767
0
0
0
115
0
0
0
1218
1069
0
0
8
3000
0
0
0
429
1508
1211
0
0
961
924
197
0
0
255
0
0
0
818
4338
989
1691
1394
963
3565
0
0
0
0
0
0
0
3143
2670
0
0
890
1515
0
0
782
0
0
0
0
0
0
680
0
0
0
0
0
0
0
0
0
0
0
0
0
0
0
0
0
0
0
0
0
0
0
0
0
0
0
0
0
0
624
0
0
0
0
0
0
426
458
142
0
0
0
0
0
0
0
0
0
0
0
150
1659
1943
12
193
0
0
0
0
0
732
118
0
0
0
1421
2080
1890
1944
0
0
0
383
186
0
0
0
0
693
617
387
0
65
483
0
73
174
0
0
0
0
0
0
0
0
0
0
0
0
0
23
0
0
225
0
0
0
0
0
275
0
0
0
0
1731
0
0
2538
638
0
0
0
946
0
0
9
0
0
1358
0
0
0
820
0
0
820
0
0
0
0
0
611
0
0
0
251
522
118
2226
0
570
955
0
0
0
0
0
0
251
0
0
1203
0
0
1281
2464
976
0
366
597
194
1711
1807
708
1111
0
611
610
0
0
0
0
0
0
0
0
796
0
4759
313
239
255
0
0
0
0
0
0
0
0
0
1212
556
813
2181
1174
429
0
0
0
0
0
0
0
436
62
832
1729
1613
314
0
0
0
1163
1406
2591
1056
1679
294
0
0
0
0
0
0
0
0
0
0
0
0
427
0
0
189
0
0
0
0
0
0
0
0
573
365
4
0
0
0
0
1135
1864
0
0
0
801
1926
607
934
1286
677
2747
2415
757
1660
0
0
0
1474
1329
1274
2403
904
0
0
0
0
0
0
2549
0
313
1328
858
1991
1349
0
0
0
0
0
221
2216
672
586
1687
714
1003
0
0
0
81
0
134
0
0
413
0
1311
636
203
526
613
220
0
362
92
0
0
1101
0
1216
395
0
0
0
796
0
379
0
0
0
0
0
448
0
0
0
0
0
0
0
0
0
0
0
236
2181
0
0
0
0
214
0
0
0
0
0
236
194
0
0
469
0
0
417
310
0
0
504
525
1876
1330
0
0
575
0
0
0
0
0
0
0
0
334
780
0
589
0
0
0
0
0
0
0
0
0
0
1215
125
174
0
0
690
0
0
0
0
0
0
0
0
0
142
0
0
209
322
1741
1119
1223
1252
0
0
651
0
0
0
0
199
0
724
1355
0
377
0
592
83
122
0
0
251
279
0
0
185
289
0
1472
384
0
0
0
0
415
1094
0
0
0
0
74
443
938
216
0
0
0
0
1446
0
0
0
462
0
0
0
0
0
0
152
90
625
0
0
0
0
0
0
0
0
0
0
159
0
0
0
0
0
166
0
0
0
0
0
197
1078
0
0
0
0
0
0
0
0
354
3171
2122
455
2933
0
820
742
0
0
0
0
0
0
0
0
1321
4405
1314
1090
1439
372
0
135
968
0
0
564
0
2642
3068
0
0
0
0
0
0
0
0
79
608
0
2652
0
0
138
0
0
0
0
0
0
0
3940
664
831
0
0
963
2145
1352
0
0
274
0
0
742
0
466
0
0
0
41
3576
0
0
4117
1023
0
2004
0
426
0
0
84
646
3245
0
0
0
0
1512
1017
0
69
0
0
0
0
0
0
283
0
166
316
0
0
0
0
909
2777
0
0
0
0
0
0
598
374
0
0
0
0
544
0
0
0
0
0
0
0
0
0
0
0
0
0
0
0
0
0
0
0
0
0
0
0
424
0
0
0
0
1479
1790
175
0
0
0
0
0
0
0
0
0
0
0
0
0
0
0
0
583
0
0
0
0
0
0
0
0
0
0
0
0
0
0
0
0
0
211
1294
2003
674
0
0
0
0
0
0
0
2353
5507
3773
1358
0
502
347
1035
1168
0
0
0
0
715
1346
526
665
0
0
0
0
0
0
0
0
0
146
0
0
0
0
0
0
3941
1862
0
0
0
0
0
0
0
0
0
0
0
0
0
0
0
2
0
0
0
2248
360
914
1510
0
0
0
56
0
47
0
0
0
4137
3482
0
0
0
0
0
0
0
0
0
553
0
529
1240
206
931
0
584
0
222
467
0
321
873
0
843
2241
764
637
348
98
102
1045
325
0
0
1152
345
1066
1309
0
0
0
1824
2051
0
0
2331
0
0
2287
3348
102
0
0
0
0
0
65
0
109
494
0
0
0
0
0
0
0
0
1899
1193
0
634
0
0
0
0
0
0
0
0
0
0
0
0
1813
1710
0
0
0
0
0
0
0
0
0
1550
0
876
39
0
0
0
0
297
752
0
0
119
2601
0
444
0
0
0
0
0
0
219
0
0
0
372
0
0
0
0
0
0
900
0
0
161
0
0
0
0
0
0
0
0
0
2918
0
827
1015
0
0
250
0
824
81
0
0
127
671
0
0
545
0
193
0
0
613
0
99
0
0
0
0
1599
1213
0
553
333
0
266
0
223
61
0
0
0
978
0
0
1866
0
0
633
0
0
0
0
0
0
289
533
274
0
0
0
742
567
0
0
0
0
0
1204
768
0
0
0
0
0
0
0
0
0
0
0
578
0
0
0
0
0
0
1092
1821
2044
1376
1867
1592
1108
1686
863
0
1349
0
0
2264
161
165
0
0
0
1197
2850
565
0
1295
0
0
0
0
0
0
0
0
0
0
0
0
1058
0
1803
587
0
0
0
0
0
0
0
0
0
203
0
982
0
0
684
0
190
0
0
0
0
0
4354
0
12
0
0
1519
2897
979
0
0
1962
0
0
2970
0
0
0
0
190
61
0
0
0
4144
1019
0
0
0
0
0
0
0
0
0
0
0
3967
991
2383
0
0
0
0
0
0
0
0
0
0
1551
338
2354
0
0
0
0
0
2567
0
93
636
0
0
0
0
0
0
0
0
719
0
0
0
0
0
0
0
0
0
0
0
0
0
0
0
0
0
1708
0
0
0
0
0
0
0
0
0
0
0
827
650
29
0
0
0
0
0
0
56
0
0
0
0
14
178
240
248
0
0
0
0
0
0
0
0
0
0
0
0
836
179
81
0
0
0
0
0
0
0
0
0
20
71
54
62
0
0
25
70
0
0
0
0
0
0
0
0
0
0
0
31
241
0
257
227
22
0
0
0
0
0
5
85
0
25
44
178
234
68
224
396
0
0
135
0
0
0
0
0
0
0
0
0
406
0
0
113
0
0
0
0
0
0
0
0
116
125
129
0
45
0
0
0
248
151
35
203
0
0
0
23
0
0
0
0
0
208
383
454
455
11
0
0
0
0
0
0
0
217
176
0
24
195
199
0
0
0
0
0
32
44
0
0
0
0
0
0
0
0
0
0
0
357
143
57
0
0
0
0
0
0
0
0
0
0
0
1291
3292
4490
4490
5701
5228
3853
3269
1835
1187
1743
0
0
0
107
2571
1180
2326
2281
1817
2350
1635
0
0
0
0
0
0
0
43
0
0
0
0
0
0
0
0
536
0
0
0
0
0
0
651
0
0
0
0
0
0
0
0
0
429
0
0
0
0
0
0
0
0
0
0
0
0
376
0
0
0
63
0
0
0
0
0
0
364
1460
2129
283
0
0
37
0
0
0
0
0
0
0
0
0
616
0
0
1424
199
736
0
0
0
0
0
0
0
0
0
386
1742
0
1323
0
0
0
0
0
0
0
0
0
0
0
0
0
0
0
0
0
0
0
0
0
19
0
0
0
0
0
0
0
0
0
0
552
797
638
1238
0
627
0
0
0
0
0
0
0
0
160
1044
1842
313
0
0
0
0
0
0
0
0
420
0
254
502
0
0
0
0
0
0
0
334
569
803
3577
4323
2011
962
4328
2893
530
0
0
0
0
0
0
0
207
838
148
0
0
0
0
0
0
0
737
1913
2335
0
0
0
0
0
0
0
267
0
452
57
740
0
277
0
0
0
1329
0
0
713
489
827
0
0
240
2788
1513
0
2073
3305
1497
0
246
80
0
0
0
0
0
0
0
1186
1733
170
0
0
0
0
0
0
0
0
0
0
0
0
0
0
275
0
0
0
1967
2367
0
0
0
0
0
0
0
122
0
0
0
856
2204
1434
0
0
0
0
0
0
0
0
0
0
2373
1037
4333
0
0
0
0
149
636
0
0
0
0
0
1850
2110
0
0
0
0
213
1982
964
0
0
0
0
0
0
0
0
0
0
0
0
0
0
0
0
0
0
0
0
0
0
0
0
0
0
0
0
0
44
225
1
0
0
0
0
0
0
0
0
0
594
1777
1287
816
0
0
0
0
0
0
0
0
0
687
3390
3998
2470
667
1499
1322
0
0
0
0
0
288
0
308
490
1647
245
1848
2367
532
0
0
0
0
0
0
0
0
0
0
0
0
2029
0
0
0
0
0
0
0
0
0
0
0
0
0
0
0
0
0
0
0
489
0
0
0
0
0
0
0
0
0
0
0
0
1897
2810
529
0
0
0
0
0
0
0
0
0
0
3208
214
283
0
0
0
0
226
0
0
0
0
0
2336
1492
1129
0
0
0
0
3167
0
0
0
149
220
2513
3241
1180
0
0
3340
2314
2499
0
0
55
269
1594
2379
2894
1831
2346
3506
3667
1159
2256
0
0
0
0
0
144
0
0
171
0
0
0
617
0
0
0
405
0
0
816
1680
1588
1517
1707
0
0
0
0
0
0
0
0
0
0
0
0
0
0
0
0
0
0
0
0
0
0
0
0
0
0
0
0
0
0
0
0
0
0
0
0
0
0
0
0
0
0
0
0
0
0
0
7
0
3791
1881
0
0
1574
0
0
0
0
0
0
0
0
0
0
0
391
0
0
0
0
0
0
0
0
0
0
0
63
0
0
0
0
0
0
3452
0
0
0
105
0
0
0
0
0
0
0
0
2141
2352
0
285
1683
0
0
0
0
0
0
0
0
0
0
0
387
0
0
0
0
0
0
0
0
0
0
0
0
408
174
0
0
0
0
1066
0
175
0
0
0
0
0
0
0
0
0
0
0
0
0
0
0
0
0
0
0
0
0
0
0
0
0
749
662
1983
2306
1745
941
0
0
0
198
250
0
0
4332
530
0
520
0
0
665
1652
0
951
1004
0
507
2584
0
0
0
0
0
0
0
0
0
0
0
1528
0
0
102
0
0
0
0
0
0
0
356
408
638
0
0
434
521
2527
0
0
0
0
0
0
0
529
0
0
0
27
5070
208
0
974
0
320
2163
0
775
0
0
0
0
1967
319
0
0
0
186
2075
0
178
0
0
0
0
0
0
0
0
0
237
0
0
0
0
1266
421
0
0
0
495
0
0
634
801
0
0
0
0
316
0
0
0
3216
0
0
0
0
0
0
0
0
0
0
0
0
0
0
0
0
0
0
0
0
0
0
0
0
0
0
0
0
0
0
0
0
0
910
1054
1563
2417
2245
1711
679
458
0
1581
0
0
0
693
2357
1689
1800
1099
1206
1104
1040
551
0
0
0
0
0
1284
2710
1671
377
0
0
0
0
0
0
0
0
0
733
3456
3145
2748
1214
1093
1214
0
0
0
0
0
0
590
914
0
766
1192
267
2158
990
0
0
0
0
0
0
0
0
0
0
0
166
803
0
0
0
0
0
0
569
0
0
0
0
774
209
0
0
0
0
0
0
1132
1731
480
0
0
0
49
0
0
0
0
0
0
0
2352
0
0
0
0
0
0
0
0
0
0
0
0
528
0
0
0
0
0
652
0
0
0
0
30
509
1607
1692
0
0
0
0
1113
0
0
0
0
0
3219
4023
488
0
0
1734
241
894
0
0
160
0
564
2526
3296
597
1183
1047
18
0
0
0
0
0
1038
342
712
102
513
1305
1202
1420
606
0
0
89
0
155
1037
2245
2183
1844
1093
608
1808
2971
0
0
0
0
0
0
0
0
0
792
2468
2400
1665
491
0
0
0
0
377
0
0
0
0
1167
443
478
0
0
0
0
0
153
0
0
0
0
0
0
0
0
169
59
0
32
0
0
401
551
0
0
1453
0
0
0
0
1576
1864
1201
536
749
1758
323
0
1555
0
0
0
0
1149
1788
1229
0
0
0
797
0
45
0
0
0
0
2114
796
0
670
0
0
0
52
0
0
0
0
0
2126
0
0
588
815
883
0
0
66
249
0
0
0
651
534
1270
0
0
1321
0
0
0
0
0
0
0
0
671
463
0
0
0
0
0
0
0
0
0
1192
0
0
0
10
0
0
0
0
0
0
0
0
0
0
0
0
0
0
0
0
0
0
31
2549
0
0
0
0
293
852
0
0
0
0
0
0
0
0
103
0
0
926
1432
856
0
0
0
0
0
0
0
120
0
0
0
0
0
435
71
0
1043
860
468
0
34
0
0
0
309
0
0
19
1045
2760
900
185
0
0
0
0
0
0
0
0
381
476
0
0
0
0
0
0
0
0
70
2238
766
168
0
0
0
0
0
0
0
0
752
30
1757
262
27
0
0
38
0
0
0
0
1610
3036
0
0
695
2886
0
0
0
0
0
0
0
0
570
0
0
0
276
0
452
702
133
0
44
0
0
0
0
0
0
0
0
18
245
0
0
187
834
0
0
140
0
0
0
536
2163
641
0
0
0
381
610
73
0
164
0
1416
1095
0
40
0
0
52
942
0
547
488
1238
511
0
0
0
595
3890
1200
137
0
0
0
0
0
0
0
0
0
0
0
0
798
0
0
430
2782
2058
0
0
0
0
0
0
0
326
0
0
0
0
0
0
1479
0
2121
2327
1523
0
0
0
0
0
0
0
0
0
0
0
887
52
0
0
0
0
0
0
0
0
0
686
0
37
0
0
0
0
0
189
1023
3270
551
0
0
0
0
0
0
0
0
0
114
997
4634
34
0
1383
1044
0
0
0
0
0
643
924
0
0
0
5383
3998
0
0
0
0
0
0
0
0
0
0
0
604
0
91
1693
0
0
0
0
0
406
0
76
0
0
0
1443
0
0
0
0
0
0
477
1928
0
914
1898
2373
5554
0
0
0
0
0
0
0
0
1010
3280
6058
4709
3154
3178
0
0
0
61
819
862
813
951
1013
949
902
748
0
0
0
0
37
466
470
116
123
159
598
1007
910
499
377
450
0
43
0
0
0
0
0
0
0
295
123
555
350
0
0
0
0
0
0
0
0
0
0
0
0
0
107
73
0
279
0
511
143
0
0
0
0
174
0
257
453
0
416
328
40
400
264
68
0
0
341
758
151
0
478
1040
425
0
282
635
439
94
0
284
462
69
29
96
0
0
0
0
0
1830
964
214
0
53
202
51
260
0
0
0
0
0
718
833
716
0
0
266
124
223
0
0
143
147
0
0
0
0
0
0
68
0
869
530
0
0
0
703
0
0
0
0
0
0
0
0
0
0
0
0
0
0
0
0
0
0
0
0
0
0
0
0
0
0
0
0
0
0
0
0
0
0
0
0
0
0
0
0
409
0
0
0
0
0
0
0
0
0
0
440
476
0
0
0
0
0
0
0
0
0
0
0
0
0
0
0
0
0
0
0
0
0
0
0
170
2060
0
0
0
0
0
0
0
0
0
0
0
0
379
0
0
0
0
0
0
0
0
0
0
1007
1456
637
0
640
503
462
0
0
0
0
1329
0
1737
657
0
0
0
0
0
0
0
0
0
0
0
0
0
0
3925
2280
0
0
0
0
0
0
0
0
0
0
1375
5390
0
0
526
0
0
0
0
0
552
0
283
952
0
0
376
0
0
0
0
0
225
0
0
0
0
0
565
0
0
0
0
279
0
0
0
0
0
817
376
0
0
0
0
0
0
0
0
0
0
0
0
0
0
0
0
0
0
87
695
1208
1690
1961
1913
1406
500
229
195
2182
0
0
0
1618
2142
1774
1564
1373
1498
1191
1761
0
0
0
0
0
62
1115
1152
0
0
0
237
0
0
0
0
0
0
0
0
0
267
1376
492
164
703
0
0
0
0
446
0
0
314
0
0
1546
0
2050
0
0
0
428
0
249
0
0
0
0
1815
865
0
0
449
75
217
473
373
80
293
0
200
0
0
0
212
0
0
0
0
0
426
0
593
0
0
0
0
0
0
0
0
31
253
2861
0
155
0
1042
0
0
0
0
0
0
305
0
946
388
0
0
0
398
0
0
0
0
0
0
0
807
0
0
0
0
0
0
0
0
0
500
1140
0
0
701
885
272
0
0
0
0
368
0
0
1381
871
0
0
1939
1176
921
800
0
0
0
0
0
0
0
0
0
0
0
0
0
0
0
0
1394
0
0
0
0
0
0
0
0
0
0
0
0
342
0
0
585
810
1200
1891
1592
693
0
0
67
0
0
0
0
845
154
1052
2341
1628
1084
843
201
0
0
0
0
227
915
0
208
564
1249
409
2360
1704
729
0
0
0
1403
855
274
0
0
0
0
0
0
847
0
535
130
355
0
0
0
0
0
0
0
0
0
0
1264
438
0
0
0
0
1261
825
556
0
0
0
0
361
57
0
0
323
914
945
787
529
0
1554
0
1704
0
402
0
0
0
925
0
0
0
956
0
0
1526
348
0
1141
0
0
852
613
0
0
61
395
481
4130
1424
0
58
180
0
0
211
844
0
0
301
1875
2701
1210
0
0
68
443
0
198
0
0
0
0
0
651
1069
0
0
0
0
0
0
0
0
0
0
0
172
1352
0
0
0
0
0
0
0
0
0
0
0
0
390
0
0
275
717
2032
1166
0
0
0
18
1340
669
220
0
223
0
0
545
0
690
438
688
1834
0
0
0
0
629
0
0
0
0
0
23
1560
2358
383
0
2
394
0
0
1008
0
0
0
0
0
0
0
0
1705
459
28
0
0
0
0
621
267
0
0
0
221
1228
0
0
538
1278
113
1476
1797
687
56
520
0
710
116
0
0
161
151
0
0
1008
0
0
2058
0
0
0
0
0
0
0
0
0
0
0
1267
0
0
1670
0
0
0
309
1434
0
0
0
265
0
0
0
665
0
0
84
1440
2443
1752
475
26
0
0
540
0
93
0
0
546
788
879
1333
1900
1550
999
1199
302
0
463
0
0
0
0
0
0
0
0
0
0
0
96
0
31
0
0
181
0
0
0
0
0
0
0
1427
0
0
0
0
454
151
0
0
0
0
0
0
858
0
0
0
0
163
1600
656
0
0
0
0
333
421
0
0
0
0
0
591
8
0
0
0
0
0
4
0
0
0
0
0
0
0
0
0
0
0
485
0
0
0
63
0
0
188
0
0
156
261
0
0
0
0
0
0
0
0
130
781
0
0
782
0
0
0
0
0
440
675
1052
0
738
667
0
0
0
39
0
0
0
391
780
358
0
0
0
0
0
0
79
0
0
0
59
0
459
0
0
96
0
0
0
0
0
0
0
0
0
733
1125
808
547
0
0
0
1154
1106
0
0
907
0
0
783
2235
439
0
386
698
0
0
0
0
0
0
780
0
0
0
0
234
1267
1774
1913
0
0
329
711
0
0
0
106
0
0
0
0
5778
1545
0
500
662
0
0
0
0
0
0
0
228
1392
1451
0
0
0
0
0
0
0
0
0
0
0
0
0
0
0
0
428
947
205
2851
1957
0
0
0
0
0
0
0
549
0
0
0
1701
1987
0
0
1921
569
0
0
0
0
0
0
0
0
0
0
0
3468
1666
0
0
0
0
0
0
0
0
0
0
0
562
443
0
0
0
0
0
0
1045
1774
0
0
0
0
130
0
0
0
0
0
0
2777
2270
2628
165
0
0
0
0
0
0
0
321
619
1287
0
2346
2860
1057
0
90
0
0
0
0
0
0
0
0
0
243
0
0
0
192
0
2046
0
0
0
0
0
0
0
0
0
0
482
0
0
0
0
0
0
0
0
0
0
0
0
48
0
0
0
33
0
0
216
372
0
0
350
0
51
0
0
0
2
0
0
0
2
188
50
0
0
178
0
0
0
0
0
0
787
986
179
95
0
0
0
0
0
193
261
0
0
0
1002
1157
176
0
0
60
0
75
193
167
0
0
66
392
575
302
0
295
546
0
0
12
0
0
0
0
0
0
0
0
0
0
0
0
5
0
0
0
0
0
0
0
0
0
0
0
0
0
0
448
0
0
378
329
0
0
0
701
0
0
5
0
141
1156
0
0
160
107
0
0
0
0
0
0
0
0
496
0
71
0
0
345
35
829
161
309
400
0
0
0
0
229
0
274
0
1
816
592
0
461
866
0
0
0
193
0
562
668
0
252
227
0
0
0
0
0
0
0
0
0
0
0
0
0
0
0
0
0
0
0
0
0
0
0
0
0
0
0
0
0
0
0
831
1788
339
0
0
0
0
0
0
0
2319
5062
3118
3867
1288
114
12
0
0
0
0
0
0
3698
0
0
1566
2412
0
1939
0
205
0
0
0
2145
1939
0
0
0
698
0
0
1907
4123
1029
0
0
0
0
0
0
0
0
0
0
0
0
0
0
0
0
0
0
0
0
0
957
0
0
0
0
0
0
0
0
0
6970
2891
465
98
0
0
0
962
0
0
0
0
0
5138
787
1756
790
0
0
0
0
682
0
894
1338
0
3611
2481
1225
0
0
1624
395
6392
3701
0
0
0
0
0
0
1524
0
0
2773
5116
4230
4624
0
0
390
2329
14
0
318
327
2606
4511
2083
1925
2603
0
0
0
0
0
0
0
0
0
0
0
0
0
0
0
0
0
0
0
0
0
0
0
0
0
0
0
0
0
252
0
173
431
0
0
0
0
0
0
0
0
1041
3881
3227
3860
2354
0
0
0
0
0
0
0
100
2895
0
0
738
2270
77
1420
694
27
0
0
0
2025
2189
0
0
0
504
0
0
625
2645
592
0
0
0
0
0
0
0
0
0
0
0
0
0
0
0
0
0
0
0
0
0
0
0
0
0
0
0
0
0
0
1218
5546
3601
746
515
0
0
0
1147
0
0
0
0
0
5444
532
1265
409
0
0
0
0
184
0
30
316
0
2493
1324
624
0
0
261
524
4971
3489
0
0
0
0
0
229
1379
0
0
1357
4246
4015
5307
0
280
812
1522
0
0
671
378
2259
3185
77
1105
2415
144
94
364
224
0
0
53
366
382
505
1968
1061
89
703
300
0
0
0
0
0
0
0
0
982
1285
0
1445
2371
111
0
0
0
0
0
0
0
769
1687
0
914
199
0
0
0
0
0
0
77
0
0
616
0
448
0
0
802
0
0
0
0
538
372
291
1429
0
475
0
0
644
323
0
0
863
0
0
0
602
90
330
0
89
151
0
0
253
1797
2061
275
630
1445
0
646
560
1338
272
0
0
0
1267
492
0
774
0
0
704
1046
2298
579
0
0
0
0
215
1257
505
0
0
384
1096
2201
1450
0
0
0
979
0
831
0
0
0
123
543
686
0
0
0
0
945
0
0
0
0
0
610
716
667
415
0
0
0
0
0
0
0
0
0
0
0
0
0
0
0
0
0
0
0
0
0
0
0
0
0
0
0
0
0
0
0
0
0
0
1010
0
0
0
0
0
0
0
0
0
0
0
0
0
0
0
0
0
412
2436
1765
709
275
698
26
0
0
0
0
807
702
1361
1787
0
252
394
462
616
0
0
0
0
181
0
180
1161
255
0
0
0
0
0
0
0
45
0
0
0
0
0
0
0
259
136
0
0
0
436
0
0
0
0
0
619
0
0
0
0
0
5
0
369
245
0
1244
3880
1331
0
0
0
1013
0
0
0
0
0
0
324
620
0
0
463
0
0
0
0
0
0
0
0
29
0
232
335
112
0
700
0
0
671
554
0
420
719
88
1734
934
34
0
372
0
0
0
1690
1450
0
0
0
0
0
0
0
0
0
220
0
0
126
1254
0
0
0
0
0
385
1035
0
0
0
0
0
0
0
0
0
0
0
0
447
2637
0
0
0
0
0
0
0
0
0
0
0
0
928
0
0
824
207
681
1295
717
335
0
0
0
0
515
0
173
418
0
0
564
1638
1177
652
36
0
0
606
0
716
337
0
0
0
334
933
1917
1236
1087
814
305
343
950
382
319
0
0
0
0
0
0
435
38
1368
258
345
0
0
0
0
0
0
0
0
0
0
1883
0
71
187
0
0
560
1303
666
0
43
0
211
780
0
0
193
617
39
0
1193
1473
277
1990
0
370
46
37
213
0
0
70
0
0
0
1114
481
0
1059
942
0
910
0
0
117
308
0
0
0
418
108
2665
1542
0
850
196
0
0
0
478
0
0
218
809
1282
1319
0
304
936
781
0
0
704
105
801
976
762
544
1277
0
0
0
0
0
0
0
0
0
0
0
4081
0
0
55
0
1351
2210
0
0
0
0
0
0
1063
0
0
0
0
1746
3699
2661
0
0
0
0
0
0
0
0
0
0
0
0
0
624
170
362
3300
197
0
0
0
0
0
0
443
0
0
0
3082
5956
2270
1436
0
0
0
0
0
137
0
0
0
811
0
0
0
0
0
0
0
0
750
2120
316
0
140
221
0
0
0
0
0
976
3092
179
2217
2724
2356
0
0
1547
0
0
0
0
1449
3562
0
0
2410
3750
0
0
0
0
0
0
0
0
1562
0
0
0
0
0
354
0
1690
0
0
0
0
0
0
0
0
0
48
0
0
787
0
0
724
1503
2485
1282
0
0
0
0
1678
0
0
0
0
934
1237
1545
506
1592
0
553
1155
87
0
0
0
0
0
1010
1221
1917
1707
2182
2003
577
815
0
1109
0
0
0
1133
1734
1345
2969
3123
2688
2628
3401
14
1774
0
0
0
0
0
0
0
0
0
0
0
0
0
0
0
0
0
0
802
1926
98
0
0
0
0
0
0
0
0
0
824
856
0
983
1350
0
0
931
0
0
0
0
21
0
13
0
1212
2831
1080
221
828
2665
0
0
0
0
79
0
0
0
0
205
0
1483
0
0
0
0
0
0
0
0
0
0
282
0
604
0
0
0
0
0
829
0
1768
0
0
0
0
0
0
0
0
0
0
1518
1016
1246
890
808
0
0
0
0
0
0
0
255
0
0
0
1392
0
0
0
0
0
112
0
0
0
0
0
1720
872
209
0
0
0
245
1416
0
354
0
0
0
174
0
0
0
0
0
0
0
0
0
1070
644
1305
942
1471
1933
762
1460
0
0
2004
0
0
1456
1584
2202
2350
2292
2224
1827
4349
2884
546
0
0
0
914
0
153
390
567
1980
2250
2005
856
0
0
0
0
0
0
1321
325
0
17
1846
768
0
0
0
0
618
0
0
225
0
0
0
0
0
0
0
0
1450
1011
524
0
0
175
2927
1232
0
184
1597
0
1816
1276
2476
1152
172
0
0
1920
0
0
2119
504
843
1022
161
351
914
517
0
0
919
0
0
1246
0
421
0
877
936
694
0
0
0
0
0
0
765
0
0
0
1136
2084
0
0
0
654
233
0
0
0
0
0
0
35
612
0
2099
2050
1616
4566
0
0
0
0
0
0
90
0
0
0
681
1241
859
0
0
0
0
0
0
597
0
0
0
449
840
0
0
0
0
0
0
0
850
0
0
0
0
0
0
0
0
0
0
62
5655
612
62
172
0
812
185
0
0
0
1168
0
0
1487
141
0
1234
0
0
0
0
970
2338
3081
2782
0
896
0
90
0
0
0
0
0
0
1967
1757
3243
408
1255
0
806
0
0
0
0
0
0
0
0
447
0
1810
1123
434
346
51
0
0
0
0
0
0
0
0
3563
536
2754
2479
1529
77
299
4425
1672
0
0
0
324
2507
0
2439
4109
3336
744
12
2211
3198
0
0
0
365
1768
528
4080
1863
0
0
0
0
47
648
5031
0
588
1108
700
4914
0
0
0
0
0
0
589
2085
801
562
793
797
2418
0
0
0
0
0
0
0
0
0
0
357
1181
857
2222
2441
0
0
197
0
0
0
0
0
0
0
0
0
0
0
0
0
0
0
0
0
0
839
356
660
0
0
0
0
0
0
0
0
200
1327
3365
40
0
0
0
0
0
0
0
0
0
0
0
672
0
0
741
1293
2350
1303
0
0
0
0
0
0
4
0
0
48
265
572
0
0
0
77
2732
1429
0
405
0
0
0
0
0
0
0
0
481
2003
988
0
0
0
0
0
0
0
0
0
0
0
0
0
0
0
0
0
0
0
0
0
0
0
0
0
0
0
331
0
0
34
982
2216
3202
1256
1012
0
0
0
29
756
0
0
0
27
0
0
516
1368
0
1046
0
0
289
0
0
75
0
0
0
0
0
289
1234
0
868
1291
0
0
0
0
0
340
0
0
0
0
0
0
525
0
0
374
1059
1391
138
0
0
5
1691
906
0
62
0
0
0
1299
1094
1454
2397
2467
2201
1156
211
0
0
576
1194
593
449
0
534
455
392
89
789
2352
1887
5622
766
724
76
0
0
0
0
0
0
0
0
0
1109
1225
0
1142
1029
2754
1618
103
234
0
0
0
0
864
0
692
260
1044
1183
0
1967
2305
2287
3548
3033
611
1949
0
0
0
0
0
0
0
324
0
0
0
92
454
29
0
0
0
0
0
0
0
0
92
0
0
0
0
0
0
0
0
1236
750
0
0
0
0
0
358
0
0
371
842
3433
4996
1695
112
0
0
0
828
1555
0
258
164
0
0
0
0
2620
1661
1137
0
0
1135
0
0
890
0
0
0
0
621
301
1187
468
724
1793
0
0
0
0
0
301
0
0
0
0
158
0
115
171
501
0
639
1878
341
0
0
0
244
0
0
0
212
224
0
0
970
1279
1570
1792
466
105
0
0
0
1493
2131
1406
947
0
0
269
799
575
1744
5514
2756
0
3378
128
0
0
0
0
0
0
0
0
0
0
0
5255
0
0
305
0
0
0
0
0
0
0
3007
0
1245
0
0
0
596
0
5343
4407
4938
3496
2354
3992
0
0
0
0
0
0
0
1073
4884
0
0
0
494
0
0
0
0
0
0
0
0
944
0
0
0
0
0
0
0
0
0
0
0
391
1743
771
0
0
0
0
850
3648
4675
2244
2175
3633
886
923
0
0
0
1441
0
1419
7401
3920
0
0
0
0
2700
2676
0
0
3336
0
796
4209
197
0
0
0
0
704
93
1877
1241
1195
0
2088
131
0
0
0
0
0
0
717
0
0
0
0
4336
4489
1132
1620
702
0
0
1457
1517
360
54
0
1102
51
298
0
0
0
0
0
0
0
0
0
0
0
0
1214
919
1263
390
787
284
0
739
0
477
2842
0
46
2262
0
1170
246
0
0
21
1047
0
0
966
0
495
1589
0
432
357
0
0
0
0
0
0
80
0
2404
1363
0
0
0
0
0
0
0
0
0
72
0
1321
0
0
745
0
0
0
0
0
0
0
3893
0
0
0
0
226
2469
1367
0
0
1899
0
0
2125
0
0
0
0
0
0
1657
0
0
4265
1250
122
0
0
0
0
0
0
0
871
0
0
199
0
2343
0
0
0
0
0
26
0
0
0
0
0
0
1176
0
0
0
0
0
3329
0
0
0
0
0
0
0
0
0
0
0
0
0
0
0
0
0
0
0
0
0
0
0
0
0
0
0
0
0
0
0
0
0
0
0
0
732
108
0
0
62
1633
2690
1400
0
0
0
0
328
641
1795
2202
2245
2419
2496
2204
1732
1353
541
973
0
509
0
531
2468
2353
2144
1630
1119
1293
1851
0
0
0
578
0
0
525
433
126
0
0
891
1267
0
233
0
0
0
0
0
0
0
464
1006
1546
1434
695
295
0
0
0
0
0
151
0
0
0
384
878
419
0
0
0
0
0
0
0
0
0
0
0
0
0
0
0
0
115
1485
2034
2165
1699
1168
172
0
0
0
0
0
0
1098
1743
1429
413
1206
322
555
1019
53
184
0
0
55
1964
1034
196
0
0
0
881
1903
259
1382
319
0
0
1235
0
0
0
0
0
0
0
512
406
867
0
0
317
0
0
0
0
0
0
0
0
0
0
0
437
354
0
0
146
0
110
1206
198
0
0
0
0
0
0
0
0
0
0
0
0
0
0
0
0
0
0
0
0
0
0
0
0
0
0
0
0
2104
2025
0
908
0
400
740
0
0
0
0
0
614
953
0
0
1768
512
304
1757
1449
0
321
780
370
1531
1417
0
1223
1847
0
0
0
0
0
0
0
0
385
273
0
1202
0
0
937
66
0
0
0
0
0
0
3264
768
233
0
0
1083
1405
340
0
0
0
0
0
282
0
255
0
0
0
479
2581
409
0
3076
1009
0
1240
0
0
0
0
0
0
3948
1795
0
0
0
1828
1486
0
0
0
0
0
0
0
0
620
0
936
1075
0
0
0
0
501
2375
0
0
0
0
208
0
479
1133
137
0
0
0
960
0
0
0
1591
0
0
0
0
0
0
0
0
0
0
0
0
0
0
0
0
0
0
0
454
0
0
0
0
170
438
0
0
0
0
0
703
0
0
0
0
0
0
0
0
0
0
0
4525
534
0
703
0
1166
645
479
178
0
1287
0
0
2192
0
0
1318
0
0
0
0
774
1903
2368
2066
0
1779
0
0
0
0
0
0
0
0
1465
1283
2806
336
2565
0
654
0
0
0
0
0
0
0
0
29
0
3037
651
350
115
0
0
0
0
0
0
0
0
0
4544
181
2323
2031
1106
99
245
3127
896
0
0
0
0
3934
0
2024
3392
2486
495
0
1111
2467
0
0
0
101
2988
165
3531
1516
151
0
0
0
0
0
3888
0
699
2161
187
3927
0
0
0
0
0
0
272
2125
617
274
1407
297
1904
0
0
0
0
0
0
0
0
0
0
982
778
393
1273
1528
0
0
0
0
0
0
0
0
351
0
0
0
0
0
0
0
0
0
0
0
0
2008
0
0
262
389
503
0
226
374
0
44
0
0
0
0
0
0
2797
2439
3464
3062
775
510
701
0
1181
0
0
0
0
0
0
0
0
66
784
0
0
67
0
0
0
0
0
0
2902
1621
0
0
0
0
0
0
0
541
600
0
454
1655
4369
4049
2305
1519
1100
0
0
0
0
0
0
0
2163
2006
603
3629
182
955
1820
0
0
0
0
0
0
1988
0
0
0
0
0
0
0
0
0
0
0
0
0
0
0
0
0
348
0
0
0
0
0
1982
1455
1129
4887
1294
0
0
0
761
0
0
0
0
514
4958
989
2149
1111
197
0
0
0
0
0
0
0
0
1468
0
382
0
1771
1050
563
2155
0
290
863
0
0
0
0
103
1046
3731
0
0
1838
0
0
3238
6239
957
0
0
1680
916
3502
3765
40
2065
223
0
0
0
0
0
0
0
0
0
0
0
0
1157
0
0
0
0
0
0
0
0
0
0
1354
1686
0
0
565
0
0
0
348
950
187
0
1049
4266
1819
0
0
63
1558
2073
0
1518
0
0
0
0
259
0
0
608
232
1503
1434
540
2494
2002
0
0
0
0
0
0
0
1521
1469
1768
335
0
67
0
493
1212
390
18
0
511
0
0
1251
0
0
0
1924
552
455
802
431
296
853
0
0
0
0
0
413
1193
1550
1082
836
839
167
0
0
0
0
3121
4606
718
0
0
2749
942
315
0
479
0
200
821
1395
303
0
0
389
126
405
0
0
0
649
3551
2035
639
332
0
3339
2696
907
1426
239
0
0
0
1888
513
0
0
0
0
0
0
2048
1400
0
778
0
312
0
0
0
0
0
0
0
1911
2733
907
0
0
0
0
611
417
807
930
0
441
0
0
0
0
0
715
0
0
465
1539
1782
1103
2884
0
0
0
0
0
0
305
0
0
0
0
0
0
0
0
0
0
0
0
0
1177
1307
2349
725
1065
0
0
0
0
0
350
228
0
0
0
283
2688
380
1674
0
0
0
0
941
1386
0
0
0
474
3094
0
0
0
607
0
0
944
569
0
0
0
0
0
0
0
500
0
0
0
166
0
0
0
0
0
0
0
0
0
0
0
0
374
254
4003
0
1261
0
0
0
0
0
1233
0
0
886
0
143
2663
47
0
135
547
0
0
0
0
0
38
0
52
0
0
296
0
0
0
0
870
1055
891
1923
0
0
404
814
0
0
0
772
88
1138
2883
0
1031
321
0
0
561
0
0
0
0
0
0
598
0
0
310
254
364
400
554
707
221
575
544
1209
70
0
0
0
409
116
0
0
19
211
333
392
1032
0
0
388
0
0
687
632
0
0
0
0
0
132
0
285
298
0
0
872
953
716
233
44
118
0
0
0
9
0
0
692
429
0
521
1007
0
108
152
1123
149
0
0
0
263
415
0
602
586
234
0
0
497
0
0
0
0
0
0
0
0
0
1008
529
354
283
0
0
0
46
0
0
868
1033
0
77
0
897
291
0
0
0
0
139
0
703
342
517
18
0
396
0
0
0
0
329
1413
0
378
12
578
287
0
0
57
0
0
0
0
0
0
0
655
667
0
0
0
0
0
7
331
0
0
63
570
0
0
0
0
0
0
0
82
241
0
0
0
151
0
0
0
0
0
0
0
0
0
0
0
0
0
0
0
0
0
0
0
0
0
0
0
0
0
0
0
0
0
0
0
132
758
0
0
0
0
0
0
720
0
0
196
2363
0
224
0
0
1487
0
0
0
0
0
0
0
849
0
0
0
0
954
0
0
3706
0
0
0
0
0
0
0
0
1777
0
1090
311
0
1103
0
890
351
1063
0
0
0
0
0
1241
0
0
0
2517
0
0
177
0
0
0
0
0
0
0
0
133
262
2280
1088
0
0
0
0
0
0
0
0
0
0
0
0
1167
0
0
802
0
0
0
0
0
1576
1649
782
0
318
82
0
172
0
0
3194
320
1004
827
336
4776
2048
0
0
0
0
0
0
780
611
0
0
0
3272
404
0
0
0
0
0
0
0
0
0
0
0
0
0
0
0
0
0
0
72
0
0
0
0
0
0
0
0
1108
852
0
188
1470
0
0
0
0
0
0
0
0
713
1277
0
1107
4201
341
0
0
0
0
0
0
0
1125
2361
0
1583
1953
0
0
0
0
0
0
0
0
0
1017
124
1875
0
0
623
0
0
0
0
0
0
0
2408
1796
645
0
0
964
1271
1682
0
0
0
0
0
666
369
579
0
0
0
0
1844
0
370
3140
497
317
1962
131
758
0
0
0
0
0
0
0
0
0
1496
732
12
84
0
0
0
0
0
0
0
0
0
1050
0
0
0
0
1452
2216
0
0
0
283
0
0
614
0
0
0
0
0
443
0
0
0
1271
0
0
0
0
0
0
0
0
0
0
0
0
0
0
0
0
0
0
0
0
0
0
0
0
0
167
0
0
46
0
0
0
0
0
0
0
0
0
0
0
0
139
0
0
0
0
0
0
0
0
0
0
0
0
699
829
0
0
0
0
0
621
963
513
0
0
0
0
560
114
0
0
644
985
737
392
0
0
0
0
0
0
69
0
0
34
1054
229
697
784
1540
0
0
0
0
0
0
0
0
0
0
0
0
0
0
971
0
0
0
0
0
0
0
0
0
0
0
0
0
0
0
0
187
0
0
0
0
2895
2654
0
0
0
349
2171
0
0
0
0
0
653
2346
2176
0
0
0
0
0
0
0
0
77
507
0
336
0
0
756
0
0
1490
292
565
0
515
0
0
0
0
3239
2289
0
0
0
0
460
53
72
0
0
0
0
0
0
0
0
0
0
1214
605
0
0
454
0
0
0
0
0
0
0
0
78
832
581
844
181
319
293
369
444
618
3455
2041
0
957
0
0
0
0
0
0
0
0
0
0
0
0
2384
1421
0
0
0
0
0
0
0
0
0
206
0
1486
0
0
0
0
0
618
358
0
0
0
2071
0
0
0
0
0
0
0
0
941
0
0
0
861
0
0
0
0
0
0
75
0
643
557
0
0
0
0
0
0
0
0
0
1510
0
0
1402
0
336
0
0
60
0
0
0
0
1030
0
0
0
0
387
0
0
81
126
653
0
0
0
0
1493
165
0
91
145
0
0
0
824
876
0
0
0
1251
0
0
864
0
0
384
0
0
0
0
0
0
190
0
0
0
0
0
1190
1128
0
0
0
0
0
761
463
0
0
0
0
0
205
0
0
0
0
0
842
0
0
0
0
0
0
0
0
0
0
0
0
0
0
0
0
3230
1419
0
960
0
544
965
0
0
0
0
0
0
155
0
0
1949
212
419
2049
1934
0
965
1639
519
122
0
0
1542
1834
0
0
0
0
0
0
0
0
0
490
0
1580
0
0
0
85
0
0
0
0
0
0
3276
0
403
0
0
402
1234
724
0
0
535
0
0
528
0
326
0
0
0
381
3797
1190
0
2531
639
0
1164
0
0
0
0
0
0
3503
1200
0
0
0
1436
376
0
0
0
0
0
0
0
0
2100
0
9
540
0
0
0
0
0
1997
0
0
0
93
0
0
900
458
0
0
0
0
347
0
0
0
4
0
0
0
0
0
0
0
0
0
0
0
0
0
0
0
0
0
0
0
635
216
0
0
0
913
1387
188
0
990
0
0
0
0
0
0
0
0
0
0
0
0
0
0
0
0
0
0
0
0
0
0
0
0
0
3261
3491
412
0
0
0
0
0
0
0
0
0
0
875
639
550
0
0
409
1606
601
1240
0
0
0
0
0
0
717
0
0
1167
2740
1000
1213
2609
1620
152
0
808
0
1325
0
0
147
0
138
0
0
466
1623
1550
0
921
818
0
0
0
0
0
0
0
0
107
0
0
0
1538
393
0
0
0
0
0
172
547
145
0
1945
0
1375
0
0
0
793
3868
4925
3552
0
0
0
991
0
749
228
0
0
2245
0
688
204
0
155
0
0
0
1260
933
0
1175
0
0
0
0
563
3420
526
898
496
2049
440
0
0
0
0
0
0
0
0
0
135
1416
1763
2267
1293
1825
1457
0
0
0
0
0
0
0
715
2528
481
3
0
0
0
0
0
0
0
0
0
0
5044
0
0
495
345
1037
577
41
0
0
0
0
0
1521
0
0
1268
603
827
624
182
745
1043
767
1418
0
785
0
0
627
911
183
0
0
0
556
1312
2360
95
1102
0
122
0
0
0
0
0
0
0
212
514
0
256
0
73
98
498
0
320
0
0
0
0
0
0
1679
0
624
473
476
684
2215
1601
465
0
0
0
0
2420
0
6
676
1419
1500
1433
1106
1347
0
173
0
24
2030
0
0
0
0
0
0
0
0
204
3078
0
0
1505
0
256
119
0
0
0
0
0
293
1416
1054
665
1659
0
658
0
275
308
304
31
0
134
0
0
0
715
0
0
853
1419
588
0
656
0
0
594
738
0
226
281
0
0
0
556
597
865
323
0
0
0
0
923
0
618
575
1115
1569
2574
2107
1044
858
832
776
2605
0
0
0
0
0
0
0
0
0
0
0
0
0
0
0
0
0
0
1343
689
0
0
0
0
0
0
0
0
0
0
0
0
0
0
2324
0
1609
2666
0
0
0
0
0
0
391
0
0
0
0
0
0
0
0
0
0
0
0
0
0
0
0
0
1013
0
0
0
0
0
0
2607
1182
3205
528
0
0
35
116
0
0
0
0
0
0
556
1603
0
0
3028
1400
0
0
0
0
0
0
0
0
0
0
3990
6097
0
0
0
0
0
0
0
0
0
0
0
1621
0
0
335
0
0
0
0
0
1861
0
0
1004
0
0
0
0
0
0
0
0
0
0
1080
0
1063
1495
40
3809
0
0
0
0
0
0
0
0
0
3
2122
212
0
0
0
0
457
0
267
64
796
873
915
863
51
238
0
0
5992
0
0
1798
183
1275
1566
2076
1569
627
2440
1078
0
35
0
0
2381
581
1299
1146
843
1330
1937
2298
1286
0
0
0
0
1166
2701
2477
0
0
1332
4514
4377
2288
0
0
0
0
0
0
0
0
0
0
0
0
0
0
0
1021
0
544
346
0
0
0
0
0
607
910
0
0
1015
2342
2076
1134
0
0
3846
2647
0
271
0
581
12
511
1552
3037
3124
3659
1256
2982
3591
0
0
0
622
0
1613
3993
2273
0
0
0
0
0
40
4683
0
0
0
1725
4944
1275
0
0
0
0
0
37
2025
0
344
0
294
2264
1052
497
539
2059
1822
0
0
0
0
0
0
0
0
3285
4239
3130
1884
1218
0
0
1579
0
0
0
1303
0
0
8
4160
1929
841
56
0
0
0
0
0
145
425
325
266
391
232
325
489
287
649
1148
391
0
367
0
0
0
0
0
198
0
0
0
0
0
301
911
0
0
0
0
0
201
351
207
0
0
0
773
94
0
0
0
0
0
170
478
155
0
486
540
1247
0
484
0
0
0
0
0
336
0
0
440
0
928
0
158
0
0
0
177
220
0
254
0
0
0
199
0
183
0
0
0
0
0
0
0
0
0
0
0
0
446
0
0
0
1138
0
0
0
0
0
293
494
0
1210
0
0
0
0
0
2138
647
0
0
1414
1222
0
211
0
0
19
0
132
144
0
0
358
0
846
48
0
0
0
0
0
0
0
572
864
257
0
1068
593
465
0
0
0
0
2
1502
994
0
184
0
1760
0
428
232
0
0
0
0
0
23
961
1385
596
1799
0
0
0
0
0
0
0
0
0
0
0
0
84
0
0
0
0
0
0
0
0
0
0
0
518
825
0
0
0
0
0
504
1095
458
291
505
159
0
232
0
0
726
0
0
1214
0
0
0
0
0
26
0
0
174
839
0
0
1975
1336
0
367
0
0
0
0
0
1749
40
450
57
256
956
0
473
0
585
0
682
6
278
0
59
0
0
0
553
0
0
0
0
993
876
33
0
0
0
0
355
0
954
671
0
349
477
367
0
0
0
0
0
1281
0
0
917
381
1176
361
383
0
0
0
0
99
391
259
0
0
308
147
206
72
805
312
0
255
233
0
1937
1701
868
228
1561
491
0
0
0
0
0
0
0
806
22
0
302
702
420
0
0
0
0
0
0
0
0
0
0
0
412
593
0
346
1972
1933
1712
1968
1979
2066
2212
1612
1011
0
0
0
345
11
997
0
276
0
439
1089
862
3042
1642
36
0
0
0
0
0
0
0
0
0
359
471
436
417
142
0
0
0
0
0
0
0
0
0
0
0
355
0
0
0
1221
241
293
134
0
0
0
810
0
711
0
0
0
0
464
0
0
208
728
1058
0
65
251
0
0
211
501
890
0
0
0
416
1016
10
0
212
0
0
0
0
0
0
0
0
403
0
1325
0
382
0
0
0
0
551
872
533
0
102
0
1311
0
530
0
0
0
442
0
803
835
0
0
0
0
0
534
341
0
0
0
0
0
254
189
806
0
0
0
945
6
0
0
0
0
0
0
685
0
0
0
0
1071
1416
196
168
219
0
0
0
0
0
0
0
0
1436
25
0
0
0
0
0
0
0
0
0
0
0
4063
0
0
0
0
0
0
0
0
0
0
0
0
286
0
0
375
0
108
1918
2012
2521
2618
1881
1918
0
0
0
0
1187
2662
1531
137
0
0
922
1271
2758
0
0
0
367
705
0
82
480
0
0
0
0
0
0
0
168
882
617
0
0
0
656
0
0
1800
1954
0
0
725
1555
766
372
0
398
2495
1253
0
0
0
131
0
704
0
544
1397
1506
0
2524
2031
0
0
0
728
359
814
0
55
0
1324
0
0
0
0
2122
0
0
242
817
647
559
0
0
137
0
1197
0
802
620
0
594
0
1311
762
57
2733
1812
1891
1329
718
271
0
0
0
0
0
1931
2072
0
0
532
154
385
826
0
0
0
616
0
0
522
1929
0
270
0
0
0
1090
314
0
0
72
1093
786
955
811
1079
1242
928
1695
0
0
0
0
323
0
0
0
335
1326
2094
3217
3351
0
376
0
0
0
0
0
0
0
0
0
0
0
0
0
0
0
0
0
0
0
0
0
0
0
0
0
0
0
0
157
0
0
0
750
0
0
0
0
0
0
0
0
1388
0
124
456
2304
3610
1981
1594
207
1792
1557
0
0
0
298
1216
0
0
0
0
0
330
0
0
0
0
0
0
0
0
0
0
0
4662
3449
0
0
0
0
0
0
0
0
0
0
0
2827
0
103
0
0
0
0
0
38
0
921
1987
605
0
0
0
0
0
0
0
1031
731
466
705
1531
0
0
0
0
0
0
0
0
0
0
0
0
35
1459
0
0
0
0
248
0
0
0
0
0
0
0
0
0
0
0
0
0
0
0
0
0
0
0
0
0
0
0
0
0
0
0
0
0
0
0
0
0
0
0
0
663
0
0
0
0
0
0
0
0
0
0
0
0
750
0
0
0
0
678
2058
243
588
0
0
0
0
0
0
0
0
76
1351
470
45
1526
1378
98
0
0
0
0
0
0
1238
867
0
0
0
403
0
649
1379
311
0
0
0
0
220
538
0
0
0
53
0
0
0
0
0
0
0
0
0
0
0
0
73
187
32
0
0
0
0
0
0
0
2505
2812
0
0
0
0
0
659
0
148
341
0
0
1834
864
946
478
0
0
0
0
0
125
0
1571
17
291
88
0
413
348
76
102
0
0
89
27
768
0
0
0
0
730
269
0
595
765
193
625
51
547
121
245
0
0
0
0
0
419
904
164
0
322
1035
1359
1493
2133
1940
1451
1195
1023
589
324
0
0
0
0
879
283
137
0
105
434
0
131
48
0
0
0
0
0
88
0
0
0
0
0
0
0
0
0
0
0
0
0
0
0
518
97
730
603
0
0
0
0
0
0
52
0
0
0
0
0
454
0
0
0
0
0
0
41
149
0
0
0
0
0
0
0
0
0
261
1735
1181
1345
138
0
0
0
0
0
0
0
0
0
0
137
0
0
0
2499
819
261
0
0
0
0
0
0
0
0
0
687
2694
0
1144
0
0
0
0
0
0
0
0
0
0
0
0
266
0
0
0
0
0
282
0
0
0
0
0
0
0
0
137
0
0
0
0
452
96
251
895
0
732
0
0
533
0
0
0
0
0
0
0
0
0
0
0
0
0
0
0
0
0
0
0
0
0
0
0
0
510
0
0
0
0
0
0
340
466
0
0
867
1013
0
0
0
0
0
0
120
317
157
0
0
0
0
0
0
0
0
0
1008
2062
2415
1024
214
0
0
0
0
0
0
0
354
332
799
71
1158
730
0
0
624
0
0
0
0
284
0
0
0
1101
248
0
1261
1422
420
0
0
0
0
0
0
0
0
0
0
295
872
0
0
0
0
0
0
0
0
0
0
0
0
0
0
0
0
0
0
0
2172
3122
0
401
0
0
0
0
0
0
0
0
0
997
1295
685
347
0
0
0
0
0
0
0
0
0
994
580
2003
0
0
0
0
420
186
0
143
0
0
0
1102
1229
0
0
319
0
1032
663
112
0
0
0
91
0
0
0
0
0
0
0
0
1097
1030
582
555
527
59
316
586
402
630
1987
103
0
1790
0
0
0
0
0
0
0
0
153
0
0
0
2688
0
244
102
0
0
32
84
450
1032
234
1361
426
691
0
166
0
0
0
264
782
2274
1654
1855
2659
1055
0
0
117
0
0
0
0
136
0
0
0
0
405
0
0
0
0
0
0
0
0
0
0
0
0
0
0
1084
789
392
350
426
1335
389
0
0
0
0
0
976
3217
3677
2091
1085
2394
189
366
0
0
0
1877
0
1420
5588
1447
0
0
0
0
291
474
0
233
3590
670
756
3860
0
0
0
0
0
0
0
1132
1669
1003
0
1434
1016
0
0
0
0
0
0
1918
824
0
0
114
2391
1163
445
689
0
0
0
2008
1905
0
0
0
580
66
0
0
0
0
0
0
0
0
0
0
0
25
293
0
0
0
0
0
0
0
0
0
0
0
1324
72
0
0
0
0
0
0
0
0
0
0
0
1274
0
0
0
227
77
0
0
0
0
0
1215
0
1099
0
0
831
449
0
0
0
0
0
958
3449
1018
1171
0
0
0
0
0
438
0
0
0
513
1452
0
2
0
0
0
146
0
21
0
0
0
0
0
0
495
0
0
0
1055
91
1612
770
1383
0
0
0
0
1645
0
0
0
823
1057
1191
104
1409
1174
381
0
0
1887
0
0
160
44
0
0
160
592
554
618
0
0
2213
0
0
0
0
0
13
132
0
0
1984
1579
11
2424
0
0
825
0
0
10
0
1548
455
114
237
0
1518
0
0
297
922
169
0
196
2173
384
2391
2913
0
1495
0
0
0
0
0
0
0
138
0
0
0
0
1610
56
0
443
0
0
0
0
192
623
962
0
0
1285
206
1379
551
0
0
172
618
890
1060
1645
2192
0
689
0
946
669
0
0
0
0
0
327
799
857
0
0
9
611
0
0
0
0
0
0
0
0
0
0
0
990
221
0
0
0
162
0
0
0
0
0
0
340
833
1177
160
740
374
1522
1797
95
0
0
80
0
2169
447
1128
730
248
0
0
920
931
0
2837
1464
1463
1400
0
0
425
22
0
0
0
5
329
1743
0
0
222
0
382
0
0
0
0
0
0
0
1428
0
0
0
0
1479
45
0
0
641
990
0
0
0
0
0
0
0
355
726
1711
321
539
1680
1072
0
0
0
0
0
0
0
0
0
0
0
153
0
0
0
0
0
0
103
0
0
0
0
0
0
0
0
0
0
0
0
0
0
49
0
0
0
0
51
235
704
0
0
0
0
0
0
0
0
0
248
390
1030
854
0
751
659
0
0
0
0
0
0
256
0
0
0
0
46
547
0
0
0
0
0
162
0
81
0
0
0
0
0
0
415
448
0
0
2396
1072
0
0
0
524
0
0
6
2414
0
189
565
1431
2146
512
1208
0
1251
975
954
0
0
222
1300
0
0
0
221
0
0
0
0
0
33
0
0
0
0
0
0
0
4092
2215
50
0
0
75
0
0
0
0
0
0
402
2249
0
832
462
681
7
0
0
0
160
699
1753
462
0
0
10
0
0
0
0
927
0
449
294
120
1194
195
525
0
0
301
0
0
0
0
0
0
409
3083
532
0
0
0
1178
0
0
0
0
0
0
0
0
0
194
0
0
864
0
0
0
0
0
0
0
0
0
0
0
0
0
0
0
1123
83
119
1196
1917
765
0
1921
1942
0
0
0
0
831
0
0
120
605
958
0
0
0
0
0
0
0
366
2852
2443
1772
0
0
0
0
0
0
0
0
0
690
395
590
0
397
0
0
0
443
0
0
719
677
1378
0
0
0
1171
355
0
1917
2319
0
0
431
0
0
0
0
0
0
0
0
41
410
0
0
40
0
0
0
0
0
0
0
0
0
0
0
0
803
0
0
0
3209
3253
0
0
0
0
0
31
0
1006
492
0
0
1179
1034
409
0
0
0
0
0
0
0
55
0
0
1482
1141
2188
0
0
0
0
1543
1075
0
0
0
0
0
1323
1806
0
0
973
713
1551
1778
944
0
0
564
1258
65
0
0
0
0
0
0
0
274
20
0
0
0
0
0
0
49
402
1184
0
2452
332
0
468
0
0
0
0
0
0
0
907
0
1993
219
0
788
248
0
0
0
263
0
0
0
0
1613
0
69
0
0
0
0
0
0
0
653
2206
190
2513
0
658
0
0
0
0
0
0
0
570
974
0
2668
351
0
0
0
0
0
0
518
255
205
0
0
3052
244
214
0
0
0
497
455
0
0
396
0
0
2728
0
0
0
0
0
605
0
0
0
0
0
0
2657
82
184
994
2967
0
0
0
1767
0
0
0
473
2346
36
0
394
133
349
473
426
0
206
1052
76
0
2163
371
0
0
0
0
0
721
0
0
369
596
0
1847
809
761
0
0
0
0
0
756
473
1161
600
0
1852
585
555
0
0
0
0
0
590
221
632
1429
0
2959
725
117
0
0
0
0
0
0
0
0
0
0
8508
0
84
801
0
0
0
0
0
0
0
0
0
2439
0
59
3138
1158
0
0
0
435
826
736
1187
0
1262
0
849
2888
3753
271
0
0
0
166
964
4596
687
3032
102
383
6
0
0
0
0
0
0
0
0
0
811
705
38
158
0
0
0
0
0
0
0
0
0
2412
828
1215
664
0
0
0
1998
1661
0
0
0
637
4542
375
700
1470
1072
3395
1851
440
2263
0
0
0
1014
3550
1210
2091
708
0
0
0
0
0
0
3539
0
0
3149
981
2558
1646
0
0
0
0
0
192
3030
930
0
3816
749
1728
20
0
0
4
0
0
14
0
757
0
2416
162
0
618
548
0
0
61
0
0
0
2256
0
1920
1497
0
0
340
1008
0
0
0
0
0
0
0
1635
0
0
0
0
0
0
0
0
0
0
0
0
0
0
0
0
0
0
0
0
0
0
0
1411
1718
329
0
0
0
0
0
903
1348
480
204
875
1135
0
51
0
0
1859
2443
839
2148
0
0
0
0
0
0
0
0
482
1759
1738
814
2553
2711
577
312
0
0
0
0
0
1679
985
192
0
0
164
0
520
1734
24
0
105
472
445
0
107
0
0
0
24
0
0
0
0
888
1471
0
0
0
0
0
690
808
540
0
380
528
780
570
0
0
0
3856
4978
2645
0
0
76
463
1960
412
1349
0
0
0
1055
363
0
0
622
0
202
0
735
1018
1011
1890
0
0
0
0
1766
4398
1631
1315
1779
896
0
0
970
0
0
0
0
0
0
0
1612
1650
494
2063
77
1068
1357
0
0
0
0
0
0
218
2227
1749
219
0
0
0
0
0
0
0
0
0
0
0
2612
0
0
0
0
0
0
0
0
0
0
0
0
642
0
0
783
0
322
1808
2118
1409
802
426
859
0
0
0
0
1349
459
435
636
0
0
0
0
1136
649
403
0
0
400
0
39
455
0
0
0
0
176
0
12
0
21
0
775
0
0
10
0
0
387
1177
0
250
2
212
0
0
0
238
0
0
0
171
0
0
1363
683
0
0
0
529
1681
1024
0
0
0
0
1498
1271
185
0
0
0
0
0
0
0
0
1478
69
679
811
0
0
0
0
0
45
7
341
0
645
1129
991
1115
0
553
0
0
1137
1070
955
1118
1697
1213
217
1398
547
0
0
0
0
0
0
517
962
714
885
1282
0
4
419
0
0
238
0
0
92
0
0
0
1221
620
525
292
0
0
0
0
0
0
0
0
0
0
135
3143
0
0
0
0
0
0
0
0
0
0
0
0
1421
0
0
257
0
396
854
160
0
0
0
0
0
464
0
0
0
0
0
0
0
236
0
0
903
271
806
0
0
0
0
0
0
0
0
0
0
42
0
533
0
0
0
166
0
750
958
0
0
0
69
0
1310
0
0
0
0
0
3181
341
0
0
0
0
0
1246
0
0
0
0
0
0
0
0
0
1650
0
0
1801
0
0
0
0
0
0
0
1671
3295
1518
0
86
868
0
0
0
0
0
0
0
749
0
0
1817
0
644
0
0
0
0
0
0
137
0
0
1406
0
0
189
0
0
0
0
0
0
742
640
1035
1685
55
0
0
0
0
0
0
0
0
224
439
0
0
0
0
836
91
156
0
0
0
0
0
0
0
0
0
515
2027
102
0
0
0
0
0
0
0
0
0
0
0
898
0
0
432
378
1365
728
0
0
0
0
0
0
362
0
0
0
0
0
0
0
19
0
1320
0
0
349
0
0
0
0
0
0
0
0
123
1583
753
260
0
0
0
0
513
0
0
0
0
0
0
131
0
0
0
0
0
0
0
0
0
0
0
0
0
0
754
0
0
0
0
300
0
0
0
0
0
0
0
862
0
0
0
0
0
0
0
1126
697
928
0
0
199
0
0
0
0
0
0
0
0
0
335
0
0
365
0
0
0
0
0
442
0
0
0
105
0
253
58
0
0
0
791
1707
0
827
0
362
4525
1006
0
0
0
0
0
659
1058
1933
2945
3991
3869
2800
981
0
204
0
0
0
0
42
23
146
222
0
0
0
61
0
0
0
0
1149
345
0
0
0
0
139
3561
2616
0
0
0
0
0
0
0
0
0
0
0
216
0
0
0
0
0
1377
2625
2511
182
0
0
0
0
0
0
0
0
0
2230
1256
952
2140
1389
0
615
367
0
0
0
0
0
0
0
0
892
544
0
833
0
802
0
0
0
0
0
0
0
0
0
0
1057
1615
0
0
0
0
0
0
0
0
536
337
0
0
1230
0
0
0
0
0
0
2593
5719
1226
0
0
0
169
0
0
215
0
0
315
0
789
0
0
207
0
0
0
0
239
0
193
0
0
0
1099
1038
0
0
0
0
0
0
0
134
0
400
2480
0
0
0
0
826
1309
0
1580
0
0
707
1572
1054
0
0
0
0
0
0
0
392
0
0
0
30
0
0
0
0
0
0
0
2933
164
0
518
27
1212
1482
1527
737
32
781
709
0
692
0
0
761
0
0
57
181
1061
1837
1922
1968
0
666
0
0
615
822
0
0
0
0
1026
1120
2304
0
1086
0
0
0
0
0
0
0
0
0
0
56
0
703
0
0
29
0
0
0
0
0
0
0
0
0
1070
261
1563
1577
1163
0
0
2271
1484
0
188
0
0
1674
0
1287
2678
2031
966
0
1976
2507
0
0
0
708
1441
400
2457
1667
0
0
0
0
0
0
1865
0
0
977
418
2608
0
0
0
0
0
0
14
2086
383
310
1021
362
1479
479
391
591
173
639
0
354
0
0
0
0
0
0
2137
2378
182
0
0
0
0
0
0
0
0
705
0
0
148
1080
0
0
0
0
0
334
159
57
0
0
0
0
0
0
0
0
0
0
0
0
0
0
0
0
0
0
0
0
0
0
0
1069
1081
218
0
0
0
0
0
0
0
0
0
0
1112
0
143
0
0
1340
2826
338
1258
0
0
0
0
0
0
0
0
579
2229
1137
471
1959
2444
444
101
0
333
0
0
0
1625
1193
0
0
0
0
0
970
1907
0
0
0
196
0
0
0
0
0
0
0
0
0
0
0
970
667
0
0
0
0
0
0
0
0
0
0
0
855
56
0
0
0
4883
5343
2013
0
0
0
0
767
961
843
0
0
0
1643
589
307
0
433
0
0
0
1455
928
226
984
0
0
0
0
226
3219
737
1256
1282
2474
0
0
0
0
0
0
0
0
401
0
2335
2176
2577
1679
575
2118
1178
0
0
0
0
0
0
144
1900
3608
0
1026
3398
4618
4736
6094
5602
4281
3778
2485
725
0
0
0
0
133
2975
1673
1956
1598
1561
2328
1590
0
0
0
0
0
0
0
0
0
0
0
0
303
0
0
0
0
0
0
0
0
0
0
0
0
0
0
0
0
0
0
0
0
0
0
0
0
0
0
0
0
0
0
0
0
0
0
0
0
0
0
0
0
0
0
0
0
1313
3634
3795
2793
0
0
0
0
0
0
0
0
0
0
0
0
0
0
0
4337
1503
0
0
0
0
0
0
0
0
0
0
0
4202
0
2048
0
0
0
0
0
0
0
0
0
0
0
0
60
0
0
0
0
0
226
0
0
0
0
0
0
0
0
0
0
0
0
0
0
0
0
1438
0
0
0
0
0
0
0
0
0
0
0
0
0
0
0
0
0
0
0
0
0
0
0
0
0
0
0
0
0
0
0
0
0
0
0
0
0
0
0
0
0
1012
0
0
0
0
0
0
0
0
764
529
880
1049
1294
0
0
0
0
1127
451
0
0
0
0
0
0
0
0
0
0
0
391
0
0
2033
0
0
0
0
0
0
0
0
1398
471
317
25
667
1288
0
0
1334
236
0
0
0
291
0
702
0
0
164
1346
0
1227
110
0
0
5
0
0
0
0
0
0
0
1131
967
0
48
0
0
0
0
0
0
0
0
0
0
245
0
0
0
0
0
0
0
488
1499
1254
16
0
18
367
0
0
0
86
2147
1767
1000
462
871
2157
1410
0
0
0
0
0
0
1013
450
0
0
0
665
0
0
0
0
0
754
0
0
0
0
0
0
0
0
0
0
0
0
0
663
1671
2287
2484
3882
3214
2216
1655
858
87
413
0
0
0
758
2130
980
962
672
945
1302
589
0
0
0
0
0
0
1594
1666
0
0
0
0
0
0
0
0
0
0
0
574
2314
780
1709
707
1129
2007
0
0
0
0
0
0
0
9
0
0
0
485
2910
40
0
0
0
0
0
0
0
0
0
0
0
0
61
0
0
0
0
0
490
703
0
0
0
0
0
0
0
0
0
0
0
0
1670
0
0
0
41
0
0
0
0
0
0
0
551
0
343
0
0
100
0
0
0
0
0
0
0
0
0
0
0
0
0
0
0
0
0
0
0
0
0
0
621
254
0
0
0
0
744
0
0
0
0
0
3420
3413
396
0
0
3222
1240
222
0
0
0
0
1057
2551
3468
2134
3077
3020
1441
0
0
0
0
0
0
0
0
0
0
0
0
248
0
0
0
0
0
0
0
0
0
0
0
0
0
0
0
1286
0
0
0
0
0
0
398
223
0
0
0
0
1862
0
0
90
759
73
0
496
866
334
0
466
374
2235
0
1138
547
0
0
0
0
0
0
0
454
0
2046
0
1093
0
0
0
43
949
0
0
1052
834
0
2122
0
134
0
0
0
0
0
0
0
0
0
0
1501
0
0
0
0
0
0
0
0
1105
711
0
0
1766
0
434
0
0
0
0
0
2899
2280
0
0
1030
2178
0
0
0
0
567
129
1054
625
0
0
84
0
1461
0
0
0
0
25
461
0
0
0
1178
160
0
1661
0
481
0
0
0
0
0
2724
1156
0
0
0
1921
6
181
180
0
0
0
0
26
484
1994
2002
705
2307
176
728
3103
3100
3210
3354
3386
3542
3670
3027
1055
0
0
176
0
632
3131
3152
2932
2194
1865
2722
3140
2882
139
0
216
0
0
0
0
0
0
0
1870
2957
0
0
0
0
0
0
0
0
0
0
0
0
338
0
0
0
0
0
0
0
0
818
0
0
0
0
0
0
0
0
0
0
0
224
1182
366
901
1565
0
0
0
0
0
360
1936
2826
3915
2106
1422
414
0
760
0
0
0
0
347
834
1107
0
0
0
0
3145
1792
369
0
0
89
1098
0
0
0
0
0
0
1686
0
2028
0
0
401
337
0
0
543
776
1431
0
0
0
109
0
0
1078
0
0
1934
332
0
769
0
1588
0
0
0
0
0
0
0
479
0
0
0
2996
1610
0
0
0
0
440
26
851
0
0
0
0
0
0
0
0
0
0
0
0
0
0
0
0
0
0
0
0
0
0
506
224
426
0
0
0
0
197
0
0
0
2495
0
0
233
1436
0
0
0
0
0
1758
3412
2714
3944
1167
0
64
716
0
0
0
0
0
0
0
0
504
1070
0
1667
667
0
0
0
0
0
0
0
0
0
0
1572
1555
1010
721
161
0
1205
1083
0
0
996
0
0
2538
906
2270
1104
336
0
0
2525
1157
0
2883
498
1919
1315
0
645
251
3
0
0
0
0
0
893
0
1159
849
0
858
0
0
0
0
0
0
0
47
0
0
551
0
1918
0
0
0
196
401
0
0
0
1494
0
0
0
811
846
3610
993
0
1671
443
0
0
0
0
0
0
0
0
0
0
0
0
0
0
0
0
0
0
268
0
0
0
0
0
0
0
0
0
130
0
0
0
0
0
0
0
0
0
0
0
0
0
265
1691
0
0
517
1217
2394
506
0
0
0
0
0
0
80
0
0
725
1416
1149
0
0
398
883
199
0
0
0
0
366
0
0
0
0
0
0
0
1783
721
0
0
109
506
0
0
0
0
0
0
1116
3502
0
0
223
734
0
0
0
0
0
0
251
116
0
0
0
1139
613
462
0
0
704
2721
2279
0
0
0
0
361
189
0
6
318
1899
288
0
0
0
0
0
0
0
24
294
0
2613
3005
0
0
0
0
0
92
0
0
0
302
406
0
0
0
0
0
0
222
489
0
834
0
212
0
0
102
0
0
0
0
0
0
0
0
0
519
389
0
1435
1461
0
0
0
290
3144
0
0
0
0
698
600
179
756
2175
1649
2657
2962
1028
0
0
0
0
445
1736
1525
1361
1396
1463
1356
1693
1088
0
0
0
0
1630
399
426
0
924
1041
2106
3197
1705
332
1256
0
0
0
0
0
0
0
0
0
32
415
0
304
0
821
0
0
0
0
0
0
0
0
0
0
0
0
225
0
0
806
0
331
0
0
0
0
0
2025
0
0
249
0
756
2045
842
0
0
1114
52
0
1628
0
0
0
494
819
246
0
0
0
2722
1399
0
0
0
0
0
0
0
0
0
0
0
3107
894
1768
0
0
0
0
0
0
0
0
0
0
413
0
1402
0
0
0
0
0
1689
0
315
682
0
0
0
0
0
0
0
0
1117
1412
0
0
53
0
0
0
0
0
0
0
0
0
0
0
0
0
612
0
0
0
0
0
0
0
0
0
0
0
0
0
0
0
0
0
0
0
1240
3696
3422
2870
2892
3096
3051
3532
2494
0
0
0
94
3168
405
1075
88
1840
1837
3120
4918
3144
1085
1723
0
310
0
0
0
0
0
0
0
0
473
0
133
0
1987
0
0
0
0
0
0
0
0
0
0
0
0
161
0
0
990
54
576
0
0
0
0
0
2550
0
0
0
0
209
2810
1518
0
335
1424
348
0
1950
0
0
0
504
373
610
0
0
0
3289
2865
559
0
0
0
0
0
0
0
0
0
0
2554
731
2676
0
0
0
0
0
0
0
0
0
0
306
0
1830
0
0
0
0
0
1502
0
504
1243
0
0
0
0
0
0
0
0
317
1121
0
0
413
0
0
0
0
0
0
0
0
0
0
0
0
0
1456
0
0
0
0
0
0
0
0
0
0
0
0
0
0
0
0
0
0
20
0
0
0
0
0
0
0
0
0
263
0
0
47
0
14
0
0
0
0
221
0
0
251
0
0
115
0
0
0
0
0
0
0
0
0
0
0
220
0
0
295
2050
0
0
0
0
0
0
265
398
438
0
779
295
725
0
0
0
0
0
0
0
0
0
0
405
845
0
0
0
0
851
391
2284
0
0
0
184
388
0
0
0
0
0
0
0
0
0
0
0
0
2
0
0
0
0
0
0
867
266
0
0
0
0
645
0
1014
985
1493
0
988
716
0
0
1489
747
0
301
238
505
2012
419
310
254
0
0
397
0
323
374
0
510
1347
0
0
0
0
196
406
113
0
804
661
376
0
0
0
0
0
1045
766
0
0
0
2103
1436
129
189
0
0
0
0
0
0
0
1156
345
1934
400
890
0
138
0
0
0
0
0
0
424
1524
0
793
750
0
0
0
0
0
0
0
0
0
0
0
1155
1112
386
934
916
52
0
0
0
0
0
205
0
1046
703
0
0
0
0
0
0
0
1221
0
491
0
895
0
0
151
0
0
0
0
170
1272
0
1011
0
408
0
0
101
402
0
0
0
927
0
0
245
0
257
0
0
0
0
636
451
653
1426
65
0
638
0
644
441
412
1105
1023
1101
0
0
0
0
121
595
0
924
294
779
319
0
0
0
0
0
0
0
133
0
742
0
544
633
0
0
0
0
0
309
337
570
0
836
0
0
0
0
0
0
0
708
0
0
0
0
638
138
0
548
581
0
0
0
1027
671
0
0
0
0
399
479
104
673
1370
1895
2412
1916
690
0
0
0
0
0
0
0
0
0
0
0
0
0
0
0
6
0
293
0
0
0
0
0
0
0
0
0
0
486
0
0
0
1226
1604
692
190
0
0
0
0
0
0
0
0
0
0
1084
1317
2426
704
1267
0
0
0
410
0
0
1232
0
0
0
844
0
2814
3663
623
454
163
0
0
0
0
0
181
0
0
0
0
1451
1394
0
0
0
0
0
0
111
0
0
0
0
0
0
240
0
0
0
0
54
0
0
0
0
0
0
0
627
0
0
0
0
1521
0
643
327
0
0
0
0
135
0
0
0
0
481
0
0
0
0
0
0
619
966
0
0
0
0
1136
861
0
0
0
1071
182
5646
2834
0
0
0
0
770
1178
1455
0
0
3615
4142
4141
3249
0
48
1362
1425
0
2218
3267
3830
4532
5088
1780
1423
2754
0
0
0
0
0
0
0
0
0
0
0
0
818
0
0
0
0
0
0
0
0
0
0
3080
1465
0
0
0
0
0
0
1201
779
0
0
719
3997
1124
0
0
552
1828
2294
388
163
0
0
0
0
1042
0
0
0
0
142
2054
312
1297
0
0
0
0
0
0
0
0
0
307
1066
0
0
0
0
0
1022
0
0
0
640
0
0
594
0
0
0
2281
138
0
0
478
0
978
0
0
0
0
883
4113
1388
767
0
439
3025
0
396
0
0
0
46
2960
1134
0
0
982
0
0
0
826
0
690
0
0
153
0
0
418
412
0
802
0
821
99
3678
1459
0
4
0
5656
3271
0
0
0
0
0
0
2547
2736
0
0
0
0
0
0
0
0
0
2327
0
0
0
2245
0
0
0
0
0
0
36
0
1327
1088
0
0
0
0
0
0
0
0
1233
341
9083
804
0
0
0
0
0
0
0
0
0
0
0
3036
1096
0
2863
1999
1206
342
0
0
0
0
1253
0
2068
0
173
3376
3837
832
0
0
0
431
3115
7685
2950
4815
0
0
0
0
0
0
0
0
0
0
1544
0
1317
0
0
0
0
0
0
0
0
0
0
0
0
2546
0
0
0
0
0
0
1470
2494
0
0
0
0
5753
94
454
1550
1803
5625
5933
1391
3590
0
0
0
2004
5302
963
2308
912
0
0
0
0
1147
0
3456
0
0
4921
100
1526
1916
0
0
0
0
0
0
5022
2438
836
5978
208
1185
0
0
0
16
0
65
240
0
1520
0
4489
0
0
453
603
0
0
299
1585
51
1317
5185
0
4123
1047
0
0
286
410
0
599
630
0
0
0
0
3629
