0
0
0
0
0
0
0
0
0
276
1559
0
0
0
0
313
104
0
0
0
0
0
0
0
0
0
0
0
0
353
0
0
0
0
0
0
0
0
0
0
0
0
0
0
1823
0
0
11
0
0
0
0
0
0
0
0
133
0
0
0
0
0
0
0
0
0
0
0
1480
0
0
0
0
628
139
0
0
0
0
0
0
0
1963
0
0
0
0
0
0
0
0
152
500
0
0
0
0
0
0
0
0
0
0
0
188
594
0
0
0
0
0
0
0
0
0
0
474
0
0
0
0
668
1448
0
561
0
107
0
0
73
0
0
0
0
0
0
0
0
0
0
0
0
0
0
0
0
0
0
0
0
0
0
0
0
0
0
0
0
0
0
0
0
906
0
0
0
0
0
0
0
0
138
0
0
0
0
0
0
0
0
0
0
0
0
0
0
0
0
0
0
0
737
211
48
115
0
0
0
0
0
0
0
0
581
831
66
891
726
37
0
0
0
0
0
0
0
141
2041
0
0
800
0
0
0
570
0
0
0
0
0
1890
259
0
136
0
0
0
0
0
0
0
0
0
0
0
0
0
0
0
0
0
0
0
0
0
0
0
0
0
0
0
0
0
0
201
0
0
2338
1388
0
298
0
128
0
0
0
0
377
0
0
2697
0
0
1166
243
0
0
0
0
0
0
0
0
0
0
0
1058
1212
705
243
208
0
0
0
0
0
923
0
0
1254
1432
1466
1623
1664
0
2769
0
0
0
441
0
1159
1169
891
1178
1965
2413
1346
1951
3522
2800
1106
625
521
2615
2066
1187
2235
0
0
0
0
0
0
1643
1214
499
476
0
0
0
0
0
0
0
0
0
1255
0
0
0
579
0
0
0
0
0
0
0
0
0
0
0
0
0
0
0
0
0
0
0
0
0
0
0
0
0
0
0
0
0
0
0
0
0
0
0
0
0
0
0
0
0
0
0
0
0
0
0
1247
424
0
84
0
501
0
0
0
0
1670
71
0
0
0
0
2146
1468
269
0
0
0
0
2182
0
0
0
0
0
522
175
0
0
0
0
0
0
0
0
0
0
0
0
0
0
0
0
0
0
0
0
0
0
0
0
0
0
0
0
0
0
0
0
0
352
0
0
0
0
0
0
0
0
0
0
0
0
0
0
0
0
0
0
0
0
0
0
0
0
0
0
0
0
0
0
0
0
0
0
0
0
0
0
0
0
0
60
0
0
0
0
0
0
0
0
0
0
1283
22
426
0
0
0
0
0
0
0
0
0
0
0
0
0
0
0
0
0
0
0
0
0
0
0
136
0
0
1649
807
0
0
152
0
123
0
0
0
63
1675
981
0
0
0
0
0
0
0
0
0
0
0
2222
0
0
0
0
0
0
0
0
1163
0
0
0
508
0
0
25
816
0
0
0
0
693
0
0
0
0
0
0
0
1331
0
159
0
0
0
0
0
0
0
383
0
30
3316
0
0
0
0
0
0
0
510
1193
0
0
0
501
137
766
356
0
0
0
0
0
0
1864
17
0
0
723
544
1667
629
0
0
0
0
0
303
584
0
0
197
0
1411
2492
0
2587
1587
254
0
0
344
1644
53
0
0
0
776
0
0
0
0
0
0
0
0
0
384
0
0
1522
813
0
0
0
0
0
0
23
0
0
0
743
1455
925
454
0
0
0
0
0
0
0
0
0
90
762
0
0
0
0
0
0
0
1700
106
0
0
0
0
0
0
329
1858
234
0
204
0
341
0
169
0
0
0
0
441
288
1260
0
0
162
122
0
0
0
0
0
437
0
0
0
0
0
504
0
0
0
215
1579
0
1181
105
3566
0
0
0
565
392
0
0
0
1400
1183
2395
0
324
0
0
550
71
60
0
0
0
652
475
1341
0
448
124
375
0
0
223
13
0
0
0
0
0
0
0
0
0
0
0
0
0
0
0
0
0
0
0
0
0
0
0
0
0
0
583
1040
0
890
0
726
1193
501
1250
1905
1962
1086
0
216
0
0
0
0
0
0
529
353
0
0
0
775
457
0
0
0
122
230
2452
2280
0
0
0
0
633
826
0
173
0
0
0
0
0
0
0
0
0
1195
892
9
0
0
0
89
0
0
0
162
0
0
1576
875
0
0
105
0
0
0
407
0
2683
268
0
172
153
0
0
252
0
0
0
0
0
0
0
0
114
0
0
0
0
0
0
0
0
0
0
0
240
563
960
1121
1440
661
0
0
0
0
0
0
336
90
233
1455
1505
2033
918
427
0
0
0
0
0
0
825
0
1444
860
380
134
0
0
0
0
0
0
353
2261
815
1289
962
370
919
0
0
0
0
0
0
809
2692
931
1595
2390
1954
4006
1411
0
0
1445
570
1372
2132
1236
528
1065
3766
1996
1787
3348
2996
2977
961
0
1627
2178
777
1751
530
0
0
146
0
0
0
0
0
0
0
0
263
1217
0
1300
1376
321
506
482
151
0
0
0
0
0
697
0
1379
0
0
1690
3289
0
0
0
0
0
0
0
0
0
0
0
3006
0
0
0
0
0
0
0
0
0
0
0
0
1206
7
0
0
0
0
0
0
876
0
0
0
270
1352
0
0
0
0
0
0
0
1212
0
0
0
0
3375
0
0
0
0
0
0
0
1469
1025
39
0
0
5381
0
0
0
0
0
0
0
296
728
673
0
0
0
0
0
0
0
0
0
0
0
1865
3592
0
0
0
0
0
1003
0
0
0
0
0
0
2981
0
0
0
0
0
2215
1229
0
0
0
0
0
0
0
0
0
0
0
25
0
0
0
0
0
0
0
0
0
0
0
0
0
0
0
0
0
0
625
163
0
1155
189
0
0
531
2545
2323
1284
0
0
147
0
0
859
314
0
0
0
1003
1748
842
0
0
66
0
0
0
0
0
0
188
0
773
335
0
802
437
0
0
0
0
173
0
0
0
0
905
0
0
0
0
0
0
0
0
0
0
0
0
1374
0
0
0
1164
703
0
0
1347
0
519
272
0
375
145
0
0
0
0
0
0
429
2569
1701
0
0
0
24
0
0
0
0
0
0
0
0
0
0
0
0
0
70
0
0
0
0
0
47
227
0
0
0
0
0
4
0
0
0
0
0
0
0
0
1088
198
0
0
16
0
0
0
0
0
0
0
0
0
521
0
0
0
0
0
0
0
0
0
0
0
111
0
0
0
0
0
0
0
0
0
0
0
0
0
0
0
0
0
0
0
0
0
0
0
0
0
0
0
0
0
0
0
0
0
0
0
0
0
0
0
0
0
0
0
0
0
810
316
0
0
1108
0
0
0
0
101
0
0
0
741
1432
718
0
0
0
0
0
0
0
211
798
0
329
0
0
0
0
323
247
206
0
0
0
187
219
671
0
0
0
0
0
0
0
0
0
0
0
0
0
0
497
0
0
0
0
0
0
0
0
0
0
0
0
956
863
0
0
0
0
0
0
0
517
0
0
0
4075
1198
0
0
0
0
0
126
0
890
0
0
483
1476
0
0
143
0
0
0
0
0
744
2255
657
0
1914
338
0
0
0
0
0
0
0
29
1092
0
0
616
0
0
0
0
0
0
189
0
0
2151
2757
880
384
881
410
466
0
0
591
222
0
0
48
57
682
689
925
327
844
379
0
0
0
0
0
0
0
0
0
0
514
1789
1124
0
0
0
0
0
0
477
0
0
0
0
0
0
0
0
0
0
0
0
0
0
0
0
0
0
0
0
0
0
0
0
0
0
0
0
0
0
0
359
0
0
0
0
0
172
0
604
0
0
1012
561
0
0
0
0
35
0
0
993
593
0
0
0
781
151
178
388
0
0
0
0
0
0
0
322
1063
0
0
0
0
4
0
0
0
0
0
0
0
302
0
0
883
0
76
0
0
0
0
37
50
0
0
0
255
923
0
0
0
0
0
0
0
0
0
0
0
0
0
0
0
951
0
0
0
0
2
151
0
0
0
0
0
0
1495
1572
174
0
707
0
0
0
0
0
987
1102
710
0
0
0
0
0
0
0
420
0
0
0
0
0
0
0
0
0
0
0
0
0
0
0
0
0
0
0
0
0
0
0
0
0
0
0
0
0
0
0
0
0
1287
838
0
0
0
0
586
3841
0
0
0
0
0
0
0
722
0
481
1053
41
0
0
0
0
492
0
0
148
0
0
0
0
298
502
0
0
0
109
0
72
0
0
0
0
0
0
11
0
0
0
0
0
0
0
0
0
0
0
0
0
0
0
0
0
0
0
0
493
0
0
0
0
0
0
0
0
0
0
0
0
0
0
0
0
0
0
0
0
0
733
0
0
0
0
0
0
0
0
0
0
0
0
0
0
0
0
1210
0
0
0
0
0
0
0
0
0
0
0
0
0
0
0
0
0
0
0
0
0
0
0
0
0
0
0
0
0
0
0
0
0
0
0
0
0
0
0
0
0
0
0
0
0
0
0
0
0
0
0
0
0
0
0
0
0
0
0
0
0
0
0
152
0
0
383
0
0
0
0
0
0
0
0
0
0
0
57
0
0
0
0
0
0
0
0
0
0
679
0
0
0
0
57
0
219
0
0
0
0
0
0
0
0
0
0
0
0
0
0
0
0
0
0
0
0
0
0
0
0
0
0
0
0
0
0
0
0
0
0
0
0
118
0
0
0
0
0
0
0
0
0
0
0
0
0
0
0
0
0
0
0
0
0
0
0
0
0
0
0
0
0
0
54
0
0
0
0
0
0
0
0
0
0
0
0
0
0
0
0
0
0
0
0
0
0
0
0
0
0
0
0
0
0
0
0
0
0
0
0
0
0
0
0
0
0
0
0
0
0
0
0
0
0
0
0
136
233
239
0
0
0
0
0
0
0
0
110
0
0
0
2372
1542
0
0
0
0
0
0
398
0
287
0
0
0
0
0
0
0
0
0
0
103
0
153
65
0
0
0
0
506
2999
93
0
0
0
0
199
0
0
0
128
0
0
2610
0
0
0
0
0
0
296
0
0
318
0
0
0
0
0
645
104
0
0
0
0
0
368
2360
0
0
0
0
0
0
688
0
0
0
0
1509
410
0
0
0
0
0
0
171
0
486
0
0
0
134
0
0
0
0
72
0
0
0
0
0
0
0
0
0
0
0
44
0
0
0
0
264
561
0
0
0
0
0
289
0
0
22
0
0
0
0
0
0
0
697
932
0
0
0
0
0
0
0
0
0
0
0
0
0
0
0
0
149
0
0
0
0
0
0
0
0
0
0
0
0
0
0
0
0
0
0
0
0
0
0
0
2888
1956
141
0
0
0
675
0
0
0
0
626
0
0
558
577
0
0
0
0
0
0
0
2084
927
55
10
0
864
0
0
0
0
0
0
0
782
528
461
416
264
944
0
0
0
251
0
0
0
446
0
0
0
0
1474
0
0
0
0
0
0
0
357
0
0
0
842
1589
0
0
0
0
0
0
0
0
0
0
0
2261
646
0
0
0
0
0
0
0
0
0
0
0
567
644
0
391
0
0
0
0
0
0
0
0
0
567
637
16
725
0
360
0
0
0
0
0
124
1500
1243
0
0
0
0
0
0
0
0
0
0
0
0
0
0
0
0
0
0
167
419
0
0
0
0
0
0
0
0
0
0
0
326
74
0
0
0
0
0
0
0
0
0
0
0
0
0
0
0
0
152
0
0
0
0
0
0
0
0
0
0
0
0
0
0
0
0
0
0
0
0
0
0
0
0
0
0
0
0
0
0
606
0
0
0
1745
0
0
1514
0
0
0
0
0
0
0
0
0
1193
0
0
0
0
0
0
0
0
0
0
0
0
0
0
0
0
0
0
0
0
0
0
0
0
0
992
1174
0
0
0
0
0
0
0
0
0
0
0
0
6
0
0
0
0
0
0
0
0
0
0
0
0
0
0
0
0
0
0
0
0
0
0
0
0
0
0
0
0
0
0
0
0
0
0
0
0
213
514
391
3020
1705
1520
1628
698
0
0
0
0
464
1559
2098
2790
2404
72
0
0
0
0
0
0
0
0
509
0
0
0
0
0
0
0
0
0
0
0
0
1428
0
0
0
0
0
0
0
0
0
0
0
0
0
0
0
0
377
0
0
0
0
0
0
0
0
0
0
0
0
663
0
0
0
0
0
0
0
804
2938
2115
0
0
1642
247
2012
383
386
0
0
0
0
303
2248
0
0
0
0
0
0
0
0
0
0
0
350
1111
523
0
0
0
0
0
0
0
0
0
0
0
2105
562
0
0
0
0
0
0
711
0
0
0
0
0
1751
458
0
0
0
0
0
0
0
0
0
0
0
1700
1105
0
0
0
0
0
0
0
0
0
0
0
0
0
0
0
0
0
0
0
0
0
0
0
0
0
0
0
0
0
0
0
0
0
0
0
0
0
0
0
0
0
0
0
0
0
0
0
0
129
0
0
0
0
0
0
0
0
0
0
0
0
0
0
0
0
218
0
0
0
0
0
0
128
0
0
0
0
0
0
0
0
1637
0
0
0
133
1824
3094
0
0
0
62
249
2586
390
0
159
0
0
0
0
0
0
0
346
0
0
0
0
0
0
0
0
0
0
0
0
0
0
0
0
0
0
0
0
0
0
0
0
0
0
0
0
0
0
0
0
0
0
0
0
0
0
0
76
0
0
0
0
0
340
0
0
627
0
0
0
293
0
0
0
0
0
0
0
0
0
0
0
690
0
0
0
0
0
0
0
0
0
0
0
0
0
0
0
0
0
0
0
0
0
206
669
485
0
0
0
1051
924
712
88
0
0
0
0
0
0
0
0
0
0
0
0
0
0
247
0
864
0
0
0
0
0
0
0
0
0
1138
1107
108
0
0
0
0
0
0
0
0
0
0
0
0
0
0
0
0
0
0
0
0
0
0
0
0
0
0
0
0
0
0
0
0
0
1696
115
225
0
0
0
0
2013
664
0
0
0
0
874
1107
0
0
0
0
0
0
237
0
0
0
0
0
0
0
0
0
0
0
0
0
0
0
0
0
336
1048
0
0
477
0
0
0
0
0
0
0
0
1249
1121
0
0
1414
1225
88
0
0
0
0
0
86
1485
0
0
0
0
1304
1615
0
0
0
600
331
0
192
0
0
0
0
0
0
0
0
0
0
0
0
0
0
0
0
511
1346
1036
59
0
0
0
0
0
0
0
0
0
0
0
712
3632
1573
0
0
1986
0
0
0
0
0
0
0
2351
3460
773
0
0
0
0
0
0
0
0
0
0
0
0
0
0
0
0
0
0
0
0
0
0
0
0
0
0
0
0
0
0
0
0
0
0
0
0
0
0
0
0
0
0
0
0
0
0
0
259
0
0
164
106
0
0
0
0
0
0
0
0
0
0
0
0
0
1362
0
0
0
0
0
0
0
0
0
82
0
0
392
0
0
0
0
0
0
0
0
0
0
0
591
2451
1327
561
0
0
0
0
0
0
0
0
0
0
0
46
0
0
0
0
0
0
0
0
0
0
0
0
878
0
0
0
0
0
0
0
0
0
0
0
0
0
0
0
0
0
0
59
0
0
0
0
0
0
0
0
0
0
0
0
0
0
666
1495
873
106
0
0
0
0
0
0
0
718
0
515
385
1599
583
0
0
0
0
0
0
0
1966
467
0
37
0
0
0
0
0
0
0
0
0
712
0
0
0
488
495
0
0
0
0
0
0
0
1244
0
0
0
0
0
0
0
0
0
0
0
0
1376
0
0
0
0
0
0
0
0
0
0
0
0
1913
560
0
0
0
2320
0
0
749
0
0
0
0
1285
807
0
0
0
0
0
0
375
0
0
0
0
171
963
345
0
0
255
0
389
0
0
0
0
0
0
0
38
0
0
0
0
0
287
0
0
0
0
713
382
395
0
114
0
1801
1597
0
0
0
98
1
0
0
692
393
0
0
0
0
0
0
0
0
0
0
0
0
0
0
0
0
0
0
62
0
0
135
0
0
0
0
0
0
0
0
0
453
183
0
0
0
32
0
0
0
0
0
0
0
0
0
823
0
0
0
0
0
0
0
0
0
0
0
0
917
0
0
0
790
91
0
0
1091
342
30
1815
0
610
0
0
522
0
0
0
0
0
763
0
0
0
0
0
0
0
0
0
0
0
0
1791
0
0
0
0
0
0
0
0
0
938
0
2572
1792
0
0
0
229
0
0
0
0
592
0
0
587
1056
0
0
0
0
0
0
0
0
2304
1108
0
0
0
0
0
0
0
0
0
0
393
567
0
0
0
0
259
774
0
0
19
0
0
0
2362
0
1608
1676
12
0
0
0
220
570
35
0
0
0
0
0
0
0
0
0
325
0
0
0
0
0
0
0
0
0
0
936
1387
603
0
0
0
0
0
0
0
0
0
0
124
2644
1048
0
0
0
0
0
0
0
0
0
0
0
0
158
75
0
0
0
0
0
0
0
0
0
0
0
0
0
0
0
0
0
0
0
0
0
0
833
1622
0
0
0
0
0
0
0
807
0
0
0
94
562
336
0
415
0
0
0
0
1212
0
0
1358
0
837
0
0
197
0
0
0
0
0
0
0
0
0
426
0
0
0
0
0
0
0
0
0
0
0
0
0
0
0
1100
0
0
0
0
0
98
0
0
0
0
0
0
612
0
0
451
0
0
0
0
0
0
0
0
0
0
0
0
495
0
0
0
0
223
0
0
0
0
0
0
0
0
0
0
0
0
0
0
0
0
0
0
0
0
0
0
0
0
0
0
0
0
0
0
0
0
0
232
0
0
0
0
0
0
0
0
0
163
0
0
0
0
0
0
0
0
0
0
0
0
0
0
0
619
0
0
0
0
0
599
3987
0
0
0
0
0
604
0
179
2020
1309
1514
2953
0
0
0
0
0
0
0
0
0
681
0
185
0
0
0
0
0
0
0
0
0
0
0
0
0
0
0
0
0
0
124
0
0
0
0
0
0
0
0
0
0
0
0
0
0
0
0
0
63
958
0
0
0
0
134
0
0
0
0
0
0
0
637
0
0
0
124
0
0
0
0
0
0
572
315
1342
1368
2093
0
0
0
0
0
0
0
0
795
3226
434
656
0
0
0
0
0
0
0
0
0
0
0
0
0
0
0
0
0
0
0
0
0
0
0
592
991
0
0
0
0
0
0
0
1
0
0
1042
847
0
54
408
0
0
0
122
0
0
0
0
0
0
0
0
0
0
0
0
277
209
0
529
0
0
0
0
0
0
0
0
0
0
0
0
176
0
177
0
0
0
0
0
0
0
150
250
0
0
0
1407
870
0
0
0
0
0
0
0
658
0
0
0
0
0
0
0
0
0
0
0
0
1563
1078
0
0
0
0
0
0
0
0
0
0
0
936
677
0
0
0
105
0
0
0
0
0
0
0
189
722
322
0
0
0
479
0
0
0
0
0
0
329
2501
1550
81
0
0
0
0
240
0
0
0
0
652
2565
2829
0
0
702
1702
918
0
0
0
0
170
103
76
1332
344
0
0
0
0
0
0
0
964
443
9
350
430
872
871
0
0
0
0
224
0
0
206
550
261
971
1372
225
0
0
0
0
0
0
628
318
183
230
1152
1882
555
0
0
0
300
0
0
796
349
0
121
0
120
0
936
0
0
0
0
0
655
1367
368
698
0
0
0
0
0
0
0
0
0
0
0
327
349
154
0
0
367
0
0
0
0
0
0
0
0
0
0
0
219
0
0
0
0
0
1204
598
0
22
824
677
0
1955
0
0
1265
0
0
1165
0
0
0
0
243
1069
4875
524
0
0
0
1274
2497
80
0
0
0
271
691
1886
0
0
0
0
603
1092
1207
547
0
0
0
0
0
0
0
0
0
0
1579
1734
0
0
0
0
0
0
0
0
0
0
0
1083
61
0
0
1395
1811
3531
2059
2333
2426
1536
3617
3987
2684
651
0
724
625
0
224
0
0
0
0
0
176
0
924
822
1085
348
1083
840
0
0
190
1915
451
0
0
1017
0
1154
394
744
301
0
2348
3806
1519
0
0
0
764
0
255
852
0
0
0
0
0
0
0
0
0
1215
98
1079
190
0
0
0
0
0
0
0
0
0
465
0
470
354
0
0
0
0
0
0
0
0
0
199
0
385
0
0
0
0
1616
1895
0
0
0
0
1069
267
1197
0
234
127
190
4338
1847
839
0
617
429
577
139
886
1030
1499
1045
345
0
0
0
0
1475
214
0
0
2004
1244
1793
1285
0
0
0
0
902
1325
756
1190
179
862
0
248
0
0
0
0
0
0
1995
637
846
430
790
50
0
0
0
0
0
0
491
118
0
0
0
1335
2158
2110
2188
867
0
0
1850
2364
1249
770
356
327
803
736
939
1233
146
0
188
833
54
634
306
97
251
167
0
1460
106
0
0
607
0
0
0
528
0
155
701
1274
2811
0
0
36
272
239
726
0
0
0
522
0
504
239
0
138
0
0
0
0
0
0
1145
293
0
256
0
0
0
0
99
0
858
0
0
709
0
0
867
0
0
0
0
1448
0
77
0
0
616
0
0
0
0
1357
167
0
0
0
0
1873
3603
679
0
420
135
33
570
0
0
0
0
0
36
466
0
0
159
415
370
0
0
0
0
0
0
0
0
0
0
177
0
1147
635
943
1991
1259
236
0
806
0
0
0
0
68
132
507
0
232
242
0
0
0
0
0
0
0
0
431
0
0
939
443
0
0
0
0
0
38
0
0
1835
831
0
662
2328
1054
0
0
0
609
113
0
64
0
783
2816
0
0
0
0
0
0
0
0
0
0
0
0
0
0
0
0
0
0
0
0
0
0
0
0
325
0
0
0
0
73
890
38
0
0
0
0
0
0
85
74
0
0
0
25
0
0
0
0
0
0
0
0
609
0
0
0
0
0
0
0
274
498
304
0
0
0
0
0
0
155
2838
479
0
2
1348
1823
1056
0
856
0
0
0
165
2914
1387
0
0
0
0
0
0
0
0
0
0
0
0
0
0
0
0
0
0
0
0
0
0
0
0
0
0
0
0
0
0
0
0
0
0
0
0
0
0
0
0
0
0
0
0
0
0
249
0
0
0
0
0
0
0
0
0
0
0
0
0
0
0
0
0
0
0
0
0
0
28
0
0
0
0
902
0
0
0
0
0
0
0
0
0
0
0
27
0
0
0
0
0
0
0
0
0
2385
1422
0
75
1702
0
0
0
0
188
0
0
0
463
338
0
0
0
0
0
0
96
132
0
0
0
0
0
0
0
0
0
241
0
0
0
0
126
176
0
0
0
0
0
0
535
0
322
0
0
0
576
0
0
6
0
267
0
0
0
749
0
0
0
0
0
0
3452
1062
0
0
0
0
467
0
0
1048
0
0
0
1305
0
0
0
1028
263
0
0
0
0
0
0
0
1054
0
0
0
0
0
0
0
0
0
0
0
0
544
0
0
0
0
0
0
165
0
0
789
0
0
0
677
0
506
0
664
0
154
0
0
2832
0
0
862
1929
0
0
377
0
0
25
0
0
0
0
0
0
0
0
0
0
0
0
0
0
255
0
0
0
0
0
0
0
0
0
0
0
0
0
0
0
0
0
0
0
0
0
0
0
0
0
249
0
0
0
0
0
0
0
0
0
0
0
0
0
0
0
0
0
0
0
653
0
0
0
0
0
134
1150
0
0
0
0
618
1151
0
0
0
0
0
0
0
0
0
0
0
0
0
0
0
0
0
0
0
0
0
0
0
0
0
0
0
0
0
0
0
0
0
0
0
0
0
0
0
0
0
0
261
0
0
0
898
0
0
1612
0
0
0
0
0
176
0
0
1308
921
894
483
2230
0
0
54
0
0
0
0
0
307
1212
0
576
57
0
0
0
0
0
0
0
0
0
598
688
2210
1040
0
0
0
0
179
0
0
0
0
56
117
662
87
0
0
0
0
512
0
0
0
0
0
1872
3540
0
0
0
0
0
0
0
0
0
0
335
542
0
0
0
0
0
0
0
0
0
0
0
0
0
0
0
0
0
0
0
0
0
0
0
0
0
52
0
199
0
0
0
0
0
0
764
0
0
171
0
0
0
3016
0
0
0
0
0
292
0
187
1296
1309
0
0
575
0
0
0
0
286
1716
0
0
1305
0
0
0
72
0
581
0
0
0
202
0
0
118
0
0
0
0
0
0
0
0
0
0
0
0
0
0
0
0
0
0
0
0
0
0
0
0
0
0
0
0
0
0
0
0
0
0
0
0
0
0
0
226
0
0
0
0
0
0
0
0
0
0
0
0
0
0
0
0
0
0
64
0
0
0
0
0
0
0
0
0
0
0
0
0
0
0
0
0
0
0
0
0
724
0
0
0
0
0
0
0
0
0
0
0
0
0
1119
0
0
0
0
0
0
0
1616
1084
536
0
626
0
8
0
0
0
0
0
0
1015
769
98
435
0
372
2008
0
0
0
391
355
0
0
0
0
0
0
0
372
0
0
0
0
0
0
0
0
0
366
10
0
0
765
0
0
0
0
0
0
0
1190
3772
0
0
0
0
247
36
0
271
1708
3264
986
58
0
80
1372
3424
3723
682
53
0
73
62
560
1061
1095
0
0
661
1113
858
589
90
374
0
0
107
142
0
0
0
0
0
0
231
0
630
0
0
0
0
0
0
585
0
0
0
0
38
336
0
0
0
0
0
0
0
0
0
0
104
0
870
0
0
0
0
0
0
0
0
24
0
50
0
0
0
0
633
0
0
0
0
0
0
0
0
0
0
0
0
0
0
0
0
0
0
0
0
0
0
0
127
0
0
0
0
0
0
0
0
0
0
278
0
0
0
0
0
197
0
0
0
0
0
0
0
0
0
0
0
1522
3479
581
0
0
421
0
0
0
0
0
0
0
365
3422
229
0
0
0
0
0
0
864
1112
1354
0
0
0
0
0
0
0
0
0
0
0
0
0
0
0
0
0
0
0
0
0
0
0
0
0
126
0
0
0
0
0
0
0
0
0
0
0
0
177
0
0
0
0
0
0
0
0
0
0
0
0
0
0
0
0
0
1033
2032
0
0
0
0
0
0
0
0
0
0
0
0
0
0
0
0
0
0
0
0
0
0
0
0
0
0
0
0
0
0
241
0
0
0
0
0
0
0
0
0
0
0
42
904
98
1242
446
0
0
322
516
0
0
0
0
183
1381
0
811
0
0
140
0
0
0
0
0
0
0
459
0
4163
2003
0
0
0
0
0
109
0
0
559
700
0
579
512
445
0
0
0
748
0
0
0
0
416
0
0
0
0
0
0
0
0
0
0
0
0
372
0
0
0
0
0
0
0
0
0
0
0
0
1635
0
0
0
0
1475
0
0
0
0
0
0
0
1165
1254
578
0
0
698
0
0
1612
0
0
0
0
1697
235
680
0
525
183
0
0
0
0
0
0
0
2025
126
1461
1770
0
833
232
0
0
1777
0
0
0
1245
2255
153
0
477
85
0
0
187
178
0
0
250
0
290
2026
1546
1588
0
0
0
0
0
0
0
0
0
0
0
0
0
0
0
208
387
1495
1338
0
0
53
376
241
0
0
0
104
1364
1151
1309
429
349
0
156
0
0
0
0
0
0
0
0
0
0
0
0
0
0
0
0
0
0
0
1364
0
0
0
0
0
0
223
0
0
23
0
0
0
1424
138
0
0
0
0
0
0
125
263
0
0
0
0
0
0
0
0
0
0
0
0
595
0
0
0
0
0
0
0
99
679
0
0
0
45
0
0
0
229
0
0
0
0
469
168
259
0
0
0
0
0
0
170
0
0
0
559
161
0
0
0
0
0
0
0
0
0
0
0
0
0
0
0
621
296
0
0
0
0
0
0
0
0
0
0
0
597
954
0
0
0
0
0
123
0
0
0
0
0
0
0
0
0
0
0
0
0
8
0
0
0
0
0
0
0
0
0
0
0
0
0
0
313
0
0
0
0
0
50
474
275
0
0
63
0
0
0
0
0
0
0
0
0
0
649
0
0
0
0
0
900
236
60
1184
3723
11
353
272
0
301
831
0
0
239
0
0
0
340
0
0
0
0
0
0
0
0
0
0
0
0
820
0
0
0
0
307
0
0
0
0
0
0
0
945
0
0
0
65
635
0
166
0
0
0
0
0
0
0
0
0
453
0
0
0
0
0
1345
330
215
0
0
0
74
828
0
0
0
0
0
0
0
0
0
0
0
0
0
0
0
767
0
0
1408
0
0
0
0
0
0
197
0
24
849
0
0
1193
175
0
0
0
0
1932
0
167
806
4919
5776
5921
5597
4852
4339
3525
3090
4626
4672
1237
1724
0
2
0
0
0
289
0
161
0
0
0
0
0
0
0
550
3389
4257
2083
0
920
758
0
0
0
0
0
0
0
0
0
0
0
0
0
0
0
0
0
259
0
0
0
0
0
0
0
0
0
0
0
0
150
0
0
0
0
0
0
0
0
0
472
0
36
0
0
147
1290
0
0
0
0
0
0
0
0
0
0
0
65
0
0
271
0
0
0
0
0
0
211
517
0
186
0
0
470
0
0
53
0
0
0
0
36
36
0
0
0
0
0
0
0
0
0
0
0
0
0
0
0
0
0
0
0
0
1419
0
0
0
0
0
0
0
0
0
0
2792
136
0
0
0
0
0
0
0
0
0
0
608
913
0
0
0
0
0
0
0
0
0
0
0
0
0
0
0
0
0
0
219
1345
308
0
938
1196
0
182
0
0
0
0
0
458
139
0
1363
1279
0
0
535
275
1091
645
144
0
1045
96
509
1588
781
1573
758
1521
692
802
0
438
0
1324
0
0
0
0
0
0
0
0
0
0
0
0
649
170
0
0
0
0
0
0
0
0
0
0
0
434
360
0
0
0
0
0
0
0
0
0
104
0
0
0
0
0
0
1083
534
0
81
0
0
466
0
370
0
0
0
0
643
0
0
0
0
42
0
51
99
0
0
0
0
0
0
240
0
828
0
0
644
827
0
0
32
0
0
299
278
0
254
0
0
420
1205
0
0
0
0
0
0
0
0
0
0
0
235
1302
0
0
0
0
970
1211
0
0
0
0
0
241
1679
0
0
779
19
0
0
0
0
0
0
229
0
0
0
0
0
0
305
2765
419
0
0
0
0
0
0
0
0
0
166
1897
0
0
0
0
0
0
0
0
538
0
0
0
0
0
0
0
0
0
0
0
0
198
0
0
0
0
0
0
0
0
0
0
0
0
0
0
0
0
0
0
0
0
0
0
0
0
0
0
0
0
0
318
0
0
0
661
2328
0
0
0
571
1487
68
1571
1726
0
0
0
794
0
0
0
0
0
1822
211
0
0
0
0
0
0
0
0
0
0
0
0
0
0
0
0
0
0
0
0
0
0
0
0
0
0
0
0
0
0
0
0
0
0
0
0
0
0
0
0
0
0
159
0
0
0
0
0
0
0
0
0
0
0
0
694
386
0
0
47
0
0
0
0
0
0
0
0
0
0
0
341
0
0
0
0
349
226
0
0
0
0
695
573
0
0
0
0
0
0
0
0
0
0
0
209
1368
0
0
0
0
0
0
0
0
859
1903
674
0
118
0
0
0
0
0
0
0
0
790
290
0
0
0
0
0
0
38
0
0
0
0
0
0
0
0
0
258
0
0
0
0
0
0
0
0
0
0
0
0
0
0
0
0
0
0
0
0
0
0
0
0
0
0
0
0
0
0
0
0
0
0
0
0
0
0
0
0
0
152
0
85
0
0
524
794
88
1341
954
22
0
32
259
0
0
0
0
0
144
0
859
1070
0
0
88
1101
0
0
0
0
0
0
0
0
0
0
0
194
1220
62
0
0
0
0
0
0
0
0
0
0
0
1001
1347
0
0
464
14
0
0
1469
53
0
0
125
0
0
0
0
0
0
0
0
0
0
0
0
0
0
0
0
0
0
0
0
0
0
0
0
0
0
0
0
0
0
0
0
0
0
0
0
0
0
0
0
0
0
0
1569
168
0
331
567
0
0
0
0
0
0
0
0
0
0
0
55
0
0
0
0
0
0
0
805
665
0
0
0
0
0
0
0
0
0
0
0
0
0
0
0
0
0
0
0
491
0
0
0
0
0
0
0
0
0
0
0
0
0
0
0
0
0
0
0
0
748
0
0
0
0
0
0
0
0
0
0
0
0
0
0
0
0
0
0
0
0
0
0
0
0
430
1270
0
0
0
0
0
0
0
0
0
111
0
0
0
0
0
0
0
0
0
0
0
0
0
0
0
0
0
0
0
0
0
0
0
0
118
0
0
183
407
972
0
0
0
0
0
0
0
0
0
0
0
0
0
0
0
0
0
0
0
0
0
0
0
0
0
0
0
0
0
0
0
0
0
0
0
0
0
0
0
0
0
0
0
0
0
0
530
244
0
0
0
0
0
1151
0
0
0
0
0
389
501
0
0
0
0
1645
2873
0
0
0
0
0
0
0
0
711
0
0
0
0
0
0
0
0
0
0
0
0
0
0
0
120
0
0
0
0
0
0
0
0
0
0
0
0
0
0
0
0
0
359
0
0
0
0
0
0
149
0
0
0
0
0
0
0
0
0
0
0
292
0
0
0
0
87
382
0
346
0
0
0
0
0
0
0
0
0
880
72
0
0
0
0
0
0
0
0
0
0
0
364
0
0
0
0
0
0
115
1171
1696
0
0
0
0
0
0
235
418
0
871
1822
1587
0
0
0
0
0
0
4
501
493
65
0
0
0
0
0
0
0
0
0
305
576
0
0
68
0
0
0
0
0
0
0
0
0
0
0
0
0
0
663
0
0
0
0
0
0
30
399
0
0
0
1807
3313
0
0
0
0
470
0
0
1061
3221
2130
0
748
0
0
0
799
0
0
0
0
851
2912
1037
0
0
0
0
0
1590
204
0
0
0
85
450
300
0
0
0
0
0
650
80
0
0
0
0
0
0
0
0
0
0
0
941
0
0
0
67
0
0
0
0
0
0
0
0
0
0
0
0
0
0
0
1
0
0
2190
777
0
0
0
0
348
0
0
0
0
0
0
0
0
0
0
0
0
864
221
0
0
774
0
0
0
0
0
0
0
0
0
73
0
0
297
0
0
0
435
301
0
0
0
0
0
0
0
0
0
0
0
0
0
0
0
0
0
0
0
0
174
0
169
0
0
0
0
0
0
0
0
0
0
0
0
1249
41
0
836
512
0
0
0
0
0
0
0
0
0
0
0
535
0
0
0
0
0
0
892
550
72
0
0
0
0
0
0
0
0
0
0
484
0
0
0
0
0
0
0
0
0
0
0
0
0
0
0
0
0
0
0
0
0
0
0
0
0
0
0
97
1599
1673
0
0
0
0
0
0
0
0
0
0
0
0
0
93
804
191
0
0
0
0
0
0
0
0
0
0
0
0
0
0
0
0
0
0
0
0
0
0
0
0
0
0
0
0
0
0
253
0
0
0
0
0
0
0
0
0
0
115
736
931
0
0
0
0
0
169
864
0
474
454
0
0
52
0
0
0
0
0
674
0
0
0
0
0
0
0
164
397
0
0
47
36
0
0
0
0
0
0
0
0
0
195
0
0
0
0
0
342
0
0
0
0
0
0
0
0
0
0
0
0
0
219
0
0
0
0
0
0
0
1731
1634
0
0
0
0
0
23
5
617
2353
2979
0
927
332
170
2695
3948
1194
0
0
229
1382
1284
0
688
0
0
0
0
831
493
0
0
890
1352
221
179
484
88
0
0
0
0
0
0
0
35
1780
3934
3629
606
0
0
0
0
654
0
0
0
0
612
568
1421
590
0
0
0
458
1262
0
0
527
0
0
1024
1311
3462
4277
3290
1660
1194
384
0
628
0
0
0
0
0
0
0
0
0
0
0
0
0
107
0
0
0
0
76
0
0
0
0
0
0
0
0
0
0
0
28
0
0
0
0
0
0
0
0
0
0
0
0
0
0
0
0
0
0
0
0
0
0
0
0
422
3
0
0
0
65
0
0
0
0
0
59
0
0
0
0
0
2534
4812
383
0
0
0
0
368
0
0
0
0
0
0
0
0
0
0
0
0
0
0
0
0
0
0
0
0
0
0
337
710
0
0
0
48
0
0
0
0
0
0
0
0
0
0
0
0
0
0
374
0
10
0
0
0
0
0
0
0
0
0
35
0
0
159
0
0
0
0
11
0
0
0
0
0
0
876
321
0
0
773
75
0
0
0
0
0
0
626
43
0
0
18
500
389
0
0
0
0
0
0
0
0
0
0
0
0
0
0
0
0
44
0
0
0
0
0
0
0
0
0
0
0
0
0
0
0
0
0
0
0
53
355
0
0
0
0
0
0
0
0
0
305
0
0
0
0
0
0
0
0
0
0
1625
1722
1010
0
0
0
0
197
0
0
0
341
0
0
391
0
0
0
0
0
0
0
0
1067
0
0
0
0
0
0
0
0
0
0
0
0
0
0
0
0
0
0
0
0
0
0
0
0
0
0
0
0
0
0
0
0
0
0
0
0
0
357
0
0
0
0
0
0
0
0
0
0
0
0
1602
0
0
0
0
0
0
0
0
0
0
0
0
1654
445
0
0
0
0
0
0
0
0
0
0
0
728
177
0
0
0
0
0
0
0
0
1017
0
0
0
0
166
1937
2259
0
0
76
845
502
0
0
0
0
0
0
0
565
110
0
0
284
1220
464
0
0
0
0
0
0
0
0
0
0
0
0
180
0
0
0
0
0
0
0
0
0
0
0
0
0
0
0
0
0
0
0
0
4073
4330
0
0
0
0
0
0
0
20
310
0
373
2269
0
0
0
0
0
0
0
0
0
575
1062
0
0
0
0
1257
884
1452
0
0
0
0
0
0
0
0
0
0
0
0
0
0
0
0
0
0
0
0
0
0
0
0
0
0
0
0
0
0
0
0
0
312
0
0
0
0
0
0
0
0
0
0
0
0
436
0
0
0
0
0
0
0
0
0
232
0
0
2388
2288
954
0
0
0
0
0
0
0
642
0
0
0
0
0
150
0
0
268
84
0
0
0
0
0
0
0
0
0
0
0
0
0
0
0
0
0
0
0
0
0
0
0
0
0
0
0
0
0
0
0
0
0
0
0
742
0
0
0
0
0
1022
539
246
0
0
0
505
865
0
0
0
0
0
1192
0
0
0
0
0
0
0
0
0
0
0
0
0
0
0
0
3057
0
0
0
0
0
0
0
0
0
0
0
0
0
0
0
0
0
0
0
0
0
0
0
0
0
0
68
0
0
410
673
0
0
0
0
0
0
0
1320
589
0
0
0
933
0
0
0
0
0
57
513
3236
1661
0
0
128
1758
0
0
0
0
0
0
0
0
0
0
0
794
626
807
0
0
0
0
0
0
0
0
0
1987
0
0
0
0
0
0
0
0
0
0
0
0
0
0
0
0
0
0
0
0
673
3760
1330
26
0
0
0
0
0
0
0
359
746
1261
449
0
0
0
0
0
0
0
0
0
0
0
0
0
0
0
0
0
0
0
0
0
0
0
0
0
0
0
0
0
0
277
0
90
0
0
0
0
59
0
0
0
176
0
0
0
0
0
0
0
0
1673
0
0
105
3505
843
478
0
0
914
2843
2266
2506
222
0
0
0
4753
2823
0
0
0
0
0
0
0
0
0
0
0
0
0
0
0
0
0
0
0
0
0
0
0
0
0
0
0
0
0
0
0
0
0
0
0
0
0
0
0
0
0
0
0
0
0
0
0
0
0
0
0
0
0
0
0
0
0
0
0
0
1598
426
0
0
0
0
0
0
0
0
0
0
0
0
0
0
0
0
0
0
0
0
0
0
0
0
0
0
0
0
0
0
0
32
0
0
0
0
0
0
0
0
0
0
0
0
0
0
0
0
0
0
0
0
0
0
0
0
0
0
0
0
0
0
0
180
0
0
0
0
0
0
0
0
0
0
293
0
0
0
0
438
894
0
0
0
0
248
1559
526
224
0
1140
0
0
0
0
0
0
0
0
0
0
0
0
0
0
0
0
0
0
0
0
0
0
0
0
0
0
0
0
0
0
0
0
0
0
0
0
0
0
0
0
0
0
0
0
0
0
0
0
0
496
438
1719
975
1532
0
0
0
0
0
0
866
0
0
0
2403
0
0
0
0
0
0
0
0
0
0
0
0
0
0
0
0
0
0
0
0
0
0
0
0
0
0
0
0
0
0
0
0
0
0
0
0
0
0
0
0
0
0
175
405
0
0
0
0
0
0
0
0
0
0
0
0
0
0
0
0
0
292
760
0
0
0
0
1782
542
93
0
680
600
0
0
0
0
0
0
0
0
0
0
0
0
0
0
0
0
0
0
0
0
0
645
0
0
0
0
0
747
0
0
0
0
1174
1587
291
0
5
0
0
0
0
982
1233
717
105
0
0
0
0
282
0
0
0
0
506
0
0
1847
0
0
0
125
1244
0
0
0
0
0
0
0
218
0
0
0
1006
882
821
506
0
0
0
0
0
0
0
0
0
1953
731
1435
1429
0
0
0
0
0
0
0
0
902
2221
537
794
680
0
248
0
0
0
0
0
0
1146
177
0
0
0
0
0
0
0
0
0
0
0
0
0
0
0
0
0
0
706
0
0
0
0
344
0
0
0
0
0
0
0
0
0
0
0
0
1830
2087
0
0
48
0
0
0
0
0
0
0
0
0
1627
0
0
0
0
0
0
0
0
0
0
0
0
1643
1078
0
0
322
0
224
0
465
0
0
194
2836
65
1876
0
0
2644
2283
0
108
507
2184
2923
0
503
783
1271
582
0
0
0
0
95
176
1694
4074
1513
218
738
0
171
0
0
0
0
0
0
0
0
957
640
67
808
0
0
0
0
0
0
0
0
0
0
0
0
0
1155
0
0
0
218
0
0
0
1291
29
0
0
0
89
0
0
0
0
0
0
0
0
0
0
0
0
0
0
0
0
0
0
59
0
331
0
0
0
0
0
0
0
240
0
0
0
0
0
0
0
0
0
0
0
0
0
0
0
1077
818
0
0
14
553
0
97
0
0
0
0
0
0
0
0
0
0
788
0
0
0
621
0
0
0
0
0
0
0
0
441
0
0
0
0
0
0
0
0
0
0
0
0
166
0
0
0
0
0
0
0
0
0
0
0
826
139
815
0
99
0
0
571
0
0
0
886
2499
1230
0
667
0
312
0
0
0
536
0
0
1180
212
0
0
0
201
0
413
0
0
261
0
0
0
0
0
0
0
0
0
0
0
0
0
0
0
0
0
0
0
0
0
0
0
0
0
0
0
0
0
0
0
0
0
0
103
0
0
0
0
0
0
0
0
0
0
0
0
705
0
0
0
0
0
0
0
0
0
0
0
0
211
51
0
0
0
0
648
0
0
0
954
0
0
0
0
0
0
0
0
496
0
0
0
0
0
504
0
0
0
0
0
637
0
0
0
0
0
0
0
0
0
0
928
3242
1329
469
23
0
0
0
0
0
0
0
0
0
0
0
0
0
0
0
0
0
0
0
0
0
531
0
0
0
0
0
406
344
0
0
0
0
0
0
0
0
0
0
0
776
0
0
0
0
0
0
0
1166
621
0
0
0
0
0
0
0
0
0
0
0
478
0
0
0
129
0
0
321
0
0
532
0
0
0
0
0
0
2526
690
0
0
0
0
125
0
0
72
798
1192
963
0
0
0
0
0
0
0
0
0
0
0
0
0
0
0
0
0
0
0
0
730
0
0
371
0
0
861
373
0
0
0
0
0
0
0
0
222
374
73
0
0
0
0
0
54
0
0
699
0
0
0
0
0
0
0
0
0
0
0
0
0
0
0
0
0
0
0
0
0
0
0
0
0
0
0
2885
1723
375
21
0
0
0
0
0
0
0
0
0
2164
0
0
0
0
0
0
0
0
0
0
403
0
0
0
0
0
470
684
0
0
0
0
0
601
0
0
0
0
0
0
0
0
734
0
0
0
0
0
0
0
0
0
0
0
0
0
0
0
0
0
0
0
0
0
0
257
816
0
0
0
0
0
0
0
0
0
2250
454
510
82
40
0
0
255
0
0
0
0
0
0
0
0
1496
1430
0
0
0
2600
1394
0
0
0
0
0
3147
3364
293
876
0
0
0
4147
0
0
0
0
2464
4100
0
0
596
0
11
0
988
3709
2583
3350
2283
1914
0
0
0
632
31
178
0
0
0
0
0
0
0
0
0
400
0
0
347
0
0
0
0
0
0
0
0
0
594
0
0
0
0
0
0
0
105
1691
2704
542
0
556
0
0
1229
0
0
0
0
1372
1142
301
0
0
0
0
0
1002
1500
0
247
0
0
0
0
0
0
0
464
0
0
365
0
0
0
1225
0
0
0
0
0
767
0
0
0
0
0
0
1289
0
0
0
0
0
118
0
0
875
0
0
0
0
928
0
0
280
0
0
0
0
219
0
0
0
0
0
0
1324
1141
0
0
0
0
0
0
0
0
0
0
0
0
1095
0
0
0
0
0
201
0
0
12
0
0
0
1207
591
0
0
0
0
2702
0
0
0
0
0
0
1438
105
0
0
0
0
0
905
0
0
0
0
0
0
0
0
42
0
0
748
0
348
0
0
0
0
0
0
0
0
0
844
1179
2433
703
0
155
910
0
0
0
0
0
335
995
0
0
967
335
0
0
363
210
0
0
135
0
817
602
0
0
0
0
0
1172
2886
0
0
339
0
0
0
0
40
165
0
0
0
0
0
0
354
0
0
0
0
0
0
0
0
0
0
0
0
153
0
0
0
0
0
0
2331
0
0
0
178
0
0
0
0
0
167
0
614
0
0
0
0
714
0
0
0
0
0
0
0
0
0
359
0
0
923
0
0
0
1909
0
87
0
0
0
683
0
0
0
0
0
0
0
0
0
0
0
486
2421
320
0
0
599
0
0
0
0
0
0
1338
1875
1630
0
0
0
0
55
0
0
0
0
0
0
0
1008
1396
0
0
0
0
0
0
0
0
0
0
0
1061
673
347
0
0
0
0
0
0
0
0
0
1309
2214
614
0
0
0
0
0
0
0
0
0
0
1095
666
0
86
0
491
0
0
0
516
220
0
0
0
0
0
0
0
1071
0
0
0
0
0
0
0
383
0
0
0
0
249
0
0
0
0
0
0
0
0
0
0
0
0
0
0
0
0
0
0
0
0
68
0
0
0
215
0
0
0
0
0
0
0
3158
2417
603
0
0
0
0
0
0
0
1020
1344
2458
4237
911
0
0
1407
0
0
0
0
0
399
323
0
0
0
0
0
1882
157
0
0
0
0
0
2077
0
0
0
0
0
1571
0
53
0
0
0
1048
4395
1599
0
0
0
0
23
0
0
0
327
2106
1410
1465
1980
1773
1855
1190
1849
822
0
0
0
0
0
0
0
0
31
400
0
0
0
0
0
0
0
0
0
0
0
0
0
0
0
0
0
0
0
0
0
0
0
0
0
0
0
0
0
0
0
0
0
0
353
1175
0
0
0
459
297
0
0
0
0
0
0
0
394
0
0
0
0
0
0
0
0
0
0
0
0
0
0
0
103
0
0
0
0
0
0
0
0
0
0
0
95
456
0
0
0
0
0
0
0
0
0
0
0
0
0
0
0
0
0
0
0
0
0
0
0
1745
0
0
0
0
0
0
0
0
0
0
0
0
1021
509
0
0
0
0
0
0
0
0
0
0
413
4483
903
1567
0
0
0
0
0
0
0
0
0
0
4734
1914
326
0
0
0
0
0
0
0
1169
0
0
0
0
0
0
0
0
359
0
86
0
119
701
0
0
0
0
0
0
0
0
0
18
0
0
0
253
0
1213
0
0
0
0
0
0
0
0
575
338
0
0
331
0
0
0
0
0
0
0
0
0
0
0
223
0
0
0
0
0
0
0
0
0
0
0
0
0
251
0
0
0
0
0
0
48
517
0
0
0
0
1173
0
0
0
0
0
0
0
0
0
0
0
0
0
316
0
0
0
0
0
0
0
0
0
0
0
0
0
0
0
0
0
0
0
0
768
616
0
0
0
0
0
0
0
0
0
0
0
0
1221
0
122
0
0
1235
1360
0
0
0
0
0
0
0
0
0
0
0
0
0
0
0
0
0
0
0
0
0
1
0
0
0
0
0
0
0
0
0
0
0
0
0
0
0
386
0
0
0
0
159
0
0
0
0
0
0
0
0
0
0
0
0
254
594
518
0
0
0
0
0
0
0
0
0
0
277
0
720
0
0
0
203
0
0
0
0
0
0
0
0
0
0
218
0
514
140
0
115
2025
0
103
0
0
0
0
0
1355
1636
1877
0
0
1342
0
0
0
0
0
352
0
0
0
0
0
0
0
0
0
0
0
0
0
0
0
0
0
0
0
0
0
0
1066
18
0
0
0
94
0
0
0
0
0
0
0
533
1374
90
93
0
0
399
0
0
0
0
0
0
137
2295
1954
30
0
0
0
0
0
0
0
0
0
0
1455
2986
853
854
290
0
384
3870
0
0
0
0
0
0
1505
0
409
172
0
0
0
0
0
0
0
0
0
0
0
0
0
0
0
0
0
0
0
0
0
0
0
0
0
0
0
1
0
0
0
0
0
0
0
0
0
35
0
0
0
0
0
0
0
0
0
0
0
0
0
0
0
0
0
0
0
0
0
0
0
0
969
1281
0
632
0
1129
1821
0
0
0
0
0
0
0
374
1721
5691
1243
0
0
0
0
0
0
0
0
0
0
565
1461
0
0
0
0
0
0
0
0
1403
685
0
0
0
0
0
0
0
0
0
0
0
0
0
0
0
0
0
0
0
0
0
0
0
0
0
0
0
652
1148
0
0
0
0
0
0
0
0
0
231
94
0
0
0
229
343
0
0
0
0
0
0
0
0
0
1659
0
0
0
0
0
0
0
0
0
0
0
0
159
0
0
0
0
0
0
0
0
0
0
0
0
0
0
0
0
0
0
0
0
0
0
0
0
0
911
1203
0
0
0
0
0
0
0
0
0
0
1174
1203
0
0
0
0
0
0
0
36
0
0
0
0
0
0
0
0
0
0
173
0
0
0
0
70
1221
777
2033
0
0
0
0
0
0
0
0
0
0
0
208
0
0
0
57
0
177
0
0
387
28
89
1238
0
0
0
742
3648
0
0
0
0
2122
1402
0
0
0
0
408
2057
1481
0
121
0
0
0
503
0
0
0
0
0
0
0
0
0
0
0
0
0
0
0
0
0
0
0
0
0
0
0
0
0
0
0
0
0
0
0
0
0
0
0
0
0
0
0
0
0
0
0
0
0
0
0
129
0
0
0
0
0
0
0
0
0
0
420
418
0
0
0
0
0
0
0
0
0
20
0
0
0
168
