0.123648
-0.029597
-0.099697
0.268032
-0.248574
-0.195142
0.216828
-0.000001
-0.006102
0.049819
0.000000
-0.329755
0.130556
0.202910
-0.227422
0.041852
0.112804
0.194730
0.001251
0.242425
-0.240259
-0.399283
0.103404
-0.179091
-0.107638
-0.082391
-0.179759
0.045694
0.028913
0.061056
0.081808
-0.344934
0.106485
0.128770
0.015957
-0.008971
-0.035451
-0.204044
0.202776
-0.122604
-0.070103
-0.058770
-0.051923
-0.060393
0.164871
-0.256458
0.194107
0.179463
0.113258
-0.246323
-0.119392
0.053353
-0.041135
0.335223
0.224181
-0.000001
-0.066838
0.073054
-0.094044
0.089218
-0.131762
0.070332
-0.000000
0.036288
0.024264
-0.101558
0.510286
0.237455
0.103920
-0.198514
-0.069563
0.081105
0.132694
0.288601
0.287042
0.144839
-0.193179
-0.236866
0.043728
0.171986
0.217901
-0.010545
-0.012286
-0.000000
-0.130130
0.248115
0.261912
0.106045
-0.000001
-0.000000
0.037782
0.166958
0.024687
-0.023328
0.062323
-0.306043
-0.269794
0.042822
0.294075
-0.321018
-0.047595
-0.191883
0.043391
0.295274
-0.045776
-0.260378
-0.327019
-0.300775
0.146413
0.023481
-0.224278
-0.011866
-0.003047
-0.274132
0.194333
0.006629
-0.395521
-0.155178
-0.003409
0.187161
0.024052
-0.147051
0.244626
0.092184
-0.192577
0.203159
0.038664
0.105009
0.027143
0.031662
0.072184
-0.329334
-0.389615
-0.522917
-0.161512
-0.033187
0.087091
-0.000001
-0.000001
-0.011935
-0.028585
-0.055921
0.267730
-0.267637
0.100428
0.369805
0.127783
0.146132
-0.066519
0.125896
0.199524
0.096781
0.014619
0.051058
0.168788
0.197651
-0.164132
-0.000000
0.180452
0.150045
0.148327
0.190842
-0.184559
-0.186397
0.016069
-0.008944
-0.147907
0.105448
0.018405
0.038417
-0.000013
0.204941
-0.382076
-0.000000
0.134351
0.081700
-0.000000
0.066511
0.185439
-0.072044
-0.048941
0.020003
-0.052402
0.193224
-0.185616
0.078419
0.190648
0.143965
-0.076564
-0.004456
-0.000408
0.112798
-0.171777
0.087511
-0.047212
-0.000000
-0.231899
0.224246
-0.235205
-0.152976
-0.310174
0.069568
-0.120530
-0.254493
0.132147
-0.000020
-0.125874
-0.198718
-0.154812
0.163209
-0.240017
0.063615
-0.072720
0.016580
-0.221575
-0.127084
0.111603
-0.000002
0.174567
-0.264393
-0.111814
0.036084
0.047059
0.017535
0.051611
-0.438901
0.110046
-0.183025
-0.142296
-0.000000
-0.438404
0.134749
0.156659
0.067648
-0.046806
0.090205
-0.000000
0.186158
0.097191
0.179132
0.197934
-0.025604
-0.291495
-0.613892
-0.221149
0.117589
-0.001110
0.440652
0.152715
0.151038
0.071142
0.220379
0.067620
0.049035
-0.124945
-0.000945
