5.967302
6.870810
5.682843
2.283658
4.421854
4.973447
7.004770
0.001317
3.512412
5.393618
0.000002
3.506880
4.809650
3.267073
5.967743
8.117035
5.696829
3.623519
6.328876
4.135493
4.053319
1.996426
4.343878
3.196137
4.367175
5.699005
4.678121
2.972731
5.465271
4.975518
5.229185
4.128710
4.245849
2.095632
4.379546
4.184007
4.448050
7.244450
6.434357
4.194104
3.223683
9.637857
3.126512
5.549165
2.070418
5.606294
6.689377
5.307583
4.765529
3.434608
4.850628
8.211859
2.943151
3.449628
5.442070
0.001019
9.497056
6.342052
3.967269
3.421979
5.934590
8.675045
0.001593
5.277404
2.301875
5.303212
4.196725
5.600210
7.354694
4.590571
4.207983
3.624904
4.842068
4.240629
5.518468
5.159470
4.238276
4.512024
5.297971
5.064625
2.582971
4.058801
5.556622
0.002769
5.823371
6.305786
7.775426
4.721978
0.002628
0.002723
7.540592
4.798690
6.413921
4.140010
4.361291
3.902083
4.312642
6.891247
6.586171
5.825294
4.503773
7.594343
3.876436
3.893856
6.994050
7.397271
7.869959
3.456933
5.627100
6.693853
5.130887
3.862931
4.698792
3.676219
8.405680
5.370219
6.491731
5.404912
8.014296
6.297611
5.821082
6.033420
12.227970
3.250950
4.911525
3.970873
3.716324
5.442951
6.763938
5.805983
3.090791
3.929005
5.023186
4.405235
4.908891
7.820230
2.914008
0.001016
0.001069
4.788359
4.014853
4.094163
5.896416
6.419109
5.344289
4.825197
5.654679
8.345170
4.482625
3.947783
7.413051
4.026127
8.621847
6.236179
6.877584
4.997637
8.331425
0.001288
10.970114
3.950694
7.200806
5.599628
4.618404
6.425738
4.173269
3.476138
7.342137
4.670286
5.168673
4.670667
0.009253
4.819266
4.001586
0.000003
5.738162
3.525315
0.002893
4.610699
4.576494
3.399798
4.311489
5.173687
1.502891
4.438368
5.868901
5.797852
5.956145
5.593136
7.458642
4.411884
0.611672
4.004593
2.646243
4.337780
4.108619
0.001420
6.146747
5.991621
5.793577
4.262160
3.794434
4.428818
4.608110
3.521572
6.055026
0.013783
4.532588
3.333560
4.462617
6.192885
4.272786
3.713914
5.090550
4.008744
3.512145
3.567963
10.063066
0.001400
7.395234
3.834363
5.676556
5.024790
7.815886
4.453403
1.592212
7.280564
10.910893
3.983105
3.239633
-0.000005
4.307629
5.003686
5.126402
4.589734
6.279575
3.288716
0.002766
4.564832
4.040156
5.134187
4.196075
4.748887
4.065353
5.999697
1.909815
9.437567
5.590800
5.976601
7.343057
4.816795
4.898790
5.504786
5.733346
4.215659
3.235647
0.475537
