0.00456511
-0.028863272
0.001589081
-0.024947708
0.33857298
0.015145952
0.0041561304
-0.014742624
0.012856946
0.03301479
0.13344952
0.041032203
0.0038391026
0.17398997
0.03341409
0.0041947267
0.011530957
0.0026276328
0.018552462
0.018213075
0.025424672
0.01303811
0.22625831
0.063204035
-0.0064897463
0.049266964
-0.01294061
-0.025264595
-0.060157888
-0.028913882
-0.033725023
-0.12364853
-0.063340686
-0.028313482
-0.062143397
-0.029943457
-0.044534385
-0.09691655
-0.041843597
-0.07759541
0.019993905
-0.06625535
-0.012490845
-0.092165455
-0.039752994
0.0038025326
0.020464314
-0.10412753
0.003814181
0.08810444
-0.07532623
0.043766674
0.058101896
-0.3663423
-0.024967086
-0.06057331
-0.03056285
-0.068626
0.47806844
-0.039740264
-0.039455578
-0.029114416
-0.043089908
-0.06582672
-0.024601582
-0.06085754
-0.050058693
-0.05391509
-0.05877905
-0.04966146
-0.07111041
-0.06559622
1.7739893e-07
1.1758139e-07
-1.7728297e-07
3.425896e-07
1.0191282e-07
-9.258521e-08
1.997988e-07
5.1308316e-08
-1.8495116e-07
0.010933149
-0.0073153535
0.014670593
-0.000102252394
0.22086507
0.033284735
0.032092985
0.03158076
0.022626508
0.049439017
0.0023032257
0.039521474
0.0072822883
0.19239292
0.04638897
0.043781333
0.034283314
0.04920181
0.008115491
0.03621022
0.012434031
0.07838043
0.15198974
0.09310852
0.025417702
-0.009530278
0.028056458
-0.101240575
-0.14190623
-0.12211432
-0.0060764095
-0.054819826
-0.029780075
0.09503964
0.16803281
0.09636336
-0.03895465
-0.052727334
-0.032403637
-0.036421787
-0.050622962
-0.044485528
-0.07644945
-0.054787688
-0.08538897
0.01105457
-0.08575754
0.0067154234
-0.0717723
-0.14760953
-0.06600721
-0.034706324
-0.055785753
-0.046234198
0.09966204
-0.065491445
0.10227164
0.06959338
-0.39572722
0.052534197
0.17531288
0.016811833
0.17820184
0.04800724
-0.04680076
0.05021933
0.04223772
0.17109926
0.063419074
0.0046511656
0.07186769
0.014443093
0.009287579
0.06346887
0.014577206
0.008249257
0.03110839
0.0076305913
-0.11573454
-0.19103172
-0.13920854
0.0061954856
0.0038781385
0.0041599255
0.008627871
0.030131893
0.011553645
-0.00029163342
0.0068162563
-0.0059259185
0.019679591
0.031413037
0.008729616
0.024858816
0.20707709
0.06946332
0.021608127
0.038242534
0.0096269855
-0.014276293
-0.03113826
-0.013980085
-0.01103868
0.27202418
0.038946338
-0.003547033
0.06222918
0.0032489875
0.009962399
0.06586323
-0.0049071237
0.036787946
0.19512343
0.07129148
-0.0010274386
0.07638914
0.007583337
3.589694e-08
2.2078048e-08
-4.566067e-08
2.4404843e-08
1.6541723e-08
4.5144006e-08
1.2443819e-08
6.7544397e-09
1.1882879e-08
-0.047134817
-0.034230687
-0.06182161
-0.033970207
-0.09117733
-0.057297807
-0.04649751
-0.05212243
-0.047502242
0.034543213
0.006391032
0.04283945
0.020677477
0.18215257
0.036274713
0.034614857
0.068780094
0.056013443
-0.072719544
-0.034893174
-0.07025569
-0.06026474
-0.04418068
-0.04666247
-0.038450558
-0.035515737
-0.06398426
-0.069876
-0.046756417
-0.058514908
-0.068859294
-0.040014524
-0.07553917
-0.09997042
-0.033807006
-0.081091285
-0.0025810667
-0.019430013
-0.009684834
-0.003683352
0.24072562
0.028654512
-0.011427212
0.03685152
-0.0113870185
3.9561535e-05
2.3053035e-05
4.9324586e-05
-8.841464e-06
7.147688e-05
9.35357e-07
1.6869637e-06
-1.1579287e-05
-1.5880383e-05
-0.021191401
0.114576116
0.06688263
0.08935676
0.024136934
0.009928373
-0.05851339
0.1313058
0.06879633
-1.1910308e-09
-4.907993e-08
2.1823388e-09
-1.3199086e-08
-1.7200492e-08
1.48145025e-08
-1.4629688e-08
-4.851342e-08
3.4681464e-09
-2.6432923e-09
-2.0962535e-08
7.998564e-09
1.309912e-08
-2.141236e-08
3.3759672e-08
1.1730954e-08
-2.9442718e-08
4.107018e-08
0.17347555
-0.0044080806
-0.010693776
0.15195872
-0.16364975
-0.06871881
0.17078923
-0.027676763
-0.019126723
-0.024730029
-0.024056958
-0.022795971
0.030455146
0.21664457
0.032226913
-0.009149479
0.084978625
0.05173653
-0.016747614
0.019100301
-0.009537798
0.029796138
0.20274298
0.06656181
0.027620599
0.03688421
0.033551216
-0.0007030616
-0.025890043
0.0028179344
-0.041930437
-0.2178106
-0.058080606
0.00856403
-0.035598192
0.006095147
4.2006754e-06
6.0537704e-06
3.5106298e-06
-2.9690892e-07
6.2216094e-07
-9.870369e-07
-1.9469783e-06
1.4781033e-07
-1.3760545e-06
-0.0021650412
-0.073386714
-0.011316059
-0.068601936
-0.12798171
-0.08407364
-0.0150996735
-0.060207333
-0.021010224
-0.05039305
-0.035909615
-0.067954354
-0.0522805
-0.004609447
-0.049830794
-0.06689752
-0.060010567
-0.07975194
0.0057067303
-0.0985469
-0.007492051
-0.031969648
-0.0343416
-0.040449318
0.07644231
0.32597825
0.086944714
-0.034308016
-0.0550275
-0.029144956
-0.042131245
-0.09927111
-0.055364087
-0.027646452
-0.07744964
-0.042268816
-0.024000512
0.04634114
-0.010070791
0.04842919
0.1927229
0.065343395
0.00434547
0.06499826
0.028065298
0.05135483
0.014819846
0.03651296
0.06335601
-0.052194085
0.071422465
0.07306822
0.044860043
0.09341518
0.038856756
-0.030194864
0.038338106
0.06686884
0.089826845
0.08434184
0.029208925
0.054790948
0.0349248
-0.016725829
0.025427034
-0.009138624
0.02926848
0.2223651
0.05356181
-0.0009326361
0.065685235
0.01820336
-0.043641098
-0.02792354
-0.055179432
-0.04289094
-0.08812419
-0.048174795
-0.08487846
-0.060155846
-0.05945751
-0.028630286
-0.080452725
-0.03501288
-0.08804548
0.5428031
-0.04962924
-0.058914013
-0.041694146
-0.07117666
-0.008477042
-0.008444619
-0.014399916
-0.0152792735
0.2642544
0.008377677
-0.004042477
0.045904186
0.01338706
-0.007008385
-0.004014983
-0.0018554096
0.001972622
0.27257076
0.050146606
0.021477453
-0.0011379208
0.020070143
0.03263394
0.05621975
0.02080005
0.037876487
0.17738326
0.059701614
0.029839037
-0.019225676
0.043012273
-0.01791777
0.055351067
-0.008926405
-0.054841556
0.40440276
-0.03132541
-0.09782604
-0.11103578
-0.11037282
-0.080257304
-0.021438422
-0.08859631
-0.060679145
-0.04851055
-0.06499804
-0.027874887
-0.050257538
-0.015228842
-0.011426369
-0.030554898
0.0011392545
-0.001260054
0.20850764
0.026465576
0.053069863
0.07365789
0.054376915
0.008204347
-0.039500512
-0.0021051012
-0.014637501
0.18668279
0.017860638
-0.019826332
0.14022642
-0.016949736
-0.102754384
0.016376996
-0.1042918
-0.025280865
0.016266374
-0.02896954
-0.08237679
0.016247341
-0.10689079
0.002289843
-0.026956895
0.013626998
-0.022740142
0.17515324
-0.022262651
0.06378481
0.09130767
0.07517796
-0.047812574
-0.053166922
-0.0665415
-0.049374726
-0.021831056
-0.071979456
-0.068353586
-0.05140305
-0.08063978
-0.008661284
0.03319845
0.003065238
0.018371787
0.21437064
0.048924845
0.038081966
0.01944046
0.033918336
0.060024146
-0.067595355
0.059403837
0.039696094
-0.02332212
0.033772208
0.10892021
0.06556833
0.107589565
-0.03560775
-0.058411848
-0.033811685
-0.028384643
0.36349213
0.0015824732
-0.020915149
0.03229892
-0.008969632
0.027830906
0.028603459
0.022148643
-0.018088749
0.24407779
0.008286553
0.06676078
-0.002203221
0.06739785
-0.021903897
-0.022190971
-0.02701023
0.0039057357
0.2626574
0.04172311
0.011621606
0.0538314
0.009772972
-0.05974682
-0.060335193
-0.05898581
-0.056908652
-0.055290617
-0.0715524
-0.05384956
-0.05555083
-0.06384673
0.029748619
-0.018718613
0.01711528
-0.0021833722
0.24482077
0.05335481
0.034754038
0.04792109
0.03499778
-0.0053885477
0.019195447
0.0056854477
0.015247583
0.22622544
0.040863752
0.019594243
0.055843357
0.031704877
-0.0050828047
-0.10414518
-0.016468048
0.016826607
-0.16240862
0.014093653
0.085860446
0.2467631
0.107645616
0.04269321
0.11262089
0.04773746
0.03683124
0.1313739
0.04355592
-0.0069420426
-0.1015248
-0.01764193
0.023615321
0.12716399
0.04164039
0.041011307
0.10381359
0.04317537
0.040785722
-0.031052591
0.04507529
-0.020327207
0.14086118
-0.014375557
-0.024103258
0.26501733
-0.0043418244
-0.08352503
-0.25206664
-0.09655481
0.035094313
-0.043223828
0.025747813
0.033737384
0.12038343
0.06661846
0.05098093
0.087880015
0.05080292
0.03869795
-0.008454853
0.031755432
0.021754907
0.19094001
0.057870876
0.049363013
0.028908277
0.03347356
-0.020951554
0.059784904
-0.01477009
0.047529075
0.1993442
0.06930997
0.01744708
0.05004491
0.028747145
-0.005773953
0.03604669
0.005799837
0.0031586334
0.29838485
0.048981458
-0.008805292
0.013876066
-0.0071580056
-0.020968962
0.0011270404
-0.014140892
0.03982937
0.204908
0.06545611
0.0012755346
0.048666224
0.002367228
0.03737125
0.07602446
0.05206621
0.051896516
0.15604393
0.049497396
0.037307158
0.041818935
0.045915082
-6.001284e-08
-6.9039935e-08
-1.1189269e-07
1.4089867e-08
1.652851e-08
9.826135e-08
-1.0460344e-08
-1.0600478e-08
-3.727378e-08
-0.07203468
-0.051161855
-0.07630718
-0.026035598
-0.076001756
-0.037349313
-0.079659164
-0.0637985
-0.08208526
-0.032521367
-0.06374079
-0.053167034
-0.076212995
-0.087599784
-0.074145034
-0.025155319
-0.027716415
-0.041862354
-0.076662965
-0.15173855
-0.09278002
-0.02779563
-0.11443043
-0.062778994
0.062880225
0.094560504
0.0809594
0.06037952
-0.105445646
0.06957034
0.12802294
-0.0067396257
0.1299142
0.060037192
-0.032288346
0.06803698
0.009426106
-0.0069430135
0.020320544
0.01606852
0.23370956
0.022810867
0.008813422
0.07277409
0.013499682
0.0017008368
0.118027784
0.02490319
0.051621936
0.14277726
0.07162669
0.038981836
-0.0826742
0.024354912
0.017464677
0.113170706
0.038283825
0.031792928
0.14702766
0.042531047
-0.022440607
0.08352147
-0.0038733776
0.09211768
0.04148029
0.052711833
0.07422699
0.04163222
0.019314365
0.066184536
0.060223565
0.06741539
-0.10697462
-0.3108466
-0.15928115
-0.09796198
0.19865789
-0.05993773
-0.0013484326
0.14576428
0.016617512
0.084684126
0.14704822
0.09646621
0.07867868
-0.27277997
0.062172703
0.016306533
-0.0808966
-0.019384539
8.0197346e-08
6.226386e-08
2.9882872e-09
-9.070335e-08
-9.006587e-08
-8.3434756e-08
-3.4597754e-08
2.9531725e-08
-5.6212063e-08
-0.028834995
-0.04183981
-0.037612848
-0.074431725
-0.08008412
-0.082047194
-0.04619437
-0.048758734
-0.06891576
0.12868431
0.005904198
-0.15590295
0.18249945
-0.00925701
-0.13571355
0.14426601
0.029855954
-0.15383552
-0.014128421
-0.059894215
-0.034791857
-0.06729526
-0.083499804
-0.07881746
-0.041512076
-0.057532746
-0.050728284
-0.10239818
-0.008000995
-0.09363547
-0.033429127
0.046523836
-0.052102897
-0.08008966
-0.016933722
-0.08193233
-0.04812227
-0.08497902
-0.052434437
-0.13652736
0.509331
-0.11197707
-0.075585864
-0.11111718
-0.08637647
0.013523454
0.13256985
0.03553129
0.020123119
0.16091378
0.029082134
-0.011155141
-0.073838755
-0.020729002
-0.0045539956
0.0739498
0.009625556
0.024880921
0.17818421
0.04973866
-0.04312134
0.064238526
-0.039772272
0.03850347
0.055716574
0.038782954
0.008308089
0.18603508
0.04670247
0.039551478
0.053804755
0.025810614
-0.13459216
-0.018104374
0.026466643
-0.15240955
-0.01157804
0.1362076
-0.18039389
-0.00039916966
0.07189833
-0.06028306
-0.029380217
-0.072498575
-0.030789878
0.055426586
-0.012303549
0.09117285
0.23710239
0.09621866
-0.03105052
-0.033957824
-0.04644617
-0.06571515
-0.07748741
-0.05990549
-0.029027352
-0.04346568
-0.051427573
-0.08002268
-0.01618247
-0.10023504
-0.11213568
0.56657267
-0.06277403
-0.09173328
-0.06507908
-0.1089927
0.0036400284
-0.035400163
0.0039326004
-0.03544861
-0.2833983
-0.070404835
0.005010985
-0.03417982
0.018395456
-0.00039863508
0.0015896482
0.00049868255
-0.00047186826
0.003037111
-7.340903e-05
0.0015126293
0.0004310776
0.0010745078
-0.037673287
-0.0630409
-0.05046752
-0.037281763
-0.08264824
-0.040369842
-0.05426021
-0.026659194
-0.05532508
-0.020566247
-0.019498056
-0.0110247675
-0.08853927
-0.17129058
-0.12116811
-0.0058964263
-0.0005926058
-0.01901114
-0.031268843
-0.052878123
-0.042423107
-0.0435104
-0.090351775
-0.052851707
-0.05149818
-0.030846233
-0.057303987
-0.021087334
-0.08866781
-0.035037495
-0.06709368
-0.026325654
-0.063947596
-0.03257219
-0.061186608
-0.045675393
-0.050030343
-0.07223776
-0.055507936
-0.0782734
-0.022889039
-0.069278836
-0.035334893
-0.03944899
-0.059164494
-0.038912274
-0.08943277
-0.0337265
0.014660474
-0.17801641
-0.01714142
0.13923946
0.23261963
0.1700523
-0.016613089
-0.041392576
-0.018358998
-0.054053158
-0.16975853
-0.07299697
-0.02631896
-0.05125801
-0.019108916
-0.032654043
-0.03675885
-0.020512022
-0.060137358
0.49006307
-0.029124543
-0.039687682
-0.04071203
-0.03653549
-0.0036243368
0.010829296
-0.005180261
-0.014392326
0.30728766
0.015202902
-0.019259244
0.01676054
0.0036427192
0.031890072
0.09969485
0.047852475
-0.0052684187
0.19880226
0.020730352
0.021933721
-0.066585645
0.0045030974
0.06996886
0.08505437
0.0770209
0.116253816
-0.5277657
0.06592443
0.050797027
-0.014472715
0.06994323
-0.03346341
0.032518096
-0.0270786
0.07371913
0.1237184
0.09832643
0.031985696
0.104444936
0.05732593
-0.023615476
-0.049029797
-0.017312083
-0.046189107
-0.15022214
-0.06629659
-0.007153227
-0.088150725
-0.008402715
-0.043022998
-0.18758127
-0.04409381
0.028621247
-0.21972436
0.009059457
0.15761268
0.17426358
0.20827259
0.0016114262
-0.003974748
0.0059837815
0.0109660635
0.31978998
0.044033214
0.004068567
0.05440112
0.011161785
-0.026092516
-0.04340616
-0.017112022
-0.0524567
-0.048626233
-0.06835317
-0.06625794
-0.04410361
-0.078179166
-0.029963104
0.022737335
-0.018207839
-0.0069140643
0.2224482
0.029648846
0.03375436
0.045481972
0.025484903
0.031763956
0.072609514
0.030639857
0.046996053
0.18783602
0.07489955
-0.023680182
-0.056152746
-0.0019169969
-0.1367692
-0.015239486
0.13583253
-0.10546178
0.004659372
0.17786978
-0.11120048
0.016606998
0.10350262
-0.03678061
0.0070109908
-0.021781571
0.009203952
0.26112115
0.037815157
-0.00499741
0.045803927
-0.010147316
1.4101951e-07
4.6300826e-07
4.1446203e-08
1.1522677e-08
1.0530665e-06
4.0694823e-07
-1.8111419e-07
5.0036107e-07
3.7825856e-08
-0.032686234
-0.06758792
-0.06290665
-0.047805905
-0.049736124
-0.049203124
-0.04318233
-0.06653424
-0.058050245
-0.062755644
-0.030733418
-0.055638224
-0.03310033
-0.06729703
-0.0321912
-0.05644528
-0.06945471
-0.07247938
0.023482207
-0.031276163
0.021698395
-0.0010507287
0.20354593
0.03507614
0.050494056
0.045541566
0.05021034
-0.05703756
-0.028871385
-0.052249976
-0.024260877
-0.050671805
-0.035674065
-0.06878723
-0.056417875
-0.07369473
1.8236454e-08
-3.670493e-08
-4.1015067e-08
6.068792e-08
-3.018307e-08
-8.7836774e-08
-3.871844e-08
-3.8753132e-08
3.9914827e-08
0.061013278
0.11998577
0.0676907
0.0733458
-0.03289849
0.085704215
0.044140875
-0.19834471
0.03218493
0.020569451
0.047819663
0.012199143
-0.05196416
0.24477799
0.05602865
0.006950995
0.043108374
0.016478775
0.0058820327
-0.014747829
0.016826909
-0.003805287
0.2025572
0.015918063
0.038510177
0.04186442
0.058851898
0.013787735
0.077652715
0.018760242
-0.00091443374
0.2105499
0.044355642
-0.037149128
0.13630006
-0.021167217
0.12635845
0.06579273
0.13861148
0.10171884
-0.20714962
0.108528
0.078388244
-0.023167862
0.076017745
-0.007558465
0.03088683
0.0032604134
0.048413157
0.20458536
0.0640246
0.012137482
0.041731317
0.018346742
-0.037014067
-0.0519605
-0.056285806
-0.049056385
-0.040488806
-0.051361606
-0.05347074
-0.057648767
-0.07798526
-0.023158254
-0.05529159
-0.031604093
-0.07337572
-0.08186185
-0.06505139
-0.05155785
-0.062096454
-0.06012813
-0.013321176
-0.052930363
-0.010531099
0.034940965
-0.26980656
0.03385089
0.1465584
0.12507822
0.16208084
-0.045694806
-0.087053075
-0.058947
-0.13613205
0.54618657
-0.079046085
-0.062280897
-0.11939824
-0.087716274
0.06288919
0.03944984
0.13362755
0.04585218
0.03991102
0.044878393
0.08416603
0.04366836
0.10815959
-0.025590338
-0.048375394
-0.027477507
-0.02023999
0.31481192
0.0074159517
0.017695423
0.03248339
0.017926523
0.031830527
0.0018754834
0.062377486
0.022664871
0.109141834
-0.020272925
0.0737351
0.0049601146
0.1056162
-0.039416887
-0.017417712
-0.044703547
-0.03707665
-0.055519264
-0.04508617
-0.08315659
-0.04735647
-0.0832641
-0.010358158
-0.0369774
-0.0025966247
-0.011527258
0.0808675
0.0082343295
0.0860558
0.21987237
0.093047455
-0.0048039746
-0.019000567
-0.01789756
0.00082733657
0.2852567
0.04746628
-0.012385187
0.041852865
-0.015945626
-0.032734375
0.0027438416
-0.020418657
0.016252145
0.107602485
0.044125255
-0.1704412
-0.15030019
-0.2350938
-3.5107508e-08
-3.883962e-08
2.0402187e-08
9.376912e-12
-1.844772e-08
2.0753644e-08
3.3224673e-08
-1.2984106e-08
3.6362675e-09
0.011968402
0.043510877
0.022502143
-0.0071515604
-0.25051653
-0.030467907
-0.04694612
-0.07191477
-0.046323314
-0.010263169
0.024809703
-0.00926089
0.041495696
0.16861331
0.04744085
0.035394493
-0.027776245
0.043041885
-0.047402978
-0.08496267
-0.054412764
-0.027280223
-0.21688864
-0.05280842
0.06852212
0.042357
0.085127704
-0.055347726
-0.025114445
-0.07658467
-0.036789816
-0.035532013
-0.023811864
-0.064952224
-0.04497229
-0.08856754
0.016195301
-0.10924098
0.0008099804
-0.016931837
-0.17697823
-0.0045395726
0.20495029
0.13559482
0.22225097
-1.1826276e-06
-1.6393603e-06
5.9481163e-06
4.7371614e-06
-4.8413735e-06
2.6084333e-06
2.6976472e-06
-3.004852e-06
9.82656e-06
-0.07483065
-0.018672246
-0.07511122
-0.028726764
-0.025236007
-0.042800747
-0.06830906
-0.045258693
-0.07949769
0.040959
-0.051172186
0.029086614
-0.069374
-0.14218876
-0.08269803
-0.006406773
-0.11423231
-0.02588379
-1.7811709e-07
4.6793795e-07
-4.3638428e-07
6.4436966e-07
1.213175e-06
3.0104283e-07
-5.369034e-08
3.8303782e-09
4.266588e-07
-0.0361367
0.0050791753
0.043217134
0.036426034
0.3588603
-0.0012216404
0.06585733
-0.0038344949
0.073713616
0.12184942
0.22501412
0.15150216
0.029253365
-0.18343544
0.012282711
0.011368506
-0.114829004
-0.0052910117
-0.048355475
-0.048947945
-0.05047088
-0.058084294
-0.023065932
-0.06784822
-0.06993145
-0.07718298
-0.07634696
-0.008705629
-0.0084784115
0.00027289733
-0.021650096
-0.24078886
-0.036676057
0.0017809918
-0.07468955
0.0023281698
-0.0669111
-0.05755673
-0.09938462
-0.016406626
-0.030285487
-0.002383027
-0.052124295
-0.040454186
-0.074905515
0.035775673
0.07862612
0.032102954
0.10042016
0.016100718
0.11432006
0.05261211
0.0725579
0.06351898
-0.06824864
-0.04845749
-0.060052603
-0.06701192
0.5230995
-0.020271312
-0.06640163
-0.015399195
-0.06513187
0.13122027
0.25637594
0.14597149
-0.06860585
0.029451406
-0.05800087
-0.06597133
-0.104594484
-0.07437461
-1.7320144e-08
-1.157999e-07
-4.906388e-08
7.062163e-08
-5.2599038e-08
4.1179433e-08
5.507148e-09
2.2060345e-08
2.080611e-09
-0.058087744
-0.08892801
-0.05905374
-0.035885617
-0.057239905
-0.04680883
-0.05792669
-0.06681751
-0.06865849
0.0008124077
-0.018207029
0.0036597643
0.00043820005
0.2284952
0.050402597
-0.019467602
0.05765917
-0.01777495
0.030128153
0.046959866
0.025744338
-0.047791135
-0.17067462
-0.06087793
-0.048138786
-0.10629708
-0.06434486
-0.015745109
0.0057491194
-0.018889667
-0.010572588
0.18002725
0.017568475
-0.034059588
0.036248203
-0.030695802
-0.017497987
-0.04684403
-0.03602892
-0.03587876
-0.062080532
-0.04268316
-0.066667855
-0.07041378
-0.073825106
0.1870996
0.11566396
0.20998363
0.058967404
-0.38458475
0.025470149
0.050846715
-0.16895755
0.024274252
0.017382761
-0.020075621
0.011324605
0.008815581
0.20122547
0.028430806
0.03132642
0.0692642
0.03477682
1.3607002e-08
-1.4377224e-08
-2.649519e-09
-3.1863067e-08
-3.8059525e-08
4.1200547e-08
-2.3476815e-08
-1.813616e-08
-3.3173535e-08
0.06755111
-0.031843647
0.051859863
0.009830548
0.08228216
0.043663166
0.062024087
0.089701355
0.0640317
-0.055901885
-0.031095084
-0.062057197
-0.041325126
-0.053230774
-0.059261102
-0.061233778
-0.048695337
-0.052153867
-0.0014893004
-0.036164124
-0.0038983228
-0.079966605
-0.104651235
-0.07975571
-0.020951558
-0.08422236
-0.034775667
-0.009104332
-0.08400491
0.001665414
0.061577547
0.08359565
0.048864316
0.034128983
0.14890972
0.059140205
-0.056644775
-0.059863713
-0.054521605
-0.051473025
0.007715168
-0.046749458
-0.06758719
-0.041726727
-0.09787215
-0.040117264
0.00041467024
-0.02166466
-0.019774294
0.23883633
0.036849637
-0.03222147
0.044593424
0.018581746
0.02240639
-0.03011935
0.021204127
0.073314674
0.04086365
0.062473338
0.12790345
-0.076359
0.15543197
-0.043664847
-0.08551515
-0.03938753
-0.03458786
-0.11341161
-0.060943294
-0.053495236
-0.03352163
-0.05309891
-0.061570365
-0.027863737
-0.044001732
-0.003445215
-0.12174094
-0.01514661
-0.05455111
-0.0047669425
-0.05846165
-0.022283314
-0.04753333
-0.031134093
-0.06688656
-0.072367705
-0.072939456
-0.03302667
-0.061066248
-0.04171475
-0.022450732
-0.013183981
-0.023176154
0.0015079705
0.29172337
0.027593225
9.432621e-05
0.05166855
0.0034510407
-0.0029967874
0.035801727
0.0029276363
0.01671771
0.25747296
0.056303
-0.018495057
0.004931373
-0.0019491389
-0.022097712
-0.004286817
-0.015603349
-0.03975954
-0.14072335
-0.07183223
-0.039429493
-0.06122486
-0.04962483
0.017071404
0.027493065
0.027291378
0.0044649965
0.20913318
0.04263422
0.042724594
0.039802976
0.033016153
-0.034506254
-0.053276867
-0.0421575
-0.043770526
-0.06308772
-0.060585573
-0.062430676
-0.0632229
-0.06662222
-0.08062427
-0.110966355
-0.09748031
-0.08929269
-0.020830246
-0.095015734
-0.023828013
0.0075188633
-0.039452914
0.11729316
0.2470638
0.14237833
0.03888547
-0.22985162
0.012268497
0.009687131
-0.088939875
0.025352797
-0.05635068
-0.03563376
-0.059280477
-0.036518
-0.048617583
-0.030847173
-0.05840391
-0.032172214
-0.06326551
0.023180254
0.010847617
0.021468889
-0.027841512
-0.1010279
-0.05219597
-0.09765733
-0.09572217
-0.106507555
-0.06021118
-0.019077985
-0.0853431
-0.04419236
-0.044603854
-0.03702146
-0.053385608
-0.044146046
-0.06852938
0.10554586
0.23584175
0.15184642
-0.005743399
-0.10865283
-0.02680098
-0.052102823
-0.09664276
-0.082945146
-0.0031498864
0.04648975
0.0019251229
-0.0008142822
0.31157848
0.0352273
0.015272059
-0.025340358
0.008052368
0.15222494
0.10464846
0.17695582
0.02533719
-0.24378297
0.002225871
0.04378547
-0.18629394
0.019939983
-0.015683338
0.013735374
-0.0162635
0.00093388435
0.21059565
0.035816774
0.059218563
0.030059177
0.060236845
-0.07598281
-0.14892898
-0.11178549
-0.024247421
-0.10818656
-0.022713931
0.044515286
0.11278416
0.045767903
0.0010389389
0.0008082947
0.005326158
0.004287728
0.21590401
0.024301818
0.003278816
0.0840458
0.022579242
-0.033466008
-0.026979972
-0.047282673
-0.042667244
-0.11694786
-0.058849182
-0.053167555
-0.07087479
-0.060493816
0.0140918875
0.011556068
0.010132718
0.014756138
0.17478034
0.033744596
0.03551296
0.061294284
0.04040246
-0.044661086
-0.056066986
-0.07187919
-0.049683947
0.004951963
-0.036814447
-0.02834073
-0.082772724
-0.05071111
0.1381849
0.05615574
0.14696911
0.091209106
-0.41153207
0.0647698
0.02909625
-0.07849704
0.021944018
-0.056123216
-0.010970047
-0.06444918
-0.043545388
-0.050457735
-0.042125426
-0.07210409
-0.039433494
-0.07176637
-0.049025875
-0.027116986
-0.068714656
0.0576646
0.17675975
0.059114203
-0.008009969
0.1119549
0.02910876
-2.6060252e-05
-0.00010198236
-6.662787e-05
5.570332e-05
-0.00017542527
2.3455861e-05
0.000119590426
0.00014056964
0.00011471747
0.0033092694
0.061992787
0.0062834052
0.012239746
0.18088189
0.0407132
0.054682154
0.010458909
0.042677596
-0.0037825846
0.019532168
-0.0037389626
0.032139584
0.21190459
0.050431505
-0.009019169
0.07772385
-0.0013365346
0.056428127
0.18823127
0.06914056
0.0593024
-0.01260134
0.067582615
-0.010704476
-0.049822528
-0.008071896
-0.055194702
-0.06655097
-0.07963205
-0.057772104
-0.030804995
-0.07458275
-0.05806542
-0.06423125
-0.063869186
0.014805687
0.002790771
0.015827551
0.021969868
-0.456071
-0.008450738
0.003920975
-0.009340557
0.005155968
-0.02903474
-0.023502713
-0.02835297
-0.039472274
0.48709336
-0.011029156
-0.0057929573
-0.021225084
-0.0042051296
0.134643
0.13601746
0.16491227
0.058636952
-0.3710214
0.033303443
0.07969378
-0.14160317
0.058471136
-0.06897939
-0.01945014
-0.06087511
-0.029143076
-0.055376515
-0.049791418
-0.04244446
-0.08629976
-0.049569193
0.056685533
0.018311385
0.06573096
-0.06843491
0.18784693
-0.07000929
0.04685949
0.07820979
0.06760866
-0.010368127
-0.011973481
-0.015468616
-0.036506798
0.3510187
0.027739316
0.011001615
0.0030435026
-0.0051562022
0.012664777
0.10177361
0.029637974
0.04283992
0.16423772
0.06952747
-0.0091472445
-0.04979329
-0.03432547
-0.022452211
-0.023458337
-0.0410567
-0.0309324
-0.12884498
-0.03771325
-0.044641126
-0.058823217
-0.048101805
0.005327169
0.03929074
0.018893884
0.018909167
0.22765179
0.034851715
0.01542859
-0.012897226
0.013182251
-4.27394e-08
-5.362893e-08
-4.576858e-08
7.512931e-09
-5.051362e-08
-4.6257178e-08
-5.197798e-08
1.1267179e-09
-5.2399326e-08
0.09986974
0.1729395
0.12330766
-0.01291236
-0.016589854
-0.010668748
0.015982118
-0.038529765
0.030120544
-2.3352982e-08
-3.8802055e-09
-5.0550593e-08
9.7403685e-09
-3.3833224e-08
8.400695e-09
-3.5844025e-08
-7.53082e-09
1.02156804e-07
0.1028602
-0.015074333
-0.13232747
0.15562023
-0.050685003
-0.094402224
0.083539635
-0.020324616
-0.072360374
0.020381046
0.0057940558
0.019649487
0.0022412513
0.18489617
0.03665767
0.008562608
0.09308861
0.011928545
0.0045850016
-0.062210094
0.0033103975
-0.008407649
0.23347393
0.0080154715
0.03166962
0.0892959
0.032740485
0.06655618
0.03751243
0.087708086
0.03226838
-0.3497025
-0.003308826
0.030318186
-0.10128253
0.030249868
0.037804805
0.035138
0.050645508
0.069268204
0.13170414
0.07810109
-0.03168321
0.038373757
-0.019449564
0.02190515
0.2850542
0.048291255
0.015218969
-0.11376085
-0.029132396
-0.07386136
-0.12133588
-0.08197399
0.043816373
0.043769136
0.03692221
0.030375216
0.15482894
0.06284872
0.05037593
0.035955995
0.04288962
-0.06393724
-0.020010583
-0.062387228
-0.054346547
-0.082943134
-0.06823453
-0.04153196
-0.08572979
-0.050817348
0.019374808
0.0036063122
0.030707646
0.006762306
0.20828012
0.021152744
0.023732368
0.067214176
0.039709814
0.096162386
0.17115295
0.105800614
0.0336176
-0.07335528
0.031018674
-0.08766304
-0.20260969
-0.09545234
-0.0051991623
0.034076042
0.006551264
-0.05363776
0.32956538
-0.021484133
-0.034026835
-0.08551507
-0.04211503
-2.122928e-08
-2.5476869e-08
7.561236e-09
-3.3951622e-08
-1.199449e-08
2.7165887e-09
3.3467757e-07
2.6320524e-07
3.1997317e-07
-0.008331256
-0.0048383535
0.0082062725
0.04435743
0.21390894
0.039585486
-0.008405165
0.08735037
0.010947188
-0.01193697
-0.0018454787
0.002808221
-0.010705449
0.3141357
0.041862436
-0.017719932
-0.012014739
-0.028292896
0.031730153
0.03217816
0.021990564
0.039455462
0.1672013
0.07318088
0.04211024
0.041858945
0.048267387
0.021159781
0.15258706
0.037473995
0.023856563
0.041701887
0.036479622
0.05986657
0.021084264
0.066770434
0.057874426
-0.0046757874
0.05517314
0.019858485
0.13409412
0.034948897
0.055069212
0.022759525
0.052702047
0.080087505
0.20286393
0.107696556
0.018229634
-0.08007144
0.037692104
-0.043645207
-0.14096084
-0.040970095
0.059418403
-0.13150987
0.050362322
0.06673646
0.07160501
0.06684956
0.060646474
0.09284279
0.081850566
-0.005327905
0.07176284
-0.008886446
0.050783563
-0.4120376
0.036682915
0.007178475
-0.04918708
-0.002608873
-0.030742003
-0.05214685
-0.043773465
-0.045455694
-0.042855617
-0.03462684
-0.08444394
-0.03387856
-0.088653155
-0.059739403
-0.046586584
-0.05908176
-0.06354817
-0.061417945
-0.06872216
-0.04928693
-0.080383524
-0.046880387
-0.040494744
-0.032863352
-0.048518043
-0.08237385
-0.07389845
-0.07976033
-0.058662683
-0.0028991387
-0.07113799
0.00606001
0.04937435
0.015479633
0.026065052
0.20694025
0.0342904
0.011263534
0.034981005
0.030655775
-0.0009376852
-0.044625483
0.0059226905
-0.030142846
0.2690396
-0.004295216
0.011032744
0.06674321
0.016908837
4.6313178e-10
2.4108072e-08
3.4346304e-08
4.2520303e-09
4.304107e-08
-2.0430734e-08
2.5238217e-08
-4.386269e-08
-1.8725101e-09
0.027243253
0.056509543
0.02967346
0.031973038
0.20053709
0.06458039
0.027903818
-0.0699923
0.019572327
-0.049067523
-0.06625443
-0.07171368
-0.06205651
-0.03575376
-0.07705877
-0.03543455
-0.08659438
-0.048232265
-0.013953001
0.061517637
0.10030104
-0.090380855
-0.19055824
0.12824644
-0.04476527
0.046968654
0.12018659
0.004456621
-0.034404274
-0.016113678
0.0036513014
0.096142195
0.032264158
0.018998442
0.17261778
0.03456429
0.117581986
0.17325453
0.13830921
0.054166943
-0.14455517
0.04134613
-0.035817664
-0.08963363
-0.05254616
-0.030687144
-0.0442835
-0.029131476
-0.034963414
-0.07487287
-0.047903355
-0.07369993
-0.04040214
-0.075276434
-0.0050015477
0.012319879
0.006091258
0.0019512593
0.25747022
0.032463793
0.012131703
0.03387858
0.011921998
-0.037223276
-0.062232472
-0.043648466
-0.061936162
-0.10703692
-0.075013936
-0.013441502
-0.07446201
-0.034062292
-0.007212298
0.03819795
-0.014566638
-0.0153631
-0.0052843555
-0.014474078
0.07556716
0.17221294
0.092612945
0.006231051
0.010767836
0.020658365
0.01621042
0.22876614
0.028918266
0.0022453878
0.050783537
0.020549329
-0.034795772
-0.021629296
-0.01371661
0.06912666
-0.14193569
0.08495626
0.104721636
0.11994209
0.10745176
1.771715e-09
5.5860166e-08
3.4375073e-08
-6.469439e-08
1.0488219e-08
-4.5962403e-09
2.327592e-08
2.5462425e-08
1.6818994e-08
0.01319704
0.11832335
0.044205572
0.034549534
0.15894987
0.043028113
-0.021109944
0.013648435
-0.01586813
0.055237703
-0.019014547
0.039156396
0.05166623
0.058629595
0.08626664
0.083667494
0.028548656
0.05763114
0.07829592
0.063766465
0.07940618
0.021126516
-0.11894094
0.021134933
0.12983242
0.0054931776
0.116208054
0.0038826803
0.07385891
0.028319586
0.030404849
0.18609287
0.040244825
-0.010746191
0.04046437
0.01639512
-0.0021550157
-0.008723058
0.00027802357
-0.01017118
0.29250604
0.029382885
0.0017168297
0.009672209
0.0035227793
-0.07149
0.0063044787
-0.07100112
-0.05599029
-0.051905666
-0.085189536
-0.06488373
-0.02110707
-0.0795207
6.47826e-05
-0.0574994
-0.0065893917
-0.040098228
-0.21453482
-0.07181887
0.004997007
-0.07252294
0.0033758106
0.03300454
0.013967666
0.045777917
0.023813264
0.1895215
0.047443394
0.010143703
0.064207934
0.037279844
0.06945067
0.24906263
0.10426494
-0.0071836323
-0.006146775
-0.004567732
-0.12496085
-0.09439027
-0.14420566
0.054256577
0.07133664
0.06974831
0.016322562
0.22988895
0.035917755
0.0141022885
-0.005778182
0.012269833
0.027094115
-0.0014424659
0.025517013
0.012046362
0.18584262
0.03895755
0.048124373
0.044924565
0.04760315
-0.012920533
-0.050373588
0.19908799
-0.059325214
-0.15665257
0.15828562
0.009596226
-0.044046354
0.15558091
0.019696347
-0.022265747
0.021881564
0.0022478753
0.2143347
0.03998839
0.007309799
0.053900477
0.008699392
-0.029504178
0.05864269
-0.034736693
0.05693729
0.18617219
0.078116715
0.023498505
0.04469407
0.018114164
0.19459718
0.12307094
0.22301881
-0.045186114
-0.091516696
-0.03411579
-0.02096421
-0.154632
-0.03766962
0.014499878
0.04696189
0.010892647
0.0019541343
0.24867585
0.010060258
-0.021462448
-0.004789027
-0.008443174
0.039698247
0.08710072
0.026082644
0.014080435
0.11201301
0.039832253
0.04963675
0.0739491
0.05148191
0.3402171
-0.048965216
0.01398665
0.017506586
-0.04735825
0.00080285704
0.061431378
-0.015039124
0.011174364
-0.062031273
-0.05930434
-0.067261614
-0.02759484
-0.05044029
-0.04451074
-0.05719313
-0.03383924
-0.06530022
-0.044270262
-0.059056368
-0.053553768
-0.05982134
-0.032558866
-0.055748668
-0.040381417
-0.044021614
-0.06286504
-0.019684935
-0.042825375
-0.035238627
-0.034428723
0.35245833
0.01238146
-0.00074149657
0.047493614
0.0040161936
-0.009084072
0.010729
-0.017285734
8.114588e-05
0.24437451
0.05416531
0.0034912182
0.049618997
-0.0005876246
-0.047962043
-0.049263105
-0.057662554
-0.06354331
-0.054539554
-0.06135681
-0.051219493
-0.049302194
-0.06558659
-0.059058156
-0.01353816
-0.07717479
-0.028336486
-0.09301772
-0.031302735
-0.078270264
-0.048108455
-0.076215886
0.033170447
0.074824296
0.04200362
0.08404509
-0.055746242
0.090282105
0.049003292
0.10241896
0.048348915
0.09713829
-0.0048123114
-0.056587715
0.233308
0.022001052
-0.09585024
0.08323319
-0.07083618
-0.095857605
0.0016398603
0.0042753858
0.001960371
0.014834181
0.28133944
0.03553383
0.0011814103
0.005903852
0.0038081827
-0.002048389
-0.040395144
-0.013829347
-0.048830926
-0.17591591
-0.057575405
-0.023533467
-0.048057616
-0.03610134
0.05842752
0.15183137
0.066029765
0.047211733
0.0042833616
0.058675516
0.06744084
-0.0349372
0.051107965
-0.10637794
-0.21653634
-0.14852099
-0.043596014
0.06718545
-0.041181125
0.031260725
0.16189349
0.03718841
-0.01385526
-0.04312644
-0.009128911
-0.002892668
0.3121842
0.011283666
0.0016878868
0.08484111
0.014548575
-1.022582e-07
-1.3068396e-08
-8.732218e-08
-2.5408298e-08
1.0172928e-07
5.3701882e-08
-5.2261285e-08
-2.9998775e-09
-1.3125423e-09
-0.08437735
-0.28908265
-0.10669344
-0.03380048
0.14256187
-0.022561288
0.0015133016
0.13741739
0.026059225
-0.011884429
0.036238723
-0.010925229
0.06665777
0.16421527
0.07232812
-0.02819558
0.057190794
0.004754661
-0.058789056
-0.06096328
0.115797795
-0.12710261
-0.06612712
0.18665738
-0.08192802
-0.061434772
0.10908435
-0.023856884
0.014381633
-0.015909584
-0.020217935
0.24484453
0.022654586
-0.03321176
0.007858282
-0.052832413
0.007536788
0.0021422543
0.015145738
-0.008427876
0.28112638
0.02196356
0.00055021077
0.02628549
0.00037603767
-0.0011788628
0.0030286848
0.003967612
0.039141335
0.22800395
0.07032688
-0.0070217974
0.0675375
-0.007232194
0.05406291
-0.07004445
0.059727512
0.09665761
0.10836717
0.105244294
0.07094728
-0.07502953
0.082581244
0.063029185
-0.03861524
0.056848407
0.03795552
0.19329445
0.052094404
0.05624635
-0.06936979
0.06327648
-0.059758447
-0.043075643
-0.078571856
-0.05910497
-0.054777533
-0.05708879
-0.068144836
-0.022729862
-0.07645098
0.0358658
-0.0034828654
0.05702903
0.057262555
0.0759548
0.042320468
0.04216401
0.080068685
0.06790649
-0.02808769
-0.023091411
-0.032176543
-0.041975237
-0.06497404
-0.062848814
-0.06937812
-0.056886613
-0.0625562
-0.08163306
-0.040738046
-0.08699549
-0.06727818
-0.018637398
-0.078891754
-0.045195457
-0.07086653
-0.06967603
0.0702091
0.046363477
0.07382872
-0.03267208
0.208039
-0.014985726
0.032348648
-0.047373462
0.029193493
5.1720557e-09
-4.2576773e-10
3.2388627e-09
-4.4350116e-08
-3.606627e-08
2.702601e-08
-4.794508e-08
4.0086505e-08
2.1458076e-08
0.0045218226
-0.0011254923
0.031562284
0.05283602
0.13988999
0.050272487
0.0054865843
0.028587176
0.034401625
-0.15684699
-0.004433435
0.1470749
-0.14824575
-0.009150291
0.17200376
-0.15655097
-0.011028312
0.18113276
-0.026241282
-0.007528907
-0.021575207
-0.017623661
0.4039997
0.020797884
-0.030028932
-0.008835045
-0.02675301
-0.076211445
-0.04813026
-0.09513716
-0.070448965
-0.06233645
-0.045894038
-0.039969105
-0.061634947
-0.065057494
-0.0022299008
-0.034373954
-0.023059215
-0.011450917
0.29350853
0.021741562
0.013437674
0.013523792
0.013565284
0.068900585
0.074728034
0.074122675
0.013002873
0.14118606
0.03275929
0.020482216
0.035211563
0.019271525
0.011493371
-0.09506731
0.0150433965
0.051899463
0.007898042
0.07516161
0.054811154
0.15254736
0.06104068
8.053908e-09
5.6946914e-09
1.5441403e-08
2.930694e-08
7.530691e-09
-7.740115e-09
9.896503e-09
-3.702727e-08
3.116003e-08
-3.0585434e-07
-7.6598775e-07
-2.16169e-07
-7.238852e-08
6.283675e-07
1.0109941e-06
2.4964265e-06
1.404949e-06
2.6531868e-06
-3.6082312e-08
3.0994503e-08
-2.8798073e-08
1.347404e-08
3.977405e-10
-3.2863337e-08
-1.9230363e-08
1.06930464e-08
-2.5228426e-08
-0.044132926
-0.04541871
-0.05316032
-0.044851717
-0.008413323
-0.058167104
-0.023448281
-0.12131429
-0.031509236
-0.054480106
0.0056900075
-0.03925373
-0.051717117
-0.07062627
-0.08379446
-0.032949187
-0.081393965
-0.029340522
-0.057252593
-0.03031836
-0.069307804
-0.04385531
-0.059072044
-0.05758838
-0.036584493
-0.06430047
-0.05521418
-0.046127584
-0.05418825
-0.052517176
-0.053578123
-0.011961931
-0.07109561
-0.061260227
-0.061629906
-0.063145876
0.048260365
0.07503437
0.067216076
0.04689136
0.13991426
0.050390307
0.0043081925
-0.06311582
0.00857214
0.011134255
-0.016182806
0.009685828
0.005598187
0.2811546
0.023008851
-0.0030457038
0.03687657
0.011249945
-0.009811433
0.01965549
0.0008623305
-0.019923141
0.27516112
0.011657403
-0.012434709
0.024406157
0.00259735
0.05655627
-0.019287072
0.06511137
0.04846668
0.18468533
0.06281775
0.024269471
-0.054469813
0.018658737
0.09702096
0.080156624
0.12939931
0.06465199
-0.0010610118
0.07430085
0.019932741
-0.024717016
0.032917548
-0.03930465
-0.0007839574
0.04672598
0.0048551774
-0.1531696
0.097255476
0.037175573
0.093881235
0.16601837
-0.05891325
-0.052438896
-0.06415897
-0.039707173
-0.049652897
-0.041001666
-0.0509278
-0.059961304
-0.07193659
0.03952524
0.023203474
0.02704272
0.034581285
0.17205253
0.051966973
0.029429784
0.06595274
0.037521765
-0.033348203
-0.07849997
-0.041698404
-0.11732327
0.5253461
-0.083886825
-0.05721626
0.0016871478
-0.056778073
0.026895529
0.03826556
0.03939704
0.018614953
0.195692
0.052174825
-0.009162107
0.059894405
0.016021926
-0.050005633
-0.0074723912
-0.05596472
-0.06388166
-0.06642847
-0.049524963
-0.060841314
-0.04794456
-0.060783975
0.019437185
-0.1390224
-0.0028752424
0.10688886
-0.094164796
0.09937752
0.055542
0.11397096
0.08001115
-0.008357658
-0.009827401
-0.020236038
-0.06591818
-0.07979751
-0.073341586
-0.04771173
-0.09840473
-0.051144626
-0.10403343
-0.006465746
-0.09946889
-0.051073432
0.09242302
-0.04713967
-0.07856924
-0.043025427
-0.091441356
-0.00812427
-0.0041875984
-0.009378703
-0.008481183
-0.0034488754
-0.008257597
-0.007464672
-0.008284854
-0.008493267
-0.04975525
-0.08655425
-0.056685377
-0.07494139
0.0011730631
-0.07026972
-0.040976346
-0.054757707
-0.060544446
-0.047799766
-0.08792806
-0.064639166
-0.04606297
-0.17734183
-0.0514414
0.025220938
0.01802718
0.025765602
-0.063626744
-0.055792246
-0.073168196
-0.07717191
-0.012857553
-0.06983995
-0.043539453
-0.06851644
-0.05668388
0.0986371
0.1899232
0.13397382
0.09595491
-0.20532648
0.0717897
0.013399132
-0.105190836
-0.0008652856
-0.058561996
-0.012869502
-0.049562395
0.05115616
0.15207736
0.051622678
0.029783849
0.0992391
0.057666503
0.10834647
0.12355865
0.11991988
0.038959652
-0.24142492
0.020860903
0.016722811
-0.21143283
-0.009489365
-0.042425476
-0.022339549
-0.039163552
-0.029588718
-0.10121443
-0.040785447
-0.054450672
-0.078857556
-0.06265454
-0.011473638
-0.12943505
-0.027927585
0.0030466672
0.09193394
0.025538228
0.03778791
0.16348659
0.0540069
0.03730051
0.038902327
0.03356729
0.011453966
0.17543444
0.037107177
0.031245371
0.045340043
0.030912753
-0.057730038
-0.036062926
-0.069789544
-0.055164013
0.009414063
-0.059143804
-0.07938262
-0.032673165
-0.07761649
-0.015678862
0.045511704
-0.0012494668
0.05736911
0.13590632
0.07226401
0.019671341
0.09452303
0.02314007
-0.03246359
0.01560256
-0.05584276
0.012792123
0.17158927
0.04097964
0.037719257
0.09273201
0.047757797
5.675332e-08
-1.6407846e-08
-8.261888e-08
-1.6667318e-08
-4.842928e-08
-8.642183e-08
-6.2197465e-08
6.053965e-08
3.794229e-10
0.011064422
-0.01197688
0.009060671
-0.005177825
0.2685609
0.04051366
0.011845949
0.045870744
0.03144866
-0.018039754
-0.052432433
-0.029739112
-0.067322314
-0.035968192
-0.08297415
-0.029673453
-0.06575384
-0.04034577
-0.04598513
-0.028869921
-0.04992439
-0.0530772
0.025609292
-0.07029548
-0.07097749
-0.0766494
-0.07915477
-0.04444268
-0.02917076
-0.06331786
-0.05854192
-0.07038189
-0.07462188
-0.046540674
-0.013911647
-0.05745735
-0.06370789
-0.08721371
-0.047280435
-0.02389182
-0.029040486
-0.042750757
-0.08805401
-0.025964439
-0.095145404
0.03871508
0.05308181
0.031168953
0.011394305
0.1784747
0.04061576
0.039226234
0.022944737
0.045349475
-0.06447949
-0.020471271
-0.086426266
-0.07883993
-0.01753199
-0.08521368
0.0026340643
-0.08582877
-0.010466857
-0.020353211
-0.02861243
-0.027314816
-0.04724825
-0.10063926
-0.05824118
-0.06801732
-0.07163474
-0.07255641
0.009396788
0.004784649
-0.0037295693
0.002605682
0.21394315
0.039205045
-0.006242729
-0.003305503
-0.01335997
0.018356247
0.04605342
0.02442018
-0.027425744
0.27628303
0.0057893964
0.015200813
0.06631637
-0.003943416
0.054661762
0.031149695
0.0591804
0.03965876
0.12537557
0.059691794
0.050780024
0.0064337286
0.056956034
0.019339269
0.023297086
0.014135149
0.024664
0.13349405
0.055353966
0.044102225
0.031563595
0.050423034
-0.030168628
0.0033677358
-0.016946563
0.025676021
0.21942696
0.04889071
0.0070055653
0.058918294
0.014832755
0.0068516326
0.02215645
0.020120569
0.010940113
0.23828985
0.038484998
0.024284517
0.057505254
0.02859119
-0.028704861
-0.035372976
-0.028698945
-0.065319404
-0.027688969
-0.06313786
-0.07097778
-0.02775619
-0.09868057
0.029010875
-0.032874558
0.03531527
0.02370888
0.06506091
0.02491716
0.070024766
0.10806306
0.08328358
-0.03539415
-0.04167063
-0.05532338
-0.05016278
-0.07043372
-0.059370983
-0.056097034
-0.06840018
-0.06483526
-0.022540206
-0.05601653
-0.017776698
0.013158941
0.22496259
0.032077026
-0.009709729
0.0911854
0.015878709
0.027270345
-0.0015578897
0.026583226
0.03806302
0.16729125
0.04225855
0.028939193
0.06826808
0.03497205
-0.0409373
-0.086916916
-0.039593115
-0.052789513
-0.06206836
-0.07185638
-0.028372034
-0.044583775
-0.03540408
-0.037438646
-0.0394132
-0.048127197
-0.03976968
-0.051634178
-0.053464588
-0.04535635
-0.08124313
-0.059967123
0.041229576
0.001344607
0.045667354
0.02228863
0.18325809
0.026391145
0.06534981
0.022945449
0.08263431
0.060235683
0.07703273
0.07187424
0.0056279027
-0.33375594
-0.02703124
0.006525496
-0.10325668
0.009557204
-0.04050324
-0.05028615
-0.04414265
-0.046722844
-0.052571155
-0.064771794
-0.046559334
-0.04967426
-0.05439985
0.14635211
0.1856758
0.18619995
-0.011198518
-0.08927931
-0.0017179045
-0.04043774
-0.12022214
-0.05120809
-3.7267206e-08
2.2979118e-07
4.278114e-07
3.3042815e-07
4.3818613e-07
7.504117e-07
5.226748e-07
4.94754e-07
3.9576432e-07
0.044718895
-0.040887333
0.051099055
0.071888454
0.08235342
0.07258573
0.0024147455
0.0937887
0.021827845
0.002802864
0.009481781
0.01042308
0.013376851
0.20108373
0.04440751
0.009515736
0.08369677
0.020244442
-0.026387414
-0.10589178
-0.042936016
-0.042726606
-0.017123474
-0.062140267
-0.028076496
-0.06744429
-0.031947054
0.026765853
0.06337351
0.023739435
0.015398173
0.17878674
0.04682232
0.056109287
0.019647056
0.05476024
-0.117923826
-0.1946762
-0.12531903
-0.06121423
0.3601358
-0.041220374
-0.09294566
0.13612516
-0.0893409
-0.017729426
-0.026707556
-0.023652626
-0.054116476
-0.11653731
-0.061034262
-0.020608313
-0.08823845
-0.036543224
0.13759835
0.17952067
0.15001056
0.046916474
-0.27599695
0.029128984
0.029314667
-0.09748053
0.020067707
0.039792918
0.006571805
0.01147072
0.049135957
0.11765527
0.07019296
0.022882316
0.08818013
0.038728327
0.03831264
0.14261207
0.05127114
0.005463082
0.15012266
0.017197566
-0.0010017995
-0.010755819
-0.0029532167
-0.0073466706
-0.09631441
-0.012798923
-0.017161073
-0.12668845
-0.016488956
-0.037041523
-0.0753148
-0.050380364
-0.09196284
0.028796978
0.15270141
-0.16337879
-0.061832637
0.11170048
-0.10907084
-0.00947346
0.17403443
0.07473575
0.027983071
0.08256107
0.017920991
0.07382266
0.10127209
0.05121421
0.036642183
0.08415702
-0.012246538
-0.011453482
-0.0069198753
-0.03551158
-0.103931904
-0.03818555
-0.075956084
-0.10216722
-0.090636075
0.1851359
-0.018869732
0.005549978
0.04060943
-0.031976845
0.0037592861
0.085246146
-0.0016284516
-0.0070987497
3.151411e-08
-5.5250906e-09
-5.0906706e-09
3.1501592e-08
-3.3014487e-08
4.1209766e-08
2.6941615e-08
4.263188e-08
-1.1869239e-08
-0.01697585
-0.03176377
-0.028266601
-0.017986279
-0.17719668
-0.018972004
-0.035092857
-0.024469335
-0.049196336
0.00061332295
-0.06278462
0.00022373635
0.052660257
0.18290706
0.08921922
0.024426507
0.05909008
0.033950355
-0.023276366
0.06818634
-0.03571369
0.0066511473
0.20980574
0.035678387
0.05765598
0.01818581
0.055650298
-3.5636705e-10
-2.0852559e-08
4.757359e-08
2.6756522e-08
2.2001576e-09
-3.0936494e-08
8.6093825e-09
2.980223e-08
-5.8638977e-10
0.015249174
-0.059588496
0.017269868
0.006346591
0.25473237
0.033711433
0.011387473
0.12605101
0.042666305
-0.042934418
0.03313517
-0.3664574
-0.0249733
0.040908553
0.012899089
-0.023264593
0.010210938
-0.015242435
-2.6877755e-08
9.5813746e-08
-8.879802e-09
2.7115383e-09
-7.2312747e-09
1.4152284e-08
1.5848622e-08
-3.6147327e-08
-4.8884963e-09
0.092476316
0.025862433
-0.058160752
0.107404344
-0.021896942
-0.10873154
0.09485682
0.11704079
0.01962697
0.06656358
0.09302545
0.1305307
-0.035767563
-0.012658356
0.11625666
-0.078253806
-0.009712507
0.059760686
-0.12349861
-0.20530073
-0.15130329
-0.048860077
0.07286088
-0.05299387
0.05271521
0.12144338
0.072671294
-0.008534163
-0.057316832
-0.022337962
-0.050305665
-0.119956896
-0.062130254
-0.042062666
-0.04940467
-0.05331915
-0.029324131
0.0091126915
-0.010551166
0.044325635
0.2158256
0.040383965
0.007591844
0.044427916
0.03256554
0.060386818
0.104842484
0.059939105
0.100198984
0.101454884
0.09738344
0.038127895
0.078313336
0.062067088
-0.0004021086
-0.0069966507
-0.007000245
-0.0011464518
0.24086528
0.041161582
-0.009495804
0.07456864
-0.0011709757
6.804891e-07
-9.7809526e-08
-2.5195737e-07
2.3998138e-07
5.6056723e-07
-1.3847128e-08
-1.620475e-07
7.36215e-07
-2.0491619e-07
0.016619612
0.025269898
0.026189823
0.008089977
0.23622926
0.024773102
0.027719302
-0.000763398
0.02646445
0.0035607128
0.18560404
0.022712402
0.019878453
0.115852736
0.023495007
-0.024774777
-0.074569166
-0.030414714
-0.03603755
-0.023141459
-0.043831855
-0.026294358
-0.17423294
-0.046481006
-0.018488033
-0.07640405
-0.024844905
0.12126477
0.18138383
0.13289744
-0.027367719
-0.06312472
-0.030248063
0.01143919
-0.0728513
0.008922937
-0.009607911
0.002530898
-0.006908301
-0.0018884819
0.294649
0.03621417
-0.013346858
0.033495013
-0.014683497
-0.031033738
-0.08542395
-0.04450633
-0.07194792
0.03199995
-0.059996393
-0.06802101
-0.06577641
-0.06697879
-0.050714206
-0.05820623
-0.049972408
-0.035944827
-0.055320088
-0.051842347
-0.041547034
-0.06738405
-0.063767895
0.104872584
0.16144085
0.11644609
0.055903133
-0.29849985
0.030331813
-0.0002748044
-0.10096792
-0.008971667
-0.062799975
-0.07370964
-0.076627366
-0.06124682
0.2994981
-0.026743082
-0.03042139
0.1588062
-0.0154749
0.031155216
-0.031094303
0.017025048
-0.02693329
0.23825638
0.030954985
0.00020716121
0.036676556
0.018474437
0.040422395
0.0049276147
-0.047871497
0.07668919
-0.17545572
0.010857563
0.1410345
0.12471802
0.039127592
-0.0033912987
-0.037938666
-0.0042200196
-0.0017832645
0.25271067
0.017725712
0.004253161
0.06420099
0.017474899
0.08971938
0.014133996
-0.046593677
0.17512201
-0.10899602
-0.15356235
0.10489833
0.021048758
-0.06526577
-0.015124277
-0.08227356
-0.03482339
-0.07192101
-0.061650854
-0.08240438
-0.05324796
-0.056148343
-0.06061616
-0.012684083
-0.08038831
-0.021975085
0.10662153
-0.16807689
0.10171294
0.07352526
0.17892425
0.08485642
0.06735072
0.026024383
0.03480921
0.1078309
-0.0029426608
0.038926113
0.0800763
0.052740443
0.029208817
-0.09514362
0.010649802
-0.08951536
-0.030639224
0.008621442
-0.026455566
-0.051571444
-0.0510514
-0.062334564
0.022687688
-0.027086895
0.022809608
-0.007136578
0.24238354
0.053938907
0.0008111733
0.056328546
-0.0030208554
-0.0425809
-0.037015
-0.043218657
-0.042863518
-0.06226706
-0.061549008
-0.04980983
-0.060378365
-0.06030841
-0.0042282892
0.000102608064
-0.011995526
-0.02360946
0.32375208
0.019222692
-0.0025483472
0.025809508
0.0029286963
0.014924005
0.10443157
0.04685831
0.10535468
0.026273582
0.088407926
0.045932613
-0.024376659
0.03524345
-0.101866275
-0.006958011
0.11908193
-0.17018773
-0.0016681125
0.11345864
-0.13438708
-0.0075288294
0.18944308
-0.06135015
-0.02856983
-0.06604856
-0.02723141
-0.036273886
-0.042338677
-0.06462652
-0.049542494
-0.076513946
-0.04780375
-0.039398346
-0.061011516
-0.049054343
-0.018340789
-0.0482444
-0.06670258
-0.04646419
-0.07583782
0.018701881
-0.05515283
0.012235209
0.05741916
0.003909419
0.07456236
0.04936767
0.12921284
0.07131671
0.015389546
0.20010835
0.053337697
0.054063093
0.03120867
0.02223011
-0.040093675
-0.019598775
-0.01977919
0.024156217
0.0027856983
0.032466106
-0.030150235
0.21832368
0.009344352
0.053915255
0.04584237
0.043269765
0.051819496
0.03413674
0.06513817
0.03968584
0.0920417
0.032066587
0.08742045
0.013181811
0.0847995
0.06183842
0.009492969
0.05794879
0.0237879
0.15237996
0.046187215
0.025259247
0.02029608
0.00986108
0.00016367964
-0.023727799
0.0056295968
-0.009149957
0.1524317
0.006070275
0.021636928
0.15274762
0.037056554
-0.028701134
-0.07814184
-0.036704473
-0.0329227
-0.054567516
-0.039700072
-0.08496025
-0.052160252
-0.08995098
0.01592726
0.018034786
0.005705081
-0.0046391287
0.32260752
0.041064452
0.022058366
0.03431169
0.024309134
0.00044774526
-0.019220399
0.010805047
-0.04428695
-0.3061255
-0.06280793
0.02141619
-0.06780814
0.021273052
-0.06984788
0.108306885
-0.1088798
-0.0178032
0.18718886
-0.0040390915
-0.20711464
-0.026708053
-0.21726842
-0.01303357
-0.011625392
-0.01293894
-0.07180437
-0.18840489
-0.07581711
0.024238126
-0.08662052
0.01495432
-0.020706382
-0.052796707
-0.008473326
0.05411912
0.039290465
0.07025517
0.03209754
0.17874159
0.048059445
-0.031327482
-0.07153872
-0.035960827
-0.070345126
-0.02420279
-0.07050638
-0.041226514
-0.04260611
-0.05880007
0.010759925
0.07714879
0.029963912
0.00013826617
-0.30118564
-0.03159372
-0.035059918
-0.059380673
-0.032767322
-0.06319888
-0.039625444
-0.07357576
-0.036788456
-0.09694539
-0.034488253
-0.048067186
-0.09110365
-0.048972037
-1.6539504e-08
-3.9187018e-08
-1.11146505e-07
4.0445176e-08
4.122113e-08
3.980232e-08
-1.3533638e-07
-1.1448831e-07
9.527668e-08
-0.032224398
-0.05568347
-0.04967957
-0.05490679
-0.046867575
-0.07037804
-0.05922707
-0.05819942
-0.060239103
-0.05773309
-0.035085954
-0.0589046
-0.0590832
0.0086761555
-0.068704434
-0.04258439
-0.067035995
-0.04949429
-0.037620507
-0.05570245
-0.036381096
-0.035591114
-0.0753161
-0.062221754
-0.0676997
-0.060838368
-0.053274997
-0.052381184
-0.056101225
-0.052928463
-0.026462495
-0.04188029
-0.02999993
-0.038911838
-0.1162807
-0.07046275
0.0073381923
-0.028028352
0.021941138
0.06443601
0.19524622
0.07722165
0.07406034
-0.09691232
0.056946564
-2.0116195e-06
-5.704109e-07
-2.704434e-06
-1.0564237e-06
-3.7516172e-06
-2.992643e-06
-2.9484274e-06
-3.3199622e-06
-2.3772752e-06
0.07577409
0.034433663
0.13592839
0.02342658
0.004384803
0.00010173078
0.07809743
0.0317872
0.10479878
0.014865626
-0.0009075745
0.01810243
0.013636201
0.29914713
0.0401606
0.0151870055
0.010006566
0.020899348
-0.009690549
-0.042741824
-0.010713031
-0.018779555
-0.1996846
-0.038253717
-0.025242867
-0.09198059
-0.034877565
-0.094431564
0.034539986
-0.09514926
-0.026491659
0.16163261
-0.17814805
-0.05679548
0.043082397
-0.077122696
0.03658722
-0.014783646
0.058480926
0.059493314
0.13003485
0.05109729
-0.0188987
0.1140833
-0.00095750665
-0.040398445
0.07018005
-0.026862154
-0.0446307
0.36372346
-0.029641487
-0.05474508
-0.10775322
-0.04780675
-0.025924295
0.0077243526
-0.008855926
0.015562358
0.26351523
0.045437705
-0.00412673
0.043161377
-0.00034746627
-0.009305258
-0.010143694
0.0058279647
-0.008550635
0.24478455
0.039925132
-0.021896347
0.036135815
-0.0056595206
-0.010314346
-0.0042826943
-0.00011873886
0.0064195264
0.24734043
0.040967926
0.0020388097
0.05928401
0.0023970876
0.034098867
0.14805005
0.0399727
0.031729624
0.07209634
0.055581916
0.0017731847
-0.038298097
0.0026463952
-0.045164343
-0.019093456
-0.048314475
-0.0847356
-0.04629021
-0.08623503
-0.035421178
-0.10331347
-0.049680326
0.052129325
-0.051980525
0.053450838
0.057763223
-0.008556858
0.07356908
0.07874749
0.12530433
0.095001094
-0.02315995
-0.006681056
-0.034997944
-0.016754918
0.23572247
0.039495073
-0.010017619
0.039769482
-0.010293759
-0.113906994
-0.15671685
-0.10449614
-0.018723495
-0.040716734
-0.024753412
0.15763445
0.17150572
0.1635175
0.06888617
-0.016952123
-0.008859082
-0.016374089
-0.03341783
-0.016870966
0.35945767
-0.040573742
-0.014879506
0.0871782
0.05866654
0.015719436
0.07084815
0.036194924
0.05894308
0.082619816
0.03924082
0.084054396
0.014786751
0.029488249
0.01667711
0.008649076
0.23495798
0.021584203
0.015681865
0.024395727
0.028345231
-0.04944518
0.016816651
-0.03579091
-0.051538866
-0.073418505
-0.0669569
-0.05909476
-0.07498267
-0.08054723
-0.05584105
-0.05018215
-0.06120036
-0.057486244
-0.027709397
-0.056903083
-0.04508065
-0.06421694
-0.06218491
-4.9080192e-08
-3.3069323e-09
4.122225e-08
2.155404e-08
3.567051e-08
3.9345316e-08
-4.851266e-08
-1.7300724e-08
-1.3444981e-08
0.043955904
0.26873407
0.07509201
0.03587541
-0.06760804
0.02512115
-0.056871578
-0.18663941
-0.07321068
-8.9478306e-08
3.64801e-07
1.2062222e-07
1.2040547e-07
4.918451e-07
2.0349579e-07
1.09725375e-08
1.6838736e-07
-1.28350806e-08
0.026785873
0.014123312
-0.12292065
0.03735447
0.12058144
-0.21373264
0.052606255
-0.008366503
-0.13495617
0.01371065
-0.052885436
-0.03598571
0.22828801
-0.0025394782
-0.08497915
0.15794401
-0.036388747
-0.073898934
-0.115855336
-0.0067561576
-0.12741683
-0.017173115
0.0862437
-0.0023584617
-0.1057036
-0.009430251
-0.12896572
-0.022725299
-0.072396785
-0.041093294
-0.05206562
-0.053339705
-0.043402363
-0.026349287
-0.058378987
-0.061109923
-0.09600055
-0.11881667
-0.11536651
-0.081736594
-0.26603562
-0.08354062
-0.11904529
-0.13193397
-0.12089476
0.015086354
0.082201615
0.009442215
0.018101592
0.22372907
0.027732046
0.014879142
-0.045732576
0.010217895
0.013159601
-0.012775183
0.024747685
0.0035657908
0.074045144
0.17479108
0.034831032
0.009966017
0.06916244
0.0018509341
0.069329344
0.0010831765
0.041233607
-0.5249825
0.022838887
0.010357702
0.0046348474
0.0072868075
0.0046437136
-0.034084707
-0.008102185
-0.058346197
-0.1634484
-0.0668454
-0.047079727
-0.092244476
-0.061021376
-0.063117646
-0.018794568
-0.058457155
-0.06577859
-0.05607688
-0.06785619
-0.06402931
-0.05777441
-0.08042219
-0.00089802645
-0.02921698
0.034744296
0.13078637
0.13651705
0.01709566
0.054736514
0.017728077
0.05030569
-0.0042375196
-0.04002784
-0.008659547
-0.05912262
0.3184569
-0.002836479
-0.0021733176
0.037736133
-0.002041013
-0.0023382294
-0.047199253
-0.0067743403
-0.013489604
0.30986103
0.009670084
0.023919268
0.061013963
0.024099207
0.010679377
0.015129339
-0.0039457274
0.03619414
0.24637927
0.061050702
0.017423702
0.054112867
0.021027012
-0.028820334
-0.033870958
-0.020674953
0.057134293
0.08502019
0.06032874
-0.0055771763
0.13749774
0.019860752
-0.050193366
-0.036871474
-0.06956176
-0.044770345
-0.060958214
-0.0484164
-0.06067347
-0.057345893
-0.07381754
-0.09479475
-0.1176832
-0.09335759
-0.083539724
0.5236786
-0.0448817
-0.017567642
0.0408437
-0.020545851
0.02012935
0.22455963
0.050573234
-0.06019003
0.1200812
-0.033871163
0.006734049
-0.047017448
-0.004444629
0.015943894
0.06706407
0.021796126
0.037654303
0.15534918
0.060186427
0.054391224
0.016156297
0.051823445
-0.017098838
0.02320738
-0.0053843446
0.021425832
0.19735542
0.02930693
0.002443976
0.098877124
0.015488765
0.014689549
0.019145807
0.028298978
0.011641745
0.23665215
0.03454165
0.021205964
0.010275034
0.036934674
0.04934357
0.08930368
0.05843204
0.018202223
0.16856253
0.027107676
-0.024260733
-0.04232416
-0.026725838
0.036364783
0.010927711
0.03628848
0.01387176
0.28719726
0.06914682
0.012162743
-0.0024590818
0.0016456518
4.0056122e-08
-4.0801893e-08
-4.3218126e-08
2.6953563e-08
7.870369e-09
1.7036317e-08
1.3432978e-08
-6.8359207e-09
-3.5972366e-08
0.015754227
0.0032132966
-0.006185394
0.014088677
0.18532138
0.04956727
0.019455232
0.07700374
0.024581194
0.017862972
-0.13903978
0.004324768
0.06759531
-0.25459903
0.06335294
0.1577552
0.14258571
0.1795315
0.08920617
0.2218087
0.09874761
-0.07271027
-0.021052804
-0.05544404
-0.039896134
-0.16447398
-0.084863245
-0.0015779841
0.029501628
0.01902385
0.047399245
0.18815492
0.068381056
0.03690126
0.04628856
0.027150355
-0.058210853
-0.037808992
-0.059475098
-0.04242942
-0.030450588
-0.046835177
-0.05732157
-0.04502553
-0.06525129
0.022994226
0.08626263
0.045170628
0.06080745
0.16262828
0.0684794
-0.043648425
-0.0149594
-0.04101365
0.016548235
-0.030225908
0.010119504
-0.04788377
0.037312508
-0.052484337
0.0957852
0.17039226
0.12625888
0.0165655
0.011795208
0.027929198
0.037312727
0.16003908
0.045771167
0.02735915
0.090332486
0.04624096
-0.013414879
-0.115498155
-0.029881574
-0.0736369
-0.072618775
-0.08089093
0.04553389
0.328158
0.08911725
0.019373428
0.012521251
0.028110605
0.089419186
-0.06473285
0.07582278
0.08641948
0.11482817
0.10183464
-0.018020384
-0.017530976
-0.020053819
-0.018342564
0.39373255
0.020536726
-0.012819761
-0.0029260668
-0.021974841
0.032417122
0.17647302
0.04614675
7.029158e-05
0.14825355
-0.0048961374
-0.030012883
-0.08739002
-0.028259536
0.0028772922
-0.03185164
-0.01417762
-0.10139196
-0.08384395
-0.10005234
-0.048304338
-0.050323337
-0.046814073
-0.03104104
-0.0010265753
-0.028444134
-0.02203314
-0.069557995
-0.024457507
-0.088662125
-0.09394618
-0.09939972
-4.9616055e-08
-1.2377828e-07
2.8209648e-08
-5.0856213e-09
1.1854671e-07
4.930834e-08
-1.9754804e-09
-8.32899e-08
-5.5693693e-08
0.033433683
0.049176898
0.09900212
0.043904252
0.03975416
0.060308173
0.06883807
0.046087757
0.100683756
0.10218418
0.032155488
-0.08531114
0.13664176
0.03292555
-0.12462085
0.10391207
-0.0067583052
-0.115361504
0.09894684
-0.006160171
0.12638919
0.08483151
0.039260525
0.050475918
0.082875796
0.033117507
0.06844966
