0.123730
-0.048622
0.172142
0.105611
-0.006049
-0.134598
0.315910
0.021907
-0.022722
-0.000001
-0.148723
-0.057138
0.000000
-0.118000
0.005107
-0.147857
-0.206722
-0.015070
0.207901
-0.124888
-0.000000
0.089499
-0.210188
-0.222262
-0.065412
-0.195003
0.043385
-0.050919
-0.080908
-0.132554
0.118440
-0.189996
0.112160
-0.170517
-0.205581
-0.136721
0.348345
-0.067676
-0.141308
-0.059147
-0.209547
-0.189656
-0.084419
0.046391
0.044579
-0.000013
-0.136554
-0.359611
0.110382
-0.093079
0.074080
-0.000000
-0.125924
0.061656
-0.021512
-0.004750
-0.009907
-0.212652
-0.099872
0.073254
0.048237
-0.000098
-0.162724
0.036665
0.268441
-0.312645
0.164540
0.175366
-0.055453
-0.000014
0.100850
-0.000000
-0.144919
0.317311
-0.000022
0.093426
-0.037580
-0.025485
-0.072970
0.268945
-0.047695
-0.103968
-0.055320
0.136122
0.159217
-0.148481
-0.234931
0.070245
0.064925
-0.000034
-0.029155
-0.024837
-0.148557
-0.099595
-0.084752
0.011927
-0.089589
-0.174805
0.172096
-0.037689
0.214458
-0.070686
-0.272795
-0.000000
-0.182995
0.153120
-0.000010
0.002119
-0.112793
-0.098788
-0.135145
0.157306
-0.149805
-0.008355
-0.012637
-0.195295
0.023638
-0.010455
0.018453
0.344161
0.000000
0.134429
0.024677
-0.000052
-0.038908
-0.020163
0.035375
-0.035379
-0.157829
-0.181873
0.052190
-0.000426
0.084983
-0.160347
0.202426
-0.000000
-0.121027
-0.074513
-0.084558
-0.000470
-0.000000
-0.115806
0.028945
-0.161325
0.016041
0.006937
-0.204685
-0.179941
0.190909
0.215423
0.239424
0.337152
0.012345
0.179687
-0.039722
-0.012834
-0.000003
-0.038229
0.039521
0.000000
-0.167250
-0.000000
0.057452
-0.140898
0.012858
-0.240317
-0.000015
-0.077806
-0.092337
-0.135416
0.159416
-0.090684
-0.048073
-0.000004
-0.169574
-0.051322
-0.038112
-0.169059
0.015129
-0.264283
0.243495
-0.055079
-0.074319
0.040118
-0.124553
0.152603
-0.038613
-0.074452
-0.000010
0.180650
0.013593
0.039515
-0.052050
-0.099831
0.166844
-0.162740
-0.092543
-0.019667
-0.092164
-0.094905
-0.153681
-0.285133
0.108867
0.036974
-0.075208
-0.124679
-0.048155
-0.051492
-0.169303
0.001748
-0.123145
0.049490
-0.261781
-0.009299
-0.156847
0.052449
0.057239
-0.057489
0.012010
-0.210161
-0.176777
-0.124366
0.119475
-0.106652
-0.116895
-0.065568
-0.113885
0.314822
-0.100967
-0.000022
0.088886
-0.103865
-0.097409
-0.008602
-0.000000
-0.091666
-0.024548
0.198199
-0.108568
-0.111049
-0.200748
0.067701
-0.080552
-0.106656
0.094379
-0.147338
-0.158058
-0.000000
-0.016543
0.353449
-0.075192
-0.102563
-0.129884
-0.045237
0.051436
-0.182910
-0.150886
0.410569
0.263639
0.073012
0.201520
-0.059106
-0.103411
-0.056670
-0.014644
-0.014274
-0.132061
0.158048
-0.160436
-0.007748
-0.073510
0.081988
-0.107527
-0.128690
-0.008147
0.078641
-0.032670
-0.105829
-0.282614
0.153954
-0.339835
-0.011034
-0.000000
-0.176929
-0.116683
-0.147580
-0.130306
-0.114204
0.197595
0.033032
0.364930
0.397386
-0.062592
0.146334
-0.000003
0.015522
-0.179125
-0.085641
-0.085366
0.114069
-0.071841
-0.146423
0.117544
-0.059009
-0.000000
0.000000
-0.030803
0.133743
-0.004276
0.002454
-0.025130
0.273717
0.082497
-0.080180
-0.173096
-0.119045
-0.075970
-0.158957
0.083286
0.141791
-0.074103
-0.244734
0.182905
-0.076923
0.054552
-0.017879
-0.105159
-0.058733
-0.110239
0.040737
0.128294
0.048057
-0.216780
-0.208412
-0.040161
0.007143
-0.100993
0.161724
0.385218
-0.058534
-0.138866
-0.000008
-0.221233
-0.013498
-0.043559
-0.137039
-0.032268
0.044843
-0.086423
0.047531
-0.169421
-0.041914
0.018634
0.185986
0.114239
0.034666
-0.004561
-0.262700
0.031303
-0.053671
0.240779
0.093897
0.027245
-0.063033
-0.074407
0.219744
-0.157552
-0.018098
-0.223709
-0.039759
0.079430
0.034997
-0.257301
-0.121004
-0.148203
0.063429
-0.051382
0.109588
0.090814
-0.034113
-0.000000
-0.070793
-0.133475
-0.061996
-0.021429
0.019645
-0.254809
-0.000010
-0.069459
-0.107480
-0.273393
0.128763
-0.046146
-0.055467
-0.227721
0.000000
0.263961
0.321215
0.078604
-0.122557
-0.024274
-0.160483
0.068340
-0.016588
-0.034006
0.045154
-0.023990
-0.000000
0.442667
0.293798
-0.049242
-0.000068
-0.151116
-0.000759
-0.000000
-0.082399
-0.094746
-0.081380
0.044366
0.038253
-0.231018
0.069427
-0.307581
-0.000000
0.048466
0.022384
0.066553
0.030923
0.090001
0.101314
-0.000000
-0.000014
0.017311
0.096065
-0.330891
-0.254787
-0.271983
-0.020580
-0.170071
-0.000221
0.009945
-0.014565
-0.026806
-0.161936
0.277457
0.156408
0.179087
-0.058493
-0.178110
-0.128170
0.128279
-0.141633
0.336081
0.068527
0.085006
0.112298
0.132106
0.042572
-0.003174
-0.118657
0.140647
-0.037104
0.020750
0.158863
-0.063597
-0.131111
0.091669
0.045470
0.021710
0.054441
0.065480
0.023749
0.062584
-0.254323
0.112962
0.019432
-0.169259
-0.124439
-0.106470
0.020756
-0.129316
-0.194999
-0.051231
-0.056968
0.031087
-0.000000
-0.209252
-0.096272
0.008006
-0.144068
-0.143675
-0.036185
0.000000
-0.124950
0.011100
0.087747
-0.063657
0.001524
-0.050325
-0.000000
-0.213621
-0.055574
-0.037306
-0.000000
0.000000
0.082273
-0.000004
-0.068981
-0.253668
-0.230206
0.125904
0.037543
0.064826
-0.005567
-0.077537
-0.204952
-0.165620
-0.033574
-0.081356
0.107401
-0.007472
-0.186427
-0.056122
0.123676
-0.239244
-0.239638
-0.142197
0.257758
-0.019636
-0.248539
-0.017730
-0.236945
-0.046636
0.355919
-0.110626
-0.031445
0.090904
-0.212938
-0.022505
-0.030508
-0.089336
-0.000000
-0.052516
-0.202555
0.086042
-0.189382
-0.158750
0.013517
-0.000000
-0.117773
0.072739
0.109688
0.118602
0.002516
-0.050006
-0.000001
-0.117464
0.028106
-0.000001
0.129648
0.076738
-0.106936
-0.188736
0.096707
0.266695
0.201278
0.167807
-0.009832
0.058482
-0.000013
-0.093917
-0.171765
-0.171834
-0.078754
-0.055557
-0.123967
-0.078302
0.132056
-0.275922
-0.102145
0.154206
-0.032030
-0.189535
0.055562
-0.082476
0.051999
-0.000001
0.008367
0.209610
-0.071636
-0.240997
-0.253115
0.176090
-0.047193
0.215659
-0.089810
-0.099729
0.027118
0.048903
-0.120359
-0.114928
-0.165874
0.027938
0.110840
0.073938
-0.094499
0.043261
-0.008168
-0.043889
-0.000003
-0.058504
-0.029793
-0.287882
-0.003910
0.104047
0.172488
-0.235027
-0.009840
0.081287
-0.161730
-0.154590
-0.079827
-0.064632
-0.059463
0.071716
0.068862
0.191489
0.031553
-0.060621
-0.143394
-0.000037
-0.000008
-0.039234
0.203366
-0.000000
-0.089981
-0.199815
0.165239
-0.049365
0.000000
-0.047620
0.088751
-0.011135
0.350964
-0.076535
0.018059
0.159869
-0.008708
0.009054
-0.124745
0.172398
-0.000000
0.093168
0.000000
0.211845
0.021047
-0.063729
-0.000000
-0.118869
-0.212075
-0.000145
-0.092790
0.186359
-0.179755
-0.062800
-0.181506
-0.319278
0.029489
0.272764
0.107202
-0.062019
0.233426
0.054559
0.261620
0.299308
-0.000000
-0.100135
-0.083970
-0.079673
0.078076
0.014647
0.022184
-0.013593
0.000754
0.010412
0.023197
0.236344
-0.014239
-0.109889
-0.157797
0.122536
-0.239302
0.064872
-0.079947
-0.016150
-0.000002
-0.211665
0.234689
0.002276
0.073311
-0.200374
0.117685
0.010411
0.116441
-0.202880
0.168199
-0.038738
0.035717
-0.148643
-0.115516
0.177815
-0.067622
-0.000002
0.335487
-0.041007
-0.218770
0.194649
0.044505
-0.011921
-0.145518
0.119054
-0.051756
0.083206
-0.107338
-0.124532
-0.023748
0.269360
-0.139958
-0.142233
-0.130484
-0.071687
-0.027804
0.258008
-0.000077
-0.073199
-0.085324
0.239783
0.111034
-0.140864
0.030027
0.064613
0.033259
-0.000000
-0.027018
-0.272507
-0.079204
-0.044963
-0.039979
0.169300
0.106503
0.097228
-0.049487
0.232138
-0.034027
-0.000002
0.050135
-0.054425
0.048590
-0.003346
-0.303475
-0.255889
-0.000003
0.015633
-0.078498
0.110918
-0.083603
-0.001996
-0.045033
0.019171
0.164450
0.015134
0.023170
0.071892
-0.026213
0.012120
-0.070861
-0.130760
-0.000000
0.090918
-0.232343
0.071451
0.000454
0.216171
-0.143841
-0.163285
-0.000004
-0.023314
0.035650
-0.050203
-0.098614
-0.071551
-0.162476
0.292980
0.321495
-0.063583
-0.149540
-0.106641
-0.000000
0.130937
0.057125
-0.273131
-0.017412
-0.000001
-0.105570
0.037988
-0.245197
-0.177262
0.268724
0.162657
-0.000000
-0.351451
0.075518
0.305628
-0.000002
0.015441
-0.258800
0.055485
0.057090
0.111739
0.027204
-0.024622
0.069180
-0.122234
0.101492
-0.213007
-0.001755
-0.141029
-0.026096
-0.041184
-0.064035
0.025842
0.019518
-0.029936
-0.166149
0.022531
0.104750
0.017465
0.000935
0.014961
-0.121634
-0.107339
-0.151772
-0.122293
0.000000
-0.212020
0.003681
-0.107389
0.105697
0.076433
0.037046
-0.141723
-0.009002
0.087219
0.063629
-0.197842
-0.177886
0.065389
-0.019354
-0.038659
0.099859
-0.000004
-0.144729
-0.025209
-0.039115
-0.047993
-0.002652
0.108738
-0.404766
-0.000445
0.050973
-0.008916
0.051162
0.082202
-0.083224
-0.083890
0.012984
-0.121362
0.133566
-0.061219
-0.303654
0.095359
0.014731
-0.075053
-0.033287
0.002339
-0.000006
0.051101
-0.210718
0.056778
0.050354
0.036416
0.144485
0.158012
-0.328539
-0.021082
0.003229
-0.165982
0.303767
-0.000009
0.164898
-0.047415
-0.095480
-0.000001
0.168298
-0.185204
0.167844
-0.085328
-0.025199
-0.359022
-0.000000
0.369227
-0.076617
0.450982
0.085073
-0.019666
-0.158396
-0.066490
0.045091
0.082185
0.295724
-0.030722
0.179332
-0.000000
0.121079
-0.077660
0.036177
-0.044506
0.120916
-0.022025
0.090172
-0.201588
0.043097
-0.033537
-0.153290
0.013604
-0.055250
0.000000
-0.197050
-0.064708
0.000000
-0.184733
0.047908
-0.029441
-0.010369
0.000000
-0.060558
-0.115549
-0.135061
-0.031189
0.086075
-0.224785
-0.060956
-0.027295
-0.000003
-0.044665
-0.064580
-0.072840
0.007728
-0.020369
0.003007
-0.000000
-0.048285
-0.000011
-0.097320
0.069233
0.023061
0.085096
-0.075387
-0.264927
-0.037657
-0.129544
0.331861
-0.109994
-0.086367
-0.069095
-0.175187
0.296411
-0.090359
0.007553
0.018023
-0.000002
-0.169209
0.083106
-0.109638
-0.061623
-0.000001
-0.013237
0.083151
-0.070529
-0.157866
0.042483
-0.215560
0.050238
0.101968
0.023240
-0.014980
0.006589
0.107628
0.129161
0.166880
0.211382
-0.077618
-0.028533
-0.072025
0.095857
-0.132935
-0.002904
-0.118859
-0.015554
-0.000004
-0.161378
0.009642
-0.107679
-0.030832
-0.213081
-0.000021
-0.013818
-0.142246
0.078713
-0.061055
0.061445
-0.236713
0.254046
0.171750
