0.412762
-0.096410
-0.048578
-0.117434
0.445754
0.374687
0.430360
0.372712
-0.004039
-0.000000
0.305069
0.295943
-0.000000
0.827153
0.467280
-0.106820
-0.075993
0.416983
0.473807
-0.069857
-0.121793
-0.211335
-0.158920
0.464440
-0.124707
0.357041
-0.177918
-0.168655
-0.091227
0.487670
-0.137186
-0.311442
-0.024112
-0.104760
0.567760
-0.094471
-0.246709
-0.110503
-0.304396
0.481803
-0.063600
0.313682
-0.067114
-0.062998
-0.074570
0.020772
0.373914
1.020840
0.345746
0.541548
0.264462
-0.022292
-0.102022
0.466942
-0.015420
0.805136
-0.153457
0.440469
0.460518
-0.000209
-0.206240
0.546042
-0.097123
-0.071974
0.416158
0.464879
-0.027748
0.924158
0.344891
-0.004363
-0.046938
0.061331
-0.283506
-0.062995
0.584013
0.533100
-0.160688
0.366064
0.353596
0.453712
0.236372
0.198521
0.466429
-0.334499
0.734479
0.453205
-0.012220
0.346141
0.278495
0.824290
-0.170187
0.430335
0.375681
0.478491
0.348861
-0.101793
0.503173
-0.060971
1.970465
0.434115
0.283180
-0.097105
-0.043246
-0.022063
-0.135155
0.524177
0.290599
0.318916
0.410437
-0.104966
-0.026192
-0.150665
0.921850
-0.127467
-0.184578
0.530585
0.455578
0.452294
-0.092866
-0.154185
-0.012769
-0.000000
-0.120404
0.344209
-0.016435
-0.105685
-0.035129
0.477988
0.376856
-0.000000
-0.217803
-0.152298
0.950329
0.335671
-0.050023
-0.026701
0.317649
0.499611
0.579639
-0.089715
0.380121
-0.009422
0.468070
0.325186
-0.063032
0.700511
0.350609
0.286325
0.448767
0.279285
-0.225263
-0.227873
-0.060079
0.594866
0.565233
-0.316182
0.370932
0.354474
0.440560
0.428392
0.527319
-0.175944
-0.239683
-0.052590
-0.183446
0.717632
-0.098888
0.286698
0.457218
-0.001032
0.000000
-0.033380
-0.000000
0.325543
-0.139801
-0.122348
-0.003972
0.530089
-0.028456
0.272490
0.316209
-0.148801
0.340151
1.012309
-0.080925
-0.338338
0.798629
-0.286504
-0.003981
-0.240773
-0.129239
0.378972
-0.235268
-0.180102
0.404163
0.313564
-0.352083
-0.160052
-0.218358
-0.028802
0.555573
-0.106218
-0.059030
0.413293
-0.000000
0.472129
0.446995
-0.319893
0.288032
-0.000000
0.321234
0.292445
0.619154
-0.145455
0.865381
0.545952
0.366472
0.369061
-0.493552
-0.000000
-0.351196
-0.171492
0.414316
0.305334
-0.241682
-0.114078
-0.202478
0.453618
0.871989
0.453384
-0.067846
-0.154362
0.279822
-0.000000
0.283670
0.362281
0.484880
0.493840
-0.108766
0.277066
1.138163
0.312651
0.415306
0.403478
-0.041583
0.706131
-0.008627
-0.262648
-0.356253
0.517105
-0.271708
-0.456552
0.480635
-0.079742
-0.047118
-0.389097
-0.163030
-0.179872
-0.148961
-0.002758
-0.027850
0.506434
0.289172
0.712924
0.496746
0.367663
-0.128645
0.522529
-0.063523
-0.139116
0.445203
-0.096128
-0.003599
-0.251799
-0.239642
0.399007
-0.370637
-0.090021
-0.398313
-0.205467
-0.113378
0.529117
-0.264961
-0.000000
-0.110823
0.391910
-0.108132
0.518182
-0.000000
0.433241
0.487156
0.464610
-0.051589
-0.002638
0.411407
-0.122268
-0.105026
0.293078
0.182497
0.564066
0.845177
-0.090684
0.513572
0.181602
1.158363
-0.041693
0.459977
0.516646
0.320671
-0.148244
-0.330184
-0.035977
-0.035212
-0.000001
0.455511
-0.200923
-0.049917
0.434808
-0.124828
-0.025488
-0.059711
-0.211179
0.335868
0.449349
0.509576
0.317310
0.309117
0.283598
0.436523
-0.342882
0.411677
0.314661
0.035859
0.380324
-0.039067
-0.000000
0.455750
0.434765
0.511114
-0.049911
0.597025
-0.012935
0.288370
0.336787
-0.157974
0.470260
-0.134252
-0.063242
-0.065486
0.299727
-0.231615
-0.007829
0.708953
0.477826
0.270996
-0.000000
-0.087808
0.274982
-0.048610
-0.066690
-0.000000
0.304875
-0.077866
0.454305
-0.318270
-0.231801
-0.209726
0.488603
-0.055276
0.285430
-0.000000
0.280795
0.502371
1.159330
0.313802
-0.000000
-0.013128
-0.233305
0.423226
-0.035431
0.606082
0.293641
-0.093153
0.983656
-0.080017
0.472276
0.316745
0.311892
0.311084
0.857148
0.453343
0.669749
0.594360
-0.001702
0.297926
-0.109380
0.443621
-0.074795
-0.000000
-0.122367
-0.000000
0.193652
-0.498344
0.279798
-0.066917
0.298558
0.401472
0.257350
0.292449
0.397305
-0.109259
0.636725
-0.226930
0.394036
-0.292842
0.390853
-0.048169
0.509677
0.290498
0.429029
0.368208
0.487798
0.261045
-0.293322
-0.147869
0.446339
-0.014801
0.320087
0.264407
-0.069786
1.265964
0.482302
-0.019567
0.828664
-0.067823
-0.008615
1.311717
0.277818
0.699314
0.290234
0.305571
-0.060314
-0.028202
0.347414
0.538511
0.461293
-0.161619
-0.266885
0.460475
-0.149975
0.459978
-0.060769
0.000001
-0.172248
-0.109625
0.344550
-0.265678
0.452634
1.000280
0.284869
0.517625
-0.037501
0.584041
0.000000
-0.000000
0.312268
-0.039547
0.592775
0.327922
0.346128
-0.187168
0.000001
-0.005792
-0.036541
-0.113496
0.484331
0.480435
0.000010
0.291792
0.347927
-0.153540
0.420590
0.523989
0.263767
0.472226
-0.237289
0.438324
-0.113642
0.315167
-0.151695
0.000000
0.498951
-0.050994
-0.049845
-0.077000
-0.000000
0.303422
0.425123
-0.052284
0.439784
-0.083195
-0.157313
-0.109674
-0.005509
-0.000001
0.325011
-0.024265
0.837220
-0.143323
-0.154309
-0.099060
1.135161
