0.039471194
0.032773696
0.032711722
0.028426833
0.026418079
0.034319665
0.03636257
0.034192596
1.2871618e-13
0.033491373
0.024630073
0.027875252
0.02418164
0.03165483
0.03533835
0.023843799
0.025510816
0.02579238
0.00083268824
0.057999182
0.02855925
0.0755606
7.0594016e-14
0.0242731
0.033893593
0.026947258
0.03613509
0.026118075
4.94138e-09
0.026001891
6.3010076e-14
5.901857e-14
0.035409898
0.03518887
0.027501663
0.019949963
4.5647847e-11
0.029188855
0.022134036
0.025501924
0.023552727
0.04530269
0.027550582
0.027690362
0.037801743
0.018668214
0.042616017
0.022577763
0.048144333
0.027497195
0.029075852
0.025068963
0.027548794
0.034211587
0.026446685
0.029291013
0.03428383
0.036482994
0.024763701
0.046057805
0.06450156
0.030726772
0.040993847
0.04588934
0.037701625
0.022783605
0.022170722
0.030329766
0.020102598
0.030882351
0.025068404
0.030382788
0.04590845
0.024542872
0.03588539
8.17314e-14
0.03710361
0.028183842
0.027532035
0.026629977
0.03262914
0.02788062
0.033375032
0.018634466
0.04110058
0.022857303
6.0375885e-14
0.033342183
0.023029387
0.029458845
0.02254399
0.07309629
0.025760433
0.032754015
0.047897417
0.02529513
0.028077917
0.038158365
0.037052784
0.031910826
8.380396e-06
0.027244702
0.0295403
0.025427094
0.031167008
0.021046659
0.024196206
0.024398325
0.041847203
0.04601483
0.025483357
0.037586063
0.046812974
0.023978729
0.023193603
0.059024874
0.016529733
0.024173837
0.032632932
0.0219148
0.03266534
1.3524898e-12
0.027251678
0.030037304
0.026280971
0.03383713
9.1185164e-14
0.021268895
0.042969465
0.028996935
0.046477843
0.028374596
0.034379028
0.02796539
0.039088536
0.023166912
0.05276805
0.03670088
0.033708047
0.030741794
0.018534655
0.030098427
0.037886787
0.03533055
5.9399175e-14
0.03664171
0.024848856
0.030421585
0.017619416
0.028722318
9.80573e-11
0.026316134
0.038262893
1.3597555e-12
0.056671802
0.029773759
0.03318945
0.022388607
0.021354215
0.030954488
0.04769703
0.023772456
5.8646156e-14
0.0353584
0.02402069
0.026765501
0.020110346
0.025822755
0.03048764
0.023288157
6.181975e-14
0.035952188
0.026137551
0.037450746
0.025428
0.026556084
0.02366397
0.02617169
0.036401693
0.027855575
0.034555253
0.03201828
0.050789513
0.031631634
0.0359684
0.028312542
0.03311002
0.029590875
0.020249516
0.02785443
0.023951847
0.019814482
0.057167042
0.019577296
0.03025637
0.03330305
0.04073633
0.04421909
0.029465789
0.01997287
0.022823518
0.027553849
0.023326468
1.8437968e-08
0.042841516
0.04546955
0.021210065
0.042945273
0.056850705
0.0601111
0.026756804
0.023164572
0.03411414
0.050771274
0.028300736
0.021123277
0.03148785
7.1599126e-14
0.027973162
6.113134e-14
0.025781129
0.027682833
0.036923125
0.026476227
0.018923692
0.023130389
0.053329177
0.04153985
0.03949848
0.017778523
0.02425892
1.4293124e-13
0.040784717
0.04258195
0.0578284
0.02761551
0.03160126
0.02554794
0.029214377
0.044361502
0.026250545
0.020840788
0.023487529
0.0350661
0.025019906
6.8441455e-14
0.028335564
0.036175635
0.014346924
0.020192837
0.027150631
0.025763199
0.03762025
0.036424033
0.025251606
0.02783974
0.021913175
5.87751e-14
0.025388319
0.020036113
0.0252855
0.03652536
0.03510207
0.03391837
0.039088037
0.03874081
0.020614306
0.03160846
0.0315576
0.034334812
0.023770932
0.03426939
0.02274566
0.028337885
0.029491667
0.03486945
0.030028258
0.026192391
0.033923764
0.04252049
0.030687612
0.024129802
0.026563855
0.021694008
0.042399973
0.03902152
0.025388328
0.03287058
0.04540236
5.5124843e-14
0.023159195
0.028619954
0.020094162
0.024214888
0.036788125
0.044466186
0.026528316
0.029075012
0.032576032
0.028627023
0.027978444
0.0362013
0.027236607
6.802261e-14
0.02070506
0.024112418
0.065648675
0.034281656
0.03538959
0.029406557
0.021138126
6.665021e-14
8.984482e-12
6.427469e-14
0.02466272
0.022098083
0.029612472
0.026193388
0.028187606
0.032450624
0.038348347
0.022037424
0.025478946
0.018293576
0.03316319
0.03209299
0.06347677
0.03478836
0.028756397
0.024533011
0.030276226
0.01605565
0.00050159934
0.033504274
0.020827757
0.029873217
0.03247438
0.023151198
0.019361176
0.03230949
0.023766289
0.027819233
0.026744954
0.031256363
0.028331537
5.003537e-14
0.03972566
0.027982552
0.027549786
0.021118822
0.027101522
0.0357727
0.029792208
0.034819994
0.022717115
0.049393248
0.031172898
0.028693158
0.0412125
0.036857437
0.024086488
0.023917286
0.03557775
0.029816935
0.03260915
0.030586323
0.027027637
0.028979793
0.030245991
0.026509386
0.023248725
1.2975161e-12
0.02253655
0.030219765
0.017725782
0.033452697
0.030959612
0.026856398
0.025015498
0.041418422
0.025082951
0.022596447
0.019282937
0.026532238
0.035868324
0.02124573
6.342542e-14
0.025211627
0.032045618
0.03538053
5.780501e-14
0.060163733
0.042323194
7.110596e-14
0.026030682
0.023362977
0.025786756
0.031999707
0.026426433
0.043135762
0.027188443
4.786874e-13
0.031401474
0.0331172
0.03826737
0.03269993
0.04016895
0.034667134
0.027340459
0.019646581
0.025312714
0.03035686
0.019025791
0.03379353
0.018001143
0.04035093
0.021201255
0.020870991
0.019057436
0.030991176
0.027282506
0.049809318
0.022879777
0.011582206
0.02012629
0.025038496
0.027870608
0.026491366
0.034343995
0.03596352
0.023342537
0.034267064
0.02874061
0.051780522
0.032814376
0.03654845
0.02061396
0.025755938
0.017707974
0.036745273
0.022977456
5.709236e-14
0.028853275
0.02273094
0.026102573
0.025201987
0.026321074
5.4589208e-11
0.034440503
0.056265924
0.031427167
0.018701809
0.028497946
0.020187585
0.03880661
0.028678749
0.035103206
0.02703333
0.043776765
0.034353334
0.027165094
0.023159746
0.026212713
0.029609812
0.03365536
0.03889176
0.031107958
6.395094e-14
0.03675537
3.2787306e-13
0.021115625
0.024164584
0.051781725
0.025276776
0.076648094
0.030737754
0.020857673
0.05274787
0.0382691
0.041748635
0.021200558
0.02907574
0.036881942
0.03522208
0.02467219
0.030066276
0.03667941
0.022978485
0.031120855
0.023793813
0.036717802
0.02240499
0.049038943
6.059531e-14
0.02497127
0.030057983
0.02468019
0.023644224
0.018437013
0.029460926
0.023219574
0.031875707
0.032462083
0.033037174
0.043349292
0.027333045
0.021819633
0.024402684
7.8950586e-14
0.02781971
0.022715524
0.03411663
