-0.221411
-0.187214
-0.213287
-0.193186
0.120962
0.274617
0.167916
-0.162587
-0.000001
0.193780
-0.192511
-0.255977
0.234977
-0.014661
0.157027
0.147260
-0.161004
0.407635
-0.027442
-0.006535
-0.103868
-0.274703
-0.000000
0.017322
-0.065099
0.048544
-0.032992
0.065774
-0.000087
-0.185052
-0.000000
-0.000000
-0.112632
-0.047702
0.107486
0.160176
-0.000007
0.374664
-0.009226
0.153141
-0.119864
-0.051265
-0.101524
-0.084491
-0.079809
0.146188
0.125729
-0.012061
-0.033155
-0.073099
-0.182751
0.001453
-0.340318
0.025926
-0.077923
0.012840
0.018939
0.021871
-0.230090
-0.027571
-0.003279
0.106619
-0.036168
-0.222002
-0.153578
0.088909
0.009933
-0.326511
-0.020983
0.048799
0.064525
-0.210594
-0.019384
-0.052866
-0.164530
-0.000000
-0.081764
-0.146940
0.154136
-0.030183
0.051413
0.090571
0.190436
0.101973
0.022534
0.035462
0.000000
0.036900
0.254398
-0.355373
0.281030
0.234776
-0.234921
-0.123990
-0.066064
0.228893
-0.046676
-0.138632
0.611814
0.157408
-0.003735
-0.249677
0.213146
0.070052
-0.138793
0.149538
-0.021676
0.258448
0.138494
-0.196997
-0.035763
0.229684
0.044412
0.094606
-0.014073
-0.063712
0.104837
-0.274767
-0.169214
0.218957
0.070008
-0.000002
-0.383971
0.009811
-0.001079
-0.024443
-0.000000
-0.043680
-0.441219
-0.274815
0.141630
-0.033943
0.122020
0.160980
-0.238479
-0.003007
0.348356
0.226275
0.081800
-0.126359
0.104881
-0.138056
0.157309
0.056731
-0.000000
-0.003754
0.004263
0.124916
0.441081
-0.127355
-0.000011
0.052590
0.134418
-0.000002
-0.811177
0.048100
-0.253451
0.267975
-0.180673
-0.276629
0.086041
-0.014104
-0.000000
0.412838
0.102695
0.138736
-0.204639
-0.033674
0.257620
0.034236
-0.000000
0.060912
-0.141993
-0.152952
-0.149402
-0.032896
-0.293702
0.026160
0.050382
0.155196
0.031802
0.018688
0.035292
-0.059804
-0.034604
-0.049573
-0.010976
-0.121836
0.006570
0.085249
0.021540
0.213140
-0.121176
0.033816
-0.152192
-0.030249
-0.108828
0.146017
-0.211247
-0.025223
0.261064
-0.173286
0.068538
-0.000236
-0.118071
0.021821
-0.067884
-0.061101
0.240691
-0.024089
0.081564
-0.160408
0.254096
-0.024013
-0.253164
0.015268
-0.030137
-0.000000
-0.168504
-0.000000
0.245409
-0.072421
-0.109580
0.094647
-0.107846
0.162752
0.019754
-0.037424
-0.191620
0.076147
0.194887
-0.000000
0.063160
0.001136
-0.130307
-0.037532
0.092074
-0.133206
-0.044268
-0.120728
-0.078510
0.289590
-0.067563
-0.037629
-0.217302
-0.000000
-0.150885
0.007280
0.079780
-0.153220
-0.116961
0.024439
-0.129420
-0.041303
-0.023956
-0.133676
0.044030
-0.000000
-0.034603
-0.152483
0.529160
-0.026384
-0.038467
0.035760
0.207212
-0.019484
-0.080234
0.097061
-0.214516
-0.168530
-0.094613
-0.044276
-0.217136
-0.215741
-0.087906
-0.065212
0.064767
-0.210209
-0.079580
-0.160521
-0.140641
0.207713
-0.195692
0.278136
0.103119
-0.095526
-0.127694
0.049371
-0.006062
-0.000000
0.261459
0.036812
0.094021
-0.200314
-0.120067
-0.085739
-0.040833
0.065143
0.398984
-0.331164
0.019022
0.085369
-0.032600
-0.000000
-0.033940
0.192504
0.001358
-0.066104
0.095725
-0.146803
-0.055465
-0.000000
-0.000005
-0.000000
0.008733
-0.149585
0.127856
0.146100
-0.104287
-0.065682
-0.123232
-0.101608
0.067724
0.127816
0.088306
-0.281002
-0.285737
0.136364
-0.108924
-0.315783
-0.060919
0.302274
-0.027700
-0.130637
0.179161
0.063774
0.146867
-0.185064
0.098746
0.023140
-0.142612
-0.217812
0.053087
-0.014949
-0.188783
-0.000000
-0.061867
0.081215
0.061076
-0.273397
0.270492
-0.191311
-0.092533
-0.128809
0.212488
-0.122627
-0.392468
0.115156
-0.211721
-0.046399
-0.380031
0.001338
0.109257
0.016386
-0.120260
-0.105560
-0.266583
-0.144011
0.033060
-0.109451
-0.101104
-0.000002
0.054603
-0.136504
-0.019470
-0.117844
0.330137
0.070364
-0.045031
-0.173241
0.014711
0.054420
0.181808
-0.109604
0.022244
0.184139
-0.000000
-0.000047
0.006933
0.057835
-0.000000
0.010129
-0.005852
-0.000000
-0.038945
0.252711
0.139724
-0.007334
0.088604
-0.280132
-0.103921
-0.000001
-0.026586
0.172170
0.066641
-0.269475
0.089010
-0.218989
0.232040
-0.124073
-0.133642
-0.341071
0.034993
0.023317
0.122293
-0.043435
-0.154314
0.131415
0.283045
-0.112331
-0.094764
-0.082458
0.043989
0.060466
0.277613
0.035746
-0.085799
-0.072850
-0.065755
0.056616
-0.156356
-0.133908
0.005281
-0.227482
0.120906
-0.049613
0.125372
0.066366
0.081152
-0.092920
-0.021799
-0.000000
0.097350
-0.358572
-0.290311
-0.039899
0.034636
-0.000009
0.171244
-0.062162
0.140871
0.391515
-0.211696
-0.386844
0.084897
-0.180337
-0.176746
-0.141299
0.143033
-0.279610
0.041349
0.016442
0.232956
-0.103879
-0.176195
0.310042
0.031187
-0.000000
0.117297
-0.000001
0.040594
0.277122
0.056900
-0.050178
0.572125
0.108425
-0.181875
0.334540
0.126379
-0.060841
0.160633
-0.204280
-0.060398
0.126861
-0.001147
0.116613
0.221588
0.132510
-0.094405
-0.043613
-0.093330
-0.028888
-0.165843
-0.000000
0.212861
0.175882
0.013797
-0.415766
0.237536
-0.023547
0.006976
-0.126760
-0.258207
-0.161861
0.049347
-0.082929
-0.157257
0.193160
-0.000000
0.263240
0.173582
0.061432
