0.0075826775
-0.13734242
-0.11533397
-0.041407514
-0.02310397
-0.0011701367
-0.029187415
0.054607555
-0.21928732
3.5572626e-08
-0.010613941
-0.05944909
-7.224385e-07
0.1691421
0.023262413
-0.04145443
-0.09408354
-0.12378181
-0.017183054
-0.08244353
-0.08001625
-0.04926993
-0.02843017
0.014842394
-0.07434492
-0.00026976186
-0.09091187
-0.112733506
-0.07399796
-0.062376987
-0.06935559
0.041504025
-0.0837033
-0.03776309
0.16237032
-0.0830718
-0.008118741
-0.09877035
-0.031120488
-0.059789408
0.030738438
-0.054678783
-0.041269194
-0.032123353
-0.08084656
0.1491885
0.015808178
0.23070873
-0.053040646
0.18826339
0.060240686
-0.1484804
-0.11267824
-0.05684885
-0.066913955
0.22439443
-0.035620656
0.17171112
-0.0030624645
-0.00030169776
-0.024718164
-0.058440365
-0.11838358
-0.09371627
-0.09506352
-0.13612978
-0.09328379
0.21712479
-0.013617268
-0.07221119
-0.07349331
-0.054315098
-0.05687373
-0.12388065
0.17816873
-0.08741226
-0.07269854
0.027127802
-0.09191842
-0.021532798
0.024154903
0.06379647
-0.044200122
-0.07076164
0.20042938
-0.028170591
-0.13430096
0.122375496
0.04204181
0.22857207
-0.04217947
-0.084854
-0.017320214
-0.06286453
-0.050174292
-0.04855057
-0.067127034
-0.09752254
0.2745106
0.09841367
0.0766357
-0.080378145
0.14015199
-0.07459833
-0.07226904
-0.07998076
0.009965218
0.04806
-0.0017458522
-0.06938312
-0.13175978
-0.07164675
0.2299252
-0.12477834
-0.055268712
-0.07342224
0.02475043
-0.046318103
-0.04095491
-0.054221854
-0.12163913
-1.2281093e-06
-0.102963306
0.103191756
-0.15768272
-0.06160819
-0.07336019
-0.026322732
-0.028599693
-3.0169495e-08
0.018427402
-0.10581524
0.22994627
0.01588185
0.069624156
-0.09595002
0.010306232
0.19733651
0.17540765
-0.08265803
-0.02074901
-0.10286024
-0.072902255
-0.034189418
-0.0554824
0.1930595
0.034061644
-0.012492288
-0.07504564
0.04552581
-0.14201172
-0.018586628
-0.08860297
0.18530485
0.13111249
-0.08775487
-0.061499953
0.044041518
-0.043326885
-0.074683286
-0.089715324
-0.31084067
-0.033434868
-0.10893782
-0.061241627
0.20316108
-0.13375804
0.026090069
-0.0335391
-0.08404946
-8.242115e-08
-0.111208856
9.869635e-10
0.0037106436
-0.09095102
-0.09611907
-0.07087442
-0.050490025
-0.19653279
-0.007047145
-0.06197779
-0.04777365
0.0060159457
0.26469117
-0.1220969
-0.067113385
0.23271751
-0.011379972
-0.14627491
0.018884804
0.010152132
-0.06502699
-0.060141694
-0.048216857
-0.09031143
0.02104267
-0.17993787
-0.10726326
-0.046185672
-0.11087191
0.18295433
-0.07007015
-0.10442532
0.00048359198
-1.2870597e-08
-0.12218394
-0.009295466
-0.101709545
-0.010095712
-5.00042e-08
0.07621596
0.062561676
0.15613906
-0.17683803
0.24470226
-0.109264314
-0.086522035
0.09836456
0.11563142
-4.434389e-08
-0.05718316
-0.022218533
0.15197112
-0.025883272
-0.094254196
-0.21884136
-0.27495268
-0.05148843
0.20203707
-0.045804713
-0.088864714
-0.11407191
-0.0152345905
5.4373406e-10
0.10079607
0.0024112728
-0.108432665
-0.13050109
-0.04696695
-0.018887581
0.2220132
0.10734959
-0.026162466
-0.1017831
-0.083074704
0.21382432
-0.10750012
-0.04692089
0.109820284
-0.032982625
-0.09324433
-0.026304618
0.19599847
-0.058053683
-0.13192785
-0.08438269
-0.07347911
-0.07594343
-0.05445546
-0.14905837
-0.0736021
-0.06987161
0.10746033
0.20890103
0.14266592
-0.061432302
-0.07163201
-0.06461367
-0.11460784
0.14262085
0.15582383
-0.07817462
-0.12741324
-0.052789133
-0.10953087
0.15420115
-0.063038215
-0.0518617
0.07141399
-0.0952332
-0.087796286
-0.12571421
-0.055940896
-8.9814806e-10
-0.07471463
0.033779237
-0.10783923
-0.07582555
-2.4784994e-08
-0.031059507
-0.077094935
-0.015011414
-0.10046906
-0.11752474
-0.06992072
-0.06329572
0.09302507
-0.038498748
-0.060668368
-0.0065787765
0.20008576
-0.056577966
-0.028591145
-0.020397693
0.17669895
0.07471946
-0.054654602
0.051311158
-0.0090559
-0.010597472
-0.19975437
-0.089873224
-0.12044099
-5.4545662e-06
-0.03134767
-0.1439836
-0.07232621
0.007921674
-0.0490767
-0.116046615
-0.07278528
-0.058326498
0.018382585
-0.055218507
-0.055646956
0.03444631
0.017961489
0.07187538
-0.034021996
-0.036688246
-0.045521356
-0.07203826
0.21858527
0.03747208
-0.12810136
9.522883e-11
0.0006266528
-0.026388748
-0.12571327
-0.07152771
0.05930944
-0.13349067
0.10097145
-0.03263872
-0.02043096
-0.0362249
-0.057634663
-0.074796304
-0.08389214
-0.006845926
-0.0719349
-0.12451177
0.26224792
-0.13804476
0.01109762
-8.2833245e-12
-0.18677664
0.012203596
-0.0989519
-0.080325685
-1.9813935e-08
-0.044690657
-0.17909631
0.11998367
0.0069748005
-0.07158088
-0.10872521
-0.007400675
-0.081049696
0.0062401863
-5.071986e-10
-0.0068695666
-0.07490189
0.2209767
-0.010240857
-3.791018e-11
-0.05894787
-0.15311196
-0.10273995
-0.081442945
0.17277518
0.04362556
-0.109804966
0.210205
-0.030865863
-0.050758816
0.055053376
-0.0069195176
0.017807623
0.19921827
0.1397335
0.16584153
0.16963209
-0.10466143
-0.09098167
-0.074830234
0.13278621
-0.07991628
-9.212188e-09
-0.108294725
1.3336297e-09
-0.10382901
0.03391989
0.01514563
-0.11174324
0.07681543
-0.06781002
0.049364574
0.088445224
-0.024996024
-0.06946616
0.104400404
-0.0851229
0.039458785
-0.114403106
0.12977022
-0.11586311
-0.06845919
0.034353416
-0.024857085
0.13877824
-0.051678717
0.04064047
-0.13345511
-0.07672099
-0.063865095
0.11370223
0.008355698
-0.009981758
-0.1818195
0.23524532
-0.09222982
-0.06045626
0.13358611
-0.11217506
-0.13084826
0.17538458
-0.053936232
0.31371397
0.0048790863
-0.084934324
-0.08001715
-0.0810418
-0.029452085
0.17870261
0.14653948
-0.105487436
-0.051038608
0.095172554
-0.10286602
-0.06748695
-0.1088176
-1.7691078e-05
-0.0932197
-0.08337018
0.072157696
-0.07782261
-0.05291222
0.21865636
0.09597041
0.16887856
-0.12496363
-0.12578575
-1.685416e-08
-3.015383e-08
-0.070502825
-0.10182659
0.19120336
0.030008256
0.015413712
-0.06070211
-2.835663e-06
0.12426912
-0.09694694
-0.1455258
-0.047759473
-0.051096234
-2.6980173e-05
0.093864895
0.0019759785
-0.058377773
-0.055101648
0.014247975
0.015704945
-0.04897294
-0.118825644
-0.117479794
-0.10069188
0.04749128
-0.101214945
-7.6973157e-07
0.18818018
-0.034590844
-0.101022795
-0.090911806
-7.2592826e-08
-0.034574836
0.02373024
-0.054035176
-0.029504303
-0.08216391
-0.032874286
-0.052900333
-0.13503926
-3.5954558e-06
0.005145177
-0.11778915
0.22312857
0.0030054112
-0.19826421
-0.060951754
0.27798545
