0.009111
0.184015
0.393556
-0.608334
-0.120340
-0.805024
0.050555
-0.469793
0.420413
0.424478
0.045107
0.344152
0.402334
-0.056761
-0.175980
0.174423
-0.371322
-0.309277
0.303117
0.075449
-0.040724
-0.326604
-0.129169
-0.065449
-0.147250
-0.000000
0.198419
0.111353
0.213471
-0.160610
0.029168
0.216305
0.389932
-0.110452
0.041695
0.217565
-0.020635
0.230624
-0.000001
0.339627
0.205322
0.158422
-0.468854
0.418904
-0.227525
0.000000
-0.118989
0.010399
0.207262
-0.185357
-0.579695
-0.000001
0.082096
-0.582300
0.304255
-0.000000
-0.042056
0.412501
0.388306
0.460594
0.099516
0.111960
-0.074391
0.147364
0.094061
0.340928
-0.122591
-0.000000
-0.393696
-0.053879
-0.089245
-0.157894
-0.024855
-0.086393
0.074388
0.102935
0.148531
0.138373
-0.051351
0.129414
-0.106115
-0.174655
0.154265
-0.085340
0.353841
0.217592
-0.000000
-0.174616
-0.433093
-0.382632
0.526518
0.004953
-0.400845
0.454978
-0.300165
0.000000
0.413007
-0.000000
0.092774
-0.199065
0.201133
-0.509257
0.153507
0.033753
-0.048309
0.174759
-0.356641
0.223738
-0.007043
-0.251498
0.228460
0.375716
-0.000000
0.044713
-0.554453
0.382338
0.430678
0.314328
-0.000001
0.678048
-0.226102
-0.127892
0.005140
0.009415
-0.221792
0.281685
0.578913
-0.446368
