0.08491103
0.039719075
0.012564861
0.20557871
0.277124
0.12622888
0.36216563
0.11850161
0.16943726
0.112258665
-0.047792967
0.17381516
-0.17100795
-0.106909804
0.5272556
0.20936023
0.13784875
0.067686275
0.09447454
0.15039411
0.10659977
0.19116174
0.026963491
0.1752318
0.07591587
0.13793805
0.3015244
-0.0017638403
0.19740374
0.16814725
-5.5385203e-07
0.07431832
0.3899397
-0.061253957
0.4463122
0.3136192
0.068121426
0.21574864
0.19795062
0.20955074
0.19990475
0.43491223
0.14994884
0.1802392
0.22410795
0.098382376
0.17419171
0.057088636
0.15487997
-0.09373278
0.30040348
0.0925502
0.14275965
-0.048375163
0.12717825
-0.05337033
0.07739976
0.10799844
0.20071308
0.35376304
0.040779043
0.2852638
-3.431683e-09
-0.053153493
0.1116216
0.20684236
0.2947845
0.2639477
0.22575867
0.21017213
0.2788368
0.1167789
-0.3201799
-0.07653922
0.16844343
0.25307122
-4.3349738e-07
0.2983562
0.03570128
0.04523122
-0.11556901
-0.083454564
0.14888017
-0.024448046
0.5366369
0.24836746
-5.4396253e-08
0.32119614
0.22289637
-0.00475685
0.079274006
0.11206094
0.29092628
-0.041709304
0.24272607
0.16511892
-0.025405241
0.19546042
0.16506219
0.04567152
0.06599504
0.2998975
0.21920465
-0.02653008
0.124197446
0.16968925
0.21812241
-3.0870748e-07
-0.1656756
0.10951178
0.03892431
0.13686775
0.14485988
0.13218318
-0.097930215
0.1510488
-2.7994642e-07
-0.0075159892
-0.010308853
-0.08306869
0.14356367
0.23807696
0.15471771
0.15410818
-0.041637313
-0.14783168
0.11176116
0.25773853
