0.011149958
-2.695905e-05
-0.003683431
0.022716597
-0.026551712
-0.004865008
-0.072630756
-0.0050180797
-0.011902083
-0.02752496
0.020714289
-0.0030908894
0.020440787
0.018466236
0.20228426
0.09144189
-0.016535882
-0.0013589384
-0.01323501
-0.0025060833
-0.013136732
0.026950072
-0.002419955
-0.01855398
-0.002858211
0.007958859
-0.18072464
-0.011440672
0.074970566
0.08851247
-6e-45
0.012061671
-0.009256871
0.020592706
-0.14553402
-0.026769953
-0.0048052114
-0.040598016
-0.12266032
0.030192891
-0.011798337
-0.038158007
0.040564034
0.0011834623
0.008433131
-0.00052118994
0.0142967515
0.015726728
-0.0035605994
0.003932045
-0.00953089
0.00935346
-0.005244146
0.007866665
0.0521093
0.002156837
-0.063990064
-0.0816943
-0.092428796
-0.19303668
0.061455913
0.035122972
6e-45
-0.01597551
0.009598677
0.01997824
0.01237185
-0.20874831
-0.08770028
-0.014041177
0.11061172
0.025001913
0.0013882538
0.005919712
0.012028889
-0.031781085
6e-45
-0.22854924
0.024908587
0.026664784
-0.009905614
-0.0040441263
-0.08220727
0.0033345828
0.17448497
-0.011356826
-6e-45
-0.117941864
-0.117136955
-0.04749268
0.009493799
0.00071170303
0.023327388
-0.021958906
-0.0019258157
0.009609363
-0.029889947
-0.021105185
-0.08194054
0.0023408153
0.022338282
-0.1984313
0.011950692
0.007495848
0.008747555
0.01369402
0.06606125
-6e-45
0.005834619
-0.021295398
-0.0049656164
0.0024402186
0.0066940854
0.021339098
0.035725296
-0.0074523548
-6e-45
0.002309788
0.014853981
0.002725226
0.014263318
-0.07457951
-0.03849186
0.008880217
-0.021137312
0.034996387
0.062495604
-0.10788057
