0.15724581
0.32399112
-4.8792936e-07
0.25450647
0.17263897
0.29852253
0.26262832
0.32202083
0.20456879
0.090857364
0.22560237
-0.20414181
0.080369525
0.18073374
0.74636436
0.2636081
0.0199593
0.2524022
0.20196341
0.2592387
-5.407246e-08
-1.2716448e-07
-2.3215033e-07
0.63577205
-1.3366203e-07
0.025417909
-0.002491247
-8.492736e-08
-2.7296736e-09
0.45586908
0.26899037
0.30804527
0.17317611
1.4982098e-07
0.31532386
0.7686968
0.30404544
0.13984469
0.06946687
0.77195567
0.12174973
0.80136096
0.19756673
0.91589904
0.021468913
0.3039654
-1.2165206e-07
0.346691
-0.0023448882
-2.5360938e-08
0.07393117
0.14551747
0.100332275
-7.6619955e-08
0.10263661
0.2940434
0.44163877
0.039108455
0.15786879
0.03479091
-0.16437633
0.40122378
0.06502934
0.25569186
