-0.039484993
-0.0799202
-0.056186594
-0.072811976
-0.15014032
-0.10909248
-0.045411196
-0.097469494
-0.07867532
-0.08701392
-0.017958434
0.07451545
-0.16942589
0.00926973
0.13157383
-0.14030902
0.03723299
0.10956728
0.0399252
0.065556996
0.04975171
0.06131291
0.13471764
0.112834975
0.05745417
0.10858741
0.1032881
-0.06132849
-0.08582993
-0.06967265
-0.08410942
-0.18594919
-0.124292634
-0.05803258
-0.12893762
-0.0925835
0.045039177
0.09769339
0.081567116
0.08311677
0.16592503
0.12553886
0.06588238
0.1108222
0.070592396
0.036186107
0.09760793
0.10092917
0.09815323
0.18184955
0.13380411
0.090610996
0.13956828
0.07159785
-0.018223017
-0.06045576
-0.057746973
-0.06143801
-0.1212259
-0.1096913
-0.050597493
-0.101749405
-0.0978366
3.867624e-08
-2.743488e-07
1.3301694e-07
1.0149831e-07
7.972495e-07
2.9045307e-07
3.5422573e-07
9.2633485e-07
2.7701398e-07
-0.0006901198
0.0010014873
0.0010502663
0.00014417229
0.0021058747
0.0019659656
0.0012021711
0.0022805764
0.0016949128
0.057671346
0.12116254
0.085169114
0.08613523
0.17636853
0.13143037
0.05801373
0.078987375
0.058092453
1.536816e-08
-1.2577399e-08
5.3543687e-08
4.119358e-08
6.753346e-08
-2.162918e-09
6.062804e-08
-1.4010892e-08
4.686148e-10
0.041979633
0.09346443
0.07137228
0.0904104
0.18064576
0.13682461
0.061411437
0.12457479
0.0917141
-0.04028929
-0.07189437
-0.05161572
-0.09527699
-0.14408942
-0.09485545
-0.07013372
-0.093926586
-0.07688059
-0.061371077
-0.07448856
-0.052348647
-0.072566934
-0.13232976
-0.11297913
-0.07264311
-0.10623679
-0.09236831
-0.032029845
-0.063599795
-0.056341257
-0.06409671
-0.14630291
-0.12485529
-0.046039674
-0.110245824
-0.0943912
0.07457722
0.075159155
-0.07799875
0.107136145
0.165646
0.09313167
0.042879608
0.13113032
0.12771432
0.032100886
0.07946487
0.07016003
0.08006573
0.16503754
0.115439795
0.0726562
0.1310133
0.08703149
-0.021222211
-0.08407094
-0.07712157
-0.07586122
-0.15590774
-0.14293417
-0.039800074
-0.11861122
-0.07457847
0.03651543
0.075846925
0.061734337
0.05440476
0.14333762
0.12333828
0.0504023
0.1192657
0.09951844
-0.02769618
-0.12940188
-0.07825398
-0.07190546
-0.18546931
-0.12166126
-0.028006122
-0.04822004
-0.025084862
0.037070706
0.08359061
0.06653086
0.08116583
0.18255495
0.13317247
0.053126223
0.13232894
0.1010606
0.05920965
0.11151789
0.08636408
0.099884115
0.21096276
0.14313777
0.07527172
0.13858195
0.09618143
-0.06578442
-0.0949465
-0.04308343
-0.09892768
-0.16556011
-0.10643748
-0.031003311
-0.117495105
-0.08289951
0.027799184
0.06747922
0.060487874
0.06277744
0.15227325
0.11724451
0.059162468
0.1186594
0.09719798
-0.029582277
-0.07222948
-0.08096417
-0.07383273
-0.14960621
-0.115059495
-0.09734842
-0.13210109
-0.029827664
-0.0543557
-0.08809566
-0.0651447
-0.09366768
-0.14627722
-0.11422836
-0.067270435
-0.11555751
-0.096183695
0.042703774
0.07510707
0.06267495
0.09184422
0.17595896
0.12642664
0.08275003
0.13710351
0.08851696
-0.006412991
-0.082193844
-0.055801317
-0.075463034
-0.17267452
-0.14638379
-0.08402654
-0.11919835
-0.053813823
0.08332541
0.053413123
-0.12751277
0.1434006
0.021603916
-0.25009313
0.08902546
0.031926394
-0.1414226
-0.069037646
-0.08544944
-0.05317748
-0.09582784
-0.15375338
-0.116335504
-0.048687562
-0.10986807
-0.09992072
-0.034871943
-0.065608464
-0.058546837
-0.06596366
-0.14110415
-0.09471764
-0.046449326
-0.10260017
-0.070176035
-0.03952447
-0.069656365
-0.055666026
-0.071732745
-0.16153227
-0.11983632
-0.05191326
-0.11865548
-0.091001265
0.026141485
-0.08672755
-0.09326943
0.06976877
-0.14175414
-0.15962198
0.0723191
-0.06396806
-0.11396251
-0.058211826
-0.09794071
-0.06550784
-0.09230509
-0.194307
-0.14489843
-0.055891424
-0.119019166
-0.09232161
-0.037708074
-0.10284385
-0.07727656
-0.077756904
-0.15900747
-0.13806322
-0.056380704
-0.09707241
-0.08336542
0.049794205
0.08475954
0.058064528
0.09731568
0.15076855
0.11383508
0.057940844
0.11325022
0.08159895
-0.031590313
-0.077273145
-0.06637203
-0.06843517
-0.12212777
-0.115339845
-0.046146188
-0.10085614
-0.08232476
0.056150153
0.08773034
0.069898516
0.078137
0.13925341
0.12525994
0.061964072
0.114482164
0.08862103
-0.04630624
-0.070667334
-0.061092652
-0.06881557
-0.14258002
-0.10894224
-0.035284888
-0.11555379
-0.09477009
0.036975734
0.09832674
0.07540418
0.07827944
0.17557244
0.1360479
0.05195895
0.10270938
0.092171215
0.05117696
0.113075785
0.09248629
0.10754365
0.23608898
0.15788968
0.08406856
0.14124562
0.092099786
0.055160195
0.09388961
0.07407764
0.062089536
0.13510682
0.11394209
0.047833707
0.1008336
0.07131672
0.054076202
0.106255025
0.08050264
0.07995112
0.1946424
0.15114585
0.053038195
0.11878662
0.097830005
-0.032866906
-0.07247795
-0.052932285
-0.05830165
-0.14029005
-0.11944821
-0.045720164
-0.11034937
-0.07402018
0.038381338
0.0948286
0.06803233
0.080107234
0.2086355
0.14964429
0.056109596
0.15343064
0.0998824
0.048742708
0.093511865
0.0653817
0.08122893
0.14796105
0.1211303
0.055479456
0.1054739
0.089929216
-0.042117704
-0.07213224
-0.053655487
-0.07062876
-0.15440717
-0.108264446
-0.01890342
-0.11253786
-0.103742234
-0.06065456
-0.100320846
-0.07341238
-0.08113386
-0.13647935
-0.11005676
-0.037975702
-0.09914359
-0.08508975
-0.023436824
-0.07460814
-0.06521005
-0.046212357
-0.14090091
-0.10895647
-0.04228234
-0.08567429
-0.06123341
0.04444141
0.081574574
0.06842038
0.086224504
0.18371786
0.13328516
0.06404093
0.12390908
0.08429447
0.023748908
0.06086034
0.054158993
0.056756295
0.12801692
0.109018825
0.052101497
0.09664265
0.08149225
0.02716177
0.07764961
0.0513313
0.067121394
0.15800992
0.11579348
0.042932536
0.100319244
0.08181596
0.04368411
0.06793404
0.043121498
0.078669146
0.14737727
0.118017
0.05851523
0.11712807
0.100203246
-0.02906481
-0.08445994
-0.06156256
-0.05304484
-0.20003216
-0.1493368
-0.056015443
-0.12796876
-0.110228375
0.030962057
-0.08970286
-0.11742774
0.14434679
0.021197975
-0.15922785
0.13013346
0.11318507
-0.039438758
8.6004064e-08
1.0303132e-07
1.9512832e-07
2.9188817e-07
4.924836e-07
7.4355086e-08
3.7586048e-07
4.037002e-07
1.7545943e-07
0.048941944
0.06689962
0.060254313
0.06712414
0.12169506
0.10337363
0.04629529
0.093316786
0.06045917
-0.01662035
-0.039742023
-0.03675358
-0.05937477
-0.15649694
-0.11780737
-0.044192
-0.1339229
-0.09858179
0.05058582
0.104943514
0.07764891
0.106886424
0.19709943
0.1519645
0.06774162
0.14240983
0.115724586
0.04168097
0.06739635
0.06345028
0.07332027
0.15569662
0.13069572
0.052944
0.1270094
0.09810129
0.040728126
0.07584961
0.06278296
0.0857909
0.14526981
0.12382724
0.06416265
0.12827897
0.10074932
0.061346542
0.016589377
-0.10535783
0.11419171
0.068885185
-0.14010052
0.09815685
0.033431664
-0.1359159
3.683919e-08
-7.671287e-08
-1.9304984e-08
-3.4923353e-08
2.4835614e-08
-1.6980206e-09
1.1118718e-08
2.8866994e-08
9.04828e-08
-0.047951933
-0.07112586
-0.06403438
-0.057100125
-0.15139751
-0.09730802
-0.04777741
-0.119218744
-0.08321245
0.030564882
0.07265747
0.04930423
0.0618495
0.19317262
0.1414735
0.04406075
0.14564149
0.11829812
0.050635368
-0.033269513
-0.11248072
0.13814314
0.09443992
-0.056968454
0.058662277
0.12253625
0.045488607
0.14733584
0.118823804
0.0735858
0.10395929
0.08887404
0.032286953
0.05852876
0.030698653
0.017181164
-0.055973284
-0.07087413
-0.061678942
-0.07499464
-0.10513061
-0.08423429
-0.05054678
-0.09803726
-0.07936495
-0.026157374
-0.044167113
-0.04280869
-0.06791119
-0.14643759
-0.13312021
-0.06653556
-0.12538041
-0.12973014
0.048584267
0.09229676
0.058868833
0.10220832
0.18031153
0.12097413
0.07493829
0.13086084
0.08343465
0.056909863
0.117627315
0.08071054
0.10257902
0.20826903
0.15561417
0.065768465
0.14547405
0.10030643
0.050826464
0.08621071
0.071842395
0.085293464
0.1690289
0.14998871
0.05718975
0.15742068
0.12761909
-0.03873789
-0.087601
-0.04489101
-0.08427297
-0.14532179
-0.07660683
-0.049032178
-0.06366059
-0.023295496
0.03808952
0.086542346
0.064705074
0.07655947
0.1656745
0.1014532
0.056828376
0.11944187
0.06891424
-0.07991103
-0.14050418
-0.043394726
-0.12571928
-0.11845786
0.04757335
-0.032777157
0.059323575
0.10685046
0.06004245
0.098687954
0.06651633
0.08792963
0.18149778
0.11304923
0.05543384
0.10632464
0.074975334
0.10111361
0.122437686
0.046844862
0.13819735
0.22490765
0.14381096
0.053066753
0.15455127
0.14210822
0.02713437
0.107737064
0.08977838
0.09860549
0.19053133
0.13676162
0.09017519
0.13784866
0.085484214
-0.02234572
-0.05754833
0.025432881
-0.12499234
-0.14168383
0.13152364
-0.08289164
-0.046814926
0.11945452
-0.011958718
-0.052512243
-0.041791208
-0.06484601
-0.16901428
-0.11341097
-0.040570833
-0.15325262
-0.11165164
0.06241829
0.10085729
0.063501075
0.10473408
0.19434962
0.12072811
0.06731257
0.12864704
0.085513145
-0.03090091
-0.090024985
-0.07386917
-0.0830033
-0.17645127
-0.13336715
-0.049690522
-0.12051254
-0.09755376
0.07654512
0.0841572
0.021377899
0.098387405
0.17196684
0.120674826
0.042011715
0.12882508
0.12816009
2.953801e-09
3.2474745e-08
6.617616e-08
2.2194033e-08
8.002996e-08
9.6535125e-08
2.3914685e-08
9.887025e-09
2.4582777e-10
0.037295427
0.09227498
0.07813091
0.082068846
0.16431993
0.111114725
0.06522532
0.10121539
0.05546585
-0.019974265
-0.06007849
-0.026345812
-0.04662373
-0.13347606
-0.10528904
-0.040805794
-0.12403349
-0.1090416
0.025663886
0.167289
0.11558098
-0.044332847
0.055278998
0.14699294
-0.08575403
-0.20901175
-0.09643673
-0.037146766
-0.049467046
-0.037747245
-0.046717435
-0.11842877
-0.10753373
-0.063203365
-0.11936893
-0.07278278
-6.442697e-07
-5.2338635e-07
3.452037e-07
-3.2126675e-07
-1.7221019e-07
4.0053578e-07
-2.0047565e-07
3.1918037e-07
2.8679924e-07
-5.805336e-08
-6.3658085e-08
8.796307e-08
-4.521936e-08
4.215294e-08
7.053023e-08
1.8320613e-08
5.865193e-08
-5.2727746e-08
-0.017101256
-0.082154095
-0.084113665
-0.058001816
-0.17298348
-0.13267982
-0.04551053
-0.11810945
-0.09045729
-0.022294791
-0.06492728
-0.08585474
-0.10685044
-0.13461697
-0.1096412
-0.0979455
-0.1252766
-0.055470448
-0.036462937
-0.09002524
-0.06555823
-0.0756983
-0.13951507
-0.10966858
-0.04925265
-0.09746003
-0.08019518
-0.039090633
-0.08894923
-0.07226796
-0.074067466
-0.15209934
-0.121485725
-0.0659955
-0.1158929
-0.094685525
0.033306506
0.07727956
0.060326815
0.0695808
0.19428098
0.1174763
0.07232317
0.1468241
0.10413074
0.034081377
0.105186075
0.10401259
0.11578509
0.22046779
0.15651534
0.117515914
0.16726309
0.086580314
0.009056997
0.055935044
0.054990437
0.05830105
0.15553667
0.12132394
0.057113472
0.13478063
0.085159875
-0.02656487
-0.06377376
-0.049452137
-0.10123839
-0.18115601
-0.121531956
-0.091486685
-0.11362191
-0.080653936
0.05268509
0.0735471
0.0667686
0.07758784
0.13322197
0.12966256
0.07727625
0.14736038
0.13784465
0.03494466
0.063667655
0.056181144
0.08526483
0.16426274
0.12427486
0.047282614
0.12719499
0.09715576
-0.033939295
-0.09843836
-0.05081871
-0.10342146
-0.14184846
-0.098499104
-0.072707474
-0.10873245
-0.06225102
0.05726993
0.08766453
0.07218099
0.09017649
0.14311494
0.119631544
0.055089064
0.1102367
0.0633413
-0.02941782
-0.0799181
-0.0639627
-0.082904436
-0.13907783
-0.107944995
-0.06689778
-0.096730866
-0.05686327
-0.022204095
-0.07011361
-0.069081314
-0.07248576
-0.16411296
-0.14639986
-0.054553255
-0.13488306
-0.105876096
0.031763297
0.09408951
0.08618091
0.064500436
0.1682867
0.14844842
0.06047242
0.11741976
0.10784413
0.0262786
0.057258476
0.045026187
0.073323146
0.14136636
0.11417531
0.06385088
0.11670122
0.09274334
0.034093298
0.0668682
0.060989678
0.07874504
0.13801125
0.1186898
0.064674556
0.11054716
0.0705471
0.056883574
0.1130877
0.087034464
0.08974999
0.21372731
0.16177556
0.060812853
0.13746622
0.1061512
-0.049509823
-0.09830941
-0.06189135
-0.084231034
-0.14571187
-0.11566297
-0.06591479
-0.12091797
-0.07835712
-0.066619754
-0.15955074
-0.077545166
-0.025579715
-0.046585765
-0.05421573
0.084388845
0.18390785
0.10910633
0.03088118
0.07504779
0.049593493
0.067374475
0.13662393
0.108236365
0.05067083
0.09370025
0.07248353
0.04572855
0.053080983
0.018381765
0.10963734
0.14505804
0.06296942
0.08337812
0.117356665
0.060349688
-0.06745192
-0.08056611
-0.014740472
-0.097650096
-0.14624676
-0.1190967
-0.03965356
-0.09941738
-0.116177864
0.022940377
0.064315796
0.058204208
0.05075307
0.15492691
0.14134021
0.058172345
0.13459209
0.107868336
0.020584717
0.20904796
0.17473626
-0.020465303
-2.8744804e-05
0.0060126376
-0.04695887
-0.19260743
-0.12446164
-0.035138756
-0.0829858
-0.044334676
-0.06699279
-0.1547872
-0.13299017
-0.044817436
-0.10351941
-0.08943297
0.037382763
0.080034494
0.05802758
0.076881796
0.14260066
0.11943868
0.05525145
0.12557876
0.100965515
0.01404126
-0.033424098
-0.06275662
-0.0057611577
-0.117659554
-0.15256572
-0.025718724
-0.10060353
-0.12520953
0.056281105
0.10002079
0.07606931
0.087397024
0.1633271
0.13249694
0.071694896
0.12995738
0.10735095
-0.010309065
-0.06570988
-0.06834062
-0.055310432
-0.14923567
-0.14349703
-0.03940259
-0.115893014
-0.0949711
-0.19381988
-0.10458881
-0.04978659
-0.12285597
0.13848953
0.09746883
-0.053134475
0.14649764
0.061439943
0.04067024
0.09441086
0.062709115
0.08117515
0.16920331
0.1338648
0.058917426
0.1314719
0.0913204
0.03156892
0.03285252
-0.06655976
0.12338395
0.08280269
-0.17167695
0.07339759
0.07604486
-0.15665607
-0.044485267
-0.08132166
-0.039463483
-0.076864354
-0.1556569
-0.09157464
-0.069041826
-0.102739036
-0.07452857
-0.045021247
-0.077735126
-0.053810574
-0.073769376
-0.13461974
-0.10859969
-0.04401799
-0.11347779
-0.08922914
-0.039614253
-0.065322556
-0.058829986
-0.07234713
-0.13997589
-0.09326148
-0.04019429
-0.09734139
-0.08583811
0.04278601
0.069712505
0.042028684
0.08389345
0.17409472
0.12865469
0.06203675
0.12566392
0.09228917
0.020346163
0.093384795
0.11049759
0.075577885
0.16888224
0.12979335
0.084596455
0.10955695
0.03947073
-0.020453854
-0.08500461
-0.04425468
-0.06068638
-0.15158968
-0.122754484
-0.037192337
-0.083962366
-0.08484749
-0.045913566
-0.09538409
-0.0664357
-0.08096749
-0.14551298
-0.1166342
-0.046392273
-0.10193104
-0.08483908
0.06851638
0.09632403
0.07676935
0.103622146
0.1978164
0.12378643
0.080159746
0.13457856
0.07216261
0.05354532
0.07961605
0.04975313
0.086360134
0.17555858
0.112818435
0.061154455
0.13003592
0.10042536
-0.068280146
-0.10328153
-0.08497415
-0.09161943
-0.13033359
-0.12144319
-0.05444724
-0.10749825
-0.090545915
0.042528626
0.07977963
0.07137656
0.078093335
0.16551813
0.13548629
0.07140286
0.13907923
0.11034845
0.060223654
0.0786982
0.05853505
0.08320355
0.1592699
0.11888298
0.053538222
0.11176968
0.09272712
0.050219066
0.057904616
0.022299701
0.08801685
0.13212904
0.072622165
0.06691569
0.110134184
0.07058763
0.039395664
0.08153598
0.059754677
0.06921124
0.1741081
0.13028687
0.05014394
0.10623667
0.08131712
5.79612e-07
3.3217387e-07
-2.1285948e-07
3.5299843e-07
5.6845425e-07
9.746485e-08
1.969817e-07
3.0258136e-07
2.3365548e-07
2.5931016e-07
2.1555593e-07
4.0499265e-07
1.8959491e-07
8.1253e-07
7.617472e-07
2.601252e-07
6.5596356e-07
8.873178e-07
-0.029733693
-0.06878844
-0.06284784
-0.066302866
-0.11589021
-0.09326547
-0.057806365
-0.089649275
-0.07300654
0.16430745
0.1660877
-0.028630355
0.15121722
0.04716762
-0.14240916
-0.03831245
-0.14053783
-0.13018434
-0.12058971
-0.070388734
0.040677767
-0.07349648
-0.17450875
-0.084240526
0.040596824
-0.09445477
-0.12820083
-0.022394419
-0.07152518
-0.044758424
-0.063720815
-0.16019675
-0.11878373
-0.053419214
-0.11640883
-0.09657059
0.051368475
0.054153886
0.03984958
0.06109562
0.12183151
0.110875584
0.04248166
0.11943316
0.11221489
-0.036300424
-0.05934121
-0.053081848
-0.0471181
-0.14616485
-0.08778487
-0.038553
-0.09121739
-0.055892013
-0.03674886
-0.08095777
-0.070056915
-0.072958045
-0.1726962
-0.12019491
-0.053449932
-0.09950424
-0.0709719
-0.08443926
-0.20317622
-0.13788338
-0.06807206
0.014496653
0.11669232
0.102425635
0.13914661
0.09114953
-0.011869422
-0.04503796
-0.038951963
-0.052800335
-0.12199677
-0.09875671
-0.04107636
-0.108141854
-0.08636961
0.038943067
0.08960896
0.05977119
0.10435332
0.17599663
0.09495789
0.08867443
0.12941483
0.07478646
0.04489865
0.08945929
0.058842395
0.0836629
0.19863951
0.14615408
0.0673053
0.14313821
0.09714186
-0.015224156
-0.04391209
-0.045002095
-0.050346367
-0.13232172
-0.11888725
-0.048675656
-0.114123024
-0.08324889
0.058245424
0.098132744
0.07027722
0.082416534
0.1673035
0.117807135
0.053824294
0.1126228
0.08183395
0.05358898
0.111373
0.089714766
0.090766646
0.17639287
0.141384
0.0664489
0.13157964
0.10475891
-0.10005505
-0.12686723
0.022428866
-0.106119744
-0.047601566
0.08807573
0.020875318
0.15912928
0.19237876
0.0600026
0.1488355
0.09464342
0.011937017
0.05206872
0.046033885
-0.0935663
-0.17315772
-0.13088523
-0.025451833
-0.06654828
-0.06946405
-0.08377989
-0.14718302
-0.15182638
-0.054280527
-0.10045477
-0.105039045
-0.07844892
0.07399777
0.08127425
0.06842294
0.15032719
0.1198249
0.08688503
0.12613292
0.04551792
-6.187821e-08
-5.7330492e-08
3.0994335e-07
1.3300858e-08
8.316812e-08
1.38487e-07
1.801921e-07
1.5822681e-07
7.5095095e-08
0.103818804
-0.03923937
-0.07221817
0.13233964
0.04935474
-0.15998189
0.085454665
0.08415998
-0.10806915
0.06542954
0.09849782
0.057155263
0.097588316
0.17066361
0.121043816
0.05110464
0.111101575
0.09180477
0.07291128
0.12463498
0.057118908
0.08741211
0.09400794
0.02142597
-0.06411
-0.17258249
-0.184405
-0.020492088
-0.04647178
-0.042425107
-0.051423766
-0.17344944
-0.12951279
-0.045990553
-0.14162144
-0.1261665
0.048147
0.1191738
0.099896014
0.09417626
0.18385912
0.13067923
0.06980171
0.11161285
0.06054308
0.044049308
0.072817
0.057013147
0.07483774
0.1471604
0.117584124
0.052414782
0.11529432
0.08160514
0.04095118
0.07879243
0.058380514
0.08473486
0.1645119
0.14116493
0.060576368
0.13422272
0.10905122
-0.04233458
-0.06919062
-0.065811835
-0.059007354
-0.14466675
-0.12039357
-0.06979642
-0.11910207
-0.08897322
0.03883195
0.08739205
0.06336324
0.08117458
0.1405283
0.111696325
0.04556845
0.111907065
0.089517616
-0.047044143
-0.14347292
-0.10192081
-0.06807301
-0.14441687
-0.10726638
-0.015654726
-0.028094219
-0.021714658
-0.01210152
-0.073755816
-0.07409886
-0.08458984
-0.14997257
-0.1045382
-0.105520904
-0.10966052
-0.026576245
0.055833194
0.09925109
0.08082144
0.08163235
0.1797779
0.12325343
0.054869104
0.13389108
0.088196784
3.7030704e-06
3.7055593e-06
2.262477e-06
2.399662e-06
9.133876e-06
7.047349e-06
2.2208214e-06
5.364323e-06
5.4429443e-06
-0.03216077
-0.06512354
-0.047330845
-0.064980626
-0.16528353
-0.13605742
-0.04355321
-0.14049096
-0.09965301
0.027843075
0.075606026
0.058643427
0.0713898
0.16553101
0.127139
0.06479822
0.12075433
0.081922404
1.7440655e-08
1.03327125e-08
3.689371e-08
-5.547334e-08
-2.3859721e-08
-3.117936e-08
-1.2114121e-08
5.5231865e-08
-5.0576496e-08
-0.024917873
-0.051860366
-0.044229466
-0.068044096
-0.15210627
-0.124708824
-0.04265913
-0.13788714
-0.1142239
-0.040580254
-0.07126148
-0.05900052
-0.07287734
-0.15555386
-0.098051816
-0.07027351
-0.09443264
-0.07331147
-2.002944e-07
-7.696931e-09
-1.4618382e-07
-1.346595e-07
-2.8706225e-07
-3.9424802e-07
-2.5811156e-07
-1.2135145e-07
-1.8887006e-07
-0.03158048
-0.093819946
-0.07096919
-0.07597477
-0.17358276
-0.13196377
-0.064241745
-0.1119921
-0.10374954
-0.036137193
-0.057028282
-0.046630938
-0.06377265
-0.16937818
-0.13753875
-0.05333793
-0.12253251
-0.10986999
0.042611245
0.091085844
0.061232977
0.09357242
0.16931936
0.12399373
0.06438301
0.1223295
0.09744094
0.053696107
0.08797679
0.05210963
0.07919809
0.17364408
0.11793365
0.05109079
0.112192586
0.09439703
0.013676517
0.083737284
0.09509398
0.09458135
0.17505497
0.13093936
0.10986965
0.15002427
0.06110988
0.0496621
0.07972667
0.0591293
0.11151369
0.20587921
0.15137869
0.07447193
0.16690092
0.121549584
-0.048672713
-0.070267454
-0.05257766
-0.07691345
-0.14903097
-0.09669878
-0.059229977
-0.11048742
-0.08531485
0.03767616
0.069059774
0.05026472
0.084618986
0.15543292
0.100378476
0.06166526
0.124580264
0.0822682
0.08240325
0.14663485
0.11132876
0.030549826
0.0118713025
-0.008661595
-0.15472563
-0.2655202
-0.12990853
0.035563562
0.0715979
0.062062718
0.08716866
0.14397562
0.10586304
0.05614464
0.114602916
0.0718402
-0.03600583
-0.11280772
-0.055976022
-0.07504455
-0.13717903
-0.10693024
-0.03757016
-0.098124675
-0.074253865
-0.001940845
0.08646665
0.11255739
-0.066353664
0.041408215
0.15477608
-0.04657449
-0.070297554
0.08146762
-0.049012892
-0.09620401
-0.0666514
-0.079909906
-0.1681908
-0.13011229
-0.06858454
-0.12398101
-0.09659553
-6.6870656e-05
-0.000120278484
-8.486896e-06
0.0002238425
0.00025080773
0.00020908065
-7.0328686e-05
-9.446876e-05
-8.988167e-05
0.09164155
0.13395782
0.0643199
0.11050558
0.22472006
0.16576077
0.03941997
0.14957494
0.15846063
0.04805654
0.09860866
0.06480053
0.092859864
0.18250029
0.1336646
0.06591425
0.15090269
0.10624169
-0.03518093
-0.04439745
-0.05716164
-0.11298078
-0.13408522
-0.072610624
-0.08451462
-0.10887637
-0.08443735
-0.049064368
-0.08200848
-0.056935873
-0.080214754
-0.15641133
-0.11132478
-0.054767154
-0.10541577
-0.06598834
-3.2902015e-08
1.7483927e-08
1.42402365e-08
9.9381694e-08
2.7715918e-08
-6.659445e-08
-3.338226e-08
-7.459569e-08
-4.1543732e-08
0.038661793
0.0824321
0.0700131
0.08468799
0.16802926
0.13303734
0.060296703
0.123868085
0.10076568
-0.032111097
-0.06868329
-0.048731375
-0.057605058
-0.15005709
-0.12401485
-0.043257855
-0.12654725
-0.10237462
-0.08729002
-0.04993227
0.04282948
-0.089163505
0.057430867
0.14402278
0.03823613
0.14062966
0.14107846
0.031162774
0.058699816
0.049270347
0.06887504
0.10092332
0.12091925
0.05957993
0.116006926
0.1159133
0.060780417
0.09402526
0.047132563
0.075867236
0.18609045
0.14070004
0.023085635
0.10881161
0.11673966
0.028139578
0.0647359
0.050110143
0.06332714
0.15299726
0.11790485
0.050804537
0.110778175
0.080041386
0.050569873
0.11186153
0.096047886
0.12737142
0.20301118
0.14969775
0.11725579
0.15197594
0.08523601
0.032375805
0.06828579
0.06601897
0.06943041
0.17323858
0.1500421
0.057551432
0.14526609
0.108775094
-0.051470548
-0.095739156
-0.033371866
-0.09002574
-0.16581641
-0.123287216
-0.045968253
-0.11750602
-0.111212745
2.8970337e-06
9.648788e-06
4.8982542e-06
7.149456e-06
1.3611338e-05
8.473318e-06
3.951622e-06
1.2741865e-05
9.044877e-06
0.028988462
0.08176662
0.06487384
0.08412943
0.17496134
0.1372957
0.06046535
0.11891953
0.08260383
-0.040242385
-0.09146053
-0.062063944
-0.08100376
-0.17727904
-0.11455139
-0.05055895
-0.10598384
-0.072574206
0.05532354
0.10485794
0.06297568
0.09523975
0.192339
0.11869976
0.06212524
0.13299868
0.086756386
-0.04993957
-0.039348133
0.062373992
-0.21341103
0.028188372
0.1759986
-0.14478254
0.056983955
0.12886922
0.044646673
0.06990185
0.05908277
0.07747508
0.16100316
0.12917358
0.05909191
0.12293545
0.10539158
-0.054612055
-0.079859085
-0.045784403
-0.09021873
-0.17363378
-0.11059264
-0.067157894
-0.118386164
-0.07395773
-0.027991274
-0.13545969
-0.07137648
-0.14568776
-0.1367771
0.01719678
-0.08645683
-0.01610623
0.08386683
-0.040648278
-0.071381345
-0.0468087
-0.07255521
-0.14965355
-0.116129205
-0.05457561
-0.11389977
-0.084759384
0.05059849
0.088879965
0.06395353
0.08263714
0.21253355
0.16180438
0.045227744
0.124371335
0.1075271
0.055737134
0.09168039
0.04633267
0.06936951
0.20493525
0.13490361
0.036095593
0.14368287
0.11387209
-0.050326455
-0.063303486
0.10511132
-0.1157641
-0.067741126
0.17404592
-0.06564665
-0.07941959
0.1154623
5.8643076e-07
5.033599e-07
6.379871e-07
3.5814892e-07
4.224751e-07
7.392336e-07
3.5476577e-07
2.1793127e-07
2.982332e-07
-0.018432872
-0.07807523
-0.056498572
-0.06446227
-0.15188454
-0.11156965
-0.029654449
-0.09754072
-0.0821478
0.036871847
0.09020865
0.07027969
0.09797154
0.21410036
0.14930876
0.09038062
0.18175454
0.12668535
-0.035890073
-0.07853952
-0.06153836
-0.065611474
-0.14500289
-0.10435534
-0.05090765
-0.11388655
-0.07600256
-0.036406707
-0.050165173
-0.057960313
-0.04762568
-0.13634807
-0.122328505
-0.057947513
-0.113444835
-0.096579805
-0.024175243
-0.047641728
-0.029791152
-0.09487759
-0.17015272
-0.08912531
-0.07749203
-0.13865809
-0.06100651
-0.022010446
-0.07739412
-0.104796596
0.12397336
0.05605251
-0.1490946
0.15205473
0.1950228
0.018521376
0.05939699
0.101220176
0.07539101
0.09790592
0.20097868
0.15047485
0.06559117
0.15636049
0.11462367
0.04762826
0.0749569
0.056735814
0.06579638
0.1084284
0.106989466
0.05062372
0.09939079
0.08049345
0.04003813
-0.012026306
-0.02168156
-0.038102873
-0.1253035
-0.116753705
-0.054803062
-0.15874474
-0.14684594
0.04288467
0.06561016
0.048625518
0.08192986
0.17065431
0.13161397
0.049747467
0.12847862
0.09428106
-0.022629716
-0.059289604
-0.041046076
-0.055299345
-0.12542266
-0.08800937
-0.052699488
-0.10806338
-0.075975485
2.5854296e-08
5.1429502e-08
-3.511229e-08
5.0660567e-08
-4.3361258e-08
3.2800042e-08
3.613338e-08
6.401016e-08
3.7653518e-08
0.0391228
0.09141879
0.07105978
0.08131321
0.20300364
0.16601546
0.074088596
0.16861033
0.12908418
-0.032390118
-0.0758531
-0.057547405
-0.07568634
-0.1295543
-0.096125044
-0.045197435
-0.10145054
-0.06600259
-0.014185749
-0.051880218
-0.028688317
-0.051731918
-0.16201293
-0.13517854
-0.047690354
-0.12592918
-0.13533701
-0.08152987
-0.11251596
-0.016410813
-0.089303784
-0.17048033
-0.11068435
0.035335544
-0.082489565
-0.1272626
0.09022006
0.1281401
0.08709004
0.04608818
0.08887888
0.05340431
-0.10650972
-0.20184116
-0.14067154
-0.06574869
-0.0758606
-0.04768283
-0.08752029
-0.16446964
-0.11765945
-0.0637032
-0.123209044
-0.09151345
-1.4750863e-08
3.231458e-08
2.1496422e-08
-4.815973e-08
-7.722627e-08
6.79825e-08
-3.4765762e-08
-9.5415075e-08
-1.7977425e-07
-0.038759287
-0.08313699
-0.0599505
-0.07687666
-0.16616507
-0.12910415
-0.05349079
-0.117706455
-0.08913629
0.043527793
0.09682628
0.07342619
0.09580664
0.20819163
0.15431039
0.07391769
0.16083516
0.1185168
-0.05577685
-0.09328711
-0.06959754
-0.08954396
-0.13207872
-0.1112414
-0.065513186
-0.121013954
-0.08388665
-0.039557572
-0.07375666
-0.07058231
-0.068433926
-0.16438235
-0.13392659
-0.044782348
-0.11581316
-0.10859086
0.061480112
0.109213665
0.06381996
0.09101995
0.18776658
0.13439131
0.05059201
0.13245119
0.12693702
0.061099626
0.115688145
0.093407266
0.11692293
0.20520523
0.14068957
0.093707815
0.14433104
0.09333246
-0.044664167
-0.08402911
-0.059932813
-0.07719245
-0.1267981
-0.10932361
-0.06244189
-0.11880064
-0.094974004
0.058926277
0.1051335
0.06719105
0.10922009
0.19577652
0.15997882
0.08020738
0.15293255
0.12735917
0.06421341
0.16263631
0.11679753
-0.04551416
0.060996957
0.11925821
-0.09867668
-0.105616145
-0.11194898
-0.010246311
0.09996861
0.11270697
0.08978605
0.17969052
0.10765667
0.08575051
0.0972452
-0.006289808
-0.039552957
-0.098028354
-0.064088486
-0.08990739
-0.13505973
-0.12945499
-0.049708545
-0.12081095
-0.079295345
0.063245244
0.038324658
-0.13545832
0.14701603
0.07008048
-0.21400598
0.08696637
0.07195225
-0.11903768
-0.028384537
-0.12345575
-0.08054419
-0.058330446
-0.18084958
-0.12220205
-0.05582545
-0.08172326
-0.047082707
-0.05784253
-0.03307813
-0.04324134
-0.112668365
-0.18677935
-0.101981536
-0.07642923
-0.112719305
-0.060951695
-0.0201525
-0.06421178
-0.053686123
-0.058930468
-0.17033723
-0.12157089
-0.036943223
-0.10583783
-0.09032784
-0.036938224
-0.060892425
-0.031657342
-0.08299315
-0.11599778
-0.110238515
-0.038279638
-0.07925973
-0.10432222
0.024571199
0.05297882
0.038969435
0.08338982
0.14931312
0.12898177
0.06255792
0.11722159
0.08098395
0.0239192
0.030243864
0.00660851
0.04603078
0.14040035
0.098293304
0.07575566
0.16423921
0.13993919
0.00031833458
0.0003344533
0.00021880266
0.00018129911
0.00046674573
0.00041326758
0.00030111044
0.00040378264
0.00033092333
