16.727777
47.618999
13.247263
84.604706
79.358925
46.170589
9.608174
23.683300
86.231712
0.001753
45.908642
40.844105
0.000106
71.490959
13.317812
74.337029
28.848524
61.660492
15.103240
33.680984
0.002948
14.624557
17.947012
90.592049
73.389450
75.267372
9.740504
17.231853
18.225706
107.456223
10.600654
101.564743
10.072132
99.585403
69.973030
72.601334
11.018638
84.194290
75.841675
86.522003
50.816715
35.472580
101.129631
46.722721
21.253851
0.011355
84.908127
17.198414
17.096663
55.393375
34.959579
0.000416
134.943985
51.774906
84.690224
99.689262
51.864681
83.107689
94.890434
51.171684
32.110397
0.099424
39.250423
69.013977
9.894880
58.883629
11.161055
15.510111
16.590466
0.016205
48.034042
0.000178
90.212715
12.296119
0.017319
70.500038
80.953720
80.852959
25.649147
19.252235
42.379189
84.930290
78.989647
14.628428
38.191582
78.030838
74.592216
63.102180
85.722984
0.025800
15.594498
68.386749
67.250130
86.721817
15.425864
43.227055
73.531937
92.247574
10.515930
35.957989
11.891808
42.280544
86.891869
0.000059
78.371239
13.779501
0.005317
27.066282
80.449951
47.984501
67.720406
13.232132
86.661949
68.733582
101.091698
78.316345
72.018173
71.474915
19.074455
11.073485
0.000086
17.378069
70.305809
0.071683
68.167503
34.699955
73.703850
78.261360
80.108452
76.228210
14.418662
43.940620
48.637833
81.262909
36.548283
0.001218
88.581253
37.225853
78.001266
0.722155
0.000001
62.693527
69.676384
68.211372
33.445450
32.639462
78.441887
40.457874
11.912150
28.382517
35.225895
11.474739
18.417078
12.353576
84.356155
62.661953
0.004960
32.313564
39.321629
0.000440
106.361000
0.002669
37.278915
98.515862
48.902946
69.793732
0.011151
107.454292
10.875651
92.539146
19.483395
22.659595
41.225361
0.003612
32.701347
52.686142
45.462627
44.078262
36.201748
99.613037
24.036139
107.479797
45.073536
45.051781
15.832257
17.836105
33.474171
57.230019
0.007053
35.518703
19.147408
49.916241
66.587440
48.253586
10.680465
88.250328
54.779079
13.233969
46.973927
59.705967
70.596252
47.508450
11.605484
36.352005
26.122065
78.359261
57.331032
19.478928
37.012581
20.305752
41.140141
72.436539
62.625950
33.760025
23.449947
102.978134
19.667009
80.048241
66.931183
25.348934
66.307922
32.029301
89.893997
36.129406
27.551973
55.011044
83.985779
12.470965
80.829758
0.018808
18.202017
74.296906
75.634773
78.941124
0.002274
84.668846
44.072365
42.037338
125.300095
95.048210
127.817650
47.217361
77.913368
64.031525
84.948105
47.496254
77.619080
0.000049
33.291157
11.214140
59.537498
49.777248
71.297791
39.747326
93.203636
46.183361
50.500252
11.350199
12.370046
56.179985
7.474835
92.129837
39.756729
85.527107
75.677284
68.370964
69.762024
37.721386
58.366550
16.932198
73.632629
12.823156
23.997606
66.521294
73.824081
15.395944
25.374172
57.867039
83.503357
11.561769
22.381701
42.874447
0.000105
47.076435
62.226036
78.520676
78.869644
79.869011
15.448794
42.943077
7.854459
11.088276
49.859322
11.249973
0.002563
78.765709
61.691402
71.608635
33.227169
39.492844
75.728340
32.229290
77.520126
66.879433
0.001731
0.000001
28.436615
15.129277
104.790359
15.355133
58.716984
12.492306
73.243813
38.306267
49.160240
106.011993
74.246941
32.802719
21.078074
35.444050
136.522339
18.732386
18.018557
83.937248
11.117520
66.769379
89.726280
13.620906
82.079430
30.030573
30.721828
19.611994
62.616344
81.758507
21.025656
11.870358
91.308472
10.743196
9.676922
68.586617
82.170631
0.011593
76.205574
83.208771
89.469177
34.938774
29.075953
45.582935
19.594133
37.173306
74.309952
95.673508
63.695770
29.303774
23.575912
79.675987
84.686630
92.943062
17.102539
71.236481
14.920956
74.076134
22.391874
32.581619
19.238077
20.484262
14.903648
60.646782
98.055954
29.685673
59.898270
29.390711
28.380749
63.646019
101.845650
62.982044
55.179188
19.446234
27.508970
19.594082
0.000067
18.318979
42.724300
66.525970
10.857998
110.366547
115.072021
0.006891
108.013084
14.242078
16.780474
28.462683
86.044563
70.982033
64.440514
0.000620
11.493400
22.235353
11.321367
84.530762
11.893414
80.788322
19.538944
9.486997
69.846954
86.057442
26.422256
0.002961
11.056657
12.076144
29.888163
0.069470
79.275444
26.976543
0.000055
94.809097
22.143095
62.433590
74.671890
27.640026
91.597450
32.319084
20.157503
0.000013
78.328125
55.929214
42.063759
19.397200
17.137171
40.647640
0.002676
0.008888
54.433632
24.202805
93.885498
70.313019
57.284157
35.926056
88.962708
10.246930
34.382881
68.918556
50.078033
27.518215
24.860853
79.480949
10.920530
27.250145
99.997810
14.846215
77.377121
88.653473
10.181670
75.382309
14.721652
13.905228
26.623213
19.818460
53.318108
79.221588
11.145381
73.950630
40.697479
16.638250
92.847466
72.338493
36.110607
33.653217
52.635410
72.294243
86.696381
17.071566
74.282257
87.378242
12.039012
80.765739
71.499367
62.875935
9.872345
85.379173
28.809532
82.707039
45.161209
68.037491
95.953514
0.002595
65.757126
27.513861
33.630169
166.759918
31.326603
62.143017
0.000122
88.527237
76.824730
32.159843
59.008419
89.336571
68.932434
0.002146
78.104057
21.868931
77.740685
0.000109
0.000023
15.146166
0.003283
102.713890
85.330818
52.194485
14.346913
72.360443
67.718330
67.733826
62.280170
112.689903
72.924225
53.433960
68.812141
22.191189
31.265905
32.358910
31.993467
46.023891
70.731796
13.985847
20.850233
11.420408
38.285305
77.408951
85.322418
61.885742
88.362282
10.405571
11.631017
116.889442
15.231372
90.619339
55.536602
61.363750
64.535286
0.000003
84.630424
21.552324
73.942940
35.045795
78.468834
34.415859
0.002622
82.154045
51.793976
20.300749
76.293083
61.127785
73.341774
0.002200
82.979256
27.355476
0.001892
13.394384
16.345781
58.966953
32.576324
8.517902
11.662831
18.160816
13.692234
30.258310
25.145340
0.010704
54.558498
115.218048
70.957855
63.706676
70.791389
103.471809
95.247910
21.905588
57.907097
92.284996
12.497590
80.564034
26.726629
11.064286
66.388054
39.302582
0.003037
72.049034
40.824150
37.200191
62.872086
21.626282
9.338529
55.396553
11.299292
19.516598
112.822418
65.481895
65.506523
26.986757
75.375092
61.540211
32.258331
13.549923
19.740328
102.667488
16.200884
17.958767
60.780827
0.002050
60.578491
58.773079
81.368973
103.144302
50.770081
17.873831
94.258034
28.785542
17.800007
102.202019
77.109993
46.562389
74.477470
51.860394
37.968521
91.943947
32.319012
11.783528
36.297920
89.003075
0.020931
0.004883
62.154331
15.947193
0.001663
42.632439
61.815220
10.559476
49.669270
0.001807
105.762215
16.455099
78.142845
11.295932
61.238022
79.329781
34.105946
51.559208
68.162834
79.984077
12.284265
0.000451
80.957321
0.000076
10.998026
31.950182
95.251755
0.000452
98.487213
12.234691
0.101541
54.622715
22.900360
84.843422
85.446167
44.178127
23.213247
11.871168
10.813171
21.402046
94.141365
7.066943
17.578056
21.702013
10.159340
0.002051
40.369095
42.767090
44.532639
42.417084
73.985550
48.678360
11.408547
72.495102
15.070116
10.068352
22.019724
33.546047
61.826527
16.197453
11.936781
79.115204
14.670359
79.506813
19.981302
0.001806
70.598022
19.638979
17.476299
11.377256
92.639153
43.959328
11.026405
40.704868
90.631805
8.268531
74.509491
65.618492
49.974319
41.667599
59.136894
14.374254
0.001896
8.947560
85.100983
66.698181
95.501900
13.306808
78.947159
78.696198
11.568852
84.207695
41.811268
11.285087
30.502302
71.755989
15.806747
33.522381
78.641022
67.565384
35.263107
101.999634
11.203574
0.072001
17.183270
68.855606
12.798993
50.204323
34.913960
12.333437
77.860954
18.190302
0.000132
79.392761
9.690035
38.783894
74.047173
9.358726
17.722984
44.865238
83.835960
35.580616
16.282085
49.122311
0.002156
92.288628
50.455650
33.033672
85.062897
30.241596
101.231384
0.002182
50.378708
40.811825
44.439732
30.554199
37.222145
34.049030
55.218925
54.754784
15.909810
82.551048
67.630287
70.956749
62.522655
35.476639
87.367767
0.000670
23.801737
99.178566
80.060081
62.176861
10.386009
93.586617
86.187729
0.002818
107.028481
93.077423
32.846680
66.520676
116.277031
64.831444
9.781800
12.662271
78.758514
49.268814
48.327194
0.000029
10.821154
10.564699
91.103928
19.874844
0.001606
77.500160
56.308533
31.213945
40.586552
14.531951
23.999329
0.001365
23.335981
14.610730
38.592972
0.001785
28.622236
60.694435
45.817657
42.629223
37.545265
26.407282
45.015003
7.961799
66.776176
14.209749
30.208067
130.294189
80.830223
39.463963
91.236618
115.650063
55.851715
17.943348
34.796852
15.062978
20.598438
26.803885
23.813393
33.705555
52.561539
92.913544
10.412627
33.185688
85.988884
0.000511
91.459457
10.399167
75.680565
24.338879
34.355915
18.192211
82.709816
56.409878
15.432076
29.239655
76.713570
79.088585
80.248314
56.182526
93.419083
12.721799
0.002411
62.427738
73.650230
13.922716
17.161205
76.630836
75.006950
72.697716
0.276914
39.832733
65.245178
44.344296
95.020088
72.652283
45.057392
27.671232
71.765694
30.706430
51.811707
49.412434
63.528706
71.506516
19.995070
31.063780
36.262691
0.006073
72.812614
19.410927
58.401691
15.793834
30.159208
66.097786
34.876881
73.634315
49.527164
72.628288
69.002083
11.968188
0.007890
75.082413
81.766899
57.129734
0.001387
11.133023
53.684509
18.303854
47.957504
25.617332
84.217194
0.001609
13.493136
81.199059
9.838008
21.211721
92.519745
81.209869
38.045357
46.988899
32.680962
15.488642
63.421989
74.566132
0.000296
38.681721
16.819494
13.171931
81.694466
25.276644
30.755915
38.163574
87.446198
77.382469
31.095064
29.591581
34.718159
85.029854
0.000367
69.382324
37.277695
0.000900
56.960041
30.081007
26.951912
73.435959
0.000485
82.696335
30.242014
66.459213
26.800575
79.546417
59.449661
96.813141
60.789387
0.002822
19.512911
119.593689
53.862614
36.074207
42.387722
72.297401
0.000972
31.862183
0.011742
103.495995
13.125085
100.216759
68.785439
40.924351
96.675316
78.869026
78.273148
8.058077
75.822105
30.632584
36.381832
66.914337
11.653542
20.300222
28.965656
46.699242
0.002280
96.542686
65.147301
82.396637
28.604458
0.002932
85.057289
83.899429
21.309826
71.370071
68.428566
50.222237
44.698387
74.727570
64.504333
71.856812
73.713692
48.068077
13.098498
17.715611
15.995273
69.787224
8.948443
90.813728
51.637329
79.987312
66.924713
48.161964
75.548462
0.006465
33.795139
12.926333
26.097588
53.688210
13.511415
0.014188
72.933502
77.526527
72.625725
94.737770
42.065617
37.943878
9.823121
6.894307
