0.21701474
0.14347005
0.2642094
0.24739435
0.27330834
0.28174594
0.27573115
0.28772342
0.0924917
0.26952597
0.27046078
0.33252537
0.3219948
0.27935028
0.18803085
0.117777765
0.27662218
0.2868617
0.2389538
0.24883217
0.22481292
0.2439701
0.23712903
0.3012198
0.28247213
2.8429607e-08
0.28539392
0.04167589
0.25294816
0.2990981
0.24572048
0.058119472
0.07049153
0.37541664
0.29420528
0.12474131
0.23847538
0.2649049
-2.7462029e-08
0.29783115
0.15075423
0.20939665
0.34718835
0.10081669
0.26344442
2.9120051e-06
0.2279885
0.30020586
0.27902886
0.3165362
0.2772208
-7.6498715e-08
0.25132656
0.32846788
0.13275307
2.1716858e-06
0.2826838
0.09691915
0.14883205
0.16790833
0.27701852
0.25381568
0.21954624
0.35222173
0.1667052
0.26651224
0.27406716
2.9082528e-07
0.3000084
0.31360692
0.24955902
0.3012603
0.31066704
0.27397323
0.31120372
0.28485802
0.31267756
0.115027584
0.27464157
0.32142588
0.29197276
0.27313983
0.27574164
0.118811
0.11106537
0.31615537
2.7556728e-06
0.29395628
0.23322316
0.31801373
0.24663499
0.259298
0.24755034
0.3403938
0.2512364
1.6570857e-06
0.35940808
8.851506e-07
0.29120627
0.2303345
0.23182926
0.38471958
0.280659
0.282567
0.27853903
0.28557342
0.25368592
0.280383
0.2907257
0.25123256
0.16837175
0.101599246
4.8965245e-07
0.15965128
0.33297685
0.3168947
0.2688776
0.29061
-1.12460874e-07
0.30336535
0.27284005
0.31077597
0.10413824
0.28704816
0.33630067
0.11576288
0.23310675
0.3094742
