0.00062761246
0.0005234014
0.0010847278
0.0006518425
0.002273036
0.001237957
0.00053282763
0.0011445587
0.0012148035
0.0034579332
0.00040412525
0.0005785277
0.00027640216
0.00016456493
0.00037132116
6e-45
0.00024999017
0.0006071906
0.0002683958
4.0256935e-05
0.00080208306
0.00025478544
6e-45
0.005305267
0.0036342691
0.00080159673
0.00050906633
0.0024595815
0.0004927438
0.0004143925
0.00043481064
0.0006773489
0.0010917484
4.3102656e-05
0.0027361796
0.00026575432
0.0007847896
6e-45
0.00055334944
0.0015520386
0.00036198524
0.00032142355
6e-45
0.0003567244
0.0028749949
0.0020379033
0.00051992113
0.00025043153
6e-45
6e-45
0.0026816083
0.004910978
0.00011205252
0.0002925923
0.0006367848
0.0002651736
0.0004823636
8.45057e-05
0.0010372933
0.000540392
0.0001571752
6e-45
0.000796046
0.0004741663
0.00066525105
0.00060904823
0.00046229817
0.0010902574
0.0004201379
0.001024948
0.00022759484
6e-45
0.0005772699
0.0012098757
0.00097373757
0.0002487051
0.0015421731
0.0014378044
0.005557784
0.00040377316
0.00029593345
0.00021609734
0.0017394375
0.0008573361
0.00021624833
0.00071063254
0.00017823196
1.1579473e-37
0.00070491835
0.00033360696
0.0006147964
0.0004758669
0.00029261812
0.0006560498
0.00031148575
6e-45
0.00024463332
0.0005468118
0.00022773413
0.0011601932
0.00022477323
0.0006823323
0.0006173617
6e-45
0.00025570826
0.0003097419
0.0015153871
0.0010652349
0.00058550015
0.00023618806
0.0008319165
0.00025928748
0.0025191454
0.0009857513
0.00083064137
1.8392246e-05
0.00028563265
0.0006050449
0.0023432232
0.00071554177
0.00043931714
0.0006213101
0.0004440664
0.0007767572
0.00028190017
0.0010509571
0.0025897387
0.000512078
0.0007700192
0.00053377595
3.372613e-05
0.0010191094
0.0002882275
1.3935144e-05
0.0004901955
0.00040862075
0.00035679078
0.00017161036
0.0010013797
0.00034832966
0.00092835474
0.00043581863
7.285214e-36
0.0004569568
0.00055408553
0.0001349308
0.0004059208
0.0002486555
0.0025859238
0.0007497282
0.000548744
0.0005884
0.0005652956
0.00061985845
0.00055050943
0.00032524535
0.0003183303
0.0004394107
4.560301e-05
6e-45
0.0010084613
0.000695929
0.00018695439
0.00032950594
0.00023613361
0.00090748427
0.0014809854
0.00096912525
0.00039419078
6e-45
0.00056899356
0.000395735
0.0005063196
0.0011919163
0.00023649685
0.00022577534
0.0003711633
0.00037589748
0.0010500445
0.000943009
0.00037870972
6e-45
0.00026112352
0.0010463921
6e-45
0.00047529576
0.0004402423
0.00055150257
0.0006088642
0.0012258184
0.00069470913
0.0008223682
3.4269855e-05
0.00074848847
4.948706e-05
0.001463015
0.00026860504
0.0024012015
0.0005277455
0.00048204974
0.00034278922
0.00041560977
0.0005544644
0.000279818
6e-45
0.0010457125
0.0007737036
0.0005203686
0.0017804401
0.00025414512
0.0012705879
0.0001369907
0.00068613724
0.0006141856
0.0003049834
0.00011093362
0.0022400797
0.0005151518
0.0011717408
0.0007922111
0.0008212655
0.00021565116
0.00046467435
0.00014247952
0.00048817124
0.0005291443
0.0004943968
0.00032078597
0.00056734594
0.00041412527
9.726857e-05
0.00048516179
0.00048542314
0.00032315133
0.0001955053
7.00664e-05
0.0003718049
0.00044390294
0.00035809702
0.00016684091
0.0010191464
0.0004715237
0.0018108722
0.0005864028
0.0008002606
0.0007440979
0.0004532967
0.0007187811
0.00044234897
6e-45
7.388606e-05
0.002113135
0.0021635075
0.0016413422
0.0036982954
0.00012049668
0.00025477036
0.00045007473
0.00053525605
0.00028567514
0.00072307006
0.00057633594
0.00033578125
3.0303752e-05
0.00043661214
0.00026835455
0.0011463247
0.00010733298
0.015172876
0.00031188235
0.00057382474
9.213854e-05
0.00281455
0.00050833035
0.0013639039
0.0005566551
0.0016121
0.00059867545
0.00033872586
0.0007275224
0.0012401926
0.0008508515
0.0041931807
5.3127635e-05
0.00076662167
6e-45
0.006169751
0.00049741
0.00021418078
0.00038311203
0.00043891545
0.0008153617
0.0011925963
0.0008893484
0.00048788037
7.186879e-05
0.0009994353
0.00051482127
0.0005945775
0.0005135064
0.01493854
0.00015810621
0.00017527364
0.0011115185
0.00022932504
0.00070866325
6e-45
0.00048827333
0.00091201434
0.0006742474
0.0003495288
0.00045143155
0.0010019266
6e-45
0.00018685088
0.00076993986
0.00011770998
0.00037451557
0.0010820947
0.00062982197
0.0007144349
0.00047601186
6.8842915e-33
0.0010825724
0.0010191165
0.00064564985
0.00018433073
0.00035654323
0.0005183552
0.0005485945
0.00047205546
0.0006810029
0.00022254472
0.00067396276
0.00037481275
0.00041329366
6e-45
0.0007758528
0.0011863312
0.00011694161
0.0006090947
0.00065499614
0.0003096687
0.0022337725
0.00037929695
0.0009531011
0.0003747917
0.0003100522
0.00060548674
0.00030308618
0.0014920379
0.002188394
0.00028333362
0.0005825475
0.00042348838
0.0002878941
0.0006208129
0.00015557406
6e-45
6e-45
0.0004043355
0.0013466196
0.00065887335
0.004038674
0.0022593709
0.00032693593
0.0001725556
0.000539842
0.001036177
0.0005872026
0.00044220965
0.00015962674
0.00037592108
0.0005719313
0.00033059675
0.0006666353
0.00040567212
0.00038021876
0.00017506738
0.0009962192
0.0006045188
6e-45
0.00033076204
0.0001839616
0.00037370963
0.00033776375
0.000665135
0.00010269397
0.00079731527
0.0003656762
0.0004233031
0.00093380024
0.0012258571
0.00021915259
0.0009490511
0.00044477906
0.00038445691
0.0007992783
0.00059564994
0.0011113404
0.0005124999
0.00027260982
0.00040570338
0.0006308879
0.0007694703
0.00093783764
0.000467208
6e-45
0.0010508585
0.0009304587
0.00010080779
0.000550317
0.00036303644
0.0013360729
0.0003142286
0.00064899743
6e-45
0.00037136435
0.0013563478
0.0039610076
0.00063190144
0.0001949371
0.0007861531
0.0016403177
0.0005822405
6e-45
0.00041127874
8.578364e-05
0.00075192883
0.00027305158
0.00038811588
0.0002763162
0.00061548734
0.00050673157
0.00062908593
0.0010508858
0.00036119655
0.000425812
0.00030930183
0.00040172072
0.0006036608
0.0037442623
0.0004916955
0.0004981238
0.0007352818
6e-45
0.00033258038
6e-45
0.00036021433
0.0003120708
4.7207606e-35
0.000644336
0.00037980842
0.00053103524
0.00057593663
6e-45
0.0006169747
0.0012701902
0.0003084085
0.00044670847
0.0005149412
0.000805366
0.000424292
0.00033138064
0.00022329357
0.0001907234
0.00077275286
0.00012851706
0.00048907835
0.00059506705
0.00031793438
0.0002569237
0.00081495603
0.00018446297
0.00030202884
0.000224638
0.0013939741
6e-45
5.9936057e-05
0.0006034968
0.00059209374
0.0008953229
0.0004868911
0.00039045283
0.006732904
0.0005721366
0.00029753824
0.00043406265
0.00031944783
0.001072603
5.307181e-05
0.00045174884
0.0004216653
0.0013578137
0.00048355054
0.0005881521
0.00016249073
0.0005507693
0.0003611822
0.00025204234
0.0007828671
0.00071898627
0.0033483263
0.0005055965
0.0009575971
6e-45
0.00052759564
0.0008813329
0.00045031123
0.00062749605
0.00037311425
0.0005167106
