0.1183483
0.52374506
0.25495157
0.16632096
0.22631644
0.5245757
0.20008639
0.1594305
0.28492907
0.34760743
0.52338415
0.25674284
0.6223617
0.17769358
0.19128822
0.8327948
0.16499162
0.07413959
0.19580442
0.17274162
0.115436725
0.14942956
0.14178741
0.24665122
0.23261344
-5.822253e-08
-0.24138631
0.4461088
0.3010935
0.08542656
0.20667827
-0.009860356
0.32920513
-0.031961977
0.041174237
0.13202602
0.1414186
0.2790911
-1.611838e-08
0.48293877
0.4709584
0.4652328
0.28828448
-0.18035273
0.2034933
-6.33143e-08
0.20464645
0.385558
0.23365963
0.4701871
0.20740084
-1.38027385e-08
0.1592079
0.055126805
-0.07996201
-4.931093e-08
0.2004972
0.48083985
0.13854545
0.23448683
0.22263832
0.21074428
0.08531306
0.6903225
0.016578672
0.50794303
0.25034577
-8.106901e-08
0.16556484
0.030168489
0.21377933
0.269729
0.0038727575
0.1639252
0.37025607
0.06521731
-0.03601688
-0.017962173
0.3411738
0.39582366
0.43989617
0.4049555
0.11956118
0.01817103
0.14301112
0.28004584
-1.3340485e-07
0.20678349
0.10450561
0.20995565
0.1915986
0.15932935
0.1335772
0.30668613
0.43747434
-3.427786e-07
0.285983
-1.5482509e-07
0.62258875
0.19622672
0.16785106
0.19309826
0.25588545
0.285958
0.27280647
0.4123792
0.17624852
0.1167936
0.8029355
0.17657328
0.32653767
0.45067465
-1.1634757e-07
0.18165405
0.24263033
0.2453801
0.20513596
0.07919793
-7.496826e-08
0.23290697
0.2630034
0.27511328
0.5879273
0.21759255
0.076083854
0.04523049
0.22949275
0.1397051
