0.232876
0.305021
-0.169005
-0.229501
-0.020884
0.144164
0.080961
-0.210731
-0.377816
-0.080046
0.174555
0.077612
0.069534
-0.214678
0.184187
-0.000000
-0.411366
0.160608
-0.262222
-0.342144
-0.224814
-0.151470
-0.000556
-0.162836
-0.193869
0.222615
0.105497
-0.449713
0.295127
0.147323
0.218548
-0.174724
-0.000755
-0.225616
0.161890
-0.014853
0.091672
-0.000000
0.333159
-0.279626
-0.005126
0.229425
-0.000004
0.003829
-0.358111
-0.178397
0.103297
-0.304570
-0.000000
-0.000000
-0.463529
-0.312912
-0.196235
-0.170678
-0.007014
0.070829
-0.147428
-0.326179
-0.311649
0.242089
-0.109883
-0.000013
-0.045529
0.347166
0.118974
0.123867
-0.054255
0.357896
0.168026
-0.188097
-0.247213
-0.000000
-0.297471
0.441341
-0.172131
-0.213108
-0.258744
0.303876
-0.314493
-0.066260
-0.034709
-0.013447
0.112831
0.180676
0.206019
0.001440
-0.299406
-0.000000
-0.227531
-0.081122
-0.060626
-0.206054
0.095115
0.094863
-0.320201
-0.000000
-0.329875
-0.228213
-0.404899
0.111720
0.249395
0.091238
0.121829
-0.000000
-0.280975
0.066088
-0.124793
-0.145824
-0.006454
-0.369844
0.229339
-0.264977
-0.614845
0.245105
0.110103
-0.331783
-0.055891
-0.041209
-0.314291
0.058214
0.083647
-0.351092
0.149623
0.064078
-0.077604
-0.350228
-0.266937
0.226978
-0.054278
-0.376220
-0.056363
0.010487
0.084522
-0.197313
0.084148
-0.115412
-0.010841
-0.165197
-0.001571
-0.297431
0.248349
0.112381
0.000000
0.201040
-0.368139
-0.073144
0.102128
-0.133299
0.103062
0.259076
0.234391
0.102121
-0.113422
-0.018079
-0.092504
0.216498
0.138412
-0.218268
-0.233988
-0.000006
0.069478
-0.181528
-0.085155
-0.317259
-0.226762
-0.269359
0.352403
-0.287485
-0.439315
-0.000000
0.085608
0.216515
0.064234
-0.005763
0.010915
-0.070542
-0.010812
0.061511
0.122443
0.231222
-0.005821
-0.000000
-0.176197
0.319811
-0.000001
-0.063872
-0.184563
-0.172915
0.230227
-0.005854
0.207364
0.218540
-0.294592
0.064375
-0.166852
-0.098129
-0.116114
0.134340
-0.309480
0.153620
-0.081162
0.088482
-0.224221
0.099516
-0.000000
-0.152996
0.008714
0.138049
-0.173869
0.109488
0.323559
-0.398840
0.129546
-0.500701
-0.245092
-0.193884
0.520904
0.155327
-0.364411
0.158595
0.086385
-0.401824
0.131414
-0.146197
0.021123
0.075008
0.112989
0.088830
0.008011
0.182599
0.065813
0.014268
0.114320
-0.129926
-0.033435
-0.004530
-0.086199
0.160220
0.061022
-0.043235
0.150923
-0.112538
-0.403624
0.168073
0.132482
0.030638
-0.223596
-0.021726
-0.121528
-0.000000
-0.111365
0.020753
-0.303264
-0.037511
-0.031664
-0.001265
-0.210961
-0.067638
-0.019679
0.082253
0.163226
0.229318
-0.071401
-0.360436
-0.142105
-0.158633
0.053675
-0.155142
-0.179404
-0.464997
-0.044863
-0.075510
-0.174719
0.027045
0.098055
0.315841
0.039154
0.063997
-0.320758
-0.090608
-0.193570
-0.386027
0.325877
-0.031749
-0.656356
-0.000000
0.117694
-0.153894
-0.310935
-0.079769
0.051461
0.171360
-0.199961
-0.044703
0.129070
-0.126045
0.361806
0.262906
0.074189
-0.373989
-0.155931
-0.053030
-0.094366
0.174099
-0.286301
0.053372
-0.000000
-0.239196
-0.070473
-0.102270
-0.384528
-0.434466
-0.375085
-0.000000
-0.227744
0.186102
0.076474
0.139188
-0.213392
0.128306
-0.388639
-0.134693
0.000000
-0.249366
-0.380983
0.315090
-0.400842
0.257452
-0.255038
-0.059405
0.376593
0.051754
-0.365509
-0.212871
-0.035371
-0.087100
-0.000000
-0.133202
0.213589
-0.095839
0.221544
-0.308655
-0.033067
-0.379092
-0.062605
0.235802
-0.023023
0.152845
-0.267156
0.024551
-0.099201
-0.107277
0.115564
-0.178499
0.152112
-0.135933
0.096278
-0.533141
-0.000006
-0.000000
-0.277585
0.460074
0.187130
-0.450351
-0.024534
-0.320586
-0.073937
0.196372
-0.152405
0.108758
0.007526
-0.402058
-0.281381
-0.110548
-0.203549
-0.223616
0.149410
0.274483
-0.018338
0.034308
-0.074177
-0.000002
-0.139660
-0.084661
0.036800
-0.045921
0.089521
-0.358057
-0.079673
0.097807
-0.209505
0.245028
-0.257876
-0.262330
0.061705
-0.194797
-0.352137
0.018948
0.221302
0.182065
0.096065
0.094223
-0.174747
-0.114291
0.211191
0.133549
0.212280
-0.000002
-0.103121
0.189852
-0.055157
0.235021
0.242357
-0.465951
0.042423
0.110484
-0.000000
0.171830
-0.285568
-0.515927
0.181698
-0.106366
0.140368
-0.357372
0.133516
-0.000001
0.023002
0.012311
0.201967
0.130717
-0.333466
0.188185
-0.081188
-0.191927
0.264464
-0.139086
0.181868
0.262000
-0.471662
-0.029217
0.119370
-0.216050
-0.017945
-0.154554
-0.145425
-0.000004
-0.148901
-0.000000
-0.117918
-0.353513
-0.000000
0.245496
0.018149
0.189945
-0.015159
-0.000000
0.061468
-0.215484
-0.191060
-0.118939
-0.008941
-0.129105
0.102294
-0.109625
-0.144244
-0.066981
-0.003822
-0.163403
-0.005992
0.163812
-0.271878
-0.435378
0.084359
0.156635
0.145490
-0.010562
-0.062496
-0.000000
-0.202234
0.036537
0.205838
0.302595
0.006244
0.102621
-0.177281
0.185341
-0.125898
-0.300313
-0.264341
-0.164382
-0.554979
0.157050
0.088802
0.215706
-0.312501
-0.221732
-0.064701
0.134179
0.038266
-0.449198
0.050508
0.263025
-0.480239
0.044675
0.049264
-0.000000
-0.019570
0.054440
0.184432
0.024874
-0.299383
-0.083935
