3.290382
1.583679
0.000385
1.549993
3.100309
1.484373
1.712800
1.504779
3.362921
4.608909
1.419184
3.057800
2.840721
2.473679
1.535287
2.386253
5.197923
2.240497
2.642981
2.397332
0.001874
0.001113
0.000265
2.701509
0.002874
4.107896
5.496733
0.000003
0.002658
2.306859
3.018781
1.261171
2.238380
0.000323
1.105394
1.423954
1.426508
4.011383
3.627885
1.333195
2.478833
3.204525
3.336505
2.751936
4.589990
4.404009
0.000204
1.579315
5.658065
0.000760
3.889130
3.377926
3.418528
0.000007
4.958283
1.912553
2.126438
2.876991
2.349765
4.036736
3.022394
3.085901
1.512019
1.133252
