0.935980
1.038748
0.836927
0.803760
0.000123
1.065313
1.069756
0.932556
0.792476
0.820535
0.905612
1.120516
-0.000129
0.875073
0.872395
0.781925
0.818099
0.717722
1.072612
0.790285
0.821618
0.748037
0.701225
0.662951
0.948268
0.689815
0.776073
0.000481
0.518890
0.914922
0.682102
0.683236
0.714979
0.611493
0.000005
0.942619
0.841216
0.884326
0.858272
0.870013
0.996686
0.001500
0.744409
0.786795
0.620362
0.698423
0.928051
1.079440
0.783745
0.901289
0.956241
0.644626
0.871883
0.837904
0.839005
0.827432
0.829044
0.575781
0.809223
0.898855
0.734610
0.353172
0.739232
0.958034
0.000189
0.000433
0.811126
0.645111
0.925694
0.641084
0.003104
0.484001
1.169681
0.810045
0.918957
0.921739
0.867854
0.660617
0.000003
0.001505
0.879980
0.860181
0.843991
0.930049
0.910199
0.861916
0.811702
0.925976
0.745835
0.798111
0.886253
0.916318
1.089716
0.624688
0.946868
0.919696
0.000014
0.892364
0.782783
0.818222
0.774434
0.025096
1.119595
0.862644
0.844093
0.943127
0.720281
0.802391
0.000141
0.408439
0.804181
0.621074
0.776581
1.005268
0.893562
0.000151
0.865129
0.767004
0.000121
0.822043
0.785473
0.893203
0.679010
0.722775
1.171446
0.705441
0.746836
0.121533
1.040313
0.855618
0.953596
0.845782
0.000145
0.870841
0.686702
0.836664
0.639214
1.008476
0.883430
1.022300
0.735087
0.794501
0.884389
0.341443
0.769687
0.731947
1.015510
0.637990
0.978294
0.935268
0.031166
0.939321
0.705240
0.793765
0.770218
0.986086
0.747889
0.957810
0.879423
0.928501
0.758521
0.910368
0.780618
0.911628
0.544750
0.797149
1.014723
0.711899
-0.000184
0.813483
0.854000
0.998401
0.300621
1.078055
0.668628
0.935304
0.682444
0.747294
0.790249
0.699544
1.046226
1.109494
0.745140
0.826370
0.748612
0.910986
0.682773
0.780123
0.722416
0.937004
0.896764
0.938912
0.782009
0.751553
1.005008
0.718581
0.825427
0.946446
0.818223
1.016539
0.876307
0.839262
0.000019
0.856508
0.707945
0.697579
0.962404
0.792183
0.532559
0.842177
0.933941
0.970834
0.854298
0.866281
0.784066
0.741713
0.827903
0.711169
0.761502
1.072079
0.724385
0.836981
1.016797
0.934574
0.740362
0.752644
1.056699
0.961249
0.637012
1.027110
0.921103
0.792521
0.798777
0.002127
0.790931
0.890792
0.700940
1.122226
0.815874
0.591286
0.977729
0.695528
0.785724
0.650169
0.869433
0.935075
1.068830
0.783997
0.775979
0.838251
0.918408
0.850167
0.939919
0.754640
0.992891
0.589644
0.945530
0.861617
0.965460
0.675142
0.811053
0.306751
0.947803
0.817185
0.753574
0.803990
0.801797
0.849303
0.920261
0.933266
0.890862
0.965767
0.735436
0.868674
0.754027
0.903189
0.881073
0.966137
0.990307
0.801890
0.792431
0.837655
0.979036
0.774946
0.745742
0.996748
0.759377
0.000329
0.905588
0.000034
0.694211
0.853408
0.868927
0.604722
0.682681
0.788694
0.792374
0.049824
0.862691
0.453748
0.768764
0.959825
1.125404
0.686051
0.829727
0.146141
0.957414
0.681466
0.552063
0.846395
0.822796
0.904826
0.985389
0.731819
0.967279
0.976701
0.415392
0.855530
0.927684
0.945182
0.922968
0.865717
0.850357
0.792131
0.208396
0.664382
0.958527
-0.000350
0.758712
0.811071
0.535684
0.980509
0.838827
0.962021
0.575495
0.692503
0.628371
0.000015
0.861852
0.898896
0.611476
0.743655
0.895028
0.073035
0.493680
0.790859
0.789343
0.987509
0.659836
0.833803
0.933709
0.939097
0.892075
0.831956
0.685981
0.037911
0.702326
0.947263
0.855438
0.752335
0.814637
0.692366
0.763503
0.597490
0.944143
1.006896
0.911707
0.660140
0.805815
0.842893
0.851181
0.757403
0.711709
0.803487
0.825020
0.815245
0.000387
0.887698
0.947382
0.498522
0.823446
0.358845
0.769710
0.993777
0.914373
0.927871
0.975436
0.796210
0.872650
0.307400
0.659667
0.865418
0.950740
0.694045
0.796265
0.736156
0.978339
0.979376
0.785156
0.002135
0.891624
0.818179
1.121947
0.935714
0.983233
1.074756
0.764097
0.870200
0.759574
0.944949
0.919038
0.000539
0.872843
0.736322
1.023711
0.902186
0.874974
0.666148
0.713990
0.718720
0.959140
0.815249
0.846890
0.790461
0.706413
0.000004
0.492231
1.013464
0.707610
0.716738
1.023867
0.900276
0.857859
0.393164
0.846083
0.916768
0.874073
0.583667
0.981467
1.053777
0.907284
1.020733
0.661334
0.728047
0.857037
0.764579
0.997577
0.749209
0.678269
0.612453
0.773949
0.724042
0.971479
0.867534
0.868198
0.849316
0.722122
0.376547
0.737428
0.880244
1.001127
0.860293
0.796057
0.785284
0.974434
0.963511
0.826014
0.725249
0.939471
0.819523
0.839649
1.089790
0.969221
0.739722
0.803239
0.973604
0.826892
0.793041
0.553060
0.780601
0.761300
0.859708
0.672461
1.034126
0.891519
1.026335
0.676716
0.890249
1.220571
0.807047
-0.000096
0.709837
0.855107
0.875114
0.797590
0.885130
0.783377
0.739748
0.862063
0.694350
0.867297
0.859660
0.734518
1.061350
0.773656
0.858264
0.852482
0.777835
0.879191
0.960380
0.925319
0.789085
