-1.1811351e-06
-2.1870963e-07
7.9922864e-07
-2.0940229e-06
-1.9680515e-06
4.818553e-07
-1.2713924e-06
-1.3769679e-07
1.8268099e-06
0.8646014
1.7607307
0.8203014
-0.03644914
-0.07334378
-0.11570859
-0.8031339
-1.6961163
-0.67293906
-0.020525679
-0.57117194
-0.050492678
0.002882938
0.84712195
-0.087746575
-0.03038454
-0.030194918
0.023880586
0.51321507
0.40699056
-0.22038141
0.23928735
0.18868238
-0.27305532
-0.17619501
-0.30663773
-0.3856171
0.085248016
-0.2337075
-0.5026727
-0.2110445
0.16497532
0.47188896
-0.498357
0.3394548
0.728898
0.0064535365
0.08638554
0.12437285
0.04567709
0.45518962
-0.8459236
-0.023391545
0.03433348
0.05078725
1.2682292
-0.27476332
-1.0372628
1.9965373
-0.28198913
-1.6282288
0.58808225
-0.118623234
-0.4999861
0.09207909
-0.3579813
0.39557454
-0.62423146
-0.96031445
1.0590526
-0.45878318
-0.23607218
1.0274915
5.130536e-07
7.5240916e-07
4.7238527e-07
6.17004e-07
1.8595962e-07
4.300146e-07
4.1144682e-07
5.0761603e-08
2.997211e-07
1.9508869e-07
1.1068338e-07
-1.4707224e-07
-1.0442458e-07
-2.9180177e-07
-5.483292e-07
-7.41274e-07
-3.5902178e-07
-2.480495e-07
-3.4754063e-08
2.6221022e-07
2.0548298e-07
2.495036e-07
3.4593032e-08
1.9439925e-07
-1.6462151e-07
3.3067323e-07
-1.3704676e-08
0.2520653
-0.20975535
-0.23455396
0.8083904
-0.068495125
-0.93810797
0.664753
0.1615153
-0.38358268
0.37029836
1.2292274
1.2901772
-0.31741932
-0.24063998
0.23620886
-0.2313141
-1.3837066
-1.0170183
6.680864e-08
1.3876813e-07
1.11733456e-07
1.3302072e-07
3.033061e-08
3.6648597e-08
4.435486e-08
4.4504713e-08
9.751476e-08
-1.7179462e-07
-4.7500507e-08
1.2691297e-07
-8.037368e-08
-8.529749e-08
-5.701056e-08
-5.381074e-07
-4.6114644e-07
5.143336e-09
-0.013822672
0.05633426
-0.022893403
-0.04183743
-0.12474636
0.752043
0.04493084
-0.046824757
-0.6585677
-0.0154612055
-0.080735035
0.032746464
0.0939762
0.7465977
-0.7507329
-0.052949507
-0.111536525
0.12202422
-0.057826415
-0.1913179
0.33178866
0.084555455
0.57480323
-0.6300584
-0.012053043
-0.058036443
-0.15751724
0.5718372
0.6701526
-0.63405937
0.23887868
0.3690031
-0.27222097
-0.5640627
-0.15907772
0.09811676
-0.21094005
-0.0017146823
0.016914895
-0.07374492
0.3029307
0.62174404
-0.2525286
-0.06488302
0.12031399
0.11798633
0.11642649
-0.27417198
-0.036174316
-0.09033589
-0.3471235
0.12111892
0.026268728
0.13325986
0.22214632
-0.23434027
-0.35355482
-0.19628793
-0.039372128
0.24334425
-0.3022049
0.3219023
0.6550163
1.9285517e-08
-1.6497695e-07
1.4057522e-07
-2.3133067e-07
1.17840464e-07
1.9791287e-07
-1.533403e-07
-3.9282156e-08
9.5947385e-08
-0.016360283
0.089545235
-0.029382698
0.03291151
0.7414343
-0.25716165
0.029601699
-0.6350866
0.036994614
-0.038349055
-0.5848777
-0.44971746
-0.060615756
-0.18091986
-0.41676563
0.11158644
0.9190268
0.6192037
-7.501753e-08
-7.21785e-07
8.948886e-08
1.9487007e-07
-4.618125e-07
-5.8946404e-07
-1.2206942e-07
-1.0198646e-06
-3.4849074e-07
-3.4231693e-06
-4.111289e-06
-3.3016195e-06
-3.7944176e-06
-3.4668867e-06
-3.0094216e-06
-2.726159e-06
-3.112761e-06
-2.0777795e-06
2.720541e-07
3.429281e-07
1.7333515e-07
-6.0547656e-09
5.7747076e-07
-8.856496e-09
3.6750595e-07
1.51833e-07
-1.2662036e-07
0.031392634
0.029413154
0.092468925
0.09717355
-0.89009416
0.23362382
0.053158462
0.15293652
0.112404026
6.241251e-09
1.7776955e-07
1.2035213e-07
1.8688556e-08
-1.12871554e-07
1.6214778e-07
1.339627e-07
7.9601556e-08
-1.8035175e-07
0.21544999
0.40069425
-0.39092746
0.27623856
0.32524022
-0.12378892
-0.35643706
-0.17429452
0.15493105
-0.03294238
-0.12295809
0.06021288
0.06312807
0.91296494
-0.6327064
-0.034557506
-0.16210371
-0.0065617096
