-0.203352
0.274219
-0.272098
0.299729
-0.000000
-0.128174
0.260396
0.234212
-0.081661
-0.150982
0.132496
0.327352
-0.000000
-0.087408
-0.358217
-0.273105
0.378233
-0.030453
0.273431
-0.025606
0.211331
-0.500406
-0.451715
0.267646
0.316071
-0.253117
-0.316155
-0.000003
-0.339012
0.116068
-0.094787
-0.036852
-0.671565
0.057237
-0.000000
0.263392
-0.139793
0.311141
-0.136884
0.340923
0.137372
-0.000000
-0.104775
-0.151317
-0.161233
-0.279799
-0.197512
0.311605
-0.270609
-0.148289
0.274830
-0.000607
0.372630
-0.118673
-0.005283
-0.324041
-0.023764
0.035704
0.391023
0.340089
-0.133767
0.940352
-0.132968
0.152323
0.000002
-0.000000
0.280630
1.059605
0.144673
0.367564
-0.000000
0.647828
0.330099
-0.177223
0.289098
0.249605
-0.093554
-0.732610
-0.000000
-0.000000
-0.029677
-0.208419
-0.037652
-0.055044
-0.204153
-0.057755
-0.049920
0.325032
-0.267211
-0.119981
-0.296742
0.150322
-0.205744
-0.269926
-0.055671
0.223861
-0.000000
0.041170
0.255058
0.365702
-0.157389
-0.000008
0.235824
0.300290
0.308422
-0.091809
-0.113974
-0.250535
-0.000001
-0.719413
-0.198709
0.223266
0.658515
0.168352
-0.118792
-0.000000
0.378146
-0.067016
0.000000
0.190370
-0.114112
-0.078572
-0.218117
-0.254593
-0.673733
-0.166199
-0.096861
-0.001523
0.169492
-0.408972
-0.004445
0.461305
0.000000
-0.249961
-0.222666
-0.096713
-0.240692
-0.269387
0.420059
0.333997
0.330743
0.323014
0.300957
1.000801
0.543330
0.378703
0.253173
-0.665255
0.271143
-0.218578
0.001215
0.424418
-0.208279
-0.125561
0.436317
0.354483
-0.405329
0.280913
-0.107669
0.377572
-0.241424
-0.203286
-0.101182
0.312037
0.339769
-0.080883
0.265683
-0.265354
0.000061
0.328976
0.317151
0.199598
0.815863
-0.134187
-0.011630
0.394294
0.448311
0.195618
-0.057364
-0.260537
0.131934
0.517461
0.136187
-0.165222
0.310518
0.410207
0.382223
-0.335569
0.082770
-0.397019
0.347214
0.315961
-0.447017
-0.288586
0.280676
-0.211188
-0.096815
0.423651
0.642701
-0.162090
-0.174748
-0.090260
-0.000000
0.441928
-0.160629
0.320680
-0.306708
0.431737
-0.017728
0.138040
0.531033
-0.181352
-0.056655
0.300209
0.372890
-0.067949
-0.085373
0.410506
-0.127009
0.090485
0.695488
-0.107641
0.238142
0.430087
0.359029
-0.349106
0.359606
0.484264
0.637797
0.154890
0.294689
-0.074129
0.370958
-0.000000
-0.149100
-0.098273
-0.462089
0.299431
0.201749
-0.316987
-0.454428
-0.025692
-0.068623
-0.217537
0.295168
0.340682
0.063753
-0.269548
0.383551
-0.139788
0.456928
-0.122962
0.332842
-0.134985
0.145347
0.027242
0.406007
0.437372
0.380929
0.416253
-0.260701
0.911247
0.318830
-0.290257
-0.133893
-0.028501
0.381943
-0.094990
-0.258711
-0.050244
-0.194721
0.319470
-0.245234
0.239535
-0.298449
-0.158872
0.382464
0.480686
0.422282
-0.188136
-0.255018
-0.013380
0.256411
-0.148579
-0.218170
0.169559
-0.203046
-0.000000
-0.283894
-0.000000
-0.135422
0.072991
0.309531
-0.200629
-0.334677
-0.378502
-0.181920
-0.000278
-0.193427
0.731386
0.430224
0.325374
0.449405
-0.088245
0.204660
-0.002567
0.221196
-0.108505
0.514440
-0.090068
0.390967
0.322212
0.333751
-0.255606
0.259246
0.319588
0.981269
-0.173823
0.433406
0.059572
0.187767
0.412028
-0.268714
-0.302691
0.954430
0.342148
0.246989
-0.000004
-0.216897
-0.281174
-0.613295
-0.223914
-0.094579
0.322844
-0.009535
-0.095392
0.325583
-0.000000
0.452315
-0.209344
0.096460
-0.333920
0.293234
-0.014230
-0.536994
-0.098456
-0.151861
0.322717
-0.195232
0.453670
0.338018
0.338083
0.162491
-0.190031
-0.223658
-0.000042
-0.226780
0.299731
0.481575
-0.108154
0.376867
-0.129711
-0.360402
0.014683
-0.241515
0.267020
0.496656
0.361830
0.369660
-0.037341
0.427562
-0.420137
-0.325076
-0.191427
-0.213955
0.493010
0.000000
-0.096756
0.278909
-0.046304
-0.209496
0.771846
-0.109518
0.463928
-0.206008
0.213556
0.337077
-0.310217
0.259548
0.807824
-0.081700
-0.281764
0.272863
0.573357
-0.234191
-0.275072
0.163996
0.383897
-0.046619
-0.000000
-0.267898
0.398955
0.298150
0.296825
0.453750
0.167164
-0.038707
-0.153777
0.350081
0.211395
0.451116
-0.000002
-0.172247
-0.444558
0.319888
0.375743
-0.040868
-0.200041
0.550631
-0.112969
0.241239
-0.296972
0.336097
-0.203080
0.106970
0.000000
-0.033419
0.269553
-0.021846
0.444208
-0.077681
0.463005
-0.197393
0.738890
-0.499175
0.457307
0.379644
-0.414668
-0.005775
0.306885
0.313124
0.102564
-0.035656
0.349879
-0.076760
-0.218828
0.429538
-0.297484
-0.182516
0.266838
-0.171132
-0.145161
0.287792
0.296948
0.398011
0.292775
-0.121651
0.688985
0.412168
-0.110878
-0.225173
-0.101680
-0.008422
-0.152199
0.281844
0.477043
-0.109681
-0.266139
-0.054574
-0.327452
0.279736
0.408436
0.423308
-0.009203
0.390439
0.417933
-0.287704
0.383722
-0.082368
0.200084
-0.338859
0.437132
-0.320394
0.103336
0.280557
0.093374
0.374379
0.494418
-0.206873
-0.061020
-0.000003
0.411848
0.327637
-0.094008
-0.098631
0.295678
-0.067946
0.177827
0.428259
-0.094141
0.441201
0.287185
-0.408939
0.311285
-0.121696
-0.009172
-0.044355
-0.133931
0.317808
0.588775
0.502715
-0.172740
