29.457584
27.385630
28.970110
29.779148
28.620247
27.263342
-0.000000
28.729008
30.505230
27.697180
28.083702
28.623991
27.315464
28.414557
28.818197
27.480118
0.000000
27.197311
30.016787
28.818096
28.181677
27.715385
28.779991
27.333036
28.992537
29.126373
28.524471
27.839861
29.287745
29.001080
28.068144
29.083694
27.307022
29.199907
28.754519
27.202124
27.768845
26.554447
28.444304
28.204430
28.441467
29.611824
27.883106
28.346090
27.621405
28.734735
28.938936
27.411076
28.362041
29.586504
28.979860
27.822866
28.106794
29.451771
27.679058
27.607407
26.308844
28.006353
28.283882
26.441341
29.680239
28.769926
28.494841
28.801340
29.742180
27.704859
29.404612
28.036562
28.101112
28.809378
29.282948
29.513136
28.908344
28.780512
28.902412
28.520649
27.105642
27.920273
28.233164
30.392014
30.681801
28.731009
28.494522
28.973522
28.499819
27.044367
27.071953
30.224817
29.744875
28.707930
28.791597
28.611252
27.622929
29.158199
27.625820
27.965363
27.697962
0.000003
0.000004
26.564047
28.091541
28.285387
28.945562
27.132517
28.414042
27.864553
27.824875
29.021894
28.876865
27.961386
26.919037
30.558422
28.126442
27.031563
28.665640
29.290689
29.602938
28.062529
27.769665
27.549212
30.201771
27.274147
27.906332
29.688038
27.830133
27.333124
28.896338
29.465862
29.309717
27.158188
27.327898
28.441402
27.535648
27.932621
28.671892
26.786133
27.782015
29.397072
29.183508
27.961597
27.946274
27.298742
27.113335
28.774624
28.993933
29.374378
29.312603
28.562561
28.577208
29.639397
29.646393
28.181601
28.079496
28.979424
29.622192
26.722494
28.595160
27.397463
28.275805
29.024717
29.431772
26.776920
28.716471
29.753597
28.672192
28.404949
30.077486
28.407660
29.105124
26.819723
27.145716
0.000005
29.298256
29.575594
28.315878
28.465567
29.937233
28.530388
29.188480
28.538277
28.074593
30.552668
28.838717
28.349562
29.274994
30.612782
28.186495
29.078863
28.392523
28.808132
29.971724
27.288187
27.256001
29.850599
27.945799
27.939915
28.859520
30.009249
28.347559
28.760628
28.036606
30.156836
27.454189
27.717674
28.092756
30.305880
29.448271
28.748194
28.417130
27.420942
28.011114
28.010836
28.940023
29.392590
29.588501
28.446041
28.382851
28.614204
30.006598
28.709902
27.737480
28.250475
27.166567
27.764553
28.702578
27.525164
27.223558
28.187946
29.077084
27.837296
28.727678
27.913235
27.465631
28.140676
27.330000
28.383183
28.311991
29.206125
28.070795
27.554071
27.843197
29.366913
29.734957
28.389612
28.536413
28.186016
28.537954
27.230125
26.784452
28.014633
28.429319
31.070267
27.530581
28.276684
28.775047
27.386515
27.764029
28.575962
30.002209
27.367580
28.230904
26.977388
27.327518
28.730406
26.809204
27.109421
26.824787
28.889826
28.736521
27.037434
27.323961
27.786268
28.511452
28.669710
28.441256
28.456329
28.679605
28.449356
28.014437
29.589466
29.607668
30.431044
27.775927
27.825941
28.193239
27.780359
28.602583
29.004641
28.847549
28.574373
29.951681
27.379370
29.312336
28.832453
26.427336
28.245497
26.802244
28.725754
27.937510
28.311520
27.707535
28.522354
27.820604
28.425062
28.156357
29.306751
28.125546
29.278198
28.700634
28.513494
28.088102
29.060410
26.956762
28.503035
28.740141
28.327896
27.997889
28.570358
27.921982
26.793797
27.071199
28.344242
28.983610
27.681429
29.581026
27.540953
28.036880
28.003563
28.532492
28.557934
26.497332
27.004356
28.244886
28.538582
28.832079
28.232376
29.181004
27.876980
28.929111
28.292458
28.120651
29.428062
29.031109
27.911091
29.222292
28.493971
27.706959
27.630577
0.000007
28.175703
29.066284
28.813643
28.020639
28.347881
28.271086
27.975706
27.643148
27.491798
28.397245
27.254755
29.239838
27.075808
27.296547
30.273746
29.570286
28.866983
29.527205
28.933161
29.001869
27.441711
30.374870
28.196283
26.299932
26.682079
26.831614
28.182312
30.867458
28.676701
28.647188
27.770014
29.442898
29.044840
27.520525
27.146667
27.639931
28.615578
29.053007
29.460842
28.178463
28.165768
27.741394
28.998085
28.191799
29.303217
28.033295
29.809038
28.825680
28.283960
29.884171
29.741751
27.173008
28.940596
27.973902
28.743557
27.991549
28.702942
28.033644
28.033270
27.400824
28.074188
27.757692
27.762917
28.549278
28.242483
28.271238
27.697393
26.734743
26.372684
29.427412
28.407906
28.425055
28.858654
30.502241
0.000002
29.610416
27.484375
27.401838
29.750795
28.003429
28.246338
28.417412
27.779472
27.422850
27.353756
27.388123
27.557529
28.314632
28.113659
28.205994
27.906460
27.921555
27.772726
27.417032
28.635164
28.178736
28.475412
27.768633
28.654045
28.658016
27.364983
28.939734
27.522099
29.233402
25.684036
0.000006
28.760931
28.765049
28.870682
30.191647
28.514900
27.652515
29.090792
27.961546
28.719517
27.703545
28.339367
29.413555
28.157663
28.141500
26.922993
28.412329
26.110310
29.479305
26.080027
28.404444
28.006886
27.022921
28.158493
28.601181
29.209682
27.518116
26.074886
26.298349
30.339853
27.272156
26.764988
28.559521
27.926960
29.580612
26.502180
28.832840
29.556894
29.455572
27.945944
28.021542
28.102739
28.972889
28.248604
28.487118
29.177963
28.669563
27.860159
29.040081
28.549536
26.914408
28.884718
27.881092
29.656288
28.004374
28.169373
28.876541
28.740843
27.750406
29.298876
28.134907
28.610703
28.736250
29.153931
27.598206
28.660259
28.335312
27.571560
28.358973
28.463594
28.467964
29.146166
27.092173
26.246227
28.136341
27.614225
29.253248
27.938278
28.154734
29.002577
28.325968
28.762455
27.241604
27.303221
29.045479
28.710068
27.900640
28.529770
28.137112
29.201401
28.613113
29.243042
28.490507
29.470982
30.086937
27.731222
28.024431
29.897377
28.026989
28.187172
28.393913
28.795958
28.437174
27.207500
29.508015
28.238928
28.317413
27.444996
27.755959
29.029509
27.465107
29.343184
28.687128
27.807785
27.342226
28.245853
28.176739
26.918474
28.915863
-0.000000
28.967772
27.873022
27.790552
27.967239
28.715622
29.565342
28.035332
29.485889
27.284260
29.611393
27.937134
28.701115
28.982067
28.350023
27.941557
29.048948
27.883131
29.315983
26.761852
27.163250
28.846775
31.740587
28.275579
27.760515
29.315020
29.233583
28.066879
28.250877
29.585819
28.024746
27.823900
28.563107
29.851679
28.717342
26.627514
28.582533
28.448690
28.794760
28.158648
28.619488
27.067612
28.661190
29.097458
28.445087
28.632738
29.092012
28.071367
27.025124
30.023708
27.466709
27.468935
27.438290
28.354280
27.505804
28.383547
29.753115
26.850859
29.161812
28.203012
28.972513
28.624781
28.339170
28.857012
27.920923
27.792452
29.541359
27.865868
27.842876
29.309496
27.796270
28.192356
28.778774
27.622854
28.172432
29.234385
27.730827
26.664412
29.389091
28.940880
28.573614
29.416080
27.552786
29.927101
29.794113
29.528465
28.240885
27.650858
29.072441
27.503845
26.181189
29.028299
27.409792
28.629927
29.117815
29.650482
27.721338
27.259001
28.527044
28.092579
27.848047
29.780594
28.657516
27.827267
29.790428
28.095516
27.734421
28.970198
27.300556
0.000005
27.863789
28.314753
28.449381
27.911551
28.515261
28.492990
29.590357
27.849064
27.593058
28.141888
27.757698
28.312773
28.227966
28.204950
28.280909
27.599293
29.672155
28.150036
28.816601
28.450981
28.080639
26.852587
28.450476
29.348907
28.125950
28.057312
27.755577
26.508463
29.838947
28.090582
28.303406
28.222717
29.335680
28.752426
27.092186
27.258965
28.068588
27.294741
28.137053
29.332790
29.578142
27.799944
28.730919
28.211905
29.605177
29.214458
28.647642
30.080915
28.455097
26.851397
26.277029
28.783632
28.071478
29.220430
28.061449
29.745434
28.009405
26.612144
28.577034
28.556675
28.530886
27.553024
29.322781
29.670158
29.054636
27.265654
28.952093
28.435087
26.862757
27.805740
28.234879
27.872995
27.454054
25.781927
27.237724
29.003214
27.455448
27.768263
29.082802
28.748152
29.058964
29.991838
27.821341
28.136597
29.581383
28.828920
28.867239
29.126665
30.566158
29.672338
28.226961
28.204775
28.433516
29.920288
29.748903
26.658863
30.198048
28.096506
28.743992
28.886034
27.727520
27.341045
29.370333
29.660410
27.310259
30.189108
28.785982
27.425428
28.546881
28.878540
28.671055
26.324640
27.797201
29.594097
29.643835
28.068794
30.313019
26.675409
27.969093
28.423569
28.927507
27.928942
28.655767
30.621107
28.011333
27.590540
26.578579
29.955011
29.093967
29.049587
27.047323
29.656898
27.572884
29.388344
30.237833
27.832428
28.710669
29.410814
29.550783
27.233187
28.326435
27.816811
29.617882
29.351837
28.848751
27.801682
28.360878
28.813759
27.639097
26.113956
27.695755
30.601097
28.084124
28.363464
29.160702
27.176815
28.967958
30.417892
28.668951
29.457735
30.505415
30.748047
30.019117
27.788225
27.722757
28.611776
28.813410
27.899530
27.105869
28.974388
28.622824
27.782028
27.245478
28.055225
28.073519
28.893068
29.849537
27.271099
29.477905
29.502708
27.870773
27.576923
28.560823
27.989296
29.697475
28.891102
29.187740
28.742466
27.896006
26.328817
29.240068
29.006264
27.411539
27.896574
28.134689
27.988697
27.814232
28.829798
27.962418
29.507032
28.634472
28.319153
26.915583
29.076284
26.687698
27.841850
28.780668
27.867451
27.360807
29.641226
27.283873
28.008022
28.349165
28.226574
28.765450
27.550882
28.766197
28.296995
29.461111
28.017200
27.777025
29.483252
27.702118
28.431177
28.423706
29.801977
26.497952
28.516291
29.339092
29.147507
28.115963
30.056200
27.637436
28.687159
27.618397
27.855976
27.879368
28.224537
27.916283
29.446846
26.965996
28.284157
29.505369
28.134010
27.741291
26.684792
27.312227
27.593008
27.717863
29.579784
28.565475
27.518661
28.799541
28.961332
26.663038
29.024822
28.172747
28.963953
28.721268
28.193834
28.243967
26.644323
28.973610
27.631248
27.477104
27.733843
29.204554
29.880074
26.665216
28.391102
29.553377
0.000019
28.333454
30.089592
28.152119
29.187595
28.053076
28.493437
27.375639
28.187376
28.690323
28.135824
27.110140
28.658888
27.565960
27.050755
28.063208
28.932779
28.249090
28.191835
29.549793
27.238831
28.605865
29.708067
27.876919
27.703903
27.732933
27.856262
28.825640
30.918859
28.143688
27.969496
28.912266
28.793180
28.363361
28.205612
29.197510
29.285080
27.534203
27.163000
28.307426
29.536386
27.377884
28.132137
29.076679
28.461798
29.816099
27.831097
26.785473
28.928743
28.645948
28.156963
28.879433
29.443333
27.657036
29.425138
27.834419
28.262999
28.494085
27.766270
27.537964
27.428068
28.284916
28.142269
29.132334
28.584270
27.960289
29.696598
29.183617
28.286180
27.089384
