0.004808865
0.03366945
6e-45
0.036741525
0.006223244
0.04802441
0.030818356
0.0476779
0.0061769723
0.0075103687
0.030312806
0.057109732
0.028960438
0.014498403
0.03055584
0.020458285
0.004652934
0.008901388
0.011293896
0.03267891
6e-45
6e-45
6e-45
0.010224088
6e-45
0.009975858
0.005019569
6e-45
6e-45
0.01598499
0.0054300143
0.079208314
0.016019654
6e-45
0.09344925
0.041078184
0.044094227
0.0075435597
0.010029748
0.05246539
0.009027441
0.003646547
0.007985811
0.005221901
0.005874875
0.0051317797
6e-45
0.048931345
0.0025208185
6e-45
0.00588278
0.009430656
0.011626277
6e-45
0.0028976568
0.05451144
0.023066524
0.022510648
0.012613849
0.008210151
0.06483414
0.0064747236
0.18617392
0.07649878
