0.173921
0.451011
0.359617
-0.010683
0.001000
0.442985
0.281221
0.005211
-0.009143
-0.000000
0.455711
0.344455
0.000000
-0.007429
0.152224
-0.007688
0.399713
-0.012348
0.361981
0.416800
-0.000000
0.093698
0.387379
-0.017645
-0.010801
0.001870
0.248281
0.192106
0.007306
-0.002170
0.176696
-0.009452
0.199429
-0.008369
0.550948
-0.009080
0.176136
-0.013987
-0.005335
0.004926
-0.034078
0.379469
-0.007501
0.337331
0.338771
0.000000
-0.011550
0.315082
0.191752
-0.013811
0.405943
-0.000000
0.010631
0.378259
-0.009329
-0.008885
0.460378
-0.008983
0.001642
0.426998
0.409634
-0.000082
0.404599
-0.100060
0.205428
-0.013094
0.283483
0.161681
0.313094
-0.000009
0.221788
-0.000000
-0.017042
0.165533
-0.000002
-0.010947
0.267714
-0.005973
0.404459
0.272722
0.421983
-0.009313
-0.003671
0.167321
0.430196
-0.010358
-0.013333
0.444347
-0.007612
0.000004
0.262545
-0.009276
-0.011723
-0.002725
0.172912
0.444159
-0.011839
-0.009672
0.333671
0.435664
0.166610
0.410940
-0.000171
-0.000000
-0.007266
0.183483
0.000000
0.406222
-0.012937
0.477911
-0.011554
0.196749
-0.013006
-0.013827
0.003243
-0.004524
-0.014601
-0.009955
0.003836
0.210397
-0.000000
0.212269
-0.013654
-0.000016
-0.015243
-0.018684
-0.010817
-0.011920
-0.013116
-0.009701
0.205773
0.447025
-0.011623
-0.009237
0.427127
-0.000000
-0.016075
0.259206
-0.006418
-0.000162
-0.000000
-0.003340
-0.012268
-0.016992
0.489558
0.257430
-0.003497
0.420012
0.398688
0.335676
0.327476
0.179752
0.157457
0.368753
-0.008787
-0.011291
-0.000002
0.227411
0.348891
0.000000
-0.001408
-0.000000
0.359053
-0.006661
0.252090
-0.008011
0.000001
-0.009243
0.201183
-0.011426
0.196032
0.278046
0.411364
0.000000
0.369870
0.420439
0.392347
0.411288
0.402150
-0.008522
-0.014193
-0.004458
0.420073
0.352761
0.358406
0.007641
0.455032
-0.014351
0.000001
0.398033
-0.008457
0.475823
-0.016947
0.422353
0.216166
-0.007485
0.499652
0.216906
-0.019330
0.403853
-0.012950
0.247174
0.154859
0.393455
0.371711
-0.015985
0.339548
0.152426
0.424153
0.004402
0.440949
-0.063440
-0.010828
-0.015410
0.244919
-0.009427
0.309330
-0.004815
0.000399
0.179112
-0.011176
0.417847
-0.010232
0.377546
0.375170
0.428425
-0.008288
0.318849
-0.006676
0.000000
0.228903
-0.001530
-0.014787
-0.005283
-0.000000
-0.008341
0.232008
-0.009416
-0.000374
-0.005354
0.001380
0.468340
-0.020561
-0.013818
-0.009890
0.436773
-0.009912
-0.000000
0.393121
0.211475
-0.011220
-0.004673
-0.006736
0.367342
-0.012595
0.404674
0.417594
0.184987
0.183936
-0.057298
0.156820
-0.005850
0.444069
-0.006722
-0.009574
-0.010917
0.361860
0.304459
-0.019035
0.016394
-0.015525
0.005848
0.454107
-0.010249
-0.016637
0.174994
0.411538
0.248768
0.005327
0.333349
0.250727
0.265908
-0.000000
-0.015442
-0.012957
-0.008205
-0.011668
-0.004497
0.185131
0.461331
0.988790
0.296312
0.451192
0.301220
0.000000
-0.005311
-0.012400
-0.008419
0.416028
0.414324
-0.013984
0.338409
0.422806
-0.016079
-0.000000
-0.000000
0.349131
0.194306
-0.000996
0.320840
0.245176
0.314306
-0.002177
0.423682
0.396812
-0.002790
-0.019587
0.429006
0.179490
0.384038
0.001577
0.014027
0.145067
-0.010536
0.240345
-0.014255
-0.022181
0.184047
0.000406
0.337009
0.408448
0.005086
0.009190
-0.009326
0.347771
0.325336
0.006196
0.314772
0.252124
-0.009450
-0.002783
0.000007
-0.004470
-0.013929
-0.010193
0.407105
-0.034433
0.390222
0.210656
0.418963
-0.008680
-0.005918
-0.010530
0.407456
0.335429
-0.008302
-0.016835
-0.005587
0.492460
-0.013004
0.415349
-0.076161
0.167267
0.397512
0.003707
0.303105
0.305238
-0.007889
-0.009340
0.405613
0.003088
0.337419
0.416921
-0.008245
-0.003907
-0.008990
0.340708
0.455873
0.005841
0.010274
-0.000000
0.301034
0.399671
-0.015562
0.256327
-0.007984
0.005783
0.000003
0.002098
0.200942
0.314958
0.175433
-0.009512
-0.073023
-0.014282
0.000000
0.367510
0.161914
0.171919
-0.005703
0.313223
-0.008691
0.192759
0.290257
-0.016939
-0.009663
0.330483
-0.000000
0.317437
0.174702
0.330016
-0.000015
-0.007311
0.415009
-0.000000
-0.008287
0.012554
-0.006083
-0.007287
0.377939
-0.014467
0.410575
-0.174267
-0.000000
-0.016299
-0.010085
0.387434
0.418396
0.160875
0.426654
-0.000000
0.000003
0.387493
0.219551
-0.006934
-0.006780
0.450086
0.402792
-0.012096
0.330746
-0.000369
-0.010135
0.446431
0.412604
-0.024942
-0.009557
0.251794
0.404037
-0.008409
0.194031
-0.017632
-0.012623
0.293508
-0.012489
0.262328
0.231620
0.001944
0.486803
-0.013542
-0.008827
0.230549
-0.012071
0.300455
0.209362
-0.005683
-0.005035
0.418655
0.384259
0.366959
-0.053948
-0.015514
0.162012
-0.033539
-0.005889
0.185431
-0.007359
-0.005818
-0.017810
0.210656
-0.008131
0.429013
-0.008228
0.455989
-0.023569
0.317759
0.000000
-0.008914
0.406133
0.393620
0.031425
0.418963
-0.012221
0.000000
-0.010414
-0.008049
0.394566
-0.014183
-0.004197
-0.015981
-0.000000
-0.010185
0.416187
-0.015767
-0.000000
-0.000000
0.178956
0.000000
0.009247
-0.001610
-0.016145
0.178366
-0.012172
-0.015434
-0.013066
-0.010124
0.003692
-0.008076
-0.011752
-0.011462
0.003334
0.394634
0.425757
0.212870
0.464103
-0.007744
0.147309
0.195527
0.009189
0.381954
-0.005948
-0.018990
-0.008838
-0.013853
0.194698
0.017700
0.367889
0.196306
-0.001247
-0.018338
-0.002283
-0.009603
0.000000
-0.013904
0.339609
-0.004638
0.381410
-0.006795
0.263657
-0.000000
-0.006013
0.348320
0.008301
-0.011866
-0.015094
-0.008746
0.000000
-0.002149
0.199043
-0.000000
0.204716
0.160888
-0.013389
0.409141
0.288498
0.199279
-0.140314
0.241879
0.406611
0.421576
-0.000000
0.369412
0.009064
0.000623
-0.010726
0.231899
-0.013725
-0.002864
0.196301
-0.051278
-0.012450
0.236940
-0.006062
0.399721
0.237593
-0.013762
0.407922
-0.000000
-0.006724
0.432840
0.397812
-0.014438
0.382448
0.246556
0.301265
0.342394
0.374518
0.000875
-0.010430
-0.016681
0.419299
-0.020192
-0.011653
0.449023
0.144467
0.512563
-0.001514
0.369588
0.183004
-0.013980
-0.000000
-0.014431
-0.036710
0.018539
0.003120
0.417430
0.165733
-0.004686
0.231608
0.278640
-0.001257
-0.010347
0.450919
-0.007103
-0.017751
0.385456
-0.143991
0.314030
0.175486
0.447138
-0.011787
0.000003
0.000001
-0.006408
0.001535
-0.000000
0.431360
0.433188
0.301393
0.466656
-0.000000
-0.019046
0.190552
-0.010889
0.222715
0.001693
-0.012753
0.415702
-0.016045
-0.005034
-0.003736
0.350576
-0.000000
-0.001024
-0.000000
0.224916
0.395616
-0.000122
-0.000000
-0.011005
0.165085
-0.000039
0.473731
0.189036
-0.009037
-0.005920
0.489509
0.317073
0.282511
0.190467
0.328434
-0.010230
0.399604
0.165830
0.351510
0.244059
-0.000000
0.474583
0.421018
0.414943
0.398445
-0.111094
0.281754
0.162513
0.003313
0.368111
0.186210
-0.014544
0.190268
0.460339
0.015608
0.368623
-0.010741
0.178437
-0.007685
0.271818
0.000000
-0.013572
0.156976
0.259891
0.338627
-0.001615
0.470283
0.203810
0.409452
-0.001867
0.197626
-0.004747
-0.014735
0.392797
0.372772
0.426526
0.410734
0.000001
0.186182
-0.010170
-0.007709
-0.007401
0.016787
-0.009219
-0.017636
0.175891
-0.000494
0.410951
0.347034
0.404988
-0.012666
0.311544
0.447631
-0.004909
-0.011995
0.450241
0.000138
0.215643
-0.000003
0.368269
-0.009186
0.248103
0.360237
0.364806
0.275286
0.277938
0.373111
-0.000000
-0.009995
0.258833
0.442990
-0.020525
0.274519
0.190201
0.450127
-0.179212
0.462607
0.013267
0.473221
0.000000
-0.002571
0.233911
0.425294
-0.006019
0.457647
-0.000601
0.000000
0.322539
0.428690
0.449504
-0.011569
0.366233
0.371062
-0.014793
-0.010795
0.014838
-0.006619
-0.017624
-0.037655
0.413798
0.408260
-0.008026
-0.000000
0.344525
-0.001859
-0.015088
-0.005713
0.282355
-0.010815
-0.011515
-0.000000
0.011022
-0.014961
0.400297
-0.014808
-0.002414
0.262246
0.208453
0.196444
-0.004912
0.461733
0.441363
-0.000000
0.261926
0.343856
-0.003624
0.178226
0.000000
-0.001975
0.455514
0.411717
0.409192
0.206922
0.219638
0.000000
0.340083
0.168769
0.391581
0.000001
0.344263
-0.010756
0.432793
0.394761
0.416543
0.307911
0.370165
-0.082144
-0.006710
0.005476
0.404819
-0.006246
-0.007858
0.445185
-0.001485
-0.006393
-0.017283
0.291379
0.306154
0.196443
0.417440
0.189546
0.302753
0.461259
-0.009923
-0.001217
0.173655
0.394001
-0.008703
0.000000
-0.011494
0.265518
-0.010655
0.000614
0.241426
0.179507
-0.011395
-0.021287
0.262812
0.432882
-0.010638
-0.014980
-0.011871
0.411183
-0.012270
0.235457
0.000000
-0.010434
-0.016408
0.309192
0.266274
-0.007195
-0.058684
-0.010054
0.000004
0.431438
-0.015252
0.374025
-0.010423
-0.008376
0.444502
0.364652
-0.010513
0.371143
0.482209
-0.010822
0.202111
-0.009686
0.372063
0.201875
0.451025
0.000001
-0.004376
-0.126953
-0.015330
0.169517
0.429786
-0.009299
0.416817
-0.010572
0.463721
0.208731
-0.010180
0.317805
0.000000
-0.254038
-0.008465
-0.011029
0.000000
0.362549
0.405765
0.182410
0.478774
0.396521
-0.008129
-0.000000
0.461634
-0.007318
0.244942
0.212544
-0.013889
0.023825
0.377386
0.476586
-0.082285
0.176719
-0.014605
0.260565
-0.000000
0.448843
0.160143
0.208928
-0.011252
0.338361
0.007996
0.441813
-0.001585
-0.010511
0.432366
0.356277
0.399495
-0.007536
-0.000000
-0.011149
0.389374
0.000000
-0.011867
0.454198
0.363680
-0.007872
-0.000000
0.003556
0.421366
-0.010761
0.267182
-0.009004
0.473216
-0.015173
0.274943
-0.000001
0.299480
-0.000343
-0.011599
0.432295
0.468762
-0.011763
-0.000000
0.449127
0.000010
-0.011318
0.326225
-0.063933
-0.014606
-0.013443
-0.052224
-0.010360
-0.010152
0.235234
-0.019257
0.444449
0.369965
-0.013937
0.213781
-0.249466
0.308026
0.219434
-0.000001
-0.010380
-0.057375
-0.011844
0.361650
-0.000000
-0.006669
-0.005301
0.378278
-0.007949
-0.014196
0.396634
0.431894
-0.043037
-0.012273
-0.014515
-0.013857
0.359400
0.203285
0.225749
0.222860
-0.012884
0.215672
-0.009973
0.370805
-0.010099
-0.015440
0.488202
0.277598
-0.000001
0.352125
0.178207
0.352570
-0.010313
0.173475
0.000002
-0.016936
-0.013939
-0.013952
-0.009210
0.433308
0.450892
0.304452
0.169034
