0.092130
0.311962
-0.413070
-0.091506
-0.234342
1.055474
0.017523
-0.025476
-0.035026
-0.113464
-0.087119
-0.268359
0.316283
-0.008551
0.562291
-0.037245
-0.018553
0.416259
-0.216617
0.091454
-0.006424
-0.000000
0.258668
-0.038796
-0.088196
-0.042498
-0.020029
-0.023578
0.610976
-0.010361
0.249376
0.006679
-0.140216
-0.301685
-0.174741
-0.023200
0.029607
1.579179
0.081995
-0.004327
-0.290432
0.286741
-0.007152
0.000000
-0.000000
-0.098310
0.247788
0.022477
0.150743
0.699318
0.213222
-0.003967
-0.000000
-0.132225
0.023658
0.213298
-0.015468
0.011523
0.233349
-0.030686
0.086063
-0.124901
0.767647
0.145208
0.222345
0.004377
0.102918
-0.048252
-0.069443
0.053751
-0.021358
0.006962
0.416754
0.490042
0.248513
0.061441
0.287123
0.016006
0.141382
0.258979
-0.007122
-0.085373
0.135058
0.767228
0.227410
-0.102535
-0.123941
0.628961
-0.000000
-0.220381
-0.011385
0.159621
-0.015964
0.176161
-0.088367
0.719069
-0.038642
-0.024046
-0.045681
-0.077502
-0.030229
-0.250293
-0.000000
-0.032489
-0.018499
-0.355058
0.496716
0.604477
0.283614
0.083192
0.022745
-0.000000
-0.121603
-0.000000
-0.115609
-0.019650
-0.105231
-0.000000
-0.220095
-0.073180
-0.000000
-0.116703
-0.050626
-0.011106
-0.095937
0.011523
-0.051517
-0.004890
-0.414157
0.343974
0.257788
0.320883
-0.000777
-0.006341
-0.083182
0.223202
-0.017751
0.307513
-0.044662
0.002972
-0.138187
-0.000000
-0.040435
0.032461
0.313564
-0.002806
0.005031
-0.000000
-0.042429
-0.131312
0.275554
0.515959
-0.394977
-0.150040
-0.024168
-0.011929
0.065952
0.016507
0.482079
-0.045808
-0.340611
0.635921
-0.024259
-0.045900
-0.000662
0.803576
-0.101647
-0.064972
-0.032221
-0.033894
0.371942
0.088601
0.628430
0.035013
0.101141
-0.029600
-0.000000
0.073842
-0.005333
-0.026897
0.362721
0.337354
-0.035923
0.527469
-0.020379
-0.154263
-0.246331
-0.000000
-0.024906
0.315342
0.311441
0.021385
0.300873
0.010249
0.276347
-0.016240
-0.039908
0.001584
0.018165
0.348680
0.014561
-0.017346
-0.356338
0.619387
0.451340
-0.159592
0.016038
0.031829
-0.134069
0.329686
0.075092
0.020224
-0.044437
0.046176
0.080708
0.011995
0.279511
0.037962
-0.029619
-0.194890
-0.000000
0.184924
-0.000000
-0.343224
0.181274
-0.000566
0.234611
-0.033330
0.742422
-0.066791
-0.034700
-0.360256
0.000021
-0.000000
0.516897
-0.029829
-0.027903
-0.008643
0.473172
-0.025886
-0.024634
0.104352
0.446055
-0.227899
-0.004898
0.300067
-0.068114
-0.032869
-0.043036
0.140738
-0.000000
0.168634
0.253562
0.729706
0.012727
-0.000000
-0.000000
0.188907
-0.089796
0.369552
0.510211
-0.031550
0.131515
-0.049031
-0.100257
0.233090
0.633941
0.093999
0.089565
0.003080
0.425963
0.367481
0.002905
-0.385526
0.000000
-0.183721
0.762819
-0.296253
-0.008595
-0.131789
0.223477
0.174656
-0.138131
-0.094706
0.021839
-0.042719
-0.116072
0.081584
0.182935
-0.198965
-0.123289
-0.223817
0.557088
0.095115
-0.093794
0.019729
-0.391021
0.395273
0.127297
0.459891
-0.055819
-0.025660
-0.121279
0.374315
-0.048028
0.089703
-0.051807
0.248524
-0.020697
-0.029758
0.013774
-0.213456
0.005656
-0.000589
-0.000000
-0.024638
-0.025114
0.163108
0.665650
0.367219
-0.008062
-0.022458
-0.000000
-0.398327
-0.071363
-0.102153
0.051980
0.334653
0.147341
-0.000561
-0.179054
-0.000000
0.311092
-0.015618
0.171433
-0.145947
0.115520
0.124565
0.721696
-0.000000
-0.163068
-0.238825
-0.144341
-0.166152
0.332961
0.031652
-0.000000
0.434834
0.041353
0.156738
0.697569
0.181079
0.011111
0.013656
-0.143586
-0.025718
-0.069509
-0.034133
-0.036250
0.017965
-0.000000
-0.202618
-0.037903
-0.039378
-0.055091
0.382019
0.004143
0.011290
-0.024365
0.275791
-0.172877
-0.316565
0.296639
0.122963
-0.000000
0.264028
0.350811
0.377969
-0.051044
0.060432
-0.019488
0.254244
0.365505
-0.321357
-0.438470
-0.005136
-0.001315
-0.064204
-0.037119
0.044859
0.173079
-0.000000
0.325781
-0.022921
0.588158
0.607803
-0.039155
0.050437
-0.009261
-0.038681
0.089579
0.308116
-0.007537
0.144805
0.000000
0.039061
0.148958
0.383835
0.141587
-0.410730
-0.029877
0.046963
-0.000000
-0.295834
0.089589
-0.117683
0.035804
-0.175914
0.490811
-0.018138
-0.000496
-0.000000
0.092009
-0.004643
0.013174
0.010598
-0.046454
-0.216785
0.090299
-0.372112
0.317559
-0.029051
-0.032676
-0.014910
0.339124
0.084826
-0.028181
-0.160483
0.107282
0.023020
-0.000000
0.827550
-0.040907
0.642131
-0.117214
-0.031966
-0.006192
0.027088
0.071387
0.230909
-0.077473
0.445247
0.248221
-0.022820
-0.161091
-0.220158
0.304422
-0.269441
-0.021983
-0.040109
0.023236
0.095502
-0.076526
0.355438
0.079746
-0.087417
0.043477
-0.000000
-0.146476
-0.125693
-0.043465
0.797979
-0.000000
-0.023359
0.014810
0.331505
-0.331308
0.020425
0.031498
0.298114
-0.000000
-0.077448
-0.038397
-0.009988
-0.003239
0.275460
0.041374
0.016432
-0.007104
-0.009816
-0.091045
0.064909
-0.006689
-0.050951
0.020796
0.137579
-0.237700
0.292722
0.063855
0.015104
-0.042112
0.632076
0.044425
-0.138352
0.011994
0.784080
0.370841
-0.007581
0.459030
-0.158976
-0.005747
0.029510
