0.001859543
0.001248974
0.001122757
0.008273309
0.002051525
0.0014035718
0.003360143
6e-45
6e-45
0.0009118699
2.927486e-32
0.0033722958
0.00225298
0.0026121738
0.00055806653
0.0005894393
0.0008649298
0.004498689
0.0009845749
0.0021462804
0.002462649
0.012998892
0.007013649
0.0033860214
0.0058866045
0.00054574007
0.0012797249
0.0058918227
0.0010679358
0.008039726
0.0010267427
0.001830717
0.0018195143
0.009395801
0.0038817527
0.0014635393
0.0026284459
0.00042808877
0.00367836
0.0016667683
0.005127299
0.00023989174
0.0050104233
0.0017005382
0.011888658
0.0010150309
0.0032794876
0.0013960275
0.0014202629
0.0034336366
0.0011606468
0.00037610417
0.004130369
0.0040181577
0.0009230407
6e-45
0.00065254373
0.0010282614
0.002867071
0.0025385306
0.0013090837
0.0005513842
6e-45
0.0027380963
0.008377223
0.0006237495
0.0024006274
0.0049497616
0.00495766
0.0012986903
0.002639451
0.0025025618
0.0017811041
0.0016818471
0.001274208
0.0017152836
0.0022234505
0.002182924
0.0012639049
0.002138285
0.0069407728
0.002456155
0.0017795713
6e-45
0.0007425827
0.0013889467
0.0017884378
0.0024359717
6e-45
6e-45
0.0030334792
0.007241554
0.0026677684
0.0014051091
0.0019727224
0.0026905523
0.0014796092
0.0038070583
0.0006086509
0.000767908
0.0025266074
0.00041645826
0.0039685094
0.0021267484
0.0008021625
0.00038356223
0.00085508416
0.0036807621
0.005537973
0.00077452156
0.0011264357
0.0024028246
0.0068829204
0.0017966803
0.0007584792
0.0018095619
0.000833679
0.0006155781
0.00035349175
0.0010351123
0.0019117079
0.00089203956
0.0003457533
0.0030109088
0.0011979239
0.006266896
0.002569106
0.0020458284
0.0019219435
0.00073856267
0.005317977
0.00243729
0.0011970722
0.00222941
0.0011659419
0.0008295697
0.0042662937
6e-45
6e-45
0.0025275045
0.001753347
0.0033495699
0.0017826954
0.0009992186
0.0015779363
0.0020290448
0.0024735858
0.0013577862
0.0015207507
0.0023645668
0.0016155002
0.0025529768
0.00033146064
0.0013285921
0.0013088075
0.008932554
0.00051110174
6e-45
0.0006330288
0.0029424336
0.00070406456
0.0017212931
0.0013329723
0.00053455925
0.0020223386
0.0075129992
0.0004140834
0.0014877301
0.0027130838
0.0015670597
6e-45
0.0016608641
0.0025047632
2.7595025e-35
0.0015680344
0.0046798955
6e-45
0.0018289196
0.0029712094
0.0036203503
0.0014664759
0.0012117332
0.024624238
0.0020335044
0.00082603976
0.0017864599
0.000767947
0.0031434905
0.0004528626
0.001386004
6e-45
0.0025384838
0.0056595155
0.0037406504
0.0019483779
6e-45
0.0009095104
0.0015284652
0.0013236649
0.0030493364
0.003249022
0.0016550018
0.0014732538
0.0025482439
0.003983231
6e-45
0.0012555793
0.0035369967
0.0015666173
0.0017981962
0.0014847419
0.00208122
0.0018342561
0.0018598763
0.0039225495
0.0037488998
0.0006131187
6e-45
0.0017805195
0.0038896175
0.00090054737
0.0014846728
0.0027831267
0.0013568242
0.019398617
0.001620601
0.0005128484
0.0020594196
0.0031561072
6.71328e-40
0.0019511561
0.0032817358
0.0015814289
0.0010791944
0.0012687743
0.00391707
6e-45
0.0011516223
0.0023146586
0.001496299
0.0022251306
0.0016993036
0.0022833329
0.0009422926
0.018650325
0.0006703493
0.0010021952
0.0074737356
0.0015991475
0.0039311405
0.0032707553
0.0017598954
0.0021425823
0.0023799958
0.0036842786
6e-45
