-0.16386136
-0.09126515
-0.039058395
-0.40477923
-0.23542659
-0.025814807
-0.21829718
-0.047550138
-0.20132707
-1.2424832e-06
0.032741718
-0.070441484
-1.628798e-08
-0.061335687
-0.028972179
0.0054457914
0.14825761
-0.21026623
-0.14836629
0.025236301
6.8955025e-08
0.01029154
0.14405264
0.1184883
-0.16206647
0.028229916
-0.010604856
-0.047051527
0.101549976
-0.09393074
-0.08754667
0.04882709
-0.067704685
-0.019069996
0.061917055
-0.014978621
-0.29337302
-0.10405366
-0.050330434
-0.20294668
0.24539664
0.1442945
-0.1516001
-0.20205584
-0.16629668
-2.621428e-06
-0.011559806
0.27020335
-0.12861574
-0.06724299
-0.2451702
-2.3530388e-08
-0.12792797
-0.25089833
-0.19886167
-0.2698942
-0.1883308
0.06368874
-0.10461332
-0.2818905
-0.20198423
-6.821093e-05
0.069996305
-0.19563185
-0.20216776
0.18824236
-0.079268724
-0.17986327
-0.030053379
8.572978e-06
-0.23194222
3.1596824e-07
0.009838573
-0.22946917
-1.0921133e-05
-0.39014545
-0.12209503
-0.18294165
-0.04528552
-0.3847417
-0.086211495
-0.07682899
-0.17907567
-0.14057852
-0.37022623
-0.021165559
0.14901759
-0.2821135
-0.3502985
-1.546195e-05
-0.016356083
-0.15832685
0.014374648
-0.12516037
0.10763648
-0.21516828
-0.070197225
0.07178319
-0.01854377
-0.119453214
-0.1760924
-0.07968005
0.14098468
5.081995e-07
0.03440511
-0.17286451
4.7340973e-07
-0.13298883
-0.05975193
-0.042195942
0.012184606
-0.19792408
0.03679352
-0.19802864
-0.226994
0.039694812
-0.2640974
-0.23842517
-0.029791927
-0.23781969
-9.1624366e-07
-0.22452922
-0.24989639
-4.7100137e-05
-0.16016333
-0.050934304
-0.3175006
-0.17286702
0.08115882
0.07148247
-0.12980396
-0.1580596
-0.33349186
0.01370322
-0.38395476
-1.6179979e-07
-0.019195162
-0.039901525
-0.13453603
-0.0004431788
4.9955804e-07
-0.040821575
-0.2581651
0.08622517
-0.17404461
-0.15255962
0.061271857
0.04608953
-0.042047035
-0.40898946
-0.3863017
-0.26596075
-0.070386134
-0.05662307
-0.17380524
-0.1572992
-2.53883e-06
-0.123188
-0.17414586
2.7224212e-07
0.012443041
2.7055822e-08
-0.19942051
-0.030953826
-0.115256295
0.15862885
-1.2800956e-05
-0.13042614
0.17847282
-0.022508144
-0.259021
0.061325394
-0.037727557
-1.6996275e-08
0.10325561
-0.0986188
-0.10444628
0.08521196
-0.1685233
0.16120684
-0.5757344
-0.19744219
-0.050030533
-0.22341466
0.061712462
-0.0808163
-0.11468757
-0.03193564
-1.3608955e-05
-0.36286867
-0.014792941
-0.27810797
-0.10367545
-0.01345937
-0.13067885
-0.019608174
-0.078125596
-0.059329618
0.031181635
-0.029477695
0.0362968
0.19582133
-0.095831536
-0.1634467
-0.032795534
-0.009023025
-0.10221634
0.012903746
0.085742
-0.022016285
0.00807303
-0.22394335
0.20063919
-0.08135098
0.023189003
-0.34538338
-0.19742225
-0.14505388
-0.27326965
0.11484196
0.08236138
0.031134462
-0.4486455
0.008272808
8.66441e-05
-0.07228025
-0.06920386
-0.2576304
-0.112850755
-5.7126206e-05
-0.1927317
-0.07763684
-0.05440938
-0.2496267
-2.5633483e-07
-0.082688436
-0.119764775
-0.4039544
-0.09779363
-0.07581106
-0.023678102
-0.26081344
-0.020497264
-0.0509751
-0.38468134
0.038704585
0.013957405
1.7348222e-07
-0.1093178
-0.39904174
-0.0656692
0.09343509
-0.052163366
-0.08437803
-0.33762133
0.082405575
0.03406775
-0.34916726
-0.2656311
-0.27462274
-0.074335255
-0.18042776
-0.01039082
-0.17096528
-0.22435908
-0.20049086
0.009583789
-0.37851587
0.07773839
0.0054891347
-0.0733247
-0.07385388
-0.020220246
-0.015790068
-0.21541078
-0.11708349
-0.046544638
0.004723534
0.16207317
0.0033571208
0.2662397
-0.11846797
-1.8463017e-07
0.037941992
-0.0026125407
0.017505253
-0.0038335926
-0.02982951
-0.21993032
-0.1663878
-0.16790341
-0.38842192
-0.053837363
-0.022511508
-6.7117753e-07
-0.27735886
0.033794723
-0.09883362
-0.016675014
-0.3338027
-0.11992755
0.03670362
-0.37713933
-0.0939933
2.203378e-07
-5.291879e-07
-0.13196239
-0.13746814
-0.26931712
-0.056071185
-0.12867929
-0.17032215
-0.36182955
-0.06346029
0.102615066
-0.05486731
-0.101688504
0.030906264
-0.14968011
-0.3223518
-0.1837575
0.1491962
-0.16709225
-0.11862835
0.06095163
-0.15598775
-0.00247661
0.07828653
-0.081939064
-0.2075727
-0.2380166
-0.051477797
0.0152370855
0.094418414
-0.03183218
-0.0518368
-0.13661373
-0.021067638
-0.29885358
-0.0963325
-0.03360535
7.4923487e-06
0.09867736
-0.22290397
-0.16606827
0.072423086
0.045875836
-0.23338197
-0.010357447
-0.23130344
0.025530653
-0.18992554
-0.22191125
-0.40537447
-0.22996654
-0.26744655
-0.18237548
0.19357586
0.20733233
-0.1122813
-0.15409833
-0.32371685
-0.122941114
-0.044009402
0.06371806
-0.3161193
0.12944973
-0.21095432
0.17159183
-0.06947337
-0.37754852
-0.20906265
0.22712298
-0.036952794
-0.051319633
-0.31286427
-0.1176829
0.04445244
-0.13957278
0.025898356
-3.818253e-08
-0.02421622
0.018173452
-0.10360218
0.16925684
-0.30284563
0.021579197
-5.0318783e-07
-0.15690625
0.10091127
0.19810244
-0.23649305
-0.17090012
-0.021611523
0.16772735
2.2805469e-07
-0.16071029
-0.37779194
-0.09184897
-0.07459727
-0.023094745
-0.0015868146
-0.16772461
-0.01408966
-0.16476667
-0.2998243
-0.088918254
-1.9073518e-07
-0.36697733
-0.21037583
-0.044454683
-0.00016616237
-0.053705342
-0.10781728
7.157198e-07
-0.10259494
0.07254803
-0.111065894
-0.32005835
-0.18219687
0.1445535
-0.23834684
0.4818894
-1.6269911e-07
-0.3057877
-0.19978605
-0.26655054
0.20105577
-0.13612658
-0.31430557
5.520953e-07
-1.3677877e-05
-0.1945044
-0.20061815
0.21519095
0.16917785
0.19190137
-0.09743478
0.016687289
-0.06637539
-0.018677076
-0.18105221
-0.12674846
0.007409338
-0.3634601
-0.4933446
-0.085568585
-0.038497873
0.069997855
0.07923089
-0.4078861
0.010595018
-0.32113102
-0.37435147
-0.14997096
-0.1736647
-0.16093299
0.18622719
-0.17273642
-0.04754123
-0.024020981
-0.1174844
-0.21283233
-0.17351507
-0.15202421
-0.018439276
-0.29046082
-0.20603594
-0.1957331
-0.25585458
-0.32958454
-0.06149418
-0.30606934
0.16831325
-0.056456566
-0.239234
0.009843787
0.0578959
0.058418285
-0.22727399
0.017702904
0.058765862
-0.076149255
-0.08305175
-0.2657343
-6.5922983e-09
0.073789634
-0.02478208
-0.16312219
-0.14829113
0.012745452
-0.14770868
-1.2970692e-07
-0.037134442
-0.2601767
-0.21256472
-0.106688045
-0.24719769
-0.10469359
2.0845535e-07
0.11218714
-0.041373722
-0.15327969
3.4203676e-08
-1.2436027e-07
-0.07047822
-4.913656e-06
-0.18600966
0.12019403
0.17503013
-0.16009793
-0.2773192
-0.31018493
-0.20118624
-0.098869935
0.02965178
0.055036925
-0.1356614
-0.10335465
-0.10658734
-0.11172872
0.10091113
-0.053671874
-0.32693937
0.11996515
0.12904981
0.10836352
-0.19135053
-0.118605606
0.11792373
-0.20674941
0.1522661
-0.16907203
-0.24279718
0.08177526
-0.14602168
-0.18624593
0.083059266
-0.093077056
-0.13944237
-0.12849455
1.4252657e-07
-0.16552271
0.10650669
-0.3845317
0.076069415
0.023161257
-0.11308307
2.3651698e-07
-0.07344815
-0.30342895
-0.062118515
-0.3898608
-0.19120471
-0.15102857
-1.934096e-06
-0.054873142
-0.13819107
-3.7561415e-07
-0.14197855
-0.13238047
-0.07427134
0.081419595
0.07907266
-0.16220209
-0.10856584
-0.07993047
-0.12528464
-0.14709622
2.2405899e-05
-0.056492522
-0.023680748
0.010013383
-0.07464809
-0.07223321
-0.05335395
-0.14355281
-0.23693238
0.35361385
-0.045056503
-0.06026014
-0.2231907
0.084848516
-0.11816477
-0.07608461
-0.22203311
-6.005502e-07
-0.22313331
-0.48099732
-0.061692644
0.19577315
0.13998228
-0.05461177
-0.10499689
-0.09795277
0.05366165
-0.1277338
-0.27659076
-0.34498328
0.0009873357
-0.0137381265
0.07365203
-0.15372495
-0.10643343
0.14912704
-0.16003658
-0.12143859
-0.030966366
-0.12596066
-3.1750487e-06
-0.09552566
-0.1239247
0.065131865
-0.25723302
-0.29319063
-0.27348843
0.09715002
-0.078033604
-0.1182137
-0.0470511
0.041119177
-0.050574895
-0.17321353
-0.099930786
-0.20553888
-0.283143
-0.39435634
0.005974955
-0.068191335
0.022728635
2.9049244e-05
-1.5016805e-06
-0.16413502
-0.16893965
2.5528837e-07
-0.0074974345
0.11633329
-0.032428037
-0.1219042
7.3447757e-07
-0.08241495
-0.1517186
-0.16306774
-0.34529644
-0.12416408
-0.24698973
-0.36130467
-0.15906319
-0.26603132
-0.009020008
-0.04031299
-4.273757e-08
-0.36529016
1.265556e-07
-0.20928815
-0.14373343
-0.16162676
2.076667e-07
-0.087148786
0.14923881
-5.279364e-05
-0.07190328
-0.31867638
0.062029522
-0.15217687
0.07828323
0.23466522
0.10960736
-0.20051783
-0.23561893
-0.13520661
-0.14562833
-0.09651638
-0.33932915
-0.18834238
4.879974e-07
-0.020245602
-0.0063742585
-0.04598005
-0.23941092
-0.1665012
-0.17258236
0.026457252
-0.2316346
-0.112843275
0.035420306
-0.20805416
-0.07017574
-0.03579548
0.12686142
0.023459757
0.16013762
-0.083412826
-0.11016591
-0.06242768
-9.816648e-07
0.0731206
-0.31570697
-0.059788678
0.09238335
-0.021366032
-0.35344997
0.021393517
-0.3251854
0.0063463068
-0.076666534
-0.18306844
-0.2780838
0.06640576
0.01886216
-0.4543781
0.3304053
-3.546101e-07
-0.23938783
-0.1721527
0.07162751
-0.5577099
-0.060855743
-0.21134181
0.009096135
-0.059942182
-0.18874013
-0.26609853
0.34075356
0.018052572
-0.17445686
-0.24830621
-0.0050639724
-0.018058203
0.009305196
-0.07102417
-0.20694432
-0.26424336
-0.00014022655
-0.041487515
-0.07092209
-0.15179081
-0.29403576
0.018316243
0.09409263
-0.28504676
-0.14195254
-4.888347e-08
-0.19538772
0.24565573
-0.042483553
-0.13243327
0.21380247
-0.27448383
-0.34198734
-0.3648585
-0.08915084
-0.24225956
-0.14796026
-9.281315e-07
-0.33674133
-0.07901119
-0.1800758
-0.2206519
0.14287508
0.07999902
-1.8269412e-06
-0.17615753
-0.057018995
-0.3254118
0.10891019
-0.13872464
-0.05105995
-0.18503669
-0.42521614
0.04163246
-0.27834865
-0.37246668
-0.11507169
-0.20869742
-0.04469299
0.04435054
-4.773227e-07
-0.22052823
0.022724673
-0.31968832
-0.23698536
-0.12202151
0.0054316735
0.009673216
-8.4064635e-07
-0.25479105
-0.30466074
-0.060652994
-0.049988817
-0.16907921
0.09042056
-0.20079443
-0.25769705
-0.14083266
0.06837484
0.0003894147
2.4879463e-07
0.0012460224
0.12037283
0.10203057
-0.03987854
-1.5762453e-07
-0.06695416
-0.2625098
0.15313263
0.08991659
-0.31572548
-0.25062805
-3.9409167e-07
0.24128965
-0.11489693
-0.62723273
-2.050405e-06
-0.13320169
0.20938101
-0.21727353
-0.21554239
-0.26323736
-0.15339205
-0.11362309
0.01790592
-0.037963677
-0.08452682
0.14971781
-0.25590158
-0.019561172
-0.107024886
-0.1583496
-0.17155404
-0.23946483
-0.09724599
-0.069498025
0.11720681
-0.17914054
-0.2067724
-0.15895277
-0.14859915
-0.25451902
-0.0588133
0.10061812
0.10623983
-0.05449403
1.8865809e-07
0.09960464
-0.023615986
-0.08826703
-0.11444345
-0.21881218
-0.12569606
-0.02503493
-0.18402739
-0.19789803
-0.21684375
0.10112191
0.024553059
-0.34556997
-0.1353976
-0.15775909
-0.11556298
-3.0356819e-06
0.04157768
-0.1787231
-0.043132458
0.016951945
-0.2251009
-0.3649359
0.27339128
0.0004929877
-0.23914461
-0.19264191
-0.19075452
-0.41383016
-0.09122978
-0.031792432
-0.08057097
-0.02252849
-0.28431183
-0.08872972
0.1845205
-0.2586215
-0.277104
-0.018502142
-0.11026282
-0.1695485
-5.640651e-06
-0.28649837
0.27085128
-0.24765556
-0.09192487
-0.21685092
-0.47442573
-0.34257424
0.30888453
-0.116636954
-0.16925508
0.051122174
-0.24711587
1.931228e-06
-0.5390245
-0.1762912
-0.08015358
-1.201907e-06
-0.03851126
0.0623149
-0.2255459
-0.055140216
-0.11930199
0.3325461
-1.4419302e-07
-0.35481286
-0.11116707
-0.38760972
-0.18103679
-0.21128015
-0.14506361
-0.030896895
-0.23570138
-0.09670334
-0.30258703
-0.16135393
-0.43695837
-4.1833354e-07
-0.38035503
0.005645356
-0.027678415
-0.11414705
-0.30401424
0.0008125202
-0.3060935
0.037399087
-0.30259535
-0.12156805
0.040519204
-0.131565
-0.14164059
-1.4229552e-07
0.1411224
-0.07143808
7.53379e-08
0.03251852
-0.22187021
-0.07399594
-0.18778513
-1.8168666e-07
-0.17287444
0.02146509
0.003310721
-0.0023231022
-0.36580253
0.06800273
-0.13597132
-0.12524056
1.2736355e-07
-0.060477864
-0.17485027
-0.10575157
-0.1589086
-0.15608521
-0.21520716
-1.02001636e-07
-0.057236683
-3.5336216e-06
-0.07552713
0.082984805
-0.26352715
-0.3710445
-0.024913779
0.27954137
-0.17134908
-0.016204575
-0.4116229
-0.02773932
-0.040516414
-0.08574759
0.057853524
-0.28634256
0.09105941
-0.082084455
-0.16328138
-1.1673727e-06
0.05913134
-0.2985682
-0.045870025
-0.014609465
-7.585197e-08
-0.22424756
-0.39047554
-0.0044383355
0.008278705
-0.2801463
0.11944226
-0.1831719
-0.31844682
-0.25052437
-0.20472075
-0.20695682
-0.29623428
-0.1552604
-0.24605566
-0.27634624
-0.10900261
0.14138293
-0.13495187
-0.3053589
-0.01660227
-0.17085628
-0.025349624
-0.13185628
1.7767029e-06
0.07619925
-0.04473339
0.02313115
-0.16888498
0.13008194
-1.3487323e-05
-0.16811974
-0.037800986
-0.32119614
-0.12829128
-0.24123253
0.18594845
-0.2150563
-0.14723828
