9.014816
6.603410
9.524732
6.130898
0.000004
4.224301
5.489376
7.214673
10.135187
8.197581
11.066761
5.296901
9.579828
6.534047
7.772525
7.258657
6.342538
5.269453
7.917936
6.969498
5.443324
5.158197
3.478219
12.969227
7.198055
8.782185
6.523990
4.646936
5.455133
8.553966
5.822859
5.868685
9.650833
6.100394
6.932125
21.852940
6.587586
0.001360
16.271233
7.608802
8.264857
4.745132
9.859869
6.202872
7.160664
10.003015
7.777615
8.524546
4.380439
7.002943
7.837586
8.117186
6.066770
6.121263
8.316732
5.899778
10.070804
4.549995
7.534957
7.735068
4.984275
8.459500
0.002411
7.536143
4.460875
5.791607
5.694695
7.992075
5.746701
8.348028
9.708527
3.998851
7.735962
7.445021
8.419565
7.570828
8.589725
5.841534
14.739743
5.150716
8.224944
8.199123
5.381886
4.914586
6.019276
4.437251
11.673965
9.747672
3.984470
11.627503
9.224119
5.192244
6.802025
5.915657
4.582259
4.783051
8.710081
4.885499
9.980147
6.846416
5.811191
10.202780
7.351062
6.064170
8.506464
6.891583
8.812604
10.580033
5.871379
6.146814
8.636792
5.281131
8.373271
6.058945
10.276494
7.160820
33.978134
8.257923
9.281708
5.514897
6.232629
9.046248
6.825374
5.605825
0.000313
12.160949
5.123909
11.062034
7.935303
8.745911
13.784770
5.822297
6.871168
5.688854
0.001986
5.029215
5.700549
7.889475
4.770022
7.019402
4.335022
10.012628
9.271518
0.000495
5.021518
5.436424
9.913148
7.493567
5.819272
4.427454
5.218069
4.961595
8.314777
5.739457
4.718386
4.517239
7.386591
5.873098
5.240156
4.020214
5.808355
11.320770
5.817832
13.952029
5.420266
6.932422
8.305959
5.050493
5.372136
0.001585
4.632675
5.961621
0.001600
5.000006
5.627331
7.577971
7.006743
4.835418
7.812949
9.308593
5.061390
5.213492
5.390768
19.936071
4.675871
4.671626
9.709106
3.557396
0.668802
6.504516
7.516785
4.782516
6.935436
7.883143
7.249681
6.487412
5.892820
7.238678
7.334544
6.182539
4.116380
9.344333
6.688650
4.031689
4.807271
13.411881
4.528355
6.212946
7.641877
0.000012
5.782473
0.002274
7.302222
10.420163
8.005280
8.279477
4.386544
8.513083
6.633126
10.544986
6.103571
13.122583
8.796288
8.437866
7.010835
8.439492
9.841764
10.086800
0.004641
10.712546
6.663507
6.785491
11.855554
0.003294
5.751571
7.829610
6.902051
33.513439
6.436568
4.298572
4.836813
8.793436
6.683460
5.068877
9.390997
8.815101
53.831730
0.002082
5.125809
7.874641
10.178600
0.012066
7.961148
10.507135
9.686679
7.564481
7.472742
11.663102
8.828642
7.424410
8.815208
7.562522
11.853956
7.342919
7.342161
8.334769
12.681388
6.404970
10.673059
0.001160
6.808051
0.001476
6.424259
7.995989
7.537356
0.002143
10.507318
5.480422
4.720595
9.576777
5.650044
8.388685
7.318689
5.165211
0.217165
4.618988
10.218256
4.301386
16.835876
8.205269
0.001050
6.360734
8.371189
5.718092
8.472842
5.223345
5.573005
0.002585
4.240848
0.002457
6.954433
5.520352
0.168451
12.570756
3.960906
11.638794
3.866837
11.477978
7.477436
5.606313
7.969359
9.502346
4.932199
6.227488
5.039515
8.778338
11.629860
5.341210
6.304060
7.576904
8.267028
8.055059
9.693846
6.189203
11.626704
5.415902
7.727929
5.701597
0.001356
5.046189
6.971554
6.726026
8.910314
8.313828
5.972311
0.002921
4.303200
6.626945
5.472276
9.688809
4.794688
6.879268
5.104853
9.573437
7.770104
11.949755
10.309153
7.867795
7.750991
11.507639
4.887265
7.353322
7.051041
5.080088
9.219330
7.071067
4.612428
8.940266
5.432636
4.947108
4.443000
6.333065
7.592632
8.401796
8.688051
3.971065
3.784697
5.436860
4.035398
7.905844
0.000002
7.636923
6.695719
5.085342
6.457160
5.716567
5.869830
6.389828
8.820036
10.880264
6.174012
6.185421
5.165445
5.605350
8.434463
15.306508
8.113382
8.748795
5.700879
6.469071
6.292707
0.001198
15.706200
5.114603
6.501339
4.344747
14.830004
5.459023
8.423547
5.631287
6.107759
6.279467
8.594854
7.466142
11.942935
5.674260
7.330575
6.294685
8.827820
8.112583
5.508501
7.719295
6.256306
7.807098
5.306874
6.210868
11.461607
5.718355
4.916121
5.048764
0.000002
8.113326
6.164139
7.376573
5.624314
10.522868
4.916324
5.855268
6.965654
8.949517
3.857274
4.944008
14.139481
5.431801
7.682388
0.000015
6.378424
12.304937
0.000732
0.000936
4.484651
12.443544
3.597216
7.152170
6.925522
9.655768
12.153584
13.351632
9.458903
5.819854
5.183119
4.532961
6.924568
5.751943
7.718895
4.750907
6.467174
5.222553
8.604504
6.139453
8.768511
0.002058
5.895599
8.544848
6.067699
9.451684
8.011679
11.620833
4.873902
5.185461
5.812147
6.335882
7.675116
4.140050
5.804959
9.368800
7.142308
7.097736
6.911666
7.366552
0.563914
8.683876
0.000076
6.822940
4.663898
9.578948
6.263472
0.688497
10.197257
5.885673
5.825176
12.127228
5.751471
7.180867
6.575841
4.819237
6.632762
5.581664
14.950887
8.050072
10.209862
6.131621
4.630481
8.396565
4.714207
7.237335
9.971221
8.599135
11.935006
11.377218
8.366307
6.062500
