-0.057855
-0.166600
-0.146307
0.192784
-0.000001
-0.176386
0.078399
-0.013674
0.009845
-0.044509
0.033932
0.530736
-0.000003
0.031663
-0.127274
-0.051863
-0.212265
-0.200440
0.111920
0.084476
0.178960
-0.099799
-0.050198
0.008815
0.087793
0.098697
-0.030396
-0.000007
0.123023
0.046636
-0.031031
-0.123678
0.082440
-0.029976
-0.000000
0.037829
-0.137561
-0.074521
0.039939
0.113060
0.015553
-0.000000
-0.001920
-0.146321
0.131070
-0.093211
-0.057376
-0.219975
0.093078
-0.413278
0.123580
-0.097363
0.245064
-0.138150
-0.176650
-0.006217
-0.117860
0.157080
0.081456
-0.050758
-0.288122
0.227215
-0.119634
-0.123403
-0.000001
-0.000003
0.118590
0.012451
0.033216
0.116134
0.000000
0.151879
0.465669
-0.009496
-0.041266
-0.086544
-0.262606
-0.062979
-0.000000
0.000000
0.043345
-0.037258
-0.282765
-0.177372
-0.046706
-0.169047
0.002357
-0.362969
-0.089951
-0.105692
-0.117238
-0.169182
-0.163029
-0.009393
-0.080776
-0.046791
-0.000000
-0.034906
-0.036017
0.140517
-0.213873
-0.000265
0.049508
-0.166391
0.083586
-0.035773
-0.775689
-0.042582
-0.000003
0.115799
-0.043932
0.104425
0.274906
-0.045354
-0.204474
-0.000001
0.016419
0.169528
-0.000000
-0.004238
-0.077140
0.136380
0.135993
0.106371
0.163203
0.146623
0.065475
-0.002429
-0.168007
0.060722
0.120282
-0.203918
-0.000001
-0.052449
-0.188895
0.269042
0.025874
0.159371
-0.151630
0.224404
0.258364
-0.074813
-0.008725
0.191921
0.062394
0.052499
0.104337
-0.023351
-0.029512
-0.040852
-0.001100
0.070411
0.073574
-0.122666
0.139877
0.083840
-0.018074
0.076504
-0.181248
0.110680
-0.129716
-0.050379
-0.224227
0.006424
0.313846
-0.014891
0.001495
0.093677
-0.000048
0.037328
0.061235
0.003458
0.186718
-0.116251
-0.168080
0.206242
0.092805
0.166913
0.064345
-0.221075
-0.018883
-0.211060
0.172084
0.112500
0.095450
0.140352
0.086181
-0.006490
-0.026067
0.034217
-0.002084
0.012125
-0.094802
-0.068296
-0.081491
0.004793
-0.128289
-0.115694
0.073650
-0.230462
-0.004886
-0.058636
-0.000000
-0.104899
0.058613
0.112929
0.217850
0.151098
-0.034420
-0.050483
-0.237156
-0.170448
-0.069576
0.066027
-0.052796
-0.050823
-0.113576
0.204405
-0.048688
-0.189260
0.004391
-0.099624
-0.188281
-0.294845
0.073900
0.024712
0.042557
0.095107
0.111741
0.074026
0.010238
0.009919
0.200911
0.000000
-0.115262
-0.352236
0.090623
0.257457
-0.031940
0.139684
-0.021708
-0.172620
-0.274824
-0.139007
-0.111451
-0.054126
-0.160521
-0.127642
0.054724
-0.183609
-0.346311
-0.116927
0.097103
-0.218131
0.111752
-0.023245
-0.063817
0.143875
-0.145242
0.204624
-0.075701
0.205424
-0.196071
-0.094613
0.308545
0.064322
0.093716
-0.027614
0.040720
-0.024615
-0.061026
0.023768
-0.135048
0.029003
-0.074401
-0.132186
-0.068620
-0.296613
-0.085881
-0.196807
0.024534
0.056725
-0.048944
-0.048737
-0.124679
0.026927
0.095432
-0.000003
0.066766
-0.000000
-0.017204
0.100099
0.006368
-0.203056
0.117269
-0.071879
-0.001538
-0.000547
-0.096359
0.097325
0.136709
-0.125327
-0.087361
0.056246
0.152514
-0.011513
0.041477
-0.142683
0.113920
-0.049796
-0.190826
0.022537
0.185139
0.118304
0.172850
-0.186811
0.064144
-0.151939
-0.004065
0.044288
-0.268795
0.056743
-0.018122
-0.094433
0.171779
0.134063
-0.027609
-0.000006
0.040236
-0.015310
0.068876
-0.075699
-0.163317
-0.176964
0.093861
-0.184990
0.185970
-0.000000
0.174498
0.282373
0.057366
-0.078347
-0.271339
-0.027922
0.049356
0.021183
-0.058641
0.036307
-0.050772
-0.052212
0.088517
0.297538
-0.085937
0.196641
-0.116601
-0.000380
-0.151419
0.021642
-0.121121
-0.053086
0.223931
0.050244
-0.192919
0.102041
0.172574
0.115499
-0.141911
0.222785
0.007967
-0.356422
0.064493
0.013414
0.032154
-0.086900
-0.029493
-0.238194
-0.000003
-0.153505
-0.074568
-0.004379
0.046338
0.206370
0.020656
0.167994
-0.304579
0.019819
-0.130093
-0.084671
-0.016320
0.223211
0.055112
-0.207868
0.040283
0.238484
-0.119124
-0.051586
-0.061643
-0.007763
-0.218552
-0.000000
-0.182894
0.061127
-0.133274
0.072740
0.200822
-0.052664
0.211120
0.145745
-0.025947
-0.003936
0.036241
-0.000005
0.098667
-0.057220
0.132247
-0.021831
-0.199051
-0.007723
0.213873
-0.046841
0.076353
0.167604
-0.023475
-0.284551
0.218000
-0.000000
0.035429
-0.045028
0.091116
0.087005
-0.373325
0.137115
0.073104
0.184051
0.007222
0.140381
-0.006699
-0.007379
-0.225028
0.099482
0.010713
-0.066158
-0.087514
0.232054
0.156364
0.028450
-0.088961
-0.018080
-0.068658
0.083631
-0.235435
-0.173940
0.086582
-0.030264
-0.171082
0.266030
-0.086055
0.306924
0.125734
-0.324365
-0.032806
-0.219043
-0.316712
-0.009891
-0.010329
0.025676
0.048887
0.049696
-0.050039
-0.104134
-0.080561
-0.102041
-0.146284
-0.127203
-0.010326
-0.163314
-0.258070
0.086789
0.266759
-0.306228
0.068693
-0.010045
0.156107
-0.083791
-0.052304
0.098553
-0.003285
0.129614
-0.308135
-0.031757
-0.000004
0.023936
-0.136449
-0.127908
-0.016229
-0.016675
0.177739
0.108806
-0.000683
-0.013634
0.116401
0.031871
0.032229
-0.154365
0.026015
-0.205162
0.072238
-0.085761
0.192736
0.036402
-0.091038
-0.229428
