1.029154
0.685441
0.738229
0.650903
0.682997
0.674796
0.874143
0.827415
0.654168
0.000086
0.815813
0.662881
0.002364
0.716091
1.173265
0.593043
0.788883
0.641593
0.589007
0.831388
0.000053
0.791957
0.880318
0.659379
0.538506
0.672928
0.668952
1.026078
0.947822
0.669641
1.107400
0.613200
1.028804
0.678974
0.732260
0.591437
1.054853
0.579876
0.699282
0.670887
0.587530
0.657598
0.663706
0.792580
0.740353
0.000343
0.653804
1.024634
0.734188
0.601219
0.589638
0.000288
0.766823
0.716060
0.636668
0.592809
0.618520
0.664137
0.709581
0.624773
0.690263
0.004747
0.744167
0.525472
1.000307
0.856606
0.801342
1.062337
1.071412
0.001014
0.843920
0.000117
0.628697
1.181891
-0.000451
0.591250
0.779329
0.681891
0.788745
0.691189
0.655018
0.589388
0.601612
1.100699
0.700889
0.605642
0.638786
0.736300
0.607584
0.004448
0.972078
0.616178
0.645229
0.680092
0.972772
0.777439
0.527102
0.596065
0.807106
0.637136
1.090073
0.756975
0.725254
0.000174
0.671871
0.798659
0.000536
0.648403
0.632538
0.752931
0.620121
0.887219
0.530240
0.584602
0.658734
0.682952
0.563891
0.638784
1.087651
1.058291
0.003173
0.805050
0.554206
0.006179
0.567477
0.876621
0.554963
0.686925
0.570520
0.601226
1.095694
0.757185
0.584740
0.648922
0.782338
0.000120
0.638318
0.815931
0.631243
0.040256
0.000158
0.667998
0.660126
0.599125
0.616189
0.758834
0.638611
0.870042
0.822140
0.689300
0.861771
1.090312
1.205288
0.680902
0.577621
0.619796
0.000172
0.649405
0.663752
0.000457
0.624228
0.000030
0.754479
0.727911
0.905467
0.649590
0.001558
0.628456
0.883972
0.655153
0.823340
0.697933
0.673087
0.000077
0.770474
0.613106
0.691431
0.715539
0.745644
0.656874
0.463500
0.657083
0.692170
0.669159
1.016380
0.847875
0.681935
0.662200
0.001057
0.812182
0.919168
0.632080
0.660280
0.703837
0.902412
0.660972
0.647383
1.122658
0.537982
0.823123
0.597507
0.802981
1.237032
0.800358
0.909398
0.637006
0.626204
0.967825
0.761030
0.965419
0.738447
0.546549
0.678800
0.734639
0.864368
0.705123
0.863295
0.671596
0.656651
1.081535
0.629611
0.681697
0.627434
0.792324
0.850448
0.725750
0.605601
0.731887
0.663392
0.004148
0.845106
0.704177
0.560597
0.713760
0.000023
0.654332
0.665177
0.593215
0.662265
0.669803
0.708160
0.748838
0.574685
0.591822
0.612050
0.669432
0.670730
0.000702
0.787047
0.782264
0.634995
0.544509
0.742175
0.721349
0.622595
0.705288
0.718913
1.026286
1.012237
0.521366
1.337430
0.555839
0.673492
0.603569
0.635702
0.612321
0.651425
0.725647
0.703301
1.222958
0.628476
1.260505
0.810848
0.567054
0.622690
1.175881
0.754172
0.767493
0.696195
0.761536
0.937561
0.862636
0.000543
0.973112
0.585704
0.593267
0.610889
0.607786
1.229063
0.767842
0.559872
0.679257
0.691486
0.758330
0.000318
0.688691
0.759234
0.689648
0.755176
0.779605
0.595319
0.871965
0.683721
0.555654
0.000035
0.000041
0.675330
0.899849
0.678327
0.944464
0.790874
0.834392
0.765026
0.765154
0.675629
0.593108
0.509769
0.816594
0.865532
0.714664
0.791074
1.044294
1.514553
0.574343
0.944889
0.590990
0.544418
1.003854
0.683691
0.846887
1.008737
1.017302
0.771115
0.659892
0.951830
1.026737
0.685051
0.817799
0.931078
0.607727
0.634361
0.001376
0.690308
0.622476
0.636386
0.739196
0.679135
0.866224
0.972031
0.655914
0.631368
0.641084
0.685041
0.687921
0.910202
0.675994
0.565758
0.607360
0.546083
0.649737
0.617552
0.523670
0.804181
0.831439
0.934576
0.845282
0.849779
0.554004
0.627304
0.819820
0.704722
0.648649
0.748448
0.595989
0.709749
0.640050
0.766157
0.481827
1.018226
0.871287
0.002991
1.134574
0.993206
0.614369
0.830811
0.652152
0.773002
0.000965
0.672406
0.965850
1.001164
0.843090
0.582170
0.466500
0.586643
0.000625
0.714535
1.070172
1.232589
0.651655
0.978114
0.659426
0.834336
1.021956
0.596900
0.631546
0.899060
0.000003
0.810895
1.160234
0.844665
0.005969
0.661799
0.748062
0.001242
0.626230
0.834604
0.667308
0.587543
0.662083
0.586581
0.799164
0.888336
0.000529
0.557739
0.758125
0.662240
0.421416
1.092875
0.747538
0.000005
0.000926
0.618431
0.840324
0.657268
0.689039
0.719612
0.683403
0.639325
0.992785
0.734145
0.660245
0.625171
1.009303
0.774344
0.611612
0.831457
0.862006
0.645310
0.983209
0.652513
0.590379
0.692605
0.559085
0.908253
0.710233
0.843167
0.455924
0.762061
0.648497
0.888834
0.637770
0.679219
0.811131
0.656411
0.655452
0.724576
0.680830
0.643300
0.467371
0.591408
1.188020
0.569470
0.660312
1.119789
0.676834
0.722894
0.658664
1.249483
0.724679
0.993361
0.613069
0.649008
0.636032
0.600934
0.000000
0.739796
0.935244
0.720481
0.909033
0.822652
0.692060
0.000475
0.645385
0.661027
0.904846
0.650687
0.630205
0.601679
0.000073
0.584504
0.943606
0.565623
0.000701
0.002303
0.983653
0.000314
0.759717
0.670534
0.582343
1.183548
0.628912
0.634594
0.651587
0.557509
0.739300
0.644623
0.703261
0.618675
0.712235
0.771491
0.777470
0.872763
0.758854
0.669692
1.324866
0.992111
1.182776
0.660869
0.716516
0.622925
0.690351
0.625674
1.142617
1.220110
0.629794
0.961527
0.651199
0.548547
0.741394
0.710143
0.000364
0.637743
0.829153
0.569587
0.801129
0.627418
0.851321
0.000006
0.627827
0.645192
0.944986
0.665679
0.614203
0.600339
0.000050
0.684753
0.894297
0.000223
0.806581
0.957917
0.686198
0.800548
0.716560
1.107327
0.910395
0.880226
0.851309
1.006005
0.001070
0.751001
0.715386
0.625717
0.676020
0.689079
0.624154
0.634364
0.836234
0.549971
0.557869
0.916594
0.678010
0.905299
1.066668
0.558569
0.690586
0.000056
0.697299
0.706304
0.849952
0.619663
1.043323
0.850595
0.738113
0.779699
0.843870
0.736206
0.628493
0.498596
0.882142
0.597571
0.594865
0.747612
1.268546
0.558813
0.731286
1.047018
0.913243
0.563760
0.000164
0.618878
0.565857
0.882242
0.749629
0.733841
0.847837
0.670783
0.820843
0.910663
0.719747
0.603945
0.706250
0.635000
0.673035
0.785390
0.395959
0.739839
1.152018
0.752013
0.619276
0.004022
0.000922
0.662901
1.117694
0.000107
0.737279
0.682084
0.713192
0.719507
0.000001
0.554730
1.041744
0.658537
0.785147
0.645141
0.628337
0.740390
0.547831
0.581885
0.716798
0.703189
0.000090
0.649108
0.000674
0.970556
0.683806
0.670441
0.000010
0.610347
1.271884
0.012272
0.698074
0.733990
0.603020
0.605308
0.783339
0.988893
0.803449
1.116122
0.940585
0.618346
0.781780
1.122715
0.896770
0.935397
0.000004
0.716717
0.823303
0.654920
0.688573
0.404664
0.757444
1.152242
0.839894
1.007866
1.055279
1.165855
0.766840
0.675626
1.090039
0.757698
0.673030
0.984593
0.652944
0.958905
0.000144
0.669672
0.872506
0.851716
0.778921
0.732461
0.679353
0.976559
0.670574
0.663283
1.272857
0.681084
0.602422
0.688155
0.843848
0.635834
0.634268
0.000049
1.134409
0.727915
0.712276
0.653658
1.108194
0.607753
0.620635
1.224365
0.916498
0.682924
0.759778
0.630651
0.864069
0.726734
0.740982
0.667965
0.627908
0.772317
0.643363
1.185936
0.006032
0.848424
0.620748
0.895400
0.703930
0.939018
0.865724
0.676926
0.897537
0.000652
0.665091
1.062163
0.670221
0.503013
0.862813
0.912426
0.627217
0.335898
0.701108
0.910588
0.729850
-0.000204
0.659506
0.761698
0.849226
0.636367
1.032886
0.732666
0.000266
0.748553
0.697612
0.720580
0.701928
0.884875
0.793730
0.621636
0.617350
0.833294
0.700868
0.572099
0.575489
0.647071
0.868238
0.486400
0.000085
0.892753
0.743776
0.651351
0.651864
0.853667
0.589057
0.656282
0.000108
0.651190
0.611895
0.701392
0.583389
0.683372
0.741086
0.930802
1.004046
0.735203
0.688485
0.712240
0.000246
0.869074
0.780014
0.685084
0.815113
-0.000046
0.722245
0.631142
0.892922
0.773266
0.755635
0.641948
0.000043
1.021973
0.977875
0.635470
0.000121
0.971520
0.659331
0.709157
0.691633
0.878581
0.860306
0.720629
0.769612
0.691590
1.127223
0.768984
0.672425
0.662119
0.681013
0.739927
0.680735
0.561874
0.919990
0.755480
0.957669
0.766944
0.820508
0.757071
0.794635
0.619117
0.671888
1.131881
0.688923
0.608425
0.000156
0.654729
0.986277
0.625056
1.012962
0.814748
0.807542
0.644445
0.518365
0.960860
0.954181
0.621759
0.649215
0.636177
0.649685
0.626546
1.080640
0.000053
0.656877
0.530067
1.162735
0.841395
0.596054
0.464970
0.844290
0.042803
0.616167
0.571976
0.810052
0.642801
0.634907
0.639682
1.003245
0.681240
0.775103
0.675686
0.819238
0.697601
0.639927
0.898732
0.751184
0.771793
0.000480
0.628390
1.105869
0.635688
1.223184
0.685032
0.590620
0.692447
0.623898
0.770841
0.619096
0.624051
0.715481
0.000308
0.339754
0.641710
0.692168
0.000034
0.724000
0.715642
0.785516
0.678272
0.850376
0.632382
0.000013
0.613060
0.647659
0.907800
0.825392
0.653998
0.759152
0.732573
0.670756
0.528431
1.014551
0.646817
0.711235
0.000620
0.644648
1.102651
0.958265
0.643335
0.640271
0.779819
0.684825
0.648983
0.639729
0.709826
0.932260
0.840199
0.621196
0.000012
0.552167
0.794693
0.000531
0.717954
0.737831
0.806593
0.531185
0.000081
0.682675
0.682393
0.559912
0.634159
0.651313
0.820066
0.600721
0.797350
0.000430
0.889941
0.701517
0.642935
0.740043
0.681193
0.648959
0.000025
0.686291
0.001606
0.611333
0.798669
0.495045
0.582106
0.729130
0.590691
0.563903
0.621795
1.046112
0.580364
0.821243
0.785315
0.690148
0.830644
0.593046
0.696759
1.010568
0.000348
0.599055
0.522277
0.585616
0.984134
0.000101
0.639189
0.676816
0.892223
0.627404
0.580847
0.822319
0.774942
0.593995
0.601861
0.561724
0.619862
0.696319
0.901652
0.801103
0.938643
0.631795
0.980236
0.622310
0.689002
0.620765
0.642660
0.729119
0.703076
-0.000197
0.815016
1.050651
0.923264
0.813442
1.157844
0.001536
0.598157
0.660757
0.640218
0.602836
0.716770
0.674112
0.717907
1.059022
