5.569842
5.843642
3.769004
4.278626
4.270828
7.158443
5.272395
14.168790
13.289552
3.915867
4.315802
7.164259
6.451718
6.578265
1.989631
2.427248
8.998806
4.899713
4.959905
5.559747
5.495931
4.050160
6.831538
4.294459
5.090222
4.351073
5.270212
3.279358
1.841149
6.935492
0.002384
7.384800
4.293366
4.772356
6.398713
6.828240
8.410195
3.194270
9.228152
4.013496
3.606804
5.171516
6.280919
3.146920
5.706725
4.730427
4.700741
2.689287
4.724959
6.662733
4.000476
3.999084
4.340315
4.085217
1.622740
3.515784
2.079844
2.730457
2.464684
4.388011
2.483911
7.790532
0.000006
7.036708
6.611719
7.146832
4.356209
2.244955
7.328495
10.115809
2.588697
4.172354
8.111572
5.625886
5.798255
3.979047
0.001738
3.012632
4.118796
6.581514
3.993377
5.497218
3.429016
3.025101
3.098766
6.360437
0.000379
3.755805
5.387577
2.417912
4.798810
2.866915
3.391599
4.273923
5.515600
5.422502
3.144567
6.426717
2.655894
3.884358
4.584092
3.449721
6.711518
4.844424
5.807532
7.560835
2.548959
0.003063
5.604049
4.225074
2.225133
2.785605
6.058028
3.499775
3.009149
5.705904
0.001377
7.549498
4.320648
7.604606
5.902534
5.460909
3.411561
7.943937
3.965039
3.523325
2.717866
2.668888
