-0.034436
-0.363713
0.631200
-0.211456
-0.040787
0.868430
-0.114169
-0.071864
-0.243715
0.259611
-0.078918
-0.000000
0.285673
0.320757
-0.380974
-0.119589
-0.078872
0.064811
-0.026507
0.077958
-0.064053
-0.155932
0.008564
1.086510
-0.110124
-0.206707
0.462788
-0.000000
0.353514
0.013150
-0.118058
0.008094
-0.000000
0.819876
0.286426
0.299670
0.586348
-0.000000
0.007783
0.534365
0.071931
-0.007177
-0.002072
-0.390946
-0.060138
0.006683
-0.041093
0.016424
-0.027585
-0.000000
-0.268861
0.434864
0.435215
-0.062865
-0.059461
0.107909
0.575758
-0.000000
0.483239
-0.000000
-0.424157
-0.000000
-0.667537
-0.062875
-0.007484
-0.054445
-0.013582
-0.028443
0.918852
-0.020204
-0.147861
-0.000000
0.106815
-0.056543
-0.071823
0.005427
-0.061819
0.240817
0.000777
-0.260716
-0.000000
-0.024207
0.354744
0.532954
-0.000000
-0.017269
-0.141648
-0.000490
-0.073398
0.023144
0.787291
0.299366
0.608249
0.536652
0.785195
0.708388
0.021041
-0.118702
0.356113
-0.158928
-0.519644
-0.058670
0.812085
-0.033844
-0.048855
-0.014966
-0.023785
-0.232587
-0.029630
-0.278968
-0.040544
-0.000000
-0.311275
0.743538
0.286388
-0.181663
0.015727
0.717052
0.312457
0.786051
-0.026732
-0.084633
-0.002589
-0.056825
-0.060595
0.329404
0.000000
-0.038625
0.368813
0.529002
-0.156933
0.032560
0.016615
-0.218776
0.317488
-0.424586
-0.125587
-0.244658
-0.186246
-0.158573
-0.038241
0.318606
-0.000000
-0.067607
0.306202
0.468037
-0.018564
-0.015801
-0.071649
0.986203
0.420747
-0.422298
0.204226
0.031780
0.017682
0.578904
-0.171274
-0.043450
0.380066
-0.024424
-0.604836
-0.067980
-0.129404
-0.067280
0.015263
0.427881
0.660344
0.525637
-0.000000
-0.182520
0.575668
-0.274079
-0.032196
0.389499
-0.010630
-0.083126
-0.150747
0.717749
-0.236165
-0.000000
-0.000000
-0.470137
1.034939
-0.164720
1.552242
0.653318
1.059391
-0.077852
-0.060858
-0.000000
-0.035234
0.345358
-0.079850
-0.025283
0.278507
-0.067454
-0.000000
-0.135883
-0.000685
-0.089759
0.280947
-0.126636
-0.085141
-1.138173
-0.050284
-0.040446
-0.054958
-0.022411
0.076359
-0.076866
0.878841
0.011136
-0.002174
0.350870
0.053905
0.035255
0.141959
0.452525
-0.002214
-0.294363
-0.183693
-0.733665
-0.062124
-0.346224
0.297492
-0.054864
-0.112447
-0.190929
-0.109661
-0.120682
0.916319
0.019093
-0.117301
-0.007000
0.020977
0.467669
0.380357
0.497597
-0.100492
-0.058613
0.328651
0.902780
-0.000000
0.305053
-0.357551
-0.038880
0.256605
-0.016032
-0.312601
0.584636
-0.433151
-0.469451
-0.165924
-0.178033
0.279411
-0.013330
