-0.0040345057
-0.08050737
-3.372551e-08
-0.047917668
-0.023764953
-0.019827526
-0.029952437
-0.0879233
0.013815469
0.09478107
0.098733716
0.0449944
-0.025590902
0.037166484
-0.043867383
0.16352983
0.12502249
0.1786292
0.07995476
0.06439433
-7.7544854e-07
-5.5966535e-07
-8.864869e-08
0.3507002
-8.1549217e-07
0.12928554
0.23183262
-1.182609e-08
-9.139275e-07
0.036422033
0.16930576
0.044478465
0.246257
-6.085681e-07
0.024015458
-0.070616685
0.008098173
0.094000794
0.099282846
-0.071029514
0.046979796
0.033804476
0.16090332
-0.045653973
0.16297604
0.44147286
-5.1666976e-08
-0.052885722
0.055852614
-3.399594e-07
0.072306894
0.09921015
0.17977151
-1.1416393e-08
0.16730036
-0.027199728
0.06058476
0.40823346
0.12385423
0.080438636
0.017585706
0.43162516
0.112424225
0.029769825
