-0.05070929
0.45672286
-0.023111392
-0.13462758
-0.07571029
0.0112104295
-0.053669196
-0.21787527
0.3015342
0.014687458
-0.04473877
-0.10253478
-0.05586768
-0.14706428
0.017036311
0.25564146
-0.20642808
0.040339105
-0.05503531
-0.17022191
0.010873994
-0.118987285
-0.09716677
-0.09519618
-0.0481112
-2.9127605e-07
0.10740159
0.15737902
0.10389372
-0.015826236
-0.030494822
0.1933111
0.30451977
0.061030358
-0.05067531
0.23956169
-0.1838966
0.14988965
-6.2825063e-07
-0.030957716
0.05957768
0.21528013
-0.02030446
0.2544862
-0.09249758
-5.316541e-10
0.0798871
0.10761177
-0.06606049
-0.10981993
-0.005826565
-5.832139e-07
-0.10374116
-0.05071626
0.048677135
-4.4832646e-10
-0.11710868
0.32254195
0.21506666
0.17743105
-0.104365
0.06903277
-0.2259317
-0.07733495
0.15549971
-0.05715493
-0.04922165
-5.4034337e-09
-0.16271845
0.038092647
-0.03636357
-0.06933792
0.0022989318
-0.061559897
-0.10548099
0.05660854
-0.022838563
0.23885943
0.028224299
0.07102705
-0.035837874
-0.0729509
-0.04375207
0.13785338
0.21924451
-0.039022706
-1.0706753e-09
-0.0800282
-0.17783658
-0.11881963
-0.051336374
-0.13174716
-0.18202229
-0.04779883
-0.06378186
1.2518434e-08
-0.043296944
-1.6843503e-08
-0.04495945
-0.03122257
-0.041288577
-0.13047323
-0.061734572
0.010728938
-0.06422852
-0.07285987
-0.13606113
-0.05101994
-0.0838977
-0.04528511
0.14890699
0.24915376
-3.9316914e-09
0.1272308
-0.034299556
-0.06320323
-0.095902756
0.01002814
-7.1699884e-07
-0.11909372
0.034972116
-0.057545412
0.29650807
-0.1086275
-0.0838643
0.23682871
0.0067028957
-0.24938896
