0.07771893
-0.023085592
-0.14247377
0.37622502
0.07393133
0.42703903
0.21276744
0.048011042
-9.883793e-08
-0.027084101
-0.08207401
-0.18714197
0.36072463
0.16133887
-0.05892389
0.36675787
-0.093333796
0.39798605
-0.031501226
-0.056986224
-0.009422558
-0.009964293
-1.6733152e-08
-0.043678902
-0.061756052
0.015368418
-0.10418226
-0.091882944
-1.3888245e-05
-0.20190758
2.8696453e-08
-3.6574113e-09
0.27787784
-0.054923315
-0.122632295
0.25780213
-5.5598423e-07
-0.12698363
0.31640714
0.21959837
0.37575474
-0.038405824
-0.20699598
-0.057226505
-0.00829605
-0.118799195
0.46636435
0.013546196
0.027612671
-0.12848951
0.41050732
0.13842148
-0.07369481
-0.09502799
0.081431374
-0.07513588
0.08296871
-0.11906626
-0.052296903
0.079675354
0.057181213
0.0673618
0.04128274
0.0323693
0.031284083
0.27928504
-0.033926096
-0.03790358
0.37889993
0.014126318
-0.16092727
-0.020716403
0.028071225
-0.02879793
0.03731794
-8.809271e-08
-0.028992623
0.28202403
0.22587201
-0.05676098
-0.03225939
-0.0025424578
-0.09478246
-0.15162976
-0.15602526
-0.12566619
-1.1977829e-07
0.22633034
0.2677963
0.31829017
-0.041026697
0.5723196
0.0102115795
-0.00805507
-0.061975405
-0.076514386
0.16268975
0.35829177
0.49958488
-0.10064925
-0.0018263309
0.049058575
-0.091703184
0.05905344
0.20230593
0.002816054
0.3058683
-0.074437626
0.28834078
0.03376608
-0.010158118
0.46849316
0.015969625
-0.08909053
0.36112264
-0.072082214
-0.117024295
-0.048646495
-0.09662789
0.42234188
-0.002250428
-6.5992236e-07
0.29913244
-0.015504311
-0.017567951
0.0841257
-3.384906e-08
-0.013848658
-0.0009545452
0.0043957033
-0.06287299
0.25270176
-0.0005314884
-0.04382174
0.028998777
0.32426623
0.625388
-0.10890787
0.09607317
0.06294751
0.061606742
-0.009957844
-0.025719639
0.37334943
-1.5547387e-08
0.25010815
-0.113569655
0.38151672
0.018342597
0.24597009
-6.750158e-06
-0.0064192517
0.1376911
-2.9717594e-07
-0.021927023
0.2902415
0.35329688
0.03627237
-0.026713
0.059976436
0.36336643
0.3188037
-5.6126286e-08
-0.016193885
-0.12063512
0.3850599
-0.20168065
0.10027188
0.34171999
-0.052363824
-2.4041813e-09
0.049119364
0.1435129
0.3156003
-0.04318266
-0.11779332
-0.026581967
-0.08557616
0.020613635
-0.12450169
0.28243586
0.0551766
-0.012699901
0.20736064
-0.07934016
0.1349166
0.073389746
0.35768914
0.10233629
0.30116424
0.11545509
0.21811293
0.06346481
0.33187687
-0.09824191
0.42687085
-0.060467217
0.1307794
-0.16977477
0.27704206
0.36413634
0.1785578
0.012297393
0.00021849976
-0.13981506
-0.038099505
-0.06310136
0.102424525
0.12166491
0.26891002
0.3231845
0.12454717
-0.10502702
0.101535775
-0.06693049
-0.061665636
0.0082165245
-4.1398465e-08
0.0035072966
-2.2204595e-08
-0.14686456
-0.068311945
0.070475146
0.43930095
-0.05419131
0.19238247
-0.109332025
0.05785654
0.014546321
0.2929988
0.04000078
-1.1202225e-08
-0.0061936327
0.09307078
-0.030291788
-0.10993903
-0.05928835
0.31313735
-0.13039543
0.3902358
0.32196063
-0.17131822
0.20968612
-0.061670426
-0.06090587
-2.189107e-09
0.005235583
-0.067525595
0.29020813
-0.082336314
0.24214895
0.20895942
0.007123228
0.11604101
0.050776094
-0.019782692
0.033276007
-3.391852e-08
-0.06991291
-0.19359629
-0.11783338
-0.029457783
0.03613988
0.2388414
0.07399262
-0.074877314
0.17266925
-0.13161764
0.054922085
0.29302675
-0.016580146
-0.061853483
0.3523147
-0.01158164
-0.033073757
0.17666346
0.2185628
0.35021156
0.14504449
-0.03179908
0.2997019
-0.04564423
-0.007173178
0.3174512
0.03223834
0.44373837
-0.024289751
0.29001564
0.024268784
-3.5005165e-08
0.3093699
-0.090100214
-0.19864462
-0.001820908
0.06932999
0.040778503
-0.16320413
-0.04651671
-0.008029575
0.013499369
0.16252483
-0.14584146
-0.0042676204
2.2693873e-09
-0.26278266
0.27161786
0.1522031
0.35180384
0.07157609
-0.09601358
-0.04062752
-1.428252e-09
2.1240882e-07
-1.419482e-08
0.33198336
0.266951
0.006046516
0.28634495
0.011158289
-0.00029151753
0.0019889206
-0.07270506
-0.093524836
-0.100221775
0.018892143
0.029530777
0.45017958
-0.15225616
0.5416019
-0.021187818
0.32815427
0.056082394
0.043871842
0.32655185
0.23397817
0.25199336
0.28738314
-0.12971261
0.3201346
0.33839217
0.14804316
-0.1761645
-0.07330152
0.012506189
-0.06986557
-2.623456e-08
-0.024555095
0.37467486
0.11785527
0.3530176
-0.09251979
-0.0034897402
0.31046593
0.25155124
-0.0872908
0.009920921
0.071089864
-0.014413016
-0.055034198
-0.05022869
0.4445999
-0.18263593
0.043685507
-0.037858766
-0.09153115
0.24095237
0.37472308
0.025062393
0.22215818
0.066070065
0.23384704
-3.9960815e-07
-0.019730529
-0.029446075
0.0125159975
-0.13889758
0.46524796
-0.021929003
0.37830645
-0.028092291
-0.07898466
0.19725776
0.4092046
-0.1236105
0.25227568
0.05144572
-1.2166752e-08
0.29907772
-0.038480233
-0.0013556848
-7.4401445e-09
-0.048336692
0.40495297
-1.542382e-08
-0.005000625
-0.078463994
0.24539396
0.35141346
-0.12470058
0.0611359
-0.014747135
-1.8891717e-09
0.014896229
-0.083122745
0.09323139
0.021347076
-0.069228604
0.32750416
0.091271855
0.33942607
0.26054728
-0.003651927
-0.10991899
0.067901075
0.34989077
0.38318938
0.1531634
-0.17049934
0.047266766
-0.08287105
0.15471597
0.080561444
0.009059649
0.36381358
-0.0034423454
0.10768031
-0.019421583
-0.11537236
0.0017256293
-0.124913834
-0.13521534
0.07002203
0.16601998
-0.08558522
-0.023939801
0.26452515
-0.07265042
0.017630374
0.36292386
0.32011065
-0.08272794
-1.2247084e-07
0.20477857
0.35592067
0.1892221
0.006918001
-0.094248325
1.0238975e-05
-0.08478712
0.017378459
0.04672086
-0.049762323
-0.04634511
0.20689897
-0.026944065
-0.038448896
0.02878996
0.025589032
0.27802277
0.020660935
-0.047712676
0.15174142
0.16827075
-0.23013252
-0.058982104
0.32591072
0.3407974
-1.9336996e-08
0.24463755
1.0805494e-07
0.28642666
0.262315
0.20354943
0.34783068
0.062304948
-0.12824515
-0.08665461
0.15307507
0.090613216
0.292206
-0.1440021
0.015588571
-0.004219859
-0.20553112
-0.16941755
0.2110018
0.47393203
0.030546512
-0.12787098
-0.032750726
-0.01802737
-0.0036537244
-0.059164677
-2.7316654e-08
-0.069229
0.3413587
-0.061810154
-0.18584006
-0.026180234
-0.09549567
0.048053343
0.06313748
0.091104805
0.022030026
0.16309129
-0.0424337
-0.002414733
0.32609046
-2.1173987e-08
-0.20078199
-0.16103587
-0.08017758
