0.122780
0.364787
0.307382
0.308472
0.139443
0.231885
0.283856
-0.264503
0.047023
0.117229
0.182750
-0.000001
0.001936
0.131758
0.195833
0.133341
0.157544
0.194820
0.113497
0.139599
-0.005521
-0.298039
0.168464
0.245434
0.152459
0.298434
-0.068901
-0.000000
0.197133
0.020500
-0.067390
0.082159
-0.000000
0.242453
0.000304
0.230862
0.140060
-0.000000
0.064933
0.540513
0.258772
0.180652
0.230305
0.087189
0.130840
0.104840
0.250364
-0.063294
0.178926
-0.000000
0.086908
0.065716
-0.247855
0.377628
-0.309049
-0.060639
0.046361
-0.000000
0.204404
-0.000000
-0.307832
-0.000000
0.110850
0.134297
0.173416
0.079392
0.157044
0.060311
0.256195
0.102210
0.234448
-0.000000
0.216386
0.267874
-0.031900
0.027208
0.091628
-0.211310
0.146813
0.021948
0.000000
-0.251952
-0.153931
0.314104
-0.000001
0.065540
-0.199914
0.255069
0.236154
0.084161
-0.046196
0.059298
0.316311
0.279479
0.435963
0.309937
0.081461
0.431489
0.267163
0.059391
0.203739
0.168541
0.357621
0.063184
0.362553
0.142974
0.117347
0.326482
-0.170661
-0.072687
-0.184114
-0.000000
0.110981
0.256973
-0.132573
0.078224
0.285234
0.140940
-0.210431
0.287452
-0.126428
0.155830
0.102950
0.162724
0.633914
0.206939
-0.000000
0.278263
0.224827
0.206628
-0.028828
0.454046
0.057940
-0.200524
0.617715
0.303488
0.133865
0.222638
-0.053902
0.000492
0.170189
-0.184466
-0.000000
-0.222468
-0.056945
0.232367
0.263152
0.215883
-0.084977
0.327936
0.726517
0.139849
0.315319
0.401449
0.399822
0.443727
0.273021
0.194417
0.272538
0.137423
0.020730
0.467341
0.532066
0.061764
0.127999
0.497825
0.508391
-0.054743
-0.000000
0.247500
0.115142
-0.038015
0.133119
0.086868
0.006581
0.171349
-0.194435
0.155689
0.132879
-0.000000
0.000000
0.211045
0.133574
0.070700
0.417832
0.467269
0.262959
0.287448
-0.102880
0.000000
0.114717
0.182862
-0.063571
0.125220
0.052852
0.213287
0.000000
0.143394
0.467003
0.223294
-0.085779
-0.160442
0.221578
0.110533
0.188357
0.204636
-0.034024
0.067683
0.121944
0.516684
0.104795
-0.310034
-0.044097
0.284747
0.026053
0.162373
-0.136083
0.965354
-0.223332
0.065386
0.206105
0.198138
0.244324
0.040117
0.252827
-0.102723
0.215558
0.234827
-0.071866
-0.006036
0.397150
0.145549
0.147328
0.226474
0.031879
-0.241317
0.195710
-0.072790
-0.053445
-0.196484
0.236242
0.201913
0.000000
-0.206038
0.028618
0.244752
0.401554
0.226414
0.100211
0.195945
0.372510
0.108342
0.121997
0.030973
-0.258559
0.196936
