0.927296
0.843514
0.738266
0.785745
0.637805
0.317280
0.846617
0.781216
0.898694
0.993775
0.614161
0.645413
0.818865
0.903746
0.456291
0.832396
0.630823
0.781549
0.651750
0.462320
0.928006
0.002310
0.809022
0.832205
0.433727
0.664681
0.843206
0.632162
0.338949
0.903150
0.762696
0.932936
0.870704
0.820388
0.702317
0.761218
0.662755
-0.415319
0.552665
0.675664
0.716132
0.947864
0.754651
0.000014
0.000845
0.800953
0.991308
1.034261
0.379470
0.480519
1.026420
0.794831
0.000021
0.587814
0.468157
0.959797
0.851935
0.705493
0.452308
0.922187
0.496973
0.704163
0.230775
0.636198
0.766091
0.668048
0.647397
0.574159
0.751507
0.431772
0.554690
0.696032
0.851088
0.921818
1.063120
0.651074
0.702459
1.085674
0.763945
0.740542
0.660311
0.808848
0.803546
0.226313
1.255240
0.813604
0.562612
0.211600
0.000180
0.600418
0.674842
0.394297
0.619954
0.877925
0.724977
0.482200
0.655894
0.825672
0.770316
0.667159
0.672423
0.532659
0.000062
0.811575
1.015491
0.644246
0.686274
0.374906
0.816511
0.393350
0.581202
0.002814
0.782290
0.001839
0.689355
0.536435
0.886311
0.000004
0.734646
0.563394
0.000009
0.766429
0.758060
0.675962
0.648585
0.702289
0.737225
0.699867
0.696501
0.883958
0.730227
0.757690
0.672346
0.723783
0.675907
0.782983
0.695689
0.717710
0.691379
0.605048
0.776798
0.000109
0.742427
0.713477
1.065447
0.753560
0.607200
0.000061
0.408028
0.691185
0.663995
0.697457
0.685162
1.046709
0.531484
0.929161
0.607528
0.616569
0.802468
0.726854
0.850916
0.377533
0.410080
0.811280
0.650741
0.665169
0.781461
0.883517
0.860963
0.787104
0.832881
0.458682
-0.463247
0.555234
0.604513
0.777133
0.002146
0.435077
0.728190
0.787063
0.852171
0.788898
0.644831
0.799542
0.591170
0.648747
0.725631
0.000006
0.645629
0.610586
0.842515
0.701083
0.687619
0.924412
0.789445
0.804193
0.716852
0.472834
1.028072
1.220233
0.781473
0.846698
0.626392
0.534473
0.932441
0.667840
0.710230
0.708705
0.826847
0.750853
0.798247
0.932088
0.665852
0.535325
0.901048
0.847540
0.790252
0.555004
0.735015
0.716189
0.001428
0.937238
0.000009
0.604367
0.860435
0.549179
0.883454
0.603489
0.412800
0.714284
0.870341
0.828813
0.005883
0.000177
0.440106
0.627478
0.696353
0.692727
0.397953
0.583795
0.537365
0.502418
0.758820
0.967469
0.591647
0.755655
0.684174
0.586983
0.585400
0.915568
0.000716
0.465343
0.718790
0.410051
0.570172
0.000024
0.000001
0.912641
0.725624
0.641125
0.616239
0.645603
0.738613
0.599877
0.379286
0.883290
0.260990
0.552726
0.502028
0.571791
0.784889
0.807282
0.720834
0.524033
0.000167
0.780225
0.244392
0.867170
0.653975
0.697992
1.153572
0.715166
0.793236
0.914568
0.644125
0.859834
0.718337
0.703300
0.800864
0.616800
0.905401
0.910803
0.560656
0.442734
0.750311
0.808777
0.759787
0.742364
0.835120
0.977854
0.800931
0.773517
0.644082
0.830554
0.684115
0.486370
0.692326
0.720956
0.704375
0.552644
0.953709
0.505662
0.554286
1.004284
0.000000
0.903830
0.762518
0.366853
0.242327
0.797147
0.952382
0.811122
0.001523
0.532524
0.843016
0.672538
0.736045
1.026483
0.419448
0.183281
0.618892
0.002395
0.871150
0.625417
0.666112
0.578848
0.625065
0.577840
0.342742
0.000033
0.824101
1.071813
0.803345
0.727117
0.754987
0.538182
0.002179
0.872974
0.577167
0.843729
0.396704
0.701429
0.655047
0.785417
0.562034
0.692490
0.633946
0.560395
0.970581
0.643302
0.001768
0.543125
0.722646
0.776025
0.509547
0.693202
0.665137
0.742015
0.653463
0.499202
0.669464
0.789211
0.880084
0.747193
0.000014
1.291496
0.913441
0.976403
0.579410
0.978471
0.740116
1.071312
0.808478
0.613688
0.609385
0.743240
1.016178
0.572453
0.803657
0.564792
0.498302
0.002011
0.673015
0.728454
0.309345
0.524563
0.668216
0.750335
0.836764
0.700749
0.827242
0.882680
0.799932
0.477209
0.000036
0.490175
0.894738
0.694871
0.558617
0.620484
0.685453
0.986147
0.000463
0.584251
0.699289
0.598062
0.658888
0.750296
0.443900
0.954149
0.555401
0.000545
0.830952
0.653269
0.528986
0.733258
0.805659
0.614943
0.399830
0.785000
0.985477
0.572328
0.745506
0.637542
0.907551
0.889050
0.785119
0.719736
0.647554
0.580915
0.000088
0.417688
0.704421
0.299660
0.612480
0.761900
0.727152
1.030847
0.997147
0.606490
0.722429
0.898380
0.967786
0.912215
0.625016
0.539885
0.748245
0.974552
0.685103
0.663761
0.554963
0.810892
0.732931
0.897188
0.439565
0.789506
0.626982
0.001073
0.649423
0.606978
0.621213
0.476762
0.000047
0.621846
0.654063
0.927230
0.900127
0.536616
1.022174
0.968225
0.002632
0.634164
0.796506
0.813601
0.739438
0.926302
0.492396
0.639274
0.689850
0.553334
0.740983
0.677784
0.625902
0.863448
0.730108
0.827901
0.795511
0.829519
0.696879
0.567876
0.552142
0.348845
0.655840
0.680002
0.827416
0.339064
0.765536
0.645505
0.899636
0.690914
0.664370
0.658867
