-0.045239
-0.170817
-0.304584
0.493126
0.604680
0.546403
0.052828
0.335378
-0.000000
-0.156977
-0.187003
-0.441412
0.395032
0.290307
0.554959
0.305634
-0.193991
0.477165
-0.031501
-0.259641
-0.114913
-0.168749
-0.000000
0.393446
-0.239901
0.313123
0.412507
-0.168816
-0.000014
-0.382819
0.000000
-0.000000
0.244196
-0.150220
-0.269784
0.523556
-0.000001
0.803895
0.425843
0.149161
0.488740
-0.160883
-0.392829
-0.144487
-0.142083
0.634376
0.368335
-0.076636
-0.103991
-0.261478
0.391191
0.304051
-0.206877
-0.189964
0.273858
-0.178112
0.279061
-0.295359
-0.212475
-0.048842
-0.351864
-0.049943
0.344977
-0.180839
-0.128647
0.249125
-0.114786
-0.154861
0.403692
-0.088479
-0.391438
-0.136769
-0.075370
-0.147634
-0.081157
-0.000000
0.394506
0.414471
0.342532
-0.199692
-0.176055
-0.121982
-0.273123
-0.507010
0.159133
-0.160890
-0.000000
0.361601
0.264191
0.468096
0.403254
0.640868
-0.073773
-0.088488
-0.230553
0.155721
0.099862
0.463446
0.483904
1.184922
-0.001826
0.294375
0.884608
0.355170
0.322317
0.424138
0.248660
0.913083
0.219104
-0.059538
-0.135558
0.530904
-0.103574
0.822730
0.336900
-0.215207
0.512604
-0.156390
-0.210407
0.413356
-0.127545
-0.000001
0.441408
0.329612
-0.153637
0.249816
-0.000000
-0.042324
-0.104395
-0.104131
-0.225139
0.201988
-0.152394
0.327987
0.266017
0.304826
0.670953
-0.469399
-0.034772
-0.007538
0.359225
-0.203266
-0.107632
0.521591
-0.000000
0.452896
-0.188296
0.482593
0.389462
0.130466
-0.000007
0.288876
0.289541
-0.000000
-0.114031
0.246836
0.451823
0.755780
0.365138
-0.062737
0.298761
0.276830
-0.000000
0.360765
-0.240910
0.547709
-0.234059
0.274667
0.321075
-0.190029
-0.000000
-0.063390
0.266300
0.453657
-0.137027
0.283798
-0.091183
-0.334897
0.411367
0.320776
0.401482
-0.082831
-0.142830
0.402478
-0.230289
0.284099
0.350864
0.325012
0.256302
0.417808
0.292065
0.175480
-0.099604
0.311671
-0.195950
0.508800
-0.236820
0.350906
-0.336108
0.361345
0.360312
0.315763
-0.095085
0.000218
-0.306857
-0.175698
-0.130411
0.297089
0.974034
0.136368
0.297447
0.326953
-0.272464
-0.028556
-0.157897
0.603174
-0.119333
-0.000000
-0.112632
-0.000000
-0.080460
-0.247261
-0.037585
0.555490
-0.192098
0.245153
-0.344168
0.380097
-0.108104
0.314960
-0.061796
-0.000000
-0.143058
-0.021508
-0.214303
-0.292480
-0.254056
0.294187
-0.260442
0.506539
0.427984
0.628945
0.344157
-0.190270
-0.177528
-0.000000
-0.127035
0.361545
0.269947
-0.151969
0.217854
0.343565
-0.121115
0.313085
-0.028738
-0.188553
-0.015951
-0.000000
-0.206676
-0.563993
-0.318996
-0.184396
-0.086986
0.367018
0.599152
-0.192812
0.167238
-0.495520
-0.050671
0.260326
-0.144451
-0.187970
0.324641
-0.109411
-0.176141
0.060186
0.344061
0.449854
-0.026414
-0.139918
0.393413
0.536898
-0.110572
0.277664
-0.141918
0.543115
-0.194370
0.346915
-0.124760
-0.000000
0.436990
-0.183343
-0.094043
-0.041348
-0.063951
-0.105755
-0.355566
-0.239312
0.402292
-0.124684
0.310132
0.433407
-0.138383
0.000000
-0.392738
0.275035
0.019152
0.464392
-0.069784
-0.272069
-0.152732
-0.000000
0.000000
-0.000000
0.456144
0.434533
0.301404
0.383959
-0.074114
-0.191089
-0.091193
-0.180914
-0.350575
-0.195147
0.298244
-0.082264
0.391730
-0.304425
0.625440
-0.061798
0.443965
0.454153
0.043872
0.442041
0.476912
0.361722
0.243650
-0.223844
0.369682
0.448620
0.085369
-0.327126
0.344730
-0.164544
-0.151973
-0.000000
-0.140229
0.456853
0.273795
0.437453
0.526257
-0.149503
0.437038
0.377766
-0.150269
-0.182426
-0.032505
-0.132343
-0.201146
-0.358100
0.538138
-0.363911
0.317487
-0.156005
-0.384446
0.370676
0.469701
-0.095843
0.395164
0.278819
0.175370
-0.000000
-0.119658
-0.143851
0.454225
-0.331854
0.536110
0.471381
0.337939
-0.196628
-0.189993
0.385937
0.408487
-0.327631
0.390881
-0.016698
-0.000000
0.457808
-0.163255
-0.155942
-0.000000
-0.228830
0.538755
-0.000000
-0.070799
-0.242978
0.318351
0.477487
-0.304581
-0.098521
-0.152126
-0.000000
-0.148789
-0.167813
0.383162
-0.035805
-0.170795
0.477856
0.294202
0.339048
0.216868
-0.097902
-0.187492
-0.087291
0.345223
0.487417
0.116349
-0.374434
0.302104
-0.223632
0.288895
-0.065164
-0.137432
0.360753
0.382705
0.271198
-0.112227
-0.210412
-0.144986
-0.408903
-0.245210
-0.045173
0.428637
-0.240169
1.354481
0.392828
1.033301
-0.119247
0.441880
0.503899
0.653520
-0.000000
0.340689
0.456632
0.311772
0.564826
-0.232636
0.000010
-0.397213
-0.189267
0.851085
0.376691
-0.163617
0.180265
-0.148366
-0.104513
-0.108326
-0.059036
0.393464
-0.090437
-0.112190
0.128628
0.082724
-0.643932
-0.323108
0.463693
0.425938
-0.000000
0.230343
0.000000
0.381295
0.230305
0.309481
0.440006
1.548461
-0.259705
-0.246670
1.072981
0.413702
0.432483
-0.405875
-0.086516
-0.154315
-0.524839
-0.241598
0.353443
0.370883
-0.117907
-0.305650
-0.192767
-0.190104
-0.101412
-0.228011
-0.000000
-0.211533
0.313815
-0.041217
-0.419913
0.331679
-0.196452
-0.070628
-0.061027
0.069628
-0.079692
-0.015884
-0.114274
0.562477
0.444985
-0.000000
-0.580978
-0.232304
-0.451403
