0.09912508
0.16746384
0.15879896
0.031634107
-5.647211e-11
0.15434167
0.08791846
-0.051502436
-0.021665212
-0.006178834
-0.080111034
-0.017407095
0.024923805
0.14452296
0.19317687
-0.03123288
-0.05411546
0.024990791
0.00044403732
-0.08505087
0.033560358
0.021399645
0.11298588
-0.072225526
0.059365273
-0.029587416
-0.037107762
0.03880906
0.03919573
0.05311296
0.0028301503
0.011088796
0.008992175
0.13476273
-0.005153353
-0.049959697
-0.06974947
-1.0849249e-08
-0.06636144
-0.01467857
0.19311899
0.05143225
0.042223793
-0.01756192
-0.050981045
0.03181238
0.060215108
0.014397599
0.061788246
-0.062807076
-0.1013544
0.149641
0.015538946
-0.0114320265
0.0019774907
0.0327277
-0.03872129
0.05284909
-0.017505312
-0.0016085425
0.19471852
-0.010465945
-3.745388e-08
-0.040134836
0.10923318
0.004872749
0.03030355
-0.016708313
-0.02845957
0.03615161
0.002835937
0.015315192
0.0036245591
0.010013489
0.08189839
0.034759156
0.005209057
0.21596071
-0.089458555
0.031576306
0.0042208154
0.005073724
0.020778459
0.0029467389
-0.008110795
0.1502386
0.1541461
-0.067822695
0.123532556
-0.07368674
-0.06461981
0.20956041
0.0106350705
0.16203165
0.08240544
0.009087874
-0.039726757
0.043688595
-0.011268983
-0.032974955
0.03618524
0.21035346
0.08881437
0.15530163
-0.012043997
-0.041630294
-0.032016166
-0.024508348
0.07810195
-0.050494812
0.17181651
0.07412517
-0.033742793
0.205634
0.10610901
-0.035822675
-0.0973149
0.015465143
0.11292053
0.013422208
0.011197241
0.02003894
0.027506204
-0.03581648
-4.927927e-08
-0.07269086
-0.009918192
0.19279028
0.14449674
0.0031032173
-0.099106714
0.021878755
0.14250232
0.040599104
-1.0629747e-06
0.094142705
0.048189092
0.001392777
0.1480157
0.013664074
0.13015263
-0.038250558
-0.05420283
-5.9067444e-09
0.12932414
0.15353489
0.034722485
0.0060819127
0.1195193
0.012406056
0.08785162
0.20329697
0.016817061
0.0026723626
0.006190454
0.073139444
0.04209996
-0.03743473
0.24738666
0.07763055
0.022947382
0.12633082
0.03215463
-0.007502474
0.06265191
-0.05424624
-0.114133544
0.027262833
0.039211176
-1.6661421e-07
0.12267648
0.023322904
-4.8270017e-08
-0.0003395314
0.062451493
-0.035722014
-0.015388504
0.053974167
0.15607095
0.03110471
0.07308487
0.12725444
0.09599458
-0.23227492
0.06616847
0.17629077
-0.04186761
0.1341424
-0.00062475493
-0.06007972
-0.002639995
0.10243151
0.047410082
0.009205165
-0.001538988
0.029026352
-0.041208535
0.0057515097
0.044261124
0.040871702
0.20434058
-0.0064631193
0.023640955
0.16262665
-0.008311482
-0.07380219
0.11864106
-0.0056642164
0.026774025
1.9259535e-11
-0.03821632
-8.567888e-08
0.011348866
-0.032067645
-0.030798653
0.053486917
0.005370969
-0.025335547
0.012627605
0.17687045
0.058078215
-0.07423017
0.03721773
-0.019548798
-0.058606148
0.22746184
0.13123746
-0.05520836
-5.1687493e-06
-0.035017166
0.1279716
0.02117286
-0.07257389
-2.8881489e-06
0.057665948
0.038788974
0.22905223
-0.09506313
0.07882519
0.13855411
0.17331858
-0.0021765535
0.07677465
-0.040282268
-0.02885357
-0.0626524
-0.16513819
-1.2872913e-07
0.03266419
-0.06632768
-0.023026748
-1.1101404e-05
0.21630509
0.20969594
-0.020815892
-0.011588249
0.12299462
-0.40893838
0.02382315
-0.068514116
0.12274615
0.077881895
-0.101731434
-0.057570588
0.047255427
-0.04338094
-0.012904156
-0.024431355
0.11304573
1.0452627e-08
0.14192215
-1.0032886e-06
-0.008270683
0.12196483
0.17997488
-9.960871e-08
-0.04158789
0.15642987
0.18557921
-0.036662567
0.17108421
0.21738844
-0.037963703
0.24705142
-0.00021826672
0.054088447
-0.047167998
0.12036481
-0.058677625
-0.041216195
-4.163031e-07
0.08041225
-0.0049957586
-0.04042088
-0.021472994
0.044726755
-0.007189565
-2.8359123e-06
0.09436913
-9.979318e-07
0.09515144
0.019080583
-0.00023861232
-0.032992724
-0.020742925
0.18906817
0.107344605
-0.108656146
0.008374106
0.12009989
0.007952836
0.01921824
0.12176619
-0.05523102
-0.035675228
0.10470979
-0.08098449
0.1233459
0.19020489
0.0054684053
-0.00789019
0.17853206
0.19536595
0.21635176
0.14190023
0.17551251
-0.024577351
0.041828707
-7.12414e-08
0.1067756
0.019486846
-0.05003905
0.017297665
0.020033862
0.1498551
-2.2495504e-07
0.06830523
0.12804739
0.012251514
0.077334225
-0.007621016
0.1288135
0.03564649
-0.02915532
0.13270272
-0.05840067
-0.04513181
-0.025717204
-0.0492411
-0.006021801
0.039619148
0.0007492911
0.031140838
0.09204247
-0.092700064
-0.010916238
0.16140722
-0.011662333
0.23848125
0.15152997
0.03365668
-0.071839936
-0.00046791937
0.13687102
-0.035966113
0.12710609
0.25542903
0.09113492
0.107584864
0.010385812
1.8325179e-10
0.03162548
0.061542965
0.14912586
0.103302285
0.14717317
0.10508719
-0.04017446
0.16469501
-0.0274669
0.12635452
-0.034036506
0.09765717
0.083539344
0.032066926
-0.12831606
0.099639654
0.090185165
0.14259821
0.25996035
0.14997056
-9.729802e-07
-0.1250827
0.057252377
0.18277273
0.12728241
0.15533078
-0.022444809
-0.106004365
0.16364889
-0.0074229464
0.16464542
-0.028832898
-0.04152088
0.16709417
0.09257484
0.07026984
0.13343808
-0.0018032646
0.0054445905
0.07232116
-0.041640695
0.051472515
-0.025869444
0.107033364
0.13041377
0.19941922
-0.026171753
0.03347694
0.02553766
-3.128725e-11
-0.033415724
0.09992514
0.011657288
-0.06301169
-0.0049243625
0.070483424
-0.016043507
-0.0069625936
-0.007077722
0.0243744
0.069252744
-0.057726234
0.1785521
0.23914655
2.515975e-09
0.0106142
0.07803458
-9.339736e-09
-6.387885e-08
0.039420117
-0.07403393
0.17582004
0.0007847629
0.021573646
-0.053967997
-0.035327148
-0.08944219
0.0069559976
0.09291594
-0.04879021
0.1525951
0.01271605
0.1049347
0.03190116
0.13663459
0.16945274
0.033180226
-0.112309605
0.043582365
-0.032851685
-6.147482e-08
0.13536116
0.043780535
0.037389256
-0.0058675655
0.11914516
-0.08443702
0.032164678
0.061319657
0.1403456
0.03998538
0.12851824
0.17034864
0.058398727
0.045420464
0.16724847
0.038698398
0.16498165
0.09886338
-0.00095860363
0.0548311
-1.6986756e-09
-0.024876159
0.19301018
0.2166846
-0.023967179
-0.00065487035
0.054835655
0.20223202
0.055452034
-0.050000694
-0.03579534
-0.059306435
-0.07640438
0.013790177
-0.024669234
0.19710505
-0.04008016
0.1591718
-0.042928386
-0.09243524
0.09784019
0.014173794
0.046648715
-0.03996088
0.12859844
-0.033875335
-0.054051764
0.18385884
-0.0692528
0.009398843
