-0.048894
0.083769
0.309245
0.331039
0.095322
0.009769
0.390016
0.389751
0.109861
0.377196
-0.009724
0.494462
-0.117939
-0.102557
0.315874
0.281268
0.134500
0.068802
0.074030
0.028732
0.155193
0.014430
0.161231
0.207219
0.148165
-0.029058
0.987374
0.802158
0.169927
-0.882039
0.000000
-0.047992
0.690384
-0.094700
1.001270
0.211777
-0.047048
0.446902
0.976387
0.137203
0.039102
0.480462
-0.225364
0.664188
-0.037904
-0.011946
0.165604
0.379246
0.222029
0.158932
0.205561
-0.040290
0.029662
0.115176
-0.007658
0.256255
0.533028
0.327439
0.686079
0.968953
0.022734
-0.344787
-0.000000
0.226498
-0.021813
-0.073471
0.084018
0.780026
0.754388
0.352384
0.011939
0.081193
0.437961
0.102489
-0.065685
0.227810
-0.000000
0.933681
-0.017942
-0.159664
0.690502
0.571299
0.526236
0.521509
0.207844
0.089796
0.000000
0.474235
0.701137
0.504510
-0.083129
0.487362
0.441524
0.391269
0.031165
-0.083001
0.359529
0.083579
0.714686
0.159214
-0.064863
1.120129
0.175316
0.049050
-0.055907
-0.064111
0.300763
-0.000000
0.148591
0.077673
0.618861
0.183512
0.140331
0.045907
0.363470
0.253715
-0.000000
-0.026040
0.038716
0.209657
-0.074685
0.625453
0.559096
0.392453
0.593309
0.274251
-0.100553
0.423497
