7.527547
-0.735651
1.647028
3.539480
-3.204568
-1.232124
-0.000000
0.043989
6.456946
3.808879
0.209832
-0.565794
0.724301
1.073455
3.123767
-0.557390
-0.000000
4.757501
-0.272297
3.630311
-0.021472
0.574714
3.492602
-0.932057
1.983466
-1.885408
8.093802
-4.132872
-1.368769
-1.958035
0.689502
2.816120
1.299220
-1.805692
-0.064809
0.745435
2.878123
-7.303048
-1.543919
-3.523622
1.486897
-3.467266
3.518801
-0.412090
-0.263368
-1.474268
-4.011004
5.335896
-0.232326
-2.318109
-3.466738
1.344114
2.972032
0.098467
2.322100
-2.555285
4.017946
2.520978
2.944705
-2.042606
-2.580623
-0.512127
0.097663
2.992881
2.916056
1.268984
0.492734
0.496993
0.008569
-0.865574
0.131623
2.319429
1.965985
-5.817183
-0.465722
4.866368
-1.475042
1.686918
-0.040937
1.119193
4.503735
-2.914977
1.343359
4.232317
-1.141995
0.621243
1.432488
-0.302638
-0.731046
5.251000
1.727977
6.734481
1.802576
1.281062
4.645263
2.171618
-0.563351
-0.000000
-0.000000
0.469519
-0.654784
4.314459
-0.184053
-0.316890
-0.960875
3.394850
3.354429
-6.239153
0.769045
4.278701
-1.929310
2.677279
-3.626941
3.275618
1.056699
-3.746234
2.413808
1.739160
-1.621617
3.926963
4.153322
3.761618
-0.040274
4.274261
-0.134959
-1.910321
-0.699048
-4.201984
-2.917408
-0.170282
-1.361663
3.694650
-0.439730
2.668436
-3.672822
3.863877
1.607830
-0.338455
1.890278
2.646482
3.347634
4.831751
3.058589
0.831246
9.536316
3.251193
4.849622
-3.526012
-2.851549
1.223773
0.608320
-0.786883
1.407520
3.019526
-1.369487
-1.797545
3.715252
2.171327
0.109372
2.238089
3.102473
-1.769552
-2.416409
1.455537
-4.458709
-0.115527
2.690428
0.013057
-0.847212
2.557367
-2.041700
-0.000000
0.126655
10.136593
-1.093313
2.454301
3.714733
2.008515
2.641296
-0.325223
6.846397
1.044262
1.385991
0.366643
1.335280
5.047017
-2.646610
3.326325
-0.305635
-2.350075
-0.040743
-0.977079
-0.553055
0.578895
6.167309
2.730356
3.948080
6.395824
-1.092059
-0.088222
5.743661
0.299171
1.499661
1.791863
4.528291
0.580890
3.833394
-8.647391
-2.070642
2.702444
2.476198
3.427528
-0.623527
-4.937462
1.814257
-3.846803
-0.518095
-0.837612
3.101535
-3.113619
3.996279
-2.109616
6.376146
0.672566
-4.095397
0.137789
-0.360149
2.331075
1.898254
-0.585202
-0.627340
1.180432
8.237566
0.850261
3.269359
2.960046
3.762317
-1.447005
0.252221
-2.091039
-2.511481
-3.123405
6.434744
0.913877
-0.050102
-0.886265
-4.343049
0.139295
-3.087433
5.838255
3.109957
6.488369
-0.087014
-2.852169
2.387585
0.828004
5.141747
-1.162212
7.739697
0.474768
0.110455
4.397292
-4.486439
2.192445
-1.234261
5.029257
1.382657
-1.210554
1.598095
5.308283
2.789282
-1.077191
-4.143039
2.958372
-0.571334
1.347711
1.946611
1.109506
-1.790588
-1.297158
1.120843
4.156524
7.318323
0.214202
2.367616
-0.761257
0.549202
-2.029108
-0.784905
-0.262749
-1.644852
3.286569
-2.130920
1.725571
2.049837
-1.638018
0.895508
-0.593447
-0.683011
-1.547483
2.786382
0.877252
1.924072
0.152726
-4.575080
-0.230951
-2.925833
-2.936894
-2.623852
-5.800302
3.791976
1.204765
2.383163
0.480958
0.447173
7.805986
-4.610915
-4.988185
1.383111
-1.739758
2.145174
6.170037
1.978804
-1.877516
-1.605306
-0.322624
0.821354
-0.700034
-1.233742
0.131779
2.590977
1.535014
1.143255
6.093182
-0.781940
8.914599
-0.205563
0.126464
0.560625
-5.606229
-3.834898
1.555016
-0.695310
-2.315122
5.198424
2.923859
-2.219250
-0.311878
-0.000000
-2.279847
-2.062692
-2.939370
1.568754
-3.349995
2.981939
3.217527
0.501643
0.897382
0.174912
-0.811516
1.536361
1.738821
-1.383916
1.274103
3.960652
2.018931
-1.149871
-0.767568
4.805557
0.912673
3.883111
-1.118765
4.979014
-3.832880
5.641566
3.510741
3.004480
4.301846
0.021315
5.444229
2.724751
0.966005
2.688627
-1.037573
6.104260
-1.387269
-3.502431
4.028662
1.479261
-1.712646
3.785174
3.363628
5.324730
3.620317
-5.980024
-0.889699
-0.447165
2.144665
0.692605
1.094615
0.870845
3.286662
2.229554
-1.823971
-4.278714
4.365828
2.435019
2.208705
-5.653666
-2.963215
0.378011
1.878600
3.138787
-1.358878
-2.605118
2.204062
-0.945043
-3.457416
2.230181
8.184071
-0.016346
-1.910914
4.218957
-0.000000
0.786984
-0.593780
-0.644576
3.191962
3.447474
6.407644
2.653032
-2.013281
-0.747801
0.901064
2.454856
4.329034
4.800297
-1.975470
4.448373
4.779284
0.651563
-0.340484
8.628638
1.926492
1.622356
-2.894540
0.605484
1.157130
3.588207
4.302794
-1.116975
-0.100500
-5.122374
0.133570
-0.000000
0.294409
5.089415
-2.577285
4.040155
3.048079
0.935570
-4.232668
4.595878
4.964023
0.577183
-2.921072
1.877969
1.749659
-0.100495
-3.389164
-2.070610
-2.034699
2.908972
-1.404701
0.193376
0.595739
-2.976460
2.973786
-1.380890
-0.864977
-0.540196
-0.014600
0.514922
5.930955
-3.449846
2.721892
-3.399458
1.149013
-0.176203
1.290350
6.033847
-1.231700
-2.927675
1.635703
0.571225
-0.136739
-1.807043
-1.306273
3.045445
0.035997
-2.357933
-0.332123
2.320558
-0.324295
0.011772
-1.252257
-1.186043
5.558677
0.877216
-0.712670
3.339453
-2.097572
5.740330
1.465024
1.061587
1.286424
1.491119
-0.107550
-0.484004
0.881876
0.352576
2.467727
1.650514
-2.015546
-2.987780
-3.255140
2.404707
0.733394
0.910954
-2.303964
3.803222
2.622968
-0.454325
3.585572
0.734791
4.416439
6.118553
3.022070
0.275147
-0.259994
-2.574929
3.197996
-4.128718
3.972199
3.218746
1.274600
3.371529
-3.827591
-2.233019
2.719213
-0.884234
-1.237326
-0.892686
3.849281
4.405938
0.461468
8.675669
5.370733
-3.132488
2.838628
0.409211
0.143374
1.442996
1.206810
3.118059
3.144292
6.998117
-0.390296
2.476159
1.852171
2.230099
-1.732026
-0.165956
-0.000000
5.119920
-2.184514
-5.258565
5.125392
-3.092144
3.011547
2.760822
1.268529
2.884327
-3.340814
-1.190528
0.875209
0.571403
3.514092
-1.615267
3.561147
3.127484
-1.371122
1.261591
1.100277
0.648625
12.223310
2.247114
-0.247021
0.819287
4.402856
1.103175
-1.268016
3.781767
4.317568
0.179595
6.964186
0.665540
-0.650210
2.199856
-0.175401
-3.142284
-1.583491
-1.049553
1.226957
-1.677411
2.372991
1.840304
1.485625
0.585680
-0.168309
-2.942173
-0.995458
6.186262
-3.438735
2.706630
2.856992
2.718815
-1.824601
4.875216
0.756703
-5.555919
-0.701650
7.471647
-0.132873
3.031556
2.011284
-1.360029
0.120947
-1.367880
0.857062
0.092627
6.592812
7.194204
-5.329161
4.050917
-2.425320
8.212212
-0.479471
-0.815419
1.205142
1.922283
0.454365
3.426540
2.761968
0.943175
3.479799
0.244085
-2.283797
0.168288
3.961911
-0.966539
2.906910
2.164653
-3.744830
3.667675
-6.404193
4.586884
0.558983
2.417033
-1.378020
0.254601
-0.967907
3.731870
-4.644916
-1.049185
3.542504
6.647723
6.531994
1.208474
-1.868952
5.992965
-1.002844
-0.000000
2.035074
1.673745
-1.683958
5.727334
-0.546233
-3.863313
0.391006
-3.212377
2.431607
-0.479740
0.243815
-2.683728
-2.214285
1.748063
1.965198
4.285352
1.972618
-1.888457
-0.949733
3.079803
1.113159
-1.335515
-2.168819
-1.633345
-0.681605
-1.027219
-0.868706
0.478833
4.665467
1.390278
0.708771
1.723315
-1.044423
-2.607394
1.071532
-3.432231
-2.418436
1.242947
2.775379
-0.179958
0.800340
0.857010
1.655404
1.954275
-0.320109
-1.061079
2.134780
3.697751
-0.474211
3.595554
4.187300
0.896643
1.819384
1.031628
0.793127
-2.962767
0.134045
-0.519776
2.386373
3.111114
2.407460
5.142074
0.878103
-0.310931
3.313293
-3.848520
3.571787
1.201788
0.479944
1.259129
-0.334088
0.058475
0.063299
-1.139353
1.224109
4.105336
3.056792
0.445517
8.038089
-0.881907
1.318133
1.913516
9.033902
6.163550
-3.183608
1.301170
0.383757
1.101677
0.902839
-5.616741
0.643769
2.550070
-1.518317
1.276750
8.263590
4.422351
5.149176
0.681808
3.696636
8.603254
-0.344046
-0.274388
-0.190940
-2.030192
-0.766622
1.795141
2.532113
-1.177701
-2.271025
2.101795
-4.423976
1.432513
1.505903
0.054443
3.050164
-5.460951
-2.017870
-2.893165
3.201210
0.552979
0.535630
3.696348
4.719446
0.975841
-1.148547
-1.886410
3.477329
-2.078933
0.243169
0.294848
-4.202392
2.492043
0.543982
0.974431
2.239444
1.040686
1.694176
1.641892
4.558195
0.576116
-1.707188
3.435970
-3.839873
0.872872
-2.637395
6.522469
2.342201
3.060969
0.286911
0.755975
-5.635279
1.179585
0.868718
10.503097
-1.642950
3.210558
3.755988
2.468523
-2.925493
-3.336966
-1.026618
4.526200
-1.512477
9.817040
2.750265
-0.192886
2.677539
4.507750
-1.938557
-0.329011
2.625966
-0.856798
3.961400
-4.866385
-3.493053
-0.227891
0.212149
5.945115
4.569997
2.131006
-1.245652
-4.904145
1.807744
0.678629
-2.319612
2.297150
1.353683
-5.391742
2.244000
3.378934
4.608968
8.565413
3.365183
1.859906
0.229435
3.228712
-3.912326
4.916197
-1.170979
4.830223
-2.384611
2.134639
-0.953605
3.438865
-0.420384
-1.322415
4.101544
4.454501
-0.780357
-1.325655
0.274761
-1.033794
-0.581282
-2.541539
4.183161
-1.888399
0.908491
5.221898
-1.371859
-1.401995
-4.466436
1.066782
0.152643
1.217673
2.456340
5.545413
4.202392
0.194478
-0.417622
1.084307
0.118324
5.279796
0.518009
-3.571172
1.292557
-1.384964
0.171078
1.667775
-2.626428
7.431948
-0.330845
7.650126
1.693991
-2.980469
3.418907
2.732037
1.426281
2.025076
0.771331
0.074480
-2.747444
1.632882
2.673773
-1.765052
-3.918730
2.041125
2.999079
2.536428
-2.458314
6.414322
4.516315
4.090044
-0.577112
-2.234937
-1.953569
-0.575831
-2.310848
5.224105
0.573288
-0.303040
-2.586291
-0.000000
3.032422
5.411183
1.716829
-4.560474
-2.592638
1.251234
-0.665928
-0.857122
-0.162325
0.745297
-1.169402
0.641366
1.453349
2.267200
4.975452
3.975847
7.379179
4.695603
3.850931
0.081438
0.102397
0.196620
2.455817
5.965856
-0.040987
4.995131
4.100605
1.795511
-2.061013
-0.198781
0.411980
-1.211221
4.565002
2.695926
3.388941
-0.726025
-0.170886
2.372910
-1.237475
1.643746
3.573497
-1.461813
-1.756380
-1.732979
4.533116
-0.516645
-0.861142
3.016325
2.618459
5.449947
-2.998830
1.926283
4.095660
4.327235
3.081554
-0.278957
2.128273
-2.716546
1.230231
-1.998354
-0.220697
-3.207271
1.164278
-3.858765
-1.294382
0.412354
4.313019
2.402180
2.270515
