0.286544
1.005770
-0.000000
0.593978
0.582000
-0.077731
0.729266
-0.500409
0.205372
0.549088
-0.271084
0.020817
-0.208749
-0.025934
0.740277
0.088409
0.432626
0.198671
-0.468849
-0.354968
-0.000001
-0.000001
-0.000000
-0.135298
-0.000001
0.619265
0.176166
-0.000000
-0.000001
-0.140237
0.678819
0.086603
-0.223006
-0.000001
-0.889597
0.683220
0.326202
0.585335
0.046639
1.542049
0.225017
0.697872
-0.156149
0.382436
0.398893
0.678450
-0.000000
1.372134
0.317500
-0.000000
0.602214
0.676506
0.701608
-0.000000
0.267982
-0.153210
-0.349575
0.558351
-0.553175
-0.182037
-0.098264
0.852582
-0.147839
-0.077646
