0.045433
0.020423
-0.000000
0.047825
0.011492
0.018463
-0.001367
0.039273
0.022886
0.053438
0.022513
0.408948
0.492881
0.005590
0.998587
0.625036
0.022350
-0.035907
0.023762
0.467427
-0.000000
-0.000000
-0.000000
-0.087056
-0.000000
-0.031475
0.141968
-0.000000
-0.000000
0.596216
-0.711040
0.013011
0.636027
0.000000
0.022999
1.066739
0.011434
0.144624
-0.209086
1.079740
0.008786
1.066760
-0.051990
1.059532
0.015434
1.951485
-0.000000
0.025196
0.048911
-0.000000
-0.102147
0.409685
0.887187
-0.000000
0.698737
0.682730
0.591019
1.449160
-0.003536
-0.099632
0.426846
1.247530
0.588664
0.018867
