0.25739366
0.2429173
0.19050302
0.20772886
0.2003312
0.18639293
0.40610412
1.316934e-06
0.003512412
0.16296135
1.992115e-09
0.20367986
0.22834344
0.16701019
0.14110483
0.19723548
0.16763878
0.24306464
0.1986879
0.19163363
0.20118716
0.22762665
0.36381498
0.18600918
0.33509654
0.13325684
0.16741693
0.22820088
0.17868477
0.44615522
0.16763945
0.17670284
0.18115969
0.20314448
0.27289712
0.16011901
0.22808768
0.15006486
0.39029348
0.17128015
0.23085484
0.14958617
0.22133017
0.22890145
0.22575775
0.17870195
0.3831377
0.19838065
0.17965871
0.20128787
0.16532366
0.1594675
0.18917313
0.21869543
0.16542825
1.0186282e-06
0.2427875
0.20346637
0.21246462
0.17244637
0.21480294
0.20388831
1.5930547e-06
0.27620018
0.2106967
0.13255373
0.2056664
0.39403996
0.51790106
0.16549568
0.21622853
0.18137425
0.20440777
0.1739613
0.19706479
0.21374677
0.19989437
0.21085808
0.18842499
0.23425105
0.21520616
0.20119351
0.23447175
2.768749e-06
0.15879582
0.23509225
0.3289141
0.23310372
2.627791e-06
2.7234762e-06
0.41538182
0.4083839
0.33134395
0.1552426
0.19375731
0.20244074
0.1659448
0.42525518
0.16261987
0.1615307
0.22642861
0.15516606
0.24423113
0.17961395
0.19821222
0.14506239
0.23026647
0.20975818
0.41879284
0.18641168
0.17228135
0.18939495
0.38985592
0.15586823
0.23164919
0.22850655
0.18755136
0.1342093
0.15089276
0.2027119
0.2545822
0.18030132
0.22770084
0.17841493
0.17006393
0.3143742
0.18840355
0.2462494
0.296608
0.15789312
0.22541544
0.19401051
0.17386845
0.20804697
0.16769032
0.22537595
0.19035617
1.0157838e-06
1.0687733e-06
0.24077898
0.16816184
0.236987
0.24902818
0.20301224
0.21235976
0.21740416
0.2812932
0.3076173
0.17486553
0.1920087
0.29804707
0.20346794
0.15720649
0.22739339
0.24890842
0.47236407
0.18853734
1.2882848e-06
0.27622667
0.21433868
0.19120339
0.2323875
0.16868065
0.14870542
0.18772005
0.3013232
0.14958572
0.18019861
0.26927167
0.1849525
9.252964e-06
0.19646205
0.2003098
2.8691542e-09
0.22729455
0.24119169
2.89285e-06
0.19723445
0.24950117
0.20459187
0.16516301
0.1801701
0.2358401
0.2001947
0.1687796
0.2451237
0.16516328
0.3136393
0.15889928
0.16430959
0.0006116722
0.20180462
0.19909374
0.26533785
0.18140279
1.4201578e-06
0.18547602
0.23432258
0.2108627
0.23539843
0.21631674
0.18022634
0.17693307
0.17780432
0.38219783
1.378323e-05
0.16067238
0.19828366
0.17668906
0.2626832
0.1646959
0.16947089
0.21807858
0.17292868
0.21999459
0.21848929
0.24937707
1.3996547e-06
0.31213838
0.23916765
0.17044303
0.19367763
0.41240385
0.16410196
0.22176734
0.29318184
0.24733058
0.18080051
0.18202893
-4.9014197e-09
0.19032489
0.28668702
0.20392701
0.15084761
0.22376569
0.20585549
2.7660872e-06
0.15497738
0.1944175
0.19866711
0.19797878
0.1958191
0.19430234
0.1842691
0.2608232
0.24453121
0.17707884
0.5167163
0.2937358
0.30204573
0.28020716
0.23099747
0.26544726
0.20570494
0.19642478
0.0004755373
