-0.024253396
-0.044950683
-0.025601689
-0.049979806
-0.055609226
-0.08301751
-0.052966926
-0.077532984
-0.06960814
0.045483872
0.0054390887
0.04895213
-0.029760992
0.15264326
0.02955081
0.08820103
-0.010746093
0.09054568
0.021599876
0.06566272
0.055336017
0.04442169
0.096223764
0.06368614
0.03773869
0.087185144
0.06952557
-0.0009627552
0.06889636
0.002285566
0.057765797
0.14008117
0.10273538
0.0023499422
0.081330955
0.028554609
-0.037102956
-0.025830895
-0.049763847
-0.04209008
-0.054372504
-0.047601894
-0.06414386
-0.039455347
-0.091948465
-0.03560388
-0.030676482
-0.05715222
-0.056775015
-0.047090687
-0.06867547
-0.035722017
-0.049384434
-0.05395228
-0.073282756
-0.02893755
-0.09040758
-0.03169599
-0.03424169
-0.04958943
-0.021745184
-0.051074985
-0.038629506
-0.01613589
-0.028664367
-0.0042017796
-0.04129481
-0.08944482
-0.07792346
-0.035887357
-0.0934965
-0.051673446
0.016671034
0.100277245
0.02510101
0.097934715
0.11413798
0.15348947
0.046602212
0.097886875
0.06863212
-2.0345027e-08
-1.4781248e-08
-5.3390155e-09
-4.2335508e-08
1.37778295e-08
-4.3114227e-08
7.755179e-09
3.4136374e-08
4.3013287e-08
-0.031185849
-0.049180552
-0.042428523
-0.048912242
-0.04513018
-0.06455002
-0.041884128
-0.06222565
-0.066027164
-0.04255507
-0.043100134
-0.04297935
-0.0504092
-0.04529625
-0.07855766
-0.064610936
-0.052952994
-0.07857948
5.147069e-07
2.4028205e-07
4.027847e-07
1.1628149e-07
6.684522e-08
1.200703e-07
-1.9618494e-07
-2.0973843e-07
-1.9205919e-07
-0.0009170339
-0.0560505
0.0044860905
-0.054534175
-0.1575867
-0.09497659
0.017539572
-0.1049922
-0.000121452635
-0.02960714
-0.057896044
-0.049974333
-0.05270765
-0.06285822
-0.066401936
-0.06611788
-0.045199238
-0.0809094
0.049112786
0.0028474738
0.07550536
0.046613283
0.08130895
0.058733135
0.053051516
0.061032638
0.08068514
0.050396096
0.064133234
0.07353911
0.043074183
0.10931283
0.055758677
0.023314228
-0.04591732
0.035020027
-0.030967476
-0.05674258
-0.04984088
-0.0580477
-0.06896943
-0.08603596
-0.032542747
-0.05774075
-0.056080755
-0.04120703
-0.045369856
-0.052518968
-0.060918342
-0.049848333
-0.070592605
-0.0368683
-0.052242935
-0.057430096
0.06281174
0.009332751
0.07836773
0.059918307
0.0047354326
0.07867397
0.018388815
0.04417646
0.010692672
0.011982157
0.0486901
0.01844809
0.024468252
0.111660756
0.079306796
0.031632066
0.049832936
0.040276885
0.058744125
0.002169929
0.036136117
0.017681645
0.06390028
0.101251744
0.04743866
0.08234502
0.040789373
0.011973986
0.074037686
0.013169998
0.06777656
0.070794426
0.10433973
0.04277425
0.08344211
0.04947614
-0.04870334
-0.032061685
-0.048482195
-0.03704095
-0.041029368
-0.06816126
-0.030858755
-0.06443949
-0.066230096
0.055216797
0.056092795
0.048485678
0.013762602
0.06468279
0.065713115
0.0724153
0.046297688
0.06982862
-0.016186362
-0.046490256
-0.039130285
-0.055691518
-0.07264016
-0.083312765
-0.027994538
-0.069964156
-0.05551061
0.049091164
-0.010086109
0.01872712
0.015524997
0.11940817
0.07942535
0.031917203
0.06993357
0.059403624
0.003191415
0.050240945
0.020526662
0.07636139
0.06655041
0.08836717
-0.008227341
0.11120297
0.043326523
-0.005459177
0.08799616
0.005251745
0.05806683
0.055807054
0.07867035
0.017206544
0.07621495
0.05592561
-0.009597603
-0.048629973
-0.025042012
-0.044821266
-0.051507983
-0.05360364
-0.056806244
-0.05503384
-0.07957114
0.031604458
-0.06719454
-0.0048337835
0.052619528
0.045623682
0.05752013
0.040024165
0.13134074
0.08537291
0.08684042
0.015796624
0.09101756
0.05542382
0.009094082
0.06957333
0.060330074
0.005726375
0.07986128
0.01355331
0.060450573
0.048820447
0.06911585
0.068933755
0.08306389
-0.0006118607
0.09448272
0.03343783
0.058937605
0.050343987
0.08163415
0.031218814
0.005161832
0.030256595
0.10197192
-0.017824192
0.1349195
-0.025783509
-0.037240375
-0.018222379
-0.042369608
-0.06501461
-0.06027813
-0.04907394
-0.08910437
-0.080957346
0.041169316
0.052249905
0.05892561
0.02955126
0.1084552
0.050727382
0.03021726
0.06115804
0.04718829
0.008261901
0.16312233
0.047961816
0.06315785
0.07312055
0.0824251
0.015032858
-0.080476
-0.0074139466
-0.007503405
0.059371725
-0.019572629
0.0805176
0.086667806
0.12572946
0.013267939
0.12986101
0.045681175
0.01928977
0.110849045
0.025297234
0.06908915
-0.023738936
0.07974747
0.049762696
0.05591985
0.09361498
-0.03114481
-0.043435574
-0.03741453
-0.05202849
-0.06822671
-0.071671
-0.022031266
-0.07035239
-0.04451769
0.16484977
0.06735574
0.2055714
0.024961075
-0.055032548
0.0022064797
-0.0011179415
-0.029552959
-0.0031620748
-0.027520502
-0.042789195
-0.040074866
-0.04200016
-0.037680376
-0.06366524
-0.08364809
-0.03294102
-0.12660144
0.029404229
-0.013845662
0.044171583
0.037904784
0.041973375
0.045954444
0.10636316
0.04753715
0.118868835
0.041242983
0.035060734
0.035086136
0.048474524
0.10305075
0.09976578
0.005197235
0.08259967
0.015543642
0.022964798
0.048105225
0.023976507
0.026172027
0.098660536
0.06338512
0.06108287
0.043076638
0.075242855
-0.117613085
-0.19548936
-0.16141056
-0.029254468
0.05399986
-0.013823096
0.07971391
0.18779255
0.1499715
-0.0006522555
-0.036524843
-0.017466487
-0.069693655
-0.09246454
-0.11481625
-0.022225432
-0.085689925
-0.053478006
-0.0008606512
-0.040945724
0.001316328
-0.0373537
-0.18821135
-0.11078195
0.00697505
-0.12689151
0.011635715
-0.0030309302
-0.07557328
-0.024578135
-0.052556034
-0.05648781
-0.07482906
-0.039197948
-0.08642918
-0.06628187
0.016501177
0.035165045
0.015210953
-0.01518722
0.10196687
0.0002764322
-0.21176295
-0.07269486
-0.27329814
-0.054309413
-0.040803205
-0.057963245
-0.0024102083
-0.02945459
-0.030144641
-0.07037337
-0.015795616
-0.08143349
0.030588903
0.027050171
0.052636493
0.089305274
0.032757383
0.08563246
-0.046373792
0.12662937
0.029573439
0.0254552
0.06750848
0.0254139
0.09464717
0.0028368167
0.123814605
0.015605742
0.10782915
0.040169425
-0.030698014
-0.030714601
-0.03483234
-0.043759994
-0.05626946
-0.07263266
-0.045093633
-0.06853459
-0.058100123
0.022323709
0.023191571
0.010471803
0.03818224
0.11531374
0.090351865
0.038208205
0.084814735
0.05032697
-0.026499853
-0.028849808
-0.049233854
-0.028448863
-0.13371506
-0.09446032
-0.045290247
-0.05843188
-0.06449912
0.079520434
-0.01772201
0.04118275
0.035103712
0.023926614
0.092257366
0.061746344
0.0792513
0.07677858
-0.026893042
-0.039957155
-0.043975897
-0.038250856
-0.027933197
-0.07154348
-0.06714912
-0.06287464
-0.053680964
-0.040462486
-0.070394345
-0.06401797
-0.06325654
-0.028037475
-0.0716608
-0.016463965
-0.04635893
-0.049835294
6.5192995e-05
3.09963e-05
6.228048e-06
-2.45046e-05
0.00014092447
6.422744e-05
5.4541142e-05
0.00013674474
9.105307e-05
0.06675272
0.005312312
0.051140282
-0.01156911
0.07931903
0.03585806
0.08288926
0.05736522
0.0887464
-0.027685085
-0.038003426
-0.036467418
-0.051481165
-0.07623018
-0.07001982
-0.036128785
-0.07586595
-0.062496673
-0.018945739
0.0779856
0.03299863
0.074392095
0.051878713
0.08007319
0.02102474
0.07506183
0.045255553
0.022454916
0.03635237
0.027736718
0.06196912
0.03351791
0.10348993
0.027162347
0.09635493
0.034500945
-0.037236877
-0.046125162
-0.04907447
-0.043893635
-0.024038453
-0.062242474
-0.051241785
-0.040865306
-0.05963982
-0.08868477
-0.008288014
0.17149232
-0.1731388
-0.067116946
0.20582524
-0.13371384
-0.003838119
0.20005289
0.03332417
0.025924219
0.056856874
0.041588515
0.085815564
0.053083777
0.042682465
0.030572392
0.049072966
-0.0138399685
-0.05507289
-0.021328438
-0.03975434
-0.18991603
-0.070384115
0.015861917
-0.047197018
0.0038941342
-0.0223056
-0.06934503
-0.037614908
-0.048031542
-0.039441884
-0.060775734
-0.06356361
-0.018763581
-0.076577924
0.018652948
0.08013756
0.039869476
0.049004965
0.1357406
0.10200041
-0.017143741
0.04949333
0.0036937713
0.040737078
0.041545354
0.05344046
0.05812697
0.034005105
0.080843315
0.037919212
0.053883597
0.048285272
0.07737734
0.11713524
0.099732496
0.031721894
-0.020068156
0.05030965
0.056454316
-0.09363091
0.047675196
0.033142634
0.08538257
0.073118515
0.0566083
0.17635481
0.05387311
0.034755502
0.06620104
0.0833491
0.008373388
0.019799968
-0.020157795
0.032512598
0.10490433
0.09195831
0.05127784
0.063186236
0.0697609
-0.06053426
0.004776994
-0.05161083
-0.026880456
-0.1301299
-0.07028092
-0.056616645
-0.05710465
-0.05470287
-0.008676905
-0.071456715
-0.009319203
-0.06431569
-0.054025605
-0.087650135
-0.031752866
-0.06284691
-0.055806015
0.08944459
-0.03372001
0.07318924
0.027866915
0.039381627
0.10949753
0.041667186
0.14463605
0.019891942
-0.054740135
0.008258499
-0.06915635
-0.041847833
-0.02764149
-0.04427546
-0.08187214
-0.016972834
-0.10688471
0.102339365
0.12072899
0.15865183
0.08555906
-0.116404764
0.07320211
-0.00042193953
-0.22858527
-0.030017635
-0.030138483
-0.022705637
-0.04452565
-0.048269697
-0.049658116
-0.05837184
-0.0702742
-0.044872012
-0.085333444
-0.060380638
-0.14058459
-0.0679265
-0.0050908313
-0.089459494
-0.018339597
0.136049
0.16456214
0.19521974
-0.0041819667
-0.18061641
-0.010730861
0.03798027
-0.10914398
0.00039765832
0.16207129
0.07615266
0.2618742
-0.036987733
-0.051318504
-0.06327637
-0.02942941
-0.04597317
-0.05601594
-0.05951986
-0.052287366
-0.059215736
0.030811518
0.09847734
0.053289928
0.08167959
0.15248826
0.13205715
0.027446486
0.090094864
0.026308306
-0.0032042684
-0.071557865
-0.010967012
-0.029956238
-0.16514532
-0.04866394
-0.0059316633
-0.07496022
-0.020069242
-0.036481522
-0.042953197
-0.05579652
-0.05871495
-0.04734912
-0.060284942
-0.030708225
-0.08040115
-0.059716757
0.011257842
0.043054312
0.013425344
0.056586523
0.091235295
0.0944939
0.010911925
0.09148796
0.025073977
-0.036490176
-0.054339558
-0.053885482
-0.05559805
-0.025068374
-0.05476121
-0.052535113
-0.029344577
-0.07659487
-0.047830127
-0.041429814
-0.05714387
-0.060002506
-0.0075856014
-0.071024284
-0.03753194
-0.05045335
-0.05403007
-0.026260603
-0.07326375
-0.01249399
-0.059836764
-0.071103625
-0.0920794
-0.059896335
-0.057084806
-0.03185764
-0.0018917025
0.040554658
0.0013804376
0.07634152
0.028628806
0.0864134
0.020739684
0.12805273
0.040531907
-0.03339521
-0.049366
-0.06108985
-0.041721493
-0.045010965
-0.05706287
-0.052391503
-0.045772113
-0.061247025
-0.03901616
-0.027636193
-0.07061544
-0.054483645
-0.08578596
-0.09594789
0.0049264
-0.06354841
-0.014146001
0.0043374994
-0.013666115
-0.0058088396
-0.0316075
-0.04888206
-0.044209547
-0.08566079
-0.09081992
-0.12651746
-0.052511945
-0.014346135
-0.054719925
-0.03810212
-0.031967968
-0.059665635
-0.06418307
-0.041669376
-0.07076472
0.022437362
0.041857477
0.038882207
0.021436192
0.13367708
0.059950326
0.04975418
0.0644389
0.083088964
-0.049545467
-0.058030095
-0.060571067
-0.04898276
-0.07416251
-0.06913908
-0.04442656
-0.038833715
-0.06509109
0.038028684
0.06447177
0.05742139
0.054461606
0.05995841
0.094959244
-0.03262529
0.067725874
-0.033597775
0.027465241
-0.054903876
0.028326845
-0.053658873
-0.21522652
-0.07487819
0.03592563
-0.105737306
0.025706371
0.064475715
0.06868819
0.08726346
-0.0042820675
-0.09773925
-0.03701826
-0.06816988
-0.16137075
-0.11503277
-0.031351995
-0.038512025
-0.05368496
-0.037925303
-0.025855752
-0.059214327
-0.051021803
-0.06890282
-0.08997207
0.04436816
0.018340247
0.057944722
0.026793916
0.16222546
0.053251036
0.045466997
0.06377956
0.06391667
0.12473362
-0.067216635
-0.13620608
0.20904456
-0.022154791
-0.11556328
0.12192752
-0.07276917
-0.10286012
0.0023458293
-0.07134278
-0.011106147
0.06661806
-0.014126397
0.08329605
0.07312533
0.12980543
0.10333908
0.07109857
0.011755224
0.06195813
-0.0058383606
0.13249375
0.060319815
0.04947848
0.059006978
0.039457485
-0.036880992
-0.051897526
-0.037408482
-0.036694508
-0.0709387
-0.07726711
-0.0351883
-0.05220551
-0.04419226
-0.057336476
-0.018461447
-0.06714915
-0.045461636
-0.033940665
-0.05934929
-0.05552488
-0.037906986
-0.06762219
-0.042885426
-0.04979934
-0.060883086
-0.02248729
-0.046943877
-0.05032345
-0.0498675
-0.07444057
-0.053488657
-0.045616247
-0.03132634
-0.042719673
-0.032764643
-0.057387464
-0.05730501
-0.03793755
-0.04735679
-0.06768538
0.051469322
-0.012763229
0.05598694
0.008374622
0.13884507
0.054581333
0.061004404
0.050056532
0.06549011
-0.011673585
0.05260884
0.0004367852
0.061343044
0.07865369
0.0832135
-0.018122867
0.101286255
-0.0027705638
0.04213741
0.0056434106
0.03147863
-0.00041209022
0.1665865
0.081130855
0.013405266
0.07820006
0.022314664
-0.018685175
-0.060507223
-0.023294346
-0.032496292
-0.19340275
-0.0761677
-0.016750174
-0.056645863
-0.012153177
0.04025662
0.038275152
0.019023664
0.05896268
0.03903592
0.11257764
0.011007819
0.115257196
-0.0006493303
0.008921243
0.04479977
0.0152346995
0.032887742
0.12967733
0.09376793
0.030760964
0.060948163
0.025291093
-0.025639048
-0.038441464
-0.05607258
-0.05741575
-0.05529221
-0.06818245
-0.040251154
-0.07796547
-0.06138166
-0.0063328585
0.019036219
0.0027828543
-0.038567785
-0.012753789
-0.059521224
-0.106730185
-0.084480464
-0.12007311
-0.039772425
-0.05934616
-0.062154222
-0.029965436
-0.04987923
-0.05294612
-0.063220285
-0.044667903
-0.071767725
0.021769136
0.074801
0.049008362
0.027378738
0.08877155
0.048503917
0.06464004
0.009936508
0.060360327
0.0026165696
-0.014041278
0.006653927
0.054698605
0.07174469
0.060591422
0.09835753
-0.047135968
0.12102067
0.03722836
0.044824433
0.06050938
0.033896733
0.13004021
0.06789265
-0.017965594
0.03838239
-0.01962589
1.08009495e-07
2.5996445e-07
3.8216035e-07
2.2466607e-07
3.6520575e-07
5.2847855e-07
1.6282304e-07
1.8318066e-07
3.509811e-07
0.0053608734
-0.05296272
-0.018266909
0.026584206
0.1280925
0.07436229
0.015308542
0.1102327
0.050601058
-0.02663783
-0.059910048
-0.03824688
-0.052002918
-0.035134282
-0.07265581
-0.04010221
-0.047228422
-0.047800727
0.04508924
0.027197234
0.06673549
0.014954738
0.070067324
0.018809699
0.04361714
-0.0195908
0.062874556
0.029705945
0.02137182
0.027156597
0.044493377
0.10641523
0.06634793
0.038512073
0.0725136
0.07179258
0.034168065
-0.001419674
0.042962626
0.06256508
0.080014646
0.069751225
0.026410503
0.07655743
0.059862833
-0.022373935
-0.06339691
-0.039968316
-0.044441853
-0.06503426
-0.067926735
-0.031731457
-0.061957918
-0.050937988
-0.006336535
-0.044730358
-0.035558797
-0.067454174
-0.027663836
-0.0670902
-0.055423785
-0.043915093
-0.07690418
-3.3532018e-08
-2.245379e-09
7.4103736e-09
-6.365092e-08
-3.9128818e-08
1.4312401e-08
-1.2150482e-09
2.1527674e-08
4.606181e-08
0.10482119
0.007858781
0.13561933
0.044587348
-0.008610305
0.03427526
0.07865691
0.06996521
0.10470189
-0.017311983
0.03915291
-0.0096707335
0.023544533
0.17207195
0.092161216
0.01019369
0.07584005
0.014428823
-0.0088495435
-0.05330302
-0.006560499
-0.058017723
-0.13885906
-0.07221176
-0.030622754
-0.05242429
-0.048045263
-0.04514226
-0.053655602
-0.049947638
-0.040840406
-0.035272595
-0.06576493
-0.05028625
-0.04700661
-0.06646552
0.027656125
0.114583515
0.05307125
-0.008987068
0.21459363
0.027677977
-0.07583808
-0.14177972
-0.121708274
0.009911273
0.037769187
0.019918095
0.058572147
0.03671619
0.08212428
0.015602041
0.09316536
0.053415444
-0.026460242
-0.06015184
-0.022550218
-0.062900506
-0.08145566
-0.10054457
-0.042948306
-0.11340903
-0.075305335
-0.16129994
-0.15053654
-0.20680095
-0.009624168
0.037011538
-0.014794393
-0.0054395013
0.12517223
0.027033988
-0.029595936
-0.0642707
-0.01840596
-0.025916245
-0.1198103
-0.07734269
-0.03373445
-0.037766535
-0.04077298
0.017353231
0.06767494
0.011930259
0.07581453
0.010720489
0.111865304
0.036634203
0.09257529
0.039427523
-0.05000453
-0.03868991
-0.043009207
-0.040094197
-0.034994148
-0.058872238
-0.032652844
-0.062160436
-0.06453468
0.004216427
0.06181136
-7.330612e-05
0.052057516
0.042952288
0.076160975
0.023527334
0.06641612
0.046963304
-0.034472577
-0.021231018
-0.043169133
-0.043901887
-0.04012016
-0.060361993
-0.05432525
-0.046453476
-0.061536927
-0.026264055
-0.042559065
-0.030970093
-0.06293124
-0.059873212
-0.07512165
-0.03810694
-0.07797656
-0.077575915
0.022977341
-0.09908787
0.017166648
0.05833431
0.03580704
0.0623611
0.04831498
0.10265333
0.086647056
-0.033145305
-0.05067302
-0.018128641
-0.050640278
-0.088863514
-0.086283855
-0.021600446
-0.07397817
-0.033353988
-0.032520708
-0.09170274
-0.039673977
-0.055001322
-0.030684417
-0.0695917
-0.048136957
-0.021763869
-0.062379625
-0.033155374
-0.042493578
-0.0412209
-0.048329525
-0.03305042
-0.07758742
-0.04659734
-0.047053743
-0.07149547
-0.05598787
-0.03035672
-0.06979279
-0.037724417
-0.06630352
-0.06647567
-0.036646843
-0.04511016
-0.07023854
-0.04298623
-0.045130987
-0.05146059
-0.03245116
-0.03188296
-0.056099053
-0.056360207
-0.048420794
-0.065115295
0.103740014
0.051144313
0.06659758
-0.031667177
0.14006048
0.11704448
0.053359702
0.059554953
-0.009035828
0.08179875
0.07691999
-0.076051906
0.051755488
0.07477555
-0.06134387
0.07358393
0.08787542
-0.10771378
0.008227458
0.069891915
0.047288362
0.07066
0.06735458
0.08675337
0.025621822
0.069267035
0.056884047
-0.018556979
-0.044984702
-0.02870515
-0.05010741
-0.09348349
-0.06405232
-0.02542874
-0.05287164
-0.04878751
-0.33185583
0.04912058
0.10399777
-0.15793985
0.10551804
0.087969095
-0.3532027
0.03214031
0.123723224
0.04103956
0.113100626
0.05937721
0.08403144
0.0048457417
0.11012695
-0.010380247
-0.030248156
-0.017329609
-0.04821595
-0.04189068
-0.06444581
-0.051615555
-0.027861422
-0.06800529
-0.062497884
-0.033449348
-0.06361361
0.12582621
0.14530765
0.16428222
0.010736216
-0.040398862
0.0090774335
-0.1358893
-0.14402288
-0.18876556
-0.04437434
-0.0549606
-0.0514811
-0.053328652
-0.046959046
-0.08195124
-0.03673106
-0.047412414
-0.053527746
-0.060229763
-0.036519226
-0.058189057
-0.027631227
-0.03595386
-0.064242974
-0.0458134
-0.056303922
-0.05795667
-0.015006113
-0.05542219
-0.033518456
-0.047763523
-0.0783587
-0.0809495
-0.03178932
-0.06168278
-0.041978247
-0.0053758454
0.004384534
0.040210903
0.031551857
0.20499715
0.08318702
0.11390396
0.057856426
0.11869114
0.037669104
0.016182844
0.040717036
0.014239387
0.12875876
0.0740159
0.04741353
0.09146233
0.045145687
0.00858418
0.05867035
0.03099595
0.07813296
0.098296024
0.09288513
-0.014850356
0.10470911
0.036286768
0.04772871
0.045024347
0.080892324
0.06541687
0.07670278
0.07481004
0.055299412
0.086768985
0.08525423
-0.012382721
-0.07852264
-0.020343507
-0.0455288
-0.06651229
-0.06930632
-0.01689247
-0.08841285
-0.041322105
0.020424135
0.030053783
0.0296893
0.059760377
0.075205795
0.08392624
-0.024382537
0.07158942
0.0062381458
-0.033963602
-0.04009352
-0.05455215
-0.061055265
-0.040368665
-0.061200965
-0.0383994
-0.069467925
-0.066577576
-0.044530455
-0.039635975
-0.049331952
-0.044916045
-0.053581502
-0.06879375
-0.035551224
-0.07007406
-0.06458728
-0.015007378
-0.01765002
-0.025832994
0.0447076
0.073595464
0.07098082
0.059675846
0.12354669
0.092161
-3.7040333e-08
-3.236488e-08
-1.8603844e-08
3.575486e-08
3.2376715e-08
3.950163e-08
9.416493e-09
-3.785384e-08
-4.3966192e-08
0.019142251
0.069911264
0.042939585
0.06964788
0.02839155
0.08642549
0.0052299984
0.08589287
0.035204258
3.696222e-08
-4.5716938e-08
-3.0762017e-08
2.4908893e-09
-7.5506506e-08
1.3963476e-08
4.0038458e-08
-4.1248796e-08
-1.3572174e-08
-0.020316673
-0.056575708
-0.042721346
-0.055212438
-0.039991733
-0.06131037
-0.030729394
-0.07585627
-0.05699573
-0.0022363947
0.034603354
0.021860415
0.0930571
-0.02531794
0.09775281
-0.00095968094
0.13182573
0.032161526
0.056427166
0.038558427
0.047128163
0.028715702
0.08038829
0.08815559
0.043382015
0.07708599
0.030379036
0.05589619
0.07450492
0.0635908
0.04079644
0.09051388
0.09675514
0.000618031
0.05831842
-0.034111444
-0.011204925
-0.044891424
-0.015559997
-0.055307105
-0.08579024
-0.07796023
-0.038813196
-0.06472529
-0.06576265
0.020036863
0.084245406
0.024192348
0.09047293
-0.02855366
0.10891629
0.018753463
0.102156326
0.04098395
-0.03199387
-0.031494003
-0.044199698
-0.040391736
-0.039873064
-0.0638241
-0.05145498
-0.04887303
-0.07617119
-0.021533674
-0.04636739
-0.030258154
-0.055241924
-0.054678682
-0.06504128
-0.039999027
-0.08333023
-0.06662886
-0.030046673
0.054040533
0.012792799
0.075608775
0.092591465
0.09705796
-0.010658501
0.11670845
0.0144390175
-0.02196456
-0.06600702
-0.05129129
-0.048076555
-0.017670985
-0.050584782
-0.03572951
-0.06606261
-0.064223155
-0.03537903
-0.05577978
-0.007388832
-0.039152317
-0.14967343
-0.087573305
-0.040941324
-0.059067756
-0.032026898
0.037347287
0.03534608
0.08035561
0.05066323
0.12548323
0.05250572
0.026172323
0.06149026
0.050772533
0.008131104
0.03679604
0.0413679
0.061932437
0.04622176
0.077158324
0.008093887
0.0737803
0.019113509
-0.0340594
-0.0890485
-0.04118991
-0.055613406
-0.10479663
-0.06270814
-0.026017955
-0.06107177
-0.041009206
0.03939976
0.10687404
0.07461739
0.058730368
0.04290263
0.047118627
0.08496632
0.053667676
0.10725369
0.020493818
0.074626535
0.04481366
0.069714434
0.009847486
0.12242057
0.013629838
0.085409656
-0.053994093
0.039024692
0.03938985
0.04821882
0.04444072
0.021449188
0.04163049
0.081845336
0.04973518
0.11539155
0.05502317
0.0027523565
0.04565869
0.032351136
0.07351751
0.06583328
0.06459999
0.075406194
0.073956326
-0.053887073
-0.040499285
-0.053865198
-0.050979987
-0.049520884
-0.0728469
-0.045953963
-0.06713321
-0.072639644
0.02969576
0.07658392
0.022988321
0.06688445
0.03702464
0.10753316
0.0408468
0.08405817
0.043109946
0.05042473
0.04709746
0.047519054
0.029841974
0.11092267
0.097108416
0.052945223
0.06931472
0.049643237
-0.013888915
-0.052952174
-0.03368937
-0.057106294
-0.049025204
-0.07236998
-0.03027886
-0.074753396
-0.07133106
-0.0356938
-0.027954176
-0.03607893
-0.061022293
-0.041629557
-0.07446326
-0.051773727
-0.06322547
-0.07498388
0.055769153
0.035474874
0.10364992
0.08292406
0.084110305
0.09090887
0.06477904
0.083214425
0.10273574
0.03787128
0.037545316
0.04477906
0.017271042
0.114293434
0.049337402
0.08495583
-0.009490306
0.08645854
0.03569578
-0.001511401
0.038226124
0.05127114
0.10277933
0.08645493
0.05763218
0.08573821
0.07334937
-0.01912642
0.03627245
-0.046798117
0.0465302
0.100494
0.10275324
0.02722897
0.123853
0.04854849
-0.029746508
-0.056782905
-0.04141744
-0.04625019
-0.06553165
-0.06754876
-0.04988105
-0.046410847
-0.058262598
0.049768925
0.11885577
0.08769667
0.026779925
0.07362619
0.03471373
-0.0032239892
-0.043185182
3.576118e-05
0.049284324
0.07050238
0.0882004
0.035536166
0.15335074
0.070406415
0.004372161
-0.07722941
-0.0079720095
-0.049897615
-0.031458527
-0.06580994
-0.040435947
-0.05855439
-0.054525357
-0.042381372
-0.058517933
-0.06339763
2.6673684e-08
-3.3343664e-08
2.2157327e-08
-7.1084156e-09
5.683074e-09
-1.5922522e-08
-8.4374125e-09
-4.400955e-08
7.2863617e-09
-0.03254869
-0.04677958
-0.045981597
-0.05619537
-0.044551
-0.07287034
-0.025804887
-0.07067659
-0.0391982
-0.16664213
-0.15675175
-0.24413958
-0.018312413
0.078967184
-0.010206457
0.05650172
0.13645586
0.0991957
-0.011404638
0.09549411
-0.013852073
0.043894716
0.042500716
0.09073773
0.08531315
0.03960402
0.07565903
0.007466897
-0.060968667
-0.01952971
-0.07126065
-0.041462693
-0.07268397
-0.025179723
-0.08020121
-0.05814143
-3.3805767e-10
-9.216636e-09
6.143396e-08
-1.4017533e-08
-3.289688e-08
2.7257292e-08
-2.8056784e-08
2.5404407e-08
-2.4332989e-08
-0.035946537
-0.043041974
-0.04183468
-0.034613136
-0.0022648864
-0.04159018
-0.07314098
-0.03975141
-0.09013618
-0.06729624
-0.18220316
-0.07838935
0.028120678
-0.11049431
-0.004206762
0.14488296
0.17007713
0.19570053
-0.013075922
0.053523727
0.0012797271
-0.02388858
-0.15567377
-0.065620944
-0.030077098
-0.12536006
-0.047224596
-0.011700457
0.055281315
0.03342093
0.08326438
0.029155592
0.07956974
-0.028718702
0.08612731
0.031132298
-0.0065810042
-0.05112983
0.0045320196
-0.04626997
-0.14303538
-0.10986044
-0.018657377
-0.06586437
-0.01689529
-0.03677776
-0.055894636
-0.05238271
-0.055292025
-0.038837314
-0.07569475
-0.03475037
-0.062194005
-0.056637395
-0.02138722
-0.03807339
-0.04011476
-0.056765143
-0.048693143
-0.07159877
-0.053441327
-0.0658722
-0.08511549
-0.0055608703
0.21759236
0.028180277
-0.038933985
0.25894454
0.013796046
-0.18472686
-0.11107258
-0.24822922
-0.012144956
-0.018412089
-0.02690647
-0.03420895
0.32628825
0.07226745
-0.037854496
0.050389007
-0.039863296
-2.5736764e-08
-1.9384709e-08
1.7742796e-08
-3.4272547e-09
4.9172247e-08
2.189905e-08
1.1565709e-08
-8.51775e-09
3.302892e-08
0.03204456
0.08606905
0.05603518
0.061463
0.086534075
0.10285142
0.0042034998
0.1395157
0.024893533
-0.00777507
0.095745325
0.010813709
0.052689288
0.10859001
0.07571284
0.025755333
0.050126486
0.05068233
-0.084056005
0.005747949
-0.08476585
-0.036535885
0.01176048
-0.046359126
-0.071033776
-0.046174362
-0.07880121
-0.041525748
-0.046739243
-0.052835066
-0.02771699
-0.030191647
-0.039594706
-0.05531037
-0.049575888
-0.08457481
0.050429963
0.12566105
0.09571161
0.020592952
0.089017086
0.06729968
0.04047846
0.06365127
0.032026157
0.11389849
0.08253246
0.15135193
0.08418902
-0.015192219
0.09021117
0.0050569084
-0.0853626
0.0067745475
0.045275256
0.042437732
0.07939819
0.058194276
0.14325523
0.09893878
0.06467148
0.08556753
0.08837629
-0.041660197
-0.034500968
-0.056157276
-0.06447631
-0.032720495
-0.07097562
-0.032558512
-0.055553827
-0.054000698
0.016367456
-0.05448694
-0.0038274915
-0.08325659
-0.09816483
-0.098028846
0.015383844
-0.09991951
0.007590755
-0.01581416
-0.049895253
-0.041502442
-0.052735914
-0.06476985
-0.07201042
-0.018985495
-0.06508904
-0.052176103
0.023035513
0.048013207
0.032036666
0.03944701
0.12536813
0.07471375
0.03265082
0.04431423
0.064041406
0.055326786
0.09505126
0.081218
0.07154076
-0.066279456
0.054620285
0.07184959
0.08880983
0.1022378
-0.043434177
-0.03571751
-0.066901006
-0.039654583
-0.03691172
-0.056464247
-0.050763108
-0.05882199
-0.06700936
1.9293255e-08
-3.1389803e-08
-5.6862064e-08
5.506401e-08
5.5398806e-09
-1.2948588e-08
4.3059366e-08
2.3690747e-08
1.3159906e-08
-0.0775452
0.0167506
-0.07093911
-0.022215739
0.037756875
-0.023317037
-0.0923913
0.00820869
-0.1190582
-0.029564014
-0.05803628
-0.041971084
-0.06521132
-0.038912933
-0.08373105
-0.021276949
-0.07112186
-0.046340693
-0.028919017
-0.029486766
-0.046039406
-0.042207584
-0.039311923
-0.05694399
-0.06721471
-0.042689826
-0.078242116
-0.030443305
-0.03831373
-0.046509642
-0.036942545
-0.05532576
-0.0469589
-0.031991184
-0.06743241
-0.04940577
0.06031347
-0.01530131
0.050925374
0.004963497
0.10301751
0.03520205
0.05619315
0.065217644
0.08364141
-0.053311653
-0.03515565
-0.055866536
-0.04453718
-0.007642796
-0.065232664
-0.06567583
-0.040048894
-0.06396703
-0.012337426
-0.03243893
0.005048802
-0.053415023
-0.17230298
-0.10103758
0.013780608
-0.09390328
0.007204608
-0.01780166
-0.058313508
-0.050801214
-0.064066514
-0.032262977
-0.0641985
-0.034917284
-0.066696696
-0.058465544
-0.057803895
-0.0131918825
-0.070637286
-0.040832926
0.02604231
-0.04773096
-0.058762245
-0.04161377
-0.08192625
-0.050093282
-0.06350217
-0.04366238
-0.037383147
-0.039162803
-0.0709461
-0.032836158
-0.055369403
-0.04613154
0.015834311
0.037408832
0.030962128
0.063820414
0.066945
0.08865611
0.01635679
0.10106183
0.03555619
-0.029031193
-0.0009112643
-0.020553662
-0.0464219
-0.1048405
-0.09177279
-0.06033544
-0.07587734
-0.05659133
-0.007853622
-0.11030224
-0.034490667
0.09819078
-0.068183124
0.10515949
0.06240313
0.118839525
0.084248364
0.07922302
0.15118967
0.100277394
0.048375428
0.008862238
0.073195815
0.039200198
0.09035903
0.05720868
0.12636928
0.020415913
0.14835814
-0.04025766
-0.05471643
-0.049645796
0.15753968
0.011844557
0.19395757
-0.02888743
-0.037955783
-0.047081195
-0.057396173
-0.09422269
-0.08354021
-0.007930379
-0.0810125
-0.026913596
0.008119167
0.048638564
0.011039048
0.041886393
0.084771834
0.06886575
0.028191894
0.06736222
0.05106197
0.05220005
0.071236074
0.07147389
0.004265935
0.11909036
0.067225486
0.047573544
0.071045406
0.054459356
0.087752335
0.022868585
-0.1073112
0.15508115
-0.008762574
-0.15280144
0.20812164
0.020860128
-0.22550285
-0.0118196085
0.04402134
0.007984908
0.050287813
0.12851593
0.068148464
0.012655235
0.08353614
0.044891264
-0.037798867
0.06311871
-0.02812358
0.06643189
0.076872155
0.09663544
0.016163126
0.10299514
0.041079372
0.04485574
0.106835626
0.08657146
0.07939061
0.052386887
0.05339146
0.061090693
0.08092737
0.08409537
-0.0017064332
0.050002683
0.016020888
0.057939336
0.10003871
0.09398943
0.019046906
0.08792386
0.041140947
0.014842707
0.04404519
0.022830022
0.036702488
0.11836238
0.094648585
0.028495781
0.06476478
0.026918048
0.032479994
0.021138253
0.046156198
0.035952225
0.1218633
0.07864018
0.023001757
0.08243655
0.03079718
-0.0101484675
0.08405167
0.008949103
0.067697994
0.04146271
0.101577364
0.025639094
0.08587559
0.04258734
0.020584416
0.046331357
0.014923665
0.047101196
0.05848634
0.096596256
0.02971725
0.072979376
0.03929186
-0.032892924
-0.046831544
-0.045251835
-0.039542172
-0.044724196
-0.0653382
-0.05199019
-0.051857825
-0.073606506
-0.15760769
-0.13901038
-0.21109852
-0.0024879733
0.037121005
0.025305703
0.10965521
0.14363421
0.14167963
-0.018986901
-0.055250034
-0.043697927
-0.045126032
-0.10137985
-0.084410466
-0.03086981
-0.070426546
-0.041309584
-0.17889376
-0.11576401
-0.22800392
-0.036865164
0.19238932
-0.028168492
-0.032933485
0.23330392
-0.0034770146
-0.030298263
-0.042675816
-0.043609362
-0.05361551
-0.06936778
-0.07280038
-0.028517552
-0.08812071
-0.062245794
0.032245982
0.06204758
0.050971165
0.05223295
0.094272316
0.08632258
0.03407269
0.07519282
0.044035286
-0.02846134
-0.046100575
-0.045205384
-0.051614847
-0.064498305
-0.08587763
-0.03451543
-0.075540744
-0.04705999
0.03679983
0.049239527
0.040134314
0.030286869
0.07136909
0.09032851
-0.0031501479
0.062250245
-0.035526115
-0.09676347
-0.08414689
-0.106312156
-0.029147442
-0.020213908
-0.03562217
0.08045332
0.19421993
0.12925774
-0.08045013
-0.027250601
-0.074251905
-0.040275007
0.010909466
-0.045054533
-0.06534857
-0.040874362
-0.09128327
-0.028937915
-0.08657918
-0.040007822
0.003557625
0.09335318
0.012542101
0.046332933
0.17274876
0.09562583
0.022155369
0.054702435
0.044566777
0.084194444
0.037454806
0.10464357
0.011873428
0.12586421
0.049646206
0.04054357
0.049038492
0.06926035
0.032417327
0.05593339
0.06919642
-0.005147844
0.06336561
0.074640445
0.009724825
0.035778
0.01179242
0.008146555
0.14856786
0.090445496
0.008137548
0.097124994
0.041902803
-0.049704842
0.0030702876
-0.09290333
-0.036739297
-0.030036947
-0.03290258
-0.050237
-0.05909051
-0.053691152
-0.00014319613
0.118583255
0.013188412
0.072468735
0.015985832
0.114436924
0.030794155
0.07062816
0.046113305
-0.009421581
0.024621656
-0.006979533
0.043408718
0.1282508
0.0636914
0.017724015
0.08029011
0.05339933
0.030734671
0.07303028
0.055312645
0.056072608
0.124165036
0.1126658
0.042751644
0.004588368
0.046517972
0.04778409
0.018716421
0.04826538
0.021332469
0.10587639
0.08284676
-0.0041972892
0.07927171
-0.0026696702
0.039362703
-0.02130407
0.033220187
-0.0020973017
0.1257598
0.027446922
0.052483395
0.026414532
0.07158255
-0.017291654
-0.05790619
-0.035381343
-0.060344823
-0.011749093
-0.0658625
-0.032421894
-0.06017956
-0.055872258
0.030640224
0.040492896
0.006249183
0.022007154
0.12781541
0.08995833
0.047752753
0.054607544
0.056573227
-9.735527e-09
-5.7272874e-08
1.3781406e-08
-2.8468317e-08
-4.8984194e-08
1.3122533e-08
-4.4326157e-08
2.9662107e-08
-2.8169259e-08
0.0074494947
0.055780552
0.019963205
0.052148506
0.08941559
0.093717664
0.006379901
0.11259779
0.036161423
-0.056441125
-0.06296386
-0.06782117
-0.048542008
-0.09270669
-0.08811295
0.0034906692
-0.023658853
-0.0024218492
0.0148188975
0.038932
0.04933104
0.04441484
0.097868785
0.07308736
0.021564884
0.032260478
0.03340677
-0.053019904
-0.04577943
-0.072266914
-0.0666734
-0.037493642
-0.08388929
-0.029588137
-0.06276517
-0.04110745
2.0858775e-09
-1.4811507e-08
-2.6845536e-08
-2.024678e-09
2.5627646e-08
-4.4193175e-08
4.5089894e-08
-3.2143788e-08
-1.1439967e-08
-0.029187914
-0.054305658
-0.036660805
-0.050553262
-0.06373494
-0.07985016
-0.029126476
-0.0546038
-0.05722281
-0.040655155
-0.06822953
-0.06251103
-0.047925953
-0.043581624
-0.06456071
-0.04428018
-0.05478345
-0.06376977
-0.028507886
-0.04714389
-0.045308508
-0.04872004
-0.08675481
-0.06891867
-0.024799464
-0.07204754
-0.03222697
0.07333156
0.059291452
0.107140146
0.078176536
-0.049536467
0.10505472
0.041291326
-0.120646976
0.020283468
0.03303162
0.055701837
0.049034957
0.041266043
0.070322745
0.06355644
0.024724174
0.087640576
0.04813359
-0.02474091
-0.04456872
-0.05028572
-0.057183687
-0.036733486
-0.06641486
-0.04433446
-0.053891838
-0.0658687
0.00876171
-0.0001882827
-0.0021492566
0.06368082
0.047763146
0.077596575
0.044369966
0.11775386
0.06530987
0.12591887
-0.020776868
-0.14078487
0.14925677
0.012187907
-0.11083043
0.107051075
-0.037694644
-0.12678581
-0.032683793
-0.04341514
-0.060368136
-0.060419355
-0.051957477
-0.066012636
-0.045534663
-0.03819349
-0.051684793
-0.053623028
-0.09387445
-0.104618095
-0.065889455
0.08490575
-0.009263763
0.11311858
0.21289633
0.16028342
0.06120677
0.08682724
0.10639672
0.18307313
-0.51944256
0.09658648
0.069252625
-0.096188016
0.08722828
-0.026325384
-0.06985125
-0.034599394
-0.029329814
-0.14313915
-0.08707404
-0.028754681
-0.048450895
-0.031012932
0.05600949
0.057661083
0.07950564
0.056123026
0.075398475
0.070733026
0.0022074054
0.04935509
0.03419149
-0.03021689
-0.06610553
-0.047613267
-0.059833977
-0.068229415
-0.082320295
-0.041194614
-0.06378623
-0.06485074
-0.02551882
-0.13650365
-0.07689594
-0.001894028
-0.07851959
-0.012074042
0.15542541
0.11885527
0.22181457
0.021941045
-0.056458563
0.020026857
-0.05500227
-0.25698832
-0.10524746
0.0277057
-0.09538101
0.03752221
0.028968163
0.18407655
0.088120915
-0.013800299
0.108287975
-0.006122428
-0.12588638
-0.10762226
-0.18238443
-0.040712427
-0.03135058
-0.040155414
-0.05780173
-0.063393384
-0.07838884
-0.02945403
-0.07349872
-0.0647477
-0.063398756
0.10539934
-0.07512988
-0.014836952
0.28845963
0.046460338
-0.19983386
-0.14456071
-0.26767358
-0.026448296
-0.04935753
-0.045480452
-0.05205041
-0.06530234
-0.07401469
-0.030016309
-0.0749456
-0.046267286
0.05357473
0.04120622
0.04117296
0.06551844
0.02724702
0.097741045
0.069496945
0.055210214
0.07837283
0.01660998
0.0068187597
0.03748077
0.018117338
0.2688228
0.0778321
0.113570385
0.104768194
0.15193161
0.03568908
0.033169445
0.046616934
0.071439065
0.076367944
0.0970405
0.0064254166
0.07410819
0.028097479
0.0029283802
0.06672831
0.020385096
0.07116322
0.07822236
0.09237637
0.0149888275
0.0787846
0.051054478
1.9242988e-07
1.1684061e-06
1.2295642e-06
1.9710635e-06
1.6677708e-06
1.6210117e-06
1.6136571e-06
1.9784654e-06
1.516828e-06
-0.042057175
-0.028401364
-0.037330706
-0.068978556
-0.034626033
-0.07652219
-0.0018434532
-0.099622674
-0.041555673
0.06765998
-0.05090311
0.0615117
0.027754076
0.12432597
0.073911965
0.036383044
0.05473308
0.04463928
0.04460834
0.025056567
0.05537492
0.058363825
0.11157056
0.0905225
0.0055544684
0.07814421
0.016582228
-0.042518307
-0.050584164
-0.06937732
-0.029613553
-0.038159356
-0.055097047
-0.045205902
-0.060060356
-0.059158616
0.026014676
0.085546404
0.037332587
0.061190978
0.09526247
0.095705785
0.0005513512
0.08972567
0.011863216
0.03491669
0.029049942
0.040222254
0.05935177
0.057069495
0.092748284
0.015182499
0.11869015
0.042494245
0.014314716
0.044611692
0.0077001047
0.047595967
0.12213135
0.08945696
0.026198184
0.079362184
0.044926632
0.05455686
0.027964571
0.08438996
0.046563767
0.109091006
0.047795217
-0.025570588
0.04084588
0.00770273
-0.06788238
-0.045463182
-0.088983245
-0.060789745
-0.019939346
-0.0712765
-0.058209386
-0.056508042
-0.07596037
-0.039114095
-0.045042325
-0.048728213
-0.050768893
-0.04934393
-0.07908235
-0.038787864
-0.068753675
-0.05841249
-0.033932216
-0.053455953
-0.04471642
-0.060097974
-0.03702973
-0.077665284
-0.03782955
-0.07099233
-0.051576905
-0.07839544
-0.058076847
-0.098725475
-0.04680188
-0.02928343
-0.05850221
-0.041840643
-0.048724342
-0.04048915
-0.09065599
-0.026618086
-0.10382112
-0.016082613
0.02823233
-0.00553033
-0.07164691
-0.011604715
-0.08117415
-0.065042004
-0.0100872265
-0.07612159
-0.018173868
0.01434418
-0.04084363
-0.08303828
-0.02346702
-0.085388295
-0.014060589
-0.026757825
-0.018150384
-0.048250023
-0.09686919
-0.092261575
-0.02436369
-0.11889827
-0.053814683
0.015573814
0.06004742
0.030537358
0.07572219
0.21112487
0.08396053
0.028707974
0.0662096
0.04780744
-0.00672916
-0.0442577
-0.033601183
-0.06362511
-0.05513432
-0.07475518
-0.03234388
-0.06494189
-0.056576774
-0.048138175
-0.049251303
-0.063330546
-0.05155104
-0.0062689516
-0.06170449
-0.046155356
-0.06812773
-0.07267811
0.047581565
0.0055835135
-0.121884786
0.07512809
0.12955767
-0.18860674
0.07879308
0.04971047
-0.17471237
-0.05373601
-0.023311082
-0.078934126
-0.029355146
-0.06522045
-0.03390453
-0.04531241
-0.05003284
-0.0721012
0.015791303
0.041924205
0.027006472
0.06535398
0.08392821
0.09363721
0.0284905
0.079933286
0.044450227
-2.5072467e-08
3.341244e-08
-4.130664e-08
1.8291246e-08
-1.574014e-08
4.4862865e-08
-1.4734318e-08
-4.1002743e-08
1.04905125e-08
-0.023076702
-0.06099014
-0.037002996
-0.056171868
-0.0800551
-0.092611104
-0.029886436
-0.08705577
-0.039638218
-0.02132098
-0.06098439
-0.042355083
-0.0710833
-0.0909362
-0.10132334
-0.02118225
-0.062519185
-0.032940794
-0.041670978
-0.045210768
-0.057317555
-0.053488396
-0.04988659
-0.08629474
-0.058385722
-0.07089268
-0.0598112
0.0010358978
0.04554048
0.0112208435
0.073036365
0.031366967
0.08843533
0.009433571
0.116418675
0.038057778
-0.17081307
0.030893575
-0.19677922
-0.08551267
0.5546476
0.0012535086
-0.22830674
0.14781918
-0.23950553
-0.010775097
0.025055645
-0.0306953
0.059769887
-0.026907109
0.07914023
0.05524967
0.07969111
0.076008536
-0.06730098
-0.009147651
-0.067443065
-0.009028607
-0.002376886
-0.024813429
-0.08949345
0.0045558186
-0.08069932
-0.07965718
-0.133185
-0.0978131
0.022218896
-0.08009516
-0.008753251
0.10194489
0.2034347
0.16147773
0.036127005
-0.051113196
-0.0051094797
0.037745632
-0.001227092
0.0709544
0.09023101
0.06853219
0.10808033
-0.032486882
-0.023064956
-0.043992307
-0.042368665
-0.07344972
-0.08125823
-0.029314535
-0.08980842
-0.0530311
0.06081114
-0.027280696
0.08748148
0.050486762
0.009293316
0.05574996
0.059561595
0.0763542
0.08374602
0.0100860465
0.07592721
0.00019383653
0.040060733
0.10443029
0.087733895
0.04164672
0.03725267
0.058796674
0.0016052044
0.05161276
0.02283069
0.06663745
0.14764464
0.09552111
-0.0020873079
0.064762615
0.029254884
-0.09665795
-0.0098864455
-0.08790262
-0.031923357
-0.044124737
-0.05272713
-0.018573869
-0.055942018
-0.025085041
0.005494682
0.06759733
0.034869384
0.04951125
0.11248749
0.061661758
0.088240564
-0.04508477
0.11769188
0.015814703
0.028946005
0.032270275
0.057603836
0.12483504
0.09636734
0.016496146
0.0441912
0.030810576
0.00045572067
0.024894137
-0.0095930295
-0.02007025
0.0006986043
-0.037264667
-0.10674832
-0.15947574
-0.18086012
-0.04494649
-0.046054773
-0.05112311
-0.047029685
-0.060429003
-0.068649165
-0.034551192
-0.072465196
-0.065331146
-0.042974506
-0.03189517
-0.045017723
-0.031207299
-0.027581666
-0.04975128
-0.05357335
-0.04187476
-0.06766613
-9.142882e-09
-3.675756e-08
-3.2742378e-08
-2.40866e-08
3.7074443e-08
1.1251469e-08
-1.9500517e-08
4.0149867e-08
2.7419572e-08
0.017314274
0.087156
0.034242246
0.097939886
-0.050323784
0.101494685
0.020333743
0.110942975
0.043352693
-0.030207988
-0.02388883
-0.039790325
-0.07259618
-0.0045284163
-0.075566255
-0.04348966
-0.056786515
-0.0622966
0.041065264
0.021187654
0.045838274
0.038581338
0.05439871
0.06384465
0.07221879
0.06701752
0.099953644
0.045176372
0.045664873
0.04090079
0.05973712
0.11140053
0.111697696
-0.027800085
0.11626952
-0.02699865
-4.3482736e-08
6.142555e-09
9.821232e-09
-1.5931391e-08
-9.2390975e-09
1.5700936e-08
4.7642246e-08
-1.9376913e-08
-4.7006576e-08
-0.033690706
-0.057345636
-0.04032338
-0.04672613
-0.021292698
-0.06923086
-0.061648376
-0.05934657
-0.075210124
-0.055350233
0.0796947
0.029570322
0.09348126
0.056678064
0.085838236
-0.032853127
0.1065411
0.046758834
0.037166905
0.086043164
0.08560233
0.04367949
0.056921467
0.039368376
-0.15522873
-0.21087924
-0.20607552
0.095921926
-0.0155003
0.11816241
0.040594026
0.06873513
0.062727325
0.062189307
0.061413277
0.070406705
0.04984676
-0.01926715
0.043886974
0.035582587
0.12825069
0.087966025
0.017272633
0.09554649
0.037466846
0.022677818
0.08370705
0.029137991
0.070405014
0.026692167
0.1091077
0.031004429
0.08736344
0.04527028
-0.039899282
-0.045303114
-0.057386424
-0.04839282
-0.06302478
-0.057344627
-0.03542181
-0.05777258
-0.050427556
0.025878401
0.034943778
0.030541996
0.046195865
0.13884917
0.10198915
0.031275522
0.079479024
0.037668414
-0.032665126
-0.057529427
-0.046213303
-0.043352842
-0.051008
-0.06314772
-0.045110874
-0.073766425
-0.06782313
-3.888853e-08
1.1920367e-08
4.080817e-08
-2.5829284e-08
3.711025e-08
3.9490207e-08
-7.218208e-09
-2.8404106e-08
1.7938971e-08
-0.0454062
-0.043411296
-0.06279636
-0.05890249
-0.0423334
-0.07032113
-0.04021938
-0.061436176
-0.060013037
-0.0053823437
-0.06215009
-0.022841483
-0.076373026
-0.034382775
-0.07737059
-0.020446653
-0.060484454
-0.052406155
0.016584508
-0.053400237
0.012978032
-0.07215887
-0.18713969
-0.104211144
0.02330733
-0.08364338
0.016602304
-0.049799327
-0.041279957
-0.060477093
-0.03982297
-0.009837333
-0.04713551
-0.051564343
-0.0073757707
-0.08802166
-4.0854626e-08
-1.1067102e-09
2.9008646e-08
-7.260086e-08
-5.189209e-08
-1.7319525e-08
-4.076183e-08
-1.932867e-08
7.888388e-08
-0.021063846
0.016458465
-0.022975624
0.029527834
0.19178428
0.08965562
0.017793745
0.085975885
0.034001324
-0.011183098
0.08120318
-0.014271455
0.056663726
0.017094487
0.09294653
0.030765338
0.06628702
0.02686602
0.16442795
0.04138379
-0.10165794
0.13953072
0.030040437
-0.2034813
0.2110779
0.042873017
-0.16762836
0.050209086
0.05048748
0.05510994
0.04896482
0.04267559
0.101826176
0.004524646
0.08099959
0.011004854
-0.1170544
-0.019298472
-0.11960923
-0.020323368
0.03795639
-0.027523799
-0.11390444
-0.02156132
-0.12950227
-0.03035242
-0.040042344
-0.059563983
-0.047678165
-0.031274036
-0.06738677
-0.047072716
-0.053073727
-0.0527273
-0.0025313168
0.05862486
-0.0010610427
0.06339621
0.058403075
0.1145847
0.025024155
0.0957908
0.03339722
-0.0024292483
-0.04876653
0.00045319405
-0.04013939
-0.16407749
-0.096603334
0.0010800919
-0.08954
-0.02013595
-0.0074093835
0.058531255
0.0023381263
0.038029592
0.10118984
0.08010277
0.03115582
0.08298564
0.036721792
-0.039946925
-0.02708816
-0.060138665
-0.03916061
-0.06295165
-0.06340487
-0.03726026
-0.077240184
-0.049955282
-0.045941822
-0.036917202
-0.07400876
-0.029299341
-0.028825028
-0.056087896
-0.07667373
-0.020992925
-0.077130936
-0.019005306
-0.08498096
-0.041329615
-0.08100198
0.040027462
-0.10000878
-0.04974774
-0.06260817
-0.063472934
-0.04456367
-0.05591385
-0.068177804
-0.052180417
-0.058564544
-0.0645595
-0.054835353
-0.071663015
-0.07437005
-0.005222301
-0.047473002
-0.023917502
-0.042345647
-0.15796152
-0.07528744
-0.011976874
-0.05968986
-0.020012954
-0.027721955
-0.027160179
-0.023989951
-0.0284791
-0.11162901
-0.07986612
-0.02857111
-0.07436138
-0.037229016
-0.033968583
-0.061215512
-0.03580524
-0.017785115
-0.14236158
-0.061352476
-0.020361
-0.04967573
-0.022531362
-0.014933264
-0.06917127
-0.031764157
-0.043655794
-0.091604106
-0.06560493
-0.031666122
-0.06901695
-0.033200063
0.002246931
-0.10341833
-0.022606196
0.04384279
0.10682797
0.09505313
0.048734806
0.13498144
0.082849495
-0.025415493
-0.058666237
-0.04894324
-0.07324486
-0.0062873466
-0.082842715
-0.035521142
-0.07334226
-0.04835193
0.043031387
0.018936658
0.05535576
0.007185507
0.16937105
0.043223258
0.056002766
0.037045263
0.07121841
-0.042238675
-0.040375225
-0.06333994
-0.054492336
-0.032534264
-0.05573686
-0.043806683
-0.046356767
-0.0696009
0.0013508284
0.07152535
0.016036794
0.075102665
0.031066755
0.08384199
0.009292606
0.093709454
0.042105194
-1.687037e-08
2.0409036e-08
2.4336826e-09
-2.0431493e-08
4.4928107e-08
-5.6686503e-08
-2.0969078e-09
-4.5150262e-08
-3.920238e-08
-0.0013860047
0.05243771
0.02070907
0.07664643
0.06702816
0.096827544
0.0079179155
0.100759245
0.039292257
3.685815e-08
-2.3731603e-08
-2.5348996e-08
-3.2750698e-08
4.017404e-08
-3.955376e-08
-1.3121505e-08
2.2079504e-08
-4.945603e-08
0.029751126
0.09627937
0.07567437
0.02018812
0.18063468
0.051555358
-0.073517255
-0.05065178
-0.099052586
0.055290658
0.00040263898
0.07453664
0.054541487
0.028802376
0.05776047
0.07861402
-0.015044193
0.089998975
-0.057828102
-0.04312079
-0.060410928
-0.045083128
0.004346587
-0.054793406
-0.05832657
-0.038934037
-0.07658905
-0.015279003
0.083546795
0.04086809
0.080814324
0.054260504
0.06809296
0.037222628
0.06620947
0.07722626
-0.048857864
-0.07238454
-0.07456356
-0.053596567
0.16586353
-0.019954195
-0.108146824
0.011741862
-0.12301715
-0.039324734
-0.052040752
-0.04360031
-0.028796708
-0.06368372
-0.077143654
-0.058671743
-0.07172553
-0.07463176
-0.05337743
-0.028911825
-0.06855661
-0.04088572
-0.0063083745
-0.039155934
-0.057148647
-0.029834332
-0.06945593
-0.069380336
-0.022792019
-0.08159537
-0.028561702
-0.0032697653
-0.03739824
-0.069345444
-0.02696243
-0.074299455
-0.011986041
-0.056894235
-0.03099304
-0.06537786
-0.0488542
-0.08185921
-0.02352992
-0.082650065
-0.041079365
0.022348931
0.00801336
0.014849737
0.037341993
0.13600227
0.08289817
0.020942524
0.058983926
0.0418428
0.1338437
0.06835062
-0.4151507
0.095228694
0.15731229
-0.1337673
0.069301985
0.011213558
-0.31438684
0.02812985
0.08014821
0.018324664
0.057759717
-0.07308897
0.098712154
0.017171599
0.12562867
0.024782287
-0.115330406
-0.11259196
-0.17286222
-0.048844893
0.2857016
0.0017835507
-0.04392685
0.17161208
0.009664335
0.015096616
0.05841718
0.032370556
0.07050856
0.056036707
0.0946607
-0.03182816
0.06582164
-0.018725196
-0.040212937
-0.015618861
-0.064316265
-0.034110095
-0.030577118
-0.05583443
-0.05810773
-0.044062767
-0.06009967
0.015885811
0.04284252
-0.008363649
0.06484515
0.059535127
0.119726814
0.019562723
0.09653547
0.030836966
-0.03993157
-0.029291715
-0.063988835
-0.05164783
-0.04382051
-0.058087986
-0.048728026
-0.06970304
-0.061286025
-0.063836694
-0.04480695
-0.078633144
-0.054207273
-0.01488057
-0.05718117
-0.06362152
-0.017800162
-0.07640023
-0.06451293
-0.04949873
-0.07164606
-0.060005635
-0.034783468
-0.058196697
-0.03208323
-0.031959
-0.04042102
-0.057399403
-0.04735628
-0.06380475
-0.040812682
-0.027420564
-0.046922788
-0.06375951
-0.04900523
-0.063141316
-0.028028505
-0.056103718
-0.04349756
-0.053420328
-0.042532567
-0.0637004
-0.037094813
-0.050588902
-0.06473559
-0.0422834
-0.023206504
-0.06254375
-0.03143022
-0.003996791
-0.042872913
-0.06463065
-0.045384903
-0.09307568
0.064766616
0.118639186
0.09271329
0.009880633
0.080434546
0.04175597
0.086366914
0.120359495
0.106205754
-0.011334784
0.033413313
0.012342534
0.06166802
0.14957605
0.090083934
-0.0072662714
0.10292799
0.019015914
-0.030469758
-0.06662659
-0.04956147
-0.048737355
-0.042703338
-0.068565525
-0.044901695
-0.035260342
-0.05809133
-0.12613788
-0.06741389
0.100778915
-0.11777173
0.005233952
0.20914961
-0.16313049
-0.06994521
0.09529951
-0.022709081
-0.052258324
-0.04535426
-0.056263193
-0.014323203
-0.054047696
-0.04452329
-0.040567547
-0.077157676
0.16237573
0.09593103
0.21443602
0.038551625
-0.09416924
0.025032176
0.0067056334
-0.1550892
-0.02770438
-0.036758542
0.0915874
0.041439407
0.09481703
0.08926408
0.1021114
-0.048133653
0.11362165
0.027998792
0.025746532
-0.07140802
0.009664357
-0.07774539
-0.14012413
-0.0956965
-0.0020931647
-0.09980857
-0.006529698
-0.022766795
-0.06889619
-0.050035827
-0.05255722
-0.008079748
-0.065808795
-0.052323025
-0.0607209
-0.09804879
0.031654682
0.0009955153
0.03828019
0.04402879
0.10743128
0.07332787
0.015860854
0.08790353
0.04536302
0.013823841
-0.038130905
0.0063325544
-0.02850275
-0.25748307
-0.07345485
0.014294954
-0.09451278
0.0022853795
0.016602222
0.07360685
0.037896886
0.06491184
0.1309986
0.09350437
-0.0070746094
0.08136002
0.032535024
0.054559525
0.044225704
0.07219219
0.036309402
0.06549501
0.05036945
0.037779406
0.063719876
0.06122082
0.017527437
-0.028888509
0.017556246
-0.046505306
-0.27620128
-0.06363394
0.0137126995
-0.06348495
0.014499946
-0.036717467
-0.027383272
-0.056132827
-0.062535845
-0.02477736
-0.07052677
-0.041813575
-0.05112662
-0.07092288
-0.2531411
-0.07683273
-0.16999926
-0.009678238
0.14834023
0.03380635
-0.12331505
0.055954143
0.018049711
-0.036443017
-0.031137012
-0.041331723
-0.026036177
-0.03221114
-0.056427132
-0.05514981
-0.04839398
-0.0990772
0.10421814
0.19727415
0.17427155
0.04114668
-0.0001736482
0.044105142
-0.07412904
-0.17920412
-0.11151184
0.016678588
0.037718683
0.0235946
0.055835515
0.14864269
0.10403987
0.022179378
0.10614084
0.042984873
0.01863585
0.060361307
0.022457944
0.06396719
0.02689799
0.102139324
0.025654988
0.08188601
0.028720595
-0.034515664
-0.04945636
-0.046700537
-0.05206408
-0.042968545
-0.08519896
-0.05202573
-0.07099939
-0.06283954
-0.008133281
-0.030749837
-0.008650403
-0.058463104
-0.10405727
-0.08871866
-5.3243322e-05
-0.08830547
-0.02913777
-0.03984256
-0.03571107
-0.043445516
-0.039286133
-0.0600178
-0.054382354
-0.035557643
-0.05835326
-0.065338336
-0.030930372
0.07736245
-0.002395787
0.076957665
0.084194586
0.103160426
-0.0022348945
0.102918446
0.03406101
0.0850485
-0.061324317
0.07952313
0.057074435
0.10268665
0.0997609
-0.0025232087
0.11448947
0.0056031616
-0.15981682
-0.20170996
-0.2054755
0.012691034
0.00039719616
0.012340816
0.056163054
0.12568806
0.06744259
0.02568609
0.042564932
0.033359393
0.04212561
0.1323725
0.07060149
-0.019394971
0.092550375
0.012784894
-0.049418427
-0.02948618
-0.0615044
-0.059153084
-0.015491822
-0.07894327
-0.06334985
-0.046180505
-0.07729923
0.013224794
-0.050933525
-0.021739947
0.027958533
0.11575823
0.07264679
0.038150683
0.05936622
0.052449893
-5.2124395e-08
-1.6303521e-06
3.4392883e-06
4.690585e-06
7.8284775e-06
6.600195e-06
4.544819e-06
7.4086656e-06
5.4894936e-06
0.036109656
0.04030045
0.03130038
0.037916724
0.12766992
0.09900546
0.034191854
0.08785222
0.03111206
0.0029508735
0.03391424
0.029264148
0.062381953
0.13551787
0.08509647
-0.00817363
0.08135152
0.036400143
-0.02304259
-0.06061936
-0.033166725
-0.06965268
-0.032404345
-0.08247742
-0.022708293
-0.065696955
-0.057955615
0.049684107
-0.17004305
0.04074908
0.09242117
-0.075231664
0.07393905
0.044009265
0.18235888
0.08019876
-0.04477099
-0.04758882
-0.06427966
-0.05659641
-0.05233445
-0.08481668
-0.04659163
-0.06280184
-0.06064996
0.0035094765
-0.047357466
0.002845325
-0.053719174
-0.1804435
-0.08469597
0.023811242
-0.10677984
-0.00017530328
-0.05967506
-0.027301105
-0.08910951
-0.03218629
-0.03458526
-0.04330492
-0.046217173
-0.043473095
-0.0492304
-0.10906893
-0.11768484
-0.13044871
-0.015295965
-0.018984959
-0.050757695
-0.02562828
0.003291957
-0.021993153
-0.022530483
0.040318824
-0.0206241
0.05048869
0.13912565
0.09944526
0.023853427
0.11297664
0.067961685
-0.027555868
-0.036840163
-0.035941828
-0.040629838
-0.04059426
-0.045305736
-0.061827328
-0.052700847
-0.07836167
6.3900325e-09
1.4259579e-08
-2.7619594e-08
-3.090887e-08
2.7019095e-08
-1.7204751e-08
1.1917554e-08
-3.9779817e-08
-2.8486436e-08
3.0551117e-08
-2.3064091e-08
-1.336855e-08
2.1170854e-08
5.54456e-10
4.7033694e-08
-8.3033434e-08
2.661824e-09
-7.1853923e-09
-0.031799354
-0.058103617
-0.058177058
-0.057492364
-0.07539554
-0.084919915
-0.030205216
-0.08740315
-0.054713473
0.045142885
-0.018579911
0.055860825
0.030998876
0.13150707
0.06565908
0.016139753
0.077401966
0.0393252
-0.047902662
-0.094378635
-0.059484906
-0.040585406
-0.16165182
-0.0728787
0.033186615
-0.015034199
0.032804556
-0.03051635
-0.050924983
-0.050601937
-0.07055835
-0.039566014
-0.093159094
-0.011662797
-0.07113364
-0.042411465
-0.019242525
-0.06556483
-0.028233038
-0.04608741
-0.04333717
-0.07800942
-0.029961545
-0.07179746
-0.050818235
0.0071634157
0.048169043
0.013195229
0.0429861
0.12045309
0.08748925
0.015178818
0.10364498
0.038925763
1.2534795e-06
8.9126524e-07
5.9238795e-07
5.56491e-07
7.182252e-07
5.788312e-07
4.3702937e-07
7.0796057e-07
4.3260798e-07
0.032692574
0.20302565
0.085650094
-0.004974072
0.09311195
0.009787781
-0.16834578
-0.15156949
-0.19873531
0.06682422
-0.06399513
0.05995133
0.027936548
0.09659732
0.05961948
0.025477998
0.06869715
0.037595678
-0.04667709
0.08137767
-0.034202415
0.08118028
0.056214344
0.103907794
0.01414421
0.08596411
0.03655047
-0.026790218
-0.052307226
-0.032969728
-0.044232633
-0.05539652
-0.071549386
-0.039084684
-0.076216534
-0.06385944
-0.031445898
-0.03669879
-0.062403336
-0.05958174
-0.011827596
-0.0658214
-0.053004663
-0.07045717
-0.08451868
1.3534288e-05
1.9935223e-05
1.2198218e-05
1.1332155e-05
1.558364e-05
-9.224107e-06
-7.229127e-06
5.1229144e-06
-9.722684e-06
-0.05117711
-0.04276128
-0.06710587
-0.04511315
-0.005231107
-0.049521554
-0.061358914
-0.029947
-0.059706673
-0.028048405
-0.062221635
-0.04931049
-0.060251255
-0.03687343
-0.062109914
-0.043312002
-0.048169527
-0.060038973
0.015540125
-0.050822917
0.021084264
0.060998205
0.06702335
0.07645708
0.018862866
0.12154052
0.058042668
-0.055632062
-0.048218437
-0.06254141
-0.032407865
-0.06506561
-0.066185504
-0.062145364
-0.062200774
-0.067605585
-0.017977085
-0.051305145
-0.01949871
-0.051332884
-0.08037
-0.076521315
-0.040222455
-0.07242221
-0.070192255
-0.06595106
-0.008006707
-0.08204551
-0.03732251
0.0013990293
-0.049601395
-0.051366094
-0.0363051
-0.057155747
-0.0342157
-0.053720195
-0.04199731
-0.050331403
-0.027689511
-0.07388013
-0.04754257
-0.047955066
-0.04986252
0.016118314
0.03517442
-0.032095794
0.057498425
0.048302054
0.09906621
0.038818486
0.09818873
0.05367773
-0.049863975
-0.039373457
-0.055344723
-0.043552123
-0.04239974
-0.059126526
-0.058924794
-0.05344221
-0.0787304
0.021518588
0.07192745
0.055530824
0.0692588
0.03117367
0.079824574
0.026492473
0.08013937
0.044996772
-0.039875958
-0.03952425
-0.059400104
-0.047032677
-0.042783078
-0.0586818
-0.015694749
-0.088783
-0.039124146
0.016092043
0.04448111
0.027459357
0.04239042
0.12950957
0.09669656
0.029712737
0.083603755
0.031410184
2.3823708e-07
2.4806351e-07
2.422528e-07
2.378958e-07
1.4140691e-07
2.1661378e-07
-4.790477e-08
8.232094e-09
-5.9206766e-08
-0.055004194
-0.05951225
-0.073283486
-0.028946513
-0.022713598
-0.045647282
-0.08702362
-0.017592015
-0.069708556
0.01277659
0.042014346
0.0046982397
-0.026748493
0.28111166
0.08855304
-0.018618746
-0.020438885
-0.050120536
0.05634951
0.030138724
0.07148893
0.049095582
0.097564444
0.07327164
0.038682315
-0.07799503
0.035845533
0.014757014
0.047497395
0.028567698
0.043218426
0.12005599
0.079988904
0.027090495
0.068990275
0.050850056
3.213721e-08
4.2221888e-08
4.3993698e-08
-7.511028e-10
2.3418359e-08
-1.2858237e-08
-1.6169235e-08
-2.7440885e-09
1.6606823e-08
-0.042072073
-0.028573701
-0.066929795
-0.05462914
-0.025605896
-0.057304822
-0.05538365
-0.04815937
-0.076831505
-0.02007854
-0.042865213
-0.031593814
-0.05611079
-0.10872422
-0.078408055
-0.009727385
-0.09828859
-0.04547339
0.065204754
-0.0010862314
0.05923371
0.033183526
0.097538315
0.059530936
0.051748592
0.06330461
0.071801685
-0.02975235
-0.045818098
-0.039012935
-0.05984388
-0.059663158
-0.071579374
-0.028705178
-0.072470546
-0.07135848
0.03638693
0.032077745
0.024855556
0.045812633
0.09072186
0.07961848
0.015114777
0.099576235
0.046743363
0.026747761
0.05169174
0.05078181
0.050039005
0.113861375
0.08079025
0.049408596
0.08588218
0.049897585
0.050384246
0.01123995
0.044888794
-0.0064155585
0.14725749
0.058983415
0.0287728
0.044124145
0.030989647
0.024512297
0.096543826
0.06499018
0.054486662
0.05938472
0.08612677
0.026501035
-0.11604202
0.008712902
1.5140266e-06
1.1495634e-06
-1.5737809e-06
2.8170632e-07
1.0127146e-06
-6.48372e-07
9.4146145e-07
1.3652079e-06
-9.238248e-07
-0.033023898
-0.05919201
-0.03656605
-0.03753406
-0.016176123
-0.06725724
-0.041339967
-0.07848514
-0.059809495
0.029778386
0.09624637
0.056489266
0.05118732
0.0652406
0.062704176
0.052814424
-0.040672157
0.06495431
-0.034529414
-0.06849019
-0.06037517
-0.056240015
-0.10607261
-0.07080292
-0.031257693
-0.06714316
-0.03261051
0.008295221
0.08896033
0.02671967
0.05423589
0.09106409
0.07800692
0.044342827
0.05411564
0.064932115
0.072456405
-0.1099902
0.08157275
0.06438186
0.13510351
0.09313653
0.047445197
0.11503467
0.07026423
0.056339532
0.022908079
0.08310785
0.04428239
0.052481763
0.069355056
0.0013841997
0.07135508
0.017350134
-0.022370357
-0.052439764
-0.016383454
-0.050615963
-0.17198235
-0.09903094
-0.0093713645
-0.089037605
-0.024878277
