-0.07815022
0.18930359
0.011936176
-0.26095867
0.1621364
0.050423108
-0.013995576
-1.2634347e-06
0.010365565
-0.19236022
5.4786943e-07
0.34669113
0.11810745
-0.1802503
0.13749658
-0.24316493
-0.26365322
0.023588793
-0.17840955
-0.20875818
0.19249576
0.5985165
-0.021310324
0.22747447
0.112214684
-0.077753305
0.11940696
0.18700051
0.041384675
0.12217742
-0.0565486
0.34918866
0.02886408
0.0073906826
-0.02030895
-0.13958491
0.11974946
0.015395682
0.0065047476
0.0873745
-0.018892242
-0.16625425
0.0007933695
0.49842656
-0.15046605
0.16730556
0.050468594
-0.24163558
-0.03155512
0.22443771
0.12905088
-0.2463684
-0.0015865274
-0.24073699
-0.17345028
9.07903e-07
0.04036462
0.28879264
-0.018557338
-0.1398214
-0.10509946
0.09630489
-4.4099355e-07
0.33398086
0.056996383
0.14046103
-0.61048657
-0.13762511
0.21860035
0.07031199
-0.016230417
-0.186713
-0.034515087
-0.32587963
-0.12917213
-0.32420045
-0.015405293
0.10534347
-0.039979305
0.025618257
-0.23544054
0.5318513
-0.088240914
2.7813815e-07
0.05697642
-0.18085529
-0.13946865
0.057500634
3.8411734e-08
3.2666793e-07
0.3617909
-0.09226046
-0.022130808
-0.05717332
-0.17943494
0.1432796
0.29710582
0.3565661
-0.41194177
0.21348883
0.025025183
0.0047700377
0.14758284
-0.10397441
-0.113841094
0.050154034
0.059005726
0.28867865
0.06843105
0.08197267
0.25221658
0.07043716
0.09339531
0.20037062
-0.041447468
0.42363226
0.30541697
0.12714309
-0.2309532
0.06526158
0.32059172
0.01377125
-0.20273715
0.0614783
0.11237271
-0.09849908
-0.17040986
-0.16222297
0.3256449
-0.11236538
-0.06820884
0.28247285
0.27670586
0.5074411
0.078824125
-0.08413975
-0.10446906
-1.1874582e-06
-4.587285e-07
0.01947509
0.11311904
0.2922765
-0.16568673
0.18067081
0.062248737
-0.2643324
0.124195054
0.06647169
-0.009122911
-0.1981107
0.0015511069
-0.124854706
-0.31099755
0.123936065
-0.0002868739
0.123758145
-0.013947481
-7.043635e-07
-0.11474735
-0.170788
-0.076707155
0.011650783
0.08161248
0.018096793
-0.12276939
0.31528136
0.03546202
-0.07344488
-0.03993825
-0.16079812
-2.8048996e-06
0.03160537
0.4469879
-2.2275193e-08
0.17894927
0.13830744
4.5358658e-07
0.421189
0.13868225
0.028039068
-0.020720078
-0.16122112
0.20625862
-0.18193346
0.09969562
0.010872498
-0.2661437
-0.14121231
0.020117868
-0.11339377
0.00104692
-0.32429075
0.11265784
0.03657688
0.071316555
-9.4436714e-08
0.08908044
-0.053319633
0.28114545
0.32345843
0.33929634
-0.094287045
-0.092192076
0.21545304
0.18295301
-4.936269e-05
0.0077948575
0.22798671
0.076156974
-0.004306981
0.15258035
-0.04372007
0.19098732
0.051577084
0.17401789
0.092970654
0.009652179
-1.1225119e-07
-0.019086914
0.17869529
0.04957703
0.30448082
0.35932246
0.010947618
0.021410057
0.35993284
0.16155338
0.19842714
0.20424238
-3.321957e-07
0.30578166
-0.02837474
0.0677481
-0.16407225
0.1598428
0.296902
5.9236487e-07
-0.30738407
-0.23280774
-0.25783366
0.070926294
-0.14548075
0.19195202
0.4120362
0.4624825
0.00954136
-0.16706702
-0.34476414
-0.022073505
0.12290383
0.29991397
-0.10312591
0.18798819
-0.024731306
0.2059525
-0.0002568588
