0.556310
0.711341
0.307938
0.864906
0.000951
0.633199
0.903445
0.979296
0.970506
0.879613
0.925553
0.958193
0.824433
0.433389
0.462291
1.066334
1.001529
1.185090
0.784439
1.027755
0.814066
0.994902
0.870705
0.886290
0.645397
0.899198
0.999678
0.792285
0.931142
1.023129
0.877824
1.031222
0.726671
0.889221
0.877262
0.764290
1.156600
-0.000005
0.784134
0.785440
0.431977
0.700741
0.845693
0.986459
0.978547
0.811415
0.803782
0.866011
1.020890
0.891107
0.793375
0.601685
0.751153
1.019893
0.865341
0.943132
0.792819
0.869709
0.709010
0.760563
0.685827
0.843751
0.000006
0.852854
0.901261
0.911045
0.999849
0.894758
0.953709
0.793085
0.819126
1.066514
0.797051
0.725371
0.545582
0.816137
0.773701
0.771090
0.974049
0.963579
0.936959
0.722507
0.881937
0.860760
1.033416
0.734216
0.265561
0.957906
0.854587
0.930270
0.905915
0.732363
0.859677
0.653210
0.599242
1.051340
0.869649
0.839069
0.773631
0.863749
0.989307
0.342605
0.643585
0.742308
0.898229
1.050785
0.824617
0.993279
0.939908
1.111060
0.426742
0.663096
0.919136
0.842590
0.789165
0.846670
0.731116
0.900953
0.847031
0.950077
0.913322
0.786267
0.800022
1.041230
0.000077
0.932111
0.903947
0.471403
0.522512
0.844565
0.975198
1.072977
0.813900
0.702007
-0.000159
0.617174
0.779046
0.926572
0.596912
0.777151
0.821382
0.963098
0.831173
0.000001
0.735798
0.767616
0.803813
0.695849
0.839624
1.056364
0.988178
0.790373
0.875886
0.808725
0.974465
0.923123
0.746821
1.134214
0.763052
0.880290
0.977822
0.511087
0.925901
0.797951
0.927635
1.044930
1.109484
0.901502
0.722850
0.000042
0.831640
0.907928
0.000008
0.990080
0.767683
0.919999
0.933842
0.946117
0.993083
0.836662
0.824487
0.796099
0.806867
1.135534
0.665910
0.788751
0.818827
0.889105
0.021353
1.014863
0.886647
0.957484
0.656876
0.810396
0.847188
0.762890
1.101254
0.993388
0.787256
0.774297
0.565036
0.838198
0.653603
0.684168
0.980949
0.891618
0.902318
0.885978
0.820307
0.000159
0.831507
0.000002
0.957771
0.961058
0.922654
0.801762
1.387713
0.849367
0.838941
0.572777
0.842402
0.879890
0.819235
0.822106
0.810542
0.543143
0.699844
0.956871
-0.000856
0.866306
0.797217
0.937892
0.857136
-0.000441
0.879718
0.813155
0.592756
0.677914
0.711131
0.740797
0.623052
0.818086
0.732256
1.045215
0.757913
0.878922
0.874979
-0.000022
0.956649
0.991930
0.857034
-0.000723
0.527060
-0.519386
0.800778
0.758391
0.918359
0.970262
0.716466
1.074272
0.540769
0.634223
0.776594
1.072739
0.765670
0.766391
0.956034
0.900381
0.416134
0.000002
0.477089
0.000004
1.004384
0.867826
0.315917
0.000016
0.967133
0.913067
0.582073
0.682181
0.755658
0.363632
1.043735
0.897032
-0.000832
0.928246
0.911355
0.858589
0.847406
0.866183
0.000026
0.793194
0.854152
0.941347
0.999142
0.874903
0.899534
-0.000185
0.983269
0.000349
0.751349
0.829652
0.003197
0.777744
1.072666
0.377297
0.760474
1.125681
0.765453
0.727244
1.069636
0.782228
0.757472
1.196549
1.061107
0.752410
0.984519
0.767517
0.520817
0.869262
0.909412
0.360075
0.700394
0.898103
0.299457
0.514132
0.936153
0.940333
0.000019
0.748318
0.772085
1.074124
0.724590
0.932157
0.758043
0.000040
0.890999
0.897872
0.974223
0.632044
1.081373
0.759563
0.702293
0.804678
0.885812
0.931090
0.902521
0.699550
0.876805
0.880084
0.861595
0.892920
0.933258
0.824446
1.030697
0.879984
0.706455
0.971591
0.925786
0.839908
0.943389
1.030425
0.879844
0.675510
0.947231
0.738485
-0.770785
0.755085
0.786901
0.766097
0.002306
0.781984
0.952881
0.753081
1.014085
0.782349
0.694553
1.005497
0.375344
0.844285
0.755837
1.005572
0.858528
0.837000
0.814789
0.919533
0.564929
0.717327
0.655079
0.581183
0.915095
0.000114
0.978201
0.790266
0.855242
0.752164
0.260651
0.929300
0.935748
0.565649
0.888999
0.932847
0.667553
1.011390
0.325987
0.847989
0.848573
0.816137
0.849242
0.719947
0.832486
0.793003
0.745364
0.763175
0.847963
-0.806218
0.319937
1.008764
0.868123
0.877075
0.002138
0.856583
0.573918
1.042802
0.989605
0.822879
0.856774
1.029015
0.908431
0.793230
1.004754
0.891830
0.953649
0.679591
0.449651
0.001189
0.971688
0.686974
0.000001
0.000012
0.909966
0.870561
0.875358
0.763829
0.734689
0.907457
0.876640
1.039995
0.795023
0.932431
1.005800
0.612410
0.793447
0.853192
0.802107
0.973192
0.742507
1.150227
1.095375
0.775012
0.920743
0.000006
0.810502
0.741204
1.035836
0.896522
0.493202
0.877223
0.909796
1.078102
0.552199
0.880346
0.843040
0.727109
0.793906
0.722251
0.653328
0.765661
0.684517
0.612342
0.100690
0.857441
0.001738
0.983153
0.654976
0.332019
0.967910
0.064473
0.876629
0.660811
0.969708
0.972261
0.952782
0.918355
0.917046
1.074392
1.034784
0.812815
0.823262
0.427644
0.833726
0.921108
0.836844
0.781800
0.948746
0.858811
0.594838
0.924513
0.836745
0.315244
0.938896
0.769611
