0.989577
0.385410
0.960674
0.969539
0.944173
0.882620
0.480086
0.871655
0.904711
0.709754
1.162786
1.035593
0.308503
0.841631
0.333034
0.000005
0.905167
0.352040
0.934560
0.808770
0.862343
0.996401
0.021026
0.742112
1.129130
0.623642
0.380416
1.110614
0.826634
1.013992
1.175107
0.919954
0.958206
0.635190
0.686934
0.982849
1.067517
0.000001
0.372951
0.799905
0.944165
0.637111
0.000276
1.023515
0.718567
1.003410
0.881235
0.955515
0.000043
0.000335
0.926578
0.779660
0.858753
0.971400
0.965589
0.973641
1.097542
0.865121
1.000905
0.364518
0.902458
0.000837
0.839154
0.382618
0.433029
0.407622
0.873130
0.988682
0.389771
0.787168
0.823592
0.000007
0.966255
0.717767
0.777134
0.632655
0.875562
0.871607
0.795670
0.830834
0.845369
0.917078
0.863210
0.780356
0.816883
0.767642
0.999675
0.000649
0.951753
0.942037
1.012816
0.986849
0.713791
0.478315
0.911479
0.000036
0.871590
0.798890
0.868570
0.651263
0.588215
0.812659
0.430692
-0.000020
0.953080
0.864108
0.894129
0.893205
0.899041
0.896940
0.354155
0.814846
0.784688
0.896366
0.994539
0.921891
0.951851
0.898019
0.831874
0.466591
0.353349
0.928827
0.906244
0.437337
0.946949
1.019503
0.907147
0.928267
0.596517
0.872473
0.633817
1.149395
0.321175
0.537490
0.982386
1.021142
0.987936
0.906452
0.787385
0.962480
0.406180
1.072267
0.000714
0.900955
1.008767
1.036422
0.954744
0.881977
0.831756
0.432408
0.516729
0.918555
1.050233
1.044668
0.993576
1.012991
0.946342
0.942866
0.880733
0.000637
0.924366
0.897126
1.046278
0.999424
0.878417
0.988381
0.634542
0.836979
0.899159
0.000013
0.406486
0.419928
1.037315
0.820646
1.034455
0.903584
0.925630
0.649645
0.847529
0.571272
0.986045
0.000004
0.897706
0.959509
0.000042
0.951551
0.746242
0.998466
0.373812
0.799773
0.794379
0.410414
0.848289
0.499734
0.720438
1.158584
0.936133
0.533550
1.106151
1.082605
0.815024
0.386774
0.836220
0.898737
0.001213
0.844334
0.969070
0.382583
0.778514
0.591769
0.515412
1.106242
0.750288
0.962035
0.856669
0.835230
0.565490
0.966303
0.824910
1.031729
0.565357
0.868760
0.388575
0.812260
0.346548
0.809905
1.024087
0.946740
0.411066
0.376289
0.861585
0.728121
0.586109
0.934849
0.802701
0.591345
0.934722
0.384511
1.006051
0.833369
0.482562
0.915069
0.793066
0.703918
0.818154
0.810784
0.838707
0.622018
0.947676
-0.000001
0.875379
0.956429
0.827004
1.182832
1.068833
0.838651
0.919173
0.825813
0.848862
0.786161
0.386758
0.389918
0.809349
0.905962
0.935437
0.823040
0.687323
0.775087
0.886525
0.926670
1.037926
0.812221
0.735403
1.156356
0.736439
0.603224
1.058819
0.622413
1.075497
0.840317
0.869153
0.925807
0.865562
0.788708
0.829784
0.000000
0.804769
0.933263
0.943133
0.854587
0.420243
0.802526
0.972051
0.899246
0.852276
0.750160
0.982254
0.450430
0.352344
0.975596
0.821579
0.821119
0.769753
0.410071
0.912013
0.781773
0.000007
0.964776
0.976290
0.820397
0.925111
0.860535
0.986800
0.000033
0.894091
1.090689
0.877939
0.396296
0.844368
0.369412
0.958741
1.155714
0.000043
0.876834
0.952258
0.401348
0.869090
0.344369
0.932933
1.229153
0.460662
0.993501
0.914820
0.883282
0.798319
1.005266
0.000009
1.025894
1.161415
0.682005
0.310020
0.905355
0.981926
0.855434
0.984025
0.933868
0.964484
0.921451
0.864758
0.686925
1.128437
0.762374
0.908734
0.987418
1.047535
0.945206
1.027921
0.989633
0.000697
0.000005
1.020800
0.745851
0.387178
0.883060
1.097620
1.089966
0.934761
0.407663
0.882093
0.308657
0.786765
0.977057
0.967839
0.935957
0.927491
0.960346
1.008311
0.308880
0.962527
1.079041
1.086067
0.000295
0.899763
0.715871
1.059630
0.715358
0.447195
0.765566
0.826101
0.380166
0.984338
0.978741
1.205427
0.908630
1.065827
0.858124
1.113982
0.693377
0.304416
0.770639
0.371899
0.852630
0.905854
1.107604
0.475233
0.532183
0.391243
0.000002
0.853076
0.689396
0.856220
0.385743
0.324375
0.975604
0.847993
0.830266
0.000337
0.774641
0.860848
0.823632
0.982936
0.869634
0.823047
0.854437
0.402381
0.000066
0.952029
0.803526
0.398023
0.961904
0.943272
0.960836
0.896847
0.877326
0.650084
0.866320
0.333713
1.095003
1.005301
1.050046
0.399165
0.900243
0.915919
0.860509
0.917915
0.000321
0.936000
0.000109
0.953810
0.958748
0.002088
0.783186
0.891224
0.373211
1.116613
0.000002
0.712914
0.930389
0.833420
1.053397
0.655735
1.052960
1.050502
0.964813
0.893925
0.910436
0.924374
0.793900
0.759508
0.441567
0.808394
0.975215
0.420310
0.772840
0.812494
0.745954
0.750594
0.000003
0.758446
0.851954
0.418557
0.870067
0.933476
0.797433
0.736121
0.577318
0.829120
0.969921
1.029666
0.840738
0.848244
0.382999
0.794955
0.528233
0.928187
0.891554
0.997135
0.382144
1.032697
0.923133
0.582575
0.679151
0.876309
0.437304
0.977715
0.000014
0.957430
0.868769
0.341229
0.982381
0.912302
1.095798
