0.877212
0.933327
0.840871
0.794149
0.781821
0.956766
1.000030
0.828993
0.695710
-0.000008
0.927718
0.960556
-0.000136
0.332121
0.727936
0.837259
0.856543
1.073183
0.874322
0.770480
0.804541
0.772753
0.773089
0.834202
0.803383
0.810333
0.867525
0.769386
0.872362
0.978488
0.829959
0.690220
0.836700
0.784776
0.549580
0.796662
0.857915
0.924094
0.805336
0.934045
0.739245
0.981017
0.778436
0.853068
0.857643
0.881233
0.791651
0.378427
0.993598
0.828167
1.066997
0.826197
0.823062
0.958686
0.859646
0.521523
0.807320
0.705766
0.801999
-0.012909
0.740527
0.853033
0.835514
0.806428
0.988643
1.127427
0.783585
0.444363
0.904928
0.852477
0.789101
0.876713
0.926041
0.848893
0.587735
1.043994
0.873032
0.908337
0.941646
0.890759
0.914306
0.968523
0.908175
0.906854
0.482982
0.867965
0.834983
0.937370
0.976083
0.546104
0.836850
0.978809
1.043351
0.976497
1.143564
0.762772
0.832633
0.874164
0.220006
0.774787
1.094149
0.744050
0.749373
0.876624
0.822730
0.961370
0.935171
1.023687
0.992467
0.800200
0.894653
0.882393
0.391174
0.850193
0.754594
0.841751
0.936422
0.961897
0.781843
0.829725
0.907545
0.000094
0.869471
0.749251
0.844901
0.803578
0.817072
0.846886
0.855324
0.000004
0.659250
0.858479
0.525721
0.858514
0.860209
0.819759
1.042808
0.722662
0.567226
0.824712
0.948786
0.882746
1.067811
1.033706
0.851683
0.638994
0.723966
0.967045
0.991154
0.901087
0.928185
0.913318
0.828433
0.673036
1.039228
0.844293
0.923555
0.884508
0.840694
0.900602
0.936889
1.152741
0.838406
0.874707
0.855530
0.610729
0.801033
0.866264
0.933579
0.883983
0.000013
0.880511
0.000457
0.882028
0.843395
0.880203
0.781309
0.857337
0.885396
1.135783
0.995610
0.886411
0.910718
0.599869
0.796619
0.706501
0.558259
0.756506
0.888028
0.697150
0.771490
0.911043
0.757864
0.805703
0.992157
0.854149
1.045246
0.847497
0.747031
0.856908
0.734128
0.905569
0.863310
0.877979
0.000011
1.119760
0.995893
0.819470
1.037245
0.000010
0.837998
0.805107
0.486464
0.875486
0.469206
0.970542
0.979589
0.792929
0.460293
0.000006
0.841053
0.758069
0.928082
1.116363
0.889431
1.119956
1.132863
0.920899
0.424944
0.956097
0.820070
0.932175
1.046275
0.002778
0.972686
0.847451
0.969866
1.040869
0.800614
1.127824
0.437777
0.823318
1.064715
0.960251
0.906965
0.555385
0.971497
0.847602
0.638272
0.816289
0.829508
0.807836
0.780603
0.881707
0.875362
0.939219
0.793510
0.868491
0.781410
0.793970
0.828513
0.976267
0.838546
0.579371
0.772152
0.903475
0.774485
0.847174
0.847673
0.717851
0.732601
0.849817
0.751860
0.823824
0.798072
0.893148
0.874396
0.810366
0.574567
0.802926
0.808940
0.950630
0.816127
0.002345
0.875077
0.781741
0.789472
0.803441
0.000010
0.941677
0.899083
0.869714
0.971867
0.866486
1.023802
0.839891
0.972858
0.956707
0.899735
0.804137
0.505219
0.771089
0.843093
1.028560
0.225935
0.988898
0.897962
0.739528
0.924594
0.738167
1.082322
0.889346
0.851375
0.000083
0.901316
0.864882
0.785545
0.834547
0.716527
0.849609
0.841194
0.734640
0.917033
0.864160
0.935190
0.787274
1.083686
0.972193
0.889403
0.815830
0.940984
1.094280
0.763056
0.799976
0.862088
0.000809
0.797873
0.773550
0.854807
0.881437
0.683369
0.814664
1.041897
0.928577
0.787246
0.812158
0.771147
0.907399
0.847977
0.915070
0.894214
0.890548
0.667121
1.060475
1.115028
0.002203
1.053128
0.986624
0.872115
0.847290
-0.000004
0.942313
0.913570
0.799994
0.802201
0.815219
0.805293
0.903268
0.846474
0.959571
0.001851
0.905956
1.007645
0.407068
1.100311
0.001980
0.796593
0.772292
1.079452
0.799639
0.836675
0.911133
0.866434
0.400276
0.827530
0.874883
0.937810
1.004933
0.908068
0.510458
0.576226
0.423296
0.552031
0.895039
1.095572
0.784560
0.636228
0.789111
0.000111
0.805747
0.000446
0.954160
0.697608
1.007662
0.931519
0.946336
0.898702
1.100362
1.125340
0.900356
0.831736
1.033505
0.803599
0.655975
0.798804
0.846257
0.826704
0.899511
1.008811
0.932514
0.883297
0.930739
1.083795
1.030867
0.796723
0.926261
0.955971
0.975137
0.973480
0.867157
0.397815
1.032615
0.778706
0.258033
0.839491
0.829986
0.257608
1.015870
0.566503
0.979334
0.900957
0.752214
0.790326
1.088324
0.542266
0.613179
0.868094
0.739962
0.925269
0.864541
0.870756
0.803202
-0.001350
0.867486
0.842283
0.799231
0.928288
0.856467
0.399606
1.036424
0.578214
0.806372
0.953679
0.000003
0.000005
0.974791
0.866173
0.515681
0.876351
0.902214
0.824594
-0.000293
0.869809
0.808834
0.880438
0.873032
0.861896
0.003053
1.039905
0.785525
0.828220
0.981591
0.729568
1.075205
0.918253
0.789502
1.055040
0.940958
0.914156
0.888762
0.000061
0.859322
0.668233
0.788977
0.854086
0.000032
0.951813
0.797942
0.830608
0.875642
0.884669
0.761244
0.901967
0.921375
-0.000174
0.948581
0.840465
0.564999
0.649755
0.926472
0.771798
0.599510
