0.14020711
0.2120062
0.22679125
0.15932097
0.26877546
0.2315187
0.15443854
0.22673231
0.27452043
0.30845448
0.10881738
0.12917908
0.1550188
0.14593351
0.23294704
2.7177705e-06
0.14363363
0.25551635
0.13453066
0.13725208
0.23154376
0.13772972
0.00033155677
0.41188237
0.24432704
0.1778477
0.23465426
0.23291041
0.17352434
0.117510594
0.13107005
0.12438795
0.15819453
0.1289403
0.5059376
0.13430296
0.17872544
2.4423132e-06
0.259679
0.26024157
0.10968656
0.35949838
3.8915978e-06
0.11957196
0.32178262
0.3214205
0.122553445
0.15227625
3.1911118e-06
1.0464505e-07
0.30026895
0.42092726
0.14425153
0.12773333
0.18001057
0.1178873
0.12651815
0.19123991
0.14893015
0.27930146
0.12572175
1.2332465e-05
0.13413815
0.2786732
0.25136524
0.26525694
0.13183907
0.15874855
0.19873971
0.23235366
0.16110608
9.687595e-07
0.1761923
0.17231591
0.2002472
0.17406276
0.23446745
0.2359973
0.43283972
0.16201484
0.12291725
0.14440106
0.17293452
0.14972334
0.11935978
0.21431892
0.15241644
4.2162867e-08
0.20610762
0.14054094
0.12436934
0.16025539
0.14199567
0.2360435
0.15923639
1.8907652e-06
0.14769073
0.14796366
0.15384084
0.22385727
0.13185236
0.12844862
0.22764042
1.9531712e-06
0.14638245
0.107457355
0.24584502
0.22526772
0.1272715
0.14438553
0.3167916
0.17504984
0.3189869
0.22283329
0.13007224
0.15186428
0.12182819
0.14546604
0.26814714
0.24087995
0.2064953
0.18902929
0.121787146
0.26547956
0.11473189
0.17208792
0.2886239
0.13591284
0.19124241
0.16982377
0.1415857
0.17634705
0.19853927
0.16627915
0.12625311
0.14456534
0.13400431
0.13678494
0.20176248
0.12998581
0.30647242
0.11449248
5.19114e-10
0.14944156
0.18976735
0.1454772
0.13212658
0.13486193
0.3767645
0.3016592
0.14095086
0.16855264
0.13309687
0.14188762
0.15975277
0.10869891
0.11055494
0.17470525
0.13008143
4.2964884e-06
0.22459324
0.16943613
0.1318141
0.14908169
0.12534447
0.18601541
0.17358093
0.20504084
0.15337917
1.5518359e-07
0.2584136
0.14423195
0.1388478
0.2604218
0.13300154
0.13386585
0.13302098
0.21205646
0.13884588
0.20812842
0.11578044
3.101401e-06
0.13815321
0.19687271
1.1821024e-06
0.115966424
0.1708839
0.14384145
0.26556176
0.25644052
0.22813122
0.30576476
0.16580324
0.27646747
0.17124654
0.2238287
0.15680297
0.27197054
0.1333178
0.15238297
0.12824437
0.25195298
0.18087204
0.14967479
3.7404483e-08
0.20448749
0.15565775
0.20584404
0.26915613
0.1166052
0.17812116
0.14249396
0.13903634
0.18567875
0.13889228
0.20870179
0.215188
0.13540295
0.21423736
0.14295614
0.23253739
0.13167174
0.26797533
0.13619979
0.2609735
0.1834451
0.12797125
0.15556921
0.23255149
0.19159605
0.123091675
0.13191566
0.20883244
0.1254953
0.14560713
0.110605605
0.13825378
0.23429656
0.11392226
0.194592
0.28680402
0.13391875
0.29162982
0.12812991
0.13351712
0.14803809
0.16550405
0.15003376
0.155418
1.7809829e-06
0.12953775
0.31988552
0.2775766
0.23148215
0.33495542
0.11583587
0.15617746
0.15836155
0.17483076
0.17452501
0.36246407
0.23665692
0.12993434
0.15187062
0.18977714
0.14240558
0.20933987
0.14331986
0.7128792
0.20427099
0.13316488
0.14672302
0.43659517
0.12338239
0.20284197
0.13124049
0.22619765
0.19231436
0.15546465
0.19057514
0.24899945
0.1671245
0.29862094
0.13718833
0.20908067
1.6315859e-06
0.31945804
0.11996534
0.13971063
0.11851319
0.16056609
0.14029083
0.16990724
0.15158737
0.1326304
0.14126642
0.25032893
0.20790978
0.18310727
0.15840527
0.5411898
0.10518374
0.1351749
0.37046197
0.17922933
0.14793411
2.65419e-06
0.15964949
0.1442495
0.18435991
0.15894249
0.1616509
0.24724717
3.1837526e-06
0.15185985
0.18166453
0.14747447
0.20609604
0.23901281
0.25201324
0.16990238
0.13915642
1.9310158e-07
0.22728446
0.17512386
0.2621902
0.15161291
0.21886145
0.14745338
0.14499846
0.21933518
0.16710395
0.14611194
0.2229832
0.12543549
0.10262477
1.3378908e-06
0.15121402
0.23792402
0.13696244
0.30840334
0.20821239
0.109233394
0.29415154
0.140031
0.12283843
0.109550335
0.11985399
0.22626448
0.17314658
0.19565658
0.28350922
0.109812245
0.10915686
0.112446226
0.13340786
0.12708256
0.13804288
5.4804987e-06
1.6620057e-06
0.12726775
0.26660237
0.28706786
0.37549597
0.2978187
0.11115021
0.1287239
0.23778683
0.21408637
0.28060764
0.23165768
0.13821769
0.2000278
0.14682673
0.12330417
0.1969913
0.11725205
0.20292993
0.124542914
0.12131617
0.12155607
3.148649e-06
0.17400324
0.1144894
0.11099525
0.122325875
0.24543191
0.12453877
0.2324647
0.1618239
0.1878913
0.20534217
0.25624275
0.15913197
0.22441915
0.17614925
0.11977976
0.16074507
0.32894716
0.27359274
0.22584587
0.1561422
0.1290932
0.123787716
0.24333175
0.25865394
0.16909482
2.6801224e-06
0.2186265
0.14375336
0.14009875
0.28349653
0.17065886
0.29978377
0.13003527
0.13299465
4.029984e-09
0.1234593
0.2537144
0.2765277
0.13961436
0.1872039
0.23711012
0.2878054
0.20909531
1.953524e-06
0.14350669
0.16792601
0.20274475
0.113624446
0.16324914
0.1351907
0.13868104
0.1602149
0.12990338
0.16916052
0.23169082
0.12024338
0.13774545
0.119117364
0.19140986
0.42264885
0.15768063
0.21075912
0.1663913
3.7881068e-06
0.11399675
2.0338819e-06
0.119159564
0.14628983
3.418929e-10
0.12825146
0.12282885
0.2414886
0.14455548
2.6048226e-06
0.15300778
0.24088973
0.15637136
0.14007199
0.12945986
0.24133995
0.12747611
0.1454878
0.17903973
0.1307356
0.19360524
0.12514775
0.20684738
0.25529847
0.21447213
0.1583005
0.2369229
0.105414115
0.11933315
0.13945204
0.25516367
1.9945114e-06
0.14528535
0.13749905
0.27032274
0.13820781
0.13068618
0.11598567
0.52139366
0.1696912
0.11255991
0.13843855
0.121747784
0.18781297
0.15586792
0.22798556
0.18168284
0.28084704
0.16379409
0.18329507
0.121143825
0.23275332
0.10555595
0.2055241
0.21283136
0.14465271
0.391214
0.16460374
0.18611799
1.7632199e-07
0.12870044
0.20750664
0.18888651
0.14629032
0.13981794
0.12353147
