-0.058399994
0.5595451
-0.40942022
0.4418467
0.045324475
0.7537001
-0.09002843
0.24825846
-0.23303324
-0.38582975
-0.079893984
-0.4303728
-0.43214628
-0.091046244
0.18430646
0.13575883
0.15169252
0.30239832
-0.31500497
-0.2205262
0.049123183
0.20384558
0.028745688
-0.028158164
0.10326237
2.8952096e-08
-0.0714134
0.24011189
-0.114885174
0.12258963
-0.054988224
-0.08426889
-0.2726063
0.120242365
-0.08100578
0.030759564
-0.1477616
-0.088029124
-2.2403775e-07
-0.3173787
-0.14923692
0.072078526
0.50758797
-0.38132417
0.12749262
-3.2464735e-07
0.21859924
0.10357208
-0.24466935
0.06360887
0.5646827
6.733976e-07
-0.17260282
0.4711749
-0.19585097
3.8115334e-07
-0.07289035
-0.18476346
-0.22869875
-0.49577227
-0.19643724
-0.045568246
-0.13646677
-0.21078032
0.07173515
-0.4003551
0.0743981
-1.488757e-07
0.2376304
0.09206787
0.0479306
0.09108529
0.024488512
0.02228584
-0.17400162
-0.045374528
-0.15486519
0.16939475
0.085702375
-0.0639669
0.06281096
0.084777094
-0.1893454
0.30540028
-0.23011717
-0.24221832
5.381242e-07
0.0994449
0.22474027
0.23258157
-0.5408754
-0.13564362
0.18465975
-0.4832046
0.20851356
-3.5817027e-07
-0.53427225
1.5960049e-07
-0.12739362
0.14589013
-0.22636743
0.26630878
-0.22240359
-0.022099173
-0.016439859
-0.27303386
0.2012371
-0.23117676
-0.073191755
0.22462942
-0.102245934
-0.22110048
-1.9774228e-07
0.11234434
0.34655753
-0.42675936
-0.44831073
-0.27425963
3.4629028e-07
-0.8134133
0.24961923
0.06721794
0.5727221
-0.12371196
0.1184072
-0.0687706
-0.5625791
0.17033555
