1.024328
0.487374
1.017700
1.072105
0.984675
1.082970
1.157686
1.014738
0.510137
1.062103
1.124565
1.037906
1.060292
0.991842
1.047257
0.598258
1.087026
1.156143
1.136974
1.114021
1.050387
1.018502
1.113279
1.056423
0.960062
0.000028
1.274512
0.191685
0.953801
1.181043
1.085011
0.272866
0.313318
1.426135
1.140287
0.715109
1.104900
0.917133
-0.000027
1.167642
0.976597
0.788830
0.883688
0.431176
1.059099
0.002912
0.909773
0.938602
1.117110
1.187531
1.016266
-0.000076
1.076673
1.128209
1.304961
0.002172
1.029670
0.486886
0.757502
0.571155
1.037892
0.942053
1.110459
1.066035
0.856460
0.994326
0.986171
0.000291
0.972005
0.998953
1.103293
0.972237
1.108844
1.114298
1.033720
1.020980
1.106571
0.593207
0.928512
0.912775
1.118872
1.199661
1.045797
0.730823
0.584904
1.059434
0.002756
0.951159
1.135786
1.134278
1.068369
1.007786
1.185002
1.040505
1.133657
0.001657
0.854067
0.000885
1.081162
1.150471
1.070919
1.422347
0.967799
1.041854
0.968320
0.906916
1.096120
1.188521
1.050051
0.918013
0.778053
0.572419
0.000490
0.734507
1.500914
1.044009
1.174590
1.109533
-0.000112
0.979996
1.045888
1.046549
0.508742
0.954174
1.164855
0.652253
1.017119
1.156418
