0.14963791
0.15225598
0.24399784
0.23858613
0.18426178
0.29029173
0.21996889
0.22794786
0.1961109
0.18614104
0.21191217
0.19542898
0.18259695
0.22038527
0.16607666
0.21946102
0.28385165
0.11393512
0.2317287
0.30482915
0.18606655
8.181985e-09
0.1677381
0.25817922
0.16070698
0.23405083
0.22321412
0.2491648
0.14892219
0.20188017
0.15644912
0.22405264
0.19656624
0.22584555
0.20865923
0.27285728
0.24080265
0.53574914
0.217664
0.27242503
0.22869311
0.15239535
0.23595251
3.19551e-06
2.3985083e-09
0.24387987
0.16132784
0.18319699
0.3284036
0.19595273
0.18420613
0.19777206
1.2586711e-06
0.20306163
0.2456121
0.15562987
0.23623681
0.22569942
0.23827454
0.22929317
0.2693515
0.22335066
0.19414423
0.17938352
0.17168355
0.23841496
0.17210609
0.27742505
0.12854806
0.25544843
0.16301493
0.24159373
0.15363044
0.14894013
0.17688027
0.19170609
0.18056853
0.20034377
0.16052817
0.1969631
0.27065417
0.12781642
0.21582867
0.24208727
0.19074239
0.23639674
0.25093934
0.1844814
1.4873509e-06
0.25543195
0.29900813
0.24292946
0.29616114
0.16366258
0.27684334
0.14661682
0.14539401
0.20774275
0.31464496
0.14643483
0.26142916
0.24032772
2.8381555e-07
0.20817758
0.1730217
0.29451674
0.21912383
0.16566044
0.24841273
0.33510774
0.14873976
9.174028e-08
0.20123762
5.996709e-08
0.16593358
0.25928974
0.18880671
2.3289253e-06
0.17295253
0.17978503
1.3650649e-06
0.16563861
0.16172794
0.23264018
0.26822224
0.25330934
0.25493556
0.18019503
0.23873758
0.1457798
0.16157597
0.19592693
0.15962279
0.23684181
0.14419402
0.19542168
0.2331287
0.12824042
0.152402
0.25926542
0.15757972
6.436669e-07
0.24273144
0.206336
0.14727943
0.26838058
0.25431257
1.8594499e-06
0.20032336
0.22272304
0.16975266
0.31090748
0.2682626
0.21823822
0.15725572
0.20336416
0.24269186
0.26425105
0.146355
0.20754007
0.21147539
0.17978153
0.17311756
0.23147026
0.16148645
0.5175632
0.15531866
0.14208932
0.22983447
0.27450567
0.16564207
0.28593305
0.23104724
0.31812125
0.23624821
0.24141014
4.0361012e-09
0.24795824
0.16847101
0.22549435
0.10270663
0.17252499
0.2593909
0.12012084
0.28277215
0.25286147
0.18907502
1.1564417e-06
0.23227313
0.15969531
0.13638647
0.24742159
0.16813037
0.2682173
0.28206897
0.14438486
0.2358016
0.29774937
0.18264446
0.15132754
0.24809062
0.25409704
0.30336842
0.17419969
0.11741966
0.18264867
0.27168116
0.2974171
0.17003983
0.16475442
0.122840494
0.23766778
0.2789102
0.25952345
0.19100693
0.1974381
0.15804651
0.24150473
0.14712363
0.19121978
1.5207123e-09
0.16248623
9.981576e-07
0.2084139
0.1381511
0.32175696
0.14261834
0.20193689
0.2907908
0.16957222
0.26095068
0.22749442
3.2502216e-05
9.762638e-07
0.21941039
0.25030208
0.24179643
0.23478548
0.16164935
0.23526682
0.28783104
0.2807099
0.12607713
0.21046641
0.28121203
0.18618199
0.19511837
0.29074854
0.259243
0.14257658
2.4127024e-08
0.27671105
0.18472543
0.2118308
0.2799251
3.1759369e-06
1.0549728e-06
0.14257076
0.17075586
0.17860973
0.19409576
0.15499295
0.19050293
0.2127833
0.268762
0.26004416
0.20061143
0.2900582
0.24854663
0.25855306
0.17031679
0.11258028
0.25699952
0.23109873
1.2218289e-06
0.17977822
0.21139432
0.20483848
0.28806537
0.17062095
0.13031301
0.16353938
0.17122047
0.16811828
0.21391071
0.24257825
0.24573056
0.17075473
0.1679789
0.24701971
0.24958129
0.24946792
0.19159086
0.22204024
0.15845004
0.2208852
0.30041704
0.12242429
0.1744939
0.32153532
0.21622992
0.23737025
0.2996651
0.14022592
0.26475224
0.27715763
0.073626794
0.16897993
0.28982255
0.2634493
0.17436606
0.19188415
0.2653394
0.21501718
2.3956575e-06
0.22672698
0.22412245
0.30562624
0.242778
0.15038963
0.24790706
0.23769861
-1.1638828e-09
0.24973062
0.14112066
0.16356814
0.16083962
0.12309818
0.26928574
0.0016761031
0.19788718
8.092421e-09
0.15120733
0.23473905
0.17652784
0.16208768
0.26270172
0.17807071
0.21028206
7.2844534e-07
0.17170492
0.19919142
0.18270734
0.2232683
0.14342064
0.27536747
1.6172382e-09
0.15136415
0.24003942
0.19504215
0.2464847
0.16788986
0.23357691
0.20557508
0.2575373
0.19650672
0.30053163
0.16474518
0.21524268
0.25983995
5.3296933e-08
0.21239677
0.21091783
0.23202434
0.27555746
0.14707781
0.26422623
0.24251883
0.27585894
0.1821302
0.1765767
0.28143576
0.16027665
0.16051975
2.7751205e-06
0.33624667
0.16713314
0.10905653
0.28133497
0.18366556
0.2671051
0.20395084
0.110976145
0.239484
0.25633946
0.15160234
0.21050139
0.2410431
0.2704999
0.26178733
0.23792791
1.1428893e-05
0.17127745
0.24536811
0.19742054
0.20197909
0.16687018
0.21791232
0.18567383
0.27063343
0.19437656
0.11694783
0.2132655
0.2652122
1.4486991e-06
0.37810102
0.18292035
0.12669556
0.23324247
0.23004164
0.14932063
0.18320483
6.458877e-08
0.27243322
0.19835305
0.30148932
0.26175925
0.17473248
0.18997154
0.1722812
0.22336547
8.172384e-08
0.14699152
0.2665213
0.27949616
0.28583834
0.12748994
0.19753723
0.29549372
0.23034051
0.10498141
0.26476362
0.24535826
0.26504257
0.17758724
0.19780888
0.20200765
0.27297863
0.19180073
0.25129753
2.3460784e-06
0.26813945
0.16590165
0.18704596
0.23560324
0.27952862
0.22222534
0.2240885
0.13774894
0.24579836
0.23893878
0.11539885
0.16509315
0.2108149
0.18077582
0.24335977
0.19830793
0.2707057
0.24859753
0.24002051
0.24247883
0.27369767
0.14569177
0.13457178
0.33512527
0.13691917
0.24357155
-7.783185e-09
0.17007336
0.17340864
0.3131403
0.24931063
1.5505025e-06
0.24211809
0.2602879
0.13096137
0.24608864
0.28225484
0.1831548
0.13390252
7.45669e-09
0.19061123
0.26828462
0.23877482
0.24685587
0.16712011
0.2985488
0.26686856
0.24729212
0.2891812
0.20287104
0.24906908
0.2964481
0.20345111
0.27021244
0.16912581
0.18097693
0.18685685
0.17507245
0.30863443
0.16665989
0.19219783
0.28681833
0.19218375
0.22517297
0.29200125
0.23937394
0.25570035
0.15221834
0.2608108
0.22863561
0.2712739
