0.00440676
0.00076341577
0.0037063751
0.0006729496
0.0030762937
0.0012684739
0.0027772246
0.0013594448
0.0012777614
0.0013568085
0.00079232873
6e-45
0.0025182245
0.0013589165
0.0022690927
0.0006560813
0.0027818764
0.0031742498
0.0018415779
0.0031748111
0.0004712614
0.00093197107
0.004085086
0.0023690716
0.001507467
0.0006554729
0.002816549
9.147403e-34
0.0048268484
0.0019894969
0.0014533821
0.0005190478
6e-45
0.0015962489
0.0014124593
0.0064055333
0.0037425426
6e-45
0.002488512
0.004117505
0.0010715986
0.001016789
0.0029565243
0.000612629
0.0017917089
0.0023121953
0.0030390606
0.0021618584
0.002665217
6e-45
0.0026305453
0.004719971
0.0017591746
0.003353972
0.001304906
0.0030667556
0.0060355673
6e-45
0.0015492394
6e-45
0.00052505406
6e-45
0.0025523126
0.0036257978
0.0030817462
0.0025632672
0.004297507
0.002541981
0.001731705
0.0037341786
0.0018026487
6e-45
0.0030155184
0.0024070982
0.0010334853
0.0011959227
0.0016991175
0.0006987701
0.0034652955
0.0028908749
2.4999833e-34
0.0029937902
0.002980875
0.0013592723
6e-45
0.0024620325
0.0012242864
0.0042439024
0.0010554742
0.0038869367
0.00083229627
0.0029760927
0.0017537687
0.0016301335
0.001482676
0.0015538491
0.0028089166
0.0017627496
0.0015322069
0.0029147177
0.000510701
0.001924181
0.0034457988
0.002883324
0.0006924924
0.0037667041
0.0032094156
0.0012066541
0.0014718903
0.0014005832
0.0012591487
6e-45
0.0013985293
0.0016184325
0.0012535308
0.0024470342
0.0022701975
0.0007464717
0.0020583498
0.0011178639
0.0025389898
0.0013976275
0.0037415305
0.002988218
0.002147861
0.003427371
6e-45
0.0030402127
0.0012125011
0.00384391
0.0014147015
0.0034664122
0.005320881
0.00055897457
0.001580748
0.0013549759
0.0016744179
0.0012096703
0.00055156514
0.0030627528
0.0030750812
0.0016064185
6e-45
0.001450025
0.0056655714
0.0010068304
0.0018306773
0.0040527442
0.0038857074
0.0015041903
0.0028349932
0.0017364441
0.0011811665
0.0031243695
0.0025930053
0.0016393069
0.0011774534
0.003670462
0.0035689338
0.0017892561
0.00083012675
0.0020206226
0.0013446242
0.0020077066
0.00490571
0.0030928077
0.002008913
0.0022882838
6e-45
0.0017801754
0.0035787702
0.0006771798
0.0014222058
0.001482225
0.0024148354
0.0025363686
0.00096647156
0.0020003875
0.0012013244
6e-45
1.9608782e-31
0.0012005323
0.00070356944
0.0025453353
0.006799015
0.0025179104
0.003226886
0.0018249281
0.0009886781
1.3579193e-33
0.0028628178
0.001684891
0.0010488727
0.0044484464
0.0016235826
0.0014322391
3.5612793e-34
0.0016178158
0.0005424043
0.0018196144
0.0038850347
0.0015306727
0.002061388
0.0012675866
0.0026289406
0.0034362448
0.0009993354
0.0024782338
0.0017975173
0.0010859134
0.0017191236
0.0014122052
0.0028244327
0.0013810521
0.002504393
0.0058282497
0.00423117
0.0038213353
0.0024976835
0.0008497482
0.0026596203
0.0011622927
0.0012988928
0.0016251435
0.0034965116
0.0015000245
0.0020952588
0.0020153169
0.00090630056
0.0016300951
0.0012289318
0.0055051036
0.0018216555
0.0032341955
0.0013238051
0.0033483584
0.00395457
0.004998223
0.0019675856
0.0009998443
0.0019308217
0.0019497888
2.1762547e-34
0.00106594
0.0019134679
0.003557972
0.0027213728
0.00062056584
0.0017875286
0.0036886209
0.0006632996
0.0019686683
0.0017625792
0.001986897
0.0022390978
0.0037422176
