0.021096848
0.19290145
1.4930383e-13
0.123213336
0.0253344
0.0970397
0.08539305
0.1482392
0.058993272
0.07060047
0.023243759
0.1325595
0.08103861
0.05781166
0.109019674
0.016195122
0.047533244
0.016771164
0.030863011
0.045542605
2.0106292e-13
1.6288689e-13
1.5857419e-13
0.024893055
3.1941892e-13
0.05347995
0.038581852
1.8208152e-13
6.9485995e-14
0.033716865
0.1150363
0.08945617
0.027092654
2.3146762e-13
0.12726526
0.16508907
0.105897084
0.05228354
0.09350054
0.19210249
0.031289216
0.061159685
0.044446282
0.08385044
0.02941672
0.019755248
1.772955e-13
0.23181804
0.026413493
1.1876162e-13
0.05037682
0.06466611
0.15681854
1.782299e-13
0.05178275
0.12489032
0.049974553
0.0960842
0.026432633
0.05498342
0.09421297
0.022786051
0.0948041
0.10650392
