4.526237
14.844429
8.323206
6.901256
6.732945
5.459723
6.129300
4.876962
8.640015
0.000856
6.217947
7.142233
0.001389
10.910446
5.892509
8.883445
11.752965
6.949302
5.895755
18.777449
13.413887
11.216839
8.060612
6.285440
10.894487
6.180440
14.112146
15.305098
9.667312
6.300879
13.602345
8.639871
7.444863
8.902604
5.483237
8.225546
8.439114
7.023339
13.217760
7.172041
6.461908
7.104039
9.097756
6.237667
10.284739
5.397111
5.687878
9.242668
4.457401
3.122232
5.695870
11.087114
9.900776
6.114722
7.278595
6.648412
11.424700
7.264692
5.964068
0.194077
12.288208
7.082731
14.627719
10.800223
8.488155
4.603208
14.038780
11.631089
6.588290
7.518484
10.324459
7.141196
6.562384
12.945471
6.957273
5.530002
10.773415
6.441945
6.931409
6.232392
4.828437
4.006479
6.519236
6.050511
8.091377
5.837101
10.391534
6.881875
6.205898
8.434112
11.460856
7.958483
5.237850
5.563697
6.183462
8.151085
5.823203
11.144085
18.641363
4.800662
5.254364
8.129155
7.489705
9.639905
9.930483
7.617598
7.490585
4.772124
5.418194
10.173734
18.068150
11.055149
8.311778
14.448548
11.129027
7.132475
5.277211
6.373806
8.385621
12.790475
11.741233
0.001436
12.806028
5.912519
30.484049
9.274501
9.016719
6.856091
6.210962
0.002044
7.333250
10.593343
10.801628
6.357564
6.886698
12.142161
3.791105
3.672611
7.461090
11.251570
6.586945
12.951161
6.833540
4.693179
10.472332
9.665992
6.537068
6.702214
5.888505
7.667433
12.935266
11.097390
8.989229
8.576732
1.956515
19.798674
7.226656
4.477918
6.613707
7.774228
7.017016
9.826515
8.205947
9.364703
8.019891
9.333282
19.821465
8.350041
5.843657
8.558977
0.001680
10.792171
0.000083
5.684264
18.091322
11.268596
8.014724
5.907383
15.656095
7.578224
6.992435
8.617323
6.689950
9.564352
10.211662
23.517433
7.890982
8.197771
13.553594
10.241528
6.796583
6.628482
11.817355
7.989119
7.066137
6.212896
10.637634
13.765853
10.328984
8.861449
7.947625
11.866150
9.464077
5.268174
0.001617
7.281103
3.786266
20.988464
6.081841
0.003200
7.890162
5.123494
9.493310
24.023613
8.723123
7.280941
6.401839
3.897406
12.414830
0.002878
9.956464
9.335684
8.100069
6.089544
10.729135
13.140483
9.244366
6.578059
11.460439
6.617966
9.825033
12.285759
7.276266
0.000002
7.472925
5.609418
8.610067
10.986886
9.120168
6.014955
13.460604
5.916092
6.548820
7.832075
7.512078
7.083995
12.581188
6.991858
4.952607
5.479094
20.696690
13.176579
3.482867
8.419180
11.574436
9.247257
9.940561
10.459790
9.104923
12.877803
8.644342
7.666039
4.311306
7.868801
3.932253
7.518754
7.270722
6.169307
16.677441
8.101411
6.217517
12.962008
10.227109
12.963788
16.179592
8.031313
14.038857
10.308696
7.674287
15.540849
18.060886
9.357041
12.465354
0.000029
7.888806
6.194888
17.727089
6.939472
0.001438
6.311403
6.368580
5.467450
12.169621
9.901776
6.618003
9.693295
8.408915
7.423061
7.285010
7.885092
10.001085
8.327904
5.942778
5.109723
13.784635
6.110034
5.534378
5.515038
5.308548
8.582739
5.486494
8.557887
11.414639
0.005974
5.327251
21.406380
8.383646
6.100185
7.446899
8.562280
7.603913
17.249825
6.437304
7.463257
6.481694
7.041095
6.743963
8.231100
5.194551
6.806365
7.225788
7.547983
5.847306
5.633700
9.040588
0.000007
4.947709
5.272674
6.828655
9.269239
5.962161
24.662502
8.624314
6.479962
10.381585
6.771717
11.676245
7.074958
7.529183
6.770832
11.288191
10.757946
4.552853
8.354329
6.061009
0.000000
15.384333
6.646549
9.012110
7.693888
0.002845
5.993860
14.114948
3.960926
8.397271
10.615880
14.105582
6.260845
7.690132
5.495164
0.000009
6.865917
7.499112
13.421787
6.073980
0.000029
6.749184
36.768219
4.281133
9.089095
8.147008
7.383691
12.099767
10.812478
7.687889
6.665916
5.413316
7.401008
5.060227
10.837272
5.935333
7.628891
7.461305
7.699159
5.240904
8.518771
6.387714
10.564655
0.000279
12.204584
0.000069
9.031746
15.041454
6.646670
11.981323
5.038633
7.356769
8.175747
7.577576
6.371019
10.147144
1.950198
24.381823
6.895480
30.320910
8.114239
10.327884
7.361912
8.003557
6.488038
5.690225
6.904092
8.218104
8.433549
9.317228
6.573284
5.744927
6.709774
4.759376
10.209048
13.691447
6.523390
8.323271
12.000134
8.306949
10.234634
19.321341
7.876434
4.902124
6.861400
6.623434
5.363510
9.903500
5.588331
7.484499
7.482574
11.683972
12.005404
3.129503
11.183403
6.440932
17.765623
0.013986
10.046621
9.926300
6.155832
13.562593
6.240090
11.238775
6.241941
5.189348
7.765790
10.257311
0.000822
0.002476
5.716091
9.855803
6.842567
4.974888
5.549417
10.303201
0.002279
5.692336
14.064723
15.981042
6.687753
6.459651
0.032853
7.122962
6.347585
12.336936
5.591289
5.822759
7.438491
7.031545
18.088366
6.940814
11.638813
5.426022
10.230022
0.001190
7.973573
7.795706
13.379409
9.007486
0.000634
7.576975
4.394895
7.397098
5.621084
9.349701
5.925453
9.843478
14.402814
0.003922
6.318742
11.000907
8.121568
6.245381
11.495472
12.303158
9.399653
