5.233305
10.964529
4.701767
11.193566
5.439800
8.476482
4.752765
6.334545
8.010492
9.711106
10.854692
0.002398
5.271164
4.882820
6.436935
9.792447
5.365676
4.757533
7.767765
4.209892
8.549371
5.978844
2.792004
8.534908
8.730887
8.279097
3.089985
-0.000002
4.690123
5.505605
4.406694
5.070475
0.000186
6.462705
5.089756
5.358426
4.217072
0.001402
6.793283
2.577381
10.877108
4.661109
5.291103
9.311176
4.854406
3.356032
6.586786
5.289049
5.259632
0.002387
4.876898
2.520689
3.759326
5.277230
5.694992
5.923097
3.337444
0.002297
3.043660
0.001932
10.049354
0.002297
5.719595
4.190635
5.623532
4.318913
4.445849
6.680159
7.173768
4.964649
6.637501
0.002928
7.061354
7.968708
7.001163
5.349723
8.686865
9.230388
5.516438
4.159976
0.000006
4.259060
4.929780
6.734954
0.002840
6.774681
6.110439
4.593833
8.648243
4.562493
5.206764
5.812767
3.675135
3.400533
8.285112
5.882675
4.511658
8.372296
5.395393
4.494394
11.315349
6.942452
6.249396
5.445869
13.049684
4.715251
6.199793
9.254098
5.468880
5.623502
5.074016
0.001235
3.602512
6.880675
5.040995
6.287911
6.790347
9.114356
5.020216
7.126446
5.494106
8.271658
5.855163
6.194520
7.980546
4.103403
0.002003
6.015669
11.085070
4.039828
5.159211
3.248341
4.527133
9.586905
5.905452
8.503157
6.419931
7.238352
7.926919
4.171362
6.287793
3.346863
0.000621
5.796616
5.055852
9.343713
4.616324
4.997457
2.959524
8.598262
2.289450
6.919503
10.280564
7.000347
3.783644
6.558135
5.982929
6.233659
3.752283
8.407832
8.399740
4.666238
6.219212
6.285896
4.594003
3.414198
3.605056
4.850648
0.002216
5.331201
2.549329
7.663155
10.004607
5.326790
6.120491
5.400507
7.088888
5.361527
10.184093
0.000926
0.000054
9.392606
12.615954
6.229434
4.472344
3.256219
6.953515
6.977900
6.576336
0.000009
5.921498
7.608184
4.907439
4.248174
6.523428
10.166638
0.000013
5.926406
8.739800
6.757735
4.247918
5.178529
6.350780
9.370538
5.132109
5.365383
7.051480
6.114493
6.740892
6.341338
5.859305
4.235203
5.233949
5.391118
5.878400
4.519257
4.480178
4.136630
3.514899
6.771212
6.971531
8.518564
7.330031
9.296741
3.930408
5.123369
6.558958
6.016986
7.337940
5.955955
10.108153
4.920011
6.612486
7.198609
4.967267
3.222510
3.169362
3.349474
6.148823
6.565651
2.809732
7.067419
0.000004
6.871206
6.822829
5.755206
5.977383
6.643248
6.792221
3.260228
11.422758
6.426608
6.223844
5.758534
5.179617
5.027572
