1.932858
1.274189
0.002798
-1.549739
1.899090
1.495612
1.486905
1.389914
1.080973
1.122434
1.780968
1.431441
1.712700
1.244338
1.473872
2.163801
0.904557
1.605864
1.469252
1.491073
-0.000045
-0.000038
0.000610
0.922058
0.000064
0.982997
0.659161
0.000602
0.000041
1.646399
0.909437
1.396966
1.518359
-0.000001
1.362652
1.518011
1.374376
1.330066
0.889937
1.377377
1.601269
1.540509
1.004324
1.632895
0.848906
0.723349
0.000025
1.562979
1.187288
0.000001
0.938572
1.367947
1.002343
0.001853
1.150140
1.623730
1.409549
0.854299
1.546265
0.982923
1.705951
0.930552
1.832051
1.248031
