0.466742
0.034457
-0.152552
0.763945
-0.052101
0.002852
0.776291
-0.000000
0.000910
-0.001743
-0.000000
-0.023848
0.871042
0.630044
0.657162
-0.058212
0.006487
0.768787
-0.007920
0.594862
-0.033947
0.006815
0.469335
0.014005
0.450133
0.570084
0.007997
0.645570
0.200535
0.615985
0.649975
0.660101
0.517842
0.854843
0.487841
0.020947
0.443249
-0.001157
0.889598
0.000256
-0.001591
-0.003761
-0.007415
0.866197
0.011984
-0.016665
0.886441
0.442024
0.569260
0.012488
-0.003416
-0.006168
0.008404
1.182957
0.256232
0.000000
-0.340824
1.100797
0.000791
-0.002286
0.013521
0.044218
-0.000000
0.796373
0.001759
0.171591
-0.204604
0.421011
1.067266
0.001050
-0.014012
0.007810
0.505558
-0.024279
0.540709
-0.017686
-0.000686
-0.003272
0.272989
0.843286
0.020471
1.257549
-0.178401
-0.000000
0.000023
0.829514
-0.207113
0.534789
-0.000000
-0.000000
1.212080
0.476296
0.424649
0.666327
-0.004282
-0.001943
-0.009210
1.234580
-0.004344
-0.005489
0.457960
-0.030855
0.561583
1.265510
-0.011752
0.009821
0.006467
-0.013484
0.787396
0.103111
-0.050587
0.006914
0.472943
0.001108
0.149124
0.912460
-0.019094
0.584574
-0.009339
1.472971
0.058614
0.000934
0.015257
0.676164
0.526780
0.431754
0.003627
-0.252130
0.863504
0.492874
-0.007504
0.005624
0.546048
-0.046715
-0.018172
-0.106257
0.016771
0.000000
0.000001
0.390104
0.416159
0.631554
0.943291
-0.184468
0.597721
1.132797
0.004586
0.851448
0.004191
-0.023572
0.898232
-0.120274
-0.005224
-0.025955
0.003341
0.933850
-0.037463
-0.000000
-0.189703
-0.137773
-0.024997
0.969550
0.003368
0.014356
0.003434
0.611930
-0.004332
0.569008
0.422512
-0.003011
0.000006
1.236100
0.012879
-0.000000
1.086109
0.598632
0.000000
1.390520
1.028934
0.005070
0.006263
0.013117
0.037997
0.527026
0.003284
0.147941
-0.020930
0.421332
0.067626
0.733121
-0.000395
0.007236
0.004667
0.565968
0.525148
-0.000000
-0.005510
1.064780
0.002372
-0.274862
-0.035552
-0.042155
-0.003214
-0.000985
1.128275
0.000010
0.011981
0.535821
-0.000606
-0.005319
0.001953
0.620446
0.410849
0.699213
-0.014288
-0.010791
-0.044521
0.000000
0.809408
-0.023090
0.569708
0.849306
1.202653
0.266177
0.008434
-0.256715
1.163508
-0.032748
0.652814
-0.000000
-0.012972
0.466389
1.009796
0.626449
0.009853
0.939397
-0.000000
0.697839
-0.022787
0.465849
1.248592
0.004842
0.007619
0.660332
-0.008208
-0.195803
0.001655
0.430438
-0.072855
0.867568
0.922028
0.864588
0.756796
-0.000842
0.028370
0.000356
