0.059856646
0.011671894
0.07143609
-0.011953827
0.06938899
0.0034182938
0.018652253
0.23316531
0.01737813
-0.09307944
-0.010778519
-0.07774341
-0.03992517
-0.09923086
-0.03894733
-0.023589592
-0.04385271
-0.031539477
0.017306903
-0.02676658
0.011415726
-0.016792685
-0.35659328
-0.029052462
0.01001456
-0.010710785
0.014385278
0.01021918
-0.049308404
-0.008866446
-0.056547184
-0.036269262
0.21172373
-0.059526484
-0.031291965
0.18329951
-2.9329309e-08
6.847152e-09
-1.9308855e-09
4.2210388e-08
-3.362373e-09
3.030609e-08
-3.4557956e-08
1.749094e-08
-1.3598385e-08
-0.012538795
-0.09381162
-0.021767506
-0.06334565
0.49506155
-0.026373228
-0.009588339
0.008790716
-0.015016133
-0.0066392682
-0.07346332
-0.041300025
-0.059028275
-0.08650354
-0.065035135
-0.064702295
-0.037968617
-0.051741704
-0.032222394
-0.03243007
-0.036635846
-0.05174162
-0.103988156
-0.07226871
-0.043735277
-0.0695647
-0.036701486
-0.028048646
-0.08964135
-0.025927918
-0.022060366
-0.04824352
-0.09677337
-0.029033644
0.15354571
0.18169643
0.014654623
-0.0006521889
0.01939122
-0.017045835
0.27676332
-0.01024019
0.018191403
0.0051847496
0.016728954
-0.0037760974
0.011566885
0.010369155
0.033456188
0.096420415
0.039602283
0.017915122
0.17341688
0.030841207
0.08354908
0.1310383
0.14715704
0.031679247
0.0049350946
0.06496237
0.018964471
-0.050235275
0.028470995
0.010658851
0.19701561
0.017366664
0.050630055
-0.018060485
0.035891242
0.030140152
-0.020776566
0.04132516
0.0066135726
0.095705874
-0.0055588568
0.096083276
0.26936877
0.07217161
-0.00047859448
0.06308047
0.027602457
-0.016621983
-0.059910487
-0.02144221
-0.02824898
-0.22062816
-0.06866162
-0.024136396
-0.023545165
-0.024016345
0.008279182
-0.017121745
0.01487908
-0.01079524
0.2503321
0.036334045
0.001711551
0.07670785
0.030328276
-0.032573085
-0.20857225
-0.07525942
0.032884214
0.002096838
0.051723495
0.046976257
0.1871889
0.099049196
-0.04138097
-0.04943883
-0.039527915
-0.07978429
-0.03374197
-0.076507494
-0.05153602
-0.07874301
-0.049902864
0.0053892443
0.08115579
0.04086288
-0.03586884
0.24046129
0.01338689
0.053016145
0.062678255
0.017395154
-0.03315292
-0.08344612
-0.018866977
-0.03306113
-0.08201445
-0.04993074
-0.05115296
-0.057724245
-0.068221785
-0.0066886316
-0.014380856
0.003885769
0.0026737107
0.31627446
0.00095210766
0.014279647
0.031687137
0.009757689
-0.0027472521
-0.0967835
-0.020576395
0.015657295
-0.20160851
-0.00293401
0.10404505
0.205688
0.124022596
0.082741864
0.00011289868
-0.08674412
0.26319215
-0.009177493
-0.18487892
0.06034598
-0.01724584
-0.045676414
0.047828656
0.024673214
0.040444873
0.003994687
0.15140253
0.12723045
0.03359372
0.051476676
0.059387773
0.023185149
-0.0028426666
0.030913427
0.009931793
-0.026317071
0.3067682
0.01804885
-0.03234269
-0.00170946
-0.01511099
0.011956817
-0.00016099257
0.01665675
0.2435173
0.01230347
-0.0007625498
0.06276522
0.012498595
-0.0026179946
-0.08532053
-0.019153407
-0.05774374
-0.075392306
-0.07526296
-0.04414785
-0.094833024
-0.041082114
0.05959003
-0.00031869038
0.0342597
0.056136813
0.051388096
0.032174878
0.10582572
0.13848458
0.050602864
0.019057136
0.2933529
0.012302676
0.007877517
-0.02231949
0.0036525123
-0.061196085
-0.08426831
-0.04717386
-0.055455077
-0.05232965
-0.062354468
-0.039698265
-0.07097118
-0.05128021
-0.04787952
-0.054862045
-0.06308413
-0.00878393
-0.04453511
-0.010701904
0.38098565
-0.08607262
-0.037974887
0.08556287
-0.02552889
-0.06577868
0.043073144
0.2311556
0.054441303
0.03556128
-0.1524512
0.030740343
-0.008726257
-0.094200075
-0.023301518
-0.0014227976
0.010952289
0.1491666
-0.021817986
0.04414211
0.17589293
0.05640091
-0.02855297
-0.023166291
-0.017658373
-0.0750061
-0.01030449
-0.116687104
0.3672388
-0.108536944
-0.023160517
-0.07921662
-0.020179914
0.078100935
0.19644313
0.08939441
0.004537206
0.009504136
0.025837326
-0.016781608
-0.062343005
-0.011378365
0.02996197
0.06683169
0.0839423
0.067368925
0.10816725
-0.033140082
0.07352804
0.025090497
0.022787757
-0.025930585
-0.09177985
-0.035476178
-0.060793407
-0.073965795
-0.035312362
0.0025765696
-0.09237867
-0.07517018
2.3124427e-09
-8.434041e-09
-2.7882821e-08
1.6867327e-08
1.3902189e-08
-4.5724235e-08
-1.865388e-09
-3.4433153e-08
-2.5495204e-08
0.038898613
0.020417621
0.08577714
-0.0110016875
0.11956551
0.025790228
0.06951571
0.01589429
0.03916738
0.017309964
-0.013199373
0.0192114
0.0018949967
0.2759115
-0.008751239
0.025068555
0.022030873
0.03351425
0.005573129
-0.037969783
-0.019369457
-0.045705654
-0.25084215
-0.042993605
-0.0023626366
-0.0566501
-0.04233675
-0.0023011686
-0.028412856
-0.0111729335
0.0009315739
0.3739345
-0.009873869
-0.0074883327
0.029964598
-0.0017102121
0.036069337
0.034599558
0.03750489
0.036847405
0.20243375
0.039467778
0.020266274
0.0886561
0.039438926
-0.021280136
-0.031723797
0.00014714782
0.11939193
0.26194122
-0.05139902
0.033223186
0.003514315
-0.01754483
0.052327253
0.0020321764
-0.019011283
0.26465997
0.042703055
-0.13254611
0.000478341
0.0054965313
-0.010165092
0.029560141
-0.00014557052
0.036553215
0.0057294643
0.24618362
0.021350602
0.013852189
0.044130567
0.029080322
0.029235752
-0.09833364
-0.08685705
0.0499412
0.05234318
-0.09021309
0.058654137
0.21297182
0.05509528
0.2788862
-0.016964609
-0.008502756
-0.04467416
-0.017196946
0.0010408984
-0.021339484
-0.015253512
0.0023074546
0.13118817
0.1610486
0.16419034
0.0128367115
-0.14468668
-0.013005519
0.042573355
-0.14262088
0.003355269
-0.07546735
-0.16068469
-0.049451042
0.01928838
-0.072667696
0.011245829
0.0036294535
-0.1280751
0.012360982
0.004366373
0.06511143
0.002132276
-0.06102235
0.38074112
-0.0479427
0.010398643
-0.00760051
0.012668985
-0.059899203
-0.042682678
0.12341533
-0.03980505
-0.1507271
0.2572096
-0.03963084
-0.06143697
0.10088885
0.0036130173
0.013401006
0.011623179
0.03095048
0.2741129
0.02485887
0.01502282
0.023082413
0.027594786
-0.038750038
-0.057931405
-0.026329754
-0.08015794
-0.04167952
-0.0941261
-0.04536305
-0.046137515
-0.057066035
0.0067981035
0.026654093
0.024193414
0.013007326
0.2577706
0.026205642
0.031582586
0.0329101
0.0033503936
-0.10733469
-0.07492007
-0.049276445
-0.057482857
-0.010420024
-0.015817175
-0.035572443
-0.008715704
-0.11089115
0.046087883
-0.013267652
0.03810013
0.04459707
0.17759426
0.07489464
0.022718033
0.0069049844
0.037595313
0.021929959
0.045705758
-0.0024223493
-0.037772257
0.41245872
-0.083862804
-0.04227895
-0.11224167
-0.032065358
-0.005719287
0.019582411
0.020615356
0.037013214
0.2530926
0.01825855
0.01317068
0.049093455
0.030183725
0.012267574
0.011138005
0.023930835
0.000105941755
0.27814874
-0.008187093
0.033975
0.027118646
0.03160056
-0.016132183
-0.16058327
-0.006435346
-0.11232963
0.46795577
-0.10141353
-0.020030813
-0.015612811
-0.0049862023
0.020231338
-0.011629395
0.021205043
-0.0069170697
0.2869821
0.014540893
0.014998897
0.031195337
0.016050141
3.5340744e-09
3.0210572e-08
-3.4467636e-08
-1.5659628e-09
2.9073762e-08
-3.5827444e-08
-2.7410874e-08
-1.0427112e-08
3.23071e-08
0.025666026
-0.020194463
-0.012994689
-0.0012466387
0.2883129
0.06974285
0.0047362535
0.0035951668
0.085319564
-0.034847032
-0.14486328
-0.062476143
0.1416323
0.25493935
-0.18514359
0.04252438
0.001393243
-0.07858262
-0.021444108
-0.10048859
-0.03737226
-0.014060993
-0.0969605
-0.017494658
-0.059911087
-0.022280864
-0.059251793
-0.061860215
-0.007758123
-0.07697245
-0.05574598
-0.065562226
-0.011217528
-0.05093267
-0.040231947
-0.06888364
0.040426843
-0.0044277012
0.037376184
0.024676235
0.2450552
0.028875701
0.022733
-0.055863224
0.04773165
0.028876992
-0.063206896
-0.052805655
-0.05133029
-0.029494341
0.06680558
-0.0426005
-0.00519569
0.29695058
0.013196406
0.045899212
0.030027883
0.0051167533
0.25486884
0.024712952
0.0060094087
0.022081764
0.009771955
0.005434431
0.011936948
0.029573068
0.008848204
0.23698404
0.013871605
0.0057476843
-0.036530707
0.014864988
-0.05825568
-0.16345572
-0.043932304
-0.16706549
0.22722746
0.15186496
-0.10050281
0.01472547
0.06000518
0.0133640375
0.00020814681
0.016337037
0.013888457
0.22909449
0.032752447
0.032293435
0.07039461
0.03661318
0.010539418
0.19483708
0.022639096
-0.01552113
0.1854723
-0.012901787
0.01456212
-0.022171777
0.015000058
0.04061298
-0.006743776
0.009083867
0.20196237
0.12419141
0.07912367
0.015230177
0.017422752
0.048018064
0.010346127
0.007310893
0.020214695
-0.039939046
0.31456435
-0.004399035
0.0074856225
-0.07420364
-0.0038033663
0.045779962
-0.01189029
0.048805226
0.009487761
0.25031322
0.025026847
0.036227375
-0.017697629
0.057267223
-0.033151142
-0.017665533
-0.036696255
-0.14414692
-0.08503054
-0.14995788
-0.07047128
-0.04185717
-0.072452836
0.039038472
0.061663553
0.062529534
0.046211153
0.14952071
0.0559832
0.025424773
0.03141537
0.03610859
-0.067021996
-0.04517209
0.03090235
-0.05419584
-0.09165877
0.1432845
0.02126075
0.09857667
0.14175433
-0.08892632
-0.09767739
0.024914093
-0.07528984
0.09090566
0.15059318
0.025049713
0.10743614
0.0820874
0.020797864
0.055798497
0.024559971
0.019784696
0.27535528
0.0425002
0.003175232
-0.04605199
0.0068671405
-0.032254416
-0.2860884
-0.12099992
0.007953946
0.10929129
-0.04091657
0.018646445
0.07004368
0.055831686
-0.03900813
-0.15735881
-0.04560555
-0.038454473
-0.059099387
-0.046289906
-0.06613622
-0.0024763427
-0.06790414
0.000803893
-0.005058188
-0.033319198
-0.05669702
0.22955605
0.17174067
0.00152054
-0.03422999
0.01229146
-0.018744646
-0.17717561
0.004711809
-0.108889736
0.4516364
-0.053680357
-0.014641685
0.031994022
0.013262429
0.0059122397
-0.007144974
-0.02051584
-0.045566294
-0.35348693
-0.03353721
0.008661099
-0.022392172
0.008373075
0.059320558
0.089278035
-0.0101758605
0.08709392
-0.020814922
-0.12962656
0.1026827
0.09747756
0.03904549
0.11176421
0.21715803
0.15186971
-0.0051221484
-0.09642236
-0.01915453
-0.034158353
-0.06071884
-0.035716668
0.079507895
0.068743356
0.017062742
0.07364575
0.116665415
-0.030398777
0.040320244
-0.060654324
-0.0012803529
-2.7747476e-05
0.07219348
0.015261425
0.04105854
0.21552046
0.05861698
0.024694433
0.040635757
0.019339358
-0.036672015
-0.1613286
-0.052368052
-0.038718082
-0.09577469
-0.03161783
-0.06479871
-0.13155426
-0.057973526
0.02351212
-0.017776368
0.026377248
0.055516742
0.068855286
0.060230922
0.08940955
0.08715405
0.10140378
0.0097638415
-0.08828169
0.008830633
-0.11396245
0.45034006
-0.13931483
0.0028639315
-0.06280134
0.004687425
0.020962471
-0.04366229
0.023036316
-0.009917785
0.41398796
0.00214998
0.012005931
-0.016933056
0.015181846
-0.004216744
0.23465334
0.05964816
-0.0977961
0.11601238
-0.056791004
-0.06757005
-0.14155419
-0.06629128
0.01762106
0.032813452
0.014400811
0.22386116
0.06756603
0.0063418136
0.042171273
0.04679596
0.017704194
-0.09787348
-0.13793238
-0.09649297
-0.043105297
-0.015417928
-0.058797266
-0.027138913
0.04524459
-0.0149966935
0.007913994
0.030937659
-0.0016051419
0.051740423
0.23215379
0.039108887
0.0037551457
-0.025975714
0.040819254
0.03503518
-0.012879227
0.03877202
0.013164807
0.2578872
0.01179976
0.032399073
0.002494817
0.050395686
0.08632377
0.053216312
0.083319955
-0.095378846
-0.20058222
-0.11623392
-0.021829078
-0.036229625
-0.020574987
-0.022368329
0.006225241
-0.024137745
-0.003081396
-0.3454968
-0.009296573
-0.012122573
-0.03310499
-0.00934284
-0.009046038
0.24447078
-0.018163523
0.0025861685
0.14538664
0.004641647
0.0014060796
-0.08401529
0.0035740596
-0.077430554
-0.01607855
-0.08342655
-0.09560519
-0.0570706
-0.082734555
-0.09433051
-0.0020745252
-0.03575667
0.0049348064
-0.0215731
0.033201635
0.05598848
0.21941239
0.04941143
-0.0028516126
-0.064416096
0.017840514
0.05575195
0.1792535
0.026370917
-0.08724195
-0.11263597
0.13832127
0.047968015
0.07690273
-0.002650755
0.008830875
-0.013502896
0.010141662
0.01277048
0.27410355
0.012979407
-0.0118697295
0.009801084
0.0007968873
0.027533047
-0.004342783
0.028425483
0.010433245
0.24265254
0.01840384
0.040439837
0.02922383
0.03570673
-0.05831033
-0.038654394
-0.062002253
-0.057049572
-0.050171383
-0.050096538
-0.049609642
-0.042543042
-0.04965219
-0.055488896
-0.08115371
-0.045268003
-0.0793718
-0.09574607
-0.0741528
-0.0135154
-0.04810599
-0.03770041
-0.010703767
-0.048988055
-0.016677368
-0.017662838
-0.25108695
-0.032281335
-0.0246556
0.00095276214
-0.03056274
0.032157633
-0.033496927
0.03167328
-0.0059145833
0.3512788
-0.0070852176
0.02364263
0.027139436
0.019488884
0.041327044
-0.03574353
0.038781993
0.02612486
-0.05161908
-0.00094864494
0.04888697
0.22057824
0.05998251
-0.014101617
-0.10146257
-0.01901834
-0.102160625
-0.026108485
-0.06622702
-0.011310386
-0.08875667
-0.0370816
-0.077170625
0.15414321
-0.0213585
-0.03450663
0.13763638
0.0020681024
-0.07978162
0.19299057
-0.023371825
0.033070814
-0.010224078
0.0020525123
-0.0042261155
0.29196334
0.029097011
0.0035047387
0.07317774
0.08213113
0.05999281
0.020080741
0.046199065
-0.013999976
0.12916166
0.0815908
0.007917304
0.03192653
0.07575137
0.016026415
-0.003485614
-0.010617933
-0.031685334
0.2774973
-0.07056682
-0.04808821
-0.005950865
0.011403822
-0.031114466
-0.08531631
0.0074884403
-0.14406887
0.00070256175
0.16015129
0.037869852
0.16328616
-0.04470005
-0.018512772
-0.034244817
-0.016068377
-0.05356539
-0.11474427
-0.086940885
-0.011675089
-0.06672585
-0.06271514
0.03225845
0.0020290655
-0.13374737
-0.07530421
-0.069806725
-0.017391682
-0.09793678
-0.071299314
-0.0063395123
0.024305416
0.017332017
0.0034247492
0.019637072
0.25937358
0.016353836
0.023641557
0.014190457
0.025196522
-0.027274363
0.15212001
-0.02394276
0.036893275
0.16589014
0.011260959
0.060814947
-0.02044525
0.060967937
-0.021437418
-0.0813943
-0.021426262
-0.1619485
0.017758694
0.23804177
-0.065649375
-0.0012798156
0.21089923
-2.1666366e-08
-3.4080314e-09
6.7192666e-08
3.2988126e-08
1.7613443e-08
2.2685356e-08
-1.5262666e-08
2.7619366e-08
2.4293936e-08
0.030087337
0.16269444
0.019116506
0.020760696
0.13212365
0.045308743
0.017246202
-0.0147622125
0.009147209
-0.01447555
-0.078399174
-0.04404899
-0.059676416
-0.1787531
0.05724438
-0.0059024845
-0.1101
-0.0091247875
0.002239408
-0.07706967
0.017872747
-0.06493126
-0.1953414
-0.07253148
-0.022381945
-0.06228998
-0.014502566
-0.01544652
-0.12850638
0.0032692787
-0.057503387
0.642986
-0.08949889
-0.010081285
-0.12017267
-0.006931579
0.048156697
-0.04550418
0.034074634
0.080918446
0.21104242
-0.081527434
-0.15767437
0.10523269
0.045469508
-0.023588592
-0.016091187
0.034933794
0.019793848
-0.1949183
0.12058927
0.075384036
0.15857194
0.05546321
-0.04218291
-0.060062863
-0.039746083
-0.06495519
-0.05157531
-0.07803022
-0.059088003
-0.06937335
-0.058729693
0.005717492
-0.08430792
-0.0062249037
0.11371473
-0.2644106
0.20362298
0.006123259
-0.11916622
-0.0017818098
0.01812389
-0.0065905256
0.03909885
0.0046008327
0.2995015
0.021418825
0.0153231425
-0.0019183848
0.022630123
1.8546725e-09
-1.7376048e-07
2.2834418e-07
3.2136165e-07
-3.8389788e-07
6.910404e-07
3.91336e-07
-3.147481e-07
6.782531e-07
-0.004295419
-0.029143695
-0.004524205
-0.023557331
0.40822667
-0.02611813
-0.004087055
0.008213975
-0.006686482
0.008074255
-0.008175809
-0.002027639
0.004256934
0.32198405
-0.00043969054
0.0035600378
0.009989985
0.00082570617
0.018479828
0.01502949
0.024384933
-0.008560645
0.2527136
0.009292831
0.025504304
0.032104548
0.023188677
0.013056133
0.04908518
0.015063546
-0.080448225
0.43253615
-0.037358236
-0.025269723
-0.123856686
-0.03533334
0.015108971
0.031371184
0.021997865
0.048939783
0.16550227
0.07153562
0.010170055
0.110514835
-0.016611962
0.018910876
-0.034279227
-0.02944106
0.19652873
0.14439967
-0.24565278
0.033559743
-0.015649147
-0.04060386
0.056895003
0.039316986
0.037321128
0.045301665
0.21957491
0.023956971
0.014555134
-0.032585293
0.00073000597
0.02661818
0.02539369
0.04237463
0.017819842
0.09655921
-0.0038980122
0.043609552
0.16645457
0.09042821
-2.457543e-08
2.1801553e-08
-2.5549143e-08
-1.5048118e-09
-5.363528e-09
1.0456393e-08
3.8319463e-08
-3.8013884e-08
-3.2637928e-10
-0.018852063
-0.025662
-0.024505334
-0.058504697
-0.17601936
-0.056772288
-0.03839215
-0.025880842
-0.029619202
-0.04534238
-0.08170591
-0.06737736
-0.042057637
-0.11141507
-0.035790388
-0.03951306
-0.112522855
-0.037107892
0.004890817
0.029329078
0.011432904
0.023035737
0.033736497
0.10318728
0.030068789
0.08433675
0.12914786
0.014865804
0.01993395
0.014965581
0.001242882
0.28471822
-0.0073506953
0.01422249
0.04876243
0.0103981355
-0.032029957
-0.084946916
-0.025659326
-0.012643242
-0.14384916
-0.033103134
-0.03170011
-0.087364465
-0.04367979
-0.026996206
-0.014162351
-0.004488587
-0.031043937
-0.06650507
0.34900978
-0.030960223
0.0058381227
0.0078644715
-0.023831343
-0.13443677
-0.007773958
-0.09177136
0.3606789
-0.08423479
-0.012365814
-0.09739483
-0.015881402
-0.05787295
-0.089503996
-0.0656138
-0.11570834
0.27944142
-0.10528939
-0.06765084
-0.101976946
-0.07306439
0.026821993
-0.09379504
0.023799717
0.0062395455
0.20752406
0.0038885144
0.05055787
0.09113069
0.036417235
0.015492409
-0.0051190136
0.012335515
0.0169249
0.29058418
0.110560365
0.0052475813
-0.009179341
0.039902344
0.30772072
0.062644325
-0.073346674
0.13156195
-0.013430716
-0.08658069
-0.04735583
-0.09933724
0.012171539
0.21197464
-0.022377402
-0.02469887
0.17006403
-0.08479929
-0.071972236
0.13819844
-0.033299644
-0.054830004
0.0064200806
0.0087025445
0.011589991
0.003000339
0.29278272
-0.0015161193
0.010914369
0.012589612
0.022209084
-0.0588231
-0.077681094
-0.063184775
-0.12472918
-0.05325336
0.020855712
-0.07091681
-0.09055617
-0.05330175
0.010081467
-0.113812014
-0.047268536
-0.09162801
-0.09328287
-0.100153565
-0.022673704
-0.12843563
-0.011637021
-0.038259666
-0.22056712
-0.028640263
0.051967617
0.0148927765
0.02272068
0.08716384
0.18507022
0.056219626
0.12536995
0.09377985
0.029781753
0.13189664
-0.04194148
-0.0868743
0.017634962
-0.04502514
-0.06445803
0.07111878
-0.10560319
-0.0427854
0.12429754
0.2698527
-0.05703675
-0.09600442
-0.0011244416
0.041834682
-0.01011871
0.0020202692
0.0039318004
-0.119172186
-0.09465832
-0.113091394
-0.047134094
-0.034064945
-0.049256902
0.07492852
0.12543887
0.04498153
0.06937249
-0.011476013
0.036969148
0.063293025
-0.032065343
-0.023217434
-0.058931693
-0.024272043
-0.059743483
-0.020631451
-0.10219331
-0.004883769
-0.08479028
-0.033860903
-0.068373315
-0.07151347
-0.049468827
-0.08275925
-0.05436898
-0.10392138
-0.062082145
-0.014657158
-0.025728425
-0.014574995
0.06822308
0.16953836
0.09445509
0.08039501
-0.19816332
0.075266436
0.009688332
-0.103481464
-0.012076986
-0.009042264
-0.09418461
-0.04596301
-0.17113423
-0.103971735
0.21342435
-0.059527073
0.18448135
0.11814665
0.012488953
-0.030300746
0.011668586
0.0016421814
0.33279458
0.007854962
0.012649949
-0.0059456076
0.034412872
-5.8167448e-08
-2.757211e-08
-3.9922064e-08
-5.6939328e-08
2.1578806e-08
-6.91484e-08
-5.8009256e-08
-5.733694e-09
-3.1760695e-08
-0.018899053
-0.016335936
-0.025768334
0.22371405
0.033076722
-0.1766066
0.057033237
-0.011499472
-0.0597636
-0.086909674
-0.048486393
-0.06321568
-0.05261414
-0.017611867
-0.05142562
-0.068788715
-0.06980815
-0.079197235
-3.3219806e-08
-1.1311295e-08
-2.7326033e-08
1.0595983e-08
-2.5910047e-08
3.5463308e-09
4.176947e-08
-2.7370122e-08
-5.7761774e-08
-0.027638165
-0.027706562
-0.038507532
-0.024531307
-0.06283196
-0.04683675
0.111007325
0.23572752
0.08963947
0.011438392
-0.03214486
0.00050316995
-0.059447613
-0.029742016
-0.04461942
0.060678456
0.2905498
0.07884289
0.005425566
-0.041626755
-0.003545888
0.0027693766
0.2638642
-0.014914852
0.07078232
0.07511746
0.00028617235
0.0010122535
-0.028432567
0.047127638
0.0044124387
-0.035351764
0.1031714
0.022954103
0.114615194
0.14704731
0.04096503
-0.0011502089
-0.09087673
0.14124191
-0.13585456
-0.10456521
0.10391181
0.12348229
0.016566208
-0.025948726
-0.13153467
-0.018519653
-0.11599676
0.10595855
-0.13384697
-0.029448206
-0.09459274
-0.03731017
0.012104648
7.823468e-05
0.01230215
-0.003887061
0.2662616
-0.007774591
0.009313928
0.022883536
0.024289604
0.06637953
0.2110453
0.060333047
0.0020413185
-0.17164692
0.017539531
-0.080528095
-0.08766185
-0.085833415
0.066221476
-0.013005249
-0.047032095
0.21782297
-0.09478366
-0.1673116
0.058018513
-0.033093967
-0.010668325
0.009607971
0.26272875
0.028039219
0.013464438
-0.0859233
-0.031807825
-0.004947565
-0.15624453
-0.045562774
-0.06272518
-0.17598534
-0.072760135
0.0642389
0.11358083
0.07179976
0.09286343
0.14537182
0.09543033
0.010237399
0.0028021391
0.019071916
-0.014334401
0.38066164
-0.018312925
4.417136e-05
-0.016498243
0.0006808402
-0.005875904
-0.10094276
0.0035149872
-0.098420724
0.4637114
-0.13439412
-0.015026472
-0.13448551
-0.0029296288
0.033406466
-0.022526477
0.042132862
-0.0012967008
0.21495214
0.05763433
0.04429165
0.044344615
0.0360161
0.026185092
-0.064084366
-0.0052118283
0.15597405
0.24666053
-0.22986287
0.050748967
-0.064903736
-0.11873031
0.00039968427
5.6800425e-05
-0.00012740854
0.0006098555
-0.00028368947
-4.6993904e-05
0.00019289202
-6.787834e-05
-0.000113052665
0.04169639
-0.023571845
-0.07586359
0.15869595
-0.18246618
-0.069884874
0.10909116
0.029224526
0.016666507
0.030914746
0.11371985
0.05052209
0.09737774
0.05761351
0.084830046
0.026651472
-0.034736756
0.020463664
0.03557975
-0.058973633
-0.16766542
0.15210195
-0.12028105
-0.076373875
0.11483642
0.041096598
0.016947325
0.015028618
-0.006916405
0.006570911
0.026253209
0.2660087
0.026188107
0.011529892
0.05979968
0.016550442
0.0059565366
0.020507589
-0.00317089
0.04779345
0.21598499
0.038671747
-0.00030770092
0.064022966
0.018097088
-0.015383365
0.0026624885
-0.009654796
0.02070598
0.21957521
0.050497726
-0.011845114
0.069598295
-0.0053022606
0.018780451
-0.036756158
0.021428388
0.014769144
0.30803207
0.030909706
0.01721738
0.0013972784
0.021537673
-0.028931515
-0.07865593
-0.04191101
-0.05183358
-0.09265051
-0.073099956
-0.04581631
-0.06365136
-0.038816497
-0.033467397
-0.04352538
-0.019709533
-0.014230899
-0.09590716
-0.043733183
0.077479094
0.23719324
0.09343855
0.0037921553
-0.011975598
0.008092709
0.07026816
0.019248132
-0.02056162
0.14161967
0.13264382
0.064854644
0.012426963
-0.025453582
0.01334442
-0.0201287
0.31582442
-0.01396632
0.004506487
0.0007695757
0.0124881305
0.003894383
-0.13548481
-0.005891583
-0.10558038
0.5689518
-0.10655046
-0.002711017
-0.06629748
-0.002437742
0.028102921
0.176923
0.05792033
-0.099173315
0.13802432
-0.08570617
0.010799046
0.005749018
0.004826707
0.058623154
0.22179216
0.052321266
-0.008159263
0.1221003
-0.0009099314
0.02080473
-0.043282837
0.01757556
-0.02611045
-0.15353
-0.022928076
-0.13133414
0.4713011
-0.041207857
-0.031369105
0.05812051
0.020226251
0.08219967
0.19873749
0.090619884
0.06957229
-0.12055287
0.06948413
0.004774641
-0.044355642
0.025491405
0.06561697
0.01221436
0.084793255
0.024239097
0.16489643
0.018632919
0.04308252
0.0065911054
0.04150482
-0.024540007
-0.12637079
-0.023480546
-0.10289787
0.45683423
-0.07203896
-0.01698647
-0.07273721
-0.022557886
-0.023064114
-0.002186287
-0.035442814
-0.069897555
-0.10820913
-0.08238977
-0.064343825
-0.04123176
-0.058412135
-0.0131194815
0.035249162
0.023762148
0.033973537
0.23901804
0.018491661
-0.0012016811
0.03506716
0.016352521
-1.8905553e-08
-1.9920215e-10
-1.5191386e-08
-4.4402245e-08
-1.0149312e-08
-1.5045542e-08
-3.669469e-08
-3.7925126e-08
1.7735207e-08
0.04216933
0.013100967
0.018608151
-0.05022564
0.2651766
0.011377667
0.030920502
0.13230538
0.030094186
-1.0106642e-07
3.682321e-08
1.06440964e-07
-1.7836275e-08
2.4410158e-09
3.887574e-08
-4.915628e-08
-1.06670086e-07
-9.2745985e-08
-0.059504982
-0.03886059
-0.063319504
-0.046718586
-0.057321433
-0.06395157
-0.07489716
-0.018486645
-0.07601737
0.007982725
-0.10712042
0.025690936
0.04696183
0.2277906
0.021158624
0.011195619
-0.0025370452
0.018501319
-0.018223703
-0.009823141
-0.0037151382
0.0011209112
0.18312225
-0.001759936
0.002807025
0.15934597
0.02463095
0.013098708
-0.0030559595
0.015559794
-0.0018735102
-0.07897904
-0.017306099
0.015400406
0.25009587
0.043139942
-0.08285627
-0.0072080023
-0.0778708
-0.024660485
-0.018006004
-0.03434563
-0.0562245
-0.04723422
-0.07261668
-0.011009728
-0.0065622176
0.0017788376
-0.05766158
-0.027110847
-0.007188956
0.26367515
0.04190906
-0.019436855
-0.0047513368
-0.118581824
-0.034567893
-0.035072595
0.13979596
0.013831025
0.024725916
0.20159686
0.046456102
-0.0036510234
0.06248836
-0.023650646
0.26885837
-0.0845343
-0.16914816
0.02373334
-0.07173163
0.0072486578
-0.04891101
0.18943514
-0.046152227
-0.0851991
-0.07478129
-0.11523729
0.011802878
-0.14710371
0.0028978235
0.011326702
0.022692414
0.023149062
0.030517044
0.18276072
0.028617032
0.040483695
0.04524359
0.034224156
0.032477636
0.22219063
0.045990333
0.006993996
-0.011299845
0.001825954
-0.008508366
-0.014490612
-0.0035307964
0.002729602
-0.03300879
0.010810579
0.025016846
0.12829311
0.0059972606
0.06986738
0.14610063
0.04365801
0.025290025
0.05030493
0.03438389
0.09348129
0.021883324
0.08679907
0.038722925
0.101627655
0.06623112
0.03586534
0.014724536
0.048269995
-0.21956646
-0.106783405
-0.24194145
-0.0015871278
-0.013561524
-0.0006600408
0.0035993075
0.15034762
-0.071607836
-0.011932609
0.18512684
-0.043731187
-0.009075687
0.18460569
-0.08293063
0.0038909488
-0.007155108
-0.005090023
0.012142946
0.24980949
-0.01219242
-0.025514321
-0.09238758
-0.006168231
9.0575503e-07
1.7034328e-06
9.362985e-07
-1.380158e-07
3.4590305e-06
3.5376706e-06
-7.0119097e-07
5.1218626e-07
9.147562e-07
-0.015870217
-0.03531108
0.0052442686
0.049543064
0.14484411
0.08196169
-0.02590187
0.12220032
0.0020649438
-0.060717706
-0.08917658
-0.05823825
-0.041739725
-0.040850613
-0.055852022
-0.049601384
-0.08154792
-0.040068343
0.0007096544
0.12035105
0.23975816
-0.0057223737
-0.023170868
-0.05574679
-0.0061940355
-0.021676466
-0.027435422
-0.0067702206
0.03989132
0.06508888
0.14531858
0.113638744
-0.01706876
0.06445568
0.07328366
0.029969478
-1.3039336e-07
2.536551e-07
1.4622849e-07
-3.6593966e-07
1.5354661e-06
-9.478406e-08
3.5453007e-07
3.2244045e-06
1.4584577e-06
-0.018954145
-0.027255964
-0.120306805
-0.048939705
-0.016843574
-0.08437886
-0.1264523
0.015359495
-0.037779815
0.019406585
0.012148873
0.016978623
0.019393537
0.24659279
0.01163666
0.015854694
0.010047692
0.019721324
-0.02877249
-0.099023
-0.02584901
-0.03555071
-0.085627675
-0.038401514
-0.035603072
-0.1165229
-0.03565508
0.0036580882
-0.027662642
0.000632079
0.023304716
0.15560187
0.04166328
-0.0053749043
0.09785963
-0.0041374266
-0.03236094
-0.024505777
-0.03662972
-0.083867535
0.3705133
-0.05112753
-0.0051454394
0.015704837
-0.013178272
0.036948714
-0.010630223
-0.039568953
0.30029207
-0.094131954
-0.11603318
0.011837957
-0.023149474
-0.045169774
-0.02183259
-0.15919606
-0.03613489
-0.09183067
0.46649858
-0.061957687
-0.0073362854
0.027944773
-0.0049526254
0.037030034
0.019309668
0.048189923
0.027129076
0.15804453
0.04870491
0.052440476
0.039211906
0.04285012
-0.0067140525
0.08782693
0.026301289
0.005603514
0.24856494
0.00941087
0.011690971
-0.15215234
0.018067008
-0.032426685
-0.076456726
-0.03570157
-0.06036272
-0.052882496
-0.06310943
-0.053946838
-0.09429538
-0.03645346
0.029138906
-0.029725423
0.03761411
0.03056854
0.17408371
0.03258253
0.053710356
0.0882737
0.056682095
0.059262104
0.17378852
0.070090614
0.022097152
0.07279779
0.032851003
-0.0032260937
-0.025486054
-0.013210162
-0.011889264
-0.050237276
0.019259773
0.021475175
0.1272896
0.03378728
0.011832537
0.09015663
0.016706565
5.802457e-09
4.3732403e-08
-9.149447e-08
-8.954097e-08
7.645481e-08
-1.02570354e-07
-4.7076956e-08
1.3867652e-08
-6.1354086e-08
-0.04623766
-0.05165228
-0.057024438
-0.053348828
-0.13307649
-0.049763758
-0.028485838
-0.059109554
-0.0499686
-0.04676311
0.062165167
0.043924868
0.03799294
0.18986024
0.03973241
0.043296497
0.029768638
0.02180585
0.0111963395
0.100821525
0.09847139
-0.021438887
-0.0036279662
0.12990974
0.0059185345
0.024460765
0.019705163
-2.9991768e-06
1.6454549e-06
5.121113e-06
-5.0152667e-06
2.6116613e-06
8.6349255e-06
3.7303994e-07
7.875287e-06
4.2805727e-06
-0.010265454
-0.058447395
-0.010381171
-0.066917665
-0.11306004
-0.05985799
-0.025114067
-0.07683419
-0.042403553
-0.037232127
0.009198759
-0.02772983
-0.029189134
-0.20108627
-0.027919497
-0.020499462
-0.032822903
-0.029186253
0.034463897
0.04370332
0.064684786
0.04906418
0.18528476
-0.007815485
-0.0019125006
0.016287657
0.05570421
0.047586456
0.019152025
0.048529502
0.0074124844
0.28168014
0.036708705
0.03853379
0.0008345025
0.05639934
0.09439911
0.15525076
0.058021635
0.15916829
-0.06847906
-0.09423239
0.025645645
-0.13156164
-0.14918606
0.0013611492
0.12575833
0.018394064
0.11060817
0.3061024
0.10617501
0.043996546
0.09121744
0.027035022
0.013777513
-0.014822021
0.02841736
0.031585
0.24787234
0.079640426
0.044495557
-0.031709
0.028730482
-0.02942687
-0.05835059
0.07765954
-0.07197212
-0.20219088
0.13454144
0.10531876
0.08757062
0.07949201
0.07057034
0.062094603
0.060110167
0.018873777
0.09116548
0.037727777
0.02551789
0.20078261
0.03819232
0.06808533
0.07834857
0.13733143
0.007898951
0.014617346
0.11715477
0.03494346
0.021641199
0.036564916
0.013493179
-0.018229652
0.033501215
0.014958787
0.24119903
0.03331882
0.019605901
0.050610088
0.0385281
0.062630065
0.090377346
0.13295293
-0.050038613
-0.11814011
0.111997
-0.020042147
-0.023783311
0.060508713
0.02300623
-0.019263165
0.01974456
0.012708412
0.254415
0.026472246
0.0061794454
0.009981907
0.027952736
0.000544162
-0.050131734
0.000568574
0.032212764
0.01462394
0.030635687
0.073760085
0.21434811
0.06703995
0.037904892
0.09386079
0.06577567
-0.06285099
-0.086410575
0.15602627
-0.014910446
0.024278909
0.070767246
-0.15076633
0.034809045
0.030125983
-0.2668503
0.07233677
0.061030276
-0.09903257
0.006386129
0.030712785
0.060318995
0.28127772
0.08028196
-0.07310489
-0.050928686
-0.09696472
-0.028366497
-0.034139406
-0.038157973
-2.5838789e-09
-4.93973e-08
2.2043153e-08
-2.1864277e-08
2.2904569e-08
-2.9708637e-08
-7.0755855e-09
-3.3349263e-08
8.866263e-09
0.004344375
0.041498147
0.04828211
0.07723838
0.25609085
0.07872996
0.05583221
0.063581586
0.0008439304
-2.0370165e-07
-1.2372078e-07
-1.7486093e-07
-1.4877438e-07
5.3315597e-07
2.0965318e-07
-9.652945e-08
6.304708e-07
2.2484119e-07
-0.017217226
-0.11601703
-0.004846614
-0.043899573
-0.099499986
-0.038402162
-0.026329257
-0.05366544
-0.018135289
0.00204012
-0.09406763
-0.1343179
0.08539438
0.022320285
-0.11353606
0.051891394
0.24423529
0.012298082
-0.013542107
0.013089037
-0.024586087
0.0040171607
-0.4265899
0.003122083
-0.003281121
-0.030609954
-0.010932493
2.6203818e-08
6.9672055e-08
-2.2387083e-09
-3.7517808e-08
4.5001723e-08
-1.4259854e-07
-2.8458754e-08
9.191199e-08
-5.154813e-08
0.032439966
0.13073616
-0.121667825
-0.037710216
0.10060767
0.14108403
0.0004969708
-0.01833811
0.06967966
-0.050229404
-0.15087804
-0.061545294
-0.032738827
-0.09039996
-0.043609202
-0.065507025
-0.09062717
-0.060744453
-0.07075346
-0.032287743
0.17014004
-0.04511312
-0.08206934
0.12884209
-0.114990495
-0.07671378
0.31838095
-0.016429812
0.044893768
0.054972492
-0.016027445
0.24329507
0.050606098
0.029339436
0.033036783
-0.003739373
-0.035125636
-0.017527157
-0.020332506
-0.03521115
-0.16608301
-0.038267434
-0.034763265
-0.059641086
-0.035144676
0.03671509
0.20641263
0.03438739
0.008664212
0.14146575
0.017668294
0.03475861
0.1962615
0.05166093
-0.015813056
-0.0700303
-0.02863199
0.06447907
-0.10231216
0.049493894
0.08165681
0.16504239
0.106896624
-0.07893201
-0.07903461
-0.09792501
-0.08849933
-0.026176171
-0.06310118
-0.0645173
-0.09323286
-0.090403296
7.3861345e-05
-0.00010495776
9.50949e-05
-8.0547165e-05
0.00013536547
0.00021808333
3.0493931e-05
1.6103753e-05
-0.000112286114
0.05686221
0.042833522
-0.031405564
0.19261046
-0.10348521
-0.1435884
0.037630495
0.012785253
-0.088489
0.040165335
0.012649303
0.038326617
0.006127376
0.1949921
0.055978373
0.06444948
0.01828608
0.05886275
0.13089675
-0.066916384
-0.2515765
0.13892092
0.012514723
-0.0954959
0.06122684
-0.009106877
-0.08543645
0.049266297
0.07702826
-0.01409533
0.0223338
0.09020051
0.10702725
0.052989487
-0.00063747825
0.047532085
-0.010897269
-0.018603317
0.048616167
0.027237019
0.27851975
-0.0041084564
0.085409425
0.048694227
-0.019637091
1.5838881e-07
4.1886558e-08
-2.4688482e-08
2.58195e-07
-3.739865e-08
-6.1642e-08
2.2330134e-07
3.581841e-07
-1.069577e-07
0.10370149
0.2534082
0.13921475
-0.033504218
-0.12998012
-0.08376512
-0.062316693
-0.19453296
-0.06042231
0.009230451
0.027553322
0.022829937
0.029684454
0.09631139
-0.0005760879
0.05104094
0.1590306
0.07157655
-0.028449893
-0.07953652
-0.030109916
-0.011770781
-0.045288734
-0.032308124
-0.11122198
-0.07382786
-0.100765765
-0.008844217
0.0048067463
0.018123548
0.0194683
0.22490685
0.0602635
-0.0002539976
0.07765281
0.007085856
0.046572514
0.014305668
-0.12018779
0.13510907
0.09597003
-0.28593418
0.046761245
0.04840874
-0.14509515
-0.04258907
-0.106736735
-0.06171971
-0.09853235
-0.048105538
-0.05832506
-0.02489144
-0.053041603
-0.031379204
4.2157242e-07
1.4259521e-06
2.4176982e-06
1.1554229e-06
8.615517e-07
1.2418471e-07
8.5268096e-07
-2.68728e-07
-5.225536e-07
-0.035831533
0.08731305
0.046049643
-0.14594759
0.30515018
0.017257277
-0.048357323
-0.19087215
-0.08265239
-4.2817536e-08
-2.4810205e-07
-2.1481314e-07
-2.803603e-07
-3.2477507e-07
-1.9412224e-07
-2.2537044e-07
-2.7322764e-07
-8.936262e-08
-0.027872713
-0.216965
-0.0015516513
-0.033919368
-0.16865812
-0.045433443
0.07488697
0.311217
0.040034264
0.0007599483
-0.026508518
0.014592987
-0.019484915
0.34131432
-0.0050277184
0.009614267
0.00045225013
0.0011611346
1.11884265e-05
0.00017624538
4.5133616e-05
0.0001563925
-0.00014998781
-0.00012314825
0.00013244862
-3.6997666e-05
-5.81947e-05
0.063726485
0.038403213
0.00079594017
0.08243138
0.17377882
-0.023002159
0.011220771
-0.02788777
0.08326629
0.0700578
0.11531169
-0.051758014
0.23227963
-0.1581575
-0.14811583
0.089572586
0.034261353
-0.06972705
0.0035092281
-0.06589178
-0.009846294
-0.05897298
-0.20941353
-0.05453365
-0.008893762
-0.05824249
-0.019531613
-0.01386084
0.011453433
-0.0005312347
-0.0033811596
-0.31162378
0.027275333
-0.045235164
-0.027791373
-0.00888203
0.037338965
-0.061859366
0.0013283181
0.12834476
0.1245018
-0.048413467
0.07274868
0.071152695
-0.030907994
0.03243928
0.00553119
0.029893463
-0.0048139263
0.2659674
0.003836277
0.009742533
0.02722365
-0.0031297242
0.09928608
-0.03432558
-0.020495776
0.28181738
-0.115927264
-0.054353762
0.05412853
-0.09291191
-0.018026859
0.0089330645
0.0016880126
0.019380013
0.025190335
0.24686879
0.03409171
0.03777464
0.061774544
0.05618849
0.0010640539
0.0058727567
0.021491306
0.05145981
0.21843301
0.07078666
0.001550235
0.036482096
-0.0011743099
0.0040489663
0.018947097
-0.0631448
0.1030088
0.042207215
-0.3228026
0.0068431795
0.041647606
-0.021005064
-0.04157635
-0.05230622
-0.061490662
-0.044896707
-0.026145054
-0.054677475
-0.06971314
-0.042263176
-0.06615816
0.008361107
-0.070762165
-0.0132087115
0.3021868
0.05997777
-0.11408935
0.0087242685
-0.04512649
-0.023585169
0.101262316
-0.047446128
-0.045570318
0.2370256
-0.039744616
-0.19783674
0.0118738
0.003409875
-0.012171972
0.063137196
0.11701931
-0.044029
-0.02822806
0.12934256
0.09344198
0.014012915
-0.03661693
0.08463834
0.0677491
0.17637831
0.054988567
0.06412108
-0.21823087
0.036007952
-0.040345754
-0.1432146
-0.046457943
0.0113266315
-0.034613542
-0.0060680313
-0.055660557
-0.24812892
-0.03821587
-0.013103765
-0.052081928
-0.02705923
-0.007846988
-0.016607314
-0.01266003
-0.018145971
-0.037989914
-0.035069514
-0.015003464
0.28260085
0.046512183
0.006160231
0.0290497
0.010994422
0.014517926
0.25432885
0.024216129
0.00489652
0.037810214
0.005356052
-0.019271167
-0.036149047
-0.016706347
-0.03678393
-0.27192202
-0.013646792
-0.008398297
-0.04931948
-0.028028881
-0.017961847
-0.028883206
-0.016623748
-0.044982012
-0.17458154
-0.047606923
-0.035284474
-0.048488848
-0.023914192
-0.02090733
-0.06783528
-0.028864319
-0.11358784
-0.08146572
-0.13542332
-0.03661102
-0.061941974
-0.014610134
0.012918883
0.037770435
0.021494532
-0.031656507
-0.3380678
-0.066573516
-0.005797857
-0.021590073
-0.006531294
0.007047526
-0.15288818
0.00013051173
-0.094731055
0.5136996
-0.07652331
-0.0022531138
-0.027529225
-0.0017120806
0.00507448
-0.10125026
0.03206666
-0.014114574
0.14194183
0.0064401007
0.01887397
0.13140324
0.06463611
0.08291551
0.015105137
-0.036080778
0.19806619
-0.10402099
-0.06495972
0.10407446
-0.027746784
-0.06407476
1.8310963e-08
-3.5220392e-08
-4.2948415e-08
-5.1485046e-08
-4.5172207e-08
-4.3899384e-08
-3.6010753e-08
6.809663e-08
6.3215104e-09
0.005496027
-0.14038968
-0.0027977088
-0.075772345
0.39169994
-0.049992412
0.01365148
0.08479312
0.012584373
0.01533686
-0.009341868
0.020599533
0.014180747
0.2976111
-0.019238561
0.010632711
-0.00050410663
0.015774751
-0.027787495
-0.05028587
-0.03879084
-0.08561807
-0.08903947
-0.081610605
-0.039242804
-0.030785106
-0.031422995
0.021548808
0.034334898
0.021602472
0.01873993
0.24248299
-0.0025426701
-0.0014322865
0.027153386
0.0058796206
0.010046906
-0.11025978
-0.004521544
-0.07399814
0.32169557
0.014477322
-0.028584857
0.06833216
0.03490675
-0.121061355
-0.1397111
-0.14039338
-0.042886663
-0.066558145
-0.02579561
0.07089165
0.13175596
0.08078043
2.3160627e-08
-7.9438685e-08
-6.6831475e-08
-4.603573e-08
1.7981836e-07
-1.2769724e-08
-1.0619427e-07
-2.7587223e-08
-1.7045243e-08
0.093136385
0.030771233
-0.046507373
0.16627415
-0.009954255
-0.15093556
0.05436614
-0.037553705
-0.10922132
-0.062661
-0.036087446
-0.083109565
-0.034822337
-0.032264624
-0.049035188
-0.06549824
-0.052131448
-0.07323966
0.09329746
0.0112674525
-0.036093492
0.20089032
-0.09014705
-0.06839062
0.092776954
0.0009789814
-0.024374899
-0.01615662
-0.0248726
-0.025241157
0.11892975
0.1770234
0.12841132
-0.01529476
0.03056821
-0.015738882
0.010251581
-0.042785846
-0.061267406
0.22032776
-0.11756385
-0.10063659
0.11013813
0.02119597
-0.056057137
-0.058577057
-0.01860997
-0.04522472
-0.10636329
-0.025646662
-0.09433292
-0.08478385
-0.024856875
-0.07875266
0.0024598376
-0.018661411
-0.0057128374
-0.021288157
0.3436184
0.0015848151
0.006091008
0.015306628
0.02090637
0.023513144
-0.017951742
0.00800625
0.044479493
0.24348238
0.040470824
0.010195241
0.032008383
0.026655786
0.021487065
-0.07075999
0.05995872
0.1537551
-0.33443362
0.13129507
0.03059641
-0.038124736
0.032212496
0.052139662
0.08391214
0.056286655
-0.01526807
0.20819154
0.020710353
0.017437283
-0.0659338
0.017811794
0.0213682
0.0070849825
0.03480299
0.040334668
0.22353882
0.043431498
0.02483263
0.067321226
0.040447902
0.01006845
0.02898147
0.03246654
0.030355973
0.24939704
0.044258516
0.010396789
0.06052259
0.030339783
0.01903212
0.03804135
0.07087942
-0.010054832
0.23390853
-0.029544724
0.0118316
0.105509736
0.031711977
-0.034441866
0.017912626
0.02662575
-0.01491694
0.23330374
-0.0816394
0.009675975
-0.010442516
-0.008670682
0.0039568124
0.005535373
-0.030098394
0.08337551
0.0033219182
-0.2991309
0.01206141
-0.027022919
-0.10030554
0.024010977
-0.029966883
-0.014674161
0.32967994
-0.10807206
-0.08195733
0.056605905
-0.03141996
-0.0201764
-0.0070399526
-0.037922718
0.0019303616
-0.08887662
0.13955888
0.23015292
0.0011756255
-0.070113726
-0.057968017
0.040426195
0.15161973
0.036645167
0.07184613
-0.3072483
0.012432641
-0.01627405
-0.09418972
-0.018229203
0.039385986
0.022147585
0.03549383
0.12354276
-0.10331987
0.047651127
0.065117545
0.15880875
0.06862006
-0.0037925811
-0.035646994
-0.005752623
-0.0068679624
0.27695233
0.005833905
-0.00791056
0.052515153
0.00649629
-0.030980306
-0.084257975
-0.026778627
-0.0609557
0.48945224
-0.053501792
-0.02690382
-0.012578337
-0.031289175
0.041475452
0.0034545483
0.05755503
0.019244889
0.23491524
0.019545807
0.019566562
0.030582594
0.039976228
-0.10173377
-0.06902378
-0.08312174
-0.050517444
-0.04133114
-0.08175839
-0.06693658
-0.07629431
-0.08686389
0.026861997
-0.0772698
-0.0073677157
0.024005687
0.3481244
-0.21371327
0.001816759
-0.087328196
-0.045581665
-0.03825715
-0.0076905675
-0.03751102
-0.039391305
-0.14764173
-0.06275082
-0.04156601
-0.12133815
-0.043362588
-0.03175407
0.020937415
0.05764351
-0.072357096
-0.15185541
0.234598
-0.014770169
0.049725544
0.09530074
0.02628496
0.00355237
0.027626678
0.012416462
0.24585468
0.025802102
0.008959986
0.039659068
3.2264496e-05
-0.013559012
0.01679626
-0.0070857937
-0.09602857
0.35821056
-0.11933062
0.00050891103
-0.0868203
-0.0001301208
0.06920179
0.15088235
0.04898152
0.08970958
-0.09133265
0.056210972
0.05711305
-0.05016152
0.014124738
-0.03281234
-0.1413524
-0.0014624958
-0.07962324
0.41009182
-0.024569042
0.0051647513
0.10995444
0.048602067
-0.0038494444
-0.17069024
-0.0021518674
-0.16082531
0.6518779
-0.14602411
-0.015693901
-0.12849008
-0.006611905
0.013847805
-0.12376627
-0.0024748268
-0.06927006
0.41210207
-0.045948006
0.003459323
0.0484979
0.013950944
-0.085639805
0.024772214
-0.045929886
-0.076797806
0.02039162
0.017453685
-0.21196696
-0.0746424
-0.046565607
0.044741523
0.15565664
0.06917304
0.0069033178
0.11587741
-0.0022033306
0.02787836
-0.04402465
0.027456673
1.272738e-08
4.7006466e-08
1.7696978e-08
-3.3949323e-08
-2.565356e-09
1.4028276e-08
2.5967116e-08
1.649833e-09
-5.1102724e-08
0.032010287
-0.0761628
0.026907008
0.01504365
0.26354605
0.041580174
-0.048148654
0.012734195
-0.0044196458
-0.023133175
-0.18261932
-0.033111915
0.042873483
-0.1964496
0.028622847
0.12563111
0.1548165
0.12431925
0.024987599
0.02256677
-0.047709234
0.20738818
0.030239187
-0.2137095
0.042591803
-0.012468504
-0.07181138
-0.04638523
-0.0546972
-0.050276604
-0.07225766
-0.044693634
-0.079946905
-0.039555553
-0.0728349
-0.04979763
-0.017448433
-0.15036334
-0.024529845
-0.04461552
-0.07303236
-0.03600724
-0.031058092
-0.112049975
-0.039597392
0.11182417
0.049166672
0.087649494
0.023685526
-0.03556001
0.018348891
0.09517113
0.054653723
0.09125248
0.018084323
0.28932866
0.029769717
-0.012775453
-0.07859484
-0.035006594
-0.0031313275
-0.07124662
0.0010144108
-0.008179885
0.17625313
-0.010952293
0.021415595
0.15489724
0.029647233
0.004111965
0.21066426
0.024930323
0.033403803
0.035796758
0.046916436
0.009009424
0.21162124
0.0074743386
0.009483791
-0.006351182
0.01683185
-0.039310582
-0.047301818
-0.0604997
-0.06913703
-0.075033106
-0.054876763
-0.040925443
-0.033895656
-0.059677854
-0.0485695
-0.027899332
0.0029802413
-0.08414146
-0.1385464
0.2819434
-0.041384097
-0.053868886
-0.015665835
0.013814394
-0.13982065
0.015839873
0.04239173
-0.28490078
0.030413177
0.079922885
0.20214026
0.09136364
0.07305263
0.14695957
0.08376078
0.010815013
-0.21062985
-0.0015397187
-0.033765756
-0.1447548
-0.013240853
0.055401664
0.042219352
0.061146002
0.035441287
0.22652502
0.027871713
0.04325153
0.056577228
0.03829982
-0.029101307
-0.032718454
0.09846845
-0.054115906
-0.08928477
0.1524913
0.052310225
0.12175481
0.05633993
0.032180373
0.07771827
0.055587176
-0.005194676
0.17508653
0.012040273
0.03678756
0.14934604
0.051270746
0.008754705
0.0010789189
0.009423395
0.02627294
0.2836076
0.04475841
0.014582208
0.042723
0.005064214
-0.03170662
-0.0028095623
-0.050447226
0.006048357
-0.14375418
-0.0024230022
-0.06622814
-0.08352513
-0.05657546
-0.06978808
-0.115294375
-0.057101183
-0.12720722
-0.044658408
-0.12254164
-0.03519187
-0.117535844
-0.071660094
-0.022336943
-0.23386528
-0.037926096
-0.108410284
0.21201113
0.0030154034
-0.031112405
0.09077978
0.037024084
2.0730067e-07
6.345143e-07
6.4252606e-07
2.5976014e-08
3.4880009e-07
5.6483845e-08
-1.3699753e-07
6.6944543e-09
-2.9822566e-08
0.07930615
-0.021847649
-0.0444112
0.15087447
-0.11353991
-0.06408893
0.0448072
0.13271266
0.06442592
0.0038737608
-0.016337857
0.005861274
-0.010347618
0.33233514
-0.0023859292
0.018197194
0.017916223
0.005043604
-0.042174723
-0.07822645
-0.07620082
-0.06938251
-0.053163003
-0.060091734
-0.079225056
-0.032338
-0.0566789
0.002452019
-0.11038878
-0.0014602059
-0.03735977
-0.18099636
-0.030707654
-0.011309301
-0.09444843
-0.032759693
-0.014627564
-0.010858631
-0.010163493
0.010400479
-0.33055323
-0.011325014
0.0022034426
-0.025137162
0.00076977065
-0.04687995
0.14775224
0.056302037
-0.16792813
0.11021536
0.17990327
-0.06705112
-0.13959822
-0.0015172827
0.014056693
0.037654087
0.0070782467
0.1604238
-0.1357316
0.22593524
0.03897901
0.0020738696
0.065353125
-0.00083081966
-0.07920435
-0.0049132383
-0.07944492
0.4820337
-0.06977284
-0.010464141
-0.05341815
-0.023039816
0.03631237
0.26168707
0.023975082
0.03393222
0.030407412
0.043928318
-0.04381814
-0.26735842
-0.08436307
-0.07121749
-0.013303365
-0.064711735
-0.061424494
-0.048881263
-0.057773508
-0.07212881
-0.04605914
-0.06509515
0.028156232
0.0044541857
0.02818335
0.0099844
0.2434948
0.020163259
0.0063195745
0.07338742
0.009118081
0.06317769
0.10920015
0.07675648
-0.044717684
-0.21432887
0.09092214
-0.05851005
-0.091186695
0.02290263
0.0368606
-0.015487719
0.016592667
0.15459102
0.12609977
0.18747795
0.05652889
-0.009226556
0.037510727
0.04825572
0.28782988
0.042079862
-0.038899932
-0.057920076
-0.042691868
0.03689937
-0.09605081
0.04596308
-0.046764873
-0.06190617
-0.04484907
-0.078289844
-0.100843735
-0.08998086
-0.04294784
-0.059109606
-0.053931426
-0.0147160655
-0.037431337
-0.0047632824
-0.065001234
0.37042418
-0.04472031
-0.034527007
-0.12833083
-0.033949748
0.03182219
0.013854116
0.038511753
0.045625865
0.18794253
0.04204987
0.012387346
0.06899272
0.015465745
0.009131739
0.035231065
0.017340677
0.095444195
0.19503433
0.11459335
0.04256482
-0.0014251937
0.042856876
-0.031603653
-0.028397959
-0.028581979
-0.05734407
-0.07370839
-0.07425701
-0.07469388
-0.06402726
-0.07670753
-0.0034496374
0.0029671001
0.062708646
0.028394582
0.28554726
-0.010962371
0.0682696
0.048821952
-0.004638967
0.013189618
-0.040724523
0.003411436
-0.007188605
0.21151553
-0.03588494
0.06327781
0.14442754
0.045043726
0.042170603
0.00026067047
0.00507878
0.01017906
0.27600166
0.054137025
-0.023813665
0.05272175
0.039962515
-0.07194289
-0.0071040234
0.07562851
-0.13184823
-0.091235906
0.18771344
-0.04041509
0.010360665
0.048898656
-0.026332887
-0.04514494
-0.036087986
-0.07470919
0.36625534
-0.06957762
-0.03751299
-0.11557331
-0.028605375
0.036516413
0.00066131406
0.029553529
0.18526186
0.062950276
0.19189674
0.057710063
0.0010090467
0.05358864
-0.07726174
-0.21465583
-0.064825475
-0.051363166
0.28099817
-0.09000835
-0.02750419
0.09108611
-0.021018526
0.09818549
-0.07632045
-0.06403944
0.21456237
0.018240858
-0.06383163
0.16131225
-0.08014536
-0.02370158
-0.03187735
-0.04926269
-0.026717026
-0.023554051
0.36761767
-0.0108947875
-0.0059006745
0.009474761
-0.0029024528
-4.4250456e-08
-1.1925084e-08
-1.7287809e-08
3.8841602e-08
-2.2085747e-08
3.6213223e-08
3.7813003e-08
1.2667536e-08
1.1078702e-08
-0.01085803
-0.037892815
0.011645812
0.07187423
0.240752
0.0118125575
0.1143329
0.016891362
-0.011481211
0.021628331
0.23445152
0.012332266
0.009687694
0.076291576
0.030538047
0.052716758
0.06648232
0.0313787
0.008837961
-0.08241852
0.021459779
-0.07091938
0.15136625
-0.07593033
-0.0495549
0.22926846
-0.054661117
0.04195788
-0.044731196
0.05828812
0.031478226
0.29366526
0.046108205
0.010575382
0.00869981
-0.0018252234
-0.024038592
0.021564968
-0.009259407
0.03183306
0.1660378
0.02853031
0.016944963
0.09794058
0.022118803
0.015441928
-0.07041732
0.017985212
-0.0049602035
-0.092241
-0.033417325
0.17563578
0.054417368
0.20652932
-0.03294501
0.017207995
0.075497776
-0.06434989
-0.1871394
0.21027939
-0.053673584
0.012335589
0.07747718
-0.09923055
-0.016827267
0.14536129
-0.066504106
-0.031773344
0.22352368
-0.014451544
-0.010955872
-0.035821386
0.020651562
0.022769254
-0.14891592
-0.067739
0.14507376
0.18572582
0.01837511
-0.033261985
0.06829762
0.037155654
-0.07405584
-0.053919267
0.21134083
0.15271136
-0.20905463
0.047572915
-0.057690483
-0.11046142
-0.010530631
0.06167149
-0.0046478743
0.019453865
0.016014356
0.007293687
-0.06385006
-0.23595743
-0.09407933
-0.0098736435
0.05497576
-0.009194623
-0.022443578
0.1457868
0.033529397
0.01760526
0.12207748
0.008812543
-0.042045567
-0.10830223
-0.04212422
-0.033823162
-0.07630327
-0.027793922
-0.0535205
-0.13847424
-0.076303326
-0.01175595
-0.050848506
-0.037749033
-0.073039025
-0.25163862
-0.063223526
-0.01647153
-0.05524248
-0.00902001
-3.9114376e-08
-1.607351e-08
-3.50764e-08
-2.8300604e-09
-6.1666148e-09
-4.0595025e-09
-4.1448782e-08
-9.424384e-09
4.7339945e-08
-0.04517668
-0.08202651
-0.03829344
-0.031973552
-0.052400954
-0.035265088
-0.062648736
-0.025999494
-0.071648695
0.009370775
0.041379284
-0.010697491
-0.04514773
0.24804218
-0.09022254
0.0070051067
0.039314535
0.0042580287
2.4282945e-08
-3.512254e-08
1.13739e-10
1.4556908e-08
2.2043865e-08
5.4797815e-09
-2.8021208e-08
4.1693117e-08
3.3141802e-08
-3.464762e-08
-3.0218736e-08
2.24718e-08
3.4344478e-09
-4.301222e-08
1.2230049e-08
-3.953468e-08
-2.718524e-08
-4.0629693e-08
0.0135679385
0.03777245
0.020774614
0.0028917969
0.0098483125
0.007829912
-0.08171395
-0.2774146
-0.08923684
0.011132776
-0.0028121553
-0.014013917
0.045409042
0.1676
-0.027881088
0.06847001
0.08744306
0.038125522
-0.019699918
-0.13980621
-0.014469649
-0.122580625
0.55602205
-0.11919097
-0.017074611
-0.10983099
-0.011327871
0.018527491
-0.0055707768
-0.002615008
0.05361329
0.2811852
0.08999306
0.0072913207
0.0043608644
0.076908916
-0.0014196389
-0.0013734434
0.03011636
0.06664665
0.28126532
0.0773825
0.08065444
0.010483278
-0.0055426667
-0.14393434
0.11564915
0.030671634
0.14933066
0.12093489
-0.041239697
0.08128922
-0.007370263
-0.01375849
0.011110756
0.016422397
0.045293834
0.04693076
0.16440098
0.036260158
0.011885772
0.08108916
0.04124127
-0.046031818
0.08871944
0.023941528
0.03818292
0.18119754
0.02685386
0.024825122
-0.03657041
0.04477973
0.015770653
-0.014339037
0.0031651303
0.011966127
0.24502312
0.042013045
0.021420361
0.016369304
0.017844873
-0.022167202
0.053936865
0.065313384
-0.12406907
0.13760844
0.15642175
-0.09927987
-0.09896229
-0.019811686
-0.011466723
-0.08850602
-0.07397022
0.2579869
0.07568368
-0.18203019
0.14432055
0.010176328
-0.0217234
0.03655962
0.08166986
0.029132407
0.03342752
-0.4416864
0.028115831
0.01501331
-0.043183587
0.011982914
-0.00085273385
-0.037274014
0.0020804687
0.0022427605
0.30834827
0.013338585
0.016251212
-0.0195843
0.019652387
-0.04890949
-0.014562527
-0.05733316
-0.06449306
-0.17246719
-0.07862397
-0.011743718
-0.032267775
-0.032911316
-0.010096615
0.2793418
-0.012476399
0.023934217
0.0034290524
0.0013443169
-0.0046748314
0.019235896
0.013558012
-0.0016068248
-0.161138
0.0022697803
-0.14266595
0.4069306
-0.13950568
-0.0065748156
-0.14752601
-0.009202921
-0.095091246
0.004891879
-0.08637416
-0.07396565
-0.048537333
-0.09790575
-0.08407094
-0.030414611
-0.078787506
-0.060356714
-0.062236764
-0.06339168
-0.041522678
-0.0540143
-0.029698363
-0.07182184
-0.06659533
-0.0880888
0.027667178
-0.07378895
0.01787304
0.079832114
0.17551765
0.079605274
0.030080788
0.02902444
0.0319715
-0.006928124
-0.05431718
-0.0151468
-0.01574579
0.29009876
0.013558349
0.034350973
0.06646727
0.02781291
0.023875905
0.024837505
0.045671914
0.04075851
0.1919271
0.06350597
0.02063859
0.08286909
0.025621649
6.400921e-08
1.0939495e-08
-1.1594482e-10
-2.8010803e-09
-5.5526783e-08
5.987145e-08
-3.0897464e-08
-8.61904e-08
3.970836e-08
-0.022431023
-0.13523385
-0.041497756
0.01167292
-0.15434536
-0.011599611
-0.038368944
-0.11560863
-0.031038428
0.009048745
0.2357224
0.018176584
0.037186738
-0.004310477
0.058476496
0.031343773
-0.026464317
0.029561423
-0.079961285
-0.0657071
0.03508418
-0.05695734
-0.13544478
-0.06631689
0.04772259
-0.05914175
-0.113681026
0.03510224
-0.03843676
0.024777388
-0.060945492
0.13877659
0.13308913
0.057131696
0.12940477
-0.16795583
0.013279987
-0.11116416
0.015226494
-0.0060568135
0.36904237
0.0005037767
0.0021048344
-0.08915034
0.018569188
0.09212961
-0.028300736
0.006649475
-0.0038767597
0.19482216
0.025203366
0.07029548
-0.00041555794
0.03641673
0.17175302
0.20404473
0.19245988
-0.012453103
-0.075179845
-0.08660854
-0.07081734
-0.03841218
-0.054141067
-0.08677207
-0.020855382
-0.08332607
-0.033186357
0.080393076
-0.022839852
-0.08992482
-0.023800844
-0.094350755
-0.028021004
-0.038031105
-0.027357189
-0.03268663
0.41820598
-0.031817652
-0.009285874
0.03661303
-0.013642661
0.08894875
-0.030316113
-0.019791368
0.125908
-0.26842895
-0.09636852
0.06745357
0.04585055
0.035123907
-0.05021332
0.21765842
0.12196764
-0.112060554
-0.055180356
0.10261389
-0.095301956
-0.12909803
0.023107687
0.069837
-0.0029672033
-0.06622359
0.29149476
0.039582916
-0.26006743
0.024928715
-0.012279792
-0.025385812
0.10180902
0.20171341
0.120082416
-0.050304215
-0.011804152
-0.04192546
0.009505853
0.0077254567
0.025023043
0.02816004
0.030187083
-0.05968912
0.056301292
0.18386632
0.040481903
-0.023800446
0.10998289
0.022363573
0.013474429
-0.13692524
0.0060198633
-0.115035
0.43138683
-0.102230385
-0.0055325963
-0.052397456
-0.017975574
0.0012212069
-0.0023385284
-0.006422613
0.0072439895
0.31163657
0.032765884
0.0045433836
0.02727647
0.015134719
-0.0011185856
-0.12016611
-0.008756911
-0.06661427
0.4187369
-0.112978995
-0.013262771
-0.11974966
-0.037822563
-0.007215695
-0.03245147
0.0021657476
-0.055314798
0.3738857
-0.051839177
0.014458943
-0.03990865
0.005736671
-0.00016438811
-0.00034042343
-0.00027612768
-0.000101043544
-0.000458992
-0.000364145
-0.00022933555
-0.000117068696
-0.000276284
0.105943434
0.10907379
0.021039173
0.17087576
-0.15922916
-0.06990822
0.059553947
-0.0846657
-0.08226257
-1.5117743e-09
-8.7011834e-08
-3.1466133e-08
-5.2070153e-08
-4.5494154e-08
-4.1898726e-08
-1.8262842e-08
-1.0466285e-08
-7.43925e-08
0.068978004
0.045905206
0.013117153
0.198638
-0.19504412
-0.0914137
0.07374838
0.050112482
0.025479889
-0.20032966
-0.030630443
-0.02387524
-0.18329407
0.072403096
0.06334038
-0.06472388
0.035172336
-0.0062809475
-0.009703814
0.05584207
0.009107169
-0.11887952
-0.30074283
-0.14569609
-0.010485813
0.0062578456
0.006303428
-0.02480498
-0.04143694
-0.02513308
-0.07634111
-0.08066436
-0.09205029
-0.0031750535
-0.07300026
-0.011767504
3.6135352e-05
-5.0842016e-05
0.00014621914
1.9136096e-05
9.0020534e-05
0.00047326545
-0.00014566937
0.0006525596
6.514744e-05
0.030052995
-0.02128703
-0.07884793
-0.014884156
-0.04633475
0.12036489
-0.060845308
0.08351197
0.14639676
0.03615218
0.1315057
0.016237272
0.038826663
-0.451004
0.061696533
0.020919878
0.02453787
0.014573006
0.013142099
-0.069480784
0.0042134235
0.028312389
-0.17845155
0.012875252
0.03919676
0.2539745
0.05711574
0.14032644
0.08954962
0.08482131
0.06240387
-0.094544224
-0.004280947
0.078005195
-0.014645275
-0.00095848955
-0.095826894
-0.05856811
-0.09402192
-0.040065695
-0.018133398
0.0042604567
-0.0821726
0.0031235882
-0.082554296
0.020135647
0.07233405
0.0038705948
-0.0016010869
0.28672272
-0.016019784
-0.056511577
-0.08247265
-0.049269892
-0.03550341
-0.013263122
0.12233871
-0.102006726
0.031700246
0.24607085
-0.03581403
0.02103936
0.05834491
0.03311198
0.28700486
0.051571634
0.03913735
-0.18183258
0.053496744
-0.018554399
-0.08645652
0.011602248
-0.0115651125
0.008468651
-0.0014525466
-0.08205602
-0.11140897
0.27546462
-0.00469767
-0.007361683
0.02058234
-0.05306434
-0.026317557
-0.032462545
-0.13255142
-0.10634355
-0.1325458
-0.060704295
-0.029291483
-0.061323788
0.06307907
0.014557325
0.042792354
0.004006904
0.22277965
0.026024334
0.030850645
0.04139527
0.033006877
0.0496316
0.017329141
0.031573262
0.15964857
0.07834453
0.13606246
0.06477909
0.014509005
0.030259086
0.034041543
0.044794958
0.02062677
0.017912855
0.1634897
0.046101376
0.056236804
0.013580589
0.061207138
-0.015561078
0.05411138
-0.003289827
0.07070254
0.21471375
0.090874374
0.012947426
0.089219354
0.02669205
-0.064036615
0.00741563
0.079671524
-0.093970634
0.0026397135
0.094222054
-0.27381015
0.0122108245
0.013281455
0.023191677
0.008244984
0.032954365
0.0002567695
0.25869256
0.00914569
0.0056088474
0.0004353782
0.025078805
0.0059787226
0.011132763
0.15180682
-0.10293969
-0.13462745
0.18374477
0.010951801
-0.022186859
0.135965
0.044664856
0.032182284
0.0023873155
0.0016137674
0.28498393
-0.01886047
0.01924449
0.071055815
0.06707336
-0.03589839
0.08128591
-0.04850134
-0.15285829
0.31934345
-0.12424698
0.03292825
-0.07475153
0.026058342
-0.0049301204
0.027011028
-0.009023993
-0.0019008369
0.25396413
0.016516693
-0.0021592318
0.017165562
0.0022624056
0.01298002
-0.013124814
0.011137681
0.26206982
-0.010665186
-0.013332512
-0.009736363
-0.039447684
0.022224354
0.027436366
-0.025853075
0.045211207
0.20104131
0.120292716
0.18160255
0.03325386
-0.019131796
0.05715394
-0.026722942
-0.06108357
0.13221443
-0.059744664
-0.039364744
0.23723717
0.03722653
-0.030588679
0.004306861
0.0012367663
-0.0472907
0.0013548196
-0.01064878
0.31934002
-0.0075502265
-0.014474482
0.037630487
0.013461611
