0.34744415
0.3031481
0.2862822
0.29059103
0.30176398
0.30201435
0.25051287
0.23364468
0.28645337
0.35783926
0.30573428
2.3981274e-06
0.2645696
0.180064
0.30669096
0.25101563
0.2830554
0.26808393
0.33343333
0.23724566
0.1857913
0.18262126
0.1784719
0.4155082
0.33909887
0.21212474
0.1640182
-1.8292848e-09
0.3258825
0.24563247
0.1680553
0.11562993
1.8633484e-07
0.25828585
0.19135447
0.42889282
0.25801945
1.4021493e-06
0.33895096
0.1654049
0.35623124
0.14870246
0.2877467
0.23065214
0.20553747
0.16141064
0.3631739
0.24597536
0.27158332
2.3872715e-06
0.250178
0.17319481
0.1577204
0.30566838
0.20580173
0.32806447
0.25930384
2.2970478e-06
0.11983827
1.9318488e-06
0.23049065
2.2969568e-06
0.28901294
0.25237218
0.31223246
0.21870367
0.29148322
0.33686692
0.29861364
0.30342004
0.28189057
2.9280923e-06
0.38782963
0.39104342
0.22518133
0.18508208
0.358181
0.244173
0.32478172
0.22370748
6.022269e-09
0.23307568
0.2691983
0.24839768
2.8401155e-06
0.33622026
0.21389034
0.29930162
0.2810977
0.2844866
0.150303
0.3171605
0.15395126
0.13733834
0.3191302
0.23196314
0.23915689
0.35161147
0.21126303
0.24268554
0.25596234
0.3046132
0.36689854
0.2924753
0.34365356
0.28942978
0.35128355
0.3215921
0.20988607
0.21053113
0.18012033
1.2348954e-06
0.13477099
0.27689332
0.17854878
0.31111085
0.3236081
0.24918583
0.22781773
0.2383755
0.27689368
0.30934536
0.35819677
0.33867761
0.3699447
0.24026366
2.0031134e-06
0.33174723
0.3861522
0.25049898
0.19411948
0.19127768
0.33025983
0.22686242
0.2348669
0.31311667
0.26277977
0.2518562
0.18633576
0.23088978
0.3487363
0.13418451
6.2142556e-07
0.22080658
0.38058746
0.2966287
0.1975699
0.31818315
0.18450697
0.33358487
0.12192248
0.2884233
0.35347304
0.39135438
0.19270618
0.2656091
0.20538563
0.37771353
0.22419488
0.3557473
0.24215838
0.20980556
0.2281378
0.28172502
0.32180032
0.18990454
0.16162206
0.23208633
2.2158208e-06
0.22499786
0.15252934
0.19956301
0.37742782
0.20514888
0.30082917
0.272036
0.22049423
0.23985796
0.35312885
9.2591137e-07
5.4287437e-08
0.32557708
0.33487445
0.3143449
0.36879936
0.16342556
0.3950604
0.2981718
0.20688592
8.784521e-09
0.31688687
0.31238902
0.15900956
0.28337094
0.262934
0.38489005
1.326772e-08
0.23844604
0.20373379
0.2883435
0.26480702
0.20266996
0.2884113
0.33375254
0.26318967
0.31456178
0.22302477
0.30445227
0.285874
0.20906356
0.24301101
0.15921237
0.2782095
0.20041999
0.29423687
0.34504312
0.29145852
0.25574732
0.17569865
0.19749992
0.35959995
0.29054335
0.26427713
0.37489542
0.23244342
0.19849497
0.30030137
0.27018324
0.22102924
0.24054207
0.35449684
0.36508015
0.28230405
0.40944812
0.18079792
0.18649837
0.1993317
0.23682515
0.27281556
0.20771176
0.12349472
0.31215188
4.190743e-09
0.22444141
0.29853037
0.343339
0.31187811
0.16562429
0.2872498
0.19803357
0.2944103
0.28521892
0.26137024
0.2567491
0.24514957
0.3075961
