0.0053738034
-0.03311039
0.0232764
-0.020507034
6e-45
0.0054658693
0.0019749552
-0.0153945815
0.018782241
0.015480497
0.015502106
-0.06282213
6e-45
0.007551937
0.02022749
0.014089952
-0.054426268
0.021406448
-0.023698967
0.011877153
0.008845717
0.02396752
0.0252365
0.018799584
-0.05556091
0.020834444
0.03289207
6e-45
0.03457292
-0.012717659
0.020574298
0.019151244
0.052701715
0.033988267
-6e-45
-0.027438477
0.015959099
-0.040053163
0.010046876
-0.024061717
0.009185176
-1.0977302e-18
0.02563413
0.014218702
-0.003788064
0.0137966825
0.006276232
-0.022191172
0.018982738
0.01309643
0.011161451
0.024992086
-0.010272502
0.008559862
0.012413489
0.021078276
0.01717986
0.024760457
-0.038047012
-0.023428004
0.015253323
-0.0984996
0.014614715
0.004005888
-6e-45
6e-45
-0.002692375
-0.13814616
0.02092855
0.013872287
-4.0116355e-19
-0.071954906
-0.04550847
0.009207097
-0.030008785
0.0021134685
0.006389239
0.048620943
6e-45
3.649507e-18
-0.002551254
0.0032306276
0.006685598
0.008396701
0.014273194
0.006655381
0.022280756
-0.0302832
0.017052645
0.013666996
0.011665142
0.017109156
0.0073057897
0.024599917
0.0014256652
0.003384219
-6e-45
0.00797586
0.0019342907
-0.06211179
0.010629676
6e-45
-0.025633076
-0.046328668
-0.04632862
0.0058290134
0.006250822
0.021483794
6e-45
0.06330808
0.007754054
0.026327465
-0.03287365
-0.0013032819
0.020413449
6e-45
-0.026268024
0.017709345
-6e-45
0.02351462
0.0070765866
0.009409442
0.012872445
0.020889245
0.008474651
0.02549853
0.0127309775
6e-45
0.00454556
0.024570886
0.0060733487
-0.018583827
6e-45
0.012441406
0.023262436
0.010228515
0.027936982
0.007931708
-0.021403218
0.0011814139
-0.0050589535
0.0035910143
-0.046387788
-0.07896465
-0.10136809
-0.023385681
-0.032948896
0.045415193
-0.033496626
0.008296223
-6e-45
-0.015439569
0.017831426
0.02108094
-0.040265396
-0.019027503
0.02403197
-0.04001902
0.007970751
-0.014678976
0.008917249
0.0116673615
0.006647218
-0.033768233
0.03498662
0.010390278
-0.022913864
0.02099487
-6e-45
-0.060077854
-0.0367834
0.005005416
-0.062482573
0.009473996
0.019048812
-0.0813471
-0.060639616
0.016650988
0.011647079
0.026753664
0.0046931906
-0.011068594
0.015447708
0.009030266
-0.0051545613
-0.025384435
3.5205999e-06
0.013070592
0.024294553
0.020423155
-0.032356545
0.005948278
0.03223425
0.024222218
0.0008843955
0.023924077
0.0008564939
-0.019735519
-0.1027674
0.005607388
0.012773128
0.016756259
-6e-45
-0.0147148585
0.024010526
0.013178319
0.012715051
-0.02372596
0.03096758
0.01756585
-0.08405067
0.0075908457
0.009598003
-0.03193082
-0.051412612
0.01652399
0.007885049
-0.048784893
0.012734819
0.0041368115
-0.11603991
0.008720708
0.007104561
-0.018889867
-0.011086451
0.024099203
-0.0653253
-0.0031580182
-0.08444756
-0.0109925335
0.0060527152
0.01039445
-0.041888278
1.3888238e-17
0.010367855
0.012794737
0.030145638
-0.035740092
0.01103732
0.029155657
0.005754487
0.0060093445
0.012133139
0.029756324
-0.044288427
-0.019290505
0.011335823
0.012056546
-0.04174415
0.0133322915
-0.020787647
0.0068637007
-0.03238951
0.022664297
0.007842251
0.031128272
-0.012983089
-0.016011937
-0.018117333
-0.049942855
0.0026050431
-0.063087344
0.0073758466
0.021081341
0.023138981
0.017348148
-0.03510846
0.008561129
0.010183719
0.0039898995
0.012952877
-0.05111174
0.025349883
0.0051128566
0.026660133
0.012339513
-0.030209837
-0.0092786765
-0.017834421
0.015245598
0.018886257
0.010587126
0.0016314442
0.013987787
0.018032448
0.003004313
0.022008345
6e-45
0.024040729
-6e-45
0.022701379
0.014481921
-0.030231059
0.031379905
0.05241962
0.010484709
0.017032735
6e-45
0.015302567
-0.087528214
-0.016211547
-0.028161805
-0.0063965437
0.029389057
0.0138149625
6e-45
0.0055263513
0.017820556
-0.067020245
0.0066964333
-0.015941417
-0.025402894
-0.049412455
0.018016348
-0.03282108
-0.047627263
-0.11987817
0.009598997
-0.018428098
0.012640322
0.006642496
-0.07627445
0.0016731152
0.01618816
-0.07306392
0.017497344
0.0062739947
6e-45
0.022166848
0.015427793
0.058454476
0.0075552273
0.01041413
-0.015017704
0.019452427
0.020484209
0.026930451
6e-45
-0.027232552
0.006096846
0.03544312
0.031104822
-0.031577453
6e-45
0.05865866
0.021437556
0.01963347
-0.06991073
0.03448976
-0.031905618
0.005520607
-0.00048565233
0.007775648
0.0063843965
0.01888041
6e-45
0.0202175
0.0033987053
-0.014056953
0.011448484
-0.0050724833
0.019968573
0.022198105
0.02653541
0.012314866
0.005538349
-0.021545837
0.006934331
-0.06461446
0.009073164
-0.02413522
0.04601923
0.02311193
0.025060195
0.007984027
-0.022811767
6e-45
0.005614793
-0.032216072
0.039195713
0.011240162
-0.063799016
0.01969259
-0.009151422
0.005981359
0.0058914404
-0.020578474
0.015478868
0.000720402
-0.06134628
0.025667729
0.016895398
0.00058171677
-0.10012418
0.02371607
0.019859344
0.0077471114
-0.014306599
0.011023459
1.2296516e-17
0.017460803
-0.03812009
-0.013020565
0.0022199769
-0.092736475
0.0033196441
-0.006347242
0.0070246886
-0.046622474
0.0016835755
-0.09036618
6e-45
0.0060086315
0.0048712627
0.0026109735
-0.006234379
0.0062326426
0.015896294
-0.019213585
0.017835015
0.0032078377
0.04240365
-0.036769234
0.012269995
0.024744557
-6e-45
0.047013577
-0.026960708
-0.0043361685
-0.00849865
0.0053552543
-0.017446661
0.009561561
-0.060157366
0.026305167
-0.013996158
-0.020406164
0.044903528
0.0016413842
0.0038684227
-0.023750268
0.008186858
0.02238607
0.009526554
0.00049544265
0.02351085
-0.013720919
0.021180794
0.021781294
0.025399102
0.016329302
0.017767807
-0.026080023
-0.033303082
-0.017026395
-0.0022259215
0.013829488
-0.05057505
0.020369738
0.0071535315
0.0059082075
0.0032180953
0.01154981
0.016076382
-0.035872255
-0.01793614
0.014643012
0.027728487
0.008348861
0.022281775
-0.0022529264
-0.024866296
-0.01283611
0.016616475
-0.0581861
-0.012132659
0.022957
-0.019140195
0.035032097
0.022057235
0.025772694
-0.022586172
0.033988968
0.005522144
-0.029933343
0.0047411732
0.011966838
-0.021170396
0.007909926
0.011683287
6e-45
-0.0566305
-0.035376567
0.013456177
0.0121407565
-0.031140689
0.01099808
-0.012356584
-0.021847982
0.015722765
-0.031185474
-0.036932968
0.02961501
-0.014763752
0.025295215
0.013824771
0.007612953
0.02000062
-0.008313873
-0.114215
-0.01821395
0.02287602
