6.009323
7.850646
13.556127
5.648764
6.673293
3.160049
5.761858
7.200327
0.002679
9.349192
12.082808
11.337368
5.789962
6.439238
6.138349
5.693257
14.412905
5.139083
29.894745
8.005636
7.639046
6.848638
0.000079
7.732924
10.706713
6.708516
6.015718
12.556349
0.077960
11.080079
0.003053
0.000000
7.324972
10.903337
11.119493
6.151667
0.010224
9.396862
5.757108
4.421739
5.549043
10.054847
19.099621
27.882435
8.015384
7.431504
4.726553
8.760776
6.954964
12.837424
5.370210
7.867531
11.909292
14.946953
5.560771
14.819755
6.025568
10.765396
11.190820
6.590453
7.794124
6.127299
8.601577
8.222657
8.265272
5.956019
11.764027
12.261217
5.126110
9.942792
10.670655
10.474298
6.149762
9.739386
9.085718
0.000127
5.497787
5.146674
5.166240
10.473044
8.036262
9.695940
8.927114
10.653931
5.455891
13.509370
0.000031
5.883825
4.666252
5.791059
7.428609
5.164560
9.849807
12.300940
9.568796
5.872801
5.718340
6.269597
4.267090
17.538376
3.716884
5.772096
10.415750
5.210204
5.020002
6.983107
4.391414
9.890453
4.144758
6.607060
9.317416
4.884921
7.245429
9.613935
4.172973
6.314259
8.551432
10.498117
11.512368
8.540442
8.392516
0.001505
6.207891
7.783906
10.882376
5.366303
0.001782
23.546526
10.763418
10.262626
7.681935
7.657881
7.025500
8.073742
5.655478
6.727875
4.662664
6.467690
7.013926
14.426720
6.423538
7.136520
7.704655
3.293118
0.002172
4.623876
20.882006
5.639532
6.403826
4.132129
0.014771
6.095719
5.120032
0.001599
10.471575
5.618977
6.813406
11.068823
7.289142
7.919236
4.109103
4.529408
0.000021
6.679136
11.272546
4.826256
43.261723
7.479672
4.643850
10.822810
0.003170
9.727980
5.607619
5.570131
10.093744
6.717988
11.090805
9.799784
5.168877
8.773011
5.389956
6.474700
8.146139
5.365851
8.191164
6.986279
7.051255
7.815277
7.966353
5.028464
6.357358
5.016158
6.387272
5.108648
11.858224
5.597216
9.369493
5.106390
13.890574
6.899827
6.184543
6.603054
9.022345
0.182981
12.596538
8.637676
11.185891
5.146633
12.887456
3.570130
6.174998
6.110487
10.157401
5.959281
10.472857
8.582119
8.826227
0.001522
8.189652
0.002577
9.062556
11.014733
7.907683
5.642454
10.209064
6.304063
10.104848
5.872805
7.991399
4.721348
8.174690
0.001965
8.432658
6.174582
8.514544
11.831249
11.089019
8.249357
13.477865
4.103514
7.221983
7.406333
6.278952
10.217904
9.514487
0.000000
7.655062
8.055543
7.359064
14.153316
8.428474
5.438931
7.483854
5.452422
10.316793
8.373975
12.758434
-0.000066
10.050173
10.866000
11.659827
9.931481
7.780379
6.265757
7.228341
11.772881
5.651788
8.821110
9.209938
6.868200
9.146831
10.569527
4.584872
9.537752
8.091241
4.888015
6.399606
8.574879
6.197666
10.065412
5.921221
6.808865
13.156684
5.835864
7.308049
4.957833
8.565472
6.445189
6.452250
0.002278
4.114392
12.961132
10.982444
11.241263
7.482388
6.795997
10.861800
10.294996
6.239403
10.325008
5.685913
7.466388
9.004780
0.002793
31.663963
4.149851
4.866280
5.853779
7.066622
11.337687
10.320391
0.002955
0.003827
0.000037
6.571613
4.998589
6.712487
6.485616
10.530595
7.006723
9.540135
11.401332
8.667682
9.237515
7.254126
8.981807
6.935641
12.505820
8.528212
12.664737
6.217303
5.059657
17.707035
5.893629
4.771863
7.066975
7.479110
12.314575
5.778277
5.540978
8.787454
16.323072
9.124897
7.657130
13.891227
0.000822
7.863205
8.767744
5.760391
7.499420
6.507750
9.896440
6.986220
5.239922
16.723207
6.782953
9.140927
13.362441
11.088725
11.686566
7.949562
15.370481
6.318752
9.339539
10.744479
7.479856
6.852093
9.389775
6.473075
5.952072
4.635817
0.001838
11.861113
11.475000
6.827237
10.357796
4.822114
6.829019
5.794956
9.512654
11.281913
5.899709
4.697468
8.021135
5.343575
11.427120
0.000001
5.688276
9.583465
8.293962
0.000001
7.593480
3.789407
0.002395
8.649638
10.268778
6.442123
5.911245
9.188370
5.243891
8.481196
0.001975
8.542710
12.671041
5.013426
7.897507
8.519865
7.021589
5.881892
5.920386
6.461503
14.900590
10.337574
8.653235
5.732596
6.214072
10.036294
12.548752
6.610212
9.327499
5.691547
6.549389
8.118820
3.742563
6.187985
7.497962
11.121666
13.028963
8.991983
9.373391
16.942383
8.773272
5.694043
6.078717
16.904011
3.852015
13.436528
8.731386
6.865897
4.914905
7.400085
0.000116
6.136306
6.484978
3.579212
6.653462
10.911670
0.008087
7.540040
6.471797
9.026951
8.511017
8.824898
6.781083
7.922474
11.127193
8.247817
12.185118
5.008883
8.973702
12.727903
6.114657
4.706427
10.107104
9.103755
5.785760
7.523009
0.000002
5.946537
0.001442
4.966822
5.808846
6.240491
7.636228
3.610368
12.078713
10.710925
10.410427
4.478021
6.110404
10.440779
7.520254
7.063196
9.792816
30.683350
5.747046
4.226471
8.707798
12.111015
8.963070
8.730384
9.246841
7.995153
0.000051
9.518418
5.868627
8.313947
14.021489
7.511750
11.015924
7.292025
10.070884
7.915398
10.194243
5.555043
10.238484
6.598352
5.575963
0.002991
9.957391
8.732995
7.140752
