0.013209136
0.083611846
0.2953619
0.42823452
-0.018075835
-0.025056588
0.007078178
0.3186511
-0.048312787
0.2694115
0.07967458
0.47231773
0.013939172
0.018918425
0.7183455
0.50321996
-0.014302719
0.06214366
0.008385135
0.014799187
0.08299488
0.12358172
0.14469853
0.12753956
0.13361639
0.0055714753
0.034917075
0.7646397
0.30795854
-0.26816112
2.4275307e-08
0.041081402
0.6506411
0.003575626
0.07003999
0.028985573
-0.08746117
0.31722125
-0.15554075
0.25838235
-0.0034518503
0.28312773
0.029415041
0.66791266
0.010221247
-0.014411648
0.23280933
0.42153972
0.20520574
0.18512999
0.16743319
-0.002884353
0.006901139
0.14731328
0.07690222
0.26383826
0.3999382
0.104375854
0.45827103
0.121905565
0.17538546
-0.071159944
-1.2038866e-07
0.1140831
0.041651197
0.06931039
0.13791224
0.3113954
0.11167655
0.21034622
0.29827884
0.18550937
0.44922242
0.1357931
0.004061588
0.10135198
-1.07045196e-07
0.24514632
0.08465171
0.015830813
0.65094477
0.5490678
0.24434635
0.53159595
0.7485316
0.017561521
1.1497077e-07
0.03126794
0.07005299
0.3896773
-0.037570085
0.48940194
0.520641
0.29741862
0.020542985
-0.03089383
0.2655381
-0.05205833
0.49706048
0.16830643
0.03753764
0.43559653
0.25552365
0.085362606
-0.005105357
0.039426792
0.4691502
-6.705094e-09
0.18128863
-0.012301291
0.60781205
0.19030902
0.1808844
0.12058922
0.4709726
0.21119212
-4.7551065e-08
-0.008602623
0.10289511
0.23038098
0.009504686
0.21818157
0.42777836
0.4629968
0.50949895
0.39755476
0.06930207
0.13557583
