0.192274
0.030245
0.034609
0.464446
-0.218476
0.245796
0.003113
-0.047515
0.009950
0.291332
0.310558
-0.111934
0.079188
0.025229
0.106239
0.248575
0.073216
-0.177832
0.169088
0.251720
0.100189
-0.000000
-0.288069
0.144092
0.209240
0.196273
0.104741
0.180083
0.220244
-0.172615
0.333598
0.100136
-0.057357
-0.100014
0.342756
0.171139
0.158476
0.484343
0.070730
0.175193
0.115902
-0.038659
0.159416
-0.000000
0.000000
0.093430
-0.087267
-0.180466
0.302788
0.113674
0.119129
-0.016686
-0.000000
0.216565
0.102047
0.042353
-0.004411
0.253038
0.282532
0.134933
0.116788
-0.003862
0.110009
0.199313
0.156909
0.101421
0.050735
0.077024
-0.119965
0.211294
-0.125116
0.182272
0.238756
-0.145803
0.153222
0.157821
0.159820
0.209823
0.232857
0.118796
0.047528
0.012018
-0.023314
0.179459
0.290173
0.389566
0.393041
0.158160
-0.000001
0.363937
0.117684
0.162807
0.219710
-0.256966
-0.020227
0.271663
0.069951
-0.019488
0.190607
-0.122648
0.103354
0.052099
0.000000
0.146000
0.082637
0.376126
-0.114266
0.109764
0.017244
0.276815
-0.062114
0.000000
0.125679
0.000000
0.015108
0.137889
-0.029758
-0.000000
-0.000159
0.150234
-0.000000
0.061107
0.336515
0.113177
0.296888
0.113177
0.266671
0.208708
-0.194323
-0.036417
0.068461
0.031537
0.448616
0.275264
-0.126861
0.221042
0.172939
0.096422
0.029033
0.168446
0.077338
-0.000000
0.313633
0.105374
0.170285
0.110685
0.105546
-0.000000
0.128741
0.127963
0.210886
0.555753
-0.179411
-0.086715
0.199877
0.018194
0.089041
0.292873
-0.013597
0.353338
0.083730
0.497287
0.172773
0.016770
-0.176578
0.534874
-0.225172
0.135434
0.022645
0.150315
-0.052847
0.139738
0.148373
0.155277
0.110978
0.189243
0.000000
0.166608
0.158446
0.103423
0.159698
-0.091625
-0.013747
-0.146745
0.109550
0.231498
0.348779
-0.000000
0.163355
0.267333
0.108908
0.120941
0.078024
0.147272
0.238440
-0.082022
0.042221
0.260752
-0.004275
0.023621
-0.080665
0.148584
0.160679
0.190463
0.019140
-0.022827
0.204072
0.146923
0.052081
0.015521
-0.275606
-0.033451
0.220111
0.084228
0.044409
0.013439
0.039958
0.214472
0.292461
-0.149122
0.000000
0.382215
-0.000000
0.206045
0.026318
-0.016133
-0.112356
0.212536
0.262674
0.154028
0.195117
-0.104298
-0.000040
-0.000001
0.130777
0.252765
-0.018684
0.177570
0.028679
0.355727
0.225879
0.017928
-0.009021
0.218730
0.158163
0.173091
0.405347
0.095027
0.286629
-0.098971
-0.000000
0.170919
0.103211
0.268025
0.271787
-0.000000
-0.000000
0.061577
0.275357
0.258685
0.405708
-0.068231
-0.005925
0.196744
0.185555
0.063056
0.067773
0.145734
0.073337
0.044720
0.331467
-0.154582
0.161151
0.274814
-0.000000
0.240223
0.140908
-0.121354
0.286917
-0.059245
-0.148660
-0.147087
-0.041230
-0.216758
0.185926
0.116962
0.225483
0.029163
0.478634
0.153393
0.135747
0.151598
0.187447
0.127665
-0.102397
0.168121
0.210327
0.314901
-0.076984
-0.203967
0.065331
0.029264
0.077326
-0.036323
0.308731
0.265667
-0.314482
0.329978
0.024279
0.206370
-0.008856
-0.011385
0.305640
0.026264
-0.000000
0.013662
-0.008015
0.311123
0.152653
-0.142034
0.097773
-0.002354
-0.000000
0.061833
0.099307
0.080141
-0.169428
0.248008
0.111923
-0.001785
-0.018514
0.000000
0.196639
0.302508
0.233276
-0.213539
0.171162
0.196891
0.201564
-0.000000
0.008896
-0.143083
-0.056414
0.150017
0.079805
0.256409
-0.000000
0.091881
-0.040620
0.317151
0.197946
0.015942
0.072248
0.232617
0.166188
-0.049350
0.191729
-0.040293
0.253565
0.232842
-0.000000
0.128559
0.074048
0.186871
0.192885
-0.020050
0.145234
0.253181
0.115816
0.380970
-0.008133
0.270469
0.383351
0.025223
-0.000000
-0.028547
-0.132625
0.134771
0.178447
-0.068515
-0.040651
0.122609
-0.041932
0.103381
0.048037
0.186380
-0.012521
0.136868
0.157237
0.152978
0.350170
-0.000012
0.201191
0.197583
0.140125
0.334556
-0.137795
0.132811
0.063920
0.099427
0.090019
0.083557
0.202106
0.142095
-0.000000
0.194680
0.248522
0.031866
0.160995
0.072620
0.026518
-0.149291
0.000000
0.323873
0.366428
0.232996
0.068277
0.114333
0.211721
0.000935
0.210954
0.000000
0.056717
0.240027
0.344761
0.459249
-0.199709
0.005870
0.132341
0.015747
0.196459
0.271311
0.133495
0.026513
-0.051604
0.035739
0.083106
0.309998
0.071659
0.163276
-0.000000
0.235608
-0.362099
0.148191
0.174799
0.030965
0.265167
0.120942
-0.031848
0.260650
0.107839
0.575278
0.022754
-0.050862
-0.070465
0.127225
0.242918
0.184315
0.112216
0.290393
0.083503
0.055601
0.048057
0.005568
0.243663
0.298078
0.192400
-0.000000
-0.120857
-0.009297
0.105003
0.229461
-0.000000
0.203040
0.084138
0.078422
0.055640
0.268861
-0.074763
-0.134418
0.000000
0.064815
0.187590
0.056204
0.104143
0.308159
0.175896
0.102308
0.044350
0.071649
0.323689
0.156095
0.094236
0.082895
0.057913
-0.153349
0.160829
0.069623
0.271547
0.207400
0.141861
0.149379
0.394164
0.283962
0.139563
0.228636
0.229125
0.145049
-0.088120
0.161263
0.179272
0.139202
