0.2058702
0.29436338
0.19305493
0.2102986
0.22861153
0.18722655
0.22871456
0.21113342
0.24331355
0.25298256
0.22118537
0.22229022
0.1888601
0.19479653
0.20579964
0.21510425
0.1945508
0.3364627
0.18757868
0.23938596
0.20728849
0.20239472
0.19079007
0.21952534
0.18641461
1.2587107e-06
0.4983109
0.24703553
0.23528087
0.38550672
0.22931549
0.3426936
0.25377426
0.48059016
0.35040346
0.2591858
0.20799011
0.2631918
2.569345e-06
0.25277093
0.19042993
0.24102028
0.31673214
0.49956295
0.22496209
-9.269882e-09
0.254798
0.23780343
0.19558866
0.28526774
0.2267815
2.088021e-06
0.2058961
0.42911056
0.2318605
-2.9082068e-09
0.23572384
0.24290264
0.27317378
0.30992207
0.25030655
0.28190288
0.17933701
0.19094464
0.29230344
0.19353878
0.2074976
2.028574e-08
0.20981409
0.36671674
0.19072053
0.19790295
0.40293276
0.32935733
0.21551876
0.35393488
0.44637406
0.31653628
0.24423528
0.26747897
0.2141388
0.2341784
0.31175256
0.26099277
0.24405879
0.26102886
1.3655616e-08
0.24898972
0.17255421
0.22660497
0.17531747
0.18128693
0.19479018
0.2565431
0.24130301
1.701546e-07
0.31313774
2.8498576e-08
0.18209758
0.19266398
0.20540985
0.41369808
0.2313502
0.2551991
0.19136946
0.25179356
0.2201888
0.34907266
0.18654741
0.21155423
0.22034794
0.21852249
9.4576285e-09
0.23547997
0.24796423
0.22339252
0.1983336
0.36866665
2.5082456e-06
0.20795296
0.23813401
0.19969049
0.21858081
0.1984233
0.39317992
0.2902167
0.19285263
0.18653823
