0.669454
0.656069
0.486442
0.514560
0.680215
0.385584
0.654884
0.745184
0.666239
0.464747
0.539716
0.000078
0.656282
1.010343
0.620977
0.802763
0.891800
0.762944
0.576175
0.516116
0.861065
0.748512
0.711678
0.258351
0.462563
0.858594
0.725852
0.001693
0.864446
0.737709
0.614492
0.927853
0.001462
0.320577
1.251571
1.032716
0.609779
-0.000006
0.546645
0.819327
0.374855
0.773346
0.815807
0.699284
0.776376
0.697358
0.505370
0.854820
0.691011
-0.000042
0.686070
0.707350
0.976871
0.805147
0.860958
0.889976
0.854177
0.000023
0.854574
-0.000008
0.751905
0.000037
0.288762
0.478076
0.644160
0.338820
0.754326
0.551910
0.280778
0.889713
0.755568
-0.000100
0.688150
0.413612
0.730808
0.680773
0.474333
1.195162
0.764313
0.468435
0.001467
0.968830
0.898934
0.731304
-0.000078
0.642514
0.880871
0.799095
0.591105
0.714739
0.400146
0.942533
0.635650
1.002920
0.428733
0.323944
0.564628
0.743450
0.484146
0.223245
0.696646
0.764634
0.323525
0.736073
0.404472
0.931206
0.568340
0.572942
0.857309
0.919634
0.870192
0.000009
0.583221
0.336883
1.079847
0.557903
0.692759
0.268960
1.159571
0.323274
0.890861
0.661419
0.564210
0.721334
0.828024
0.849273
0.000006
0.595459
0.401425
0.783609
0.596708
0.638590
0.662110
0.769831
1.068542
0.545754
0.710833
0.916629
0.932510
0.669599
0.591320
0.842802
0.000016
0.846644
1.041066
0.377514
0.869415
0.756656
0.682357
0.430813
0.772294
0.420701
0.485568
0.559372
0.588408
0.531025
0.747641
0.541266
0.613354
0.560357
0.571576
0.688462
0.882162
0.738098
0.694171
0.932613
0.522427
0.877432
0.000004
0.803928
0.739403
0.850185
0.550340
1.040745
0.766479
0.755912
0.735134
0.343076
0.587160
-0.000031
0.000886
0.566279
0.353859
0.773665
0.378705
0.537564
0.228894
0.771390
0.857908
0.002642
0.685947
0.653619
0.855282
0.884809
1.168217
0.434219
0.000777
0.759626
1.017102
0.668408
0.920139
0.499536
0.822584
0.251511
0.841744
0.766808
1.115884
0.706016
0.616327
0.864545
0.433380
0.995322
0.899800
0.861218
1.003983
0.590567
0.805695
0.717169
0.720286
0.727717
0.609569
0.296836
0.706212
0.556325
0.729903
0.762216
0.907901
0.765785
0.696017
0.809145
0.347573
0.618410
0.843827
0.576302
0.847476
1.020990
0.871431
0.670636
0.720619
0.776247
0.909186
0.250707
0.002651
0.945246
0.641187
0.650146
0.508402
0.867003
0.566194
0.656892
0.508896
0.450829
0.628800
0.567245
0.886110
0.701806
