-0.031467
0.236344
0.194211
-0.049463
0.000000
0.146350
-0.053586
-0.254605
-0.023960
0.083877
-0.129957
0.045229
-0.037040
0.141801
0.127781
0.084897
-0.036917
-0.059556
0.130176
0.013885
-0.084459
0.291128
0.292708
-0.082038
0.155102
-0.083725
0.356185
-0.067560
0.098701
0.251547
0.112493
0.131977
-0.006621
0.137093
0.006660
-0.044953
-0.064019
-0.000000
-0.020276
-0.143387
0.185528
0.188172
-0.037588
0.035865
-0.018504
0.077660
-0.027476
-0.009290
0.201139
0.317716
0.412493
0.070848
0.030347
-0.145858
0.021551
-0.007660
-0.093718
0.064875
0.088907
-0.127697
0.327696
0.059171
-0.000000
-0.082712
0.049547
-0.177756
0.093643
0.057478
-0.146531
0.094700
0.108257
0.211461
-0.091009
0.040026
0.098887
0.067426
-0.021133
0.031488
0.052445
0.081524
0.171731
-0.279306
0.151687
-0.039282
-0.005058
0.233397
0.210329
-0.170811
0.229899
-0.127593
0.058994
0.107116
-0.061811
0.139850
0.185539
0.233921
0.066900
0.072843
-0.015746
-0.134962
0.070100
0.196355
0.343906
0.090880
0.044546
-0.070365
-0.011991
0.045451
0.067960
0.050334
0.249503
0.101629
-0.072889
0.115653
0.120177
-0.057719
0.097230
0.026738
0.075533
0.170301
0.141692
-0.062073
-0.046845
-0.082073
-0.000000
-0.065124
0.098405
0.245514
0.454218
0.020838
0.011189
-0.041548
0.125888
0.050939
-0.000001
0.140957
0.046242
0.095012
0.034208
0.040690
0.232338
0.033635
-0.201144
-0.000000
0.010829
0.174892
-0.259857
0.175210
0.029477
0.099798
0.178622
0.208108
0.078645
-0.088578
0.066493
-0.081495
0.099783
0.052747
0.543576
0.234393
0.089309
0.114893
-0.019799
-0.140728
0.173267
-0.026665
-0.323294
0.041255
0.133734
-0.000000
0.122959
0.136227
-0.000000
-0.108918
0.025649
-0.048008
-0.015394
0.120178
0.474681
0.029664
0.158635
0.231838
0.123227
0.059809
0.166435
0.222294
0.113856
0.078440
-0.000619
0.069145
-0.204256
0.236067
-0.027851
-0.032243
0.197063
-0.005641
-0.050068
0.016897
-0.011076
0.386021
0.191782
0.038460
0.023089
0.158993
0.068267
-0.041058
0.375491
-0.156320
0.128331
0.000000
0.080815
-0.000000
-0.055805
0.081505
-0.025405
0.039068
-0.352216
-0.041117
0.023490
0.215358
0.007379
-0.084605
0.119120
-0.080579
-0.182615
0.192726
0.095153
-0.114930
-0.000005
-0.026986
-0.049572
-0.144305
-0.000236
-0.000003
0.029379
-0.054533
0.334664
0.152934
0.157582
0.190810
0.203363
-0.046292
0.210127
-0.099575
0.004101
0.050992
-0.010586
-0.000000
-0.044429
-0.131229
0.127927
-0.000011
0.289074
0.300464
0.007560
0.010325
0.187938
-0.349317
0.043142
0.119810
0.161248
0.100739
0.330905
-0.052835
-0.159980
0.006146
0.009013
-0.150236
0.134584
0.000000
0.077425
-0.000001
0.092113
0.290522
0.291022
-0.000000
0.028213
0.069688
0.084779
0.140712
0.011896
0.253839
-0.100959
0.177908
-0.000218
0.180226
-0.052172
0.020613
-0.094562
0.100362
-0.000000
0.018053
0.121098
-0.076452
0.182119
0.061650
0.062303
-0.000003
-0.008133
-0.000001
0.071689
-0.080039
-0.000238
-0.037973
0.251872
0.159612
0.024496
-0.054142
-0.041979
0.042913
0.223200
-0.054276
0.122600
0.016945
0.076819
0.063633
-0.064741
0.099276
0.314543
-0.051116
0.086431
0.123521
0.061368
0.164042
0.124564
0.206405
-0.177514
0.028027
-0.000000
0.142151
0.135555
-0.175836
-0.135416
-0.011958
0.162250
-0.000000
0.170741
0.171872
-0.120014
0.025979
0.238118
0.022520
-0.056839
0.062388
0.026614
-0.067215
-0.164669
-0.044209
0.074837
0.077109
0.249705
0.047421
0.081989
0.147330
-0.083266
0.063382
0.097348
0.085632
0.022693
0.190984
0.101739
0.083829
0.046948
0.280068
-0.244546
-0.023685
0.364822
0.134908
0.030067
-0.039831
0.000000
0.106510
0.103393
0.201596
0.078977
0.007579
0.223351
-0.174629
0.209301
0.062385
-0.042030
0.118790
0.314433
0.182532
-0.169456
0.081338
0.120171
-0.200605
0.131158
0.563437
-0.017811
-0.000001
0.040864
-0.094690
0.193138
0.046061
0.114302
0.041113
0.096518
0.178450
0.069361
0.182306
-0.167363
0.003591
0.170391
0.021390
0.180523
-0.046557
-0.140372
-0.129572
0.068150
-0.040261
-0.024417
0.016274
-0.005390
0.181338
0.204940
0.227772
-0.076865
0.066455
-0.000000
-0.155735
0.117620
0.022127
-0.073527
-0.041776
0.068035
0.143561
0.121168
0.076303
0.092159
0.169504
-0.033117
0.139277
0.178237
0.000000
0.058005
0.119732
-0.000000
-0.000000
0.178925
-0.054745
0.012964
0.009101
0.029617
0.059825
-0.160172
-0.030876
0.038677
0.129061
0.015378
0.018204
0.029348
0.219404
-0.034418
0.174140
0.025146
0.056100
0.092822
0.008074
0.205292
-0.000000
-0.035959
0.069699
0.004429
0.007551
0.054440
-0.118414
0.040577
-0.031537
0.085498
0.194645
0.345229
0.153258
-0.125268
0.126832
0.092298
0.053395
-0.052041
0.081811
-0.000951
0.235520
-0.000000
-0.072486
0.062428
0.107774
0.035395
-0.000693
0.063917
0.394353
0.322198
0.028278
-0.092078
0.019565
-0.085145
0.200110
0.055945
0.024027
-0.083813
0.099897
-0.025891
-0.089317
0.321846
-0.120602
0.027724
0.133795
0.116678
-0.051115
-0.068168
0.144658
-0.078006
-0.079462
