-0.048567656
0.19364658
0.17420255
-0.10042047
7.6483974e-07
0.11640283
-0.20593645
0.07252205
-0.024072148
0.028851315
0.054441046
-0.3618412
-4.754946e-07
-0.083921656
0.07152942
0.0067322035
0.3573459
0.30122983
-0.13394645
-0.14911501
-0.15356863
0.15077868
0.105672896
0.12742399
-0.0036942568
-0.14048451
0.11000357
2.279101e-06
-0.018943902
0.09963025
0.060360882
0.22957881
0.022734197
0.17597908
3.0054855e-07
-0.03188668
0.11711247
0.1321507
-0.10069863
-0.03567542
-0.012451928
1.811226e-07
0.03789728
0.16758105
0.07816068
0.078552894
-0.034117855
0.1423017
-0.09162963
0.4017517
-0.10972138
0.24196713
-0.26162434
0.093475685
0.20478235
0.006108503
0.113160945
0.014992439
-0.019600993
0.033247426
0.31909505
-0.05799743
0.13105363
0.009662485
3.2363772e-07
-1.5698596e-06
-0.0013859615
0.37301427
0.06578716
0.020353563
-7.8795847e-07
0.061788067
-0.2832532
-0.08534717
0.047144037
0.01782017
0.20857815
0.23261571
3.8585804e-07
-1.5307548e-07
0.050812855
-0.14996696
0.20014971
0.14308016
-0.003703668
0.034052778
0.03388874
0.4155303
0.10529142
0.119831644
0.058364935
0.26012138
0.07130632
0.05565277
0.003100471
-0.023028433
4.4820237e-07
-0.002992779
0.1794924
-0.06426954
0.18993565
0.00010950729
0.009610612
0.27449226
0.005924714
-0.08652557
0.82877
0.05726548
1.945307e-06
0.03207992
-0.02027065
0.049736176
-0.06231593
0.008171155
0.21997738
2.5868366e-07
-0.0004158162
-0.20994173
2.0755309e-08
0.069206126
0.0075561507
-0.18975922
-0.221692
-0.124887206
-0.21120733
-0.15641215
-0.119738236
-0.0003043519
0.119511746
-0.058903087
-0.23775871
0.20200029
3.8866804e-07
0.013540532
0.3249971
-0.36226782
-0.0073482986
-0.25951502
0.14042555
-0.27767235
-0.16574854
0.2314915
0.08669124
-0.017080192
0.21165492
0.0967092
-0.06755721
0.18522607
0.027663104
0.0059609916
-0.00014017698
-0.12048303
-0.054162294
0.1771059
-0.11219395
-0.13434252
0.029949745
0.002090948
0.04970981
-0.18627332
0.11680493
-0.0024801367
0.17811875
0.01903622
-0.18811351
-0.0555276
0.04794963
-0.14457497
4.2135114e-05
0.026046872
-0.025800165
-0.07630083
-0.10426921
-0.010735068
0.28407365
-0.06850836
0.1714735
-0.046716616
-0.17114182
0.32346287
-0.140548
0.09817468
-0.10394532
-0.20352285
0.09446675
-0.13497068
0.13750808
-0.03733068
0.08831498
-0.06794703
0.06086289
-0.060176875
0.17616113
0.114377774
0.0162927
0.009696664
-0.083994865
0.100624874
0.15162528
0.14165518
-0.045837484
0.068102315
-2.6952603e-07
0.06390956
-0.07615422
-0.0030519802
-0.23494859
-0.07858741
0.2567033
0.0802809
0.47288656
0.06520163
-0.026183726
-0.07821429
0.17997085
0.08906626
0.061977956
-0.026968634
0.022341426
0.07379429
0.31717104
0.056637444
0.23278096
0.27263275
0.093553066
-0.009645605
0.05696937
-0.17400724
0.1219472
-0.07114562
-0.022953615
-0.11396907
-0.12030257
-3.5464492e-07
0.05982989
0.33412713
-0.07412688
-0.14559422
0.13742809
-0.15718842
-0.20924911
0.034673855
0.26555136
0.18226498
0.21666965
0.040002707
0.11500333
0.12769468
0.044911407
0.16458243
0.3278449
-0.009517021
-0.061026216
0.32248053
-0.1655618
0.3093113
-0.015744912
-0.13374093
0.09769192
-0.034468774
-0.068283655
-0.16765536
0.24217765
0.09451505
-0.3503533
-0.062317923
-0.065057516
-0.035070326
-0.074849665
-0.100211516
-0.0012714573
0.060366403
0.22204547
0.045253064
0.1456953
0.0677071
0.075184196
0.20897067
0.040249083
0.21060283
-0.06709032
-0.10127679
-0.057125114
0.02322625
0.21152161
-0.10393474
-0.07260792
-7.7230027e-07
-0.08207244
2.187447e-07
0.043448023
-0.16994241
0.023437584
0.3507369
-0.08211109
0.024781663
-0.03887593
-0.00073054264
0.10321874
0.2305484
0.016341997
0.13657682
0.046810605
-0.05047535
-0.07510742
-7.14459e-05
-0.049385294
0.16312474
0.06260659
-0.012968254
0.17809135
-0.040988375
-0.07855062
-0.1516138
-0.13512193
0.25680625
0.42522886
0.12733757
-0.04378532
-0.045692522
0.20515881
0.10305438
-0.2848689
0.08391534
-0.06596645
0.039600287
-0.0037878742
2.703947e-06
-0.015420448
-0.050800063
0.085542865
-0.027899327
0.13952121
0.12524326
0.03295686
0.27999926
-0.0134648075
-4.7647632e-07
-0.1777853
-0.39668918
0.21710983
0.15285699
0.33479682
-0.01270959
0.11418921
-0.00046412717
0.07325816
0.09191057
0.1187189
0.068072364
-0.13556805
-0.3574626
0.089454055
-0.3073976
0.15007266
0.0005760522
0.21650964
-0.049184307
0.07041102
-0.027685972
-0.10268209
-0.05621696
0.25929374
0.05578342
-0.24264814
-0.2242027
0.1288686
-0.04466155
0.11570006
0.33127165
-0.09804262
0.09464588
-0.006227367
0.13886762
-0.020627819
0.2754287
9.869764e-06
0.065107845
0.10446613
0.18345764
-0.122675374
-0.1148208
-0.03589625
-0.20103097
0.11564774
-0.081512004
0.10627271
0.055717416
0.09095092
-0.19851737
-0.017564252
0.18542187
-0.06168105
-0.052888818
0.19841573
0.090890616
0.04633181
-0.054292537
0.21140209
2.2537888e-07
0.15723036
-0.009918798
0.016697763
-0.10695255
-0.021311482
-0.04425441
-0.11372164
-0.23749828
0.137641
-0.086631306
0.14309508
-3.669742e-06
-0.17885648
-0.110489465
-0.17771259
0.12065749
0.14110398
-0.022496684
-0.12297645
0.04739529
-0.14120537
-0.11482762
0.059699807
0.2937993
-0.18138419
-2.2320893e-07
0.16516823
0.047114216
0.07624746
0.027838768
0.2802686
-0.22066477
-0.16095424
-0.043453414
0.011707343
-0.21237272
-0.03850338
0.13934
-0.057969984
-0.12874512
-0.00980872
0.0021212038
0.19445011
-0.10945575
-0.06823012
-0.037696894
0.012438629
0.033161018
0.13274054
0.1126782
0.2633068
0.23223807
-0.09821653
0.07472016
0.14892024
-0.25722396
0.09452858
-0.25734994
0.043717306
0.1883098
-0.041340906
0.10376968
0.39858577
0.0028643447
0.08343561
-0.09413828
-0.04171194
-0.049850777
-0.015068499
0.10812359
0.11030042
0.047092445
0.09167515
0.18767753
0.16751117
0.09528876
0.29213637
0.041235257
-0.36764607
0.47635266
-0.118307084
0.023661757
-0.190294
-0.017540637
0.09440395
-0.15404665
0.1504888
-0.11243075
0.075501986
0.036332805
-7.239098e-07
0.1404557
0.18335028
0.13731822
-0.052670106
0.040942073
-0.28236404
0.060910378
-0.0040964684
0.030708097
-0.042650085
0.005823214
0.029084368
0.09377238
-0.0014272211
0.24437042
-0.16390847
0.11600592
-0.13179949
0.19365028
0.058612693
0.3245521
