0.22731066
0.082508616
0.07634309
0.08394545
0.07674094
0.040688917
0.15248287
0.030047365
0.08138182
0.19375648
0.47635937
0.29926023
0.16523425
0.0725356
-0.040048532
-4.988616e-09
0.06403575
-0.052524924
0.067700006
0.049822755
0.032056525
0.05940548
5.4874818e-05
0.0283255
0.2164189
0.15304212
-0.052674077
0.38227862
0.15214989
0.31824082
0.2828462
0.29696512
0.283244
0.05200765
-0.039036307
0.056174494
0.24278189
-1.6097605e-09
-0.054762885
0.06091784
0.4362795
-0.12454136
6.9508917e-07
0.50552773
0.1232011
0.08368432
0.42589822
0.073021516
-1.4047517e-08
-3.7915974e-08
0.11378093
0.08842526
0.062704615
0.062991746
0.17882451
0.43788764
0.46533838
0.0623813
0.27487537
-0.058849018
0.049671844
2.5276267e-06
0.34809485
-0.07685103
0.0030358185
-0.014226319
0.31970766
0.38487965
0.0007129843
-0.010082094
0.074603096
-1.9296058e-08
0.091282874
0.3599291
0.051595964
0.078104526
0.09055204
0.0025172133
0.035152655
0.0859845
0.36207765
0.054233555
0.14206634
0.22995946
0.49700212
0.11403668
0.05972515
-2.4837254e-08
0.10068626
0.069735475
0.24243158
0.079875484
0.056108672
-0.03542545
0.08096529
-6.164595e-08
0.063803926
0.036961988
0.070268705
0.05220247
0.2657882
0.2675948
0.0862576
-8.8098204e-08
0.07505994
0.5173018
0.10135816
0.09248803
0.29656884
0.07114552
-0.09592807
0.07528118
0.062169187
0.08829218
0.3017704
0.044932388
0.062316272
0.21150184
0.07700851
0.01564974
0.018546201
0.08874307
0.3849867
-0.04625171
0.41082084
0.07412753
0.07466001
0.42293334
0.10582231
0.039278463
0.05387846
0.25817466
0.02179171
0.047754176
0.45223585
0.07647419
0.066048026
0.05883202
0.06523556
0.06572048
-0.085787594
0.4297472
-4.928455e-09
0.23327696
0.07767013
0.04867213
0.46136928
0.065959
0.013924262
-0.03801111
0.2486226
0.15179878
0.4258639
0.48545712
0.079693094
0.47599435
0.37421513
0.09293142
0.046038117
-1.284515e-06
0.18317337
0.08081115
0.049158007
0.06321388
0.058674496
0.05613002
0.3097175
0.122073606
0.08002821
-5.725073e-09
-0.05326966
0.21448825
0.28238586
0.09035884
0.05851083
0.067003384
0.07164466
-0.047398783
0.33020473
0.09053901
0.4965478
-1.4314506e-08
0.06724213
0.11283012
-1.9975879e-08
0.47395092
0.029339872
0.07527297
-0.02204817
0.06353506
0.09662752
-0.06638753
0.050043967
-0.04647869
0.052049443
0.101336285
0.06822995
0.15717845
0.3659162
0.43910602
0.40513363
-0.05455269
0.06697944
0.06773465
-4.798688e-08
0.096309274
0.47926337
0.054488733
0.0513179
0.40053594
0.2905095
0.048431274
0.29753447
0.097429655
0.07097089
0.07070625
0.18693562
0.2425611
0.099983595
0.44011152
0.014678798
0.063313045
-0.07377163
0.06253643
-0.03146251
0.10020867
0.27924657
0.07480376
-0.03512632
0.046652615
0.040708765
0.35503694
0.0025955196
0.060220197
0.065420374
0.4830507
0.065451875
0.008537372
0.41007587
0.07537644
0.003819576
0.4790944
0.005129595
0.31500825
0.42042318
0.3423966
0.07948324
0.1991491
0.04106108
-4.751862e-09
0.046317495
0.26388377
0.06061132
0.105188586
0.27667764
0.49660963
0.066923454
0.05290877
0.047863416
0.17828722
-0.14549889
0.011219233
0.42231792
0.042908333
0.057262946
0.0755553
0.13609302
0.06426005
-0.016795434
0.08149035
0.43009654
0.06173613
-0.0072664493
0.4313282
0.10409161
0.30574653
0.13287073
-0.035353146
0.06303325
0.064351425
0.100461654
0.08497931
0.11615547
0.054704793
0.10995303
2.148985e-09
-0.011225839
0.38802385
0.065783784
0.39386773
0.1642515
0.35460746
0.36500517
0.19952057
0.46596637
0.050221216
0.086188555
0.078887455
0.18610229
0.081804484
-0.05450424
0.49939975
0.06663402
-0.0634117
0.048521698
0.25822225
-1.1896589e-08
0.08102091
0.22222543
0.07454155
0.077426136
0.095468536
0.079181716
-3.005456e-08
0.068240106
0.18124872
0.06309289
0.005305487
0.09849914
0.024878168
0.082816966
0.055022564
-3.356639e-08
0.08770877
0.07155466
0.0041866223
0.06565556
0.0006037117
0.07355595
0.32192564
0.07294297
0.24730542
0.075033545
0.07014888
0.44119102
0.41928846
7.293114e-09
0.21802233
0.12928014
0.06632475
-0.059068985
0.06910836
0.5275326
0.095237255
0.06701016
0.44529012
0.53010905
0.3636688
-0.064855985
0.049021166
0.22691378
0.030487316
0.46630254
0.4661039
0.40829003
0.062216226
0.41016322
0.057175
-1.405037e-06
-7.400095e-09
0.43437585
0.0596262
-0.13074253
0.030838735
0.06199203
0.3913129
0.060840808
-0.055559408
0.08042735
-0.030561995
-0.026884431
0.06597831
0.08701722
0.43788916
0.076871455
0.10851587
0.40695405
0.070544064
0.058968954
0.25437313
0.36942238
-2.0482142e-07
0.077905245
0.06512373
0.505435
0.32652172
-0.004032562
0.057185564
0.06574866
0.21702525
0.07613922
0.11384595
0.26474488
0.06262967
0.10749195
0.08137201
0.45944408
0.27970612
-0.04047878
-0.004820014
0.025851417
0.074069
0.44255546
0.37033933
0.009744397
0.044612087
0.09329662
-5.1664637e-07
0.11378505
0.2807473
0.06586089
-0.107052505
0.117136426
0.09375509
0.4096444
0.25991467
-1.3908374e-08
0.33485523
0.027256943
-0.25965077
0.25900856
0.07417068
0.06870509
0.050967015
0.0908027
-6.9197725e-08
0.08246933
0.058636427
0.20343475
0.39670885
0.07567865
0.07217369
0.38814208
0.09005789
0.28759322
0.37910032
-0.061322752
0.33706677
0.06276747
0.42634445
0.09662045
0.099003516
0.07602122
0.048370566
0.14343645
-9.590431e-07
0.4739118
-6.3912495e-08
0.061423104
0.068598494
-4.1687582e-09
0.36918
0.48048955
-0.020997616
0.10280477
-1.9519561e-08
0.2458349
0.064612634
0.07040792
0.27150938
0.3365169
0.15494959
0.35244083
0.073469654
0.07772082
0.058542427
0.061686236
0.05101353
0.038270388
-0.028888168
0.079799354
0.06822434
-0.052755773
0.47353286
0.45250264
0.0775722
0.050848633
-3.1870733e-09
0.059799217
0.29142871
0.029966848
0.37106502
0.4005361
0.3252506
-0.011470216
0.14550151
0.45514452
0.07412396
0.47468874
0.09434063
0.053875115
0.006952427
0.15545513
0.021998748
0.08277348
0.10011826
0.049249124
-0.006947292
0.45872572
0.07448135
0.1208921
0.2366067
0.03431873
0.2147185
0.22552292
-6.5435555e-09
0.47740605
0.0983049
0.046924215
0.22382538
0.07727138
0.4771682
