-0.019723585
-0.07361183
0.008887698
0.01266862
0.018126031
-0.044071954
-0.07308079
0.009525289
0.010123305
-0.045849174
-0.013803636
-0.016443716
-0.06778594
0.0069422144
-0.08115651
-6e-45
0.00769073
-0.087918304
0.008471958
0.0026505038
0.019564653
0.006712565
6e-45
0.030515363
-0.027394699
-0.009370635
-0.089142665
-0.024241382
-0.01885468
-0.01391647
-0.013092431
-0.026511889
-0.022686467
0.0028856753
-0.07698781
0.0071690385
-0.015601504
6e-45
-0.08805298
0.012862254
-0.013649003
0.004231245
6e-45
-0.011475041
0.022957444
0.010125543
-0.018651124
0.00792897
-6e-45
-6e-45
0.018161427
0.020513011
0.0048973868
0.008307297
-0.015771845
-0.010418253
-0.0151376175
0.003173107
-0.02257372
-0.08689754
0.005100413
6e-45
-0.039280362
-0.08692588
-0.091892526
-0.08284285
-0.021188138
-0.020433974
-0.093633346
0.023889946
0.007261437
6e-45
0.011818806
-0.03953945
0.022566812
0.009224273
0.012551696
-0.058514394
0.020199988
0.009711594
-0.010437523
0.0073613804
0.011538052
0.010639175
-0.0088056475
-0.024723345
0.0056127333
-1.2067629e-20
0.012508317
0.009463062
-0.019577386
0.011162854
0.01005176
-0.093887776
0.0088828355
6e-45
0.006840925
0.021553615
0.0075002345
-0.062380873
-0.0121726105
-0.030023519
-0.075333886
6e-45
0.009187157
-0.011435862
0.0142623875
0.012910413
-0.02942936
0.007979783
-0.09176067
0.007287879
0.018366767
-0.033571303
-0.02141041
0.0016283791
0.009174145
-0.020661047
0.017849881
-0.07289498
-0.08020713
0.01085071
-0.016383894
-0.0932476
-0.012288413
0.013329154
0.015202609
-0.018860778
-0.06373917
0.013775401
0.0025584283
-0.020134201
-0.06925953
0.0014835722
-0.016731083
0.009995321
0.009538196
0.005963677
0.014772052
0.010178838
-0.11777733
-0.013714488
1.2101851e-18
-0.015103247
0.008833797
0.0034421035
-0.012797009
0.008284887
-0.058104455
-0.09173788
-0.06043422
-0.019161426
-0.016317058
-0.014239153
0.010932981
-0.01179228
-0.012041342
0.011041059
0.0027110537
6e-45
-0.018557208
0.01304851
0.0054367403
0.007883291
0.00774689
0.015532364
-0.075259544
0.016543576
0.010130576
-6e-45
-0.089544944
-0.069589205
-0.01457843
-0.032980613
0.007522506
0.007850147
0.01070449
0.018174548
0.02095873
-0.065604076
-0.013781763
-6e-45
0.008069488
-0.033264782
6e-45
-0.017070938
0.015565613
0.012573772
-0.08470031
0.01902132
-0.025456501
-0.09228159
0.0020793253
-0.07786385
0.002838102
-0.028937845
0.0070449864
-0.06709413
-0.016507894
-0.0125411805
-0.016258627
-0.078590766
0.012200446
0.0077305813
-6e-45
0.013864255
-0.016954971
-0.078846864
0.013573578
-0.019041734
-0.10767533
0.004328405
0.010250229
0.012150049
0.009324306
0.0038724907
-0.1041413
-0.019450627
0.014457848
-0.021030005
-0.06674769
0.007710707
-0.079430565
0.005970741
-0.07628244
0.012060443
-0.01449063
0.008412564
-0.086361155
-0.07269843
0.0036117234
-0.025829686
-0.00032069633
0.00884034
0.007169471
-0.005292699
0.009316708
-0.07634306
-0.013608817
0.005408783
-0.106779285
-0.0140629625
0.01469824
-0.035108823
-0.028322956
-0.03234228
0.012065192
-0.051308848
0.010338307
-6e-45
0.0033698725
-0.015142017
0.01762359
-0.033110186
-0.026691727
-0.005887312
0.007484903
0.013324164
0.01578237
-0.010232123
-0.10109548
-0.06944584
-0.014723801
0.001782788
0.009911232
0.008731718
-0.03477934
0.0049171234
0.025794156
0.0071782847
-0.020578925
0.004327663
0.023405612
-0.013348403
-0.06804133
-0.050709173
-0.027604947
0.031167252
0.007494976
0.01415862
0.013179533
0.014318858
0.011551055
0.0031871058
0.014267446
-6e-45
0.040784325
-0.019195931
0.007446465
-0.018276388
-0.06784537
-0.031067569
-0.024830729
-0.025868623
-0.015835108
0.0033099288
-0.025337622
-0.06950193
-0.07149247
0.011171916
0.027546467
-0.008023144
0.0070062587
-0.07593023
0.0071475515
-0.000681004
6e-45
0.010652306
-0.03257003
0.015637837
0.009380844
0.012209449
0.014544432
6e-45
0.0063564507
-0.018299047
0.0047588116
-0.08499591
0.015953315
-0.06400315
0.011036524
0.009059607
5.5061377e-16
0.011870029
0.017908918
-0.091726884
0.0065560676
-0.08249309
0.011913291
-0.011307291
-0.06109259
-0.016490275
0.007812478
0.012253006
-0.016091095
-0.016943865
6e-45
-0.021898834
-0.02162372
0.0056334953
-0.10942526
0.01037173
-0.010827006
0.017639238
0.009528638
-0.0004117096
-0.012613316
-0.012021503
0.009688617
0.012796518
-0.026880091
0.022013646
-0.0091038635
-0.01496579
-0.015754873
0.008136914
-0.016341437
0.005547311
6e-45
6e-45
-0.014136197
-0.05445014
-0.10393448
0.02285922
-0.030686961
-0.013568463
0.007110279
-0.08433749
0.012873747
-0.08519923
0.013802778
0.0063507925
0.0086737955
-0.017292049
0.010785882
0.012859891
-0.014257541
-0.09519167
0.0068350704
-0.036077574
-0.020403605
6e-45
0.008416683
0.008354069
-0.013012796
-0.021681804
-0.09099573
0.004909044
0.010185634
-0.051017262
0.0079388395
-0.023362458
-0.016524982
0.0061188005
-0.02282631
0.011534216
-0.011712646
-0.002840865
-0.111074746
0.022650719
-0.08527697
0.008042971
-0.014222217
-0.019361326
-0.0755775
-0.07948026
-0.079232074
6e-45
0.014800938
0.017975748
0.0050940923
-0.0940694
-0.074010424
0.010068812
-0.012724759
-0.027394105
6e-45
-0.016527979
0.013892741
0.07110741
-0.017591193
0.005608684
-0.026640164
0.017666422
-0.08884749
6e-45
0.011279343
0.0034483576
-0.050202884
-0.010833799
0.008897959
0.009497952
-0.021655284
0.012373654
-0.047069952
-0.030533204
-0.082337834
-0.01443219
0.008015222
-0.0147878975
-0.08213399
0.019953819
0.010473775
0.005830517
-0.028473388
6e-45
-0.011962559
-6e-45
0.010334021
0.00825312
4.687711e-18
-0.029287228
-0.015352366
-0.07791025
0.013407678
6e-45
-0.010242289
0.014722985
0.010429509
-0.011937632
-0.037623495
-0.016615098
-0.014692135
0.010300181
0.006579709
0.0064244415
0.014303137
0.0050054174
0.012201322
-0.09638344
0.006942438
0.0072087315
-0.09331439
-0.008876083
-0.0133211855
0.008911976
0.014703817
-6e-45
0.0034915863
-0.021186514
-0.086270854
0.0015244042
-0.017249139
-0.01702845
0.021335086
-0.043213196
-0.014245535
0.0120993825
-0.011765808
0.015411744
0.0027870312
-0.08567759
-0.014292823
-0.0665465
0.010846846
0.012347812
0.0059040417
-0.08856843
-0.011944414
0.006326875
-0.055267237
0.021750705
0.02429335
-0.05675902
-0.020821238
6e-45
-0.016039647
0.0129822595
-0.074962966
-0.019644668
0.01097405
-0.015857639
