0.0016954102
0.001733709
0.0024253328
0.004864518
0.004457344
0.0013403839
0.004224785
0.00041564342
0.00046795025
0.0019522157
0.0037461794
0.0010552052
0.0009068891
0.00087040954
0.023295717
0.009182251
0.0015372287
0.004611139
0.003335047
0.0036317084
0.0026326138
0.0059595965
0.0015655439
0.0059393737
0.0031072358
0.0065191328
0.0013967482
0.0032526732
0.009767333
0.0019023779
6e-45
0.0012254153
0.004069485
0.001734987
0.0030230524
0.0037351395
0.00090811827
0.0076137343
0.0024906108
0.005693039
0.004605922
0.0060865264
0.0032981546
0.00649344
0.0037714688
0.0016500185
0.003990112
0.0042308955
0.0051624766
0.0011102045
0.0044735433
0.006776065
0.005183531
0.0014455944
0.016620398
0.0012429282
0.0050267577
0.00545513
0.004112629
0.004943277
0.004004359
0.002189236
6e-45
0.0019029643
0.0023841155
0.0018137052
0.0051741875
0.031865183
0.00050489715
0.00097546575
0.010851171
0.003721344
0.000761348
0.0011556225
0.0035043687
0.003950144
6e-45
0.006264567
0.0045653395
0.001383897
0.0007462823
0.0012365406
0.004790761
0.0035245593
0.006829236
0.0031333661
6e-45
0.0024831851
0.0035051503
0.00196196
0.0021268616
0.0054467465
0.005850243
0.0015222924
0.0037171128
0.0019838696
0.0022510835
0.0029929962
0.0037222975
0.0036307368
0.002563066
0.0043591647
0.0023076758
0.0023647698
0.0028797109
0.0016476739
0.0067204507
6e-45
0.0008986803
0.0058886744
0.0042620734
0.005283577
0.0022724278
0.008169191
0.008064175
0.002167409
6e-45
0.0018445974
0.002655505
0.0005618752
0.0027506517
0.00282743
0.0042888694
0.0007763186
0.0024050488
0.0040968843
0.003277445
0.0032363501
