0.724000
0.058268
-0.868513
0.203151
0.402881
0.603639
0.338221
0.005100
0.137851
0.087035
0.186655
-0.103714
-0.567312
-0.190609
0.351214
0.198571
0.211794
0.494862
0.149708
0.151137
0.119179
0.139416
-0.009916
0.068358
0.168535
0.161820
0.205311
-0.061784
-0.080187
0.245078
-0.000001
0.042492
0.440711
0.199183
0.454940
0.358909
0.295438
0.074041
0.237630
0.158990
-0.443490
0.463091
0.276247
0.280951
0.276099
0.072320
0.123921
0.491266
0.240141
-0.156659
0.373410
0.279355
0.034656
-0.043336
0.004477
0.148699
1.001532
-0.290454
0.147294
0.458766
0.105275
0.147133
-0.000000
0.122439
-0.036519
0.335176
0.116628
0.516908
0.308192
0.190183
0.385890
-0.083177
-0.917912
-0.224624
0.166836
0.290762
-0.000000
0.116011
-0.216309
-0.273125
0.963538
-0.112400
0.077121
-0.634968
0.457880
0.220901
-0.000000
0.334695
0.344367
0.498865
0.098150
0.547419
0.207357
-0.135516
0.082831
0.261721
0.005678
0.168977
-0.353434
0.034751
-0.293068
0.297595
0.172338
0.108556
0.044964
0.172084
0.280488
-0.000000
0.286780
-0.055821
0.359577
-0.078859
0.101227
0.010993
0.172954
0.479122
-0.000000
0.022438
0.221112
0.295661
0.151751
0.116083
-0.047786
0.210296
-0.183357
-0.605880
0.364479
0.424255
