14.203747
5.338898
7.550613
4.225743
0.001282
10.452070
8.275410
6.382047
7.212267
8.385917
4.964104
5.413051
0.002842
10.263806
9.970752
10.404817
6.591988
5.841051
5.517283
8.446213
5.555030
12.860077
10.746400
4.684851
4.595581
8.566262
7.266066
0.006328
8.210854
5.457416
7.210193
6.628611
8.745636
3.786720
0.002805
10.704033
8.180617
9.178102
9.454107
3.073211
5.344966
0.000005
5.621763
10.369763
9.367384
11.729424
12.649280
6.058676
10.467488
9.667359
4.411618
5.665779
5.697424
10.862144
6.799220
10.708061
5.945439
5.400977
4.885025
5.902538
9.423455
10.702296
9.641913
9.673534
0.001645
0.003672
4.543744
9.109383
4.414075
3.960750
0.000011
8.352813
3.998936
11.001312
6.959001
7.110135
12.356566
10.180841
0.000533
-0.000000
6.789282
15.465942
10.615636
8.015881
9.622014
13.253675
5.188543
4.674214
10.582743
8.391219
10.852456
4.259528
10.101481
9.663916
14.789414
7.375435
0.001760
6.897577
4.921872
5.377149
10.732155
0.178822
6.782377
5.971994
5.713457
11.667362
15.492756
8.318353
0.002200
9.963357
13.849806
5.396548
4.544101
9.003016
5.688817
0.001375
5.463288
6.546115
-0.000016
4.283473
15.051816
9.773748
12.572637
9.378046
19.061565
6.915926
8.808613
2.630713
6.401639
9.491569
10.250267
6.613912
0.001576
12.394801
9.141088
10.383606
7.077981
14.141549
6.241653
6.576677
3.995966
5.334617
5.716435
13.823948
6.386717
4.974799
8.228095
10.733459
8.944108
12.021322
0.916714
7.124746
9.525982
6.227431
4.192147
6.737313
9.746058
6.930472
11.857644
7.304850
14.354398
12.317267
13.992263
6.560484
4.429762
9.710450
5.861476
8.743057
0.041307
3.840098
6.100039
6.486851
12.825337
10.999956
6.153480
4.488084
4.879099
5.479323
8.523908
7.463676
9.025831
7.581500
6.183769
11.782213
3.560145
4.946088
5.368073
11.209785
4.113985
10.030495
5.678118
5.519361
9.323100
8.769314
6.382933
7.634423
48.777531
5.894524
7.163061
11.803948
10.328936
7.490584
0.002627
6.753127
7.016763
4.293511
9.648624
4.676907
6.157853
4.837710
6.244789
13.435579
9.307570
6.336140
7.199225
7.266903
10.187024
5.551259
10.476406
8.813661
6.854853
10.407370
3.320221
6.385343
5.412595
9.132083
5.289656
5.749678
8.183727
6.566727
5.242006
9.206990
6.227006
0.000004
10.278397
9.125734
9.388326
3.854321
4.316869
9.206069
14.722539
14.143404
8.399602
6.861186
4.777225
6.277415
5.123782
11.278716
7.222031
9.710317
6.434244
12.491913
5.058425
6.522442
5.888943
4.956635
6.541842
5.807689
7.030563
4.880274
25.482246
14.716351
4.080386
6.959321
6.747882
6.134387
5.512798
10.513080
11.655081
14.709503
8.958109
8.118840
7.837642
5.135469
9.097814
9.201818
5.914393
9.118443
6.255089
9.501391
9.152290
8.049136
7.907267
9.208538
9.351315
8.358024
7.576709
0.003205
8.506643
0.002074
6.510483
6.467564
5.944592
6.390402
5.654733
16.671885
8.154430
0.407977
8.371443
8.808005
4.696946
6.426684
5.188198
5.748832
5.158758
10.971641
6.047423
7.394964
5.093684
12.097378
7.183500
7.516847
7.212431
10.186570
5.910252
4.240059
8.629710
11.535240
6.473953
5.654911
6.820781
6.365075
30.635513
11.013416
9.939873
4.668153
6.605647
0.004618
7.981838
12.309278
8.560340
14.416931
9.750246
6.440868
6.953193
6.716674
4.953022
0.000474
5.823276
13.460280
4.382707
7.580077
5.717814
23.617710
7.825359
6.206305
7.953648
5.197338
6.192735
4.445980
5.660184
6.312186
6.457308
14.400355
9.896852
0.345917
8.301945
5.765889
7.092658
8.962820
4.803789
7.340004
8.781287
6.527290
10.562628
6.821655
6.032508
5.097321
4.986010
8.761233
6.279468
6.899863
9.653945
6.373549
12.684866
5.779382
0.003715
15.471098
8.068321
4.670709
11.850454
11.112267
6.142151
6.969215
13.045403
6.841280
6.775737
11.036752
6.097257
12.196933
5.942423
9.212491
5.706822
6.534226
7.787683
9.220461
6.469638
6.176051
9.032995
0.000006
9.643551
4.847962
7.821899
5.718126
3.998807
10.272985
7.453337
12.884359
7.422623
8.457874
5.576570
0.004239
13.972208
21.886059
5.837497
3.751290
11.152239
9.193392
4.943764
7.480981
7.075958
5.837618
6.281597
11.179830
5.243121
0.001340
4.484696
7.571151
6.747336
5.046746
9.069502
6.665237
13.499126
10.384011
10.889691
7.089597
6.879045
7.786092
17.721882
5.485816
7.602332
6.792309
5.995048
4.807620
6.964934
8.111568
7.158600
10.251211
7.767844
4.596482
8.254853
8.404465
7.296703
6.231629
7.367732
5.078027
9.905702
7.937846
4.157860
11.490213
12.362117
18.702082
8.379977
8.322851
7.087504
5.873173
8.435986
7.653646
9.809158
9.259388
4.929658
4.483781
7.779099
6.830859
8.017901
7.599952
8.889870
4.559627
5.222725
4.054379
7.593717
5.242403
7.874760
7.831529
8.155730
7.870128
3.606616
4.094304
11.129364
9.071277
0.004296
6.716752
5.669629
7.483248
9.428805
6.518375
8.852098
-4.791586
6.621144
8.801994
4.505918
6.708241
9.660479
6.356169
6.901359
7.018779
9.916183
7.314518
4.649754
7.321153
4.995525
7.316270
