-0.24550998
-0.32949993
0.017275153
0.12025292
-0.114682175
-0.05153269
0.15871242
0.085412316
0.28820628
0.31364366
-0.18741906
-0.09934584
0.22083434
0.150583
-0.05979183
1.1782365e-08
0.33583772
0.027131308
0.16447085
0.27134848
0.22865611
0.01637945
-0.00028112528
0.21364766
0.07769897
-0.18509813
0.19241647
0.33759385
-0.3571826
-0.19051605
-0.2502698
0.2293125
0.0066184388
0.19403112
-0.08195987
-0.12799545
-0.13682035
5.6518456e-07
-0.41474223
0.25055367
-0.044402428
-0.17767367
-4.3382113e-07
-0.08238741
0.44078922
0.011103816
-0.11863022
0.21742955
4.460099e-07
4.8654476e-07
0.3600676
0.34675002
0.103342086
0.058496986
-0.07244372
-0.14811249
0.08162111
0.19568022
0.26847115
-0.17355637
-0.032810844
5.458019e-07
0.15873532
-0.44095302
0.15452605
0.11635492
0.07374783
-0.33104706
0.047509044
0.24844009
0.17320518
-1.1143276e-06
0.19122307
-0.5064088
0.20640181
0.22410682
0.17134155
-0.18191984
0.32574585
-0.04635794
-0.039971747
-0.08547334
-0.043827187
-0.06220793
-0.35500842
0.0056061815
0.14661658
-3.54413e-07
0.17770775
-0.017538492
0.034231585
0.12172055
-0.22274424
0.21080056
0.22778828
4.5849814e-07
0.23873879
0.29194778
0.34932986
0.054017197
-0.45689002
-0.055333436
0.091636576
-2.029617e-07
0.2079568
-0.15849984
0.014686651
0.045327973
0.06541794
0.3105479
-0.11570491
0.20351958
0.70349115
-0.2167849
-0.14880535
0.19609739
-0.037910774
0.034669295
0.27440155
0.22864754
0.21305251
0.27283484
-0.19952752
0.27974367
0.038859706
0.20067781
0.17305891
-0.25377998
0.3323436
0.36691487
-0.04987305
-0.039650902
0.19730082
0.19742191
-0.10656858
0.011083605
-0.08983361
0.047880538
-0.09975504
0.20430346
-0.053857803
-0.15422302
-3.402489e-07
-0.2557931
0.24541739
-0.09629477
-0.16058885
0.04043366
-0.04938634
-0.15145111
-0.1897884
-0.12963293
0.07212193
-0.06558072
-0.032830887
-0.27545345
-0.20352164
0.13529836
0.10885193
3.933337e-06
-0.12898718
0.06840934
-0.054991707
0.17021665
0.13675311
0.20050701
-0.30827284
0.25351477
0.3867135
-2.3552968e-07
0.23491566
-0.16045661
-0.11260348
0.063063
-0.10962751
-0.040735483
-0.10233369
-0.074304655
-0.009790699
-0.1609404
-0.041609902
-2.591925e-07
0.06587268
-0.2836326
-6.5842505e-07
0.041372214
0.18969548
0.07527842
-0.15586516
-0.051265076
-0.2443097
-0.08967219
0.1747138
0.21583042
0.096053965
0.0722645
2.7967555e-05
-0.031742837
0.23412485
-0.19682482
0.09078097
0.19675529
0.16579084
-0.23340519
-6.953496e-07
0.07976465
-0.043672252
0.053036712
0.09919181
-0.15418819
-0.22699653
0.19321795
-0.12609042
0.38974807
0.17486122
0.044072326
-0.5676179
-0.1618794
0.31380555
-0.16770904
0.130239
0.34379184
0.09207157
0.06729238
0.39063177
-0.18051572
-0.18000914
-0.21860532
0.4187923
-0.07469535
-0.27392033
0.028045166
-0.039653026
0.011957303
-0.061243046
-0.07847493
-0.039515495
-0.00023636375
-0.101123266
-0.09103414
0.11603771
0.07057948
0.38599402
-0.135745
-0.11604564
0.011210354
0.18605335
0.21857874
0.0333188
7.341076e-09
-0.0243876
-0.09924552
0.27776563
0.071786545
0.0075406353
-0.09479079
0.09478952
-0.0062057218
-0.026312718
-0.1756906
0.06978356
-0.18561158
0.054216616
0.23493806
0.015950214
0.08194301
0.044343483
0.06825155
0.11888199
0.34389699
0.03232355
-0.045262802
0.2437649
-0.104060166
0.13417254
-0.33499858
-0.04975926
0.047271844
0.1930299
-0.007059491
0.07823079
0.29547632
-0.12708038
-0.103233136
0.6473109
1.12691815e-07
-0.20079198
0.15372436
0.21334964
0.09735566
0.22300886
-0.15569337
0.21139826
0.06273424
-0.18935812
0.0006516529
-0.35795292
-0.2347375
0.2049823
0.2667807
0.114925504
-0.012497201
0.0083564
-0.036431566
0.19528617
0.0050088665
3.393869e-07
0.13253453
0.120629676
0.0569226
0.3202822
0.40507823
0.27636978
9.297588e-09
0.147676
-0.19586968
-0.2156586
0.10045238
0.15086487
0.041795116
0.2981991
-0.01257782
-1.5051015e-08
0.15620938
0.31258443
-0.3254417
0.3460548
-0.26354915
0.14629027
-0.03283226
-0.5074454
-0.09747218
0.29654518
0.10989911
0.025548212
0.074361
-4.5487386e-07
0.11359598
-0.20542608
0.015596666
-0.061168347
0.21585976
-0.04445343
0.37088364
-0.067143194
-0.24449375
-0.051996984
-0.21515834
0.13799092
-0.07152728
0.08587982
0.113305226
-0.24233755
0.097589575
-0.16815445
0.01797196
-0.15873985
0.40715274
-4.057126e-06
1.7290175e-07
0.22509432
-0.47119352
0.023893764
0.43209583
0.03248362
0.2669034
-0.015846308
-0.050140496
0.045376133
0.18359041
-0.04497897
0.3073849
0.17934622
0.092763565
0.1361396
0.10878239
-0.19651245
-0.3026076
-0.08040831
0.031905804
0.060312398
-7.7274785e-07
0.027436081
0.02877978
-0.08371705
0.10315941
0.22525941
0.34029022
-0.02313923
0.0341556
0.059884645
-0.24092703
0.14311466
0.14152867
-0.08205556
0.11854406
0.25274867
0.11398586
-0.022158703
0.03164426
0.20935833
-0.23468839
0.14290181
0.07022391
-0.10194382
0.07548837
-0.13317214
-6.837856e-07
0.004082458
-0.13728432
-0.03072184
-0.14240639
-0.3018934
0.30716446
-0.10849041
-0.08667858
-7.3551596e-09
-0.23342647
0.23457713
0.661979
-0.24125618
-0.052934833
-0.15204479
0.3440326
0.10649587
-3.8485183e-07
-0.115592346
-0.19136398
-0.23099542
-0.19099456
0.23744237
-0.30284745
0.0826109
0.1317474
-0.24301898
0.21299392
-0.051487483
-0.27490115
0.34667712
-0.020277886
0.10919271
0.16322894
-0.134072
0.038350023
0.19658701
-2.1118833e-06
0.094965376
1.1051771e-07
0.015883328
0.24186014
4.059337e-08
-0.25535965
-0.052074194
-0.06360467
-0.039276864
-1.2331853e-07
0.046732996
0.120510936
0.15893804
0.042418685
0.1256996
0.07691805
-0.13582379
0.029693212
0.029175732
-0.055494014
-0.078737214
0.07488734
-0.07352474
0.068228595
0.17318228
0.30572358
0.2563214
-0.2855387
-0.22594273
-0.07737888
0.022814877
-1.2179869e-07
0.12680168
-0.04307411
-0.04593858
-0.2512164
-0.03738008
-0.13985413
0.19281827
-0.14419374
0.12934579
0.21023817
0.19200075
0.10270522
0.5115562
0.050414074
-0.167438
-0.11994141
0.22907025
0.16937526
-0.04549855
0.112685226
-0.10937773
0.32447737
0.13265839
-0.24551043
0.4860203
0.19199255
-0.0894619
2.2173911e-07
-0.030604016
-0.1791445
-0.069917694
-0.04067961
0.24245816
0.031778473
