0.17450318
0.1640217
0.17062344
0.16366686
0.14962322
0.1514069
0.14725141
0.13563223
0.20968167
-7.528633e-09
0.17526431
0.21265267
-1.3629482e-07
0.06657432
0.15826584
0.12939459
0.13743597
0.19679269
0.1598027
0.12023281
0.14356433
0.15850832
0.17338675
0.13956791
0.15953948
0.16419294
0.14270946
0.15313832
0.16327657
0.16093613
0.13955233
0.117818624
0.17558278
0.17929779
0.07613833
0.17285034
0.14318088
0.19749191
0.1705031
0.16062444
0.13292691
0.18098323
0.15203227
0.15884483
0.135442
0.13941553
0.19204146
0.08145465
0.22838506
0.15230821
0.15151644
0.1698534
0.17687513
0.1523417
0.16342099
0.089374885
0.1365838
0.118446
0.145348
-1.3169352e-05
0.1341157
0.17733051
0.14752586
0.15449652
0.1661325
0.20073414
0.13622093
0.067010276
0.14159714
0.15841986
0.14525017
0.18365237
0.2902147
0.15097108
0.11943472
0.196379
0.18146794
0.14565653
0.17392385
0.14357539
0.12642075
0.17550212
0.16345218
0.2319238
0.071439
0.15243317
0.15458475
0.13506216
0.17424074
0.090583004
0.14805718
0.16047935
0.16304371
0.15577365
0.1758088
0.15923618
0.17525898
0.16446708
0.04670151
0.10186049
0.18917146
0.17121518
0.11892731
0.14154828
0.1603047
0.17023613
0.16259038
0.16790278
0.16562276
0.15303351
0.13668215
0.16110875
0.06935617
0.14527585
0.13470328
0.16515374
0.12771183
0.16922335
0.15209952
0.12728022
0.14660913
9.397309e-08
0.14157094
0.12890533
0.12951453
0.15123813
0.16674563
0.1765397
0.16366005
4.3909787e-09
0.15973707
0.1501256
0.088995606
0.16511405
0.13173528
0.1449277
0.20352909
0.0985507
0.093702085
0.13702515
0.15152477
0.1314573
0.15500243
0.20223689
0.14001185
0.10216649
0.16100575
0.17721704
0.17013602
0.1612009
0.17541867
0.11898541
0.17300735
0.097189054
0.24721378
0.14155534
0.1724075
0.12782231
0.16480666
0.15574071
0.1681068
0.29185995
0.17799394
0.17570716
0.21691021
0.08609921
0.13048275
0.15842058
0.16772805
0.16668026
1.27231035e-08
0.16188218
4.5746597e-07
0.16716605
0.1299422
0.15574607
0.15284346
0.16964176
0.16331455
0.20293842
0.1894832
0.14737894
0.14899977
0.090363346
0.17321602
0.12473344
0.11485056
0.19714111
0.14505893
0.12381214
0.13610172
0.19595172
0.16172068
0.17655778
0.1755715
0.16146703
0.24831678
0.14969157
0.16090553
0.16727495
0.10685332
0.13321868
0.16358407
0.15431395
1.086089e-08
0.18140696
0.1619757
0.1428253
0.1843946
1.0115425e-08
0.1343588
0.13609536
0.08924616
0.13165568
0.08556356
0.17047724
0.1999602
0.12756555
0.07906412
5.8713505e-09
0.19045831
0.14225769
0.12986103
0.1806048
0.17250313
0.19227292
0.26578307
0.16005729
0.06454371
0.16061722
0.17317696
0.19891065
0.17992812
2.777594e-06
0.1421053
0.16211672
0.16414365
0.15785117
0.14622204
0.17552981
0.06771058
0.15445504
0.18108472
0.17843422
0.17480977
0.08525659
0.13412078
0.22893041
0.17312485
0.17930964
0.13027012
0.144929
0.10436529
0.152293
0.14802437
0.2446127
0.1507982
0.16229634
0.16272752
0.15223138
0.1572435
0.17322005
0.12463116
0.088938594
0.118358225
0.19034332
0.17807136
0.17249331
0.12726015
0.10305082
0.12029144
0.13726471
0.17353438
0.13942248
0.14435983
0.115802765
0.15228204
0.14207727
0.1391892
0.13754958
0.118923046
0.15919377
0.15770335
2.3447976e-06
0.1710264
0.14333518
0.120741665
0.18890402
1.0247464e-08
0.1617695
0.15833989
0.15705602
0.14480577
0.15328145
0.16703355
0.13600141
0.1307796
0.17373134
0.16772617
0.17972268
0.088982776
0.14375697
0.18041137
0.14694382
0.03871663
0.14548199
0.17558141
0.19107306
0.18049362
0.14975296
0.3839329
0.15576033
0.1446547
8.272611e-08
0.16826862
0.1411139
0.15053882
0.14579216
0.17403932
0.18381433
0.16552562
0.12009855
0.18458809
0.15842363
0.17788844
0.16563246
0.21205994
0.15735663
0.17024373
0.30863407
0.17081724
0.20308468
0.15986338
0.13429679
0.16561331
8.091856e-07
0.18429501
0.1895382
0.19897252
0.16382124
0.17703483
0.12777564
0.13826166
0.1370834
0.13247538
0.16682224
0.1509937
0.17965938
0.16561705
0.15896651
0.20422731
0.16469787
0.109532215
0.19488072
0.14844486
2.2026782e-06
0.17579469
0.18348427
0.16672269
0.17940083
-4.302499e-09
0.21612276
0.15778911
0.10892322
0.16701208
0.16362885
0.14805365
0.15315257
0.16956449
0.18377015
1.8509995e-06
0.19445494
0.14840151
0.057029884
0.15087746
1.9797983e-06
0.16317688
0.13825859
0.19490486
0.15032196
0.13806067
0.16070704
0.15209533
0.06571673
0.14026229
0.18032697
0.16188082
0.21681696
0.18579295
0.07617182
0.10882378
0.07676206
0.07634432
0.18137795
0.3340596
0.17093465
0.10218678
0.15009053
1.10604276e-07
0.16202924
4.4568569e-07
0.16011773
0.11697958
0.16435707
0.1854777
0.21757892
0.1829754
0.17268677
0.1590041
0.16961928
0.14098349
0.24678878
0.1236153
0.1489343
0.11806808
0.115280576
0.16900258
0.16766277
0.17644064
0.16422366
0.13223492
0.16335416
0.17297716
0.2655224
0.15310024
0.1588155
0.131927
0.15198381
0.1455503
0.17149219
0.07312135
0.17839605
0.15206556
0.051489662
0.17071913
0.15257524
0.040464036
0.19768423
0.100257054
0.15578999
0.16020793
0.21299925
0.15124795
0.17582549
0.095494926
0.097275846
0.15918319
0.16566652
0.16837715
0.1692729
0.16846558
0.12810256
-1.3504462e-06
0.17557083
0.14963081
0.13588561
0.17264704
0.16600493
0.06386121
0.1487803
0.10924512
0.18484275
0.15261322
2.6573737e-09
4.5599973e-09
0.20107679
0.14782417
0.087534614
0.17730558
0.15583767
0.1620936
-2.926168e-07
0.16129638
0.12850569
0.14242466
0.16431133
0.16739619
3.054539e-06
0.1552799
0.17968005
0.14498511
0.18701687
0.16710235
0.17055407
0.16551827
0.14520548
0.17542328
0.18083172
0.15386121
0.16151072
6.114232e-08
0.11740327
0.16060126
0.13375908
0.1688846
3.181974e-08
0.1752195
0.17864446
0.15012994
0.16918197
0.15235044
0.19972506
0.14277461
0.14517623
-1.7433108e-07
0.16053604
0.14414799
0.09345308
0.15508567
0.20840684
0.12385984
0.09738117
