0.337608
0.764006
0.015171
0.004951
-0.025422
0.330570
0.640976
-0.033762
0.001681
0.434221
0.550987
0.387498
0.796147
-0.006200
0.939716
-0.000000
-0.005690
0.858391
-0.001740
-0.006814
-0.127798
0.001599
0.000055
-0.144217
0.327431
0.211868
0.873517
0.496101
0.299391
0.398478
0.365047
0.423582
0.391811
-0.004020
0.705468
-0.002776
0.342254
-0.000000
0.916393
-0.024020
0.514859
-0.209255
0.000001
0.578073
-0.014549
0.011608
0.526047
-0.003123
-0.000000
-0.000000
0.008492
-0.034774
-0.003738
0.001063
0.291244
0.513168
0.552449
-0.003243
0.379209
0.984248
-0.001314
0.000003
0.534727
1.034424
0.897919
0.875466
0.449487
0.483077
0.907495
-0.183383
-0.002772
-0.000000
0.004687
0.555726
-0.093145
-0.023503
0.015636
0.366574
-0.082118
0.007779
0.436530
-0.017911
0.094238
0.175588
0.568311
0.312664
-0.004175
-0.000000
0.003654
-0.002970
0.340550
-0.002044
-0.027188
0.829148
0.000949
-0.000000
-0.000661
-0.099295
-0.006024
0.462001
0.372604
0.415123
0.775891
-0.000000
-0.008876
0.587013
0.011315
0.003422
0.451229
-0.003666
0.911304
-0.003793
-0.054537
0.326439
0.398340
-0.011224
-0.003700
0.333587
-0.021849
0.671610
0.807843
0.006522
0.479568
0.841408
0.494644
0.003406
-0.011546
0.536103
0.544816
-0.061883
-0.007592
0.369343
0.830340
-0.016078
0.547546
0.005079
-0.001525
-0.003258
-0.028902
-0.005070
1.098242
0.504876
-0.000000
0.338747
0.006518
0.005722
0.545189
-0.004755
0.444339
0.971995
0.611927
0.284831
0.517125
0.566541
0.005321
0.546960
0.448711
0.001016
-0.005621
-0.000001
0.314352
-0.002937
-0.003115
-0.001432
-0.004383
-0.039728
0.649063
0.013167
0.001866
-0.000000
0.915948
0.718398
0.372255
0.339033
-0.006411
-0.002780
-0.002166
-0.245918
0.240444
0.534939
0.578435
-0.000000
-0.001616
0.315186
-0.000000
0.564660
-0.097288
-0.001672
0.888775
-0.075728
0.316803
0.916956
-0.008008
0.739838
-0.016351
0.270618
0.000952
0.529486
0.461626
0.526058
0.517588
0.915569
-0.026651
-0.001313
-0.000000
0.008680
0.574083
0.765293
-0.035241
0.539541
0.828356
-0.004074
0.243167
0.006472
-0.003066
-0.005684
0.660318
0.358485
0.009536
0.546857
0.555960
-0.005664
0.912602
-0.005354
0.868637
0.004120
0.362562
0.001847
0.807299
0.730284
-0.004138
0.509571
0.005632
-0.001400
-0.009050
0.552493
-0.001259
0.856551
0.491889
-0.005865
0.962648
0.565732
-0.095571
0.500617
0.554018
0.517800
-0.014202
0.486082
-0.035248
-0.000000
-0.004126
0.369228
-0.044536
0.294313
0.423673
0.558479
-0.006170
-0.046441
-0.071289
0.283757
1.216280
0.695211
0.526566
-0.005484
-0.032651
-0.000209
0.351039
-0.003448
-0.166071
-0.001406
0.544396
-0.004058
-0.199849
0.504305
0.477668
0.587566
0.288340
-0.280120
-0.000184
-0.035618
0.007313
0.002988
0.062893
-0.004725
0.002285
0.000000
-0.177084
0.491174
-0.005138
0.504384
0.683637
0.507151
0.487121
0.330939
0.560953
-0.004554
0.286720
0.715129
0.722512
0.003785
-0.176473
0.566303
-0.004699
0.779932
-0.035889
0.262004
-0.000000
0.004137
0.377712
-0.036404
-0.002212
0.002679
-0.034370
-0.000000
-0.002189
0.300975
-0.001320
0.909275
-0.017362
0.667080
0.012712
-0.002700
-0.000000
0.005751
-0.026640
0.949941
-0.007358
0.955426
-0.003526
0.391862
0.689028
0.352822
-0.001314
-0.035017
0.545308
0.504718
0.000000
0.336830
0.278588
-0.004722
1.307206
-0.015207
0.594631
-0.014520
-0.001411
0.446927
0.601389
0.445364
-0.153872
-0.078038
0.363024
-0.102895
0.525590
0.533730
0.494276
-0.001650
0.493444
-0.004023
-0.000001
-0.000000
0.523736
0.455065
1.030743
-0.104211
0.254220
0.474594
-0.008634
0.806770
-0.005152
0.955199
-0.178767
-0.003282
-0.002349
0.543961
0.003837
0.010473
0.489852
1.059912
-0.005185
0.392972
0.470213
-0.000000
-0.002500
-0.005203
0.580050
0.470622
0.861276
-0.002852
-0.018054
0.648165
0.003725
0.270751
0.385636
-0.002994
0.273689
-0.014858
0.530902
0.295849
1.455349
-0.190629
0.875763
-0.001854
0.533595
0.465683
0.672286
0.715551
0.712469
-0.000001
0.014012
0.196079
-0.004870
1.028731
0.779123
0.011207
0.502841
0.402816
-0.000000
0.440600
-0.068416
-0.572040
0.356633
-0.000839
0.293848
-0.074535
0.860049
-0.000000
0.002751
-0.003524
0.574373
0.471068
0.002041
-0.004932
0.509096
0.002078
0.531186
0.538353
0.941066
0.421066
0.000092
0.514121
0.735960
-0.038801
0.001618
-0.006633
0.318038
-0.000001
0.548577
-0.000000
-0.003368
0.000363
-0.000000
0.517039
0.577122
0.794685
0.022114
-0.000000
0.308876
-0.034861
-0.022308
0.350536
0.550951
0.296160
0.443258
-0.008727
-0.000938
-0.002116
-0.037865
-0.004029
-0.075735
0.978978
-0.003575
-0.002831
0.721211
0.542238
0.543822
-0.005163
-0.049605
-0.000000
-0.005185
0.409913
0.987569
0.364028
0.502591
0.425076
-0.147029
0.451801
0.547948
-0.006181
0.554710
0.006001
-0.005201
0.924959
0.281764
0.529007
0.002063
0.006873
-0.006689
0.870651
0.524975
-0.007263
0.541021
0.119350
-0.129900
0.629810
0.350686
-0.000000
0.567193
0.007614
0.713439
0.338458
-0.002057
0.563262
