0.2810479
-0.0107401395
0.04091423
0.015391284
0.3269835
0.25799927
0.3324742
0.21719846
0.09701193
-4.555457e-08
0.16954385
0.15896796
-6.8332014e-08
0.04415979
0.26784122
0.021650728
0.011431268
0.33297142
0.3472199
0.017529842
-0.010900435
-0.05548546
-0.0146580525
0.32024306
-0.0008582997
0.19646244
-0.06091366
-0.05796929
0.022581678
0.40173757
-0.045045845
-0.06542918
0.08485171
0.033736885
0.18668255
0.0063072513
-0.09627197
0.004846326
-0.094519295
0.382282
0.06962901
0.1691624
0.040225245
0.059807327
0.023554148
-0.0103865685
0.21156964
0.014769127
0.23435603
0.34164718
0.08564863
0.056722194
0.013612178
0.38057563
0.09211927
0.07774382
-0.009064348
-0.037935853
0.3329211
-0.0002090526
-0.06000061
0.43427488
0.0014886204
0.012907132
0.33272856
0.47667015
0.066706866
-0.08435622
0.22116375
0.0913201
0.059338447
0.15573971
-0.050914004
0.011689546
0.030900182
0.4518882
-0.04117469
0.21048059
0.3783502
0.34362525
0.26457968
0.26300555
0.36009485
-0.1925177
0.0774364
0.33943406
0.0576211
-0.013358887
0.071636826
-0.037251126
-0.02218299
0.33935553
0.26000327
0.40256917
0.24730438
0.026426336
0.3996876
0.031619962
0.007571161
0.30301407
0.03003986
0.029477064
-0.11680809
0.04767267
-0.0046153227
0.4277354
0.10154778
0.14748996
0.28990576
0.0132831
0.046768222
-0.02056947
0.040543165
-0.03732837
-0.05815608
0.43060544
0.35096312
0.33140323
0.03166993
-0.049101148
0.056921788
-3.4236925e-07
-0.046283353
0.097382806
0.0397927
0.0155074475
0.08734584
0.3468076
0.26979893
-5.9309535e-09
0.00057515677
-0.06837877
-0.12620997
0.18674228
0.028039292
0.06403561
0.16130069
0.28132716
0.04323513
0.012397492
0.26069647
0.05955196
0.3951818
0.197541
0.029621838
-0.07488007
0.1623111
0.13382041
0.35669973
0.03505537
-0.121312924
-0.15358785
0.047739305
-0.025137845
0.4863819
-0.19800012
0.26319042
0.34257782
0.3178159
0.33820945
0.44230264
-0.10787903
-0.06886074
0.045430027
0.0013554271
-0.060581528
-0.027400585
0.043378565
0.34048292
0.08578074
4.4418844e-08
0.053829096
-6.198829e-08
0.18690489
-0.047301304
-0.021269636
0.092191264
0.42704162
0.03556163
0.107660234
0.20558032
-0.032216776
0.19410253
-0.18451434
0.027326366
-0.1884405
-0.08527867
-0.06832227
0.051528625
-0.044655997
0.03981086
0.24870242
-0.084993914
-0.024100473
0.30941564
0.13733302
-0.226056
-0.059470765
-0.0728324
0.05706654
-0.064873114
-0.021887142
0.019645149
0.28870186
-2.3116318e-08
0.39748982
0.4085837
-0.21271673
0.13501407
-1.1791714e-08
0.06649515
0.30118203
0.05758867
-0.08490074
-0.05018273
0.46679506
0.26252905
0.363588
-0.06555261
-6.613413e-09
-0.16160226
0.008787075
-0.07431764
0.17957939
-0.10912499
-0.057865232
-0.12115132
0.35141996
-0.0034376534
0.35516155
0.045582347
-0.04543525
0.10580207
-1.5994697e-08
0.024531813
0.22514594
0.41098163
0.4297485
0.01027704
0.13999723
-0.117121264
0.021947758
0.32087192
0.3174104
0.055738896
0.040375404
0.025336513
-0.09181913
-0.011931193
0.40019387
-0.147768
-0.2457102
0.49012047
0.037866887
0.020066535
-0.17575921
-0.050410543
-0.048964106
-0.013735921
0.06733299
0.06765737
0.4028428
0.27177092
-0.029624397
0.4142865
0.23500147
-0.010256139
0.4212657
0.0028111986
-0.105043985
0.055870634
-0.03604062
0.099241056
-0.09520425
-0.12603043
-0.04493307
-0.19612919
0.011016754
-0.06589266
-0.10032128
-0.021755371
0.46886352
-0.09598362
-4.344463e-08
0.0023961402
0.20966388
-0.027116215
0.41245565
-3.3590386e-08
0.3135933
0.39754325
0.34503773
0.013359508
0.077027865
0.3199545
-0.022240119
-0.13672996
0.14353421
0.21636513
0.58820194
-0.07286095
0.014572312
0.35954997
0.22039212
0.05248603
-0.043515764
0.35748112
0.4524498
0.18908015
0.02100813
-0.22574466
0.052512303
0.040114768
-1.1797938e-06
0.3578767
-0.107392475
0.057960797
0.29821768
0.025278809
0.065602526
0.05113105
-0.084184535
0.08834012
0.340637
0.3982619
0.094145045
0.14758216
-0.006263986
0.32059196
-0.061246775
0.29284164
0.19166985
-0.012075204
0.23028034
0.041254
-1.8731932e-08
0.31173655
0.297384
0.42219487
0.06687826
0.5037943
0.041216787
-0.021565381
0.3455657
-0.020309823
0.3520024
-0.020690575
0.044460002
0.035833485
0.16499493
-0.05378634
0.0754389
0.18048266
0.40046942
0.14818066
-6.1391012e-09
-0.009935133
0.11746526
0.046856605
0.042171083
-2.8394531e-08
0.17728864
-0.012207083
0.34350228
-0.07868787
-0.10341691
-0.08790581
0.35524744
0.053114463
0.11394732
-7.513281e-08
0.07606222
0.42295203
-0.08291899
0.20357916
-7.120804e-08
0.08590084
-0.13292421
0.43430215
0.058089904
-0.13905089
0.06600399
0.0041737068
-0.016553247
0.03594422
0.36166257
0.13836282
0.063837476
0.11342318
-0.04906873
0.118283026
0.15259176
0.06882598
0.06632414
0.16047455
0.00868844
0.08747996
0.024669923
-4.7619586e-08
-0.031055354
-5.0132147e-08
0.24089213
-0.18716486
0.09747529
0.06202799
0.18369763
0.27601448
0.0033372897
-0.02139705
0.27063954
-0.0058560437
0.55017453
-0.10336851
0.4098335
-0.19557694
-0.004946242
0.041887105
0.40320596
-0.008848214
0.31207642
0.02032891
0.38766846
0.012967803
-0.13854456
-0.03765124
0.3541623
-0.099619396
0.17774622
0.31686297
0.0020869134
-0.14219058
0.39297438
0.082858734
0.12074761
0.03524866
0.06298519
-0.07775628
0.14598484
0.21940519
0.13486007
0.33796257
0.059474453
0.06949288
0.2259552
0.020491345
0.042409334
-0.045766924
-0.10565824
0.3670338
-0.043258928
0.35993177
0.0074988483
8.698507e-07
-0.03644717
-0.006880999
0.11889856
-0.13134052
0.33083126
-0.048548166
0.015844861
0.15538232
0.05181633
0.51843774
9.406836e-09
-7.067048e-09
0.18208274
0.045367524
0.06794599
0.1706194
0.19965446
-0.04166638
1.1352688e-06
-0.06284125
0.036403406
-0.04735515
0.36779037
0.37130716
1.0065315e-05
-0.014615366
0.20669265
-0.041944794
0.29950213
0.36025825
0.08546623
0.36741474
-0.1449775
0.36186674
0.009922972
0.15161198
-0.04447543
3.675149e-08
-0.121335804
0.05623884
0.023456883
0.028292622
-5.9690315e-08
0.15424007
0.26598793
0.06533029
0.32111257
0.022310749
0.008268853
0.009351521
0.04326998
-1.4017714e-06
0.18061203
0.047110066
-0.03574748
0.010107502
-0.081444986
0.004948961
-0.18465808
