0.21475579
0.12743928
0.34741783
0.16609158
0.13148099
0.19695964
0.05516661
-0.0043115495
0.18530557
0.15039575
0.1599784
-5.6240356e-07
0.22308087
-0.004593517
0.08375881
0.096927226
0.09794475
0.15918663
0.19213036
0.321419
-0.026170319
-0.020232797
0.10343742
0.22213818
0.21679148
-0.008844293
0.19839408
2.5937685e-10
0.2532816
0.17661585
0.12719056
-0.09121308
-6.524562e-09
0.18972534
8.372218e-05
0.008571868
0.24353778
-3.4658346e-08
0.17912988
0.12815265
0.19680974
-0.01674794
0.16330081
0.0749243
0.02655941
0.0560718
0.2111239
0.14929573
0.18205133
-1.91717e-07
0.0064186337
0.23941447
-0.019381842
0.14480309
-0.032599926
0.16388217
0.18172887
-2.0268887e-07
0.0867799
-9.354379e-08
0.029470764
-3.6794432e-07
0.19918913
0.1507615
0.21380411
0.16272956
0.16233245
0.19182917
0.19993368
0.14511766
0.081700325
-4.754487e-07
0.19266695
0.19877505
0.050358012
0.01193806
0.1747924
-0.029641654
0.2155963
0.1264758
9.349536e-11
-0.033473264
0.18330166
0.19646841
-5.350648e-07
0.15492521
-0.02156403
0.13060838
0.1359019
0.16034555
0.182429
0.1058382
0.15703359
-0.016970653
0.27684128
0.18600869
0.1742858
0.1407176
0.15983367
0.16344449
-0.0032803172
0.10094005
0.2208657
0.18032414
0.23773138
0.17667829
0.24645822
0.20443624
0.036715552
0.044712175
-0.022116164
-7.189592e-08
0.14981443
0.20738538
-0.015390844
0.15716368
0.19559176
0.19831145
0.034081142
0.19253746
0.1299882
0.1745935
0.21816982
0.20706515
0.16955549
0.11482192
-1.04329715e-07
0.24603073
0.2452016
0.12675227
0.076887205
0.15557003
0.20189218
-0.07666109
-0.0055854693
0.20998344
0.093070485
0.016247591
-0.0948199
0.08922502
0.23434095
0.067535795
-3.8971e-08
-0.07573391
0.009821877
0.16692832
0.031047959
0.14968185
0.086605296
0.26184568
0.18398131
0.13304742
0.22454669
0.21804546
0.22113231
0.22451523
0.078699976
0.2344365
0.17737846
0.17301728
0.12598465
0.014399518
0.029366655
0.14928414
0.15972872
0.09216336
0.24108458
0.17004511
-6.210205e-08
0.082887195
0.18910849
0.040778264
0.15811253
0.013703863
0.12252176
0.14310105
0.005280748
0.21447767
0.1825147
-2.0359971e-08
9.943675e-09
0.13793942
0.21023981
0.10803199
0.644129
0.19617869
0.20709151
0.15599217
0.06092717
4.3557627e-10
0.18578038
0.21481906
0.009717276
0.13041966
0.02893468
0.15797451
6.1977506e-10
0.059885357
-0.03241793
0.16581495
0.014659467
0.16392757
0.15155442
0.18966174
0.1427752
0.18628132
-0.029344168
0.18514778
0.21260491
0.036500756
0.26530573
0.034246463
0.14161928
0.13256143
0.13964273
0.21922058
0.19271897
0.25196084
0.045177564
0.089437306
0.15945596
0.15915607
0.15874742
0.22985156
0.16100894
0.07984777
0.12862736
0.07547265
-0.04840125
0.016060408
0.20840079
0.19290291
0.12178676
0.19765009
0.033440225
0.06269748
0.09188993
0.26536822
0.05599283
0.098823376
0.016566295
0.20345896
-8.372373e-11
-0.07349257
0.064806804
0.21387927
0.23547566
-0.074506536
0.13536029
0.17104553
0.2094265
0.13994893
0.07766814
0.15208387
0.03782231
0.18556902
