5.592146
9.257988
6.882811
6.235463
5.636259
6.577456
6.684288
6.698919
7.873049
5.244692
5.406343
5.366055
9.307424
11.341510
12.072531
0.002718
9.066251
10.360932
8.196452
21.368324
8.170579
8.611717
0.331557
5.654298
4.052316
6.277686
10.389989
4.695372
7.809254
5.765642
6.278481
4.775862
4.785545
19.415844
9.670419
8.222992
6.375778
0.002442
11.029225
6.603673
5.757168
20.020899
0.003892
6.322008
6.000238
7.118283
5.369570
9.603339
0.003191
0.000105
5.797380
6.005910
13.566891
7.454730
7.127889
7.225776
5.754610
20.681450
4.621922
12.003760
9.996345
0.012332
4.751280
12.784166
9.738369
10.739514
6.125109
4.805583
9.684395
7.254156
10.655620
0.000969
7.326923
4.951942
6.413906
11.015195
5.968638
6.221658
5.805468
8.052837
7.133182
9.800385
4.145267
5.110469
8.098038
8.034015
11.384766
0.000042
7.757411
7.683080
5.011811
7.338614
8.286739
9.208585
9.007976
0.001891
9.423443
6.321780
10.171995
6.569298
8.775093
4.913754
9.154363
0.001953
9.136273
6.095878
6.313299
6.898783
5.255295
9.375130
10.976727
10.850133
6.354187
7.093756
4.510416
34.485901
7.195898
5.908936
5.538265
8.998703
9.840731
7.577496
5.772834
9.519389
6.821306
5.305806
5.670488
6.000242
6.887341
7.343659
24.026537
5.521344
11.674187
43.026207
5.696589
7.142878
7.084418
10.411298
6.372712
6.954697
10.053115
5.478055
0.000001
6.983275
8.054554
12.477742
6.549909
8.535300
7.407611
11.009693
6.011564
6.942733
5.593019
5.694403
6.802553
6.018012
6.186687
8.324862
19.054972
0.004296
7.068900
6.418178
9.614698
8.200394
8.139704
6.171493
4.508998
6.583039
7.715481
0.000155
10.823816
7.241211
6.164505
7.540018
8.630337
8.889389
6.895303
10.922949
4.282747
6.773971
5.941681
0.003101
8.533123
6.083183
0.001182
5.313662
8.135094
6.119514
10.753478
7.321440
8.649098
10.655907
27.918442
10.098609
24.100819
5.849827
9.549712
5.549031
5.797821
6.933308
6.916592
12.343967
7.674380
8.931743
0.000037
6.320523
5.592461
9.015003
6.377033
7.300024
4.995079
12.130301
5.304037
7.486161
7.940158
19.726311
4.545581
5.959906
6.255963
5.075846
8.109364
8.945654
12.418057
11.370550
11.799564
7.967261
5.749576
8.672416
9.754674
9.403661
12.417134
5.982820
9.468712
6.970334
10.387129
13.120337
7.160382
11.107934
6.011775
15.020212
8.979538
6.160693
6.851224
5.286674
4.716828
5.423339
7.764953
5.592278
7.381225
0.001781
14.969105
6.957099
5.966276
5.711967
5.507157
10.508986
9.765472
7.456336
7.549736
10.307721
13.470220
9.849290
7.080273
27.144108
9.071919
8.676905
6.180289
13.769750
5.787189
11.548249
5.554206
15.203149
8.228057
5.467054
5.490435
5.557570
5.631933
7.853324
8.434655
7.060652
7.067712
5.726090
4.611016
18.646944
7.546408
0.001632
4.066725
5.373564
9.524183
6.046969
7.655424
4.910073
4.917940
5.080225
5.998487
16.548862
7.914373
9.154303
7.503026
6.983518
4.427729
8.338829
10.181279
11.106827
11.809690
5.553185
0.002654
7.217583
4.773924
7.094717
8.489423
7.599791
7.807226
0.003184
11.079913
6.542743
13.535466
10.635446
7.262529
10.033904
6.352057
6.371455
0.000193
6.904636
5.483027
10.310551
11.136852
11.574574
6.470272
6.185035
10.084451
6.398727
9.772450
8.582864
6.470453
5.041944
0.001338
5.425286
6.904820
12.611537
12.485916
8.129353
6.197359
6.222350
7.180633
3.976830
5.651193
6.795726
9.187677
9.929230
5.063596
6.059060
6.512334
4.518693
5.457729
7.848960
5.096313
11.031996
0.005480
0.001662
6.321367
7.262403
11.175174
5.907886
6.264149
6.137843
9.771020
10.224748
6.647565
11.570070
11.003785
10.905729
10.303033
6.134142
6.771309
7.623904
5.814311
10.393432
9.385979
3.841699
4.939840
0.003149
9.553093
8.418302
5.733990
6.646146
9.509330
12.230039
8.227536
8.450868
9.121549
6.716125
7.315678
10.724957
7.280923
8.342975
6.100923
5.682208
13.466859
8.203245
9.966484
9.439619
6.401245
4.924448
8.766391
8.441583
7.814674
0.002680
6.740997
4.710166
13.884933
12.073885
8.944507
8.198427
7.324000
5.216490
0.000004
6.397934
6.886516
4.393200
5.549605
13.373854
8.451241
7.103994
8.658057
0.001954
7.067677
18.025986
7.388779
6.863658
8.275827
8.118190
5.585409
7.110266
5.175122
5.215725
12.174094
5.820266
7.819610
5.935716
7.784100
6.906191
7.103773
9.433703
6.132091
0.003788
6.241547
0.002034
6.269695
8.267855
0.000000
5.048582
6.294295
10.469512
6.018254
0.002605
6.155001
6.756363
8.889782
6.619934
5.699477
8.498908
6.181376
7.980107
11.954763
9.441833
6.960108
10.996629
9.343665
10.456843
12.009369
9.856815
8.294185
7.740520
6.855184
9.283650
6.831810
0.001995
18.611643
5.592457
11.099947
4.616367
5.916545
5.862253
6.353782
7.088107
6.514539
6.637143
6.801150
5.731967
21.196848
10.714667
8.837219
7.618858
7.440955
7.551567
9.474465
9.908710
5.546502
12.920109
7.601765
5.390939
6.759829
7.313219
6.011326
0.000176
5.597811
6.985794
8.891251
5.835315
7.228710
5.429178
