6.978372
5.450292
8.833444
8.397906
7.831007
10.825978
5.691422
5.365734
7.159340
6.412539
6.914009
8.195219
5.305807
6.123319
5.355874
6.404983
5.348484
4.575053
10.360626
4.966862
5.055851
0.000008
9.897947
5.621762
5.453561
6.216290
5.028348
5.218287
7.756344
5.520703
3.828079
3.632634
7.360655
8.367222
7.553274
7.178642
5.623644
5.727424
5.258749
5.138122
6.469670
5.048972
7.068397
0.003196
0.000002
6.793017
4.743612
4.779117
4.904203
6.779449
6.051418
6.583400
0.001259
6.990361
6.874303
5.371629
4.347269
5.633690
4.249779
4.110159
8.094057
8.811834
9.009998
5.551392
3.723761
5.971535
3.706115
6.137182
7.589422
4.769792
5.487557
5.325689
4.003357
6.845958
5.145537
4.897400
3.434663
7.477585
4.852286
4.252753
5.262995
8.150331
6.664617
8.336884
4.077736
8.983963
9.016351
10.466702
0.001487
10.197308
5.456673
5.222590
5.358150
4.136008
8.145121
6.168859
5.738499
6.420779
6.712643
7.003146
6.544198
9.177130
0.000284
5.328670
10.173573
10.461394
6.480503
6.587501
7.193178
4.107203
4.257933
0.000092
9.141932
0.000060
6.335444
5.528996
8.116210
0.002329
8.265477
5.378790
0.001365
6.014289
5.944776
4.771142
7.582253
4.528718
5.267487
4.604395
7.525340
4.451501
5.054177
5.417102
4.714556
4.967764
7.650026
6.593029
6.020538
3.683646
6.330370
8.471252
7.190211
0.000644
5.719186
4.698424
5.598549
9.112881
4.700805
0.001859
4.141492
8.552321
3.405770
7.262736
10.101464
9.249076
5.676273
4.452642
5.955158
7.959167
3.518039
7.261871
8.059128
4.176505
4.815256
4.732577
5.123086
5.469454
6.333294
6.797850
5.738926
8.653496
5.373052
7.163736
8.061961
8.278934
5.342216
6.670626
0.000004
3.524537
5.044061
6.485232
6.759969
6.561448
5.925036
4.118520
4.375679
8.352551
6.903045
0.001156
10.084798
5.167386
4.214719
4.759823
3.959019
9.649111
6.838622
5.714359
5.812754
5.249518
4.741165
5.201021
5.117609
5.511247
10.470597
7.028288
5.000428
6.856167
6.556843
8.320754
6.915784
5.872205
7.637253
6.449164
5.612132
7.631379
4.017910
6.170627
4.448161
8.903883
6.378664
8.865012
0.000002
4.868728
0.000998
8.452862
4.984778
8.116914
5.840527
8.485795
7.530308
4.742078
6.343066
8.233630
0.032502
0.000976
5.337592
6.419960
4.568892
6.480031
6.854115
6.679090
6.648882
5.997940
3.704721
10.945813
4.616858
3.299820
8.734775
5.216733
6.849159
6.183295
0.000024
5.226352
4.008093
12.623103
5.851402
0.003176
0.001055
3.837279
6.941037
4.767430
6.664900
4.167444
4.326707
5.950784
16.808657
7.310309
7.512910
4.344993
3.356338
6.059778
4.986803
4.784582
4.165866
10.377081
0.001222
6.834968
9.948096
8.792147
7.161487
6.952711
7.085820
4.785192
9.163956
12.228277
5.983801
7.562413
9.409229
5.808096
3.811779
8.452677
6.797512
12.223684
5.918650
4.536321
6.843400
6.821506
9.335027
3.552740
4.300035
4.824837
6.914773
6.277219
7.703989
4.493171
10.218664
4.098717
4.593569
5.938629
7.176104
5.469598
5.911002
6.249226
7.576412
3.992873
0.002396
6.548233
5.078384
6.787063
10.495245
4.462155
4.336328
4.902376
-0.000001
6.067540
9.492685
6.448112
4.747500
4.172247
3.740869
1.676103
5.991981
0.000008
4.541081
6.162049
5.528866
6.533385
4.783764
5.817941
8.225703
0.000728
17.080490
7.310983
7.891034
9.998176
4.880104
4.814333
0.000002
3.813707
5.204897
7.327256
9.843587
5.373764
4.169188
4.970406
8.983300
6.558545
9.533902
7.559206
8.500950
6.464503
0.000053
8.381925
6.016854
6.011476
5.000385
3.809267
7.715607
5.769680
4.674483
4.054248
7.414936
8.889872
4.099880
4.164061
0.002775
8.398344
5.876468
4.299841
6.518697
4.396742
8.017887
5.524156
3.832347
5.718544
7.036777
4.939145
4.418965
3.977252
5.491651
4.647471
4.037486
0.011429
4.558198
7.122303
8.057222
3.832751
6.461522
4.300756
5.563175
6.781248
6.255507
4.178638
4.841605
3.468821
0.001449
10.172884
6.299894
3.386163
3.907540
8.722109
7.559398
4.122276
0.000065
12.189981
4.505920
7.406327
6.486270
6.351300
6.959779
4.625547
8.862419
0.000082
3.841285
4.485775
5.868947
8.924460
5.212441
7.849702
4.615582
7.388637
5.839802
5.205466
4.757490
4.584091
4.082064
4.267846
6.014259
7.712234
6.330196
7.208101
0.002346
9.774836
8.035628
10.674380
6.356745
5.507033
5.941361
6.893163
6.223296
2.536266
6.652267
3.435451
4.682217
9.128369
6.485363
7.798093
4.647978
9.308855
6.501739
6.067690
7.711714
5.551168
6.987476
4.107049
9.778316
6.879001
6.030249
-0.000008
6.802169
6.124026
7.529638
7.081932
0.001551
6.565686
5.146076
3.051375
11.253538
4.846997
4.037318
4.818293
0.000007
7.154640
6.001558
5.100687
6.589194
3.968456
5.548201
4.492011
4.755462
4.648583
8.637220
3.690543
5.744599
7.303180
6.173689
5.445766
7.250277
5.168132
6.926211
4.315118
4.244311
10.129298
4.843745
6.428433
5.226859
7.183505
2.508684
7.009383
4.705024
9.072740
4.212793
4.079617
