0.14449292
0.08003097
0.14812365
0.07259716
0.15718983
0.0821679
0.18873873
0.17403035
0.09299866
0.105778076
0.06930114
7.81534e-08
0.13479604
0.17626865
0.16942354
0.09502382
0.16351072
0.13978107
0.10009259
0.11465873
0.15537779
0.17016916
0.17345789
0.08679128
0.099433824
0.14702098
0.14350906
1.6934347e-06
0.20450392
0.10527563
0.11741996
0.1757679
1.4622308e-06
0.084494285
0.18640871
0.2672212
0.13836844
-6.30896e-09
0.11854902
0.18312916
0.07336299
0.15584154
0.13389449
0.10735742
0.17185499
0.19003695
0.11310374
0.12513779
0.1410672
-4.2426713e-08
0.2181054
0.17119044
0.18363139
0.17020103
0.19266996
0.19666284
0.19721611
2.330246e-08
0.15173317
-7.9588585e-09
0.11879145
3.735808e-08
0.09401362
0.13889158
0.12830965
0.100208335
0.16340357
0.114887424
0.07791556
0.15594628
0.1379333
-9.9888965e-08
0.18113144
0.0956244
0.13532999
0.19320238
0.09977197
0.18514432
0.1387866
0.13830774
1.46671e-06
0.19969752
0.18633012
0.10833864
-7.8116756e-08
0.14351858
0.18055128
0.17066424
0.09988378
0.16491015
0.06912861
0.18846016
0.12447236
0.20390034
0.08529569
0.08210265
0.13329373
0.1366474
0.10258314
0.09373927
0.15531218
0.14152631
0.11006707
0.13566387
0.056082193
0.13540794
0.13668826
0.08672195
0.1524503
0.15255047
0.18811317
8.601279e-09
0.14718789
0.0835045
0.20299512
0.13266636
0.122538745
0.06888653
0.18784724
0.07254325
0.14857672
0.099463716
0.12693469
0.13228537
0.16330245
0.18661124
5.9191163e-09
0.12071656
0.072999045
0.18256512
0.14774577
0.1532951
0.1734549
0.18662415
0.18328553
0.10565587
0.11619342
0.15522462
0.17348224
0.16849606
0.13029222
0.16852124
1.5971256e-08
0.23061575
0.25486368
0.08367208
0.16628605
0.16712557
0.17911083
0.0842012
0.16740401
0.11464575
0.11691413
0.13457374
0.12116531
0.11151824
0.1186571
0.14264351
0.13561578
0.109589346
0.097421184
0.18638982
0.14685312
0.11619349
0.17639226
0.16616006
0.10004039
0.14580818
3.912027e-09
0.12506954
0.18329558
0.121188045
0.11121067
0.18674876
0.15016118
0.13528386
0.16548516
0.09611079
0.094672546
-3.1461756e-08
8.861793e-07
0.1227212
0.063186385
0.15000224
0.09228035
0.123642
0.090639636
0.10782357
0.11623858
2.6415332e-06
0.14553542
0.124400355
0.16240871
0.15565042
0.17846347
0.103430755
7.7660013e-07
0.14823242
0.14765438
0.109735794
0.20349856
0.09232741
0.1286978
0.06978071
0.13028245
0.15390527
0.16981123
0.10982641
0.123214565
0.13005921
0.09894423
0.15615085
0.13753389
0.1332889
0.14642973
0.17074592
0.14277488
0.1554784
0.18267955
0.10485613
0.13120253
0.08785844
0.108867966
0.098601736
0.14087917
0.12832168
0.14495726
0.15507294
0.1941972
0.18067683
0.07607587
0.17707075
0.1294617
0.14795752
0.14137654
0.19350626
0.18250822
0.16526562
0.1567584
0.11421781
0.18245466
0.08251438
2.6512587e-06
0.22433361
0.16920523
0.14823723
0.11525266
0.18428522
0.11419869
0.1539493
0.07225155
0.12254742
0.12402606
0.10980129
0.227614
0.15232006
