0.28074947
0.5596323
2.7977233e-06
-0.5439878
0.30228007
0.46590352
0.43450725
0.53514415
0.26255476
0.2982412
0.27153057
0.5211714
0.48756215
0.29919192
0.486647
0.27537394
0.19721472
0.20797129
0.25812054
0.31820902
-4.4693447e-08
-3.78304e-08
6.10243e-07
0.14548098
6.404671e-08
0.2273274
0.12947589
6.0183015e-07
4.1430795e-08
0.30231878
0.30845496
0.41782388
0.24992424
-6.873671e-10
0.4861179
0.61678714
0.44724926
0.3041304
0.27212504
0.60369897
0.28324905
0.38097832
0.21173675
0.4728394
0.14560093
0.101671636
2.4580116e-08
0.7525369
0.19296439
8.05634e-10
0.21066242
0.34786534
0.39693224
1.8525253e-06
0.26172638
0.57382566
0.31510758
0.2648122
0.25139838
0.23048328
0.52362955
0.14047037
0.56409645
0.40729606
