0.04722455
-0.5969087
0.07892193
0.034560658
0.06990144
-0.101857185
0.06975937
0.034539986
-0.109818995
-0.09628662
-0.0657066
0.07281675
-0.089038804
0.037184216
0.05846754
-0.26956716
0.030000644
-0.10747852
0.050217103
0.03830883
0.074467495
0.042890996
0.033946715
0.07531041
0.073836416
-6e-45
-0.12939355
-0.1287488
0.1573176
-0.08719127
0.067987904
-0.0021943843
-0.29950255
-0.12433048
-0.06700717
-0.18939532
0.024625858
0.21117672
-6e-45
-0.08636326
-0.007845643
0.20888306
0.14407946
-0.22249417
0.05917094
9.930414e-19
0.13003598
0.16737042
0.070512995
-0.066952564
0.094771974
6e-45
0.042771704
-0.087887764
0.013529668
1.1368139e-18
0.060029395
-0.3306288
-0.04747691
0.20720766
0.06904864
0.123769626
0.017246738
-0.0955358
0.001781424
-0.06488491
0.07039894
-6e-45
0.04404792
-0.12530623
0.06729403
0.07176285
-0.10441665
-0.060713146
-0.057934288
-0.12244593
-0.0919538
0.0028741043
0.11954638
0.17242628
-0.08040612
-0.06778876
-0.06605242
0.00991235
-0.0789214
0.10845519
3.118499e-20
0.07753652
0.016187128
0.060823534
0.05684158
0.03718328
0.029168332
0.119243756
-0.055328663
-1.1391328e-14
0.13844185
-6e-45
-0.08759774
0.06121602
0.051535398
-0.069996364
0.08070893
0.11440676
0.06863819
-0.064241074
0.041127924
-0.06352058
-0.0740976
0.06952965
0.1009232
0.070882276
6e-45
0.034978
0.10456345
0.08144051
0.05097805
-0.10156234
6e-45
0.0535512
0.12664907
0.08403954
-0.30848083
0.04381813
-0.073782094
0.028232064
0.07944925
0.022969386
