0.022797456
0.019251155
0.023992565
0.015947273
0.025445933
0.03759986
0.016135888
0.027688919
0.022952922
0.020796027
0.027529636
0.020802682
0.027516782
0.01742325
0.02315056
0.027475247
0.036557253
0.033222638
0.016777286
0.06739751
0.021419784
1.3462959e-13
0.03527699
0.041960068
0.038888935
0.030010015
0.04237236
0.035520155
0.023921542
0.019925497
0.05178727
0.0288863
0.022062622
0.016454428
0.021708218
0.029807447
0.039698172
0.042161983
0.043754816
0.045535363
0.040693615
0.01780684
0.037071947
8.0812466e-14
1.1127612e-13
0.021958025
0.02547296
0.024231596
0.0673502
0.024893016
0.020251792
0.020531014
8.4048355e-14
0.025333514
0.037802413
0.022099886
0.03291838
0.030299433
0.03401368
0.030982325
0.03083942
0.014116057
0.046553176
0.017901143
0.035263624
0.025020191
0.041236293
0.041783564
0.027377307
0.047856554
0.02812074
0.029954951
0.02507633
0.03408761
0.022852391
0.020547321
0.04624527
0.014404222
0.022896042
0.056302737
0.0429335
0.019973496
0.048620857
0.08366396
0.029745283
0.015961286
0.024763081
0.0494815
5.8659544e-13
0.027417328
0.036291596
0.0591372
0.057273254
0.037840318
0.03621217
0.020733338
0.04927665
0.0257669
0.039606933
0.049245067
0.03739607
0.023542834
1.0278245e-13
0.025672054
0.013476845
0.020684687
0.019860545
0.033330116
0.029434089
0.099567324
0.031222833
1.174838e-13
0.013405397
1.2281547e-13
0.04434483
0.05543743
0.022165734
1.0588213e-13
0.026193397
0.041932903
1.156842e-13
0.031128122
0.026430411
0.031101787
0.042899877
0.03032304
0.02840695
0.034995195
0.024165487
0.038085345
0.05265645
0.028784113
0.02548658
0.032473348
0.030322026
0.01764265
0.021223322
0.033301484
0.042080868
0.03510306
0.02121207
8.8697414e-14
0.024653431
0.026637487
0.016167056
0.026586056
0.04774606
1.1995899e-13
0.072800815
0.01525559
0.06697706
0.028028563
0.030721
0.0149569595
0.024168128
0.028198842
0.031157034
0.026728041
0.037760045
0.018124964
0.02531985
0.029492231
0.052939583
0.021192515
0.07888438
0.06449957
0.034405254
0.019370792
0.022179708
0.0243613
0.039068334
0.031141395
0.027863
0.040157963
0.040101174
0.02892261
9.172028e-14
0.05095181
0.041717816
0.01814771
0.03917362
0.021790454
0.034885824
0.046719808
0.05293965
0.028347552
0.023264129
1.0659102e-13
0.015528747
0.030691788
0.04039882
0.027541855
0.035290897
0.01781437
0.032420956
0.028270068
0.030847764
0.06621067
0.027057119
0.015880346
0.022402273
0.029358214
0.024712056
0.019168045
0.027511243
0.024304954
0.02458301
0.03403503
0.020006133
0.02245501
0.043515485
0.023338575
0.03677293
0.02857962
0.03204752
0.020578234
0.031123718
0.019934235
0.028752703
0.030230334
8.1234485e-14
0.024653103
9.044701e-14
0.019570773
0.024182463
0.03984972
0.037100885
0.020928927
0.049608618
0.040593605
0.039541297
0.023899375
1.6809751e-09
9.017779e-13
0.057610266
0.03217802
0.03872838
0.03594752
0.030152662
0.026521463
0.038967855
0.03905137
0.04307828
0.017143274
0.045604344
0.034598824
0.014003475
0.062414344
0.030547742
0.025523284
9.327173e-14
0.05439562
0.04470168
0.017582431
0.035226505
1.4113968e-13
7.1465904e-14
0.032523856
0.03883379
0.028243061
0.016842103
0.04639839
0.019320253
0.03134797
0.030427862
0.0348443
0.060003243
0.0612858
0.056411754
0.037807863
0.016581338
0.036644235
0.026961764
0.021525126
1.1253047e-13
0.029325241
0.042253803
0.014440298
0.03553798
0.026255352
0.021673428
0.023764357
0.01811384
0.024835728
0.023400152
0.031116404
0.019099612
0.022901962
0.02860582
0.021327678
0.027854482
0.018510154
0.023306496
0.04959029
0.033641383
0.026479164
0.019187301
0.045816682
0.037299264
0.02878731
0.017483827
0.019908138
0.039806478
0.02704219
0.024097092
0.037098862
0.024629721
0.0175334
0.032716934
0.05169326
0.021245379
0.045957375
0.03453447
0.028045598
9.3637026e-14
0.020098452
0.026006551
0.058004837
0.054480385
0.023967693
0.03634888
0.03010889
1.4420298e-13
0.06985284
0.02131154
0.02803476
0.03242902
0.029865537
0.06441726
6.571214e-06
0.05298317
9.3077686e-14
0.026032664
0.02844782
0.020087637
0.027490988
0.04393098
0.024591971
0.03561188
8.299587e-14
0.018084304
0.018405283
0.03493109
0.0126422085
0.02741351
0.045646556
7.8997315e-14
0.025938699
0.047311187
0.013808479
0.030984066
0.031628817
0.037922245
0.03387622
0.026877047
0.021343747
0.030404292
0.092636526
0.01750539
0.033346877
1.3952338e-13
0.020882525
0.026498927
0.023244873
0.058097206
0.031246206
0.02758391
0.022120668
0.051133145
0.061811637
0.023845345
0.021239107
0.025618838
0.04163416
6.5269994e-14
0.024731634
0.034357574
0.03211273
0.041255027
0.028121835
0.024980258
0.03291961
0.044953454
0.05358168
0.057634242
0.02815098
0.023921281
0.048861697
0.027285468
0.05775201
0.045394823
9.878125e-11
0.03253492
0.028394533
0.04428322
0.07068912
0.048755247
0.03261815
0.02077068
0.03555419
0.022706863
0.025771007
0.03918346
0.04516898
9.683533e-14
0.039346397
0.01977018
0.061965086
0.03190871
0.033294503
0.050883077
0.028291333
9.7975495e-14
0.014360682
0.024429332
0.0295083
0.03635382
0.026628925
0.030965617
0.021560065
0.0309684
8.655345e-14
0.029286254
0.05176081
0.040350292
0.033328775
0.034176834
0.032414697
0.06649717
0.023335023
0.02057927
0.03510595
0.035010047
0.05245291
0.038347777
0.027992984
0.021427672
0.022879647
0.024196802
0.0288293
1.0611504e-13
0.031382367
0.04487693
0.027885668
0.031172846
0.028860597
0.027376378
0.019910013
0.020575562
0.06609454
0.02275126
0.035082545
0.029965151
0.023951543
0.04094025
0.026227226
0.03511216
0.018517984
0.027595634
0.031009043
0.026911395
0.040898696
0.020872595
0.018658737
0.036288556
0.016118992
0.035688486
1.0680336e-13
0.051627416
0.039563466
0.038623348
0.030621596
7.651218e-14
0.029887717
0.030034106
0.031227484
0.012648716
0.046968125
0.023864068
0.03347551
9.258527e-14
0.03557064
0.033949178
0.028418396
0.029291451
0.019849699
0.051579155
0.05981897
0.03413798
0.06418474
0.015034608
0.036718044
0.042688422
0.019191602
0.031576827
0.028184725
0.02285431
0.03211172
0.017835658
0.06267382
0.06289125
0.027442092
0.034857187
0.02031393
0.020415867
0.0725752
0.098758735
0.047250222
0.023346461
0.019756697
0.0446333
0.03683689
