-0.007281417
0.0045719757
-0.020780575
-0.013921158
0.012004614
0.010420812
-0.009319155
0.001790768
-0.006920524
0.0031316688
-0.0100189615
-0.011776982
-0.017191034
-0.0174892
-0.00066199113
-0.0026834349
-0.0083801905
-0.019163823
0.016042113
-0.018457396
-0.009095795
0.020111784
0.0031987564
0.0032845184
0.002343209
0.0009921596
0.010047795
0.0040365877
0.014636136
-0.014710719
-0.0018398546
-0.0077528995
-0.0075067542
-0.006690898
0.0059052226
-0.019958127
0.009045671
-0.01656584
0.003663561
0.006153516
-0.008946973
0.0013340606
0.011052272
-0.013983207
0.0062197684
0.010045722
0.0072243377
-0.007071598
-0.019431338
-0.004736268
0.010112091
-0.017087286
0.01674753
0.01857504
0.008923766
0.01138203
0.0070605027
-0.009965963
0.008985368
0.018980442
0.00012816681
0.011291428
-0.009149078
0.0036205307
0.00903893
0.02270163
-0.012878539
-0.011452285
0.0040862155
-0.0013860683
-0.009250254
0.013342258
0.005683121
-0.00248705
-0.006851461
0.0075284927
-0.0037075917
0.0069004265
0.00935406
0.013327147
-0.01115226
0.013196332
0.011121579
-0.045709655
-0.018059481
-0.00183358
-0.0009867412
0.0011218184
-0.0024405818
0.019172866
-0.0073093814
-0.00871351
0.0073558064
-0.010537447
-0.011931307
-0.014709399
0.005043935
-0.018958593
-0.022108365
-0.01720271
-0.01178477
-0.01713205
-0.0010550928
0.02255484
0.011485871
-0.014970979
-0.0018108774
0.0003397856
-0.019907074
-0.018828487
-0.021107988
0.029957525
-0.0072976137
0.00035465392
0.010112493
-0.03234789
-0.014619008
-0.010173709
-0.0023269462
-0.0035767816
0.001703801
-0.013695733
-0.0081693325
-0.026403517
-0.010163373
-0.01067915
-0.005270505
-0.0012641427
0.0034948587
0.009559642
-0.021589782
-0.004231824
-0.007672522
0.014641095
-0.015599561
-0.019471372
-0.0071905255
-0.013870675
0.00010790913
-0.014522895
-0.0090205595
0.0007043446
-0.010720351
0.0029499044
-0.020202033
-0.00881907
0.003967541
-0.019057205
-0.019730823
-0.0057179704
-0.0015032741
-0.0053800885
-0.02507223
0.012222284
-0.008695892
0.00026622528
0.009872579
-0.0046008388
-0.0073923604
-0.001290518
-0.009566314
0.0112868445
0.021593807
-0.0028690808
-0.008167386
-0.005950666
-0.008552534
-0.026817119
-0.0046310625
0.011579664
0.007630555
0.015879398
0.00787722
0.0046693697
0.0041325693
-0.0061884155
-0.013999197
-0.007950196
0.01884612
-0.008995382
-0.001673448
-0.0033867
0.0050345208
-0.013307375
0.004588591
0.015754234
-0.011499763
0.0005678935
-0.0061750873
0.004882769
-0.0064054495
0.0077634533
0.009749927
-0.0046751318
-0.009166512
0.018400775
0.0016158554
0.014105605
-0.006082044
0.0054177237
-0.009677137
0.0038020897
-0.0020693615
0.018670954
0.01048438
0.0013636185
-0.009103343
-0.00082162034
-0.0059846146
0.016391236
-0.0069185942
0.011536373
0.0016165868
-0.0071614017
-0.001024021
0.0036369727
-0.0024167807
0.021098757
0.004818989
0.0035604462
-0.002053358
-0.011230682
-0.006106668
0.024942733
-0.018239833
0.01584666
0.006294214
0.008824587
-0.020892208
0.010721711
-0.010034392
-0.0039921333
0.007474525
-0.003934023
-0.0031809192
-0.014364202
0.01616562
0.008383324
0.0026791934
0.022154793
-0.010702006
-0.00044471698
-0.0012000953
-0.004049711
0.0016639619
0.0055526644
-0.009193771
0.010246031
-0.006062411
-0.007883968
0.0016594335
0.011278946
-0.0012570927
-0.017469041
0.006348951
-0.014080704
-0.0041287737
0.0020058537
0.006446742
0.0034614643
0.004998604
-0.0029513384
-0.0065448224
0.0079123685
-0.0002218814
-0.0008960273
0.0064299065
-0.0063525722
-0.02474108
-0.005921947
0.02276163
-0.010989743
-0.0013391665
-0.007245544
-0.0098528955
-0.017660195
-0.0011460197
-0.0033379782
-0.01903992
0.0048462832
-0.0062101907
0.02347881
-0.021009725
-0.011750233
0.017385356
0.01554087
0.009233049
-0.00035510308
-0.007066843
-0.0105449725
-0.008584129
-0.007352274
0.0029679923
-0.008459965
-0.0039957026
0.002386342
-0.012902945
-0.005598634
0.0027311563
0.012775609
-0.007406349
-0.003440181
-0.010089547
-0.0017006112
-0.021405121
0.02509867
0.0022541594
0.00058174867
-0.0122768
-0.0068721836
-0.005044712
0.004885972
0.018122591
0.027581463
0.017104512
0.010781468
0.0035606276
-0.011640015
0.0117551675
-0.0039264886
-0.012972992
-0.022591539
-0.028140714
-0.0076479563
-0.017637946
-0.021033984
-0.018334705
-0.008794798
0.005913803
-0.0036914072
-0.0026227634
-0.0076398104
-0.0026611106
-0.0019017819
-0.0040305858
-0.0071964203
0.017114252
-0.012909681
-0.016593425
-0.0042260084
-0.005286213
-0.0006724291
-0.0046808715
-0.017945677
-0.0049655368
0.004608643
0.0054388884
-0.014101376
0.0048851464
-0.005429227
0.0022942119
0.006464965
-0.003713268
-0.0033323055
0.002030649
-0.012454833
-0.00026689697
-0.0017708327
0.010369096
0.007230574
-0.004038878
0.014103777
-0.0022840875
0.0023023593
-0.002063482
-0.010086026
-0.0058606253
-0.0006855873
-0.010915956
0.011036886
-0.004388037
-0.009561296
-0.008856755
0.017334465
0.00061541726
-0.010636674
-0.003921536
-0.009829904
0.0013501071
0.0039405744
-0.01982671
-0.0074921628
0.002997652
0.009348026
-0.026598005
-0.007445545
0.0024762822
-0.015934728
-0.013886615
-0.015691763
-0.0054341103
0.012098797
-0.024137177
-0.022608327
-0.02253141
-0.010913829
-0.018097075
-0.008242424
0.002241458
0.011013906
-0.0079935575
0.005851959
0.015162385
-0.011425479
-0.021439377
0.004092111
-0.014855374
-0.012861006
-0.016411815
-0.013348751
0.0036471104
0.007032991
0.010747867
0.018354826
0.007598095
-0.006735378
0.02083746
-0.009413035
0.014972901
0.008777137
-0.0100787645
-0.0057544746
0.0040927264
0.019685818
0.016502362
0.008707629
-0.017788993
-0.0001872858
0.003634966
0.013549327
-0.009021464
0.0043500406
0.0035136158
0.002133438
-0.023072222
0.00023905473
0.005516145
-0.011442101
-0.007344607
-0.004922408
0.004987752
0.011092767
0.0028649603
-0.0019543094
0.01991618
0.028380388
0.01629767
0.0047675697
0.022498468
0.014471639
-0.007913711
0.0068379613
-0.006220862
0.004979683
0.0003937075
-0.008910655
0.012925533
0.016920995
-0.00039290744
0.022427808
-0.0036591517
0.011371387
0.0034748684
0.008039941
0.030777736
-0.0059742546
-0.0073595755
-0.009247085
0.0011172022
-0.009606568
0.008360375
0.0001995664
-0.008496694
0.006024527
-0.004526071
-0.014834916
-0.027852794
-0.004958979
-0.010537028
-0.002187874
0.0018519096
0.00013882684
-0.0031795294
0.0015837152
-0.008138967
-0.0063435393
-0.008486771
0.02681202
-0.0046401764
0.007988896
-0.022484928
0.01669392
0.0021268914
0.01098859
0.0104304915
0.0068047377
-0.0046267267
-0.011008415
0.019035397
0.0031247002
-0.010379486
0.007207903
0.0028157323
-0.0001386681
0.0008448509
-0.004080614
0.020144999
0.00451029
-0.004908224
-0.0166418
0.0075621027
0.007408809
-0.0027592473
0.011123196
-0.0108687775
0.0049034925
0.008972531
-0.015897617
-0.0057339086
0.009751311
-0.01445689
-0.0046959124
0.0051792623
0.020280845
-0.017064627
-0.022329094
-0.0067721168
0.008609388
-0.014659498
0.021414397
0.018553069
-0.0066898847
0.009863218
0.0061132074
-0.004462439
-0.0044118077
-0.015844207
0.0058364053
0.0039698724
0.004697288
-0.009278992
-0.007048898
0.0024764698
0.01279509
-0.0065530455
-0.001282593
0.0011601726
-0.012190301
-0.010607425
0.007326353
-0.002941755
-0.0060555493
-0.008057474
0.005125228
-0.003751361
-0.0022771708
-0.013006565
0.010600491
-0.008750805
0.019280259
-0.00038061308
-0.0027161124
-0.01030347
0.005357179
-0.018294284
0.0034786647
-0.010732879
0.023159975
-0.007373088
-0.004078785
-0.0014171596
0.0033514786
-0.0089214025
-0.006566526
0.017788583
-4.976545e-05
0.0013128843
0.0077799293
0.00036396564
0.0027895188
0.0010428681
-0.013888567
0.008480548
0.0044298912
-0.003664517
-0.015844947
-0.013161086
0.022560105
0.008054243
0.009739796
-0.0035681734
-0.013815157
-0.012902316
0.027052175
0.0008237218
-0.005832893
0.0010598919
0.013857497
-0.007164406
0.0090791965
0.0013700905
0.026361648
0.0028766887
0.002088182
-0.0043455404
-0.0017522566
0.0029735721
0.0065394277
0.0050058905
0.00039888555
0.014429221
-0.018001875
-0.006906399
-0.0027675286
-0.00092359213
0.0060430355
0.014367948
0.0035676153
-0.0003896296
-0.020010686
0.011045762
0.00029604076
0.013107843
0.03626717
0.0066609797
-0.0055265
0.012589648
0.017988434
-0.006904944
0.01414068
0.009039168
0.0017095306
0.015026682
0.0016139733
-0.0020741525
-0.012532807
0.025062844
-0.0023896259
-0.00040292833
-0.024967197
-0.02005952
-0.001626982
0.003915632
-0.005391848
0.03179499
-0.0024031946
0.038678855
-0.015525375
0.00852352
0.013224856
0.017060863
-0.001099076
0.008458351
0.015458362
0.021417875
0.015823046
0.012557943
0.004768568
-9.977405e-05
0.013904654
0.015029654
-0.011479966
0.010167957
0.0029256472
0.0189688
0.018585313
0.011392826
0.0063538156
-0.016450733
-0.019635204
0.0046117874
0.021860803
0.011524895
0.024387823
0.0093731
-0.013619702
-0.010042282
0.040977444
0.010854948
-0.0052261576
0.007685745
0.013723817
0.01597621
0.018442247
0.01326868
-0.014200197
0.013500928
-0.0033817198
-0.0072419313
-0.02223604
-0.017398287
-0.0014335869
0.032657128
-0.01617622
-0.0055943956
0.016508285
0.0044748904
-0.011266985
0.00085140916
0.0001362457
0.013673025
-0.009386861
-0.0129940165
0.020160355
0.012494089
-0.016544303
0.0041323015
-0.0069169304
-0.00384591
0.008609551
0.0046674022
0.011559981
0.003495256
0.007124618
0.011631433
-0.004554157
0.023189733
-0.015453068
0.0066388175
0.012437634
0.0106741255
-0.018948767
0.014476182
0.0010310065
-0.0028938102
-0.0058753877
-0.0017115858
-0.018457886
-0.0017252751
0.00636628
-0.01294807
0.01670677
0.0073000235
0.00082780945
-0.016460342
-0.00020524036
0.004687231
-0.0027366374
0.012074762
0.002037097
0.003684528
-0.009487591
-0.01864293
0.008942379
0.005927182
0.0065585105
-0.0007494286
-0.007153499
0.0021515964
0.01936564
-0.007425235
-0.0074269613
0.01111412
0.004969164
-0.0020117525
-0.003073089
0.0056160735
-0.021934025
0.021691723
0.00552411
-0.004388714
0.012548966
-0.008439202
0.010213335
0.025814729
0.007311005
-0.00878074
0.018612433
-0.0075792656
0.017676113
0.005952939
-4.8323236e-05
0.015195143
0.0123223895
0.01938013
-0.008673485
0.009085933
0.008462438
-0.013747273
-0.007559504
-0.012708
-9.752071e-05
0.020539999
0.0039549065
0.012532844
-0.004388719
-0.0032903822
-0.012991449
-0.0035308565
0.01338955
-0.021569796
-0.00045788745
0.0064029186
-0.0036323252
0.0011173969
-0.014752076
0.0031956777
0.0017508294
-0.0013204729
0.0025310845
-0.0189435
-0.008032114
-0.00392984
0.0020232238
0.0049145175
0.0034881781
-0.010300166
-0.0039087473
-0.00225762
-0.012394233
-0.021478245
-0.00781347
0.017130585
0.007508476
-0.005127585
-0.003302509
0.0011559643
0.0018422387
0.0060094297
-0.0073907436
-0.005868803
0.0062767495
0.010184325
0.014705847
0.013391171
0.015306569
0.0055401484
-0.026190871
0.022463387
-0.017788047
0.0029205154
0.010529354
-0.0093145
-0.002679369
0.027403096
-0.009533202
0.016555881
0.011791504
0.0376833
0.004902032
0.005368649
0.013165773
0.017080406
0.0065234355
0.010535357
0.024562644
0.0051023765
-0.0022545098
0.0033521547
-0.004301686
0.00097281375
-0.0056040245
0.019865004
0.00040329696
-0.012788467
0.016517052
-0.020720012
-0.0054492885
0.014824926
0.017574921
-0.0065174163
0.0134033235
-0.0034391752
-0.009425618
0.0011107706
-0.012637037
-0.014143505
0.009188239
0.02565023
0.0035103818
0.0026213482
-0.005518238
0.018721748
-0.0043492503
-0.019579567
0.0061139157
0.000412597
0.006986273
-0.018374821
0.029401414
0.016172728
0.007382201
0.0007585348
0.011168011
-0.00012668494
0.038611297
-0.008223734
-0.015975365
0.0007030746
-0.0007464099
-0.016262176
-0.0035983997
0.019124817
0.014616228
-0.004380572
0.0064413836
0.008694507
0.009069123
0.027572608
0.0026390199
-0.004510464
-0.0031309354
0.011190712
0.020907901
-0.009473293
0.00874881
0.009927121
0.010284835
-0.009752711
0.0048171533
0.005129781
0.01755708
-0.0115563795
-0.006393245
0.0063504064
-0.0053006215
-0.020289307
-0.024109893
5.6723282e-05
0.02405038
0.019601181
-0.014523647
0.0057196305
-0.007950458
-0.02357272
-0.019288938
-0.015098339
-0.007932749
-0.020348758
0.017837465
0.014960578
-0.0022874104
0.005935068
-0.018337447
-0.0015000636
-0.017705346
0.003192864
-0.011201876
-0.008562482
-0.007584985
0.0038076185
-0.0045588072
-0.0131559605
-0.010385968
-0.01256308
0.007367066
0.0034283202
-0.010282814
-0.004464499
0.005991479
0.0040203277
0.0020436777
0.009711247
-0.010457135
-0.007976355
-0.005832544
-0.010755702
-0.002673656
-0.0051573897
-0.022986041
-0.006296831
5.8028036e-05
-0.010846485
-0.011590745
-0.019756585
0.0014356545
0.013243884
0.014645966
-0.001295549
0.0031291777
-0.008516021
0.015216676
0.0022101416
-0.0024871388
0.013759875
0.0042784233
0.022088785
0.021850385
0.0036807298
0.0018108429
0.01887509
-0.0026132278
0.0151606565
-0.010705137
0.013016022
0.010504649
-0.0013680824
-0.0024849873
0.0030203722
0.00074451795
0.0006210761
-0.009975296
-0.015725212
-0.032909904
-0.007873051
-0.025686298
-0.004809666
-0.010356407
-0.0005694148
-0.009463587
