-22.859375
50.937500
201.296875
311.796875
332.609375
102.703125
-189.125000
-258.062500
-69.343750
-149.968750
-191.546875
-36.671875
209.718750
285.109375
99.515625
-157.062500
-31.734375
-158.656250
-280.937500
-370.343750
-351.468750
-155.078125
8.046875
-62.453125
32.265625
-5.312500
12.156250
-63.359375
-154.000000
-197.890625
-153.109375
-110.906250
-124.218750
-134.953125
-202.609375
-255.593750
-179.031250
-207.921875
-228.031250
-197.640625
-221.937500
-300.203125
-292.000000
-272.015625
-179.531250
-120.890625
-178.953125
-307.406250
188.765625
-3.140625
-66.562500
-46.187500
27.312500
117.312500
234.390625
150.515625
446.109375
458.937500
194.281250
132.046875
75.031250
50.546875
67.562500
203.812500
-30.375000
-56.078125
-67.593750
-12.578125
131.281250
111.062500
-70.296875
-197.046875
-19.250000
-149.453125
-158.203125
-84.531250
41.656250
53.625000
42.468750
-62.062500
27.921875
-60.578125
-129.578125
-174.078125
-195.593750
-221.656250
-127.187500
-61.781250
-157.171875
-180.296875
-231.515625
-250.531250
-252.406250
-247.265625
-233.171875
-193.718750
-365.046875
-406.859375
-353.265625
-313.375000
-311.078125
-281.109375
-279.015625
-343.203125
47.609375
-56.265625
-102.281250
-106.015625
-19.859375
140.000000
155.484375
49.484375
419.281250
362.093750
202.359375
135.062500
145.859375
92.765625
29.484375
40.234375
-4.828125
102.343750
99.671875
33.296875
-39.015625
-110.546875
-86.953125
-33.281250
-277.062500
-408.796875
-248.187500
15.203125
25.000000
-64.781250
-105.984375
-72.656250
-242.093750
-111.687500
144.703125
155.562500
-44.953125
-173.906250
-219.937500
-86.109375
45.843750
151.500000
128.984375
-8.375000
-180.171875
-213.078125
-191.718750
17.968750
129.031250
32.515625
-63.125000
-226.187500
-282.843750
-129.640625
-8.453125
14.718750
130.593750
-26.000000
-269.328125
-365.171875
-113.687500
64.484375
3.546875
-130.250000
-223.937500
-480.671875
-520.406250
-182.734375
51.375000
-124.703125
-317.109375
-242.843750
-472.453125
-423.328125
-68.390625
104.625000
-108.718750
-195.078125
-85.453125
11.859375
-37.843750
131.843750
184.625000
36.140625
-36.281250
47.312500
68.937500
28.406250
70.687500
96.671875
47.703125
114.421875
145.453125
97.812500
111.968750
-14.921875
14.218750
-82.562500
-4.859375
79.015625
110.968750
137.812500
125.437500
-9.312500
-56.406250
-119.953125
-170.390625
-332.171875
-277.968750
-154.390625
-118.578125
-18.328125
-71.468750
-61.046875
-67.531250
-77.781250
-15.046875
-42.734375
-52.890625
40.921875
-115.500000
-72.390625
-70.984375
-49.125000
-66.109375
-74.031250
46.140625
-10.937500
-75.500000
-10.937500
-54.937500
-75.781250
-65.796875
67.796875
-15.671875
-79.234375
25.140625
-20.531250
-38.515625
56.187500
96.656250
12.703125
-11.109375
34.984375
114.593750
135.125000
134.234375
20.187500
-54.218750
-43.718750
41.703125
76.828125
-59.187500
-62.875000
-26.781250
138.203125
253.484375
123.437500
-6.296875
-69.890625
-91.796875
-124.093750
-86.109375
-83.593750
-17.015625
-17.468750
-21.250000
-79.531250
19.500000
-12.000000
-130.375000
-300.984375
-294.734375
-200.187500
-114.671875
-65.984375
-83.312500
-138.968750
-162.515625
-106.828125
-76.625000
-89.812500
-102.390625
-136.500000
-185.843750
-158.421875
-158.625000
-105.031250
-100.109375
-71.625000
-147.890625
-221.750000
26.078125
-57.421875
-99.875000
9.750000
-4.265625
61.093750
8.953125
-35.765625
179.312500
105.265625
85.828125
103.843750
-42.750000
-41.859375
34.015625
117.953125
33.031250
78.015625
-60.031250
-186.812500
-215.546875
-157.500000
-37.515625
-27.562500
50.265625
60.234375
69.109375
52.281250
106.750000
62.093750
50.953125
-5.343750
-215.234375
-212.937500
-214.625000
-100.984375
97.484375
122.375000
139.718750
4.687500
-111.125000
-113.343750
-103.671875
-72.671875
-76.125000
-3.875000
99.359375
54.031250
-58.859375
14.312500
130.187500
79.531250
-103.562500
-111.234375
-58.093750
38.218750
31.890625
157.125000
176.718750
-6.359375
-59.453125
7.781250
66.171875
48.218750
22.140625
-7.484375
-120.578125
-77.671875
-61.156250
-60.781250
-61.781250
-116.281250
-73.546875
-162.062500
-158.140625
-100.609375
-46.765625
34.390625
8.968750
7.703125
-67.109375
-49.500000
-22.000000
-67.437500
-92.765625
-83.171875
-71.734375
36.984375
-108.734375
-84.062500
-122.171875
-180.406250
-163.468750
-249.531250
-284.109375
-242.593750
-118.000000
-86.687500
7.187500
186.015625
316.500000
169.656250
-7.937500
-162.046875
-21.765625
-52.375000
-55.281250
-26.625000
42.375000
-20.531250
-52.953125
-129.156250
51.812500
22.984375
-124.359375
-123.281250
-102.187500
-140.671875
-95.078125
-48.546875
-8.921875
-11.156250
-119.781250
-138.109375
-202.859375
-202.625000
-120.281250
-109.375000
-224.500000
-326.812500
-328.203125
-290.937500
-283.062500
-213.390625
-324.484375
-331.625000
-228.718750
-391.390625
-399.015625
-236.375000
-81.281250
-78.906250
-177.484375
-152.343750
208.140625
268.718750
243.843750
154.078125
137.125000
170.828125
210.875000
231.015625
-2.593750
-111.140625
-244.859375
-316.968750
-226.031250
-98.593750
47.578125
88.984375
-54.046875
-187.953125
-255.718750
-307.484375
-281.500000
-170.265625
-107.906250
6.109375
-162.765625
-159.515625
-99.875000
-132.265625
-134.937500
-116.218750
-155.234375
-57.390625
-249.531250
-146.421875
-112.750000
-116.609375
-205.546875
-136.562500
-139.937500
-110.265625
-120.437500
-48.875000
-61.656250
-7.484375
-12.718750
-20.625000
27.890625
-20.921875
471.500000
479.812500
308.031250
181.125000
181.984375
286.859375
382.203125
346.281250
108.437500
110.359375
86.921875
-56.968750
-147.718750
-185.656250
-202.640625
-213.859375
-497.234375
-585.390625
-523.265625
-441.484375
-390.625000
-401.843750
-334.687500
-263.609375
-237.500000
-267.406250
-165.796875
-99.703125
-144.093750
-149.140625
13.718750
92.390625
-309.031250
-263.750000
-172.453125
-152.828125
-261.750000
-299.171875
-34.328125
177.578125
-245.218750
-77.859375
42.375000
-52.390625
-341.390625
-412.109375
-114.671875
151.609375
-205.296875
-36.718750
49.734375
-102.125000
-266.562500
-242.468750
-123.640625
16.375000
-146.453125
-126.031250
-147.281250
-226.375000
-246.531250
-211.078125
-167.625000
-68.609375
-141.562500
-131.578125
-146.187500
-223.796875
-183.078125
-165.500000
-88.593750
32.531250
-227.968750
-118.437500
-97.296875
-262.843750
-173.687500
-138.515625
-145.062500
-77.703125
-369.343750
-268.890625
-130.859375
-169.015625
-198.156250
-189.265625
-132.578125
-128.500000
-76.875000
-247.578125
-132.578125
23.390625
19.171875
-19.171875
-20.968750
14.250000
-320.484375
-279.578125
-173.062500
-189.390625
-163.437500
-171.062500
-125.453125
39.781250
-130.781250
85.828125
105.718750
63.968750
-36.468750
-179.359375
-53.203125
100.375000
-20.750000
97.000000
180.843750
100.203125
-134.000000
-115.640625
98.328125
31.796875
58.296875
103.500000
-34.250000
-236.656250
-192.453125
30.109375
57.234375
-5.906250
62.843750
-84.734375
-254.250000
-212.484375
10.671875
6.937500
-89.750000
-58.921875
-159.468750
-264.281250
-92.953125
-56.250000
-131.625000
-50.156250
25.500000
50.218750
-306.156250
-187.609375
-111.125000
-163.453125
-137.531250
-91.453125
-111.906250
-67.593750
-72.265625
-111.156250
-117.296875
-161.640625
-167.187500
-118.390625
-72.250000
-73.968750
-56.656250
-113.640625
-89.687500
-156.296875
-191.890625
-156.781250
-33.703125
-26.390625
-236.937500
-169.500000
-82.406250
-130.796875
-162.734375
-193.421875
16.312500
25.484375
-231.531250
-32.718750
-4.531250
-107.968750
-98.828125
-247.750000
-32.578125
-12.843750
-148.531250
16.578125
-36.093750
-130.187500
-227.015625
-196.890625
1.906250
-37.421875
-22.281250
69.468750
-32.031250
-171.203125
-228.046875
-93.812500
41.234375
-63.187500
-30.812500
5.625000
-120.593750
-249.890625
-161.109375
-99.765625
-105.500000
-134.812500
-158.421875
-151.187500
-143.218750
-172.953125
-104.468750
-108.125000
-180.234375
-128.578125
-320.546875
-148.718750
63.671875
61.078125
-13.875000
-11.265625
-1.250000
-4.515625
-84.515625
342.531250
207.500000
-124.375000
-292.078125
-213.250000
-22.437500
-32.812500
313.484375
333.796875
-86.187500
-313.125000
-365.562500
-26.250000
113.625000
-40.265625
307.281250
-35.531250
-307.093750
-432.250000
-144.937500
357.718750
153.109375
-186.609375
-39.890625
-373.812500
-460.562500
-329.453125
131.421875
270.875000
-167.375000
-231.031250
-247.156250
-438.656250
-313.703125
88.375000
273.468750
-72.765625
-258.718750
-10.718750
-249.671875
-20.437500
151.968750
192.390625
-53.890625
-208.937500
-33.125000
179.000000
121.625000
268.265625
72.453125
-122.140625
-95.812500
-52.718750
64.640625
11.921875
-137.953125
-231.734375
-281.015625
-293.140625
-161.890625
-111.093750
-38.015625
34.890625
-130.406250
-9.718750
-24.156250
-60.968750
-114.453125
-205.984375
-93.125000
-43.859375
35.750000
131.437500
202.031250
265.734375
114.125000
-40.218750
-25.656250
-93.437500
-26.296875
-75.921875
-78.187500
-11.765625
-35.687500
68.015625
-6.953125
-29.203125
60.437500
125.750000
43.843750
-33.562500
-21.500000
35.437500
45.265625
31.687500
87.171875
-15.203125
-116.156250
-17.984375
7.562500
-9.500000
-31.546875
-51.890625
-295.640625
-282.578125
-194.828125
-135.343750
-270.078125
-218.843750
-219.671875
-112.796875
-263.156250
-195.531250
-175.265625
-156.718750
-60.906250
-50.328125
-76.625000
-69.312500
-50.687500
-258.500000
-303.703125
-101.593750
-48.875000
-34.890625
-21.500000
-22.343750
-202.906250
-376.171875
13.562500
95.375000
7.375000
-74.000000
-85.953125
-8.390625
-397.531250
13.921875
381.578125
-20.218750
-109.609375
-342.656250
-199.125000
73.359375
-72.843750
462.968750
73.859375
-204.031250
-222.781250
-397.218750
172.859375
177.203125
175.406250
143.484375
-223.937500
-166.937500
-371.781250
-141.140625
401.953125
-39.843750
0.296875
-178.093750
-286.468750
-353.281250
-270.625000
292.406250
82.312500
-296.750000
-265.531250
-340.187500
-315.234375
-164.062500
208.718750
126.093750
-243.484375
-141.703125
-292.156250
-180.593750
107.406250
277.156250
80.984375
-169.109375
-117.359375
48.640625
-11.296875
-77.765625
-2.437500
-17.812500
10.781250
8.671875
-44.390625
-29.515625
-83.906250
24.125000
88.750000
-38.843750
-16.890625
-7.156250
-48.890625
-31.390625
-64.234375
73.906250
-87.812500
-54.125000
-47.906250
-38.453125
-19.687500
-19.281250
204.734375
95.031250
8.921875
70.375000
-68.781250
52.625000
46.218750
-32.468750
294.656250
91.390625
118.750000
11.390625
30.531250
254.390625
19.531250
27.312500
-71.937500
-139.281250
-60.031250
-158.609375
11.328125
-96.671875
-292.625000
-119.453125
-217.875000
-221.437500
-145.562500
-52.640625
-43.765625
-213.562500
-44.359375
17.015625
47.406250
6.250000
27.406250
-15.062500
-28.140625
20.781250
25.812500
-14.656250
16.875000
-113.093750
-190.031250
-73.265625
-124.312500
-213.328125
-229.546875
-44.109375
-74.984375
-335.093750
-194.843750
-73.046875
-85.031250
-141.625000
-270.328125
-81.359375
-215.453125
-312.484375
-51.046875
-5.218750
-93.156250
-181.093750
-258.328125
15.625000
-290.375000
-173.250000
73.625000
-30.859375
-127.171875
-333.546875
-225.375000
53.796875
-219.046875
-6.187500
56.640625
-40.843750
-205.281250
-350.671875
-124.437500
9.906250
-87.500000
-31.937500
-6.140625
-74.203125
-187.796875
-70.515625
75.156250
-105.250000
29.875000
-171.265625
-126.578125
-161.484375
-130.078125
-46.218750
-66.468750
-209.312500
-168.343750
-262.781250
-245.562500
-190.406250
-87.000000
-127.265625
-173.046875
-143.031250
-44.468750
13.062500
59.187500
130.187500
184.312500
72.140625
-106.796875
-121.703125
-120.765625
-203.718750
-267.484375
-250.468750
-161.296875
-51.437500
-112.156250
-138.984375
60.062500
63.437500
12.656250
-21.031250
-105.484375
-92.515625
-104.421875
-138.609375
57.406250
-60.718750
-82.375000
-81.765625
-84.296875
-59.812500
-90.750000
-108.031250
-83.578125
-131.406250
-129.328125
-182.609375
-130.421875
-85.703125
-146.515625
-175.578125
-113.640625
-194.375000
-186.937500
-107.359375
-8.078125
1.000000
-43.265625
-172.453125
228.156250
52.359375
-36.640625
88.140625
100.875000
98.703125
120.796875
66.500000
58.968750
76.062500
20.687500
15.343750
-75.000000
-166.937500
-164.437500
-87.515625
-118.656250
-203.281250
-190.953125
-147.062500
-60.156250
-188.078125
-324.875000
-126.781250
-117.734375
-190.500000
-228.171875
-227.203125
-48.406250
-147.296875
-367.218750
-152.625000
-13.062500
-234.937500
-219.484375
-156.156250
91.015625
-2.031250
-269.109375
-131.515625
-85.015625
-282.859375
-248.656250
-254.531250
-86.015625
-65.828125
-295.171875
-156.484375
-231.562500
-293.937500
-286.265625
-280.343750
-118.906250
-201.562500
-287.796875
-254.234375
-184.390625
-328.796875
-270.046875
-100.031250
-74.687500
-183.703125
-166.125000
-190.828125
-27.515625
-166.859375
-132.484375
-76.031250
-198.609375
-153.609375
-72.375000
-144.765625
-33.453125
-171.453125
-192.906250
-183.687500
-198.437500
-127.250000
-43.921875
-163.656250
-119.484375
-142.406250
-201.250000
-228.953125
-216.375000
-247.015625
-234.968750
-213.312500
-103.812500
-129.750000
17.484375
97.250000
66.359375
-56.375000
-185.296875
-206.343750
-175.312500
-155.421875
-42.031250
6.765625
15.687500
-22.375000
-100.765625
-140.984375
23.640625
150.921875
24.468750
-87.390625
-140.906250
-167.500000
-46.796875
-5.406250
187.062500
114.781250
-134.890625
-230.187500
-225.562500
-157.468750
56.281250
-49.875000
-242.046875
-365.531250
-500.734375
-504.171875
-480.828125
-380.625000
-308.937500
-306.515625
-402.468750
-473.109375
-503.656250
-438.359375
-188.296875
-75.265625
-137.375000
-163.937500
100.031250
41.453125
17.046875
99.796875
171.015625
160.062500
97.484375
88.640625
-98.500000
-161.234375
-210.906250
-227.671875
-81.359375
76.593750
-28.687500
-134.453125
-137.046875
-136.046875
-191.109375
-152.515625
-36.296875
106.765625
83.718750
-108.546875
-80.609375
-10.078125
87.953125
96.796875
-11.718750
-37.609375
0.312500
-96.781250
32.156250
144.828125
4.703125
-177.750000
-179.390625
-146.125000
-58.640625
-45.578125
36.593750
57.875000
-156.765625
-229.296875
-184.343750
-87.859375
62.203125
-80.500000
52.562500
-153.531250
-244.687500
-213.781250
-192.921875
-50.906250
105.328125
-78.328125
-32.218750
-95.437500
-216.703125
-165.578125
-28.390625
25.781250
-85.640625
-46.812500
-120.046875
-7.890625
0.234375
109.703125
140.609375
-28.265625
-127.421875
42.656250
74.468750
2.187500
-98.250000
-143.250000
-86.953125
-28.921875
65.031250
20.703125
-24.078125
-18.046875
73.593750
248.375000
284.578125
175.656250
26.578125
-15.234375
8.453125
24.093750
-47.437500
-97.921875
-67.750000
-54.234375
-60.531250
-47.468750
-15.203125
-54.078125
-64.812500
-17.421875
-27.156250
1.234375
7.296875
-13.640625
-5.750000
-36.406250
12.125000
30.265625
-29.156250
-58.000000
8.031250
25.937500
92.656250
171.406250
38.312500
-88.921875
-18.156250
38.296875
17.781250
36.265625
-103.968750
-84.765625
-23.187500
39.390625
46.312500
-1.921875
-102.984375
-100.359375
-20.281250
14.218750
100.812500
55.750000
-22.093750
23.250000
203.515625
232.640625
-275.375000
-297.906250
-161.375000
-23.640625
17.421875
29.453125
2.875000
-29.734375
-325.468750
-23.828125
150.687500
216.718750
73.718750
-45.375000
-3.718750
-7.281250
85.781250
286.234375
241.937500
-32.234375
-255.593750
-126.234375
-10.734375
102.875000
270.765625
206.640625
11.859375
-318.046875
-377.906250
7.953125
153.468750
90.296875
121.109375
-84.890625
-306.656250
-469.421875
-148.828125
110.218750
87.812500
-47.578125
-180.843750
-405.281250
-545.859375
-279.453125
43.250000
-31.000000
-155.671875
-137.843750
-386.828125
-339.593750
-114.546875
162.734375
113.109375
-62.765625
-37.437500
75.656250
-12.296875
247.031250
350.375000
219.312500
84.437500
113.187500
191.468750
212.531250
-124.671875
-208.937500
-110.875000
-44.515625
81.937500
-120.890625
-241.718750
-175.781250
-37.562500
25.796875
131.171875
264.796875
370.218750
121.234375
17.843750
-77.562500
-28.640625
-44.890625
-145.875000
-123.906250
-180.125000
-284.734375
-159.531250
-101.234375
-66.125000
-150.796875
-313.968750
-221.296875
-162.078125
-197.031250
-171.171875
-167.921875
-212.421875
-262.312500
-271.375000
-210.562500
-179.906250
-171.093750
-294.734375
-286.093750
-238.093750
-328.765625
-204.671875
-221.296875
-241.187500
-131.437500
-156.015625
-258.843750
-8.890625
-117.718750
-98.015625
-171.937500
-102.031250
-116.359375
-138.609375
-100.468750
237.875000
315.296875
250.968750
140.406250
84.000000
129.500000
175.250000
194.515625
-124.828125
-352.062500
-466.765625
-374.828125
-219.609375
-89.062500
-81.484375
-52.343750
-369.078125
-302.640625
25.781250
231.718750
290.859375
157.046875
-3.609375
-56.640625
-247.453125
156.406250
264.125000
109.328125
-9.453125
-120.125000
-88.625000
-0.828125
309.250000
436.203125
262.500000
64.171875
-192.125000
-164.234375
54.484375
149.125000
300.750000
169.468750
45.875000
-261.890625
-326.781250
29.828125
180.234375
86.156250
9.421875
-200.390625
-462.375000
-568.390625
-110.093750
144.312500
-52.406250
-153.906250
-401.203125
-624.625000
-574.875000
-126.234375
140.890625
-137.750000
-222.078125
-73.984375
-324.390625
-92.687500
312.812500
376.265625
187.093750
147.953125
308.359375
344.656250
-126.359375
-77.203125
128.859375
349.343750
436.140625
288.140625
103.796875
-6.984375
22.171875
219.171875
246.875000
40.328125
-88.218750
-102.015625
-103.500000
-16.218750
113.593750
17.937500
-216.593750
-378.218750
-322.750000
-218.765625
-109.734375
-17.984375
13.828125
-76.359375
-79.500000
-3.890625
-22.687500
-30.359375
14.875000
-41.000000
-125.359375
-130.734375
-148.281250
-194.171875
-98.562500
-23.500000
-34.953125
-92.140625
-258.234375
-248.671875
-252.703125
-90.718750
20.328125
-100.843750
-175.046875
-156.437500
-62.171875
87.218750
294.796875
273.781250
68.140625
-1.734375
273.109375
286.656250
470.765625
538.984375
327.515625
147.921875
143.390625
267.093750
138.609375
10.859375
-49.015625
-201.421875
-208.015625
-113.265625
-133.578125
-102.281250
-67.468750
-39.015625
-169.890625
-258.750000
-88.796875
-5.156250
-44.156250
-93.125000
-33.750000
-2.062500
-289.937500
-144.031250
82.187500
83.109375
-142.593750
-304.234375
-76.953125
76.812500
-276.000000
62.546875
36.250000
-2.906250
-259.234375
-361.828125
62.140625
100.406250
-132.593750
-30.609375
-82.812500
-146.046875
-369.828125
-246.484375
94.671875
-27.703125
-42.937500
-137.640625
-200.171875
-277.640625
-315.562500
6.046875
62.843750
-89.937500
-99.859375
-169.968750
-207.281250
-164.640625
-90.140625
66.625000
-109.796875
-90.750000
-225.453125
-170.218750
-125.187500
7.671875
74.078125
-75.359375
-132.968750
21.937500
-257.796875
-278.718750
-144.343750
-138.093750
-257.281250
-99.406250
-48.390625
-82.906250
-379.468750
-120.125000
21.468750
-120.546875
-322.890625
-161.437500
35.015625
-30.921875
-213.703125
122.359375
75.656250
-172.796875
-432.218750
-221.421875
159.015625
11.250000
35.687500
196.578125
-108.593750
-459.203125
-598.078125
-197.234375
189.250000
-23.468750
69.000000
-24.609375
-288.750000
-525.343750
-272.312500
77.125000
66.843750
-185.265625
-103.281250
-231.343750
-372.468750
-333.968750
-58.921875
22.187500
-114.000000
-172.359375
-288.984375
-257.656250
-283.125000
-154.421875
-53.109375
-198.390625
-274.062500
-102.859375
-331.156250
-85.515625
-99.500000
-123.171875
-159.937500
-232.406250
-232.453125
-40.640625
-37.468750
-18.125000
20.312500
30.031250
26.515625
0.234375
26.187500
16.203125
134.218750
242.937500
251.281250
195.843750
64.078125
-27.187500
-3.890625
11.046875
87.812500
42.359375
-95.937500
-82.078125
-94.281250
-71.187500
11.468750
-28.359375
55.484375
-33.234375
-47.906250
-19.453125
-26.312500
25.515625
-18.078125
-47.921875
-13.343750
-45.437500
-28.484375
-27.281250
-13.765625
68.515625
-35.546875
-2.484375
-5.703125
-29.718750
60.796875
54.812500
39.640625
-35.109375
-77.296875
47.984375
-49.546875
48.859375
116.781250
23.312500
-10.421875
-68.296875
20.531250
7.578125
177.546875
195.984375
102.859375
38.359375
100.406250
182.812500
138.750000
49.687500
-24.968750
-123.671875
-129.187500
-49.187500
86.359375
52.843750
-40.218750
-22.734375
-188.437500
-256.375000
-289.984375
-270.218750
-173.906250
-109.453125
-176.187500
-98.921875
-264.984375
-258.546875
-269.046875
-241.078125
-219.984375
-194.125000
-184.062500
-138.343750
-71.718750
19.093750
69.343750
89.093750
22.328125
59.609375
-13.734375
-105.156250
217.609375
121.703125
106.015625
30.828125
-34.156250
87.703125
59.546875
-40.234375
163.203125
-58.468750
-97.140625
-175.828125
-158.843750
-126.296875
-171.265625
-120.875000
-130.187500
-224.750000
-257.250000
-335.500000
-258.109375
-217.890625
-111.656250
-23.562500
-115.062500
-232.281250
-348.375000
-276.421875
-269.390625
-256.218750
-161.406250
-86.468750
1.093750
147.062500
346.359375
322.734375
169.875000
-145.703125
-292.578125
-184.453125
-62.250000
-86.671875
-122.718750
-82.953125
67.828125
117.875000
-72.171875
-185.984375
-19.390625
-95.187500
-194.140625
-242.953125
-145.250000
-58.218750
-44.828125
-136.312500
34.593750
-57.953125
-160.375000
-135.281250
-183.109375
-152.515625
-93.359375
-69.734375
-161.703125
-169.078125
-154.343750
-192.171875
-221.156250
-185.921875
-191.734375
-186.125000
-461.484375
-387.656250
-212.625000
-175.781250
-170.562500
-143.218750
-245.890625
-332.531250
186.156250
-3.718750
-29.984375
92.015625
167.593750
223.421875
239.140625
71.296875
540.046875
355.437500
210.015625
204.296875
123.187500
15.828125
54.281250
122.281250
-155.796875
-26.421875
81.656250
126.328125
87.953125
40.093750
15.484375
-56.937500
-118.640625
-46.671875
-13.296875
-60.078125
-154.921875
-103.343750
-48.046875
-68.046875
16.703125
31.000000
-97.281250
-227.515625
-276.281250
-118.734375
28.734375
-2.937500
92.421875
82.203125
-61.187500
-178.125000
-195.390625
-50.546875
-26.093750
-79.718750
-71.015625
-228.078125
-294.437500
-273.156250
-223.250000
-148.718750
-184.062500
-188.609375
-284.328125
-393.796875
-412.296875
-314.437500
-182.109375
-203.671875
-265.906250
-132.453125
-105.031250
-11.406250
-42.593750
6.531250
54.218750
36.859375
49.968750
141.500000
160.031250
207.109375
168.906250
107.406250
30.343750
37.671875
110.125000
103.359375
41.296875
131.484375
55.046875
-96.078125
-96.875000
-69.812500
-63.843750
-9.390625
67.562500
44.031250
-71.343750
-157.937500
-46.265625
26.906250
-29.718750
-27.875000
77.390625
-151.359375
-256.828125
-291.296875
-90.343750
48.234375
-40.109375
-52.609375
-88.281250
-189.593750
-133.343750
18.781250
140.406250
108.968750
-32.484375
-88.718750
-121.296875
-146.359375
-32.328125
113.437500
60.828125
-72.765625
-94.062500
-19.609375
-74.531250
2.078125
71.765625
85.031250
-80.000000
-132.125000
-51.312500
19.109375
84.515625
21.984375
-46.156250
-86.828125
-92.125000
-104.453125
-39.859375
-45.109375
75.765625
-36.859375
-184.125000
-183.109375
-116.328125
-75.046875
-7.671875
-18.687500
-5.218750
57.093750
-16.406250
57.515625
42.921875
125.140625
86.984375
-63.500000
-99.296875
-102.453125
-142.140625
-57.093750
-87.656250
195.375000
188.750000
-49.031250
-61.156250
-107.859375
-84.843750
-214.546875
-204.515625
110.625000
170.312500
4.046875
43.218750
112.140625
104.203125
-57.578125
-125.906250
-118.265625
23.125000
43.421875
-27.343750
35.187500
-6.265625
-93.281250
-95.828125
-103.187500
25.093750
17.765625
-18.046875
-59.734375
-108.296875
-99.640625
-30.875000
-26.921875
6.812500
10.031250
9.734375
-53.968750
-137.843750
-68.562500
-2.609375
-46.531250
51.812500
129.750000
-31.687500
9.734375
-98.890625
-82.906250
-100.671875
-88.750000
-56.093750
57.781250
-0.859375
56.156250
51.625000
-97.718750
-198.921875
-108.000000
50.875000
48.984375
-185.625000
-124.390625
-361.234375
-419.328125
-382.796875
-208.062500
13.031250
-39.921875
-173.531250
-107.593750
-222.421875
-188.437500
-186.296875
2.171875
113.953125
-111.875000
-40.750000
44.968750
113.796875
52.875000
-62.062500
109.656250
84.500000
-99.578125
197.906250
189.921875
115.609375
22.921875
10.859375
90.578125
2.781250
31.421875
144.203125
144.015625
40.718750
-71.062500
-104.421875
-110.640625
-171.171875
-3.343750
-41.875000
-78.656250
-257.078125
-324.468750
-264.687500
-210.750000
-188.781250
-64.250000
-301.546875
-360.531250
-468.515625
-444.843750
-363.968750
-366.750000
-306.484375
-180.218750
-133.375000
-167.171875
-224.171875
-390.765625
-418.390625
-341.421875
-185.187500
19.843750
-113.390625
-16.484375
-72.640625
-204.875000
-153.515625
-147.500000
-167.218750
-55.750000
-40.328125
31.015625
15.281250
-21.421875
16.609375
-53.828125
-92.500000
-125.640625
-13.328125
-145.062500
-332.468750
-252.046875
-116.343750
-10.171875
-61.750000
-131.281250
-26.468750
-134.250000
-174.078125
-94.109375
-62.968750
-56.875000
-118.703125
-84.703125
-130.046875
-202.750000
-110.187500
-115.312500
-78.656250
-134.218750
-202.828125
-175.312500
-301.093750
-376.531250
-268.906250
-264.984375
-283.203125
-302.359375
-349.203125
-287.796875
-172.531250
-232.140625
-213.562500
-128.968750
-117.265625
-207.062500
-173.921875
-70.468750
-108.250000
45.625000
93.843750
-47.000000
-73.765625
-42.078125
-56.015625
-70.734375
134.890625
260.781250
7.578125
-198.406250
-214.671875
-160.703125
-60.578125
-54.734375
280.359375
-30.265625
-395.000000
-446.937500
-296.578125
-126.843750
-43.859375
-156.406250
-77.843750
-375.625000
-438.718750
-255.687500
35.765625
96.859375
-139.859375
-255.890625
-324.812500
-386.531250
-298.328125
-54.406250
99.296875
-121.640625
-332.687500
-232.546875
-281.109375
-189.218750
-53.531250
83.203125
-66.234375
-325.468750
-230.937500
-61.265625
8.437500
162.843750
166.187500
-57.468750
-254.687500
-228.109375
-95.531250
-20.765625
226.437500
197.406250
-39.718750
-237.156250
-166.828125
-46.140625
-31.250000
-123.250000
-265.265625
-127.828125
55.234375
21.968750
-171.500000
-194.812500
-37.796875
14.296875
-256.328125
19.609375
-8.859375
-117.859375
-270.187500
-203.390625
92.531250
49.046875
-26.906250
70.750000
-95.812500
-198.671875
-502.531250
-190.875000
134.640625
21.843750
40.156250
-44.562500
-88.984375
-330.031250
-415.421875
-26.156250
74.750000
-83.671875
-73.093750
-171.265625
-258.687500
-340.078125
-80.968750
74.187500
-174.046875
-148.593750
-212.859375
-248.718750
-173.671875
-21.484375
91.406250
-63.437500
-193.828125
-69.281250
-205.312500
-100.578125
-8.421875
-79.921875
-120.187500
-203.921875
-154.656250
-82.828125
-156.328125
-43.359375
-147.515625
-240.984375
-225.250000
-269.140625
-253.625000
-64.609375
11.390625
-57.750000
-68.843750
-76.234375
-45.421875
-75.406250
-138.687500
-135.093750
8.593750
-68.265625
-63.281250
-78.031250
-87.796875
-29.875000
-146.843750
-148.062500
-33.750000
-88.875000
-152.328125
-182.468750
-129.312500
4.640625
-147.453125
-125.281250
-62.000000
-149.031250
-246.640625
-129.062500
-109.609375
-54.281250
-72.453125
-102.687500
-125.875000
-186.468750
-232.578125
-179.437500
-171.515625
-72.765625
-106.765625
-198.625000
-40.468750
-48.531250
-72.593750
-104.234375
-27.343750
98.671875
-31.437500
-116.609375
93.671875
-2.203125
9.953125
40.375000
84.656250
-65.859375
-79.875000
-54.656250
58.625000
-38.453125
-51.531250
-83.671875
-88.812500
-131.578125
-43.781250
-48.687500
2.828125
58.218750
40.687500
43.203125
-58.531250
-58.468750
-7.453125
75.312500
-3.281250
-77.484375
-50.546875
-92.265625
-78.078125
-117.078125
-85.359375
80.875000
-65.953125
-178.203125
-101.687500
-180.437500
-137.953125
-154.781250
-162.343750
76.343750
-31.203125
19.312500
36.921875
46.812500
138.968750
45.687500
-38.875000
73.718750
-80.828125
-92.453125
19.062500
114.484375
-63.406250
-129.015625
9.187500
75.062500
-180.546875
-166.703125
-18.718750
-93.656250
-205.765625
-213.453125
-148.296875
-58.671875
-133.281250
-108.531250
-99.890625
-126.750000
-58.562500
-17.531250
-68.359375
-8.406250
81.375000
4.796875
28.390625
33.109375
-7.687500
-6.484375
52.187500
-3.359375
-193.796875
-219.625000
-179.656250
-11.328125
318.765625
408.890625
147.828125
-104.750000
-199.828125
-271.984375
-400.000000
-526.359375
-257.703125
191.343750
355.265625
134.109375
-195.953125
-153.781250
-216.578125
-405.187500
-573.953125
-403.515625
-52.593750
116.125000
-199.296875
-170.359375
-168.046875
-109.171875
-238.562500
-287.562500
-243.234375
-101.562500
-315.640625
-247.437500
-208.609375
-173.765625
-220.500000
-145.484375
-144.312500
-159.062500
-32.968750
-152.453125
-109.812500
-136.375000
-141.562500
-68.000000
109.765625
39.125000
177.625000
21.328125
-159.140625
-185.187500
-200.125000
-245.234375
11.953125
239.468750
-274.640625
-22.640625
-124.265625
-251.234375
-318.125000
-344.687500
-366.062500
-98.046875
4.265625
344.796875
545.562500
452.390625
204.968750
58.140625
65.796875
61.562500
182.609375
140.375000
-252.078125
-604.000000
-601.234375
-404.328125
-149.750000
-0.640625
2.734375
-314.031250
-493.359375
-401.843750
-232.218750
-35.203125
-26.890625
-87.062500
-291.875000
-368.578125
-283.687500
-212.562500
-36.406250
20.281250
-132.484375
-227.546875
-441.562500
-467.125000
-333.281250
-122.281250
32.687500
-155.781250
-310.468750
-262.734375
-174.937500
-14.437500
202.609375
302.250000
87.484375
-164.125000
-17.109375
198.781250
429.328125
717.140625
620.140625
186.968750
30.250000
219.640625
317.796875
183.109375
166.796875
-146.734375
-427.828125
-349.031250
-203.250000
-318.343750
-436.265625
-414.218750
22.031250
226.218750
85.109375
-36.265625
14.515625
42.843750
96.140625
-2.984375
298.953125
138.531250
-203.750000
-242.171875
-211.406250
-114.921875
70.296875
2.031250
152.937500
-259.953125
-246.343750
-202.890625
-152.750000
-61.515625
-119.890625
-120.828125
-226.718750
-230.671875
-77.718750
-41.656250
182.250000
29.828125
-255.046875
-132.375000
-185.656250
-66.421875
-80.609375
161.375000
266.375000
-142.406250
-162.250000
-29.906250
15.046875
112.203125
214.671875
309.812500
-141.031250
-189.203125
98.078125
75.828125
182.703125
333.156250
232.765625
-160.281250
-216.734375
-33.843750
-30.296875
-43.734375
104.984375
17.984375
-207.000000
-214.375000
-101.328125
-104.953125
-216.546875
-193.250000
-240.062500
-274.843750
-401.156250
-408.640625
-317.687500
-81.296875
54.000000
2.562500
-139.421875
-157.953125
-148.468750
-220.625000
-283.437500
-199.203125
-76.906250
-33.687500
-100.921875
-23.359375
138.843750
26.906250
25.312500
21.484375
-34.328125
-31.218750
-31.734375
81.515625
-44.421875
-198.921875
-113.031250
-124.515625
-71.328125
-18.546875
68.921875
-5.906250
-192.640625
-199.484375
-117.546875
-73.703125
23.031250
-12.546875
37.812500
-116.828125
-210.359375
-135.640625
-129.562500
-35.593750
90.640625
91.328125
-247.687500
-203.656250
-302.671875
-280.015625
-205.796875
-164.156250
-208.937500
-120.375000
-455.593750
-389.406250
-279.687500
-153.609375
-92.687500
-120.187500
-112.765625
-91.828125
-157.250000
-280.000000
-311.515625
-327.109375
-192.015625
-160.812500
-158.609375
-109.312500
-127.890625
-10.187500
134.953125
115.640625
61.156250
-18.484375
-116.000000
-100.453125
124.593750
324.734375
361.796875
260.828125
99.953125
-63.609375
-13.593750
-11.187500
219.484375
171.562500
-87.921875
-166.890625
-194.578125
-95.421875
42.281250
42.515625
179.515625
-28.531250
-209.156250
-208.093750
-136.750000
-8.484375
31.406250
-51.750000
-166.640625
-386.171875
-415.531250
-296.640625
-101.375000
-150.390625
-182.953125
-188.406250
-376.140625
-435.031250
-352.953125
-84.703125
-103.453125
-204.093750
-209.937500
-87.468750
-71.515625
110.312500
191.843750
200.093750
126.093750
84.203125
110.531250
189.468750
6.937500
67.453125
49.734375
-48.296875
-60.375000
-53.875000
-7.062500
-56.031250
-28.453125
-10.843750
30.781250
161.984375
259.187500
243.046875
136.203125
-16.609375
-76.218750
-76.765625
-127.125000
-112.750000
-25.562500
41.546875
91.640625
23.390625
6.609375
36.890625
2.828125
-128.906250
-135.640625
-71.609375
-63.984375
-21.421875
10.625000
-33.046875
-69.296875
-58.828125
-15.109375
-31.609375
-52.156250
15.359375
-49.515625
-17.390625
-47.687500
-78.125000
-29.500000
-40.406250
-17.875000
23.125000
-97.640625
-119.828125
-146.406250
-88.796875
40.218750
11.859375
-32.062500
-69.500000
25.906250
39.046875
16.406250
47.546875
30.796875
52.890625
115.718750
155.703125
-73.343750
-46.312500
-34.593750
-134.203125
-175.437500
-33.156250
-52.515625
-132.453125
-49.453125
65.250000
18.250000
-151.656250
-263.484375
-85.421875
-70.062500
-175.984375
56.031250
209.328125
-87.484375
-321.406250
-281.796875
-73.437500
-14.093750
-247.921875
185.265625
54.921875
-325.734375
-273.406250
-189.750000
114.453125
150.656250
-290.593750
132.734375
-161.406250
-304.125000
-176.531250
-136.796875
223.296875
50.828125
-296.312500
62.828125
-177.343750
-199.296875
-105.968750
69.421875
155.671875
-168.171875
-235.328125
11.390625
-40.906250
-76.250000
-5.734375
129.781250
-91.937500
-261.906250
-68.453125
-14.703125
37.359375
-38.750000
-22.859375
-125.218750
-224.312500
-134.578125
-30.531250
-107.375000
-68.718750
-65.515625
-70.046875
-82.093750
-94.875000
-78.796875
-117.796875
-81.375000
-118.937500
-74.750000
-102.937500
-87.000000
-84.312500
-69.953125
-92.859375
-87.484375
31.234375
28.484375
-76.312500
-147.312500
-91.484375
-73.484375
-81.765625
-35.250000
150.046875
-58.328125
-229.187500
-229.421875
-153.359375
-12.625000
-83.375000
17.859375
-51.062500
-291.171875
-290.250000
-208.671875
-98.875000
-4.718750
-151.906250
-31.531250
-156.968750
-277.234375
-221.171875
-134.484375
27.531250
-57.312500
-169.328125
-16.343750
-1.203125
-53.046875
-111.921875
62.375000
98.109375
-59.875000
-88.765625
-34.500000
11.750000
-1.125000
54.328125
8.437500
-121.171875
-115.453125
-32.187500
56.484375
96.875000
-7.093750
-147.500000
-84.671875
-110.265625
22.000000
76.921875
93.343750
68.906250
-6.656250
-35.156250
-15.937500
-90.265625
-39.843750
30.171875
-34.796875
-102.328125
-114.796875
10.796875
10.921875
19.781250
-68.171875
-89.687500
-38.500000
-51.531250
12.843750
61.468750
45.187500
55.109375
-55.171875
-45.281250
-40.046875
-55.593750
72.468750
128.671875
85.765625
-6.937500
-13.375000
55.109375
25.890625
94.468750
92.953125
75.609375
-9.093750
-2.140625
48.093750
20.687500
-5.375000
-29.437500
-38.890625
11.109375
9.937500
-25.765625
-90.171875
-119.906250
-25.359375
-162.000000
-129.421875
-13.718750
3.328125
-32.906250
-51.937500
-83.093750
-52.187500
-39.406250
-93.437500
-44.328125
-7.140625
155.765625
100.109375
-72.281250
-35.406250
-44.187500
-59.562500
-88.093750
-147.828125
134.640625
168.656250
-29.171875
-12.718750
-13.781250
-22.671875
-115.015625
-207.078125
43.890625
96.953125
39.359375
10.562500
57.593750
0.265625
-48.625000
-120.984375
-55.093750
7.953125
37.390625
40.953125
1.984375
-14.078125
-82.843750
-51.328125
-11.109375
42.359375
-17.031250
26.546875
-20.609375
-70.187500
-132.562500
-98.906250
-59.015625
3.296875
-3.125000
-7.171875
21.671875
-92.984375
-56.046875
-58.953125
-125.578125
-56.578125
75.156250
-62.812500
27.468750
-46.796875
-69.031250
-25.062500
-76.578125
-104.937500
39.125000
15.484375
3.921875
2.921875
-75.640625
-91.343750
-114.250000
-2.921875
31.562500
-24.953125
126.281250
163.640625
70.484375
29.078125
-60.312500
-21.796875
-4.468750
10.906250
66.109375
-11.828125
-61.156250
-86.687500
-46.734375
-12.171875
-59.625000
121.953125
154.140625
19.125000
-73.234375
-26.703125
64.203125
81.328125
-37.312500
180.218750
142.921875
34.546875
39.046875
165.718750
161.250000
171.140625
34.687500
109.500000
104.359375
-20.343750
47.609375
122.609375
78.890625
-5.312500
-59.828125
-141.406250
-86.687500
-71.265625
42.000000
-2.015625
-64.250000
-153.375000
-181.687500
-31.562500
0.609375
73.343750
-5.734375
-54.250000
-10.421875
-20.890625
-32.515625
