-92.390625
101.125000
-9.515625
-94.109375
81.921875
53.968750
-10.062500
100.359375
-162.156250
147.296875
-77.609375
71.250000
-185.109375
46.906250
81.812500
201.484375
37.046875
49.843750
74.328125
101.453125
93.375000
-80.078125
-164.218750
-86.187500
-319.609375
163.296875
-372.531250
-136.046875
155.546875
141.781250
-20.609375
-347.609375
71.765625
-76.640625
-242.046875
356.031250
125.031250
149.375000
-102.562500
-4.484375
-176.140625
250.500000
179.734375
-65.296875
53.000000
-384.640625
-355.531250
42.593750
-237.828125
-223.625000
-166.546875
57.796875
63.125000
23.796875
-15.078125
-123.843750
-70.171875
-10.406250
-81.062500
-162.093750
65.843750
-259.578125
-28.093750
-95.859375
384.218750
187.531250
-305.078125
216.718750
-108.437500
41.593750
101.500000
-280.234375
-552.843750
200.359375
-81.125000
80.625000
-101.984375
-49.703125
-89.968750
-57.234375
-72.015625
-69.078125
67.390625
41.703125
246.671875
-209.515625
-63.593750
-166.203125
136.921875
-15.953125
146.218750
-64.406250
-114.828125
68.609375
-126.984375
14.109375
117.500000
-17.078125
-198.406250
30.875000
-192.984375
128.812500
-221.875000
-412.250000
339.421875
-17.296875
-352.656250
-243.328125
154.734375
34.062500
-281.468750
41.734375
159.203125
-12.984375
-50.765625
17.625000
31.625000
-209.312500
-65.593750
-104.062500
74.609375
-18.734375
-191.640625
-152.203125
-43.562500
113.546875
361.468750
168.343750
-23.281250
-51.750000
-4.984375
-70.359375
60.250000
-152.390625
-126.078125
-172.250000
-70.609375
-49.203125
-35.859375
100.296875
-251.093750
156.187500
-78.453125
101.281250
15.031250
-52.421875
30.828125
-39.078125
119.109375
55.640625
-276.859375
171.578125
-176.781250
-248.171875
-331.046875
280.031250
-166.406250
56.703125
-61.984375
321.406250
110.578125
-300.968750
-157.828125
211.593750
69.296875
68.109375
-20.453125
194.359375
86.750000
-97.437500
32.500000
15.828125
-59.734375
-199.750000
-64.515625
-234.687500
-58.546875
-81.687500
-126.953125
-286.156250
276.250000
-31.125000
-66.062500
287.875000
-189.234375
156.484375
168.781250
-23.437500
-127.078125
157.843750
-148.890625
-157.828125
-187.703125
145.937500
12.406250
-13.109375
-219.703125
-43.812500
-9.718750
-364.937500
108.984375
-2.765625
23.140625
63.156250
-12.250000
378.937500
5.437500
6.546875
60.906250
54.109375
-329.156250
126.312500
-51.078125
-61.859375
43.343750
-215.531250
105.625000
-161.796875
-38.250000
37.890625
-58.171875
-246.890625
2.750000
-72.000000
111.734375
66.109375
3.390625
178.359375
-84.921875
341.015625
-362.156250
4.093750
-23.578125
-25.515625
-109.421875
144.593750
-98.234375
-57.031250
-47.234375
316.625000
15.984375
-213.328125
-67.250000
103.812500
1.890625
140.015625
-7.078125
-158.718750
-118.562500
-213.703125
-150.953125
74.687500
-2.843750
205.750000
-29.718750
223.468750
124.359375
-387.156250
52.906250
-76.359375
168.765625
48.734375
-44.031250
381.687500
-8.531250
-18.359375
318.046875
-363.546875
-193.796875
-10.515625
-251.796875
-298.984375
226.218750
239.937500
118.406250
-249.562500
-108.609375
-22.890625
-238.921875
100.281250
-61.921875
-119.875000
68.984375
77.953125
368.703125
119.281250
-0.875000
295.187500
-90.843750
247.234375
-68.718750
-57.875000
-76.671875
85.531250
-122.812500
39.312500
-120.796875
174.140625
-84.921875
0.750000
-133.578125
63.953125
53.125000
-99.296875
24.921875
-26.359375
-320.515625
-285.671875
-57.828125
-6.015625
245.875000
199.046875
-89.968750
-124.859375
-246.718750
-257.953125
-36.781250
352.343750
-186.968750
141.484375
-378.796875
-39.000000
-112.031250
-180.093750
173.484375
-253.468750
-65.578125
-66.015625
18.734375
86.281250
-1.125000
78.484375
-224.796875
20.453125
-145.781250
61.953125
-111.140625
-244.718750
-133.218750
-118.187500
226.140625
-21.484375
-232.656250
-500.531250
92.843750
130.921875
-79.062500
34.125000
-87.687500
-5.359375
-120.468750
218.125000
-23.421875
260.812500
13.250000
-152.593750
53.921875
-192.750000
-338.218750
-122.984375
-175.468750
104.593750
-162.890625
-121.093750
-220.453125
240.406250
-67.984375
-150.390625
-44.812500
-218.906250
-149.781250
-382.906250
-311.828125
152.281250
-11.265625
356.281250
-110.437500
20.703125
-336.171875
-150.593750
214.296875
-58.656250
-191.046875
-12.875000
-178.609375
40.890625
-92.000000
-11.203125
8.921875
-161.750000
-176.937500
97.437500
-176.765625
7.968750
-11.281250
-71.500000
-124.765625
-49.359375
-171.171875
-394.265625
-45.343750
66.656250
-47.687500
-153.390625
-122.484375
94.796875
-12.328125
-153.109375
-33.609375
-63.921875
-53.656250
-3.781250
176.937500
-63.531250
139.953125
-118.828125
-32.078125
29.531250
-287.437500
-224.171875
95.250000
-191.562500
-68.125000
354.781250
-27.953125
-116.468750
76.343750
133.265625
-18.078125
-116.093750
335.156250
137.421875
-217.359375
120.843750
-55.078125
-205.703125
133.781250
94.421875
68.187500
-14.578125
327.640625
-54.328125
49.843750
-297.187500
-86.625000
-40.328125
45.468750
76.875000
-64.281250
-120.765625
-21.234375
25.359375
351.718750
202.640625
-32.125000
48.968750
140.953125
-37.062500
282.828125
-105.343750
75.109375
80.750000
-268.484375
129.656250
46.843750
351.812500
226.515625
-97.062500
182.140625
182.578125
21.765625
115.015625
-60.250000
45.734375
-63.171875
351.203125
17.625000
-170.515625
-63.609375
4.890625
45.875000
64.015625
-15.875000
-73.156250
226.203125
-289.437500
355.968750
25.296875
159.750000
179.859375
28.078125
151.593750
267.968750
113.281250
131.453125
-250.796875
116.015625
355.187500
-42.437500
182.421875
