-0.716187
1.467163
-1.050903
-1.096680
-1.848877
0.922607
-2.387573
1.755249
-5.797363
-2.130737
-0.573120
0.644043
-0.883545
-2.099731
3.283325
1.523926
1.283447
-4.206421
1.666138
-0.335815
0.609375
-1.372681
1.296509
0.527832
-5.006958
1.230225
-1.103760
-1.827026
0.748291
-1.949219
-0.751587
-1.374268
1.341309
0.868408
0.780029
1.897339
-1.688721
-0.460083
1.078369
2.781860
-1.806030
-3.642578
-0.088989
-0.542725
0.118652
-3.469238
-1.951416
1.172852
-0.019043
-0.865723
-0.047241
1.798096
-0.961182
1.341309
2.293945
-0.738037
-0.082886
-1.592773
0.745117
1.593872
-1.239990
-1.148315
2.329224
2.318481
3.366455
0.430054
-3.383301
0.039917
-0.442139
0.268921
1.367554
-1.067871
-0.529175
1.203125
1.132080
0.385376
1.371704
-0.587646
-0.015747
-1.634399
0.990112
-3.944336
0.166382
0.643188
1.926392
-1.817749
0.474487
-3.803101
1.603638
-1.767456
0.165283
0.239502
-1.699829
-0.328491
3.914429
-0.196655
-1.292236
-0.458496
1.163818
-0.092651
-1.862183
3.141357
-1.326172
-3.475098
6.872437
1.638306
-1.061279
-5.354492
1.096558
1.561401
1.512451
0.930786
-0.478638
-2.288086
1.165649
1.235962
1.444458
-2.556641
0.476685
1.492798
2.094116
0.224121
-5.363525
-0.444336
0.082397
1.055054
1.534546
0.365723
1.326050
-0.097046
-1.789307
2.407837
0.987915
-0.010986
-2.187866
-1.663940
-3.530884
2.621704
2.572021
0.406616
-2.054077
2.490845
3.196655
2.943604
-2.822754
-2.654297
-0.230225
-1.064819
-1.105225
2.434326
0.606812
-1.251709
-1.638672
-1.540039
-3.293335
2.164917
3.137329
1.017212
1.696655
-1.286499
4.751587
-2.560547
0.280762
-0.589233
1.082764
-0.624878
-1.233643
0.680420
1.624756
-3.624878
1.443481
-1.349854
-0.761963
-4.736450
3.165283
-4.596313
-1.346436
0.796387
-0.336914
-6.778809
3.145142
-1.039063
-2.183472
2.136841
-2.043213
1.357300
0.910645
-4.077881
0.817627
-1.242920
-0.185913
-0.360352
-1.870361
0.916260
-0.751343
-3.542114
-2.819946
-1.319946
-1.779053
-1.167114
-0.552002
-0.120850
0.083618
-1.118774
0.821777
5.436646
0.535156
4.174805
0.912354
3.948364
-4.165405
-1.930054
-3.139526
-1.525146
1.860352
-4.478149
-0.936646
3.211548
1.105103
-0.090698
1.201538
-1.140503
5.638916
-0.077881
-1.672241
-0.858765
-0.195190
1.568970
-2.642090
2.005371
-0.764771
1.447388
1.265625
-0.103516
-0.481934
2.085449
-2.917847
1.790283
-1.784912
3.430908
1.905762
-2.681274
-2.343994
3.700562
1.622925
-0.639893
0.283936
-3.002563
-2.742188
0.706055
-3.762451
1.634766
2.329346
1.909180
0.873047
0.171265
1.979004
-5.012451
-0.180298
-1.068726
2.216797
1.603271
1.204590
2.277710
-0.564941
-2.215210
1.478882
-1.495483
-1.908936
1.772095
-0.977661
-3.776855
-1.099609
1.680542
1.466797
-3.690430
-1.077393
-1.257080
-4.608887
0.065674
-0.811523
0.465210
-2.260986
-1.346069
-0.290039
0.084961
-0.520508
1.949707
0.239990
2.451050
1.959839
1.028076
-0.876221
0.794922
0.665283
1.868164
-0.530151
-1.971069
-2.481812
-4.134155
-2.531372
-0.192749
-0.150269
0.279541
-0.183228
1.288208
-4.110107
-2.639893
-2.116455
-1.638184
1.616699
1.060791
-1.960815
-1.119995
-1.457886
-2.902832
3.542358
2.577515
-1.536621
0.927612
-2.543213
1.222412
-0.081909
-4.768799
0.103027
-5.247437
0.490234
-1.789673
-0.779663
1.519043
0.779541
-2.747192
-0.259888
0.776855
-0.980957
-1.506958
-2.097900
-3.059448
0.589966
-0.365845
2.501221
-4.327271
-1.629395
-5.066162
3.599609
0.302490
-1.572144
1.667480
0.920898
0.157349
0.509521
3.383301
-2.164551
2.624390
-1.695435
0.950317
1.528442
2.047607
-3.464355
-2.496216
-0.010254
-1.502197
0.193726
3.802612
-1.922363
-1.185913
-1.887817
-1.235229
0.078247
-1.112671
-3.075073
-6.201782
-4.074219
1.580566
0.040405
3.149536
0.799438
0.211304
-2.375977
-1.232910
2.003296
-0.585693
-1.838989
0.099854
-0.717896
-1.767212
0.027466
0.647583
-2.320557
-2.721069
-2.574097
5.227295
-2.937256
2.135986
0.418823
-1.170654
-1.853394
-1.245728
2.600708
-6.382690
0.127075
-2.872559
-1.597290
1.420776
1.184326
-1.611084
-2.583984
-2.993042
0.688965
-2.517944
-1.321899
1.508301
2.719727
-2.217285
1.795898
-2.286255
-2.713257
-3.165161
0.515625
-1.838501
-0.374268
0.363037
-1.408936
4.013550
-3.973877
-0.088257
1.045288
1.149048
-6.687988
-1.576904
0.517334
-0.476440
-3.993408
-2.555664
-0.093262
-1.277588
-1.580078
0.882935
-2.898438
0.491455
-0.048218
0.642456
1.881470
-2.207275
2.128174
0.298340
3.578613
0.571899
-1.359009
-1.655762
2.412964
-1.903076
0.287109
1.443726
-0.044312
-1.243530
3.099609
1.476563
3.693726
2.073364
4.034912
-1.446655
-5.955566
0.677612
1.138672
3.464355
1.653809
-0.845825
2.397095
-0.830933
0.064941
1.960693
-1.932251
-0.328491
-2.746460
-1.555908
2.034180
-3.962891
-0.668091
1.234619
-2.556030
-0.924805
1.599243
0.152832
0.820923
-1.802002
4.245483
-0.577026
-0.937134
4.662354
3.029785
2.395264
2.778687
0.629272
2.715942
-3.533203
-0.791382
3.746094
2.618408
0.826782
