-9.781250
-9.781250
-9.781250
-9.781250
-9.781250
-9.781250
-9.781250
-9.781250
-9.781250
-9.781250
-9.781250
-9.781250
-9.781250
-9.781250
-9.781250
2.390625
-9.781250
-9.781250
-9.781250
-9.781250
-9.781250
-9.781250
-9.781250
-9.781250
-9.781250
-9.750000
-0.718750
67.515625
52.093750
65.796875
57.546875
13.296875
-27.968750
-9.781250
-9.781250
-9.781250
-9.781250
-1.265625
33.593750
53.000000
-6.218750
-2.515625
10.109375
22.843750
-1.781250
-9.781250
-9.781250
-9.781250
-9.781250
43.906250
63.984375
-45.265625
18.375000
-7.234375
40.984375
38.609375
-26.281250
27.203125
-9.781250
-9.781250
-9.781250
62.328125
40.765625
8.718750
-2.234375
-3.812500
40.921875
54.093750
8.343750
19.171875
-9.781250
-9.781250
-9.781250
32.203125
-27.890625
19.312500
-9.750000
19.390625
51.203125
-37.734375
19.171875
-9.781250
-9.781250
-9.781250
-9.781250
-9.781250
-9.703125
2.859375
3.171875
67.734375
42.906250
23.578125
4.875000
-9.781250
-9.781250
-9.781250
-6.718750
7.796875
31.093750
14.437500
90.937500
50.625000
4.578125
66.343750
66.359375
20.140625
0.234375
-9.781250
4.250000
68.859375
76.171875
58.031250
36.562500
47.218750
49.718750
32.421875
30.453125
-13.609375
11.484375
-9.781250
-5.906250
1.546875
-8.375000
-44.000000
2.265625
24.937500
-1.921875
-9.781250
1.609375
-9.781250
-1.921875
-9.781250
-9.781250
-9.781250
-9.781250
-9.781250
-9.781250
-9.781250
-9.781250
-9.781250
-9.781250
-9.781250
-9.781250
-9.781250
-2.125000
-2.125000
-2.125000
-2.125000
-2.125000
-2.125000
-2.125000
-2.125000
-2.125000
-2.125000
-2.125000
-2.125000
-2.125000
-2.125000
-2.125000
-2.125000
-2.125000
-2.125000
-2.125000
-2.125000
-2.125000
-2.125000
-2.125000
-2.125000
-2.125000
-2.125000
-2.125000
5.437500
5.109375
38.640625
33.000000
-24.437500
-41.281250
-2.125000
-2.125000
-2.125000
-2.125000
-2.125000
-11.953125
8.453125
49.250000
71.687500
95.812500
73.609375
0.250000
-2.125000
-2.125000
-2.125000
-2.125000
-1.437500
0.875000
0.156250
5.625000
-2.125000
-2.125000
39.734375
-15.234375
-2.125000
-2.125000
-2.125000
-2.125000
33.343750
45.671875
13.781250
-2.125000
-2.125000
-6.843750
-14.890625
-8.937500
-2.125000
-2.125000
-2.125000
-2.125000
12.031250
31.953125
-2.125000
-2.125000
-2.218750
-6.828125
-30.593750
6.578125
-2.125000
-2.125000
-2.125000
-2.125000
-2.125000
-2.125000
-2.125000
-8.984375
-47.593750
-0.343750
4.234375
-2.125000
-2.125000
-2.125000
-2.125000
0.421875
-2.812500
-74.609375
-83.390625
9.515625
-37.046875
-42.875000
-15.968750
46.390625
-2.109375
-41.437500
-2.125000
7.281250
54.781250
34.718750
31.546875
88.015625
82.031250
35.046875
9.953125
73.734375
53.281250
5.937500
-2.125000
-2.125000
13.953125
58.859375
75.625000
61.484375
32.078125
30.843750
64.687500
-2.125000
32.078125
30.843750
-2.125000
-2.125000
-2.125000
-2.125000
-2.125000
-2.125000
-2.125000
-2.125000
-2.125000
-2.125000
-2.125000
-2.125000
-2.125000
7.531250
7.531250
7.531250
7.531250
7.531250
7.531250
7.531250
7.531250
7.531250
7.531250
7.531250
7.531250
7.531250
7.531250
7.531250
7.531250
7.531250
7.531250
7.531250
7.531250
7.531250
7.531250
7.531250
7.531250
7.531250
7.531250
7.531250
-26.187500
-131.468750
-96.093750
-92.203125
-75.328125
-43.171875
7.531250
7.531250
7.531250
7.531250
7.531250
-31.765625
18.953125
258.921875
255.437500
242.718750
85.218750
-15.171875
7.531250
7.531250
7.531250
7.531250
-9.453125
2.484375
76.984375
94.765625
19.906250
50.000000
45.093750
19.062500
43.203125
7.531250
7.531250
7.531250
29.109375
102.984375
89.515625
44.078125
7.531250
-9.484375
-10.968750
69.937500
87.765625
7.531250
7.531250
7.531250
94.062500
85.546875
88.234375
7.531250
7.328125
-39.421875
60.281250
87.765625
7.531250
7.531250
7.531250
7.531250
7.531250
7.531250
7.531250
-9.390625
-54.687500
22.203125
67.546875
59.140625
7.531250
7.531250
7.531250
7.531250
-13.796875
-71.312500
-150.046875
-101.328125
52.484375
64.234375
-24.906250
-85.156250
-62.593750
-12.515625
7.531250
15.921875
39.750000
17.062500
102.140625
139.406250
142.125000
40.515625
184.671875
223.296875
172.156250
81.437500
7.531250
19.078125
156.171875
240.421875
236.265625
149.953125
110.578125
188.609375
112.328125
45.718750
81.796875
45.578125
7.531250
7.531250
7.531250
7.531250
7.531250
7.531250
7.531250
7.531250
7.531250
7.531250
7.531250
7.531250
7.531250
2.718750
2.718750
2.718750
2.718750
2.718750
2.718750
2.718750
2.718750
2.718750
2.718750
2.718750
2.718750
2.718750
2.718750
2.718750
55.406250
65.687500
81.500000
76.562500
24.000000
13.953125
2.718750
2.718750
2.718750
2.718750
2.812500
84.046875
82.468750
114.453125
113.125000
176.234375
118.828125
29.437500
4.203125
2.718750
2.718750
2.718750
39.468750
82.062500
122.781250
162.953125
62.187500
67.093750
88.265625
25.859375
28.515625
2.718750
2.718750
2.718750
83.546875
98.937500
109.765625
2.703125
2.718750
79.468750
117.375000
60.250000
12.625000
2.718750
2.718750
2.718750
64.359375
78.968750
0.234375
2.718750
19.390625
82.828125
95.843750
68.140625
2.718750
2.718750
2.718750
2.718750
36.546875
1.906250
2.718750
2.812500
83.437500
65.937500
99.562500
0.218750
2.718750
2.718750
2.718750
2.718750
2.718750
3.046875
62.796875
79.562500
79.671875
97.281250
32.203125
57.500000
25.765625
16.750000
2.718750
18.234375
71.515625
99.640625
103.546875
187.890625
161.281250
138.468750
72.937500
155.359375
88.484375
23.625000
2.718750
11.953125
85.812500
143.859375
156.406250
104.281250
66.265625
101.640625
110.875000
90.312500
24.843750
16.234375
2.718750
4.890625
28.328125
31.750000
23.093750
-3.281250
38.937500
6.703125
2.718750
9.171875
5.140625
2.718750
2.718750
2.718750
2.718750
2.718750
2.718750
2.718750
2.718750
2.718750
2.718750
2.718750
2.718750
2.718750
2.718750
21.437500
21.437500
21.437500
21.437500
21.437500
21.437500
21.437500
21.437500
21.437500
21.437500
21.437500
21.437500
21.437500
21.437500
21.437500
116.390625
118.609375
92.937500
80.218750
21.437500
21.437500
21.437500
21.437500
21.437500
21.437500
21.656250
105.390625
116.437500
11.546875
-3.687500
40.828125
17.750000
17.906250
21.437500
21.437500
21.437500
21.437500
89.453125
140.640625
21.750000
-27.156250
-45.921875
26.593750
27.937500
-18.281250
21.437500
21.437500
21.437500
21.437500
117.546875
51.265625
-64.687500
21.343750
21.437500
97.406250
94.671875
-37.984375
21.437500
21.437500
21.437500
21.437500
99.234375
-55.578125
-0.500000
21.437500
60.296875
145.015625
1.578125
-60.390625
21.437500
21.437500
21.437500
21.437500
10.593750
-22.359375
21.437500
21.656250
131.625000
112.359375
-55.031250
-0.671875
21.437500
21.437500
21.437500
21.437500
21.437500
22.078125
125.906250
125.984375
96.343750
-37.343750
93.343750
109.171875
21.437500
21.437500
21.437500
41.171875
123.187500
127.937500
81.765625
34.062500
-13.625000
36.906250
36.531250
30.125000
14.453125
17.859375
21.437500
35.000000
97.500000
60.546875
-45.796875
-74.484375
-30.625000
9.734375
-10.953125
-10.234375
-24.750000
17.203125
21.437500
21.437500
21.437500
-30.625000
-119.187500
-19.468750
-0.937500
-0.765625
21.437500
21.437500
21.437500
21.437500
21.437500
21.437500
21.437500
21.437500
21.437500
21.437500
21.437500
21.437500
21.437500
21.437500
21.437500
21.437500
21.437500
16.421875
16.421875
16.421875
16.421875
16.421875
16.421875
16.421875
16.421875
16.421875
16.421875
16.421875
16.421875
16.421875
16.421875
16.421875
16.421875
16.421875
16.421875
16.421875
16.421875
16.421875
16.421875
16.421875
16.421875
16.421875
16.421875
16.421875
-28.953125
-30.781250
-33.593750
-32.578125
-36.875000
3.328125
16.421875
16.421875
16.421875
16.421875
16.421875
-14.781250
-41.734375
30.890625
48.812500
53.109375
-23.484375
-34.406250
16.421875
16.421875
16.421875
16.421875
-0.625000
-49.828125
-28.671875
56.968750
25.281250
16.421875
-36.593750
-8.843750
16.421875
16.421875
16.421875
16.421875
-10.984375
-17.921875
43.343750
42.593750
16.421875
-0.843750
-28.015625
-17.343750
57.406250
16.421875
16.421875
16.421875
37.234375
35.796875
57.671875
16.421875
16.218750
-51.781250
-26.812500
57.406250
16.421875
16.421875
16.421875
16.421875
16.421875
16.421875
16.421875
-0.562500
-35.125000
-24.765625
-8.953125
48.062500
16.421875
16.421875
16.421875
16.421875
3.859375
-67.140625
-34.015625
-60.390625
-50.765625
-9.875000
-6.703125
-23.000000
-40.218750
9.609375
16.421875
21.515625
24.734375
-79.781250
-102.375000
-33.718750
22.609375
-21.406250
7.218750
57.890625
29.390625
30.531250
16.421875
16.421875
37.125000
34.953125
69.671875
49.421875
64.453125
70.468750
29.937500
43.578125
37.312500
43.671875
16.421875
16.421875
16.421875
16.421875
16.421875
16.421875
16.421875
16.421875
16.421875
16.421875
16.421875
16.421875
16.421875
3.578125
3.578125
3.578125
3.578125
3.578125
3.578125
3.578125
3.578125
3.578125
3.578125
3.578125
3.578125
3.578125
3.578125
3.578125
75.906250
150.625000
146.734375
137.218750
52.937500
3.578125
3.578125
3.578125
3.578125
3.578125
3.703125
36.906250
121.468750
117.156250
108.265625
150.609375
140.921875
66.218750
3.578125
3.578125
3.578125
3.578125
31.281250
145.156250
127.062500
56.562500
-28.453125
-21.156250
102.140625
68.484375
29.906250
3.578125
3.578125
3.578125
138.453125
131.671875
19.781250
3.484375
3.578125
58.375000
132.453125
59.234375
38.796875
3.578125
3.578125
3.578125
63.468750
99.109375
4.343750
3.578125
25.343750
137.265625
113.671875
21.734375
3.578125
3.578125
3.578125
3.578125
25.437500
-4.250000
3.578125
3.703125
53.671875
122.125000
65.656250
-19.390625
3.578125
3.578125
3.578125
3.578125
3.578125
4.031250
86.671875
108.343750
162.796875
86.640625
55.093750
123.750000
61.000000
3.578125
3.578125
14.796875
100.093750
223.562500
255.453125
129.156250
143.000000
59.937500
51.234375
120.968750
123.890625
74.031250
3.578125
13.390625
46.765625
114.859375
157.781250
75.437500
45.093750
40.750000
50.125000
1.562500
-2.859375
6.687500
3.578125
8.265625
17.265625
11.703125
-23.359375
-20.984375
7.859375
-17.140625
3.578125
17.437500
3.578125
3.578125
3.578125
3.578125
3.578125
3.578125
3.578125
3.578125
3.578125
3.578125
3.578125
3.578125
3.578125
3.578125
3.578125
10.625000
10.625000
10.625000
10.625000
10.625000
10.625000
10.625000
10.625000
10.625000
10.625000
10.625000
10.625000
10.625000
10.625000
10.625000
20.875000
10.625000
10.625000
10.625000
37.421875
13.812500
10.625000
10.625000
10.625000
10.625000
10.671875
23.578125
32.078125
29.203125
33.796875
63.218750
48.437500
60.453125
11.046875
10.625000
10.625000
10.625000
14.734375
-19.750000
59.843750
54.500000
24.421875
30.625000
41.234375
83.125000
42.921875
10.625000
10.625000
10.625000
23.625000
55.750000
44.890625
43.812500
10.625000
10.625000
-34.140625
82.046875
58.093750
10.625000
10.625000
10.625000
-27.125000
39.140625
54.375000
10.625000
18.937500
23.281250
92.328125
60.734375
17.484375
10.625000
10.625000
10.625000
25.625000
16.062500
17.437500
10.671875
23.093750
53.312500
69.312500
42.859375
10.625000
10.625000
10.625000
10.625000
10.625000
10.671875
23.171875
23.578125
54.125000
48.406250
47.140625
10.625000
42.906250
14.703125
10.625000
15.000000
10.687500
-22.765625
29.500000
80.375000
78.718750
56.359375
8.828125
34.218750
86.171875
65.640625
10.625000
10.625000
-5.750000
10.843750
80.171875
63.406250
29.656250
42.890625
43.375000
25.609375
53.375000
65.875000
10.625000
10.625000
10.625000
-21.703125
36.203125
18.531250
55.640625
9.562500
10.625000
10.625000
10.625000
10.625000
10.625000
10.625000
10.625000
10.625000
10.625000
10.625000
10.625000
10.625000
10.625000
10.625000
10.625000
10.625000
10.625000
7.531250
7.531250
7.531250
7.531250
7.531250
7.531250
7.531250
7.531250
7.531250
7.531250
7.531250
7.531250
7.531250
7.531250
7.531250
11.328125
7.531250
7.531250
7.531250
7.531250
7.531250
7.531250
7.531250
7.531250
7.531250
7.531250
7.531250
-5.687500
-35.578125
-58.890625
-54.062500
-15.562500
-24.437500
7.531250
7.531250
7.531250
7.531250
7.531250
7.859375
-0.140625
109.343750
131.890625
126.750000
94.953125
-44.109375
7.531250
7.531250
7.531250
7.531250
11.015625
22.796875
14.953125
32.828125
11.046875
35.343750
36.859375
57.781250
7.531250
7.531250
7.531250
7.531250
47.578125
40.828125
50.765625
17.906250
7.531250
6.484375
43.750000
11.250000
18.281250
7.531250
7.531250
7.531250
36.343750
53.656250
18.328125
7.531250
7.515625
6.125000
11.375000
37.109375
7.531250
7.531250
7.531250
7.531250
7.531250
7.546875
12.421875
12.531250
-22.375000
3.000000
31.500000
17.437500
7.531250
7.531250
7.531250
7.531250
8.531250
-12.062500
-32.578125
-48.453125
-14.546875
19.500000
-3.625000
-9.390625
-19.187500
-24.609375
7.531250
8.453125
6.734375
-7.921875
14.031250
-0.546875
33.203125
42.156250
54.125000
97.812500
73.593750
19.843750
7.531250
16.312500
65.140625
90.750000
120.093750
88.906250
40.046875
56.500000
73.125000
33.671875
29.281250
52.296875
7.531250
7.531250
7.531250
7.531250
7.531250
7.531250
7.531250
7.531250
7.531250
7.531250
7.531250
7.531250
7.531250
5.500000
5.500000
5.500000
5.500000
5.500000
5.500000
5.500000
5.500000
5.500000
5.500000
5.500000
5.500000
5.500000
5.500000
5.500000
5.500000
11.843750
64.093750
99.234375
93.765625
37.875000
5.500000
5.500000
5.500000
5.500000
5.500000
22.171875
156.562500
198.218750
179.656250
168.609375
142.875000
80.906250
9.781250
5.500000
5.500000
5.500000
5.500000
120.203125
231.203125
94.843750
-52.546875
-15.156250
36.156250
34.093750
57.765625
5.500000
5.500000
5.500000
25.171875
204.031250
57.984375
5.437500
5.500000
5.500000
122.765625
94.265625
5.500000
5.500000
5.500000
5.500000
110.484375
104.781250
-7.328125
5.500000
5.500000
40.687500
180.515625
26.562500
5.500000
5.500000
5.500000
5.500000
31.515625
8.421875
5.500000
5.500000
12.765625
175.843750
162.078125
-7.437500
5.500000
5.500000
5.500000
5.500000
5.500000
5.500000
5.500000
75.218750
254.156250
242.500000
-54.984375
60.359375
101.359375
46.031250
5.500000
8.187500
18.781250
113.859375
218.796875
216.843750
191.984375
80.906250
123.734375
131.968750
155.171875
79.062500
5.500000
18.343750
58.218750
133.578125
173.687500
73.421875
45.859375
95.984375
48.265625
10.718750
7.046875
-40.406250
5.500000
5.500000
11.203125
32.109375
-39.421875
-16.531250
-4.062500
8.375000
5.500000
5.500000
5.500000
8.375000
5.500000
5.500000
5.500000
5.500000
5.500000
5.500000
5.500000
5.500000
5.500000
5.500000
5.500000
5.500000
5.500000
-11.125000
-11.125000
-11.125000
-11.125000
-11.125000
-11.125000
-11.125000
-11.125000
-11.125000
-11.125000
-11.125000
-11.125000
-11.125000
-11.125000
-11.125000
22.062500
76.843750
66.828125
60.015625
16.890625
-11.125000
-11.125000
-11.125000
-11.125000
-11.125000
-11.046875
35.296875
81.234375
129.093750
189.156250
183.406250
157.625000
54.906250
-11.125000
-11.125000
-11.125000
-11.125000
17.171875
50.500000
78.843750
-36.578125
-65.578125
-60.515625
62.640625
169.500000
6.906250
-11.125000
-11.125000
-11.125000
39.718750
61.968750
23.546875
-4.609375
-11.125000
17.906250
18.531250
93.250000
10.984375
-11.125000
-11.125000
-11.125000
-12.218750
29.156250
-11.000000
-11.125000
2.687500
36.250000
13.515625
26.000000
-3.953125
-11.125000
-11.125000
-11.125000
-16.453125
-11.828125
-3.953125
-11.046875
29.171875
50.171875
4.281250
-3.953125
-11.125000
-11.125000
-11.125000
-11.125000
-11.125000
-10.906250
25.812500
87.859375
87.796875
19.312500
31.078125
75.593750
27.375000
-11.125000
-11.125000
-0.937500
65.390625
226.531250
209.984375
78.453125
48.140625
44.953125
81.203125
147.796875
169.750000
49.250000
-11.125000
-11.078125
-21.437500
74.421875
152.187500
55.812500
8.984375
-4.609375
-5.421875
-62.875000
-12.937500
42.250000
-11.125000
-11.125000
-11.125000
-37.859375
-79.875000
18.062500
-25.593750
-20.140625
-11.125000
-11.125000
-11.125000
-11.125000
-11.125000
-11.125000
-11.125000
-11.125000
-11.125000
-11.125000
-11.125000
-11.125000
-11.125000
-11.125000
-11.125000
-11.125000
-11.125000
19.890625
19.890625
19.890625
19.890625
19.890625
19.890625
19.890625
19.890625
19.890625
19.890625
19.890625
19.890625
19.890625
19.890625
19.890625
37.296875
54.078125
61.125000
56.843750
43.078125
24.734375
19.890625
19.890625
19.890625
19.890625
19.968750
41.890625
81.000000
81.656250
101.812500
96.515625
66.062500
53.343750
20.531250
19.890625
19.890625
19.890625
49.218750
68.687500
46.093750
-95.031250
5.593750
32.625000
97.406250
4.968750
47.625000
19.890625
19.890625
19.890625
69.718750
40.375000
-31.437500
64.593750
32.218750
38.718750
26.000000
9.390625
19.890625
19.890625
19.890625
19.890625
73.609375
-57.703125
57.312500
56.281250
34.656250
66.406250
-0.359375
-32.484375
57.609375
19.890625
19.890625
19.890625
-10.937500
41.906250
57.765625
19.968750
60.203125
55.828125
-26.078125
57.609375
19.890625
19.890625
19.890625
19.890625
19.890625
20.031250
41.906250
79.437500
78.984375
-13.609375
18.906250
62.453125
46.062500
25.953125
19.890625
29.234375
84.781250
87.000000
123.796875
81.406250
21.421875
22.187500
107.796875
79.500000
67.093750
51.578125
19.890625
28.656250
88.812500
80.000000
-57.765625
-21.093750
52.500000
130.265625
-64.953125
-38.375000
50.609375
2.984375
19.890625
19.890625
19.890625
-46.500000
35.984375
72.187500
21.343750
57.765625
79.484375
57.640625
19.890625
57.765625
19.890625
19.890625
19.890625
19.890625
19.890625
19.890625
19.890625
19.890625
19.890625
19.890625
19.890625
19.890625
19.890625
-24.093750
-24.093750
-24.093750
-24.093750
-24.093750
-24.093750
-24.093750
-24.093750
-24.093750
-24.093750
-24.093750
-24.093750
-24.093750
-24.093750
-24.093750
3.281250
76.890625
110.671875
108.453125
73.406250
-6.093750
-24.093750
-24.093750
-24.093750
-24.093750
-24.062500
-12.656250
107.203125
114.578125
116.265625
155.796875
176.453125
156.875000
-21.718750
-24.093750
-24.093750
-24.093750
-20.109375
10.187500
79.812500
9.828125
-67.171875
-15.031250
60.062500
181.484375
36.609375
-24.093750
-24.093750
-24.093750
0.015625
27.250000
75.578125
74.375000
-24.093750
-24.093750
25.671875
139.640625
67.000000
-24.093750
-24.093750
-24.093750
-23.890625
70.093750
74.515625
-24.093750
-16.796875
-3.765625
34.203125
118.406250
-22.875000
-24.093750
-24.093750
-24.093750
-47.531250
6.562500
-22.906250
-24.062500
-12.937500
-3.375000
87.609375
67.375000
-24.093750
-24.093750
-24.093750
-24.093750
-24.093750
-23.937500
7.937500
24.296875
120.359375
42.093750
68.406250
76.750000
78.828125
-1.468750
-24.093750
-20.250000
16.828125
180.500000
271.890625
135.250000
78.578125
95.593750
119.031250
122.343750
168.375000
112.484375
-24.093750
-19.937500
-9.421875
93.203125
201.968750
145.718750
96.890625
95.031250
35.359375
-23.218750
-22.906250
49.765625
-24.093750
-24.093750
-24.093750
-93.375000
-19.625000
3.203125
-17.890625
6.531250
12.406250
-24.093750
-17.890625
6.531250
-24.093750
-24.093750
-24.093750
-24.093750
-24.093750
-24.093750
-24.093750
-24.093750
-24.093750
-24.093750
-24.093750
-24.093750
-24.093750
-16.375000
-16.375000
-16.375000
-16.375000
-16.375000
-16.375000
-16.375000
-16.375000
-16.375000
-16.375000
-16.375000
-16.375000
-16.375000
-16.375000
-16.375000
-5.171875
31.109375
0.703125
3.046875
-16.375000
-16.375000
-16.375000
-16.375000
-16.375000
-16.375000
-16.375000
21.843750
56.687500
47.437500
44.765625
43.734375
46.015625
-46.781250
-16.375000
-16.375000
-16.375000
-16.375000
-16.375000
99.109375
110.437500
1.656250
4.359375
6.796875
53.546875
8.765625
-16.375000
-16.375000
-16.375000
-16.375000
16.796875
147.156250
59.187500
-16.562500
-16.375000
-16.375000
244.859375
16.078125
-16.375000
-16.375000
-16.375000
-16.375000
105.875000
133.843750
-59.703125
-16.375000
-16.375000
5.265625
158.265625
24.609375
-16.375000
-16.375000
-16.375000
-16.375000
83.437500
65.296875
-16.375000
-16.375000
9.781250
119.500000
121.328125
-60.046875
-16.375000
-16.375000
-16.375000
-16.375000
-16.375000
-16.375000
2.171875
58.453125
60.296875
87.796875
-9.875000
40.093750
-16.375000
-16.375000
-16.375000
-15.015625
14.515625
110.718750
44.640625
87.640625
48.187500
38.078125
15.000000
60.234375
56.062500
-39.281250
-16.375000
-16.375000
41.718750
128.312500
17.046875
65.703125
-1.281250
31.296875
6.750000
53.484375
19.296875
-67.765625
-16.375000
-16.375000
17.937500
100.250000
28.671875
-48.640625
28.953125
12.625000
-4.906250
-16.375000
28.953125
-16.375000
-16.375000
-16.375000
-16.375000
-16.375000
-16.375000
-16.375000
-16.375000
-16.375000
-16.375000
-16.375000
-16.375000
-16.375000
-16.375000
-25.031250
-25.031250
-25.031250
-25.031250
-25.031250
-25.031250
-25.031250
-25.031250
-25.031250
-25.031250
-25.031250
-25.031250
-25.031250
-25.031250
-25.031250
7.750000
56.375000
72.546875
65.015625
37.656250
-18.968750
-25.031250
-25.031250
-25.031250
-25.031250
-24.890625
13.578125
-6.359375
7.390625
-24.375000
0.328125
-5.640625
53.890625
-24.234375
-25.031250
-25.031250
-25.031250
17.109375
24.500000
8.328125
-35.656250
-35.015625
-7.390625
-2.218750
57.656250
-19.625000
-25.031250
-25.031250
-25.031250
28.187500
9.687500
-25.500000
-22.312500
-25.031250
-8.484375
-3.265625
32.328125
-7.906250
-25.031250
-25.031250
-25.031250
-14.265625
-24.171875
-27.718750
-25.031250
0.609375
13.515625
1.265625
25.812500
-22.000000
-25.031250
-25.031250
-25.031250
-53.656250
13.328125
-22.000000
-24.890625
22.843750
-24.984375
-2.046875
-22.000000
-25.031250
-25.031250
-25.031250
-25.031250
-25.031250
-24.765625
13.593750
13.578125
-0.187500
-15.562500
3.031250
26.500000
41.093750
-17.328125
-25.031250
-11.968750
12.296875
37.953125
75.250000
11.796875
-7.062500
6.484375
31.437500
13.406250
-0.359375
13.265625
-25.031250
-25.031250
-35.234375
-53.203125
-48.218750
-18.984375
-17.375000
2.828125
-56.109375
-16.218750
-31.687500
-13.250000
-25.031250
-25.031250
-25.031250
-60.000000
-43.765625
-19.296875
-4.828125
-27.750000
-25.031250
-25.031250
-4.828125
-25.031250
-25.031250
-25.031250
-25.031250
-25.031250
-25.031250
-25.031250
-25.031250
-25.031250
-25.031250
-25.031250
-25.031250
-25.031250
-25.031250
4.296875
4.296875
4.296875
4.296875
4.296875
4.296875
4.296875
4.296875
4.296875
4.296875
4.296875
4.296875
4.296875
4.296875
4.296875
4.296875
4.296875
4.296875
4.296875
4.296875
4.296875
4.296875
4.296875
4.296875
4.296875
4.296875
4.296875
-23.343750
26.031250
24.046875
25.375000
34.000000
54.312500
4.296875
4.296875
4.296875
4.296875
4.296875
-28.562500
150.125000
124.500000
92.234375
88.843750
-15.093750
60.406250
4.296875
4.296875
4.296875
4.296875
-16.156250
130.625000
142.296875
4.171875
4.296875
4.296875
23.671875
93.781250
27.968750
4.296875
4.296875
4.296875
-8.578125
185.906250
78.859375
4.296875
4.296875
-15.109375
135.421875
153.421875
4.296875
4.296875
4.296875
4.296875
57.593750
86.312500
4.296875
4.296875
3.890625
-11.953125
150.500000
21.875000
4.296875
4.296875
4.296875
4.296875
4.296875
4.296875
4.296875
-29.609375
-47.421875
155.078125
135.265625
4.296875
4.296875
4.296875
4.296875
6.156250
3.812500
-44.671875
-10.750000
42.687500
102.484375
102.046875
-6.328125
35.796875
61.093750
46.640625
4.296875
4.296875
12.906250
51.406250
90.843750
163.703125
94.015625
78.406250
74.953125
78.000000
41.578125
51.296875
4.296875
4.296875
38.703125
99.843750
67.328125
47.437500
43.859375
69.890625
10.390625
4.296875
44.468750
4.296875
4.296875
4.296875
4.296875
4.296875
4.296875
4.296875
4.296875
4.296875
4.296875
4.296875
4.296875
4.296875
4.296875
-5.468750
-5.468750
-5.468750
-5.468750
-5.468750
-5.468750
-5.468750
-5.468750
-5.468750
-5.468750
-5.468750
-5.468750
-5.468750
-5.468750
-5.468750
2.781250
7.890625
-5.468750
-5.468750
-5.468750
-5.468750
-5.468750
-5.468750
-5.468750
-5.468750
-5.468750
-2.765625
-27.609375
-29.390625
12.312500
20.093750
70.437500
10.703125
-5.468750
-5.468750
-5.468750
-5.468750
-4.906250
-25.093750
96.328125
172.125000
116.031250
105.406250
66.234375
50.312500
-5.468750
-5.468750
-5.468750
-5.468750
-2.781250
30.328125
86.750000
71.093750
4.156250
20.500000
48.828125
53.531250
73.015625
-5.468750
-5.468750
-5.468750
56.046875
81.265625
83.093750
22.953125
-4.000000
-2.734375
26.640625
73.968750
51.062500
-5.468750
-5.468750
-5.468750
60.937500
37.000000
51.390625
-5.468750
-3.203125
-8.250000
75.531250
62.531250
-5.468750
-5.468750
-5.468750
-5.468750
-5.468750
-5.421875
4.265625
4.093750
-32.437500
90.609375
67.343750
32.765625
-5.468750
-5.468750
-5.468750
-4.562500
5.843750
5.921875
-68.734375
-18.625000
145.140625
153.093750
-19.671875
-34.906250
60.031250
28.156250
-5.468750
-5.468750
-12.937500
20.718750
173.234375
130.968750
110.328125
101.250000
116.296875
111.015625
67.656250
48.156250
-5.468750
7.656250
62.421875
97.078125
123.187500
98.812500
66.671875
89.171875
23.703125
33.625000
36.078125
24.109375
-5.468750
-5.468750
-5.468750
-5.468750
-5.468750
-5.468750
-5.468750
-5.468750
-5.468750
-5.468750
-5.468750
-5.468750
-5.468750
-23.796875
-23.796875
-23.796875
-23.796875
-23.796875
-23.796875
-23.796875
-23.796875
-23.796875
-23.796875
-23.796875
-23.796875
-23.796875
-23.796875
-23.796875
-23.796875
-23.796875
-23.796875
-23.796875
-23.796875
-16.015625
-23.796875
-23.796875
-23.796875
-23.796875
-23.796875
-23.796875
-109.062500
-103.515625
-95.046875
-89.906250
-68.515625
-14.062500
-22.765625
-23.796875
-23.796875
-23.796875
-23.796875
-72.375000
56.343750
145.015625
131.500000
137.218750
-11.359375
-53.218750
-15.890625
-23.796875
-23.796875
-23.796875
-62.625000
22.500000
52.531250
16.921875
-23.656250
15.484375
8.203125
-20.265625
-20.046875
-23.796875
-23.796875
-23.796875
11.015625
48.250000
64.750000
-23.359375
-23.796875
-62.875000
30.000000
40.281250
-23.343750
-23.796875
-23.796875
-23.796875
81.984375
65.281250
-23.343750
-23.796875
-24.265625
-17.390625
50.500000
31.875000
-23.796875
-23.796875
-23.796875
-23.796875
-23.796875
-23.796875
-23.796875
-62.468750
0.328125
44.531250
29.187500
-23.796875
-23.796875
-14.218750
-23.796875
-23.796875
-61.015625
-146.015625
-104.921875
-9.125000
40.906250
-15.593750
-72.671875
-78.593750
-24.593750
-14.125000
-23.796875
-3.406250
67.578125
61.484375
15.453125
67.562500
51.921875
71.406250
86.812500
174.046875
101.078125
0.046875
-23.796875
-17.968750
132.718750
248.734375
213.234375
54.359375
36.390625
79.062500
54.140625
-6.250000
36.046875
-5.500000
-23.796875
-23.796875
-23.796875
-23.796875
-23.796875
-23.796875
-23.796875
-23.796875
-23.796875
-23.796875
-23.796875
-23.796875
-23.796875
-12.406250
-12.406250
-12.406250
-12.406250
-12.406250
-12.406250
-12.406250
-12.406250
-12.406250
-12.406250
-12.406250
-12.406250
-12.406250
-12.406250
-12.406250
4.656250
16.203125
-12.406250
-12.406250
-12.406250
-12.406250
-12.406250
-12.406250
-12.406250
-12.406250
-12.328125
9.171875
83.406250
29.703125
84.000000
75.515625
27.718750
-37.218750
-12.406250
-12.406250
-12.406250
-12.406250
13.703125
99.953125
54.406250
-16.703125
-31.906250
3.593750
57.000000
-19.718750
-12.406250
-12.406250
-12.406250
-12.406250
59.281250
117.546875
-46.359375
25.625000
-2.703125
-3.984375
48.687500
-41.265625
26.359375
-12.406250
-12.406250
-12.406250
73.937500
-59.218750
17.062500
16.234375
2.000000
97.359375
70.734375
-10.625000
25.953125
-12.406250
-12.406250
-12.406250
-25.265625
-37.187500
26.218750
-12.328125
22.859375
105.296875
-69.781250
25.953125
-12.406250
-12.406250
-12.406250
-12.406250
-12.406250
-12.281250
9.171875
22.968750
63.484375
-72.546875
15.671875
30.375000
-12.406250
-12.406250
-12.406250
-5.109375
54.609375
22.734375
-24.515625
23.656250
-9.234375
-21.687500
19.718750
45.640625
34.984375
-18.640625
-12.406250
2.203125
85.437500
112.312500
24.796875
-7.359375
50.468750
33.562500
10.453125
9.765625
-1.859375
14.609375
-12.406250
-12.406250
-12.406250
-78.406250
-64.812500
-12.000000
-14.937500
17.406250
-12.406250
17.265625
-12.406250
17.406250
-12.406250
-12.406250
-12.406250
-12.406250
-12.406250
-12.406250
-12.406250
-12.406250
-12.406250
-12.406250
-12.406250
-12.406250
-12.406250
-46.859375
-46.859375
-46.859375
-46.859375
-46.859375
-46.859375
-46.859375
-46.859375
-46.859375
-46.859375
-46.859375
-46.859375
-46.859375
-46.859375
-46.859375
69.156250
149.937500
189.265625
177.250000
49.500000
-19.953125
-46.859375
-46.859375
-46.859375
-46.859375
-46.625000
13.687500
28.171875
43.593750
7.531250
69.765625
83.546875
18.031250
-43.296875
-46.859375
-46.859375
-46.859375
7.640625
11.828125
-27.250000
-122.421875
-133.968750
-129.062500
66.703125
35.390625
-14.343750
-46.859375
-46.859375
-46.859375
13.640625
-77.578125
-29.437500
-19.734375
-46.859375
-43.484375
-23.187500
1.296875
-1.437500
-46.859375
-46.859375
-46.859375
-94.484375
-61.171875
-4.484375
-46.859375
-7.156250
13.968750
-21.968750
-4.765625
-38.093750
-46.859375
-46.859375
-46.859375
-70.531250
-50.984375
-38.093750
-46.625000
13.703125
-11.750000
-19.750000
-25.093750
-46.859375
-46.859375
-46.859375
-46.859375
-46.859375
-46.109375
84.312500
83.546875
47.890625
-38.984375
94.109375
125.484375
58.390625
-13.234375
-46.859375
-26.453125
99.171875
192.406250
144.843750
1.750000
8.296875
98.546875
17.781250
82.625000
60.171875
-8.296875
-46.859375
-46.859375
-94.765625
-4.390625
-25.953125
-58.578125
-34.375000
-56.906250
-88.218750
-113.109375
-40.265625
-16.562500
-46.859375
-46.859375
-46.859375
-108.046875
-95.687500
-41.703125
-74.937500
-51.015625
-46.859375
-46.859375
-46.859375
-46.859375
-46.859375
-46.859375
-46.859375
-46.859375
-46.859375
-46.859375
-46.859375
-46.859375
-46.859375
-46.859375
-46.859375
-46.859375
-46.859375
