-0.137329
-0.967896
-1.914307
2.679199
-0.702637
-0.934326
-0.593506
-1.482056
2.982178
-1.910645
-2.034058
-0.572144
6.029541
4.784424
1.440796
-0.066162
-0.730591
-0.645508
-1.033203
0.622681
-1.961182
-2.605103
-1.773315
-1.689453
5.507324
5.011719
2.703125
-0.391602
3.328857
3.701172
1.109009
-0.230225
1.278076
3.215942
0.205566
-0.343384
0.089844
0.726685
-0.009521
-1.297974
-1.007690
-0.033447
0.108154
3.225708
0.157349
3.087402
4.067139
1.247314
0.494995
0.608276
-1.624023
0.177124
-0.177246
-0.555664
0.104248
0.033081
0.107544
0.067505
0.382080
0.565308
0.753052
0.708374
0.293701
0.053955
-0.343018
-0.349854
-1.450317
-0.305420
-1.594604
0.244995
0.484619
-1.075073
2.518311
1.520752
-0.127808
-0.620728
0.474365
0.533203
1.171265
-1.091064
-0.251709
0.272095
-0.692383
1.092285
0.547363
0.555054
1.409668
-0.738159
0.547363
2.158203
0.861938
-0.310425
0.992065
0.380005
0.351196
0.565308
0.448120
1.723877
2.453125
2.551758
0.281250
-1.101074
-0.918701
-0.471558
-1.016235
-1.509888
-1.284912
-0.131714
3.996094
5.407959
4.532959
1.137085
-1.477173
-1.065918
-1.721436
-0.875977
0.263428
-1.154175
0.007202
-0.354736
5.583130
7.092407
3.506226
-0.410889
-3.951294
-5.316040
-2.581909
-1.446411
-0.351074
0.116333
0.744751
-3.640015
1.003906
0.664673
0.964600
-2.347900
1.537354
0.970581
-2.567383
-0.570190
-1.633423
-1.078613
-0.326660
0.307861
0.605103
1.262939
1.545166
0.130737
1.110107
1.437744
1.307983
-1.505859
0.681885
1.002319
-2.053101
1.002075
-1.236816
-1.479980
0.364014
1.081543
-0.579102
-1.122559
-0.956909
-1.309814
1.539429
-0.766968
-0.700439
-1.433960
1.690674
-0.093262
-0.565674
-0.335449
0.620850
-0.409058
-1.470337
-0.085815
4.780029
2.132080
-1.898926
-0.760742
2.629150
-0.525635
-0.597900
5.310913
-0.882813
-2.821411
4.977905
5.458374
0.277344
0.703125
3.937866
-0.812500
1.206787
1.445801
2.129150
1.071045
0.351440
0.589355
0.595825
0.204712
-0.523193
1.337524
-0.620728
-0.479492
-0.142944
0.239746
0.272217
0.103394
3.135864
3.920898
0.824585
-1.982666
5.262817
-0.833496
-0.351196
-1.316528
1.177002
-1.410278
-1.380615
6.636475
-1.169678
-1.294800
3.842651
5.725952
0.626343
0.581909
0.411743
0.694702
1.694702
1.720703
1.305298
0.454468
1.351440
2.138428
-0.317749
1.519043
0.345337
0.582275
1.266479
-0.056885
-2.170044
0.508423
-0.100220
-0.944580
0.784668
0.995361
0.449463
-1.280518
-0.021362
0.416016
0.510132
-1.055908
-0.257324
-1.377808
-1.688965
1.003906
0.038818
0.358765
-0.273926
0.033325
0.280029
-0.607910
-0.660767
-0.463745
2.399780
-0.935059
-0.807617
0.212769
2.845337
2.099731
1.115967
0.270508
-1.579834
-1.124268
-0.806763
3.192871
-2.283569
-0.769653
-1.971558
1.051636
-0.600586
-1.462891
-0.252808
0.116211
0.240479
-1.254883
-0.871338
-0.575562
-1.152710
1.077515
2.020386
1.085205
0.713135
0.378540
-1.040527
-1.590210
0.024902
-2.290405
-3.713989
0.748779
3.802612
2.798096
2.161621
2.409790
0.372192
2.105591
0.844482
1.668701
2.281494
-0.104370
-1.340454
-0.441162
2.268433
-1.482300
-2.192627
1.564209
-0.156006
-0.026245
3.275391
2.324097
0.395142
2.202515
1.332397
1.005249
0.153320
-0.257324
0.594482
-0.018799
0.805420
2.071411
0.909058
0.257935
1.131470
3.187378
2.398682
0.903198
3.219482
3.464600
0.999512
-0.498657
2.129028
-0.271851
-0.786865
0.747925
-0.213989
-2.237671
-0.004150
4.644165
0.893677
3.810059
5.598145
3.955078
0.662354
1.751831
2.976440
3.379761
-2.036377
-1.781372
-0.879395
-1.480957
1.394897
-1.142212
-1.193604
-1.078491
3.028931
5.269043
3.055786
-0.198120
3.893677
5.208008
3.010742
0.174438
3.749634
2.103394
-0.217285
-1.465820
-0.716431
-0.906860
-2.248169
4.796509
0.545532
4.138062
8.320679
6.873901
3.821899
3.384888
-1.633667
-0.877075
-0.167725
-0.489136
-0.507446
-0.540894
-0.233887
-1.145752
2.669434
2.366211
3.046021
6.203369
7.177002
-0.003174
-0.466553
1.282593
0.762939
-1.915771
1.294189
0.309082
0.504517
-3.111816
0.091919
-0.468994
-0.710815
2.511597
-0.592285
-1.004272
0.757568
2.524902
2.195801
-0.147461
-0.916504
0.064087
2.550293
-1.347412
-0.988892
0.808228
1.961914
-1.905151
-2.752441
3.146729
-1.470947
-2.877808
0.537354
1.446289
2.420044
1.289795
0.748291
0.207642
-0.149536
-0.208374
-0.087769
0.793701
0.128540
0.044556
1.041626
0.470581
2.589111
2.607788
1.679810
-0.274292
-2.127319
-1.579468
-0.521851
-0.213623
0.483398
2.938721
2.400757
0.037964
1.750122
3.300415
0.123291
-1.329712
-1.847290
-2.591675
-2.260742
-0.597168
0.371826
-0.365601
-0.588379
0.604980
-0.241943
-1.010376
-0.635986
-0.805664
0.316162
-1.881592
-0.267822
-0.208740
6.656250
5.281494
1.874146
-0.010620
0.217529
0.149536
-0.152466
-1.202637
0.429688
0.299683
0.162354
-0.272461
-1.108887
-3.796021
-0.259399
1.061035
1.634888
1.330200
2.364746
1.332520
1.019165
-0.949585
-1.282104
0.594482
-1.288208
0.124512
0.369629
1.759033
-0.903809
0.403687
1.818115
1.214722
0.267700
-0.270264
-0.506836
-0.058228
-0.282227
0.096924
0.212524
2.905640
1.003906
0.720825
0.722168
0.119507
1.959839
-0.088623
-0.836792
-0.030884
1.624023
-0.429443
-0.268311
0.218262
-0.915405
-0.737671
0.888184
0.212402
2.079590
2.091431
2.554688
1.237671
1.426025
2.311279
0.480225
-0.697021
-1.572876
-3.066406
-2.599854
-0.182373
0.816162
0.367188
0.242920
0.022949
0.499146
-1.399658
-0.699219
0.387207
-2.733765
-0.993286
-0.326538
0.241211
0.811523
0.006592
0.377197
-0.928589
3.375854
-0.004517
-1.916504
-0.863403
-1.590454
-1.148682
-1.373657
1.726685
-0.916992
-0.765625
3.390015
2.938721
0.584106
2.145996
2.898804
-1.451538
1.330444
-0.587891
-1.206299
-1.471924
1.186401
-0.548462
-0.028564
2.141357
-0.570313
-1.157837
0.772217
2.517334
-0.666870
-1.776855
-0.675537
-1.871704
-0.232300
-0.293823
-1.387695
1.391357
-0.202026
-1.753174
-0.259155
0.895508
0.581787
1.060791
0.494751
0.806885
1.441284
0.002930
-0.340698
-0.359741
-0.158813
-0.033813
-0.556396
-0.737061
0.628418
1.189819
0.723999
0.686035
-0.547363
0.068726
0.373169
-0.547974
0.059692
0.664795
-0.498535
0.023682
-1.870850
-2.099243
-1.822876
1.851318
-1.163452
-0.695679
-0.669189
-2.256958
4.598145
1.738647
-0.850586
-1.545776
1.140381
1.924561
-1.301636
-1.049072
3.456055
-2.878906
-1.812866
-2.273071
-1.320190
-1.063965
-1.671021
0.982666
-0.194458
5.513794
7.723511
3.609741
3.484253
6.736816
2.493774
-1.625977
3.802979
-2.025269
-0.631958
-1.454346
-0.516724
-0.328125
0.958130
3.444092
0.896606
1.779297
4.526001
1.329224
-0.504028
2.360352
1.042603
-0.693726
-0.232178
2.709717
1.857910
-0.730591
1.616821
1.342651
-0.939331
-0.804688
1.305054
-1.448730
-1.524780
0.995728
-1.293457
-1.951294
1.675049
2.194702
3.480225
3.881348
3.893921
0.299805
1.694702
-0.736084
-0.578979
-1.694702
-1.366577
-2.567627
-1.843750
1.353394
2.501587
4.671021
5.364258
2.632568
0.119385
0.248535
1.432983
2.005005
0.361328
-0.440063
-0.847900
-0.051758
-0.177368
0.098755
-0.291748
0.031982
1.011597
2.204712
2.076050
0.765869
2.078857
-0.097412
-1.564819
2.252197
3.928955
-1.576538
-1.406616
3.517212
1.504395
-1.061279
-0.878906
3.860596
0.708862
-1.312256
0.636475
1.030884
0.751587
0.257568
-0.280762
-0.492065
1.602295
-1.421753
-1.363647
-0.734497
0.689209
-1.618042
-0.966309
1.784790
1.127319
0.041382
1.598511
1.373779
0.600952
-0.365479
-0.421265
-0.072998
0.008911
0.245972
1.484619
1.319946
-0.692627
1.465942
1.972778
0.630493
0.727783
-0.111328
-0.904419
-0.599365
0.013916
-0.579346
0.340454
2.735474
1.656982
0.025879
0.108154
-0.079956
2.557251
-0.498779
-0.997314
-0.404419
0.575439
0.175171
-0.275146
-0.397339
1.636475
1.308960
-0.347168
0.063232
1.912964
0.429077
0.625488
1.471558
1.530640
1.843018
1.153931
1.701172
0.901611
0.312622
1.062988
0.088013
