0
0
0
0
0
0
0
0
0
0
0
0
0
0
0
0
0
0
0
0
0
0
0
0
0
0
0
0
0
0
0
0
0
0
0
0
0
0
0
0
0
0
0
0
0
0
0
0
0
0
0
0
0
0
0
0
0
0
0
0
0
0
0
0
0
0
0
0
0
0
0
0
0
0
0
0
0
0
458
779
-921
-2477
-3784
-4058
-4178
-4684
-4446
-2387
-1025
0
0
0
0
0
0
0
0
0
0
0
0
579
323
-2266
-649
-104
1103
1507
1539
2227
1477
-2546
-1440
-1281
0
0
0
0
0
0
0
0
0
2
580
96
-146
4947
3960
3940
4632
4837
4309
2189
378
-68
-1164
-1481
-136
0
0
0
0
0
0
0
0
154
476
2337
4018
1486
-444
228
465
415
45
832
577
1732
-2287
-500
-1278
0
0
0
0
0
0
0
0
545
2776
2434
2711
-4304
-4072
-2694
-2634
-2980
-3107
1273
2088
-1001
-3393
512
-1231
0
0
0
0
0
0
0
581
823
2873
4288
-4565
-5143
730
129
163
0
2
3249
1960
-2399
-3034
-1056
1048
0
0
0
0
0
0
0
431
3436
4721
-2898
-5445
-2271
1802
1
0
0
0
1164
3097
1369
-4041
-4528
2367
0
0
0
0
0
0
0
2515
4278
3235
-4692
-3054
364
483
0
0
4
581
2730
2583
-215
-5056
-2769
1853
0
0
0
0
0
0
0
4615
3728
-2902
-4784
1184
497
0
0
0
382
204
3245
4088
-4517
-5238
1160
501
0
0
0
0
0
0
0
2687
-986
-2420
-3692
1862
0
0
0
6
501
2865
3903
-1789
-4870
-2726
1853
0
0
0
0
0
0
0
0
737
-1856
-1201
-1159
503
0
0
2
580
1867
2026
2973
-5334
-3469
512
501
0
0
0
0
0
0
0
0
0
0
0
0
0
0
579
829
-2080
403
3372
-3846
-4378
-108
938
0
0
0
0
0
0
0
0
0
0
0
2
5
572
809
-2131
-3725
2063
4961
-346
-3746
-2105
2135
-1238
-3351
-4881
-2668
-1282
-6
0
0
0
196
667
84
-1860
-3792
-5035
-2788
3384
6446
3866
1202
-2341
-4734
-3523
-2287
606
2289
1871
-2600
-1453
-1282
0
0
0
-51
-143
1125
2616
360
1550
-188
-705
-164
-731
-7002
-3883
919
4872
4403
4873
1068
101
1915
641
-54
0
0
0
898
3383
4698
4470
3428
3582
4340
2966
-5371
-4221
3648
3808
2715
1045
2701
2575
-199
-245
-1027
284
974
0
0
0
657
2243
5033
5501
2487
2196
-138
-1631
221
2448
2583
1756
622
-3001
-2311
-946
-2246
-988
-1887
-2032
1361
0
0
0
248
111
396
90
-2448
-2765
-2190
-1862
771
2222
-498
-3632
-1687
-2350
-660
505
729
-1861
-1205
-1157
503
0
0
0
0
0
725
-1093
-2302
-3436
-3694
-1837
73
-1360
-1205
-1157
503
0
0
0
0
0
0
0
0
0
0
0
0
0
0
0
0
0
0
0
0
0
0
0
0
0
0
0
0
0
0
0
0
0
0
0
0
0
0
0
0
0
0
0
0
0
0
0
0
0
0
0
0
0
0
0
0
0
0
0
0
0
0
0
0
0
0
0
0
0
0
0
0
0
0
0
0
0
0
0
0
0
0
0
0
0
0
0
0
0
0
0
0
0
0
0
0
0
0
0
0
0
0
0
0
0
0
0
0
0
0
0
0
0
0
0
0
0
0
0
0
0
0
0
0
0
0
0
0
0
0
0
0
0
0
0
0
-348
-2456
-3676
-5668
-8121
-8649
-8562
-7705
-5478
-4324
-2005
0
0
0
0
0
0
0
0
0
0
0
0
-439
-2310
-2452
-3384
-6222
-6522
-6284
-6385
-6916
-7826
-5836
-4468
-2506
0
0
0
0
0
0
0
0
0
-2
-449
-2071
-882
484
-2215
463
2101
2609
2248
565
-4775
-1428
-6633
-5453
-266
0
0
0
0
0
0
0
0
-116
-629
-2471
677
-6317
-4921
-3024
-3182
-2799
-2730
-91
-2296
-4198
-2924
-7069
-2774
0
0
0
0
0
0
0
0
-299
-697
-1102
-3942
-4545
-2770
3288
4437
4724
4775
6268
4847
-3190
152
-7673
-5380
0
0
0
0
0
0
0
-441
-1605
-632
-1455
-4815
146
115
496
-62
0
-2
-1050
53
833
-839
-5026
-4593
0
0
0
0
0
0
0
44
-2451
192
-5183
-2074
-493
-1113
-1
0
0
0
-245
-1780
2679
-3477
-4252
-2776
0
0
0
0
0
0
0
2270
-462
-632
-235
-2439
1018
-181
0
0
-4
-459
-302
-1565
-1995
-2022
-2982
-1155
0
0
0
0
0
0
0
1456
677
148
3059
-684
-187
0
0
0
-287
-1357
-1503
-817
-5050
-436
-653
-188
0
0
0
0
0
0
0
-618
362
1810
1522
-1160
0
0
0
-6
-134
-1636
-301
-4054
-1911
-1158
-1155
0
0
0
0
0
0
0
0
-289
906
2181
2111
-189
0
0
-2
-445
-927
-1196
-2608
-3938
-1822
557
-188
0
0
0
0
0
0
0
0
0
0
0
0
0
0
-439
-2984
-2910
-3156
-3716
-5184
407
-513
-500
0
0
0
0
0
0
0
0
0
0
0
-2
-14
-463
-3004
-2961
-4236
-4218
-4012
-5907
114
-768
-3416
-3929
-5703
-5659
-4775
-2505
-10
0
0
0
-149
-1304
-3293
-4639
-6564
-5201
-5890
-2016
745
-4718
-2838
-2739
-3607
-1544
-6053
-3277
-4506
-7770
-6386
-5011
-2516
0
0
0
163
-44
-1408
-4663
-8797
-9511
-10404
-7545
-4995
-6570
-2235
-2723
-2608
-886
-2218
182
3105
-2247
1
-4611
-2723
0
0
0
602
2293
3642
2358
1251
-4521
-7898
-8168
-5357
-2763
5386
2379
-1755
773
-1166
-3036
289
-425
-1927
516
-1803
0
0
0
-111
-513
759
1818
1062
2155
-79
1432
5769
1625
-885
616
-2707
-1236
-927
1823
4855
3546
1551
-773
-972
0
0
0
-98
16
1029
2648
3903
2292
-516
-2092
-1871
-1514
-660
16
2099
4276
1924
-190
-286
915
2189
2110
-189
0
0
0
0
0
-285
604
2764
4859
4976
4071
1632
727
2189
2110
-189
0
0
0
0
0
0
0
0
0
0
0
0
0
0
0
0
0
0
0
0
0
0
0
0
0
0
0
0
0
0
0
0
0
0
0
0
0
0
0
0
0
0
0
0
0
0
0
0
0
0
0
0
0
0
0
0
0
0
0
0
0
0
0
0
0
0
0
0
0
0
0
0
0
0
0
0
0
0
0
0
0
0
0
0
0
0
0
0
0
0
0
0
0
0
0
0
0
0
0
0
0
0
0
0
0
0
0
0
0
0
0
0
0
0
0
0
0
0
0
0
0
0
0
0
0
0
0
0
0
0
0
0
0
0
0
0
-857
-1733
-3400
-6689
-10017
-10701
-10498
-9459
-8414
-6169
-2596
0
0
0
0
0
0
0
0
0
0
0
0
-1083
-2158
-5207
-10121
-11354
-10435
-9988
-9750
-9377
-6702
-5303
-6037
-3245
0
0
0
0
0
0
0
0
0
-5
-1086
-2075
-5597
-10320
-9512
-8896
-7448
-6632
-6383
-7270
-6116
-6283
-5001
-6562
-344
0
0
0
0
0
0
0
0
-295
-2515
-4866
-7048
-4664
-4276
4054
7436
8229
7917
3857
-475
-1087
-1453
-7320
-3531
0
0
0
0
0
0
0
0
-1412
-3896
-5449
-4626
731
8912
16089
15866
15483
15052
12799
4972
-711
-1586
-2281
-6223
0
0
0
0
0
0
0
-1087
-2388
-4367
-5523
-527
4445
5583
3080
792
0
8
2718
2404
-1177
-3909
738
-3322
0
0
0
0
0
0
0
-2333
-3943
-2869
-323
-1443
4243
5056
9
0
0
0
-136
1584
-415
-3160
-2109
2283
0
0
0
0
0
0
0
-2513
-2312
3
4049
3717
5247
2339
0
0
-9
-1089
-3334
-2596
-2738
283
627
5135
0
0
0
0
0
0
0
328
1381
2701
6109
3997
2406
0
0
0
-726
-2153
-3505
-4556
-1184
2159
3994
2425
0
0
0
0
0
0
0
3787
5538
4993
4263
5165
0
0
0
-13
-1919
-4035
-3005
-1157
-1257
2609
5135
0
0
0
0
0
0
0
0
2192
4150
4745
1977
2435
0
0
-5
-1105
-2918
-4462
-4817
-559
3376
4468
2425
0
0
0
0
0
0
0
0
0
0
0
0
0
0
-1083
-1905
-3982
-8065
-8355
-708
2494
3841
3303
0
0
0
0
0
0
0
0
0
0
0
-5
-12
-1097
-1934
-3989
-9099
-13357
-5877
-370
939
3325
3027
-3026
-6381
-8788
-6896
-3246
-13
0
0
0
-367
-1365
-2550
-5046
-7505
-10085
-10484
-9756
-6967
-5706
-2911
965
3629
-2076
-8017
-9725
-6891
-7286
-5429
-6616
-3256
0
0
0
-421
-2022
-5605
-8575
-10589
-15151
-16528
-13930
-7503
-1777
2877
2526
-3749
-2328
-6940
-8023
-5932
-5511
-4488
-1283
-2945
0
0
0
-427
-1999
-5222
-8878
-11315
-8624
-7252
-3288
4105
8614
5238
414
-4313
-893
1438
2538
2646
3080
3345
1860
-676
0
0
0
537
2062
1819
610
-156
1608
6055
8440
3920
1543
2356
2111
963
4727
11337
13809
12447
10536
4670
4730
2739
0
0
0
739
3592
9513
14709
14905
14639
11039
7693
6592
4117
2432
8607
11589
6707
4393
2444
2208
4169
4753
1986
2435
0
0
0
0
0
2158
6269
10972
12958
13190
9115
6584
6595
4753
1986
2435
0
0
0
0
0
0
0
0
0
0
0
0
0
0
0
0
0
0
0
0
0
0
0
0
0
0
0
0
0
0
0
0
0
0
0
0
0
0
0
0
0
0
0
0
0
0
0
0
0
0
0
0
0
0
0
0
0
0
0
0
0
0
0
0
0
0
0
0
0
0
0
0
0
0
0
0
0
0
0
0
0
0
0
0
0
0
0
0
0
0
0
0
0
0
0
0
0
0
0
0
0
0
0
0
0
0
0
0
0
0
0
0
0
0
0
0
0
0
0
0
0
0
0
0
0
0
0
0
0
0
0
0
0
0
0
0
1249
3372
3622
4030
4859
5042
4726
3012
1247
1362
719
0
0
0
0
0
0
0
0
0
0
0
0
1579
5104
3575
2866
3768
3700
3555
2986
2174
2858
982
1188
899
0
0
0
0
0
0
0
0
0
6
1588
5205
865
877
4744
7151
7066
6849
6868
11105
7431
1178
1268
1710
95
0
0
0
0
0
0
0
0
434
5065
2286
1868
7684
10255
6258
3806
3388
3029
4120
3160
1662
1481
1477
972
0
0
0
0
0
0
0
0
2352
5078
3076
5024
7478
154
-4723
-3887
-3327
-3403
-2074
4531
5475
1208
-254
1651
0
0
0
0
0
0
0
1585
5173
2075
4124
6851
1155
-4175
-747
-53
0
1
3732
7338
1727
130
2193
634
0
0
0
0
0
0
0
4531
2916
2920
6158
4119
-2493
-1943
-1
0
0
0
4912
4381
275
3610
3682
-1770
0
0
0
0
0
0
0
2874
3739
3756
4880
-1835
-3579
-155
0
0
12
1597
5127
3752
4065
4187
-1246
-2000
0
0
0
0
0
0
0
1682
3945
4549
456
-3526
-159
0
0
0
1067
4944
2441
3205
5960
1472
-3525
-160
0
0
0
0
0
0
0
2165
2046
-52
-2091
-2009
0
0
0
18
3540
3302
2945
5216
4251
-1754
-2000
0
0
0
0
0
0
0
0
412
163
-1963
-1780
-161
0
0
6
1629
5166
2767
4046
6198
-609
-3587
-160
0
0
0
0
0
0
0
0
0
0
0
0
0
0
1579
3851
4925
1655
4339
6052
1887
-3011
-754
0
0
0
0
0
0
0
0
0
0
0
6
21
1596
3845
4918
3460
678
4230
6014
4120
-463
1345
3506
2565
1199
1475
898
3
0
0
0
534
2353
3762
3778
2900
4138
4659
61
1227
7276
9793
8688
-199
-386
4494
3061
1480
2658
1106
1338
902
0
0
0
993
3027
4403
6203
3689
4458
6453
7823
11851
10148
4469
-333
-3482
-612
2993
4819
9769
5489
1767
745
753
0
0
0
-24
487
5318
8153
9033
9836
7061
4668
6500
-2952
-6648
291
4699
6922
6416
5606
3410
1416
344
865
73
0
0
0
591
2388
4211
7001
6886
6866
5278
1575
-1025
-195
4067
6331
3860
2005
-1578
-3231
-1809
-1996
-31
-486
-1849
0
0
0
139
467
1639
1613
1858
1304
-312
-414
-384
49
2318
255
-3632
-3728
-1939
-159
413
155
-1970
-1780
-161
0
0
0
0
0
405
571
-1362
-3134
-3707
-3871
-1518
-5
-1970
-1780
-161
0
0
0
0
0
0
0
0
0
0
0
0
0
0
0
0
0
0
0
0
0
0
0
0
0
0
0
0
0
0
0
0
0
0
0
0
0
0
0
0
0
0
0
0
0
0
0
0
0
0
0
0
0
0
0
0
0
0
0
0
0
0
0
0
0
0
0
0
0
0
0
0
0
0
0
0
0
0
0
0
0
0
0
0
0
0
0
0
0
0
0
0
0
0
0
0
0
0
0
0
0
0
0
0
0
0
0
0
0
0
0
0
0
0
0
0
0
0
0
0
0
0
0
0
0
0
0
0
0
0
0
0
0
0
0
0
2952
6077
6219
5036
4576
4509
3762
184
-2070
-1305
-181
0
0
0
0
0
0
0
0
0
0
0
0
3731
6080
2181
-690
-1166
-1608
-1742
-2199
-236
-236
-2704
-2091
-226
0
0
0
0
0
0
0
0
0
14
3743
5373
1486
527
-633
-641
-1866
-2176
-2685
1241
-2373
-4366
-5167
-1291
-24
0
0
0
0
0
0
0
0
1008
6786
4552
20
-5373
-3110
-6351
-5181
-4311
-4409
330
416
-3254
-2542
-5298
-322
0
0
0
0
0
0
0
0
4353
7629
-259
-7171
-5858
-12496
-9704
-10280
-10495
-10243
-5684
-553
-4339
-6136
-5932
-1446
0
0
0
0
0
0
0
3746
6042
1909
-4739
-7138
-8319
-6786
-2328
-463
0
-5
3013
4687
-4156
-10624
-3803
-3810
0
0
0
0
0
0
0
6151
4953
-1959
-8619
-5512
-8529
-1681
-6
0
0
0
4862
3150
-5189
-8882
-5892
-3287
0
0
0
0
0
0
0
4979
274
-6460
-4929
-10233
-3333
-1365
0
0
29
3754
7909
-1271
-8111
-5237
-9465
-1674
0
0
0
0
0
0
0
3141
-1643
-5103
-5942
-5919
-1404
0
0
0
2487
5556
2954
-3805
-7133
-6933
-5928
-1415
0
0
0
0
0
0
0
-694
-3269
-3452
-5716
-1686
0
0
0
44
5356
5819
-1508
-8353
-4894
-8853
-1674
0
0
0
0
0
0
0
0
-1262
-2109
-2913
-2803
-1421
0
0
14
3786
7052
537
-6225
-5224
-8671
-3983
-1415
0
0
0
0
0
0
0
0
0
0
0
0
0
0
3731
6691
4794
268
-3762
-6994
-6124
-6776
-1501
0
0
0
0
0
0
0
0
0
0
0
14
41
3752
6686
4728
-282
-732
-2248
-7777
-4243
-4825
4602
5615
1007
-2180
-1573
-230
-1
0
0
0
1263
4750
6512
5652
956
213
105
548
808
-3503
-2244
990
-6346
-2647
-1307
410
556
-447
-2991
-2278
-229
0
0
0
811
2165
5022
6816
2556
3861
1711
-4256
-1057
-3229
-6682
-5726
-5082
-1352
966
-81
553
-6218
-4099
-4321
-935
0
0
0
868
2831
4868
2503
-2206
-5733
-7752
-9261
-6752
-9818
-4474
-2332
-4057
-2073
-3617
-4004
-2027
-2956
-5649
-437
-2886
0
0
0
191
176
1760
1196
-3854
-4303
-11254
-10789
-6139
-6328
-3332
-749
-4588
-4703
-6553
-6538
-7246
-8283
-4768
-4341
-271
0
0
0
-426
-1973
-3794
-7804
-9432
-11134
-9093
-5121
-2618
-1432
-1802
-6268
-5264
-5693
-4212
-1426
-1270
-2121
-2924
-2808
-1421
0
0
0
0
0
-1242
-3332
-6214
-9000
-9168
-7091
-5465
-3536
-2924
-2808
-1421
0
0
0
0
0
0
0
0
0
0
0
0
0
0
0
0
0
0
0
0
0
0
0
0
0
0
0
0
0
0
0
0
0
0
0
0
0
0
0
0
0
0
0
0
0
0
0
0
0
0
0
0
0
0
0
0
0
0
0
0
0
0
0
0
0
0
0
0
0
0
0
0
0
0
0
0
0
0
0
0
0
0
0
0
0
0
0
0
0
0
0
0
0
0
0
0
0
0
0
0
0
0
0
0
0
0
0
0
0
0
0
0
0
0
0
0
0
0
0
0
0
0
0
0
0
0
0
0
0
0
0
0
0
0
0
0
-860
-2896
-5040
-5998
-6801
-6974
-6754
-5423
-3171
-1353
-671
0
0
0
0
0
0
0
0
0
0
0
0
-1087
-2904
-4280
-3021
-3591
-3382
-3201
-3136
-3692
-3783
-3411
-993
-838
0
0
0
0
0
0
0
0
0
-5
-1096
-2630
-5756
-4911
-7869
-8960
-10514
-10830
-10301
-9257
-10021
-6256
-3719
-1331
-89
0
0
0
0
0
0
0
0
-293
-1997
-6869
-3722
-4737
-5453
-5577
-2982
-2090
-2281
-5845
-5465
-4939
-4668
-3381
-877
0
0
0
0
0
0
0
0
-1178
-5676
-3903
-5241
-6159
-3509
926
2000
2073
2348
1433
-2554
-6288
-4531
-3253
-1492
0
0
0
0
0
0
0
-1091
-3346
-5528
-5254
-5054
-2886
-1682
1459
567
0
-6
-1492
-5151
-5027
-5291
-1617
-2511
0
0
0
0
0
0
0
-1424
-6127
-4269
-4240
-3761
-4162
2595
6
0
0
0
-2789
-4239
-3393
-5953
-3230
-1115
0
0
0
0
0
0
0
-3054
-2245
-4491
-2889
-3083
520
1675
0
0
-9
-1105
-5333
-5327
-2844
-4092
-4894
2623
0
0
0
0
0
0
0
-1754
-4087
-2198
-2412
-2156
1723
0
0
0
-722
-2206
-5268
-5153
-4019
-3077
-2161
1737
0
0
0
0
0
0
0
-411
44
17
-2300
2640
0
0
0
-13
-1350
-6050
-4375
-3618
-3661
-4614
2623
0
0
0
0
0
0
0
0
-1378
1332
1240
-865
1744
0
0
-5
-1104
-4435
-4365
-5259
-4014
-2767
-675
1737
0
0
0
0
0
0
0
0
0
0
0
0
0
0
-1087
-3370
-4758
-6241
-4808
-4111
-2755
-2899
2025
0
0
0
0
0
0
0
0
0
0
0
-5
-18
-1113
-3392
-4728
-4484
-5539
-3299
-4670
-2636
-4885
-1624
-4925
-5040
-3594
-1488
-837
-4
0
0
0
-368
-1865
-4098
-5716
-5348
-3951
-3228
-4916
-5180
-4300
-8630
-7651
-6803
-3043
-1480
-2523
-3540
-3780
-3625
-1081
-840
0
0
0
-113
-804
-2788
-5410
-8057
-10306
-11532
-6789
-7401
-11381
-5946
-1683
-2176
-2018
-5671
-6871
-6265
-8075
-4352
-3290
-436
0
0
0
-918
-3206
-5259
-8894
-8357
-8500
-7603
-7558
-4544
180
-1388
-4346
-2421
-3501
-4712
-3747
-6658
-3203
-2843
-1323
-2194
0
0
0
326
532
-3411
-6157
-10022
-11700
-8640
-3209
-6705
-2756
396
-2527
-4693
-4020
-589
2102
2654
830
-347
302
903
0
0
0
-465
-929
1325
599
761
-821
-2149
6
421
-393
-2595
-1488
3459
382
865
1738
-1373
1337
1236
-858
1744
0
0
0
0
0
-1356
-61
1186
329
3408
2112
-510
3074
1236
-858
1744
0
0
0
0
0
0
0
0
0
0
0
0
0
0
0
0
0
0
0
0
0
0
0
0
0
0
0
0
0
0
0
0
0
0
0
0
0
0
0
0
0
0
0
0
0
0
0
0
0
0
0
0
0
0
0
0
0
0
0
0
0
0
0
0
0
0
0
0
0
0
0
0
0
0
0
0
0
0
0
0
0
0
0
0
0
0
0
0
0
0
0
0
0
0
0
0
0
0
0
0
0
0
0
0
0
0
0
0
0
0
0
0
0
0
0
0
0
0
0
0
0
0
0
0
0
0
0
0
0
0
0
0
0
0
0
0
1678
4629
7323
9411
9162
8986
8553
6215
3159
723
-675
0
0
0
0
0
0
0
0
0
0
0
0
2121
2862
5066
7269
4126
5890
6700
6954
9410
7115
4351
4009
-844
0
0
0
0
0
0
0
0
0
8
2133
1924
7092
7545
1939
6037
4622
3730
3361
2809
8790
6224
1052
1938
-90
0
0
0
0
0
0
0
0
562
1645
9061
6534
3455
3391
-1134
-2050
-2108
-2206
-2194
1835
6308
2205
4154
-565
0
0
0
0
0
0
0
0
1773
4706
6795
7903
-1162
-18
-2568
-3113
-3226
-3401
-1583
-1606
4266
3802
196
1685
0
0
0
0
0
0
0
2129
2427
8198
6703
-1955
1037
-2336
-1902
-481
0
3
3507
3873
3790
3562
-3247
2254
0
0
0
0
0
0
0
861
8632
6724
2289
267
-3136
-2072
-6
0
0
0
1750
8248
5387
-159
-529
-1015
0
0
0
0
0
0
0
595
3833
6114
-2501
49
-2276
-1418
0
0
16
2146
3775
7046
6585
-2928
-448
-2083
0
0
0
0
0
0
0
2372
1407
-582
-1133
-2169
-1458
0
0
0
1393
1545
8556
6419
-1469
1162
-2174
-1470
0
0
0
0
0
0
0
1399
82
-1937
-2785
-2097
0
0
0
25
1329
6918
6635
3973
-566
-2184
-2083
0
0
0
0
0
0
0
0
890
-823
-501
-1320
-1476
0
0
8
2127
3206
6918
7587
-2971
695
-2012
-1470
0
0
0
0
0
0
0
0
0
0
0
0
0
0
2121
5277
4499
10190
5316
-1609
1446
-2448
-1670
0
0
0
0
0
0
0
0
0
0
0
8
29
2156
5318
4476
6705
9311
1830
3915
1344
-574
3297
7381
7691
3675
1117
-833
-4
0
0
0
718
3202
6177
8534
7433
2476
3346
7392
3423
3404
8923
3607
3530
1302
1858
4283
7513
7700
4170
4509
-834
0
0
0
-428
-98
5281
10045
14079
16120
9935
8037
7155
3300
-2625
1546
3563
2329
3050
5714
864
5721
3497
-1212
2570
0
0
0
628
1736
800
5588
7122
6867
9869
4599
-2520
2657
2323
-2265
2379
2979
1991
-266
-129
-3879
-412
199
-246
0
0
0
171
814
2764
972
908
1319
-174
276
612
-3400
707
2235
-766
-2001
-2022
-1058
-2122
-2392
-4229
-2942
-628
0
0
0
300
613
400
520
-3146
-4766
-5389
-4978
-1572
274
-559
-1393
-1941
-1810
-2784
-1472
887
-825
-506
-1326
-1476
0
0
0
0
0
876
77
-432
-1724
-4081
-3269
-1886
-2295
-506
-1326
-1476
0
0
0
0
0
0
0
0
0
0
0
0
0
0
0
0
0
0
0
0
0
0
0
0
0
0
0
0
0
0
0
0
0
0
0
0
0
0
0
0
0
0
0
0
0
0
0
0
0
0
0
0
0
0
0
0
0
0
0
0
0
0
0
0
0
0
0
0
0
0
0
0
0
0
0
0
0
0
0
0
0
0
0
0
0
0
0
0
0
0
0
0
0
0
0
0
0
0
0
0
0
0
0
0
0
0
0
0
0
0
0
0
0
0
0
0
0
0
0
0
0
0
0
0
0
0
0
0
0
0
0
0
0
0
0
0
656
-1106
-3030
-1973
-1399
-1343
-1495
-1673
637
1715
204
0
0
0
0
0
0
0
0
0
0
0
0
829
-3826
-5259
-159
-471
32
310
733
3366
317
-401
3189
255
0
0
0
0
0
0
0
0
0
3
819
-4536
-3466
1373
-1490
1189
1483
1182
1249
667
432
2420
2191
2149
27
0
0
0
0
0
0
0
0
213
-1944
-3898
-3354
217
2808
862
883
862
1280
335
-436
1959
1232
4640
433
0
0
0
0
0
0
0
0
263
-4965
-6266
3150
243
-473
-2220
-4500
-5304
-4956
-5871
-5073
-4386
1344
4493
2067
0
0
0
0
0
0
0
832
-4619
-5530
1096
-168
2193
2124
-1262
-408
0
-8
-3132
-4119
-6762
4571
2177
3038
0
0
0
0
0
0
0
-1262
-4090
-5653
2888
1677
1930
374
-5
0
0
0
-3076
-6054
-2865
1496
2936
2712
0
0
0
0
0
0
0
-2416
-5488
1825
405
1421
1275
-1204
0
0
6
810
-4865
-8592
5229
-513
3207
439
0
0
0
0
0
0
0
-2453
-2760
80
362
2800
-1239
0
0
0
532
-3442
-5132
-335
465
2114
2782
-1249
0
0
0
0
0
0
0
-3966
960
-2235
348
436
0
0
0
9
-585
-3957
-6879
3756
882
2063
439
0
0
0
0
0
0
0
0
-1835
-246
-1920
-63
-1254
0
0
3
798
-4778
-6138
2732
762
1567
1997
-1249
0
0
0
0
0
0
0
0
0
0
0
0
0
0
829
-1628
-6320
-2480
27
465
1808
2337
-705
0
0
0
0
0
0
0
0
0
0
0
3
-4
803
-1624
-6306
-2786
2784
-3781
2418
1877
1781
-789
-3816
-2406
275
2066
261
1
0
0
0
280
4
-2229
-2812
-2356
-1806
-746
1017
-1014
-2336
4358
816
-4550
-450
-1992
-734
1510
672
-469
3521
261
0
0
0
-707
-2344
-1400
-2729
-2137
1208
-3280
-1631
4464
-163
-2844
-834
2927
-115
-1160
-128
-1759
2906
4835
799
1706
0
0
0
-109
-1048
-4320
-4037
-295
157
4451
3378
-2740
889
1218
-4168
-1056
329
2096
-58
959
-359
2736
3536
1180
0
0
0
-719
-1725
-1349
-3547
14
-48
1499
3156
693
-2285
-2718
910
2065
-1749
14
-2316
-4352
-2025
-1632
-831
1684
0
0
0
-619
-1918
-4825
-4957
-3872
-4084
1637
506
-52
2881
-2134
-1660
-461
-1982
-1307
-1261
-1836
-253
-1920
-68
-1254
0
0
0
0
0
-1807
-2069
-3947
-4044
-3437
-3230
-3137
-1501
-1920
-68
-1254
0
0
0
0
0
0
0
0
0
0
0
0
0
0
0
0
0
0
0
0
0
0
0
0
0
0
0
0
0
0
0
0
0
0
0
0
0
0
0
0
0
0
0
0
0
0
0
0
0
0
0
0
0
0
0
0
0
0
0
0
0
0
0
0
0
0
0
0
0
0
0
0
0
0
0
0
0
0
0
0
0
0
0
0
0
0
0
0
0
0
0
0
0
0
0
0
0
0
0
0
0
0
0
0
0
0
0
0
0
0
0
0
0
0
0
0
0
0
0
0
0
0
0
0
0
0
0
0
0
0
0
0
0
0
0
0
-55
243
-818
-1410
-3106
-3532
-3528
-3545
-3577
-2336
-1637
0
0
0
0
0
0
0
0
0
0
0
0
-70
-846
-1737
-2759
-4673
-5377
-5274
-4987
-4088
-4319
-4308
-2566
-2046
0
0
0
0
0
0
0
0
0
-1
-68
-1150
-1848
-3424
-3468
-4291
-4631
-4251
-3942
-4318
-1478
-7278
-2666
-4810
-217
0
0
0
0
0
0
0
0
-25
-1496
-266
-3624
-491
-6398
-3382
-1367
-603
-642
-3849
1608
-1028
-3447
-5563
-2320
0
0
0
0
0
0
0
0
-488
-2372
21
-1107
-1858
-874
6516
7756
7959
7630
4531
2699
5595
-4417
-3305
-5009
0
0
0
0
0
0
0
-70
-1575
-1336
-904
52
-2861
767
1619
225
0
6
1780
-2059
1768
1107
-3110
-5175
0
0
0
0
0
0
0
-1616
223
-1539
977
-4849
475
537
2
0
0
0
58
1877
-2336
3216
-5119
-2540
0
0
0
0
0
0
0
-3213
2563
-171
46
-3030
2767
664
0
0
-1
-67
-2809
2318
-1156
-2328
-2228
517
0
0
0
0
0
0
0
-1491
1500
2131
-24
205
683
0
0
0
-59
-1290
-917
-1451
483
-3388
238
688
0
0
0
0
0
0
0
1844
714
1332
2952
521
0
0
0
-1
-1097
-841
-119
246
-4032
-394
517
0
0
0
0
0
0
0
0
1668
1387
1358
2862
691
0
0
-1
-87
-2222
-90
-951
-1594
-3355
1893
688
0
0
0
0
0
0
0
0
0
0
0
0
0
0
-70
320
-2611
-1914
-2867
-290
-2796
339
634
0
0
0
0
0
0
0
0
0
0
0
-1
1
-73
313
-2600
-1958
-4930
-2646
-1344
-2860
-142
1534
-910
-1421
-3860
-2414
-2040
-9
0
0
0
-24
64
-162
-1254
-2122
-5405
-2567
-4567
-3583
-1413
-2460
-2198
-2012
-714
-1837
-4448
-1083
-4757
-4349
-3102
-2057
0
0
0
-522
-1068
-959
-2132
-3052
-8305
-7461
-5132
-3648
-4571
-3980
766
-173
-3404
-4019
-3100
-1698
-1710
-6158
-2629
-2742
0
0
0
-563
-1490
-2399
-989
-3324
-5517
-8081
-6640
-1323
1343
123
2216
-722
-478
-4389
-2983
-2271
419
700
-1635
-2456
0
0
0
59
-51
-2147
-1630
-998
-222
416
-517
-1331
1622
1643
-1952
-3148
1736
2982
4236
5778
4228
3519
788
-167
0
0
0
562
2136
3687
4892
5326
4497
2791
602
109
-840
1629
3134
2566
4198
3548
697
1673
1392
1369
2865
691
0
0
0
0
0
1642
3027
4368
7204
6256
4877
5208
2081
1369
2865
691
0
0
0
0
0
0
0
0
0
0
0
0
0
0
0
0
0
0
0
0
0
0
0
0
0
0
0
0
0
0
0
0
0
0
0
0
0
0
0
0
0
0
0
0
0
0
0
0
0
0
0
0
0
0
0
0
0
0
0
0
0
0
0
0
0
0
0
0
0
0
0
0
0
0
0
0
0
0
0
0
0
0
0
0
0
0
0
0
0
0
0
0
0
0
0
0
0
0
0
0
0
0
0
0
0
0
0
0
0
0
0
0
0
0
0
0
0
0
0
0
0
0
0
0
0
0
0
0
0
0
0
0
0
0
0
0
-1861
-1900
-2281
406
3188
3750
4220
5999
5649
5437
2072
0
0
0
0
0
0
0
0
0
0
0
0
-2351
205
868
8018
12334
11146
10548
10439
7468
8792
3642
4474
2590
0
0
0
0
0
0
0
0
0
-10
-2349
1067
-206
9668
11109
5387
659
-376
-209
-1957
-1784
-321
4826
4075
274
0
0
0
0
0
0
0
0
-628
-1601
429
9456
14445
5718
-3726
-4224
-3800
-4302
-7145
-5742
551
671
1830
2688
0
0
0
0
0
0
0
0
-2200
366
7341
11919
2449
-8553
-6743
-4501
-3715
-3554
-1322
1962
-673
-621
1215
3345
0
0
0
0
0
0
0
-2360
826
2806
12706
3359
-4951
-6373
-779
-271
0
-4
-689
1946
-362
5681
1760
-2414
0
0
0
0
0
0
0
-1848
1259
9034
9198
-2061
-6418
-3647
-4
0
0
0
-2612
2202
7505
5570
-494
-6228
0
0
0
0
0
0
0
-465
6719
6354
-761
-6271
-2942
-799
0
0
-19
-2347
106
5554
10137
1348
-4623
-3748
0
0
0
0
0
0
0
1461
5074
-2642
-4954
-5990
-821
0
0
0
-1551
135
2252
11201
4144
-2997
-5953
-828
0
0
0
0
0
0
0
1665
1594
-4488
-2530
-3766
0
0
0
-28
-2005
441
7548
10021
-601
-5389
-3748
0
0
0
0
0
0
0
0
-772
-732
-1574
187
-831
0
0
-10
-2352
465
4881
10902
2715
-5543
-3779
-828
0
0
0
0
0
0
0
0
0
0
0
0
0
0
-2351
-1770
433
4637
15168
5593
-3871
-5842
-1772
0
0
0
0
0
0
0
0
0
0
0
-10
-17
-2349
-1772
497
4462
10186
15914
7563
-3749
-8707
-5164
-2661
3511
5529
6135
2594
10
0
0
0
-796
-2167
-1998
-1205
4392
6065
7719
6647
10461
11935
646
-9356
-7550
664
6847
8094
6550
9579
4427
4708
2595
0
0
0
172
850
542
5046
6935
9212
13651
13526
8797
-2104
-9644
-2128
4826
6064
7567
4626
4318
-1895
109
697
1103
0
0
0
-330
208
3374
4808
8197
8864
10764
4347
-1613
-5808
-1260
5791
4801
2737
845
-1425
-4255
-5019
-4648
-3629
-3252
0
0
0
822
3221
2819
3414
-781
-6510
-6551
-8169
-6255
-365
2583
4047
-3809
-6387
-7128
-6000
334
99
-3572
-3555
-2938
0
0
0
-261
-1019
365
1703
-544
-3073
-6810
-9337
-3162
-612
-3691
-4226
-5228
-1389
-637
-834
-775
-738
-1574
184
-831
0
0
0
0
0
-760
-1489
-3041
-2875
-2915
-2214
-1410
-1565
-1574
184
-831
0
0
0
0
0
0
0
0
0
0
0
0
0
0
0
0
0
0
0
0
0
0
0
0
0
0
0
0
0
0
0
0
0
0
0
0
0
0
0
0
0
0
0
0
0
0
0
0
0
0
0
0
0
0
0
0
0
0
0
0
0
0
0
0
0
0
0
0
0
0
0
0
0
0
0
0
0
0
0
0
0
0
0
0
0
0
0
0
0
0
0
0
0
0
0
0
0
0
0
0
0
0
0
0
0
0
0
0
0
0
0
0
0
0
0
0
0
0
0
0
0
0
0
0
0
0
0
0
0
0
0
0
0
0
0
0
1039
2124
5024
5630
4989
4819
4553
3283
1793
-898
-636
0
0
0
0
0
0
0
0
0
0
0
0
1313
2979
5911
6354
8974
12125
12818
12450
12139
10800
9092
1496
-795
0
0
0
0
0
0
0
0
0
5
1317
2971
2770
1304
693
622
-2322
-3120
-2720
2289
1561
8643
4226
1234
-85
0
0
0
0
0
0
0
0
359
3470
251
5758
448
-1629
-4629
-3942
-3485
-3483
-3161
219
4721
11560
1652
-573
0
0
0
0
0
0
0
0
1811
964
3944
-155
849
-2810
-3743
-5363
-5818
-5548
-6362
-3334
-5396
9865
4967
1154
0
0
0
0
0
0
0
1318
2406
1594
-880
-1725
2219
-1418
-863
-188
0
-6
-64
-1368
-3301
1417
6680
1415
0
0
0
0
0
0
0
3254
-624
4678
-692
-2058
-535
417
-3
0
0
0
1858
-1119
1898
-2115
3783
237
0
0
0
0
0
0
0
-70
-813
-1420
2578
-618
8
-555
0
0
10
1321
990
1577
-495
141
1264
459
0
0
0
0
0
0
0
-1996
-4135
-5723
636
-583
-570
0
0
0
884
3032
945
850
-1683
2376
-595
-575
0
0
0
0
0
0
0
-1371
-2325
-6025
-45
459
0
0
0
15
2579
-102
3923
-136
-1595
-115
459
0
0
0
0
0
0
0
0
-1381
-341
-2631
-897
-577
0
0
5
1345
1645
2607
-1106
986
544
-97
-575
0
0
0
0
0
0
0
0
0
0
0
0
0
0
1313
2341
6331
1594
-414
-1389
1233
-668
-242
0
0
0
0
0
0
0
0
0
0
0
5
14
1335
2364
6335
5491
1347
5971
1948
-755
36
2701
5550
4284
2464
-911
-793
-4
0
0
0
444
1665
3494
5711
4050
4428
1397
1529
5733
3793
361
209
1931
5354
784
5427
10171
11576
10005
1914
-787
0
0
0
652
2047
4897
10079
15210
14151
7317
1801
-1156
-4827
1705
1337
3589
5909
3826
-2728
1546
2
5606
3864
2037
0
0
0
-677
-2271
-1558
-1725
5475
10325
10452
3044
4284
1287
-495
314
-1310
365
-313
-6097
-6514
-2298
-116
3416
-729
0
0
0
3
-660
-5093
-7857
-8915
-5314
-970
-2308
-3867
-2987
-2548
417
-6085
-3940
160
-3312
-3860
-6089
-4869
277
1033
0
0
0
-466
-1496
-2599
-6598
-9375
-8604
-4948
-2098
1868
-968
-4761
-863
-1915
-3521
-1469
-583
-1382
-351
-2635
-899
-577
0
0
0
0
0
-1359
-1711
-4294
-5215
-4400
-4087
-2845
-926
-2635
-899
-577
0
0
0
0
0
0
0
0
0
0
0
0
0
0
0
0
0
0
0
0
0
0
0
0
0
0
0
0
0
0
0
0
0
0
0
0
0
0
0
0
0
0
0
0
0
0
0
0
0
0
0
0
0
0
0
0
0
0
0
0
0
0
0
0
0
0
0
0
0
0
0
0
0
0
0
0
0
0
0
0
0
0
0
0
0
0
0
0
0
0
0
0
0
0
0
0
0
0
0
0
0
0
0
0
0
0
0
0
0
0
0
0
0
0
0
0
0
0
0
0
0
0
0
0
0
0
0
0
0
0
0
0
0
0
0
0
1114
1054
1740
2188
2563
2639
2365
1318
1484
635
310
0
0
0
0
0
0
0
0
0
0
0
0
1408
1411
3195
3696
3953
5018
5243
4904
4741
2142
2955
1689
388
0
0
0
0
0
0
0
0
0
5
1407
1329
3619
3911
3213
2145
-1963
-3165
-3501
-1900
-5481
-3197
-1668
2141
41
0
0
0
0
0
0
0
0
384
3009
2248
1677
-4490
-7355
-13788
-14211
-13879
-13410
-7477
-4420
-6406
-3391
-955
567
0
0
0
0
0
0
0
0
1877
3123
815
-5215
-7763
-10071
-7867
-2440
-915
-519
815
4961
1296
-2253
-5709
1775
0
0
0
0
0
0
0
1414
1738
1311
-3092
-5511
-5986
-4736
2861
789
0
-8
-2924
-2708
391
-2091
-2577
-1601
0
0
0
0
0
0
0
3189
1313
-2132
-6003
-3285
-5744
-555
9
0
0
0
1205
-2899
-858
-672
-1065
-5816
0
0
0
0
0
0
0
3438
-815
-5749
-6114
-4800
-1060
2329
0
0
11
1405
2977
-1296
-5245
-3826
-3352
-680
0
0
0
0
0
0
0
-692
-3787
-4966
-6209
-4716
2395
0
0
0
945
1932
581
-2577
-4277
-4337
-4669
2414
0
0
0
0
0
0
0
-4328
-5441
-2292
-2081
-673
0
0
0
16
2580
2300
-1358
-5516
-2942
-4525
-680
0
0
0
0
0
0
0
0
-1973
-2320
-455
1409
2424
0
0
5
1433
2401
751
-4230
-5205
-4960
-2650
2414
0
0
0
0
0
0
0
0
0
0
0
0
0
0
1408
961
2341
2137
-2144
-4669
-3894
-4728
1419
0
0
0
0
0
0
0
0
0
0
0
5
9
1409
969
2302
3811
3782
-1001
-4082
-3482
-4297
-63
2724
847
1675
700
388
1
0
0
0
477
1262
1295
2059
997
3462
3228
3494
3937
98
-5074
-8441
-6414
1375
5626
3606
3175
2279
3021
2028
395
0
0
0
598
2029
4153
4295
4283
6650
6182
1474
-6455
-12238
-7900
-4168
147
5063
4959
3815
-40
-5342
-4577
-2681
1709
0
0
0
561
2096
4411
3847
319
-4970
-7318
-7245
-5821
-6871
187
7064
4579
-5430
-10737
-10308
-6770
-7136
-7414
-5380
-3024
0
0
0
-795
-3408
-4458
-5578
-7427
-10572
-15653
-11929
-2623
2087
-766
-7740
-7964
-7274
-10842
-7827
-3729
238
1966
-1082
-3088
0
0
0
-666
-2755
-6764
-9689
-7799
-7332
-7626
-5945
-8890
-6204
-3808
-7777
-5868
944
3814
2416
-1982
-2322
-449
1418
2424
0
0
0
0
0
-1942
-4249
-4707
-3323
1030
3347
1818
93
-449
1418
2424
0
0
0
0
0
0
0
0
0
0
0
0
0
0
0
0
0
0
0
0
0
0
0
0
0
0
0
0
0
0
0
0
0
0
0
0
0
0
0
0
0
0
0
0
0
0
0
0
0
0
0
0
0
0
0
0
0
0
0
0
0
0
0
0
0
0
0
0
0
0
0
0
0
0
0
0
0
0
0
0
0
0
0
0
0
0
0
0
0
0
0
0
0
0
0
0
0
0
0
0
0
0
0
0
0
0
0
0
0
0
0
0
0
0
0
0
0
0
0
0
0
0
0
0
0
0
0
0
0
0
0
0
0
0
0
0
575
1752
3402
6463
8315
8625
8483
7636
6240
4167
1152
0
0
0
0
0
0
0
0
0
0
0
0
727
147
161
5026
8371
8983
8971
9328
11513
11541
7828
5080
1440
0
0
0
0
0
0
0
0
0
2
732
-446
1491
8403
8875
8038
8796
8909
8760
7017
8769
12835
11582
3869
152
0
0
0
0
0
0
0
0
187
-705
2194
6650
5429
2171
-1018
-4447
-5524
-5354
-5066
-544
5386
11741
9710
1648
0
0
0
0
0
0
0
0
255
299
2154
2357
3559
135
-2424
-2757
-3064
-2404
580
-1989
191
8797
13157
3885
0
0
0
0
0
0
0
730
-230
1525
1202
3042
6379
6302
74
-186
0
-14
-3417
-4435
191
8545
10479
5830
0
0
0
0
0
0
0
-1028
1543
1204
3286
6135
5354
61
-3
0
0
0
-4367
-851
3185
8540
6720
4291
0
0
0
0
0
0
0
-970
-1535
-2919
6028
6230
2371
-547
0
0
5
737
341
-2217
2599
9120
7238
78
0
0
0
0
0
0
0
13
-6068
-3321
3984
6311
-563
0
0
0
467
-662
1301
734
3731
6503
6306
-567
0
0
0
0
0
0
0
-4138
-4689
-1344
1490
76
0
0
0
8
-413
1326
620
3243
7149
5854
78
0
0
0
0
0
0
0
0
-3363
-1500
389
1962
-569
0
0
2
714
73
1242
952
5856
5743
3795
-567
0
0
0
0
0
0
0
0
0
0
0
0
0
0
727
2013
1285
5095
3555
2754
5703
5920
-359
0
0
0
0
0
0
0
0
0
0
0
2
10
744
2050
1316
3097
9245
7779
1721
4236
5436
2938
3591
6454
6587
4844
1448
5
0
0
0
246
1168
2619
4922
6937
4872
2852
5932
10198
6571
193
6547
6701
6008
2233
3354
9372
12318
8825
5506
1448
0
0
0
-593
-1865
-18
5593
13094
18943
16179
8274
5610
2252
14
1911
7660
9160
8309
3204
2654
7377
11756
8741
2087
0
0
0
266
939
-532
435
7507
13710
14468
6445
-1716
825
7743
7624
1851
3148
3805
-1951
-4588
-1119
76
4727
3728
0
0
0
-262
-1851
-3773
-4646
-4094
193
3385
7178
10868
5547
-1426
134
-1189
-5563
-4673
-3814
56
-1429
-346
-1029
643
0
0
0
-1135
-3869
-5494
-7723
-5002
-4352
-3336
-2113
-615
-2556
-5072
-5320
-468
2336
1397
-582
-3369
-1498
397
1960
-569
0
0
0
0
0
-3311
-4826
-4434
-2512
286
1747
-1977
-2065
397
1960
-569
0
0
0
0
0
0
0
0
0
0
0
0
0
0
0
0
0
0
0
0
0
0
0
0
0
0
0
0
0
0
0
0
0
0
0
0
0
0
0
0
0
0
0
0
0
0
0
0
0
0
0
0
0
0
0
0
0
0
0
0
0
0
0
0
0
0
0
0
0
0
0
0
0
0
0
0
0
0
0
0
0
0
0
0
0
0
0
0
0
0
0
0
0
0
0
0
0
0
0
0
0
0
0
0
0
0
0
0
0
0
0
0
0
0
0
0
0
0
0
0
0
0
0
0
0
0
0
0
0
0
0
0
0
0
0
0
-799
717
3039
2810
1093
689
872
1243
-970
-2679
-1557
0
0
0
0
0
0
0
0
0
0
0
0
-1010
2057
4282
3872
2972
3580
3913
3847
2391
3993
1437
-2096
-1946
0
0
0
0
0
0
0
0
0
-4
-1001
2446
2705
4676
4084
2488
419
210
418
-162
291
1563
-2654
-3489
-206
0
0
0
0
0
0
0
0
-270
-126
2753
8116
4682
898
1154
966
1327
1483
544
2032
3575
-680
-5573
-2084
0
0
0
0
0
0
0
0
-937
1556
7391
7863
2308
-104
-273
-423
93
108
-2353
4475
3502
1609
-7085
-3726
0
0
0
0
0
0
0
-1014
2123
2524
10466
4836
-527
-7776
-3523
-914
0
-1
-2164
7525
13158
1647
-8828
-5057
0
0
0
0
0
0
0
-754
1947
9534
8492
284
-6955
-6072
-12
0
0
0
-951
3556
16719
2077
-8334
-6935
0
0
0
0
0
0
0
-939
4192
9614
4702
-3161
-6218
-2696
0
0
-8
-992
1270
6359
10592
2623
-7523
-6173
0
0
0
0
0
0
0
-2170
7824
6607
938
-8845
-2773
0
0
0
-666
1385
1332
11177
5649
-1101
-8823
-2795
0
0
0
0
0
0
0
-1172
6388
5227
-2846
-6208
0
0
0
-12
-818
1913
7712
8813
1209
-6556
-6173
0
0
0
0
0
0
0
0
-201
2370
2910
-2194
-2806
0
0
-4
-1002
1674
4916
8696
3119
-1790
-6627
-2795
0
0
0
0
0
0
0
0
0
0
0
0
0
0
-1010
1177
4779
879
6570
5820
416
-7908
-3889
0
0
0
0
0
0
0
0
0
0
0
-4
0
-983
1187
4789
2875
382
4907
6667
2245
-5487
-4752
2635
3614
-497
-2852
-1942
-8
0
0
0
-342
-275
1977
3238
2983
-214
-1371
1306
6657
4132
2088
1340
3485
-3911
-4178
2756
4080
4636
1576
-2379
-1952
0
0
0
87
665
1562
6076
8134
3905
3702
3007
-181
1810
3427
-603
-3083
-129
2008
3278
4903
-1386
-1276
-2630
-1466
0
0
0
-405
152
3718
5757
8224
1794
2139
5253
3246
966
-597
-1540
1698
-312
-1487
2058
4471
2283
-2087
-4689
-3289
0
0
0
-328
383
2648
7891
9260
1543
-444
-760
-5023
-4244
-1817
1716
3051
1480
-1865
1656
2110
1945
-2655
-3470
-3413
0
0
0
-68
599
2196
7329
7464
2588
-2685
-4533
-4987
628
2115
1486
1856
734
-4978
-2807
-191
2382
2901
-2205
-2806
0
0
0
0
0
-198
2134
5028
2883
290
-2065
-5149
-413
2901
-2205
-2806
0
0
0
0
0
0
0
0
0
0
0
0
0
0
0
0
0
0
0
0
0
0
0
0
0
0
0
0
0
0
0
0
0
0
0
0
0
0
0
0
0
0
0
0
0
0
0
0
0
0
0
0
0
0
0
0
0
0
0
0
0
0
0
0
0
0
0
0
0
0
0
0
0
0
0
0
0
0
0
0
0
0
0
0
0
0
0
0
0
0
0
0
0
0
0
0
0
0
0
0
0
0
0
0
0
0
0
0
0
0
0
0
0
0
0
0
0
0
0
0
0
0
0
0
0
0
0
0
0
0
0
0
0
0
0
0
1955
2098
2901
5210
6144
6245
5763
3866
4012
2589
388
0
0
0
0
0
0
0
0
0
0
0
0
2471
1065
119
2075
1871
42
-378
-546
1623
370
1241
1614
485
0
0
0
0
0
0
0
0
0
9
2469
464
-993
1195
501
-3777
-3177
-2610
-2553
1265
-3489
1236
5051
-514
51
0
0
0
0
0
0
0
0
665
3170
-2626
9
2135
-2780
-680
-639
-807
-563
1129
-609
-1128
1793
2276
346
0
0
0
0
0
0
0
0
2697
-420
-3380
681
-2252
-4223
-3963
-4323
-4475
-4015
-3262
1460
-3510
-920
5292
-703
0
0
0
0
0
0
0
2481
373
-2888
-624
-114
-2667
74
-640
-57
0
-10
-1121
-1850
86
325
900
-484
0
0
0
0
0
0
0
3406
-3299
-3138
2222
-30
-1532
174
-1
0
0
0
1059
-6245
1393
3671
-3463
1096
0
0
0
0
0
0
0
689
-5339
-2836
55
-630
-1066
-167
0
0
19
2467
225
-5879
709
3254
-2931
194
0
0
0
0
0
0
0
-1478
-3658
-1157
-1086
-302
-172
0
0
0
1641
1390
-3113
-1049
1683
-2176
-319
-173
0
0
0
0
0
0
0
-3580
-1942
2455
-2423
194
0
0
0
29
3064
-1888
-4026
1471
1258
-2068
194
0
0
0
0
0
0
0
0
-2339
-1832
1298
-1440
-174
0
0
9
2490
257
-3215
3
413
-898
-826
-173
0
0
0
0
0
0
0
0
0
0
0
0
0
0
2471
1994
1590
406
-426
606
-1631
-762
-55
0
0
0
0
0
0
0
0
0
0
0
9
17
2472
2019
1600
2427
1131
-1334
-2120
-1234
1727
1796
3077
3298
4232
3109
493
1
0
0
0
836
2321
2389
4031
3462
5163
1809
-1462
746
-2561
-3145
737
1667
3614
1618
-321
2460
462
1579
1371
480
0
0
0
312
165
1287
1766
2632
6418
2701
-22
2357
-1934
1150
2017
-2348
1801
-1030
-3238
-2203
-3384
-115
2451
-1273
0
0
0
-80
-653
-732
-3743
-3708
-1484
-3268
387
-2610
-4673
490
-1351
-3194
-3116
-1989
564
-187
-699
-1118
-1021
754
0
0
0
-419
-1279
-1194
-1987
-1803
-5125
-7129
-1296
-1021
-2093
-1913
-2742
1783
-2153
-4786
-2494
-3221
-426
-449
-1160
366
0
0
0
-789
-2957
-4955
-4702
-2238
-1491
-1199
367
-1864
260
-1168
-5138
-176
-130
-1612
-183
-2347
-1827
1293
-1441
-174
0
0
0
0
0
-2303
-4133
-2858
-4263
-2146
-311
-3952
-2000
1293
-1441
-174
0
0
0
0
0
0
0
0
0
0
0
0
0
0
0
0
0
0
0
0
0
0
0
0
0
0
0
0
0
0
0
0
0
0
0
0
0
0
0
0
0
0
0
0
0
0
0
0
0
0
0
0
0
0
0
0
0
0
0
0
0
0
0
0
0
0
0
0
0
0
0
0
0
0
0
0
0
0
0
0
0
0
0
0
0
0
0
0
0
0
0
0
0
0
0
0
0
0
0
0
0
0
0
0
0
0
0
0
0
0
0
0
0
0
0
0
0
0
0
0
0
0
0
0
0
0
0
0
0
0
0
0
0
0
0
0
-1718
-3230
-5334
-5131
-5770
-5972
-5544
-3529
-2005
-328
-824
0
0
0
0
0
0
0
0
0
0
0
0
-2170
-1769
-3281
-2098
-1702
-129
408
338
-1890
203
297
1619
-1030
0
0
0
0
0
0
0
0
0
-9
-2176
-1003
-4250
-4495
-2539
1391
1264
1104
1349
963
1901
-992
3201
5
-110
0
0
0
0
0
0
0
0
-580
-2103
-4224
-6889
3117
6728
6977
5628
5372
5411
4600
-1685
-1241
2653
2638
-923
0
0
0
0
0
0
0
0
-2063
-2476
-6629
713
9333
7693
2770
515
201
334
-973
-5585
-1779
-518
3591
-29
0
0
0
0
0
0
0
-2179
-1309
-5485
-3034
8356
8832
-638
-2483
-644
0
-4
-3175
1240
-616
477
2235
1515
0
0
0
0
0
0
0
-1824
-3720
-7399
8085
8764
668
-2268
-8
0
0
0
-2591
-1421
-3561
5727
2826
102
0
0
0
0
0
0
0
-824
-4125
-151
11623
4772
-2343
-1899
0
0
-18
-2181
-2173
-6955
3323
9544
1756
-2265
0
0
0
0
0
0
0
-1427
-2450
6720
7014
-1246
-1953
0
0
0
-1433
-1242
-4523
-4413
8392
7607
-1258
-1969
0
0
0
0
0
0
0
-1024
3411
5249
204
-2282
0
0
0
-26
-1953
-3193
-7372
5941
8781
1125
-2265
0
0
0
0
0
0
0
0
-776
2563
1954
-1576
-1977
0
0
-9
-2180
-1793
-5743
-1040
9357
6117
-1675
-1969
0
0
0
0
0
0
0
0
0
0
0
0
0
0
-2170
-3499
-3310
-3947
-4762
7004
8382
-602
-2067
0
0
0
0
0
0
0
0
0
0
0
-9
-23
-2190
-3524
-3279
-2226
-4290
-4041
6200
9650
-211
-5622
-6453
-2771
-2462
-166
-1023
-5
0
0
0
-735
-2632
-4300
-5532
-3134
-2140
-963
-5139
-3423
1117
3049
6256
701
-2979
-2892
-3638
-3052
-157
698
1812
-1027
0
0
0
119
-31
-3546
-5402
-6342
-4927
-4428
-3379
2457
4884
6284
3521
-5859
-2908
-680
-1860
2016
3635
2098
2710
941
0
0
0
-398
-2032
-3059
-2476
-708
4029
4605
5181
10202
5742
-2893
-5123
-2677
3918
4522
4503
4717
2227
2386
3008
615
0
0
0
-84
37
551
827
3015
4492
5539
8957
3078
-5452
-1311
3895
4743
4292
3262
3421
2676
-729
-229
-196
-313
0
0
0
-262
88
2202
3798
6115
4034
2039
2761
1213
549
2532
3546
4198
390
-3537
-1980
-766
2571
1948
-1584
-1977
0
0
0
0
0
-764
1750
3710
2156
970
-1583
-4289
603
1948
-1584
-1977
0
0
0
0
0
0
0
0
0
0
0
0
0
0
0
0
0
0
0
0
0
0
0
0
0
0
0
0
0
0
0
0
0
0
0
0
0
0
0
0
0
0
0
0
0
0
0
0
0
0
0
0
0
0
0
0
0
0
0
0
0
0
0
0
0
0
0
0
0
0
0
0
0
0
0
0
0
0
0
0
0
0
0
0
0
0
0
0
0
0
0
0
0
0
0
0
0
0
0
0
0
0
0
0
0
0
0
0
0
0
0
0
0
0
0
0
0
0
0
0
0
0
0
0
0
0
0
0
0
0
0
0
0
0
0
0
135
528
855
496
-1030
-1406
-1448
-1676
-2094
-2217
-1437
0
0
0
0
0
0
0
0
0
0
0
0
171
-1417
-1658
-4852
-7756
-5717
-4897
-4415
-2360
-1819
631
340
-1796
0
0
0
0
0
0
0
0
0
0
173
-1979
-2070
-6036
-7154
-1531
836
1138
1636
1424
4858
1730
1035
-742
-191
0
0
0
0
0
0
0
0
36
-2144
-1600
-4630
-2734
2975
7078
6023
5384
5573
1118
4589
-1047
2110
3570
-1666
0
0
0
0
0
0
0
0
-491
-4300
-1256
-1469
6515
11366
7767
7776
7591
7096
1060
1309
3889
1285
3539
-366
0
0
0
0
0
0
0
172
-2637
-2749
155
2356
5902
4900
1889
616
0
9
1662
-348
3475
-3407
2667
4362
0
0
0
0
0
0
0
-2270
-1878
-920
2291
3853
4415
3563
7
0
0
0
231
262
-405
-293
3776
5023
0
0
0
0
0
0
0
-4966
-33
641
5551
5668
2220
1819
0
0
1
175
-4483
2055
-341
1635
5084
3618
0
0
0
0
0
0
0
-3540
3937
3770
3168
4838
1871
0
0
0
94
-2075
-2784
652
1486
3681
4812
1886
0
0
0
0
0
0
0
1477
4250
2718
910
3639
0
0
0
2
-1452
-2568
-245
1088
3040
4352
3618
0
0
0
0
0
0
0
0
2492
2657
576
-11
1893
0
0
0
145
-3634
-1212
-178
2847
5184
2726
1886
0
0
0
0
0
0
0
0
0
0
0
0
0
0
171
612
-1726
-2981
-2264
874
4660
4529
2447
0
0
0
0
0
0
0
0
0
0
0
0
3
176
623
-1699
-2264
-7484
-5216
3301
6149
4397
3599
1518
209
-2035
-2321
-1792
-8
0
0
0
58
325
724
729
-411
-4475
-4365
-6919
-6600
-1964
6056
10148
5338
-909
-2450
-6840
-3390
-2414
433
553
-1792
0
0
0
-824
-2299
-2873
-4769
-2311
-5026
-4049
-3034
-842
9639
6675
674
-2652
-4602
-2481
-2524
-1884
4192
1714
2152
1115
0
0
0
-852
-2565
-5383
-5093
-3385
-3192
2931
6446
5908
7411
-3226
-1711
1880
-325
5341
5816
2112
4680
1674
3432
3109
0
0
0
-343
-478
-1185
408
1676
5343
11437
8732
2801
4850
-112
2264
6830
5550
7793
7455
2211
4068
4022
2814
1753
0
0
0
840
3388
4345
6279
6563
6082
8234
6674
1641
3347
4617
6057
4975
565
1867
1903
2502
2659
576
-4
1893
0
0
0
0
0
2453
5098
5677
5672
5070
2459
4363
4545
576
-4
1893
0
0
0
0
0
0
0
0
0
0
0
0
0
0
0
0
0
0
0
0
0
0
0
0
0
0
0
0
0
0
0
0
0
0
0
0
0
0
0
0
0
0
0
0
0
0
0
0
0
0
0
0
0
0
0
0
0
0
0
0
0
0
0
0
0
0
0
0
0
0
0
0
0
0
0
0
0
0
0
0
0
0
0
0
0
0
0
0
0
0
0
0
0
0
0
0
0
0
0
0
0
0
0
0
0
0
0
0
0
0
0
0
0
0
0
0
0
0
0
0
0
0
0
0
0
0
0
0
0
0
0
0
0
0
0
0
-1959
-5126
-7934
-10057
-9986
-9855
-9352
-6695
-3474
-959
498
0
0
0
0
0
0
0
0
0
0
0
0
-2475
-5457
-7106
-6891
-5102
-5961
-6382
-6064
-6806
-5875
-4688
-2816
623
0
0
0
0
0
0
0
0
0
-10
-2488
-5011
-6674
-6324
-5288
-7044
-5167
-4560
-4231
-6614
-6345
-2862
-2455
-643
66
0
0
0
0
0
0
0
0
-669
-4934
-7754
-3036
1528
6523
10804
9802
9172
8391
1421
-4999
-4723
-5679
-1883
506
0
0
0
0
0
0
0
0
-2901
-7132
-3109
1482
5129
10251
9125
9600
9939
9722
10305
796
-3913
-2536
-3039
-293
0
0
0
0
0
0
0
-2485
-5414
-3102
-545
4220
4885
2606
407
9
0
4
2514
576
-939
-422
-2394
86
0
0
0
0
0
0
0
-4132
-6127
527
2963
4621
3587
-947
0
0
0
0
-3005
604
2048
-754
226
240
0
0
0
0
0
0
0
-3291
-214
3675
4336
5667
124
28
0
0
-20
-2501
-6642
-2022
3443
4101
2846
-988
0
0
0
0
0
0
0
2228
1901
4611
4287
1391
29
0
0
0
-1650
-4673
-2804
-576
3197
3458
1403
29
0
0
0
0
0
0
0
4979
6770
5701
2667
-992
0
0
0
-30
-3603
-6986
-769
2853
4223
3563
-988
0
0
0
0
0
0
0
0
1108
3808
3825
1171
29
0
0
-10
-2517
-6086
-2906
410
4104
4755
553
29
0
0
0
0
0
0
0
0
0
0
0
0
0
0
-2475
-5821
-7685
-5911
509
4373
3391
2220
-299
0
0
0
0
0
0
0
0
0
0
0
-10
-33
-2512
-5853
-7657
-8425
-5429
1544
2536
3569
2226
-6462
-8476
-7987
-4010
-1356
613
2
0
0
0
-838
-3619
-6746
-9183
-7822
-5697
-5192
-3518
-5283
-1530
-1424
137
525
-6120
-5150
-3507
-6184
-5943
-4925
-3028
619
0
0
0
-556
-2382
-6374
-10329
-12500
-14634
-13402
-4372
939
3469
4141
-1474
-1696
-3128
-6050
-5868
-5824
-2942
-51
35
-1050
0
0
0
-554
-2370
-5768
-8930
-7813
-2176
2368
4624
4344
4846
2035
-3756
-4180
1869
7079
9926
4679
188
-551
-1997
1251
0
0
0
1305
4869
5848
5458
1246
-2239
2512
5847
3582
282
2839
5829
6093
4483
5400
7717
12662
7992
3093
1526
-1021
0
0
0
373
2392
10017
15909
17442
15170
6520
2394
4368
1952
2981
6378
6583
4988
1201
34
1123
3823
3830
1171
29
0
0
0
0
0
1091
4852
8654
9831
8770
5002
2319
3852
3830
1171
29
0
0
0
0
0
0
0
0
0
0
0
0
0
0
0
0
0
0
0
0
0
0
0
0
0
0
0
0
0
0
0
0
0
0
0
0
0
0
0
0
0
0
0
0
0
0
0
0
0
0
0
0
0
0
0
0
0
0
0
0
0
0
0
0
0
0
0
0
0
0
0
0
0
0
0
0
0
0
0
0
0
0
0
0
0
0
0
0
0
0
0
0
0
0
0
0
0
0
0
0
0
0
0
0
0
0
0
0
0
0
0
0
0
0
0
0
0
0
0
0
0
0
0
0
0
0
0
0
0
0
0
0
0
0
0
0
1092
835
1831
214
-1536
-1881
-2157
-3136
-2855
-3524
-1271
0
0
0
0
0
0
0
0
0
0
0
0
1381
619
4009
508
-1782
-1292
-1031
-1252
-1168
-4774
-1426
-3370
-1588
0
0
0
0
0
0
0
0
0
5
1378
405
6132
2065
953
2695
5443
6170
5627
5380
2568
1709
-3002
-3008
-169
0
0
0
0
0
0
0
0
374
2240
4652
4276
-4035
-3483
-275
-1248
-1706
-1960
1024
4442
-2910
-761
-2070
-1700
0
0
0
0
0
0
0
0
1671
3716
7191
-6849
-9061
-7015
-7621
-6328
-6114
-5660
654
2597
935
-468
-2276
-2559
0
0
0
0
0
0
0
1386
1128
8317
-4464
-7516
-5296
-468
1195
621
0
-9
539
50
3910
-8020
-1847
608
0
0
0
0
0
0
0
2475
4588
1767
-8325
-5798
-2173
2434
7
0
0
0
261
3328
7
-7806
-3431
2481
0
0
0
0
0
0
0
3862
5526
-5308
-5457
-3465
-1023
1833
0
0
10
1375
3158
5321
-7110
-6206
-3543
2455
0
0
0
0
0
0
0
4159
-803
-2996
-3944
143
1886
0
0
0
922
1091
7025
-2986
-6947
-5615
114
1901
0
0
0
0
0
0
0
-823
-3245
-2103
-4116
2472
0
0
0
16
2106
3898
3174
-7819
-5533
-2747
2455
0
0
0
0
0
0
0
0
-2209
-2056
-1586
-2174
1908
0
0
5
1396
2257
7533
-6323
-6706
-3672
-1048
1901
0
0
0
0
0
0
0
0
0
0
0
0
0
0
1381
690
1887
4857
-5014
-6944
-4635
-690
2082
0
0
0
0
0
0
0
0
0
0
0
5
8
1381
693
1803
2264
-42
-2205
-6963
-3849
-753
1797
2738
-1678
-2575
-3994
-1592
-7
0
0
0
467
1153
1179
1319
-2194
-1476
-775
2308
2174
203
-4051
-594
-1085
-1441
1145
651
433
-4964
-1844
-3607
-1593
0
0
0
367
1823
4289
2249
788
-1763
-1210
-228
-3299
-4885
-289
-2137
-2030
1573
2056
3715
2786
3033
261
-399
-1163
0
0
0
935
3640
6262
7982
4531
2381
-604
-6449
-8842
-3994
-1465
2942
2826
520
1463
1419
-852
675
-1825
126
1729
0
0
0
467
984
2753
4307
1381
311
-2271
-2227
323
4024
2826
-230
17
-4659
-5648
-5257
-4429
-3035
-795
-48
571
0
0
0
-745
-2902
-3436
-6373
-5504
-4089
-3354
26
2
-622
-2716
-6189
-3066
-3743
-280
1899
-2217
-2063
-1595
-2166
1908
0
0
0
0
0
-2174
-4224
-5792
-7951
-3902
-1836
-2496
-162
-1595
-2166
1908
0
0
0
0
0
0
0
0
0
0
0
0
0
0
0
0
0
0
0
0
0
0
0
0
0
0
0
0
0
0
0
0
0
0
0
0
0
0
0
0
0
0
0
0
0
0
0
0
0
0
0
0
0
0
0
0
0
0
0
0
0
0
0
0
0
0
0
0
0
0
0
0
0
0
0
0
0
0
0
0
0
0
0
0
0
0
0
0
0
0
0
0
0
0
0
0
0
0
0
0
0
0
0
0
0
0
0
0
0
0
0
0
0
0
0
0
0
0
0
0
0
0
0
0
0
0
0
0
0
0
0
0
0
0
0
0
3052
7425
10595
12595
14672
15112
14343
10346
6167
3564
1722
0
0
0
0
0
0
0
0
0
0
0
0
3857
4802
4296
4837
5789
3481
2680
2927
7464
6394
2735
1368
2153
0
0
0
0
0
0
0
0
0
15
3875
3313
1687
1351
79
-3751
-2077
-1496
-916
4150
8346
7447
4153
1815
228
0
0
0
0
0
0
0
0
1027
3712
3756
1255
-3472
-4836
-4948
-5575
-5978
-5261
-5880
5601
7268
4343
3238
2081
0
0
0
0
0
0
0
0
3488
794
887
-2221
-1582
-5294
-6112
-6986
-7414
-6947
-11239
-4179
5928
3795
5264
1837
0
0
0
0
0
0
0
3872
2518
-2177
-1966
936
-4097
1736
-557
-155
0
-10
-2212
-4727
1515
2974
3082
1515
0
0
0
0
0
0
0
2646
2233
-2057
-2152
-784
1115
521
-2
0
0
0
216
-2209
-1373
2329
241
2907
0
0
0
0
0
0
0
-4159
-3048
-3645
-1091
-2102
645
-458
0
0
30
3893
399
-2034
-654
526
315
561
0
0
0
0
0
0
0
-6561
-5991
-916
-3600
2712
-471
0
0
0
2541
3018
-1621
-1624
1593
-3437
2694
-475
0
0
0
0
0
0
0
-6063
-4704
-2114
-1095
561
0
0
0
45
3064
2247
-1597
-1842
-174
672
561
0
0
0
0
0
0
0
0
-2435
-1515
-2737
-264
-477
0
0
15
3876
1378
-430
-1689
1735
-2804
1393
-475
0
0
0
0
0
0
0
0
0
0
0
0
0
0
3857
8346
6064
857
123
504
-3617
2070
-141
0
0
0
0
0
0
0
0
0
0
0
15
48
3904
8395
6107
4929
4778
-665
-4923
-2230
3949
9022
11030
9095
6736
3923
2152
8
0
0
0
1306
5399
9346
11801
9847
5569
4330
3111
-483
-4092
-2402
9306
5694
4137
3800
4812
8287
6850
2850
1269
2151
0
0
0
-414
-693
4940
11132
15313
12269
7896
2163
909
3530
1767
-409
6765
-571
-3287
-3871
-1732
3418
4157
2468
-510
0
0
0
-989
-3066
-4550
-3071
2718
1338
-1048
-750
-5306
-2958
-2572
-3556
-1441
-3736
-4951
-4240
-6336
422
166
973
1939
0
0
0
-1224
-4704
-9494
-9795
-6420
-5062
-2354
-1390
-4078
799
-4116
-6859
-643
-2647
-3741
-5648
-8148
-6658
-129
-1302
1036
0
0
0
-822
-2946
-8443
-13527
-10834
-10455
-3125
330
-3445
-2156
-1797
-4764
-3191
-2999
-737
-486
-2441
-1525
-2738
-266
-477
0
0
0
0
0
-2397
-3916
-6608
-6907
-4944
-3471
-3174
-2000
-2738
-266
-477
0
0
0
0
0
0
0
0
0
0
0
0
0
0
0
0
0
0
0
0
0
0
0
0
0
0
0
0
0
0
0
0
0
0
0
0
0
0
0
0
0
0
0
0
0
0
0
0
0
0
0
0
0
0
0
0
0
0
