-1463
3260
12883
19955
21287
6573
-12104
-16516
-4438
-9598
-12259
-2347
13422
18247
6369
-10052
-2031
-10154
-17980
-23702
-22494
-9925
515
-3997
2065
-340
778
-4055
-9856
-12665
-9799
-7098
-7950
-8637
-12967
-16358
-11458
-13307
-14594
-12649
-14204
-19213
-18688
-17409
-11490
-7737
-11453
-19674
12081
-201
-4260
-2956
1748
7508
15001
9633
28551
29372
12434
8451
4802
3235
4324
13044
-1944
-3589
-4326
-805
8402
7108
-4499
-12611
-1232
-9565
-10125
-5410
2666
3432
2718
-3972
1787
-3877
-8293
-11141
-12518
-14186
-8140
-3954
-10059
-11539
-14817
-16034
-16154
-15825
-14923
-12398
-23363
-26039
-22609
-20056
-19909
-17991
-17857
-21965
3047
-3601
-6546
-6785
-1271
8960
9951
3167
26834
23174
12951
8644
9335
5937
1887
2575
-309
6550
6379
2131
-2497
-7075
-5565
-2130
-17732
-26163
-15884
973
1600
-4146
-6783
-4650
-15494
-7148
9261
9956
-2877
-11130
-14076
-5511
2934
9696
8255
-536
-11531
-13637
-12270
1150
8258
2081
-4040
-14476
-18102
-8297
-541
942
8358
-1664
-17237
-23371
-7276
4127
227
-8336
-14332
-30763
-33306
-11695
3288
-7981
-20295
-15542
-30237
-27093
-4377
6696
-6958
-12485
-5469
759
-2422
8438
11816
2313
-2322
3028
4412
1818
4524
6187
3053
7323
9309
6260
7166
-955
910
-5284
-311
5057
7102
8820
8028
-596
-3610
-7677
-10905
-21259
-17790
-9881
-7589
-1173
-4574
-3907
-4322
-4978
-963
-2735
-3385
2619
-7392
-4633
-4543
-3144
-4231
-4738
2953
-700
-4832
-700
-3516
-4850
-4211
4339
-1003
-5071
1609
-1314
-2465
3596
6186
813
-711
2239
7334
8648
8591
1292
-3470
-2798
2669
4917
-3788
-4024
-1714
8845
16223
7900
-403
-4473
-5875
-7942
-5511
-5350
-1089
-1118
-1360
-5090
1248
-768
-8344
-19263
-18863
-12812
-7339
-4223
-5332
-8894
-10401
-6837
-4904
-5748
-6553
-8736
-11894
-10139
-10152
-6722
-6407
-4584
-9465
-14192
1669
-3675
-6392
624
-273
3910
573
-2289
11476
6737
5493
6646
-2736
-2679
2177
7549
2114
4993
-3842
-11956
-13795
-10080
-2401
-1764
3217
3855
4423
3346
6832
3974
3261
-342
-13775
-13628
-13736
-6463
6239
7832
8942
300
-7112
-7254
-6635
-4651
-4872
-248
6359
3458
-3767
916
8332
5090
-6628
-7119
-3718
2446
2041
10056
11310
-407
-3805
498
4235
3086
1417
-479
-7717
-4971
-3914
-3890
-3954
-7442
-4707
-10372
-10121
-6439
-2993
2201
574
493
-4295
-3168
-1408
-4316
-5937
-5323
-4591
2367
-6959
-5380
-7819
-11546
-10462
-15970
-18183
-15526
-7552
-5548
460
11905
20256
10858
-508
-10371
-1393
-3352
-3538
-1704
2712
-1314
-3389
-8266
3316
1471
-7959
-7890
-6540
-9003
-6085
-3107
-571
-714
-7666
-8839
-12983
-12968
-7698
-7000
-14368
-20916
-21005
-18620
-18116
-13657
-20767
-21224
-14638
-25049
-25537
-15128
-5202
-5050
-11359
-9750
13321
17198
15606
9861
8776
10933
13496
14785
-166
-7113
-15671
-20286
-14466
-6310
3045
5695
-3459
-12029
-16366
-19679
-18016
-10897
-6906
391
-10417
-10209
-6392
-8465
-8636
-7438
-9935
-3673
-15970
-9371
-7216
-7463
-13155
-8740
-8956
-7057
-7708
-3128
-3946
-479
-814
-1320
1785
-1339
30176
30708
19714
11592
11647
18359
24461
22162
6940
7063
5563
-3646
-9454
-11882
-12969
-13687
-31823
-37465
-33489
-28255
-25000
-25718
-21420
-16871
-15200
-17114
-10611
-6381
-9222
-9545
878
5913
-19778
-16880
-11037
-9781
-16752
-19147
-2197
11365
-15694
-4983
2712
-3353
-21849
-26375
-7339
9703
-13139
-2350
3183
-6536
-17060
-15518
-7913
1048
-9373
-8066
-9426
-14488
-15778
-13509
-10728
-4391
-9060
-8421
-9356
-14323
-11717
-10592
-5670
2082
-14590
-7580
-6227
-16822
-11116
-8865
-9284
-4973
-23638
-17209
-8375
-10817
-12682
-12113
-8485
-8224
-4920
-15845
-8485
1497
1227
-1227
-1342
912
-20511
-17893
-11076
-12121
-10460
-10948
-8029
2546
-8370
5493
6766
4094
-2334
-11479
-3405
6424
-1328
6208
11574
6413
-8576
-7401
6293
2035
3731
6624
-2192
-15146
-12317
1927
3663
-378
4022
-5423
-16272
-13599
683
444
-5744
-3771
-10206
-16914
-5949
-3600
-8424
-3210
1632
3214
-19594
-12007
-7112
-10461
-8802
-5853
-7162
-4326
-4625
-7114
-7507
-10345
-10700
-7577
-4624
-4734
-3626
-7273
-5740
-10003
-12281
-10034
-2157
-1689
-15164
-10848
-5274
-8371
-10415
-12379
1044
1631
-14818
-2094
-290
-6910
-6325
-15856
-2085
-822
-9506
1061
-2310
-8332
-14529
-12601
122
-2395
-1426
4446
-2050
-10957
-14595
-6004
2639
-4044
-1972
360
-7718
-15993
-10311
-6385
-6752
-8628
-10139
-9676
-9166
-11069
-6686
-6920
-11535
-8229
-20515
-9518
4075
3909
-888
-721
-80
-289
-5409
21922
13280
-7960
-18693
-13648
-1436
-2100
20063
21363
-5516
-20040
-23396
-1680
7272
-2577
19666
-2274
-19654
-27664
-9276
22894
9799
-11943
-2553
-23924
-29476
-21085
8411
17336
-10712
-14786
-15818
-28074
-20077
5656
17502
-4657
-16558
-686
-15979
-1308
9726
12313
-3449
-13372
-2120
11456
7784
17169
4637
-7817
-6132
-3374
4137
763
-8829
-14831
-17985
-18761
-10361
-7110
-2433
2233
-8346
-622
-1546
-3902
-7325
-13183
-5960
-2807
2288
8412
12930
17007
7304
-2574
-1642
-5980
-1683
-4859
-5004
-753
-2284
4353
-445
-1869
3868
8048
2806
-2148
-1376
2268
2897
2028
5579
-973
-7434
-1151
484
-608
-2019
-3321
-18921
-18085
-12469
-8662
-17285
-14006
-14059
-7219
-16842
-12514
-11217
-10030
-3898
-3221
-4904
-4436
-3244
-16544
-19437
-6502
-3128
-2233
-1376
-1430
-12986
-24075
868
6104
472
-4736
-5501
-537
-25442
891
24421
-1294
-7015
-21930
-12744
4695
-4662
29630
4727
-13058
-14258
-25422
11063
11341
11226
9183
-14332
-10684
-23794
-9033
25725
-2550
19
-11398
-18334
-22610
-17320
18714
5268
-18992
-16994
-21772
-20175
-10500
13358
8070
-15583
-9069
-18698
-11558
6874
17738
5183
-10823
-7511
3113
-723
-4977
-156
-1140
690
555
-2841
-1889
-5370
1544
5680
-2486
-1081
-458
-3129
-2009
-4111
4730
-5620
-3464
-3066
-2461
-1260
-1234
13103
6082
571
4504
-4402
3368
2958
-2078
18858
5849
7600
729
1954
16281
1250
1748
-4604
-8914
-3842
-10151
725
-6187
-18728
-7645
-13944
-14172
-9316
-3369
-2801
-13668
-2839
1089
3034
400
1754
-964
-1801
1330
1652
-938
1080
-7238
-12162
-4689
-7956
-13653
-14691
-2823
-4799
-21446
-12470
-4675
-5442
-9064
-17301
-5207
-13789
-19999
-3267
-334
-5962
-11590
-16533
1000
-18584
-11088
4712
-1975
-8139
-21347
-14424
3443
-14019
-396
3625
-2614
-13138
-22443
-7964
634
-5600
-2044
-393
-4749
-12019
-4513
4810
-6736
1912
-10961
-8101
-10335
-8325
-2958
-4254
-13396
-10774
-16818
-15716
-12186
-5568
-8145
-11075
-9154
-2846
836
3788
8332
11796
4617
-6835
-7789
-7729
-13038
-17119
-16030
-10323
-3292
-7178
-8895
3844
4060
810
-1346
-6751
-5921
-6683
-8871
3674
-3886
-5272
-5233
-5395
-3828
-5808
-6914
-5349
-8410
-8277
-11687
-8347
-5485
-9377
-11237
-7273
-12440
-11964
-6871
-517
64
-2769
-11037
14602
3351
-2345
5641
6456
6317
7731
4256
3774
4868
1324
982
-4800
-10684
-10524
-5601
-7594
-13010
-12221
-9412
-3850
-12037
-20792
-8114
-7535
-12192
-14603
-14541
-3098
-9427
-23502
-9768
-836
-15036
-14047
-9994
5825
-130
-17223
-8417
-5441
-18103
-15914
-16290
-5505
-4213
-18891
-10015
-14820
-18812
-18321
-17942
-7610
-12900
-18419
-16271
-11801
-21043
-17283
-6402
-4780
-11757
-10632
-12213
-1761
-10679
-8479
-4866
-12711
-9831
-4632
-9265
-2141
-10973
-12346
-11756
-12700
-8144
-2811
-10474
-7647
-9114
-12880
-14653
-13848
-15809
-15038
-13652
-6644
-8304
1119
6224
4247
-3608
-11859
-13206
-11220
-9947
-2690
433
1004
-1432
-6449
-9023
1513
9659
1566
-5593
-9018
-10720
-2995
-346
11972
7346
-8633
-14732
-14436
-10078
3602
-3192
-15491
-23394
-32047
-32267
-30773
-24360
-19772
-19617
-25758
-30279
-32234
-28055
-12051
-4817
-8792
-10492
6402
2653
1091
6387
10945
10244
6239
5673
-6304
-10319
-13498
-14571
-5207
4902
-1836
-8605
-8771
-8707
-12231
-9761
-2323
6833
5358
-6947
-5159
-645
5629
6195
-750
-2407
20
-6194
2058
9269
301
-11376
-11481
-9352
-3753
-2917
2342
3704
-10033
-14675
-11798
-5623
3981
-5152
3364
-9826
-15660
-13682
-12347
-3258
6741
-5013
-2062
-6108
-13869
-10597
-1817
1650
-5481
-2996
-7683
-505
15
7021
8999
-1809
-8155
2730
4766
140
-6288
-9168
-5565
-1851
4162
1325
-1541
-1155
4710
15896
18213
11242
1701
-975
541
1542
-3036
-6267
-4336
-3471
-3874
-3038
-973
-3461
-4148
-1115
-1738
79
467
-873
-368
-2330
776
1937
-1866
-3712
514
1660
5930
10970
2452
-5691
-1162
2451
1138
2321
-6654
-5425
-1484
2521
2964
-123
-6591
-6423
-1298
910
6452
3568
-1414
1488
13025
14889
-17624
-19066
-10328
-1513
1115
1885
184
-1903
-20830
-1525
9644
13870
4718
-2904
-238
-466
5490
18319
15484
-2063
-16358
-8079
-687
6584
17329
13225
759
-20355
-24186
509
9822
5779
7751
-5433
-19626
-30043
-9525
7054
5620
-3045
-11574
-25938
-34935
-17885
2768
-1984
-9963
-8822
-24757
-21734
-7331
10415
7239
-4017
-2396
4842
-787
15810
22424
14036
5404
7244
12254
13602
-7979
-13372
-7096
-2849
5244
-7737
-15470
-11250
-2404
1651
8395
16947
23694
7759
1142
-4964
-1833
-2873
-9336
-7930
-11528
-18223
-10210
-6479
-4232
-9651
-20094
-14163
-10373
-12610
-10955
-10747
-13595
-16788
-17368
-13476
-11514
-10950
-18863
-18310
-15238
-21041
-13099
-14163
-15436
-8412
-9985
-16566
-569
-7534
-6273
-11004
-6530
-7447
-8871
-6430
15224
20179
16062
8986
5376
8288
11216
12449
-7989
-22532
-29873
-23989
-14055
-5700
-5215
-3350
-23621
-19369
1650
14830
18615
10051
-231
-3625
-15837
10010
16904
6997
-605
-7688
-5672
-53
19792
27917
16800
4107
-12296
-10511
3487
9544
19248
10846
2936
-16761
-20914
1909
11535
5514
603
-12825
-29592
-36377
-7046
9236
-3354
-9850
-25677
-39976
-36792
-8079
9017
-8816
-14213
-4735
-20761
-5932
20020
24081
11974
9469
19735
22058
-8087
-4941
8247
22358
27913
18441
6643
-447
1419
14027
15800
2581
-5646
-6529
-6624
-1038
7270
1148
-13862
-24206
-20656
-14001
-7023
-1151
885
-4887
-5088
-249
-1452
-1943
952
-2624
-8023
-8367
-9490
-12427
-6308
-1504
-2237
-5897
-16527
-15915
-16173
-5806
1301
-6454
-11203
-10012
-3979
5582
18867
17522
4361
-111
17479
18346
30129
34495
20961
9467
9177
17094
8871
695
-3137
-12891
-13313
-7249
-8549
-6546
-4318
-2497
-10873
-16560
-5683
-330
-2826
-5960
-2160
-132
-18556
-9218
5260
5319
-9126
-19471
-4925
4916
-17664
4003
2320
-186
-16591
-23157
3977
6426
-8486
-1959
-5300
-9347
-23669
-15775
6059
-1773
-2748
-8809
-12811
-17769
-20196
387
4022
-5756
-6391
-10878
-13266
-10537
-5769
4264
-7027
-5808
-14429
-10894
-8012
491
4741
-4823
-8510
1404
-16499
-17838
-9238
-8838
-16466
-6362
-3097
-5306
-24286
-7688
1374
-7715
-20665
-10332
2241
-1979
-13677
7831
4842
-11059
-27662
-14171
10177
720
2284
12581
-6950
-29389
-38277
-12623
12112
-1502
4416
-1575
-18480
-33622
-17428
4936
4278
-11857
-6610
-14806
-23838
-21374
-3771
1420
-7296
-11031
-18495
-16490
-18120
-9883
-3399
-12697
-17540
-6583
-21194
-5473
-6368
-7883
-10236
-14874
-14877
-2601
-2398
-1160
1300
1922
1697
15
1676
1037
8590
15548
16082
12534
4101
-1740
-249
707
5620
2711
-6140
-5253
-6034
-4556
734
-1815
3551
-2127
-3066
-1245
-1684
1633
-1157
-3067
-854
-2908
-1823
-1746
-881
4385
-2275
-159
-365
-1902
3891
3508
2537
-2247
-4947
3071
-3171
3127
7474
1492
-667
-4371
1314
485
11363
12543
6583
2455
6426
11700
8880
3180
-1598
-7915
-8268
-3148
5527
3382
-2574
-1455
-12060
-16408
-18559
-17294
-11130
-7005
-11276
-6331
-16959
-16547
-17219
-15429
-14079
-12424
-11780
-8854
-4590
1222
4438
5702
1429
3815
-879
-6730
13927
7789
6785
1973
-2186
5613
3811
-2575
10445
-3742
-6217
-11253
-10166
-8083
-10961
-7736
-8332
-14384
-16464
-21472
-16519
-13945
-7146
-1508
-7364
-14866
-22296
-17691
-17241
-16398
-10330
-5534
70
9412
22167
20655
10872
-9325
-18725
-11805
-3984
-5547
-7854
-5309
4341
7544
-4619
-11903
-1241
-6092
-12425
-15549
-9296
-3726
-2869
-8724
2214
-3709
-10264
-8658
-11719
-9761
-5975
-4463
-10349
-10821
-9878
-12299
-14154
-11899
-12271
-11912
-29535
-24810
-13608
-11250
-10916
-9166
-15737
-21282
11914
-238
-1919
5889
10726
14299
15305
4563
34563
22748
13441
13075
7884
1013
3474
7826
-9971
-1691
5226
8085
5629
2566
991
-3644
-7593
-2987
-851
-3845
-9915
-6614
-3075
-4355
1069
1984
-6226
-14561
-17682
-7599
1839
-188
5915
5261
-3916
-11400
-12505
-3235
-1670
-5102
-4545
-14597
-18844
-17482
-14288
-9518
-11780
-12071
-18197
-25203
-26387
-20124
-11655
-13035
-17018
-8477
-6722
-730
-2726
418
3470
2359
3198
9056
10242
13255
10810
6874
1942
2411
7048
6615
2643
8415
3523
-6149
-6200
-4468
-4086
-601
4324
2818
-4566
-10108
-2961
1722
-1902
-1784
4953
-9687
-16437
-18643
-5782
3087
-2567
-3367
-5650
-12134
-8534
1202
8986
6974
-2079
-5678
-7763
-9367
-2069
7260
3893
-4657
-6020
-1255
-4770
133
4593
5442
-5120
-8456
-3284
1223
5409
1407
-2954
-5557
-5896
-6685
-2551
-2887
4849
-2359
-11784
-11719
-7445
-4803
-491
-1196
-334
3654
-1050
3681
2747
8009
5567
-4064
-6355
-6557
-9097
-3654
-5610
12504
12080
-3138
-3914
-6903
-5430
-13731
-13089
7080
10900
259
2766
7177
6669
-3685
-8058
-7569
1480
2779
-1750
2252
-401
-5970
-6133
-6604
1606
1137
-1155
-3823
-6931
-6377
-1976
-1723
436
642
623
-3454
-8822
-4388
-167
-2978
3316
8304
-2028
623
-6329
-5306
-6443
-5680
-3590
3698
-55
3594
3304
-6254
-12731
-6912
3256
3135
-11880
-7961
-23119
-26837
-24499
-13316
834
-2555
-11106
-6886
-14235
-12060
-11923
139
7293
-7160
-2608
2878
7283
3384
-3972
7018
5408
-6373
12666
12155
7399
1467
695
5797
178
2011
9229
9217
2606
-4548
-6683
-7081
-10955
-214
-2680
-5034
-16453
-20766
-16940
-13488
-12082
-4112
-19299
-23074
-29985
-28470
-23294
-23472
-19615
-11534
-8536
-10699
-14347
-25009
-26777
-21851
-11852
1270
-7257
-1055
-4649
-13112
-9825
-9440
-10702
-3568
-2581
1985
978
-1371
1063
-3445
-5920
-8041
-853
-9284
-21278
-16131
-7446
-651
-3952
-8402
-1694
-8592
-11141
-6023
-4030
-3640
-7597
-5421
-8323
-12976
-7052
-7380
-5034
-8590
-12981
-11220
-19270
-24098
-17210
-16959
-18125
-19351
-22349
-18419
-11042
-14857
-13668
-8254
-7505
-13252
-11131
-4510
-6928
2920
6006
-3008
-4721
-2693
-3585
-4527
8633
16690
485
-12698
-13739
-10285
-3877
-3503
17943
-1937
-25280
-28604
-18981
-8118
-2807
-10010
-4982
-24040
-28078
-16364
2289
6199
-8951
-16377
-20788
-24738
-19093
-3482
6355
-7785
-21292
-14883
-17991
-12110
-3426
5325
-4239
-20830
-14780
-3921
540
10422
10636
-3678
-16300
-14599
-6114
-1329
14492
12634
-2542
-15178
-10677
-2953
-2000
-7888
-16977
-8181
3535
1406
-10976
-12468
-2419
915
-16405
1255
-567
-7543
-17292
-13017
5922
3139
-1722
4528
-6132
-12715
-32162
-12216
8617
1398
2570
-2852
-5695
-21122
-26587
-1674
4784
-5355
-4678
-10961
-16556
-21765
-5182
4748
-11139
-9510
-13623
-15918
-11115
-1375
5850
-4060
-12405
-4434
-13140
-6437
-539
-5115
-7692
-13051
-9898
-5301
-10005
-2775
-9441
-15423
-14416
-17225
-16232
-4135
729
-3696
-4406
-4879
-2907
-4826
-8876
-8646
550
-4369
-4050
-4994
-5619
-1912
-9398
-9476
-2160
-5688
-9749
-11678
-8276
297
-9437
-8018
-3968
-9538
-15785
-8260
-7015
-3474
-4637
-6572
-8056
-11934
-14885
-11484
-10977
-4657
-6833
-12712
-2590
-3106
-4646
-6671
-1750
6315
-2012
-7463
5995
-141
637
2584
5418
-4215
-5112
-3498
3752
-2461
-3298
-5355
-5684
-8421
-2802
-3116
181
3726
2604
2765
-3746
-3742
-477
4820
-210
-4959
-3235
-5905
-4997
-7493
-5463
5176
-4221
-11405
-6508
-11548
-8829
-9906
-10390
4886
-1997
1236
2363
2996
8894
2924
-2488
4718
-5173
-5917
1220
7327
-4058
-8257
588
4804
-11555
-10669
-1198
-5994
-13169
-13661
-9491
-3755
-8530
-6946
-6393
-8112
-3748
-1122
-4375
-538
5208
307
1817
2119
-492
-415
3340
-215
-12403
-14056
-11498
-725
20401
26169
9461
-6704
-12789
-17407
-25600
-33687
-16493
12246
22737
8583
-12541
-9842
-13861
-25932
-36733
-25825
-3366
7432
-12755
-10903
-10755
-6987
-15268
-18404
-15567
-6500
-20201
-15836
-13351
-11121
-14112
-9311
-9236
-10180
-2110
-9757
-7028
-8728
-9060
-4352
7025
2504
11368
1365
-10185
-11852
-12808
-15695
765
15326
-17577
-1449
-7953
-16079
-20360
-22060
-23428
-6275
273
22067
34916
28953
13118
3721
4211
3940
11687
8984
-16133
-38656
-38479
-25877
-9584
-41
175
-20098
-31575
-25718
-14862
-2253
-1721
-5572
-18680
-23589
-18156
-13604
-2330
1298
-8479
-14563
-28260
-29896
-21330
-7826
2092
-9970
-19870
-16815
-11196
-924
12967
19344
5599
-10504
-1095
12722
27477
45897
39689
11966
1936
14057
20339
11719
10675
-9391
-27381
-22338
-13008
-20374
-27921
-26510
1410
14478
5447
-2321
929
2742
6153
-191
19133
8866
-13040
-15499
-13530
-7355
4499
130
9788
-16637
-15766
-12985
-9776
-3937
-7673
-7733
-14510
-14763
-4974
-2666
11664
1909
-16323
-8472
-11882
-4251
-5159
10328
17048
-9114
-10384
-1914
963
7181
13739
19828
-9026
-12109
6277
4853
11693
21322
14897
-10258
-13871
-2166
-1939
-2799
6719
1151
-13248
-13720
-6485
-6717
-13859
-12368
-15364
-17590
-25674
-26153
-20332
-5203
3456
164
-8923
-10109
-9502
-14120
-18140
-12749
-4922
-2156
-6459
-1495
8886
1722
1620
1375
-2197
-1998
-2031
5217
-2843
-12731
-7234
-7969
-4565
-1187
4411
-378
-12329
-12767
-7523
-4717
1474
-803
2420
-7477
-13463
-8681
-8292
-2278
5801
5845
-15852
-13034
-19371
-17921
-13171
-10506
-13372
-7704
-29158
-24922
-17900
-9831
-5932
-7692
-7217
-5877
-10064
-17920
-19937
-20935
-12289
-10292
-10151
-6996
-8185
-652
8637
7401
3914
-1183
-7424
-6429
7974
20783
23155
16693
6397
-4071
-870
-716
14047
10980
-5627
-10681
-12453
-6107
2706
2721
11489
-1826
-13386
-13318
-8752
-543
2010
-3312
-10665
-24715
-26594
-18985
-6488
-9625
-11709
-12058
-24073
-27842
-22589
-5421
-6621
-13062
-13436
-5598
-4577
7060
12278
12806
8070
5389
7074
12126
444
4317
3183
-3091
-3864
-3448
-452
-3586
-1821
-694
1970
10367
16588
15555
8717
-1063
-4878
-4913
-8136
-7216
-1636
2659
5865
1497
423
2361
181
-8250
-8681
-4583
-4095
-1371
680
-2115
-4435
-3765
-967
-2023
-3338
983
-3169
-1113
-3052
-5000
-1888
-2586
-1144
1480
-6249
-7669
-9370
-5683
2574
759
-2052
-4448
1658
2499
1050
3043
1971
3385
7406
9965
-4694
-2964
-2214
-8589
-11228
-2122
-3361
-8477
-3165
4176
1168
-9706
-16863
-5467
-4484
-11263
3586
13397
-5599
-20570
-18035
-4700
-902
-15867
11857
3515
-20847
-17498
-12144
7325
9642
-18598
8495
-10330
-19464
-11298
-8755
14291
3253
-18964
4021
-11350
-12755
-6782
4443
9963
-10763
-15061
729
-2618
-4880
-367
8306
-5884
-16762
-4381
-941
2391
-2480
-1463
-8014
-14356
-8613
-1954
-6872
-4398
-4193
-4483
-5254
-6072
-5043
-7539
-5208
-7612
-4784
-6588
-5568
-5396
-4477
-5943
-5599
1999
1823
-4884
-9428
-5855
-4703
-5233
-2256
9603
-3733
-14668
-14683
-9815
-808
-5336
1143
-3268
-18635
-18576
-13355
-6328
-302
-9722
-2018
-10046
-17743
-14155
-8607
1762
-3668
-10837
-1046
-77
-3395
-7163
3992
6279
-3832
-5681
-2208
752
-72
3477
540
-7755
-7389
-2060
3615
6200
-454
-9440
-5419
-7057
1408
4923
5974
4410
-426
-2250
-1020
-5777
-2550
1931
-2227
-6549
-7347
691
699
1266
-4363
-5740
-2464
-3298
822
3934
2892
3527
-3531
-2898
-2563
-3558
4638
8235
5489
-444
-856
3527
1657
6046
5949
4839
-582
-137
3078
1324
-344
-1884
-2489
711
636
-1649
-5771
-7674
-1623
-10368
-8283
-878
213
-2106
-3324
-5318
-3340
-2522
-5980
-2837
-457
9969
6407
-4626
-2266
-2828
-3812
-5638
-9461
8617
10794
-1867
-814
-882
-1451
-7361
-13253
2809
6205
2519
676
3686
17
-3112
-7743
-3526
509
2393
2621
127
-901
-5302
-3285
-711
2711
-1090
1699
-1319
-4492
-8484
-6330
-3777
211
-200
-459
1387
-5951
-3587
-3773
-8037
-3621
4810
-4020
1758
-2995
-4418
-1604
-4901
-6716
2504
991
251
187
-4841
-5846
-7312
-187
2020
-1597
8082
10473
4511
1861
-3860
-1395
-286
698
4231
-757
-3914
-5548
-2991
-779
-3816
7805
9865
1224
-4687
-1709
4109
5205
-2388
11534
9147
2211
2499
10606
10320
10953
2220
7008
6679
-1302
3047
7847
5049
-340
-3829
-9050
-5548
-4561
2688
-129
-4112
-9816
-11628
-2020
39
4694
-367
-3472
-667
-1337
-2081
