18941
-10848
497
17480
10687
-11521
-2917
-457
9373
-3258
-2266
-21209
-22376
-18987
423
8623
-19345
17777
11075
-18957
-2207
7317
6204
-13735
3281
1460
-1373
5707
-2890
522
4690
-2868
-8435
14236
-8699
2190
7325
-10512
-7824
3704
-13590
15549
21602
6694
10303
1027
2118
709
-8509
6460
-2689
3343
12774
-11293
18831
-9296
12076
-213
2289
-5978
-32115
-13231
10887
21343
-9253
5262
21062
-12003
3736
11866
-6252
-5992
24900
-7751
-6471
17490
14428
4008
5554
8128
1434
15188
-7009
16548
-9647
19648
2098
4080
9068
36904
22499
-23011
-12569
-13923
8225
-9521
-19774
3552
-18863
-4885
17344
-733
97
4752
-5659
18099
2658
2849
-13259
19336
26734
6523
10768
-3070
10424
4579
-199
19369
5647
-3855
-8581
-1606
28619
22881
-2185
-3034
-10841
26662
-12637
2162
18362
-1717
180
-29
8733
-7047
5124
13608
992
-7810
-5852
-9468
20143
2466
4407
-1280
-5477
-1446
-2952
26887
-11006
13118
212
7446
18261
-10480
3304
-4457
6965
-13689
-14731
-11343
1001
-4919
-12796
10940
-1853
16702
14271
25288
22983
-13126
7584
14410
7176
-8238
-814
-1268
-9369
31738
-2532
-6585
-5547
-3419
-4967
2012
4146
1202
1894
9035
187
-13742
435
-8896
-2254
11309
-3961
-1604
2141
2493
-11721
9979
-4417
-1006
-3652
-16514
-3612
-513
13653
3133
15448
4066
6238
14547
16716
19963
1151
-7052
-18612
-5358
16761
-6420
8639
2684
5404
-14926
4179
-26409
18362
-14600
-4453
14540
-15963
-3355
-24445
10913
-9815
26999
-7749
-5785
8867
8405
-3868
-10036
-5650
-7300
1596
7447
14216
707
12628
-13594
-13962
2573
7014
20010
6031
5330
4886
595
-1195
-3283
16057
11698
1049
-15771
-11006
6548
-218
1995
19756
-36520
-25507
-20765
-10389
11000
2916
4148
-14321
27856
-2688
-18788
-4839
-2031
-4373
-8019
-6339
7599
-10469
10163
-7742
5979
-360
-11367
-14871
-5415
-2800
19954
-20658
-12866
3729
4298
-14834
-5458
3086
-19379
-6398
11794
-3938
-3578
4264
-7980
-19616
1059
-18854
-16920
20697
-3207
-13397
-7102
-12458
-21610
-15983
-28980
-8930
-8395
-3245
2263
20979
-7577
29427
16857
-9181
4288
-5316
-7828
6644
24320
11422
-1075
-30418
-9208
-9933
-3226
-16
-8461
-7600
-499
7597
-3004
-2907
-13809
-3062
-12833
-3605
11957
-3740
-568
-2456
-7341
-3600
-10423
-5590
36049
-8602
478
3301
-20238
37149
-15108
10455
-10496
-4623
-8182
10527
-23287
-25628
-10380
7394
-3075
4501
-7766
-5531
-3822
-4335
-3362
23581
-29307
-17089
5079
16789
-8801
-18000
11719
4633
19630
1178
-15119
-7411
-7615
-25160
2355
-3631
-20345
431
10504
5966
-26988
28577
-3842
-4093
8890
-14247
-9288
-9061
1349
-4588
-8251
-2238
-14382
-4460
377
-3070
-4610
2707
-7635
76
-8797
8226
6670
-1887
26442
21724
-2184
79
1640
-6636
7287
-3176
7746
-4542
8186
10943
-12393
-20996
3491
-14084
5586
-5417
-12129
-19528
-7478
13332
-31336
-13140
7459
5644
-23779
-2906
-29443
-12702
150
15862
-4954
4387
9625
7152
-10163
-1353
-3446
-7746
-22093
-7469
-8328
-20378
-17432
15895
35030
8568
-20031
-4789
8494
4957
-20373
-7081
51184
346
7868
-5964
-19912
3612
-11410
-1866
-11756
196
982
13037
-9113
12273
-2111
