-626
-626
-626
-626
-626
-626
-626
-626
-626
-626
-626
-626
-626
-626
-626
153
-626
-626
-626
-626
-626
-626
-626
-626
-626
-624
-46
4321
3334
4211
3683
851
-1790
-626
-626
-626
-626
-81
2150
3392
-398
-161
647
1462
-114
-626
-626
-626
-626
2810
4095
-2897
1176
-463
2623
2471
-1682
1741
-626
-626
-626
3989
2609
558
-143
-244
2619
3462
534
1227
-626
-626
-626
2061
-1785
1236
-624
1241
3277
-2415
1227
-626
-626
-626
-626
-626
-621
183
203
4335
2746
1509
312
-626
-626
-626
-430
499
1990
924
5820
3240
293
4246
4247
1289
15
-626
272
4407
4875
3714
2340
3022
3182
2075
1949
-871
735
-626
-378
99
-536
-2816
145
1596
-123
-626
103
-626
-123
-626
-626
-626
-626
-626
-626
-626
-626
-626
-626
-626
-626
-626
-136
-136
-136
-136
-136
-136
-136
-136
-136
-136
-136
-136
-136
-136
-136
-136
-136
-136
-136
-136
-136
-136
-136
-136
-136
-136
-136
348
327
2473
2112
-1564
-2642
-136
-136
-136
-136
-136
-765
541
3152
4588
6132
4711
16
-136
-136
-136
-136
-92
56
10
360
-136
-136
2543
-975
-136
-136
-136
-136
2134
2923
882
-136
-136
-438
-953
-572
-136
-136
-136
-136
770
2045
-136
-136
-142
-437
-1958
421
-136
-136
-136
-136
-136
-136
-136
-575
-3046
-22
271
-136
-136
-136
-136
27
-180
-4775
-5337
609
-2371
-2744
-1022
2969
-135
-2652
-136
466
3506
2222
2019
5633
5250
2243
637
4719
3410
380
-136
-136
893
3767
4840
3935
2053
1974
4140
-136
2053
1974
-136
-136
-136
-136
-136
-136
-136
-136
-136
-136
-136
-136
-136
482
482
482
482
482
482
482
482
482
482
482
482
482
482
482
482
482
482
482
482
482
482
482
482
482
482
482
-1676
-8414
-6150
-5901
-4821
-2763
482
482
482
482
482
-2033
1213
16571
16348
15534
5454
-971
482
482
482
482
-605
159
4927
6065
1274
3200
2886
1220
2765
482
482
482
1863
6591
5729
2821
482
-607
-702
4476
5617
482
482
482
6020
5475
5647
482
469
-2523
3858
5617
482
482
482
482
482
482
482
-601
-3500
1421
4323
3785
482
482
482
482
-883
-4564
-9603
-6485
3359
4111
-1594
-5450
-4006
-801
482
1019
2544
1092
6537
8922
9096
2593
11819
14291
11018
5212
482
1221
9995
15387
15121
9597
7077
12071
7189
2926
5235
2917
482
482
482
482
482
482
482
482
482
482
482
482
482
174
174
174
174
174
174
174
174
174
174
174
174
174
174
174
3546
4204
5216
4900
1536
893
174
174
174
174
180
5379
5278
7325
7240
11279
7605
1884
269
174
174
174
2526
5252
7858
10429
3980
4294
5649
1655
1825
174
174
174
5347
6332
7025
173
174
5086
7512
3856
808
174
174
174
4119
5054
15
174
1241
5301
6134
4361
174
174
174
174
2339
122
174
180
5340
4220
6372
14
174
174
174
174
174
195
4019
5092
5099
6226
2061
3680
1649
1072
174
1167
4577
6377
6627
12025
10322
8862
4668
9943
5663
1512
174
765
5492
9207
10010
6674
4241
6505
7096
5780
1590
1039
174
313
1813
2032
1478
-210
2492
429
174
587
329
174
174
174
174
174
174
174
174
174
174
174
174
174
174
1372
1372
1372
1372
1372
1372
1372
1372
1372
1372
1372
1372
1372
1372
1372
7449
7591
5948
5134
1372
1372
1372
1372
1372
1372
1386
6745
7452
739
-236
2613
1136
1146
1372
1372
1372
1372
5725
9001
1392
-1738
-2939
1702
1788
-1170
1372
1372
1372
1372
7523
3281
-4140
1366
1372
6234
6059
-2431
1372
1372
1372
1372
6351
-3557
-32
1372
3859
9281
101
-3865
1372
1372
1372
1372
678
-1431
1372
1386
8424
7191
-3522
-43
1372
1372
1372
1372
1372
1413
8058
8063
6166
-2390
5974
6987
1372
1372
1372
2635
7884
8188
5233
2180
-872
2362
2338
1928
925
1143
1372
2240
6240
3875
-2931
-4767
-1960
623
-701
-655
-1584
1101
1372
1372
1372
-1960
-7628
-1246
-60
-49
1372
1372
1372
1372
1372
1372
1372
1372
1372
1372
1372
1372
1372
1372
1372
1372
1372
1051
1051
1051
1051
1051
1051
1051
1051
1051
1051
1051
1051
1051
1051
1051
1051
1051
1051
1051
1051
1051
1051
1051
1051
1051
1051
1051
-1853
-1970
-2150
-2085
-2360
213
1051
1051
1051
1051
1051
-946
-2671
1977
3124
3399
-1503
-2202
1051
1051
1051
1051
-40
-3189
-1835
3646
1618
1051
-2342
-566
1051
1051
1051
1051
-703
-1147
2774
2726
1051
-54
-1793
-1110
3674
1051
1051
1051
2383
2291
3691
1051
1038
-3314
-1716
3674
1051
1051
1051
1051
1051
1051
1051
-36
-2248
-1585
-573
3076
1051
1051
1051
1051
247
-4297
-2177
-3865
-3249
-632
-429
-1472
-2574
615
1051
1377
1583
-5106
-6552
-2158
1447
-1370
462
3705
1881
1954
1051
1051
2376
2237
4459
3163
4125
4510
1916
2789
2388
2795
1051
1051
1051
1051
1051
1051
1051
1051
1051
1051
1051
1051
1051
229
229
229
229
229
229
229
229
229
229
229
229
229
229
229
4858
9640
9391
8782
3388
229
229
229
229
229
237
2362
7774
7498
6929
9639
9019
4238
229
229
229
229
2002
9290
8132
3620
-1821
-1354
6537
4383
1914
229
229
229
8861
8427
1266
223
229
3736
8477
3791
2483
229
229
229
4062
6343
278
229
1622
8785
7275
1391
229
229
229
229
1628
-272
229
237
3435
7816
4202
-1241
229
229
229
229
229
258
5547
6934
10419
5545
3526
7920
3904
229
229
947
6406
14308
16349
8266
9152
3836
3279
7742
7929
4738
229
857
2993
7351
10098
4828
2886
2608
3208
100
-183
428
229
529
1105
749
-1495
-1343
503
-1097
229
1116
229
229
229
229
229
229
229
229
229
229
229
229
229
229
229
680
680
680
680
680
680
680
680
680
680
680
680
680
680
680
1336
680
680
680
2395
884
680
680
680
680
683
1509
2053
1869
2163
4046
3100
3869
707
680
680
680
943
-1264
3830
3488
1563
1960
2639
5320
2747
680
680
680
1512
3568
2873
2804
680
680
-2185
5251
3718
680
680
680
-1736
2505
3480
680
1212
1490
5909
3887
1119
680
680
680
1640
1028
1116
683
1478
3412
4436
2743
680
680
680
680
680
683
1483
1509
3464
3098
3017
680
2746
941
680
960
684
-1457
1888
5144
5038
3607
565
2190
5515
4201
680
680
-368
694
5131
4058
1898
2745
2776
1639
3416
4216
680
680
680
-1389
2317
1186
3561
612
680
680
680
680
680
680
680
680
680
680
680
680
680
680
680
680
680
482
482
482
482
482
482
482
482
482
482
482
482
482
482
482
725
482
482
482
482
482
482
482
482
482
482
482
-364
-2277
-3769
-3460
-996
-1564
482
482
482
482
482
503
-9
6998
8441
8112
6077
-2823
482
482
482
482
705
1459
957
2101
707
2262
2359
3698
482
482
482
482
3045
2613
3249
1146
482
415
2800
720
1170
482
482
482
2326
3434
1173
482
481
392
728
2375
482
482
482
482
482
483
795
802
-1432
192
2016
1116
482
482
482
482
546
-772
-2085
-3101
-931
1248
-232
-601
-1228
-1575
482
541
431
-507
898
-35
2125
2698
3464
6260
4710
1270
482
1044
4169
5808
7686
5690
2563
3616
4680
2155
1874
3347
482
482
482
482
482
482
482
482
482
482
482
482
482
352
352
352
352
352
352
352
352
352
352
352
352
352
352
352
352
758
4102
6351
6001
2424
352
352
352
352
352
1419
10020
12686
11498
10791
9144
5178
626
352
352
352
352
7693
14797
6070
-3363
-970
2314
2182
3697
352
352
352
1611
13058
3711
348
352
352
7857
6033
352
352
352
352
7071
6706
-469
352
352
2604
11553
1700
352
352
352
352
2017
539
352
352
817
11254
10373
-476
352
352
352
352
352
352
352
4814
16266
15520
-3519
3863
6487
2946
352
524
1202
7287
14003
13878
12287
5178
7919
8446
9931
5060
352
1174
3726
8549
11116
4699
2935
6143
3089
686
451
-2586
352
352
717
2055
-2523
-1058
-260
536
352
352
352
536
352
352
352
352
352
352
352
352
352
352
352
352
352
-712
-712
-712
-712
-712
-712
-712
-712
-712
-712
-712
-712
-712
-712
-712
1412
4918
4277
3841
1081
-712
-712
-712
-712
-712
-707
2259
5199
8262
12106
11738
10088
3514
-712
-712
-712
-712
1099
3232
5046
-2341
-4197
-3873
4009
10848
442
-712
-712
-712
2542
3966
1507
-295
-712
1146
1186
5968
703
-712
-712
-712
-782
1866
-704
-712
172
2320
865
1664
-253
-712
-712
-712
-1053
-757
-253
-707
1867
3211
274
-253
-712
-712
-712
-712
-712
-698
1652
5623
5619
1236
1989
4838
1752
-712
-712
-60
4185
14498
13439
5021
3081
2877
5197
9459
10864
3152
-712
-709
-1372
4763
9740
3572
575
-295
-347
-4024
-828
2704
-712
-712
-712
-2423
-5112
1156
-1638
-1289
-712
-712
-712
-712
-712
-712
-712
-712
-712
-712
-712
-712
-712
-712
-712
-712
-712
1273
1273
1273
1273
1273
1273
1273
1273
1273
1273
1273
1273
1273
1273
1273
2387
3461
3912
3638
2757
1583
1273
1273
1273
1273
1278
2681
5184
5226
6516
6177
4228
3414
1314
1273
1273
1273
3150
4396
2950
-6082
358
2088
6234
318
3048
1273
1273
1273
4462
2584
-2012
4134
2062
2478
1664
601
1273
1273
1273
1273
4711
-3693
3668
3602
2218
4250
-23
-2079
3687
1273
1273
1273
-700
2682
3697
1278
3853
3573
-1669
3687
1273
1273
1273
1273
1273
1282
2682
5084
5055
-871
1210
3997
2948
1661
1273
1871
5426
5568
7923
5210
1371
1420
6899
5088
4294
3301
1273
1834
5684
5120
-3697
-1350
3360
8337
-4157
-2456
3239
191
1273
1273
1273
-2976
2303
4620
1366
3697
5087
3689
1273
3697
1273
1273
1273
1273
1273
1273
1273
1273
1273
1273
1273
1273
1273
-1542
-1542
-1542
-1542
-1542
-1542
-1542
-1542
-1542
-1542
-1542
-1542
-1542
-1542
-1542
210
4921
7083
6941
4698
-390
-1542
-1542
-1542
-1542
-1540
-810
6861
7333
7441
9971
11293
10040
-1390
-1542
-1542
-1542
-1287
652
5108
629
-4299
-962
3844
11615
2343
-1542
-1542
-1542
1
1744
4837
4760
-1542
-1542
1643
8937
4288
-1542
-1542
-1542
-1529
4486
4769
-1542
-1075
-241
2189
7578
-1464
-1542
-1542
-1542
-3042
420
-1466
-1540
-828
-216
5607
4312
-1542
-1542
-1542
-1542
-1542
-1532
508
1555
7703
2694
4378
4912
5045
-94
-1542
-1296
1077
11552
17401
8656
5029
6118
7618
7830
10776
7199
-1542
-1276
-603
5965
12926
9326
6201
6082
2263
-1486
-1466
3185
-1542
-1542
-1542
-5976
-1256
205
-1145
418
794
-1542
-1145
418
-1542
-1542
-1542
-1542
-1542
-1542
-1542
-1542
-1542
-1542
-1542
-1542
-1542
-1048
-1048
-1048
-1048
-1048
-1048
-1048
-1048
-1048
-1048
-1048
-1048
-1048
-1048
-1048
-331
1991
45
195
-1048
-1048
-1048
-1048
-1048
-1048
-1048
1398
3628
3036
2865
2799
2945
-2994
-1048
-1048
-1048
-1048
-1048
6343
7068
106
279
435
3427
561
-1048
-1048
-1048
-1048
1075
9418
3788
-1060
-1048
-1048
15671
1029
-1048
-1048
-1048
-1048
6776
8566
-3821
-1048
-1048
337
10129
1575
-1048
-1048
-1048
-1048
5340
4179
-1048
-1048
626
7648
7765
-3843
-1048
-1048
-1048
-1048
-1048
-1048
139
3741
3859
5619
-632
2566
-1048
-1048
-1048
-961
929
7086
2857
5609
3084
2437
960
3855
3588
-2514
-1048
-1048
2670
8212
1091
4205
-82
2003
432
3423
1235
-4337
-1048
-1048
1148
6416
1835
-3113
1853
808
-314
-1048
1853
-1048
-1048
-1048
-1048
-1048
-1048
-1048
-1048
-1048
-1048
-1048
-1048
-1048
-1048
-1602
-1602
-1602
-1602
-1602
-1602
-1602
-1602
-1602
-1602
-1602
-1602
-1602
-1602
-1602
496
3608
4643
4161
2410
-1214
-1602
-1602
-1602
-1602
-1593
869
-407
473
-1560
21
-361
3449
-1551
-1602
-1602
-1602
1095
1568
533
-2282
-2241
-473
-142
3690
-1256
-1602
-1602
-1602
1804
620
-1632
-1428
-1602
-543
-209
2069
-506
-1602
-1602
-1602
-913
-1547
-1774
-1602
39
865
81
1652
-1408
-1602
-1602
-1602
-3434
853
-1408
-1593
1462
-1599
-131
-1408
-1602
-1602
-1602
-1602
-1602
-1585
870
869
-12
-996
194
1696
2630
-1109
-1602
-766
787
2429
4816
755
-452
415
2012
858
-23
849
-1602
-1602
-2255
-3405
-3086
-1215
-1112
181
-3591
-1038
-2028
-848
-1602
-1602
-1602
-3840
-2801
-1235
-309
-1776
-1602
-1602
-309
-1602
-1602
-1602
-1602
-1602
-1602
-1602
-1602
-1602
-1602
-1602
-1602
-1602
-1602
275
275
275
275
275
275
275
275
275
275
275
275
275
275
275
275
275
275
275
275
275
275
275
275
275
275
275
-1494
1666
1539
1624
2176
3476
275
275
275
275
275
-1828
9608
7968
5903
5686
-966
3866
275
275
275
275
-1034
8360
9107
267
275
275
1515
6002
1790
275
275
275
-549
11898
5047
275
275
-967
8667
9819
275
275
275
275
3686
5524
275
275
249
-765
9632
1400
275
275
275
275
275
275
275
-1895
-3035
9925
8657
275
275
275
275
394
244
-2859
-688
2732
6559
6531
-405
2291
3910
2985
275
275
826
3290
5814
10477
6017
5018
4797
4992
2661
3283
275
275
2477
6390
4309
3036
2807
4473
665
275
2846
275
275
275
275
275
275
275
275
275
275
275
275
275
275
-350
-350
-350
-350
-350
-350
-350
-350
-350
-350
-350
-350
-350
-350
-350
178
505
-350
-350
-350
-350
-350
-350
-350
-350
-350
-177
-1767
-1881
788
1286
4508
685
-350
-350
-350
-350
-314
-1606
6165
11016
7426
6746
4239
3220
-350
-350
-350
-350
-178
1941
5552
4550
266
1312
3125
3426
4673
-350
-350
-350
3587
5201
5318
1469
-256
-175
1705
4734
3268
-350
-350
-350
3900
2368
3289
-350
-205
-528
4834
4002
-350
-350
-350
-350
-350
-347
273
262
-2076
5799
4310
2097
-350
-350
-350
-292
374
379
-4399
-1192
9289
9798
-1259
-2234
3842
1802
-350
-350
-828
1326
11087
8382
7061
6480
7443
7105
4330
3082
-350
490
3995
6213
7884
6324
4267
5707
1517
2152
2309
1543
-350
-350
-350
-350
-350
-350
-350
-350
-350
-350
-350
-350
-350
-1523
-1523
-1523
-1523
-1523
-1523
-1523
-1523
-1523
-1523
-1523
-1523
-1523
-1523
-1523
-1523
-1523
-1523
-1523
-1523
-1025
-1523
-1523
-1523
-1523
-1523
-1523
-6980
-6625
-6083
-5754
-4385
-900
-1457
-1523
-1523
-1523
-1523
-4632
3606
9281
8416
8782
-727
-3406
-1017
-1523
-1523
-1523
-4008
1440
3362
1083
-1514
991
525
-1297
-1283
-1523
-1523
-1523
705
3088
4144
-1495
-1523
-4024
1920
2578
-1494
-1523
-1523
-1523
5247
4178
-1494
-1523
-1553
-1113
3232
2040
-1523
-1523
-1523
-1523
-1523
-1523
-1523
-3998
21
2850
1868
-1523
-1523
-910
-1523
-1523
-3905
-9345
-6715
-584
2618
-998
-4651
-5030
-1574
-904
-1523
-218
4325
3935
989
4324
3323
4570
5556
11139
6469
3
-1523
-1150
8494
15919
13647
3479
2329
5060
3465
-400
2307
-352
-1523
-1523
-1523
-1523
-1523
-1523
-1523
-1523
-1523
-1523
-1523
-1523
-1523
-794
-794
-794
-794
-794
-794
-794
-794
-794
-794
-794
-794
-794
-794
-794
298
1037
-794
-794
-794
-794
-794
-794
-794
-794
-789
587
5338
1901
5376
4833
1774
-2382
-794
-794
-794
-794
877
6397
3482
-1069
-2042
230
3648
-1262
-794
-794
-794
-794
3794
7523
-2967
1640
-173
-255
3116
-2641
1687
-794
-794
-794
4732
-3790
1092
1039
128
6231
4527
-680
1661
-794
-794
-794
-1617
-2380
1678
-789
1463
6739
-4466
1661
-794
-794
-794
-794
-794
-786
587
1470
4063
-4643
1003
1944
-794
-794
-794
-327
3495
1455
-1569
1514
-591
-1388
1262
2921
2239
-1193
-794
141
5468
7188
1587
-471
3230
2148
669
625
-119
935
-794
-794
-794
-5018
-4148
-768
-956
1114
-794
1105
-794
1114
-794
-794
-794
-794
-794
-794
-794
-794
-794
-794
-794
-794
-794
-2999
-2999
-2999
-2999
-2999
-2999
-2999
-2999
-2999
-2999
-2999
-2999
-2999
-2999
-2999
4426
9596
12113
11344
3168
-1277
-2999
-2999
-2999
-2999
-2984
876
1803
2790
482
4465
5347
1154
-2771
-2999
-2999
-2999
489
757
-1744
-7835
-8574
-8260
4269
2265
-918
-2999
-2999
-2999
873
-4965
-1884
-1263
-2999
-2783
-1484
83
-92
-2999
-2999
-2999
-6047
-3915
-287
-2999
-458
894
-1406
-305
-2438
-2999
-2999
-2999
-4514
-3263
-2438
-2984
877
-752
-1264
-1606
-2999
-2999
-2999
-2999
-2999
-2951
5396
5347
3065
-2495
6023
8031
3737
-847
-2999
-1693
6347
12314
9270
112
531
6307
1138
5288
3851
-531
-2999
-2999
-6065
-281
-1661
-3749
-2200
-3642
-5646
-7239
-2577
-1060
-2999
-2999
-2999
-6915
-6124
-2669
-4796
-3265
-2999
-2999
-2999
-2999
-2999
-2999
-2999
-2999
-2999
-2999
-2999
-2999
-2999
-2999
-2999
-2999
-2999
