0.247630
0.000000
0.157305
0.045480
0.000000
0.000000
0.161514
0.000000
0.000000
0.000000
0.096104
0.000000
0.000000
0.032432
0.288752
0.069414
0.000000
0.766229
0.000000
0.043116
0.000000
0.059000
0.314875
0.030855
0.418549
0.000000
0.000000
0.000000
0.225677
0.077159
0.184762
0.149398
0.000000
0.000000
0.000000
0.137612
0.000000
0.200678
0.000000
0.108178
0.157998
0.000000
0.490607
0.058495
0.178901
0.101425
0.000000
0.000000
0.000000
0.000000
0.101995
0.114836
0.000000
0.042164
0.247559
0.139109
0.000000
0.000000
0.000000
0.000000
0.000000
0.006756
0.000000
0.467222
0.000000
0.264382
0.158734
0.000000
0.000000
0.000000
0.000000
0.000000
0.646184
0.050194
0.000000
0.138783
0.187313
0.000000
0.152128
0.000000
0.413701
0.493499
0.000000
0.414646
0.000000
0.722973
0.373423
0.000000
0.240028
0.102367
0.140299
0.078478
0.000000
0.059334
0.343680
0.127512
0.000000
0.000000
0.000000
0.362174
0.000000
0.000000
0.000000
0.000000
0.000000
0.054677
0.109788
0.229632
0.019099
0.170964
0.415779
0.000000
0.165668
0.000000
0.000000
0.173537
0.203540
0.236258
0.000000
0.020169
0.000000
0.145854
0.467455
0.000000
0.000000
0.000000
0.296367
0.000000
0.000000
0.334137
0.160075
0.000000
0.168537
0.176198
0.179419
0.000000
0.000000
0.000000
0.000000
0.141036
0.000000
0.000000
0.471438
0.018458
0.000000
0.000000
0.000000
0.000000
0.024406
0.137603
0.000000
0.000000
0.000000
0.374914
0.368946
0.000000
0.000000
0.000000
0.000000
0.103600
0.000000
0.000000
0.174386
0.317908
0.016248
0.000000
0.000000
0.000000
0.448643
0.253925
0.000000
0.242452
0.001337
0.343676
0.233470
0.268315
0.000000
0.121422
0.048025
0.202572
0.439443
0.000000
0.377917
0.000000
0.000000
0.000000
0.188871
0.000000
0.000000
0.000000
0.050071
0.000000
0.000000
0.000000
0.316839
0.000000
0.000000
0.000000
0.069813
0.082235
0.000000
0.000000
0.000000
0.344146
0.092528
0.159087
0.000000
0.000000
0.000000
0.258920
0.091580
0.116114
0.039283
0.000000
0.629110
0.421635
0.000000
0.000000
0.436102
0.038995
0.023339
0.000000
0.428161
0.083715
0.000000
0.181991
0.076242
0.107566
0.000000
0.000000
0.000000
0.086148
0.042843
0.000000
0.000000
0.064014
0.000000
0.542354
0.109429
0.075761
0.066015
0.210767
0.000000
0.061521
0.174294
0.191241
0.338571
0.000000
0.280486
0.000000
0.121646
0.127780
0.000000
0.000000
0.103949
0.000000
0.182406
0.000000
0.169724
0.393934
0.000000
0.093175
0.025929
0.281630
0.121319
0.005215
0.000000
0.401097
0.000000
0.000000
0.020204
0.000000
0.456629
0.000000
0.000000
0.000000
0.338266
0.268808
0.000000
0.649342
0.000000
0.000000
0.309992
0.000000
0.000000
0.079236
0.015043
0.154857
0.000000
0.000000
0.000000
0.208530
0.006196
0.410130
0.000000
0.132212
0.154548
0.310024
0.000000
0.000000
0.000000
0.000000
0.000000
0.602040
0.000000
0.011050
0.232167
0.011256
0.000000
0.149079
0.000000
0.000000
0.294344
0.129778
0.000000
0.057638
0.404487
0.280874
0.161926
0.000000
0.000000
0.000000
0.041744
0.308729
0.000000
0.000000
0.000000
0.000000
0.002541
0.000000
0.000000
0.000000
0.000000
0.000000
0.000000
0.266547
0.175345
0.575648
0.045372
0.078484
0.000000
0.000000
0.057321
0.006756
0.000000
0.022743
0.456543
0.000000
0.076253
0.000000
0.115229
0.000000
0.057408
0.023372
0.433436
0.318886
0.000000
0.000000
0.009872
0.000000
0.171953
0.000000
0.000000
0.003603
0.000000
0.000000
0.155849
0.000000
0.000000
0.000000
0.000000
0.000000
0.196765
0.144075
0.018233
0.000000
0.085283
0.000000
0.134341
0.000000
0.000000
0.161368
0.304028
0.000000
0.000000
0.000000
0.000000
0.000000
0.004106
0.068511
0.054051
0.308038
0.041395
0.169503
0.000000
0.198628
0.000000
0.000000
0.000000
0.000000
0.000000
0.141489
0.000000
0.026250
0.000000
0.000000
0.368242
0.361891
0.599476
0.066656
0.269163
0.215357
0.000000
0.191431
0.000000
0.206931
0.223909
0.000000
0.000000
0.000000
0.000000
0.000000
0.304880
0.153907
0.000000
0.173152
0.095622
0.000000
0.337213
0.371148
0.000000
0.515423
0.000000
0.000000
0.085519
0.248719
0.195866
0.529531
0.445822
0.000000
0.124150
0.000000
0.161680
0.000000
0.000000
0.182355
0.017792
0.000000
0.000000
0.086513
0.000000
0.000000
0.189397
0.069131
0.000000
0.443476
0.000000
0.176878
0.055325
0.293028
0.000000
0.169770
0.196409
0.000000
0.264437
0.172913
0.000000
0.058060
0.056040
0.000000
0.000000
0.178911
0.000000
0.304230
0.000000
0.000000
0.000000
0.157424
0.000000
0.000000
0.319239
0.000000
0.033544
0.000000
0.176353
0.000000
0.276364
0.000000
0.081500
0.000000
0.000000
0.121567
0.434381
0.009586
0.528999
0.000000
0.000000
0.134327
0.380832
0.000000
