0.000000
1.473112
0.000000
0.000000
0.000000
0.920465
0.000000
1.757918
0.000000
0.000000
0.000000
0.638696
0.000000
0.000000
3.284891
1.521269
1.283197
0.000000
1.666282
0.000000
0.610348
0.000000
1.298394
0.523802
0.000000
1.253642
0.000000
0.000000
0.755278
0.000000
0.000000
0.000000
1.333381
0.865611
0.777230
1.891971
0.000000
0.000000
1.084928
2.784027
0.000000
0.000000
0.000000
0.000000
0.112338
0.000000
0.000000
1.177340
0.000000
0.000000
0.000000
1.805945
0.000000
1.342207
2.302485
0.000000
0.000000
0.000000
0.749564
1.596715
0.000000
0.000000
2.326246
2.316217
3.363513
0.426021
0.000000
0.046097
0.000000
0.270315
1.362906
0.000000
0.000000
1.211124
1.133148
0.398227
1.373026
0.000000
0.000000
0.000000
0.992414
0.000000
0.162183
0.638906
1.917439
0.000000
0.480290
0.000000
1.603099
0.000000
0.164222
0.242233
0.000000
0.000000
3.915351
0.000000
0.000000
0.000000
1.158679
0.000000
0.000000
3.144188
0.000000
0.000000
6.886374
1.645228
0.000000
0.000000
1.094917
1.564581
1.512593
0.919316
0.000000
0.000000
1.163831
1.240259
1.452059
0.000000
0.471385
1.491726
2.088831
0.225574
0.000000
0.000000
0.074132
1.052250
1.538123
0.372530
1.319138
0.000000
0.000000
2.400747
0.988655
0.000000
0.000000
0.000000
0.000000
2.618273
2.569945
0.401753
0.000000
2.490276
3.192671
2.941716
0.000000
0.000000
0.000000
0.000000
0.000000
2.431725
0.614502
0.000000
0.000000
0.000000
0.000000
2.168518
3.135628
1.012276
1.699012
0.000000
4.755649
0.000000
0.278741
0.000000
1.084722
0.000000
0.000000
0.700079
1.619357
0.000000
1.439142
0.000000
0.000000
0.000000
3.156599
0.000000
0.000000
0.794849
0.000000
0.000000
3.145094
0.000000
0.000000
2.143076
0.000000
1.373595
0.917588
0.000000
0.823282
0.000000
0.000000
0.000000
0.000000
0.904528
0.000000
0.000000
0.000000
0.000000
0.000000
0.000000
0.000000
0.000000
0.081977
0.000000
0.822941
5.433856
0.535502
4.180537
0.912223
3.949162
0.000000
0.000000
0.000000
0.000000
1.855611
0.000000
0.000000
3.216116
1.105053
0.000000
1.217391
0.000000
5.640857
0.000000
0.000000
0.000000
0.000000
1.569128
0.000000
2.004157
0.000000
1.461006
1.273227
0.000000
0.000000
2.096956
0.000000
1.786073
0.000000
3.443449
1.901963
0.000000
0.000000
3.706146
1.619558
0.000000
0.282000
0.000000
0.000000
0.696521
0.000000
1.630180
2.330733
1.917590
0.863982
0.173883
1.976768
0.000000
0.000000
0.000000
2.207223
1.602800
1.204620
2.275758
0.000000
0.000000
1.477253
0.000000
0.000000
1.761607
0.000000
0.000000
0.000000
1.676849
1.466981
0.000000
0.000000
0.000000
0.000000
0.071839
0.000000
0.464619
0.000000
0.000000
0.000000
0.080831
0.000000
1.935752
0.246023
2.457753
1.954298
1.023386
0.000000
0.798002
0.666188
1.869358
0.000000
0.000000
0.000000
0.000000
0.000000
0.000000
0.000000
0.280536
0.000000
1.280886
0.000000
0.000000
0.000000
0.000000
1.615642
1.059697
0.000000
0.000000
0.000000
0.000000
3.548455
2.575486
0.000000
0.929502
0.000000
1.217888
0.000000
0.000000
0.105041
0.000000
0.488417
0.000000
0.000000
1.521790
0.780290
0.000000
0.000000
0.793050
0.000000
0.000000
0.000000
0.000000
0.589504
0.000000
2.506043
0.000000
0.000000
0.000000
3.595485
0.306797
0.000000
1.675613
0.920249
0.157001
0.514240
3.388930
0.000000
2.619769
0.000000
0.949767
1.529084
2.044348
0.000000
0.000000
0.000000
0.000000
0.190149
3.796279
0.000000
0.000000
0.000000
0.000000
0.083697
0.000000
0.000000
0.000000
0.000000
1.575760
0.033863
3.143648
0.799639
0.211292
0.000000
0.000000
2.009735
0.000000
0.000000
0.103852
0.000000
0.000000
0.021582
0.645384
0.000000
0.000000
0.000000
5.228152
0.000000
2.137504
0.423175
0.000000
0.000000
0.000000
2.597397
0.000000
0.124827
0.000000
0.000000
1.422690
1.177834
0.000000
0.000000
0.000000
0.697710
0.000000
0.000000
1.508964
2.722999
0.000000
1.800694
0.000000
0.000000
0.000000
0.513840
0.000000
0.000000
0.364544
0.000000
4.011573
0.000000
0.000000
1.045430
1.151191
0.000000
0.000000
0.516995
0.000000
0.000000
0.000000
0.000000
0.000000
0.000000
0.886341
0.000000
0.492206
0.000000
0.640416
1.887176
0.000000
2.116257
0.295513
3.577509
0.571421
0.000000
0.000000
2.406952
0.000000
0.282708
1.434577
0.000000
0.000000
3.100614
1.479392
3.696551
2.071320
4.034097
0.000000
0.000000
0.678542
1.140573
3.466914
1.660107
0.000000
2.392189
0.000000
0.069777
1.960158
0.000000
0.000000
0.000000
0.000000
2.028207
0.000000
0.000000
1.234612
0.000000
0.000000
1.600464
0.153526
0.819614
0.000000
4.245892
0.000000
0.000000
4.658480
3.031137
2.390798
2.777473
0.627230
2.717022
0.000000
0.000000
3.736833
2.624287
0.825182
