-0.06551069
-0.094281726
-0.02443503
-0.05970756
-0.045550242
-0.03605965
-0.06987232
-0.053721394
-0.008832257
-0.035473432
-0.05673227
-0.08398771
-0.044182517
-0.10594535
-0.032353856
-0.021542279
-0.033607285
-0.03920153
-0.011721325
-0.082834676
-0.050358824
-0.058868628
-0.08888768
-0.057632938
-0.13739079
-0.013644738
-0.076696694
-0.015488351
0.00453849
-0.075206876
-0.040845722
-0.023605289
-0.029264048
0.008645331
0.02904149
-0.0746583
-0.037259486
-0.07756957
0.030731542
-0.05285942
-0.15985848
-0.07156756
0.02665204
-0.010495007
-0.04786528
-0.08738544
-0.051725768
-0.038249966
-0.025356576
-0.033108495
