0.05064965
-0.08738011
-0.034058683
0.010677886
0.079329014
0.009938707
-0.099919714
0.015577033
0.012041735
-0.03734759
-0.038790457
0.08631167
-0.03934787
0.0724269
-0.0539873
-0.04231404
0.062389657
0.008890128
0.09076747
-0.017871492
-0.11166538
0.009075409
-0.037788518
0.012387277
-0.034118854
-0.1222273
0.00875688
-0.019046124
-0.059497442
0.019114003
-0.0076344227
-0.030160695
-0.03008063
0.0028241954
0.02498641
-0.039586727
-0.050243713
-0.0481764
0.0386044
-0.05278784
-0.036872894
-0.053746343
-0.050821546
0.091328025
0.051159248
0.044687815
0.038922217
-0.028803052
0.080362834
-0.010390125
-0.04455124
-0.0045095165
0.006954532
-0.04061007
-0.056995247
0.09449386
0.055077005
-0.04073445
-0.008135635
0.044699624
-0.04668683
0.013765673
0.036358003
0.07275355
0.099535994
0.021443207
-0.062367804
0.039627895
-0.005366243
0.11962526
0.043732736
-0.026254393
0.021788899
0.07850953
0.02273283
-0.11701225
0.016085181
0.029213278
0.0019914643
-0.10539481
-0.011636085
0.025100544
-0.010034179
-0.08637764
0.09864051
-0.07190922
-0.083481126
-0.048702847
0.08969923
-0.04094937
-0.07607517
-0.06536595
0.04684727
0.035969704
-0.012598503
0.04694992
0.029013464
0.07839147
0.09866588
0.020865154
-0.00067571824
-0.052397743
0.15011175
0.005903343
0.013022048
0.0459563
0.008031385
-0.023025611
-0.10813474
0.12664509
0.008838478
-0.07533005
0.046289206
-0.09609046
0.03567313
-0.088336185
0.1089055
0.028082123
0.022078894
0.054232948
-0.031919714
0.003945519
0.020564355
-0.053467646
0.022235474
-0.033412643
-0.08380517
0.12569398
0.013192326
-0.041398365
0.16002062
-0.10044594
-0.0897384
0.0648051
0.056495216
-0.02476927
-0.07210665
-0.05397236
-0.050764963
0.022475574
0.03879396
-0.023510374
-0.057155095
-0.022761997
-0.12144894
-0.035511024
0.016078752
0.04774829
0.040750694
-0.083385795
0.050371557
-0.0022114874
-0.040881813
-0.040449172
0.114825174
-0.004688234
-0.049974274
-0.10474955
0.06634988
-0.09138166
0.053178955
0.026763065
-0.05097823
0.0110386815
-0.038868263
0.014485328
0.089736044
0.03503588
0.13156259
-0.022406103
0.05601458
-0.0051753023
-0.09198296
0.027924215
0.0441606
-0.05551472
-0.03177446
-0.0076730247
-0.013295687
-0.08126874
0.043756966
0.0107787065
-0.009975188
0.06941363
0.031005502
-0.13237818
-0.044873063
-0.009269925
0.00753472
-0.024228986
0.0021268062
0.018159345
0.006921194
-0.05714339
0.062284704
-0.060483787
-0.058095638
-0.027529966
-0.049009144
-0.0028139625
0.01129338
-0.07330073
0.015012326
-0.016839782
-0.044316318
-0.028747093
-0.071948536
0.12239168
-0.006158863
0.061458565
-0.039497256
-0.045088455
-0.14820051
-0.04886346
0.008870859
-0.10141546
0.080906965
0.07635804
0.086166486
0.008481809
0.05265155
0.06686345
0.08874009
-0.04125151
0.050167337
-0.07539704
0.04109897
0.010586788
-0.02490067
0.055962175
0.0074345344
-0.06474218
-0.1177432
0.061334692
-0.0077426345
-0.093152314
-0.021695696
0.044231076
0.0147035895
0.13184658
0.035306066
-0.017803136
0.029608613
0.12641071
0.0717069
-0.08305964
-0.07565086
-0.03953529
-0.06630582
-0.10224645
-0.046841346
-0.012860219
0.024715599
0.0105478875
0.1550386
0.018104507
-0.004024716
-0.010666336
-0.054273393
0.024677807
-0.031633243
-0.07579512
0.044454385
0.11423563
0.029974798
-0.0061679757
0.05335796
-0.061368067
-0.022682643
-0.020393234
-0.09416202
0.04337203
-0.006371144
-0.070407
-0.030141637
-0.026199305
0.045893606
0.0043365285
-0.02083185
-0.08178695
0.046494946
0.058687918
0.05435359
-0.11496987
-0.049482875
-0.0765994
-0.02267715
-0.065396495
-0.04963458
0.08727384
-0.016890535
-0.079626694
0.10374353
-0.016636634
-0.0036168166
-0.08065915
-0.045535754
-0.06405078
-0.02043661
-0.06819926
0.0009177224
0.043710712
-0.023727985
-0.064194374
-0.022660458
-0.07926711
0.1364864
-0.02463394
-0.047981
-0.007815061
0.1417926
-0.090334065
-0.008200575
0.04330632
0.12452017
0.0038739862
0.037463143
-0.056150284
0.0038497266
0.03872681
0.031173728
-0.0322181
-0.030561622
0.02142955
0.0685952
0.051791675
-0.06288601
0.05412484
-0.008200527
0.07896529
0.052387457
0.019866653
0.049439088
-0.03239402
0.028391445
0.040059496
-0.039917268
-0.064625345
0.010313786
0.07121993
0.10060433
0.03171377
-0.044131372
-0.054852933
0.15024745
-0.06491995
-0.13100883
0.04910071
0.067788094
-0.06076491
-0.03285485
-0.052922834
-0.05275133
-0.09139702
-0.03833241
-0.008599781
-0.03797756
0.081198536
-0.07046789
0.02501245
-0.0003310582
-0.07570891
0.15057485
-0.027484037
-0.01097721
-0.040488668
-0.05323866
0.061957307
0.012226868
-0.055776
-0.04730262
-0.033376593
-0.08008874
0.0043191044
0.07477209
0.0014849881
-0.055998836
-0.032140613
0.068140015
0.067834996
-0.023172118
-0.11306688
0.019925652
0.02127514
-0.038296055
-0.02163755
0.065664746
-0.018584017
-0.012185424
-0.05961669
-0.03979569
0.08102065
-0.00041815828
0.01965137
0.10541641
-0.025844026
0.056418408
-0.0033220048
0.075507574
-0.09485623
0.08433129
-0.110502146
0.0022508272
0.057948906
-0.024104906
-0.061326165
0.057341643
-0.04013454
-0.029511962
-0.069321916
-0.018847873
-0.08243572
0.044215485
0.016368996
-0.039276153
-0.013619839
-0.06728474
-0.010804072
-0.041966595
0.0022212325
0.055452093
-0.023329062
0.05644435
0.04092111
-0.113146864
0.0013246415
0.0789754
-0.101768374
0.08162158
0.052394617
-0.015501267
0.0769956
-0.047252987
0.03777667
0.02178657
0.04470306
-0.04584333
0.014459631
0.00956544
0.022925701
-0.102503195
-0.029885909
-0.015772555
0.022620503
-0.011179781
-0.054368675
0.06102085
-0.1349818
0.11950383
-0.045774907
0.021178989
0.06610509
-0.016353915
-0.08342207
0.051215366
-0.06545419
-0.033202253
-0.06008698
-0.003197318
0.0065679736
-0.04991588
-0.052013636
0.035959154
0.062004182
-0.035061155
0.06104164
0.13731605
0.014305943
0.11105574
-0.09407927
-0.0022507987
0.037612572
-0.055943776
0.14625853
-0.031769827
0.080592036
-0.06598252
0.07509375
-0.032128666
0.19272304
-0.11896505
-0.12644638
0.07847553
-0.00967843
0.035241723
-0.082687184
0.10343058
-0.12051953
-0.0445494
0.03826993
0.14230858
0.03896143
-0.021592734
-0.055632867
0.0092543075
-0.012073131
-0.1569103
-0.06344333
0.052133236
0.027821342
-0.038846828
-0.0484938
-0.03981592
-0.023620054
0.040148508
-0.022985341
-0.1408395
-0.017209193
0.11519048
0.06617987
-0.060132526
-0.027635464
0.019012542
0.069311835
0.013493862
0.046582606
0.10931687
0.004406351
0.12278164
-0.060365323
-0.0024665056
-0.058810648
0.04569051
0.03957283
0.11933258
-0.052425478
0.053138215
0.042771555
-0.08647666
-0.06082463
0.027939914
-0.040290583
-0.017432258
-0.004695533
0.019347956
0.07484889
-0.07618606
0.043006875
0.040060088
-0.1626597
-0.029290512
0.06104458
-0.049851146
-0.07510361
-0.10834642
0.077620536
-0.0018292293
-0.08884536
-0.052692052
-0.011731757
-0.08674301
0.045774892
0.03863017
-0.04577482
-0.05266619
-0.014654054
-0.049795337
0.020356407
0.04483575
-0.05723359
-0.062349517
0.09058088
-0.07595001
-0.08126997
0.011629756
0.13415325
0.14020163
0.08402608
-0.042988148
-0.13847908
0.060167484
0.047898374
0.0017295089
-0.008562908
-0.008151883
0.03169916
-0.067059316
-0.039860222
0.045426145
0.0060146167
-0.05894647
0.06337582
0.025896192
0.003431185
-0.1045971
-0.03227353
-0.037393335
0.12457881
0.11106707
0.0017841887
-0.054541063
0.06937684
0.070504725
0.03379803
-0.040106017
0.11657255
0.0085883355
-0.0542374
0.069624074
-0.030500466
0.018554017
-0.044824634
-0.09517224
0.05808819
-0.17248766
-0.06885155
0.12772259
0.15740913
0.022240981
-0.06277836
-0.12984852
0.077452034
-0.093684584
-0.0037463573
-0.039535567
-0.064665936
-0.11655956
-0.025793836
-0.020755915
-0.046554342
-0.10344531
0.036259003
-0.033514958
-0.061921887
-0.034738846
0.05186538
-0.063858956
-0.08345257
-0.009859727
-0.04745112
0.089042485
-0.06321697
0.05115434
-0.024161486
-0.015017803
0.057713162
-0.0726293
0.017432632
0.047020424
0.043449793
0.052781828
0.05561797
-0.100109294
0.08260655
0.053873274
0.04506705
-0.0083239665
-0.01219437
-0.045863096
0.008846061
0.061063044
0.019721966
-0.05416688
0.0041977842
0.050060127
-0.04346275
-0.0180588
-0.048438042
-0.14806303
0.095601305
-0.14668278
0.06569338
-0.052013855
-0.010439209
0.06914605
-0.08600071
-0.034919232
-0.055372037
-0.088411555
-0.02558141
-0.032862183
-0.013018875
-0.015852878
0.11414389
0.03902923
0.07582541
0.0025221352
-0.020315994
-0.0076755867
0.045371726
0.07991977
-0.012029757
0.0043533007
-0.06604644
0.093298875
0.10509972
0.11607496
0.110475115
-0.012328886
0.04160568
-0.038035747
-0.049246207
0.0060064904
0.091557525
0.06399234
0.036947977
0.070827775
0.036661834
0.025913758
0.08762694
0.018025339
0.068122074
0.083009265
0.089796886
-0.09240944
-0.0154016325
-0.00095136696
0.042245083
0.047772426
-0.044718876
0.031210337
0.12273979
0.08934338
0.067811646
0.0076343073
0.08724577
0.04147637
-0.060815867
0.08541887
0.072532974
-0.15156199
0.04154748
0.037373833
-0.09304727
0.0023498272
-0.046327725
-0.00536166
0.07363466
-0.024766179
0.1059157
-0.05756754
-0.080579825
-0.004952426
-0.031717874
0.055230986
-0.13632724
-0.0030827047
-0.096590824
0.02390166
-0.07088043
-0.017920172
0.016896479
-0.009877085
0.01710502
-0.029438693
0.025211312
0.03183889
-0.016111802
0.0011613959
0.006166708
0.06953797
-0.05835775
-0.035962027
-0.10624056
-0.054666426
-0.06493974
0.051309202
0.088296555
0.09680383
0.028613592
0.058067024
0.010312905
0.039912496
0.1151034
-0.05917644
-0.049027536
0.045223866
-0.039821446
-0.03140263
0.069677174
0.061735712
0.12347241
0.068606846
-0.05250805
-0.019154845
-0.033643212
0.0077333576
0.07655234
-0.08340651
0.018015001
-0.053312585
-0.069947794
0.05680834
0.014742831
0.011742704
0.042076185
-0.0012549224
0.004038746
0.023631955
-0.039412044
-0.051671118
-0.029807696
0.030582318
-0.08041588
0.061783537
-0.07524696
-0.08413727
0.07239317
-0.047550205
0.08268141
-0.029473668
-0.090548694
0.023735194
-0.04654782
-0.048683118
-0.08447377
-0.06270586
0.003809143
-0.00029508345
0.0032901706
0.096109405
0.09717175
0.060763564
-0.031914495
0.032727122
-0.031444564
-0.06015414
0.09711055
-0.033084705
0.0065751197
0.0963102
0.10136775
-0.083300695
0.13871908
0.06764982
0.097129285
-0.056059398
0.074356824
-0.086024135
-0.06881216
-0.114870146
-0.036967054
0.036587656
0.09885985
0.02432853
0.03127903
0.04696658
-0.009573722
-0.104476236
0.0028737658
-0.038034596
-0.06642149
0.051551662
0.14894693
-0.030640272
0.038296487
-0.08932122
-0.09133608
-0.032708537
0.048692547
0.116526484
-0.05238051
0.080491446
0.046693467
0.06436006
-0.0043684416
0.060233653
-0.02792851
-0.05106185
0.018165197
-0.019216368
0.060494374
0.043623116
-0.093807094
0.055133585
-0.079109706
0.031788535
0.02654251
-0.087106645
0.020101508
-0.0076981205
0.09904468
0.005289955
0.055941
0.028691048
0.08763173
0.120250545
-0.045334764
0.048426908
-0.025240397
0.054457247
0.020305766
0.021459395
0.007787421
0.017669132
-0.061091375
-0.10251939
0.1003999
-0.052325007
-0.0074886074
-0.019926364
-0.044340875
-0.082834125
-0.0036347276
-0.042927645
0.0118449405
-0.01609541
0.040648185
-0.03606636
0.099837005
0.012383499
0.06711741
-0.023510484
0.09071033
-0.043271735
-0.01516129
0.0046399143
0.038399935
-0.09809957
-0.0364071
-0.012014695
0.08228462
-0.014281207
0.085437976
0.15653749
0.021633938
0.07574672
-0.024885627
-0.027093386
-0.0029201186
-0.054338355
-0.04718085
-0.086670294
0.06893052
-0.09369312
0.016431166
-0.027203731
-0.039524395
0.08472832
-0.0222028
0.059976112
-0.054376278
0.06804119
-0.039553113
0.054948766
0.00888634
0.047081243
0.019270219
-0.017299281
-0.01532267
0.06150525
0.02148416
-0.099513546
0.06626036
-0.050500166
-0.057990186
0.013870789
0.014834735
0.025741333
-0.038980983
-0.015611888
0.0023258606
-0.08114253
0.014936968
0.030864071
-0.012158432
-0.021281738
-0.03277675
0.056231752
0.016522942
-0.023991589
0.10992828
0.027996125
0.061731365
0.07835275
-0.22469987
0.031931024
-0.021826625
0.012814424
0.10454589
0.060163807
0.060195316
0.05324495
0.03799273
-0.049818184
-0.08720167
0.013104752
0.05366451
-0.046179738
0.037956983
-0.04773308
0.031575177
0.023511905
0.05603391
-0.016854836
-0.034914486
0.09687164
0.014471664
-0.013875796
0.007992004
0.03520909
0.012189757
0.026879275
0.08819222
0.01938287
0.11380643
-0.08278008
0.025193268
-0.124762245
0.030146824
-0.086855404
0.009640379
-0.009847509
-0.07186058
0.09718331
0.04770397
-0.20279805
-0.13829218
-0.039395764
-0.008128594
0.08695534
-0.06423637
0.046128035
-0.011971575
-0.0077520385
0.03817292
0.15105695
0.09034588
-0.10245588
0.04413087
0.038070716
0.010088934
0.09275948
-0.052532636
-0.06039291
0.012549237
0.06600594
0.008042453
0.022789199
0.12077994
0.0318463
0.15597606
0.02314965
-0.1010729
-0.00062069035
0.1299111
0.02043627
0.07334312
-0.18436876
-0.020941298
-0.027773662
-0.062572174
0.05588247
-0.069929115
0.015121281
-0.0855435
-0.027150858
0.017458366
0.13088702
0.007068038
0.14167494
-0.13134485
0.10501369
-0.043201033
0.11441787
0.0153206345
-0.07845422
0.04856231
0.087172866
0.1029407
0.079844706
-0.036584087
-0.08369833
-0.034398317
-0.027318655
-0.19412468
0.02294886
-0.016790837
-0.0059321346
0.062384773
0.017966524
0.050446663
-0.11796477
-0.16967121
-0.00033162054
-0.14814113
0.1317366
0.037779417
-0.072306424
0.14239074
-0.0504275
-0.08410742
-0.08928789
-0.05544091
0.13107073
-0.0368707
0.11216814
-0.05312799
0.13897279
0.03784265
0.006635464
-0.08862829
-0.050117716
-0.01301322
0.1869042
0.04257101
0.09187483
0.008545987
-0.059103195
0.007903253
0.07199858
0.04199889
-0.09145333
-0.07123452
0.09662742
0.14341758
-0.009717486
-0.09955688
0.061198406
0.088496104
0.005547616
-0.046310455
0.0069518182
-0.005821188
-0.096631914
0.026508622
-0.030023659
-0.008405737
0.08494011
-0.05156929
0.15248369
0.09554831
-0.055421125
-0.05880521
-0.046055436
0.10103773
0.13876316
0.17632475
0.033268966
-0.026558567
0.04034668
-0.11583513
0.018287519
0.07844112
-0.16162325
0.11531821
0.025618128
-0.09473015
-0.018713083
0.012039792
0.1266617
0.014534541
-0.14261162
-0.025085874
-0.15857169
-0.0069468645
-0.046649568
0.04908697
0.002567904
-0.09198734
0.07839507
0.10852179
-0.060927507
-0.03339928
-0.061793357
0.12182639
-0.020253358
0.008679805
-0.025480973
0.13273682
-0.03449282
-0.0031427967
-0.050283067
0.040080756
0.096926056
-0.035916038
0.06475872
0.019675931
0.0866674
0.124823
-0.0005563672
-0.027519437
-0.057921406
-0.09161546
0.06369817
0.022095941
0.04996653
0.086803705
-0.003641102
-0.12170823
-0.11792926
-0.0546837
-0.006545532
0.12873466
-0.09834633
0.098551266
0.07049768
-0.019218238
-0.053197965
-0.04974205
-0.07242291
0.068518415
0.032846898
0.13536711
-0.06940206
0.110817775
0.09774662
-0.020345962
0.0062164925
0.12330049
0.057434272
0.022544688
-0.107663274
-0.028000697
-0.036967687
0.17430629
-0.01988147
0.040040664
0.020346912
-0.09466231
0.03858385
0.0028021997
-0.09087149
-0.074912764
0.09125035
-0.084669515
-0.045361016
0.06788639
-0.07287073
0.035343833
-0.09372154
-0.013610941
-0.14087048
0.15102258
0.085047446
-0.02172618
-0.012617719
0.11645772
-0.05710012
0.014711967
-0.06501685
-0.030426221
-0.037463546
0.006919656
0.020765387
-0.14747143
-0.05774389
-0.06991998
0.11081819
0.016965713
0.070251316
0.06563878
-0.021798363
-0.10950896
0.0036633871
0.124318995
-0.018877618
0.047645405
0.022370387
0.08755343
0.13764201
-0.091590896
0.07472423
0.010424718
-0.026114589
0.06906544
-0.09662673
-0.071065076
-0.028839398
-0.040665876
-0.062195025
0.07623486
0.06865827
0.108281784
-0.062133778
0.032236177
0.110898726
0.0522004
0.01327196
-0.05539228
-0.018950675
-0.095170684
-0.008433221
0.0464567
0.061677538
-0.033279646
0.023934022
-0.015522802
0.08734276
-0.074713536
0.057554025
0.13140908
-0.039047353
-0.0688747
0.08057419
0.048499446
0.049227804
0.08264185
0.018579891
0.077809095
-0.10768739
0.06575915
0.035683453
-0.05244619
0.0519253
0.045532692
0.044449724
-0.1007173
0.01516678
-0.13096869
-0.009682111
-0.028578095
-0.010555719
-0.041212033
0.034020264
-0.04693492
-0.019549828
0.09122555
-0.04552586
0.019114656
0.054243397
0.08564897
0.075417526
-0.08782695
-0.011572441
-0.016492736
-0.032290544
0.12949318
0.18186124
0.06449802
0.045485627
-0.031306125
0.048526533
-0.10114826
0.16354299
-0.14148942
-0.074009925
-0.078417145
0.029297914
-0.17936195
-0.052265853
0.028682705
0.019426096
0.057211995
0.033013564
-0.06444194
0.20956227
-0.070073836
-0.07492014
-0.07404008
0.039874874
-0.06444967
-0.061074704
-0.13861625
0.020594258
0.122688636
-0.05297783
0.053561147
0.05038062
-0.06734823
0.00539089
0.0005304156
-0.056854215
0.1050769
0.086753026
0.03600606
0.11489379
-0.06922366
-0.008051983
-0.09427879
-0.045194604
0.011683674
-0.03785272
-0.0063711153
-0.026336938
0.077888094
-0.0384806
-0.11935707
-0.08282741
-0.047701403
-0.068262234
0.010217331
0.03694471
0.070540644
0.06600459
-0.040559918
-0.044919666
-0.028150672
-0.140853
0.06643294
0.014311795
-0.07410982
-0.04410247
0.026289955
0.0626007
-0.05110377
0.020201262
0.020913815
0.010821323
-0.032950893
0.08896263
0.08653306
-0.03709086
0.026551887
-0.0154816145
-0.18771805
-0.044296652
-0.021760402
-0.07853086
-0.040876273
-0.09133916
-0.13104436
0.11104679
0.010838475
-0.016107665
0.04340359
-0.0043640495
-0.17278488
-0.13639191
0.007227652
-0.0074194362
-0.007984306
0.06129186
-0.014984726
0.0928852
-0.13453774
-0.09073737
0.038265113
-0.03294648
0.011152113
-0.06488952
6.0458173e-05
-0.030636683
-0.02793501
-0.029928464
0.050352063
-0.039971158
0.027378013
0.08803383
0.09221789
-0.048323035
0.08019742
-0.11296288
0.063535884
-0.08393866
0.025932088
0.023775158
0.03913209
0.0057463045
-0.10223661
0.01842875
-0.006184427
0.00031091654
0.028503476
0.021376517
-0.05672229
0.041123077
0.106496684
-0.04894063
0.10854893
0.11610524
0.0616906
0.086422
0.0059340796
-0.050553393
0.040625114
-0.12469771
0.020499825
-0.019690843
-0.056334786
0.07335407
0.018599754
0.045481235
0.04669513
-0.04451083
0.045254312
0.14210697
-0.0270676
-0.01730125
0.033373356
-0.06919678
-0.17989922
-0.055708162
-0.07092675
-0.1055258
0.1658518
-0.058707368
-0.039270543
0.058240637
-0.019484436
-0.120159246
-0.10417814
0.021307914
0.08644469
0.07793927
-0.15214181
0.06171142
0.10583358
-0.037064407
-0.11720441
0.061898068
-0.01765697
0.09913971
-0.018302828
0.10719649
-0.039442264
-0.05468268
0.069596685
-0.042316165
0.05409721
-0.13622761
0.034653038
0.17873432
0.08156353
-0.0641257
-0.065637976
0.23633707
-0.011042032
0.014289058
0.14373916
0.034491394
-0.2020994
-0.049585123
-0.010334459
0.11286223
-0.072743036
-0.00756908
0.051787127
0.004871877
-0.081015125
-0.011779254
0.056751393
-0.0747187
-0.0045600045
-0.120289564
-0.024088576
-0.060993604
-0.012024237
0.11190216
0.100505
0.01934646
-0.09365282
-0.027629837
0.014508073
0.028067788
0.007657612
0.11207577
0.1054987
-0.03064228
0.08839154
-0.007741655
0.17253825
-0.011002541
0.057763025
0.064018354
-0.078365766
-0.07267395
0.13181871
-0.015895186
-0.032054223
0.0006635164
0.1268271
0.0709252
-0.02921892
0.20942041
0.037316702
-0.05298292
0.0093029225
0.055292208
0.07703289
-0.011173824
-0.08475534
0.09673463
0.06430316
-0.02038829
-0.025983166
-0.09737459
0.12602955
0.040728737
0.03458831
0.026098926
-0.051334877
-0.07355272
0.099334516
-0.015560544
-0.062185984
-0.013792603
-0.013074525
0.053593773
0.051052768
-0.07706565
0.13202071
-0.06014185
0.10156124
-0.093461886
0.031509887
-0.04852439
-0.0036959443
-0.11176055
-0.05786445
0.12439509
0.044466402
0.047040753
0.027775418
0.09831539
-0.113278694
-0.07386817
-0.09750049
-0.040619105
0.013918312
-0.028302845
-0.011142161
-0.1566202
-0.021577515
-0.15682808
-0.101772845
0.009435944
-0.08982466
-0.010686939
-0.00040054804
-0.009640602
0.2088905
0.01570782
0.100956626
0.11752315
0.1346821
-0.062244058
-0.05193654
-0.03492091
0.05415924
-0.06723416
-0.048658866
-0.0027155704
0.01229036
-0.06283467
0.017267132
0.0366015
-0.013805468
0.030201396
-0.08309119
-0.0486136
0.023286778
0.076030485
-0.06333988
-0.1163427
-0.05308803
0.06288103
0.11814281
0.01732267
-0.07125271
0.041386716
-0.14041686
-0.01405563
-0.066602215
0.08471937
0.013913917
0.07466262
-0.04612694
0.045248497
0.08427804
0.03847892
-0.1778074
0.0848958
-0.06015372
-0.033352196
0.01042968
-0.04828475
-0.052789144
0.13079956
0.025382599
0.080588296
0.04197919
0.063790016
0.028704762
-0.07284307
-0.12234869
-0.10879539
-0.055259634
0.013771996
0.059740163
-0.033786464
-0.03351282
-0.02957754
0.016793232
-0.012332263
-0.059202574
0.1043895
0.03589968
0.04463755
-0.028469779
-0.00944164
-0.026082028
0.13136081
-0.02712825
-0.02619377
-0.0061671734
0.067849666
-0.09990482
-0.045809954
0.108831786
-0.011330496
-0.008570711
0.03438601
0.056423347
0.047065817
-0.021288797
-0.0036187824
0.0037857895
-0.061901636
-0.12671682
-0.050467126
0.07164647
0.06626806
-0.045310706
-0.042547867
0.032712482
-0.0039197295
0.140495
0.12288728
-0.09755097
-0.05400897
0.01985929
-0.03385392
-0.03799722
0.08664898
-0.14712003
-0.10957902
-0.07553404
-0.013291168
0.053505495
0.07815687
-0.06172811
-0.06063939
0.003430267
-0.049595058
-0.027380224
0.017166186
-0.025772113
-0.03635797
-0.057741474
-0.053876497
-0.16865225
-0.016428798
0.013171888
0.019500634
0.014375121
0.038114537
0.03049528
0.032411437
-0.027413843
0.04054593
0.029419847
0.07306514
-0.15474857
0.0017763458
0.017176198
-0.07205164
-0.08407982
-0.0007254379
0.060177837
-0.06835826
0.08997564
0.050779156
0.008023928
-0.018942786
0.14186531
-0.0036583294
-0.105716966
0.08050951
-0.01704501
0.06483548
-0.075600825
-0.05103689
-0.06562572
0.022996724
-0.07342307
0.031424303
0.041504245
0.04917037
0.14255492
0.13263744
-0.065148145
0.0943328
-0.06253705
-0.015533875
0.049722403
0.06291468
0.12903182
-0.047883827
0.11717804
0.0335019
-0.09736283
0.034664772
0.09504826
0.06818439
0.03582335
0.0681239
0.18190749
-0.08922711
0.06285926
0.011971611
0.08709085
0.03967399
-0.02852965
-0.098611005
0.085233785
0.0069112107
-0.002403331
-0.1228251
0.0628683
-0.029814327
0.08770183
0.03339062
-0.0010766729
0.018317306
-0.012863675
0.02128133
0.044425555
-0.025637008
-0.0374237
-0.120820686
0.09764773
-0.030386187
-0.039349288
0.024317723
-0.10210371
0.020954737
-0.14718986
-0.045996323
-0.109619014
-0.08965173
-0.04856301
0.012321652
-0.18614545
-0.045369156
-0.05179332
0.007416658
-0.056838226
0.13679285
-0.057453714
-0.012943305
0.13594471
0.05057166
-0.15207502
-0.09906892
0.07896679
-0.056498323
-0.07688406
-0.027551737
0.018943362
-0.04569852
0.15253247
0.05776493
-0.13732705
0.024435315
-0.021667317
0.10575606
0.004810185
0.060704313
0.013625656
-0.038764022
0.017542798
-0.06677777
-0.014537956
-0.10973752
-0.049440622
-0.05902802
-0.01769147
-0.08509011
-0.10239477
0.032431997
0.010959264
0.043152384
-0.103446975
0.014097697
0.042205084
-0.007216469
0.025381917
-0.050767347
-0.03795973
-0.11525355
-0.04267443
-0.08351595
-0.017907385
0.034020774
0.09452818
-0.05830944
0.008597118
-0.12200438
-0.0074105593
-0.007374141
0.057526376
0.06326062
0.027865127
-0.008903272
0.08599936
0.07077784
0.026519848
0.016409922
-0.0033959039
0.033680428
0.10920722
-0.073199645
0.06982258
0.04565872
0.03636001
-0.00093086465
0.05326425
0.11623022
-0.065873705
-0.08688196
0.16707371
0.017266052
-0.021401478
0.011722938
-0.018306648
-0.02600155
-0.054159023
0.060466748
0.047873482
-0.055160284
-0.11179246
-0.06984046
-0.048716966
-0.06264315
-0.013150325
-0.040934544
0.06946269
-0.026344348
0.03741663
0.00016159347
-0.05879583
0.06209879
-0.09386416
0.044372458
-0.041954394
-0.09415265
-0.036778193
-0.018954488
-0.055057902
0.034749273
-0.09634903
-0.07230983
0.0030443978
0.0037068003
0.06675777
0.11318562
-0.12683648
0.0058248215
0.03647283
0.10074196
-0.018150317
0.07273215
0.051198527
-0.030511798
-0.0384566
-0.038227133
0.13857467
-0.032514814
-0.00086023414
-0.14152367
-0.013738706
0.041390374
-0.08624348
-0.06702922
0.014591998
0.19353668
-0.14873502
-0.122479305
-0.022565616
-0.039519466
-0.014170745
-0.1460952
0.0012286633
-0.011140063
0.12307687
-0.01845068
0.0036229459
-0.07654113
-0.069041476
0.1183583
0.06021768
-0.08059878
0.03998553
0.018085415
-0.077418566
0.046607215
-0.09801843
0.06139839
-0.0019952597
0.044238307
0.15866718
0.018297961
-0.020544719
-0.070397004
-0.06773629
-0.14403528
0.02619478
-0.023975369
0.029609395
0.03263043
-0.051496796
-0.018222611
0.07643983
-0.04796028
-0.11296975
0.10509769
0.117937446
0.028876966
0.0019369002
0.007209389
-0.038078763
0.013839747
-0.03441183
-0.09725809
-0.055567037
0.055081386
0.06599325
0.013420951
-0.035907283
-0.01470356
0.048389576
0.02520687
-0.05074413
-0.05213301
0.06415973
-0.05299038
-0.050402656
-0.12952225
0.037254762
0.09714633
-0.028576877
0.14764243
0.035644203
0.11811381
-0.0063849078
0.1466464
-0.034646656
-0.0226387
0.035397597
-0.024216864
0.02893394
-0.059331093
-0.0055131707
-0.036568254
-0.044152435
-0.0780111
0.020983778
-0.079095624
0.00032963353
0.045058437
-0.15265304
-0.12965606
-0.103307106
-0.07790932
0.1923107
0.084993854
0.026021648
0.046092007
0.00084416533
0.08253685
0.09794291
0.0047752387
0.019754602
-0.17818451
-0.07085489
0.027525501
0.025955133
-0.009201226
-0.013036864
-0.0066643525
0.017269753
0.038729336
0.010922139
-0.06990886
-0.04872555
0.051144928
-0.035550024
-0.117950976
-0.06147222
0.0052827736
-0.047350936
0.00647123
-0.009044739
-0.11400251
0.044198148
-0.0200789
-0.003547595
-0.02358698
-0.06732412
-0.033291075
0.08560053
0.058536667
-0.020367896
-0.040544614
-0.044534516
0.017485574
0.0468116
-0.036274645
0.006971041
-0.09433945
-0.028192298
0.010089293
0.0027521418
-0.06673694
0.0693967
-0.020172607
0.04264903
0.0010214857
0.011010714
0.04468091
0.07020258
0.053166103
0.18282221
-0.1083088
-0.06228194
0.047518756
0.04298719
0.00080347294
-0.082375996
0.046785843
-0.1057655
-0.04684353
-0.06901192
-0.10076012
-0.018467426
-0.01211649
-0.0169935
0.006614471
-0.007839925
-0.04776257
-0.057596195
-0.09095097
0.07878332
0.020341229
-0.05717296
-0.1348814
0.054582108
-0.02526448
0.06851963
-0.11708117
-0.00026212286
-0.027949816
-0.072311334
0.043640476
-0.08903076
0.084227525
0.027072378
-0.052528728
0.025398716
-0.10680807
-0.04515533
0.0010834264
-0.07656118
0.096409775
0.035086494
0.048753932
-0.08109065
0.015458928
-0.07523946
0.12247651
0.10324799
0.031603117
-0.04734764
-0.08713464
-0.1694973
0.16460717
-0.01908041
-0.008344224
-0.16884334
0.05554103
-0.066937044
0.028939493
0.006064643
-0.015487669
-0.01016318
0.0067818942
-0.07539451
-0.06254904
0.059867743
0.05658714
0.029761346
0.051835395
0.047824666
0.058944438
-0.003877546
-0.056091774
-0.05167236
-0.03451684
-0.07237862
0.09028594
0.039023638
-0.08384299
-0.040981244
0.06993154
0.16048202
0.044248138
0.03884935
-0.06601913
-0.07833775
-0.014571172
0.040764406
0.07186343
-0.044688977
0.051242255
-0.010052433
0.052303113
-0.041023653
-0.04135311
0.09717195
0.06017718
-0.039436843
0.06243666
0.03240354
-0.022649642
0.071903534
0.066264525
-0.07688232
-0.040687297
0.052257694
0.06942377
0.0026390806
0.09074167
-0.08570362
-0.003711178
-0.01228251
0.087708354
0.00023934728
-0.04771456
0.018233916
0.12593265
-0.047143422
0.0621759
0.0529041
-0.06582307
0.050324954
-0.05382019
0.06190511
0.013443705
0.095427886
0.16042233
0.1009229
0.06999656
0.05965895
0.06408384
0.047322635
-0.027476763
-0.095193736
0.047972668
-0.071347274
-0.0848935
0.031637933
-0.102322206
0.038350504
-0.030484749
-0.09388314
-0.009222671
-0.05970818
0.02805249
0.13140659
-0.049972955
-0.0674896
0.0012137345
-0.016232036
0.015457238
-0.1665434
0.02135164
0.11699658
-0.051253438
-0.059324723
-0.03414844
-0.071567915
-0.03636667
-0.030263701
0.040780913
-0.029935358
-0.13737229
0.23374403
-0.05672681
0.011128253
0.07558802
-0.068314575
-0.057229877
0.03673242
-0.0012199904
0.064370364
-0.08436726
-0.07792405
0.06959646
-0.05659078
0.012207331
0.08600563
0.021266032
-0.054892145
-0.122340746
0.0010903669
0.02969917
-0.039065704
0.21685831
-0.1186661
0.1327221
-0.034155373
-0.056118462
-0.014685806
0.010963044
-0.08367113
-0.047581095
0.041344102
0.07885024
-0.009936041
0.026699867
-0.062427297
0.0283691
0.13381313
0.08459138
0.08662321
-0.050466474
-0.055844415
0.035439514
-0.013075499
0.114888884
-0.015851237
-0.045139626
-0.08095
-0.068382025
-0.08858169
-0.09393939
-0.014283444
0.0032980626
0.039702054
0.1371924
0.05218755
0.06627366
-0.02413904
-0.07953967
0.051912908
0.06822975
0.001257572
-0.15694484
0.0034301002
-0.09612905
0.07674563
0.08247327
-0.064924166
-0.038079638
-0.04362964
0.042798534
0.0596943
0.038703777
-0.053783905
-0.09842236
-0.08866337
-0.003819063
0.042471506
0.030084165
-0.058971465
0.051346965
0.07718683
0.034505215
-0.05612582
-0.010417477
0.01800708
-0.034955088
0.051666368
-0.07011061
0.04427679
-0.08193735
0.09198529
0.025075058
0.1126355
-0.0034228065
0.07954955
-0.07101856
-0.054525938
-0.051218666
-0.09364624
0.080681555
0.07659938
-0.094265014
-0.027635124
0.056848656
0.014474681
0.014776974
-0.000136287
-0.08451433
-0.063617155
0.015798416
-0.023388572
-0.0011888132
-0.03277039
-0.117574096
0.04430865
-0.008152184
0.033931684
-0.010921226
0.032242358
0.013953092
-0.028801894
-0.051558424
0.07207171
-0.017873464
-0.051443897
0.12611279
-0.045724265
-0.11367089
-0.027142053
0.07498729
0.09241497
-0.10778433
0.10114565
-0.019081885
0.10338517
-0.032648694
0.018915521
-0.057100467
0.0050792005
-0.07718259
0.08262537
-0.0042389664
0.0058399145
0.035719108
0.052191425
0.00012304122
0.102822505
-0.07962606
0.07919149
0.021526948
-0.04876939
0.07490976
-0.010772446
0.010891304
0.06370787
-0.07800237
0.02697686
0.1232123
0.05321671
-0.04535406
0.030388946
-0.08026009
-0.08395977
-0.03931541
0.06496087
-0.016695362
-0.09347729
-0.035074882
-0.099876106
-0.07741236
0.03537559
-0.017465184
0.04980139
-0.05715886
0.035202976
0.09472692
0.0050218464
0.13556246
0.12167338
-0.0073738713
-0.028962752
-0.049269967
0.0636402
-0.0022596025
0.027853014
-0.044221308
-0.03321908
0.038599018
0.008883216
-0.05685511
0.0049870014
0.061530568
0.13249825
0.18887302
0.09944913
0.128153
-0.014923065
-0.080590285
-0.19992545
0.0045598983
0.025882626
0.14155537
-0.04024227
-0.0059723225
-0.06297683
0.04627174
-0.16203478
0.016514674
-0.017193593
-0.0646602
-0.13478063
-0.010326158
-0.11044893
0.0821269
0.04460992
-0.036680304
0.053352926
0.036279768
-0.054328255
0.031778034
0.09603316
0.019466013
-0.014790645
-0.01754442
0.051660214
-0.007293485
0.017661527
-0.12179397
0.049410023
0.13161398
-0.06442442
0.03869025
-0.051536035
0.08359472
0.014144833
0.103737354
0.11800372
-0.11540968
-0.02062105
-0.09397559
0.0105049135
-0.13069235
-0.02964325
-0.012164789
0.0750755
-0.008894716
0.010129127
0.17487018
-0.027745888
-0.03289923
0.050634712
0.019738048
0.06405529
0.14146455
0.15576121
-0.059939723
-0.004657212
0.0037162283
0.005386434
0.09155021
-0.0414618
-0.10869933
-0.023478085
-0.076536246
-0.014352687
-0.036320586
-0.09918615
0.030072946
0.020235041
0.08585
-0.13317272
0.12441908
0.070996456
0.07397586
0.14281376
0.07988881
0.031314213
0.0056060976
-0.034248773
-0.079993084
-0.035730343
-0.07420076
-0.03359601
-0.09610783
0.02360631
-0.09729967
-0.0147762075
0.015959796
0.0049233134
-0.021195496
-0.024754556
0.1485702
0.061405458
-7.9075486e-05
-0.015757501
0.047067355
-0.10085247
-0.0035202277
0.15639444
-0.07816787
0.11226358
-0.021752462
0.1049884
-0.06191525
0.09958053
0.14818728
0.17101568
-0.03637691
0.20281783
-0.02796987
-0.010337943
0.0280948
-0.076260194
0.039227623
-0.10030225
-0.014363316
0.040580213
0.019742135
0.15491395
0.033788834
-0.10672397
0.011891063
-0.1367775
-0.0077054612
0.09046555
0.03195925
-0.08772277
0.029951235
-0.14020804
-0.027581912
0.073849574
0.08369335
-0.041597895
-0.08575576
-0.006876541
-0.050381474
-0.008582443
-0.020364892
-0.008246156
0.017592212
0.058956265
0.0053541143
0.057089258
0.108738944
-0.13715878
0.13321634
0.013468977
0.04326853
0.039000362
0.07974044
-0.050997585
0.0409358
-0.13052541
-0.010211058
0.10211202
0.08175148
0.007037
0.020902678
-0.02968409
-0.124402
-0.0639937
-0.060973328
-0.004568228
-0.01925157
0.021896081
-0.072410375
0.016468566
0.06495454
-0.1180756
0.0010877101
0.10837358
0.0362086
0.013805713
0.06280474
0.06279212
0.023835266
-0.0033174797
0.15651327
0.06862013
-0.046401665
0.06175475
-0.050275344
0.06450535
-0.059047196
-0.07170063
0.043427225
0.019701729
-0.034416314
-0.0709769
0.09356475
-0.017810397
-0.002155642
-0.077741
-0.069045074
-0.009379168
-0.07094556
-0.028195672
-0.02873822
0.10223636
-0.018437251
0.17451474
-0.062151644
-0.13990633
-0.0296177
0.06920661
0.08274312
-0.101837315
-0.06687846
-0.021135898
-0.064429194
0.05540588
0.044899054
0.052304056
-0.023437226
-0.044728473
0.050986815
-0.031720903
0.04164028
-0.08642688
-0.15393957
0.064802945
-0.0049962164
0.13219884
0.08422861
0.044428203
0.031546354
0.022778258
-0.053678535
-0.062446315
-0.05771502
0.063712366
0.016823575
-0.060334925
-0.015617559
0.098147206
-0.040142283
0.021148529
-0.03952064
-0.14611046
0.07755679
-0.011492321
0.038116798
0.048119564
-0.00068433007
-0.22287486
0.12589912
0.23478654
0.07546244
0.01642123
0.03433938
-0.019608894
-0.058383737
0.03937302
0.028007971
0.048926413
-0.06403974
-0.028731149
0.004582078
-0.008385669
-0.00053090655
-0.07733575
-0.038361903
-0.019767085
0.07238325
0.05800985
-0.12057503
-0.043329082
0.02940417
0.07521933
0.000945111
0.06316946
-0.066945575
-0.1814492
-0.0059772898
-0.103450365
-0.017339557
-0.07886669
-0.042989172
-0.023989033
0.071331285
0.023770118
0.08113144
0.041661654
-0.036592964
-0.0314392
-0.009774719
0.11013403
-0.13190901
0.017267436
0.02740563
0.034338433
0.0021767493
0.02396847
-0.06302022
0.042983502
0.1288989
-0.08319014
0.050800405
0.048223116
-0.05364125
0.082886495
-0.050320394
0.04471826
-0.08332598
-0.046147168
0.04890624
-0.009829547
-0.012062258
-0.059261817
-0.06155996
-0.032532826
0.05391075
0.05835251
0.01192051
-0.094233885
0.038418747
0.072877176
-0.030204598
0.0313883
0.007908516
-0.08533397
0.011386452
0.0043848073
-0.08863647
0.033250984
0.027724423
-0.017412992
0.14893804
-0.03836563
0.1070175
0.08293663
0.08820886
0.00729192
-0.011787622
0.09964057
-0.014599632
-0.05238542
-0.0352048
-0.052863788
-0.16629204
0.07528451
0.058652222
0.0743823
-0.11014343
-0.046398066
0.039286632
0.023442945
-0.051102053
0.081986435
0.0046261656
0.024371624
-0.09313117
-0.013058136
-0.013029093
-0.037004
0.014633738
0.038620703
-0.025256386
0.046404187
0.09460353
0.17185196
-0.06735625
0.12412446
0.051087916
-0.09967419
-0.030497167
-0.013090473
-0.046753537
0.039125245
0.08362771
0.028938703
-0.0949653
-0.021380292
-0.058753107
0.029551761
0.03571449
-0.06588699
-0.11224533
0.05538735
-0.0111114895
-0.0961334
-0.07109359
-0.040466975
0.0013057179
-0.19786203
0.0935572
-0.01374356
0.04138443
0.040134925
0.05976806
-0.04895706
0.074556455
0.100370936
-0.0075700087
0.035220966
-0.015821736
0.036727954
-0.046608273
0.058063567
0.004047375
-0.070878
0.1329902
0.038880758
0.012460447
-0.037088886
0.056896385
0.09579459
0.13771287
-0.1174904
0.009342006
-0.06812645
-0.025727056
0.043568995
0.09616783
-0.059194215
-0.04569814
-0.086110145
0.057246532
-0.0057787225
0.0034691128
0.07139153
0.053331934
-0.016975202
-0.04948793
-0.15155898
0.103623345
0.08936794
0.10201099
0.10538615
-0.014096401
-0.092240736
0.08136891
0.00020541238
0.0019083282
0.058758367
0.041045226
-0.02772977
0.034634013
0.11834389
0.12910633
-0.12207037
0.062125973
0.046265744
0.08008142
-0.06625585
-0.073547326
0.008908517
-0.063268565
0.10893615
-0.042791605
0.02225356
-0.033217102
-0.0897454
0.018281585
0.023681752
0.07770105
-0.123957165
0.135605
-0.036153812
-0.0076912697
0.04595338
-0.012249517
-0.0027968828
-0.12905902
-0.16096029
0.101323925
0.024739971
0.066715576
0.10083527
-0.03399651
-0.040065352
0.053380627
0.10300316
-0.034613445
0.10524984
-0.056569785
-0.03030306
-0.015344275
-0.015608811
-0.052792344
-0.007900118
0.016506152
-0.015267427
-0.015636036
0.011546221
-0.19555174
0.009524623
0.043605898
0.11813209
-0.0110252835
0.02656458
0.0012027891
-0.0359704
-0.14714399
-0.030125916
-0.08637265
0.047010027
0.057881836
0.061603893
-0.1934946
0.0069454736
-0.06964702
0.05712415
0.14561567
-0.009275742
0.026224758
0.017808517
0.016360166
0.08424
0.035163004
0.1043701
-0.016013453
0.10938837
-0.015313477
0.06974861
-0.07592028
0.021057213
0.024842124
0.2034836
0.028474318
0.11865758
-0.04187913
-0.087944426
-0.03689943
-0.05159429
0.02093578
-0.02135584
-0.03708593
-0.0903651
0.022079831
-0.13040432
0.0021136906
0.05683907
0.05388141
-0.07981169
-0.08446394
0.012965768
-0.070150025
-0.06699727
-0.13730946
-0.021689903
-0.11858836
0.0017054311
0.0415177
-0.0034559455
-0.036189307
-0.061549377
-0.041417927
0.015323253
-0.034433827
0.05932494
-0.020800311
0.030742183
-0.100107364
0.046584364
-0.008199448
-0.02794351
-0.0910239
-0.007927848
-0.110125616
0.030182706
-0.049388587
0.0057575013
0.040301617
-0.03632097
0.10311838
0.09420054
-0.029886242
0.085259646
-0.016176732
-0.06676757
0.015515232
-0.05327088
-0.04136464
0.032648444
0.0963078
0.08829757
0.03553568
-0.09163575
0.07072313
-0.056320526
-0.09850853
0.03225764
-0.053571127
-0.07992477
-0.050418496
-0.028422117
0.0052236794
-0.07080629
0.024124451
0.04351499
-0.04408028
0.005356988
0.05338686
-0.018146228
-0.0678761
0.13376005
0.10140719
0.0026265131
0.17201203
-0.10199157
0.0654594
0.02072949
-0.03190102
0.006995506
0.20840219
-0.004812991
-0.028837256
0.059826087
0.015645051
-0.022405474
-0.046587
0.0066722035
-0.04128514
-0.095729925
-0.018748695
0.052535404
-0.025944592
0.042833757
-0.018361976
0.025964214
-0.08079877
0.14918278
0.00025401756
0.005776426
0.030409921
-0.027006099
0.106537685
-0.046353832
0.0024755534
-0.035929345
-0.005706701
0.05207611
0.10525874
-0.09482147
0.032606635
0.08876355
-0.026318178
0.098684005
0.10221287
0.0078364285
0.032092415
0.07679422
0.1627445
0.031579956
0.013944414
-0.01439181
-0.0151976375
-0.12506327
-0.0594418
0.124862894
-0.053304993
0.035841357
-0.03251904
-0.005108038
0.1384761
0.08596252
0.052479234
-0.058569126
-0.09759338
0.019728601
0.05770844
-0.022853294
0.09461345
0.061084013
-0.034839846
-0.04153529
0.078537725
-0.052292548
-0.024780894
0.016366191
0.11800901
-0.008413439
-0.04936869
0.09758047
0.122873105
0.007150869
-0.12391292
0.03291464
-0.06616018
0.020135466
-0.0662188
0.08917219
-0.023659838
-0.05091089
-0.07483483
-0.022042232
0.051366005
-0.03449624
0.022149168
0.04518851
0.060037304
-0.11432677
-0.05499133
0.03197986
0.06716976
-0.0271422
-0.094416425
-0.013278378
0.021443374
0.04093417
0.11456877
0.044390485
0.14810057
-0.014107791
0.009923785
0.010553722
0.09201347
-0.03281016
0.01537767
-0.03309263
0.010540684
0.07376568
0.048277266
-0.05054085
-0.067430474
-0.17158417
-0.05579352
-0.06310131
-0.03430785
-0.08030674
0.0576256
0.028154546
-0.05061984
-0.08015598
-0.05184209
0.02314139
-0.053262673
0.06486116
0.020457545
0.02625912
0.03425461
9.148127e-05
-0.015974324
-0.018442065
-0.013653739
-0.11449056
0.018467298
0.019021388
-0.078943275
-0.07814669
-0.0061589945
0.028088434
-0.048733395
-0.11841148
-0.022721136
-0.028082754
-0.09182824
0.10391816
-0.01859721
-0.061716653
-0.04270777
-0.021982722
-0.16010001
0.004493393
0.12588948
0.085886516
0.0384886
-0.05829114
0.10998553
0.054652937
0.07059678
0.04842283
0.0047731483
0.06928593
0.105341345
0.03361805
0.02135114
-0.026443057
0.034868125
0.07630078
-0.013129434
-0.08159503
-0.07178939
0.021429641
0.022414632
-0.03308347
-0.018281795
0.012455942
-0.041459374
0.014222092
-0.07852952
-0.07406665
0.05333828
-0.020148389
-0.14504932
-0.098815024
0.03983227
0.091892876
-0.028987944
0.041159574
-0.08819652
0.07018795
0.017597675
-0.023891538
0.032818343
0.05650575
0.04113775
0.024713678
-0.13060659
-0.09452347
0.032267414
0.010715819
-0.001321619
-0.07130061
-0.00023622115
0.029636722
-0.024362767
0.021283055
-0.054359216
0.01154733
0.0028031913
0.054051504
-0.0517465
-0.020050999
0.016176883
0.08928299
-0.07993369
-0.024420135
0.01803528
-0.016269367
0.0660876
0.056850575
-0.04030848
-0.085049376
0.008185317
0.049403578
-0.07751918
-0.08408581
0.04395454
-0.030642549
-0.06424831
-0.11114194
0.031011997
-0.050000448
0.06981579
-0.032635972
0.06438954
-0.026450843
0.039565988
0.027072532
-0.03894844
-0.0032005715
-0.10699079
-0.04246788
-0.062528186
-0.00808961
-0.09028554
-0.066552326
0.12717251
-0.07815523
0.0049815048
-0.07654553
0.09107509
0.013598636
-0.06134468
-0.0421248
-0.08371538
-0.035494752
0.009213228
0.013474762
0.040890973
0.07449132
0.11906513
-0.09175003
-0.030873569
0.07042888
0.064176336
-0.050181586
0.07148815
0.1536923
-0.059049603
0.13231061
-0.120404184
-0.101389274
-0.02974432
0.03323141
-0.023362368
-0.052572597
0.0049743215
-0.06757857
-0.046993848
0.071916275
0.12653637
-0.08294773
-0.011702221
-0.11809301
-0.042548284
0.06613231
0.060822736
0.081403196
0.017237782
-0.010499525
0.023497244
0.0026992098
-0.0015852363
0.20284091
0.042053375
0.01215312
-0.020955648
-0.053213745
0.08888364
0.04222795
-0.098590896
0.0010477959
-0.08771737
0.019156413
0.08349407
0.018784102
-0.016447715
-0.013396942
0.05754392
0.036549576
0.026587294
-0.12738009
-0.050334185
-0.066849284
-0.0148479305
-0.036170203
0.108564846
-0.062116988
-0.050496314
-0.05006084
0.009271667
-0.09476437
-0.058497448
-0.05346265
0.019625824
0.06579985
-0.048832994
-0.07720162
0.09387871
-0.080454566
-0.06769131
-0.11407155
-0.08588288
0.0031683105
0.13093054
-0.10879643
-0.06223879
-0.035597395
0.0883197
-0.12201064
-0.012356636
-0.0027501297
-0.0063162507
-0.040761
0.03243376
-0.053623207
-0.120527275
-0.040147725
0.095411286
-0.039564576
-0.056188945
-0.02879934
-0.009491728
0.08746781
-0.12966785
-0.040549174
-0.014923797
0.01913439
-0.05697169
-0.018222446
0.019440325
0.12728955
0.011662252
0.00087721576
0.018980687
-0.073922485
-0.017801555
0.0036176615
-0.090519644
-0.053757947
-0.02470639
0.013860551
0.091615245
-0.007757081
-0.07596941
-0.029581347
0.0061847344
-0.060371075
-0.0077363765
0.0071479357
-0.05079631
0.030804353
-0.015047366
-0.054698747
-0.07889805
-0.104768254
0.046802804
-0.08777908
0.06623806
0.042512223
-0.09765632
0.0031811185
-0.022759954
-0.10702347
-0.0050070863
-0.0012896066
-0.107245155
-0.05097516
0.0107102245
0.014292435
-0.006681067
-0.030048322
-0.06860533
-0.07273638
0.011862371
-0.041144308
0.017137885
0.15990251
-0.0040803524
-0.025757385
-0.089606434
-0.08726056
0.04057222
-0.012819231
-0.06724778
0.13822481
-0.1299911
-0.070642464
-0.0726493
0.073487364
0.04120668
0.0013051194
0.059795428
-0.02296294
-0.061839454
0.05969293
0.035331763
-0.04796893
0.10830467
-0.0874803
0.12052651
-0.1006731
0.011872937
0.048297517
0.0867003
-0.012452831
0.09114094
-0.03103854
-0.035546105
0.07274266
-0.030341279
-0.024575753
0.10167256
0.13685665
0.02210612
0.05719808
-0.02153194
0.058455616
-0.089555934
0.027204212
-0.021349102
-0.102938555
-0.052347492
0.024102077
0.11350483
0.01080893
-0.036354396
-0.03478216
0.0069289235
-0.046607576
0.0089048585
0.052877065
-0.05485437
-0.01985087
0.06886012
-0.004171202
-0.042653404
-0.031374298
-0.053828124
-0.101349235
-0.006385569
-0.07666572
-0.032856096
-0.05060976
0.02939981
-0.039849978
0.064418055
-0.07813954
0.058930904
-0.020839341
-0.15476675
-0.029273493
0.033540253
0.004568863
-0.017662644
0.05993601
-0.07750213
-0.02126271
-0.09646709
-0.13337174
0.09111015
0.07789373
-0.1049416
0.01652545
-0.14829989
0.081793115
-0.1463938
0.0047247643
0.09023388
-0.08311007
-0.030452458
0.05281739
0.0002739549
-0.056885272
0.022290379
0.037625235
0.028884457
0.0009859067
0.080758266
0.060257684
0.06675096
0.060650766
-0.008443139
-0.07398382
0.054201122
0.11062108
-0.059269875
0.03537175
0.0379326
-0.052215867
-0.024961434
-0.038516328
-0.033983596
0.009807592
0.009216472
0.13785602
-0.058838554
-0.082329854
-0.04367223
-0.07153151
0.0019887523
0.010133501
-0.051064957
-0.052264057
0.05004821
-0.098250955
-0.014784997
0.15742393
-0.0023617605
-0.07910869
-0.08538936
0.12140282
0.023704248
-0.015210322
0.0049017174
0.03775106
-0.0019708213
-0.05298829
-0.04703699
0.05762993
0.091584116
0.044526648
0.04001559
-0.027813891
-0.011206004
-0.03928433
0.0346665
-0.13599555
0.07097619
-0.020372558
0.017030224
-0.023132548
0.16588336
-0.021145994
0.11975313
-0.012058352
-0.12501426
0.016095435
-0.022726815
0.096548796
0.075812764
0.07087995
-0.07654422
-0.0030715456
-0.109389044
0.028481336
-0.037525073
0.04564727
-0.059138734
-0.06494696
-0.08545313
-0.0044218046
-0.013141953
0.020376613
0.0636034
0.024665026
0.09007459
0.06787968
-0.054094113
0.11870607
-0.039198086
-0.04627634
0.15291257
0.102929346
0.0124431
-0.064279385
-0.13513884
-0.09948816
-0.17053252
0.114444986
0.016663527
-0.03852687
-0.084495045
-0.09345926
-0.08761809
0.16867602
0.0016725344
0.08436207
0.022572167
0.16722463
-0.10259295
0.04253136
0.052548524
0.07116483
-0.01214679
-0.08515884
0.08710907
0.03662844
0.013693909
-0.022703735
-0.044997897
-0.007997886
-0.036158662
0.055178434
-0.014711554
-0.020194268
0.06439156
-0.03585026
0.035873715
-0.103993945
-0.07273845
0.09377134
0.010376153
0.046815336
0.019873813
0.049715646
-0.11862466
-0.09754751
-0.05531118
-0.012532729
0.0819364
0.08077263
-0.118718795
-0.029063297
0.09423239
0.005472468
0.12702608
0.050522745
0.017030416
-0.058323734
0.008176995
0.08289284
0.014709956
-0.12459644
-0.050334007
0.021065032
0.0088210665
0.029815463
-0.08995015
0.0060651344
0.124215394
-0.11429942
0.064749
0.014817366
-0.06307858
0.03783981
-0.007861909
-0.05967597
0.06573721
-0.029484611
0.019275177
0.035104178
0.046396647
0.06050414
0.049033836
-0.009623988
0.07674736
0.079044856
0.024947187
-0.11795848
-0.026751079
0.072433606
-0.03971721
-0.10980647
0.04484028
-0.09087422
-0.03454755
-0.083716415
0.023375655
0.07536862
0.028264465
0.063523166
-0.13391411
-0.07747319
-0.033685908
0.2183733
0.06502751
0.0024436628
0.032009605
-0.042887982
-0.045966964
0.13090453
-0.07493609
0.0719354
0.01477771
0.05284012
0.036168378
-0.0017456139
0.087084465
-0.041875117
-0.02693349
0.13860656
-0.018051025
-0.022116166
0.12910931
0.048155714
-0.09078404
0.1764358
-0.11425866
-0.1751224
-0.0003270023
0.019491183
-0.005746964
-0.02963749
-0.0655196
0.0440219
-0.0587563
-0.00945038
-0.08608046
0.07344173
0.018379804
-0.028030984
-0.08869256
0.19651689
-0.10026332
0.10872405
0.110937804
0.037000783
-0.116180554
-0.024453517
-0.039673153
-0.11896493
0.0025326267
-0.027123222
-0.013594966
0.10661247
-0.00590029
0.049707346
0.033945225
0.050545886
-0.075968705
-0.046796855
-0.02724358
0.09294476
-0.0710302
-0.027778104
-0.05789207
0.09692225
-0.061842304
0.03564412
0.021159
-0.044264033
-0.023869088
0.06572826
0.0763253
0.009097512
-0.022519272
-0.115591995
-0.009963233
0.06488032
-0.020874724
0.08327622
0.012477486
0.043397527
-0.06816597
-0.089665204
0.12386282
-0.07154271
-0.010096177
0.063352466
-0.04958849
0.13535011
0.017759917
0.037923638
-0.11061687
-0.021614037
0.002514398
0.036769956
0.013615126
0.12090847
0.011721789
0.060986433
0.05823276
-0.15652068
0.02173896
0.11778597
0.085768275
-0.011087416
0.007372207
-0.008105871
0.14266667
-0.03501291
0.07323957
-0.029579002
-0.105588965
0.06586361
-0.042324886
0.07943031
-0.016990272
-0.0039398572
0.11338082
0.13013414
0.07488666
0.065892
-0.03418646
-0.11712332
-0.08705613
0.04062764
0.10544355
-0.08805678
0.06906221
0.062812164
0.021819888
-0.008896493
-0.039570536
-0.018667735
0.14005247
0.09397936
-0.11446745
0.10137868
0.117463745
0.0023038904
-0.08048664
0.059310466
-0.062662795
-0.039781928
0.006156846
0.09160681
-0.11297011
-0.09336729
-0.0059987786
0.06801001
-0.0345636
0.002836582
0.109596446
0.0375858
0.005423077
0.119168885
0.036109585
0.14248602
-0.060212415
0.094474226
0.017614128
-0.08276565
0.075811565
-0.04716209
-0.012949803
-0.05445308
0.03358275
-0.019607026
0.09063639
-0.06418703
-0.023330266
-0.07568123
0.059907008
-0.012068212
0.0053219036
0.021438533
0.026912097
0.007783305
0.07579271
-0.030832892
-0.13033527
-0.05202588
-0.006685385
-0.032672327
0.011436467
0.062473856
0.10192632
-0.05593064
0.061934993
-0.0077089923
-0.14525494
0.026712319
0.010963122
0.07052436
0.013192881
0.13778104
-0.068660125
0.0049961205
-0.01529241
-0.04372249
0.0532348
-0.045425113
0.040814873
-0.06603021
-0.054781936
-0.0763666
-0.14319609
0.010750727
-0.06228901
0.017380837
0.03819948
0.13270926
0.062392186
0.0826677
-0.038529456
-0.089082584
0.0414216
-0.006708393
0.15677783
-0.09288723
-0.031409808
-0.050336402
0.07078364
-0.0113908015
0.11540834
-0.110547036
0.041817732
0.12692425
0.042817667
0.08114431
-0.06392293
0.01895193
0.119969696
0.036897987
-0.12660149
0.08972537
-0.1051322
-0.07871157
0.02628904
0.10938731
-0.110785216
-0.06628255
0.09968823
0.09906149
-0.03082668
-0.05631213
0.10270094
-0.09855518
-0.076612785
0.01787117
0.012707312
-0.11489632
-0.10166679
-0.11301243
0.011062865
-0.058338694
0.045978237
-0.07434044
0.041344777
-0.0057108332
-0.047621615
-0.10909475
-0.13276152
0.22847421
-0.058277305
0.024387488
0.095389456
0.007942649
-0.025745776
0.0066513736
-0.04720469
0.07036687
0.032489553
-0.14724463
0.022121238
0.095391355
0.050302323
-0.011046597
0.101212434
0.06467331
-0.0034574638
0.05983081
0.014535241
-0.058106884
-0.06851593
0.07621248
-0.1478521
0.00029158333
0.088508226
0.10635657
-0.08091455
0.008123658
0.06219632
-0.06723728
-0.039954506
-0.010429055
-0.091700904
-0.0043467334
0.084667645
0.084445514
0.010475752
0.019815445
-0.023605246
-0.15338299
-0.081039876
-0.1762223
0.08276259
0.042607393
-0.06814938
0.0027546855
-0.05815464
0.056214172
0.07255548
0.05447157
-0.09368032
0.0015818945
-0.04056678
0.12669785
-0.036435217
0.032669287
-0.05794631
-0.009670772
0.0027387803
-0.026663497
-0.0470024
-0.03440315
-0.105541445
0.18738596
0.07957443
-0.055339236
0.007653826
-0.0631109
-0.020549078
-0.011918257
-0.115203604
0.029965451
-0.08110478
0.0019092221
0.021617694
0.06528164
0.050106782
-0.11447998
0.20181896
0.11702846
-0.02874767
-0.03938667
0.016451772
-0.008871577
-0.113064475
-0.09422575
0.05526412
0.007722714
-0.08073941
0.011338386
0.0043040416
-0.008724144
-0.03492961
0.08286556
0.0737462
-0.01357053
-0.079107024
0.06300015
0.06302882
-0.023545641
0.045188222
0.10011041
-0.034753174
0.07443392
-0.073408805
0.009608396
0.009670455
-0.056434646
0.1335444
-0.08881871
0.11596826
-0.16397071
-0.034274966
-0.09947526
-0.049710665
0.003586136
-0.097645506
-0.020120459
0.097947694
0.08618709
-0.035556566
-0.03804814
-0.03477122
0.09148639
-0.11051802
0.10474532
0.006194195
-0.03937702
0.1208846
0.12013647
-0.10150284
0.11352553
0.05297182
0.04476072
-0.010559637
-0.0286467
-0.029291203
-0.052415885
0.009550542
0.10301799
0.05214063
0.117100656
-0.008132313
0.035164565
-0.091645256
-0.044481974
0.020558396
0.114676006
-0.15437306
-0.06523197
-0.0683144
-0.079170264
-0.047351677
0.031638805
0.036538772
0.031153562
-0.08850322
0.08618571
-0.11177411
0.04950715
-0.009132108
0.036868032
0.0074972245
-0.09917936
-0.07328858
-0.0040654377
0.05144325
-0.06284695
-0.10425663
-0.043813545
-0.09505505
0.036059376
-0.035008155
-0.0052182428
-0.12347877
0.005604196
0.021974841
-0.052983746
0.080749184
-0.18431036
0.07201996
0.05992819
0.056739938
-0.09083811
0.05632497
-0.013417351
0.010028041
-0.20165017
-0.11441048
0.099282645
-0.12644891
0.08017293
-0.078911446
-0.0032992722
0.04509729
-0.13735346
-0.066109225
0.005646227
0.101312175
0.009203953
-0.003326618
0.08530819
0.1504174
-0.16325745
-0.17545144
0.16476062
0.029948417
-0.0019849488
0.05497159
0.07451397
0.03158084
-0.011795462
-0.068404034
0.25242308
-0.050117295
0.0060047293
0.06401257
0.027552359
0.018224156
0.03158962
-0.11977068
-0.07117173
0.06913409
-0.040187094
0.0141287595
0.025476307
-0.03371978
0.053673755
-0.09685361
0.0653929
0.033454593
-0.022346703
0.07665727
0.06138732
-0.08788407
-0.041631572
-0.060364474
-0.13272901
-0.0030997053
-0.052894082
-0.041143138
-0.17275967
-0.04625291
-0.098765835
-0.09169994
-0.12683249
0.025061583
0.06580149
0.012606011
0.10396006
0.016815923
-0.07592555
-0.045953974
0.07608917
-0.09078251
0.009528175
-0.052564338
0.034078527
-0.03775962
0.048227824
-0.09920482
-0.063871905
-0.067366846
0.110527396
-0.060278215
-0.08205381
-0.10409183
0.010135114
-0.09979286
0.10701155
-0.040303905
-0.1438308
0.013944443
-0.103990056
0.008582492
0.09836265
0.056908138
0.03201702
0.005246426
0.044748213
-0.047774162
-0.15583044
0.09775767
0.06711237
-0.049187873
0.074203275
-0.03230727
-0.007429646
-0.07722145
-0.023906015
0.06129823
-0.08781947
-0.060319033
0.04693588
-0.022482844
-0.05192775
-0.10319913
0.08602149
0.050559964
-0.010471349
-0.02094481
-0.07823868
0.015225688
-0.074328884
0.023656687
0.12887119
-0.0051429854
0.1105205
0.01683409
0.078435056
-0.0032182655
0.0244125
0.14549401
-0.10087666
0.12531944
0.1305382
-0.03827414
0.030050613
0.029097818
0.11375152
0.017705297
0.07227028
0.044374265
0.052301604
-0.050052524
0.031415313
-0.04951282
-0.078942664
0.02360632
0.05714854
-0.107465126
0.10312364
0.07361195
0.033552174
-0.07195261
-0.026339913
-0.09377814
0.022486407
-0.06402965
-0.059895355
0.013944932
0.07070849
0.15379755
-0.04595362
0.07703245
-0.06569535
-0.09269077
-0.12521467
-0.14287893
-0.09638931
-0.16669175
-0.0024235845
0.16040806
-0.13052592
0.057979237
-0.24351116
0.0096274065
-0.020542076
-0.020299952
0.06783239
-0.034182977
-0.037609562
-0.064871974
0.124959834
0.006560577
-0.014012236
-0.08553932
-0.004519829
0.015879428
0.10694433
-0.051804613
-0.10357321
-0.073706046
-0.06748447
0.08174618
-0.05094165
-0.052108746
0.0023805331
-0.006111331
-0.08077028
0.09299263
-0.06530328
0.10539573
-0.008238388
0.018023327
-0.07568359
0.052337363
-0.03932135
-0.042843044
0.013513926
0.10602555
0.02894819
-0.029074024
-0.0009818721
0.0806741
-0.08513899
-0.016860452
-0.0085164
0.0077668685
-0.01492199
-0.037668783
0.08225897
0.13664015
0.020179333
0.029758645
0.105296545
0.051488336
0.1405733
-0.0023251364
-0.045292985
-0.09695466
0.13220188
-0.022549208
-0.023292124
0.058028463
0.0350373
-0.07527115
-0.031039314
-0.012184781
0.15260965
0.10442773
-0.012794082
-0.040163912
-0.063478954
-0.012492497
-0.035832122
0.09877818
0.0950671
0.035945978
-0.09628711
-0.064997435
-0.10827497
-0.028125072
-0.051593404
0.09445745
0.013967737
0.13158849
0.07196488
-0.041367617
0.104093365
-0.06707384
-0.018467043
0.035303712
0.08073342
-0.05777098
0.054379687
0.0094640795
-0.04567513
0.0522053
0.047998123
-0.020772582
0.068157375
-0.014113436
-0.036970712
0.096352406
0.13979569
-0.10990073
0.0071892925
-0.042955447
-0.005273989
-0.0014335543
-0.082015745
0.082029305
-0.03577696
-0.064604566
0.0073283617
0.11098838
-0.012515299
-0.04616304
0.051923048
-0.016864387
-0.065147035
0.09005189
-0.01497334
-0.19912647
-0.008713044
0.082139075
-0.018361839
-0.08895389
0.011142549
0.24587364
0.06745666
0.06504667
-0.1322556
-0.035592377
0.113336414
-0.051924773
-0.0056829895
-0.040139172
-0.06688293
0.019480512
-0.1933591
0.15967332
0.016920421
0.08827136
0.026070224
0.04683186
0.054933004
0.11351487
-0.13239473
-0.03850523
-0.048979845
-0.08805237
-0.045369558
0.062464975
-0.06557794
0.016479133
0.09769769
-0.06610082
0.017841412
0.055696785
-0.08047797
0.011000727
0.08948232
0.00047533892
-0.034522973
-0.021130033
0.008570299
0.07020204
0.042498715
-0.06272968
0.109014645
-0.005504781
-0.036670446
0.09171436
-0.020533742
-0.05209535
-0.0141251935
-0.040814828
0.08966318
0.008809133
0.046830185
-0.07638904
0.08403044
-0.12139675
-0.09830011
-0.014375377
-0.07073681
0.0011383173
-0.08820083
0.048372768
0.017999532
-0.09561337
-0.101388894
0.013607552
-0.0037586568
-0.17063883
0.025735747
-0.0028095755
-0.10274643
0.042218525
-0.040949907
2.4754805e-05
-0.1639651
0.100553446
-0.16550817
0.10668558
-0.017813133
-0.09311924
-0.08258034
-0.0016123055
0.12291055
-0.09307923
-0.14120658
0.005009225
-0.028696053
0.017368527
0.016743032
-0.281882
0.009901045
0.049005575
-0.009324232
-0.007638596
-0.028065817
-0.056139134
0.14867593
0.15914197
0.10220334
0.1082846
0.07133356
-0.09927429
-0.08515673
-0.085502654
-0.045962296
-0.12487306
-0.03157386
-0.07334629
-0.047586795
-0.045732602
0.026390886
-0.033300556
0.00021226246
0.03338069
-0.0388534
-0.027514063
0.05163485
-0.026135322
-0.115719885
0.06684584
-0.055443875
0.1323888
-0.13255861
0.041250203
0.15143329
-0.16268641
0.12758027
-0.07961721
0.044186972
-0.10210107
0.1021402
0.08952243
-0.09598221
-0.08240229
-0.047060024
-0.038442455
-0.02603555
0.17784998
0.099522196
0.041982077
-0.067107335
0.010879043
0.004794281
0.16994612
-0.09300066
-0.09371284
-0.029820437
0.00654122
0.0358209
-0.12859868
0.037434302
-0.09156162
-0.079229705
0.016518231
-0.04124885
0.13154966
0.058505613
0.032498132
-0.08618876
-0.031878095
0.068038404
0.051300336
-0.0941856
-0.03625391
-0.07094951
-0.0040107984
0.06678037
-0.020469014
0.01679017
-0.06093757
0.02835649
-0.05419851
0.036271967
0.02850272
-0.12095318
0.06989327
-0.0076207295
-0.038930196
0.040865697
0.018070579
0.0058426457
-0.0661434
-0.107001476
-0.003721743
-0.039980136
0.09457214
0.044768326
0.022229787
-0.08415747
-0.010332544
-0.041850418
-0.13245013
0.016352063
0.07336375
-0.15941295
-0.0385326
-0.08727443
0.023774318
-0.07688569
0.013131213
-0.021741772
0.16391446
-0.03224757
-0.089434996
0.08950272
-0.14655863
0.11623989
0.039731197
0.057663463
-0.09981866
0.044351473
0.06396595
-0.02778611
0.03173941
-0.07411655
0.1099126
0.12028252
0.06629687
-0.122231446
-0.011602408
-0.07260498
-0.024108764
-0.14215724
-0.06982208
-0.00473451
0.097614765
0.10047357
-0.04854473
-0.07196468
-0.0352763
0.11811479
-0.018457891
0.08504582
-0.1358753
-0.042248398
-0.04618927
-0.10806977
0.009942213
0.08810684
0.06042057
-0.0019615246
0.028543094
-0.06998526
-0.028834002
0.06052803
-0.058946192
0.06051708
-0.008243437
0.05184628
-0.016828572
-0.03645793
0.07765364
0.057857644
0.02445356
-0.13070622
0.04253754
0.029569553
0.065878
0.0094131725
0.07254892
-0.10191861
0.021179425
-0.037070584
-0.047123402
0.008462767
-0.08244246
0.15624936
-0.058674503
0.074907124
0.04092278
-0.058242396
0.07233275
0.05229666
-0.03337382
-0.01159956
0.061472874
0.028646074
-0.033337835
-0.047643118
0.07778901
0.034331445
-0.061631948
-0.19979694
-0.15942518
0.043767743
0.09588036
-0.014326133
-0.100659765
-0.063932665
-0.013250381
0.061326083
0.028830573
-0.025969533
0.104526155
0.13093817
0.026104579
0.051872656
-0.057624027
-0.12252029
-0.036019452
-0.023384959
-0.042194832
0.0750245
0.106175296
-0.032461707
-0.042127702
0.008651107
0.05363546
0.14836895
-0.08165983
0.15869041
0.07892234
-0.029652836
-0.0014312451
0.010466085
-0.1597474
-0.006856077
-0.023684815
-0.009257598
-0.010074481
0.03231427
-0.06589341
-0.072644785
-0.10997308
0.0929481
0.059619877
-0.046790097
-0.04087624
-0.057510555
0.053419527
0.05041666
-0.18272068
-0.013736904
0.07199065
0.00075931003
0.08206804
-0.0862891
-0.058787603
0.04894718
0.051747512
-0.107752286
0.12692033
-0.10996063
-0.0025112864
-0.029842563
-0.122430936
0.0060216067
-0.012852732
0.11533381
0.053487252
0.020630889
-0.031308707
-0.016559135
-0.039268665
-0.059421968
-0.012541714
-0.09777285
0.01091945
-0.06527474
0.17726722
-0.031804845
-0.022290487
0.066459626
-0.09892731
0.030540751
-0.12635435
0.053752
0.11915517
0.016868815
-0.0034868207
0.07225309
0.022942247
0.066752985
0.027011547
-0.003898454
-0.052931055
0.16007122
0.015920568
-0.0459897
0.014041008
0.15818839
-0.074174605
-0.07627265
-0.0795609
-0.044826802
-0.1614181
0.06001127
0.13099271
-0.021165917
0.10241644
0.072717816
-0.08804186
0.04348789
0.030534795
-0.046465762
-0.0013414134
0.04085784
0.008950696
-0.05761385
0.044218127
0.10099586
-0.068850875
0.15180227
-0.004360716
0.1342187
0.03978336
0.10553583
0.0007273757
0.12862316
-0.06348847
-0.03938866
0.0534539
-0.0061158286
-0.05776392
-0.023230558
-0.026879188
-0.06037574
0.018630516
-0.007312826
0.02817361
0.014062923
0.02098494
0.12851116
-0.2396955
0.009008766
0.06390766
0.054308236
0.008898789
-0.06577977
0.023003342
0.07478207
-0.091142125
0.078056924
-0.04981587
-0.055174224
-0.1423658
-0.024732096
-0.022780659
0.0026955311
0.087455034
0.030732619
0.09660218
-0.06748529
0.0120452605
-0.088923
0.14015406
-0.052871075
0.081075944
0.16434282
-0.060036205
0.054748625
-0.03368852
0.13402757
-0.021341158
-0.067261815
0.021701377
-0.046474822
0.019413147
0.05082403
-0.023911534
0.14047118
0.09701811
9.207019e-05
-0.010423566
0.018391252
-0.08678644
-0.08231076
-0.017617738
-0.053543266
-0.020382326
-0.19519976
-0.0066299215
-0.050983716
0.06424587
-0.10524241
0.0062228465
-0.015144348
0.019587578
-0.09257126
-0.07222689
-0.091229595
-0.045237724
-0.0023106416
0.109857954
0.0049342737
0.014789001
-0.032306727
-0.18931511
0.067025565
-0.024213798
-0.07526096
0.0469688
0.005851481
0.044183426
0.110760756
