-0.293371
0.784448
-0.246627
0.167446
-0.042482
-0.369094
-0.130893
-0.149750
-0.445609
-0.467801
0.250741
-0.204655
-0.369282
-0.161784
-0.126308
-0.239960
-0.424574
-0.294324
-0.188289
-0.143192
0.032632
-0.312834
-0.311172
-0.041747
-0.378445
-0.368636
-0.458659
-0.078049
-0.485446
0.199493
-0.180709
-0.106076
-0.008989
0.160282
0.530622
0.194036
0.070243
0.032235
0.269653
-0.640952
-0.369775
-0.119447
-0.261658
-0.175268
-0.484127
-0.215465
-0.300258
0.130656
-0.490425
-0.204749
-0.446302
-0.053275
-0.380828
-0.488849
-0.186101
-0.580139
-0.655682
-0.518022
-0.519480
-0.175039
-0.426100
-0.304563
-0.202158
-0.385299
-0.371056
-0.361600
-0.011009
-0.174879
-0.062208
0.198634
-0.000556
0.182930
-0.491518
-0.099338
-0.591865
-0.307514
-0.169427
-0.235217
-0.098880
-0.238453
-0.030134
-0.069436
-0.158751
-0.120011
-0.099262
-0.704458
-0.286664
-0.220005
-0.248690
-0.311152
-0.068694
-0.398892
-0.189523
-0.368392
-0.042646
-0.039155
-0.514749
-0.252881
-0.072891
-0.423582
-0.308962
-0.576917
-0.118683
-0.018948
-0.984337
-0.744432
-0.772157
0.162058
0.546913
0.529768
0.171278
-0.192498
0.264080
0.183344
0.254166
0.388065
0.314761
0.630780
-0.406180
0.193232
-0.102040
-0.176379
-0.095827
-0.010024
-0.198025
0.087780
-0.057217
-0.399452
-0.329606
-0.356223
0.012256
-0.244150
-0.076922
-0.553988
-0.462850
-0.566679
-0.256057
-0.302415
-0.409282
0.393767
0.547487
0.064146
0.019256
0.105384
0.008293
-0.020767
-0.002813
0.232839
0.185039
-0.013202
0.337040
0.292785
0.794505
-0.059353
0.351933
0.152648
0.039322
0.486117
0.527110
0.086045
-0.317897
-0.145646
-0.287503
-0.127542
-0.112383
-0.130278
-0.164741
-0.036630
-0.260095
0.280096
-0.364134
0.074020
0.088224
0.062127
-0.252856
-0.323199
0.231087
-0.036732
-0.356989
0.034931
-0.195378
-0.160465
-0.362680
0.044989
-0.312311
-0.255413
-0.313696
0.370940
-0.370035
-0.479322
0.087869
-0.595494
-0.044944
0.082855
0.042491
0.356248
-0.106400
0.008294
0.063672
0.043068
0.037077
0.052370
-0.263310
0.069995
0.252234
-0.098049
0.221978
0.155160
-0.045852
-0.541611
0.160522
-0.070557
0.078276
0.073116
-0.069446
-0.023345
-0.036472
-0.216856
0.077740
0.181466
0.003723
-0.047008
0.071500
0.055795
-0.110523
-0.366753
-0.041838
-0.309641
-0.259631
-0.213882
-0.060564
-0.083028
0.042190
0.010998
-0.583751
-0.398534
-0.221034
-0.286736
-0.393288
-0.292940
-0.393153
-0.397104
0.135495
0.224103
-0.436565
0.396751
0.174518
-0.154662
-0.256074
-0.453414
-0.402366
0.123860
0.342091
0.307536
-0.016753
-0.168440
-0.082263
-0.476163
0.028945
0.163057
-0.252863
-0.044424
0.325970
-0.108427
-0.043077
-0.085465
-0.007349
-0.227189
0.096065
-0.903180
-0.683083
-0.476635
-0.716404
-0.335894
-0.383301
-0.469658
-0.437262
-0.493885
-0.403730
-0.319274
-0.373527
0.585971
0.538784
0.391769
-0.050381
0.703556
-0.472209
-0.085478
0.322241
-0.004723
0.422413
-0.405278
0.122917
-0.458681
-0.538016
-0.908721
-0.455356
-0.819327
-0.622622
-0.744107
-0.081927
0.173522
0.280947
0.149513
0.084391
0.157915
0.198540
-0.084748
0.086574
0.156338
0.115636
-0.214163
-0.079422
-0.229068
0.222864
0.143628
0.473207
0.258371
-0.277210
-0.502592
-0.448154
-0.197097
-0.200143
0.286319
0.055610
-0.154042
0.226733
0.400015
0.508536
0.396316
0.041460
-0.037307
-0.085046
0.153620
-0.036959
-0.352044
-0.838999
-0.631899
0.678662
-0.380188
-0.072475
-0.209516
-0.386980
-0.937392
-0.443010
0.143069
-0.465899
-0.612131
-0.598093
-0.835145
-0.576852
-0.171757
-0.096605
-0.150082
-0.469129
-0.568733
-0.429133
-0.404528
-0.560819
-0.537199
-0.226474
-0.325039
-0.371517
-0.573205
-0.617137
-0.725322
-0.518811
-0.511823
-0.671820
-0.669050
-0.394707
-0.540526
-0.839017
-0.665079
-0.202537
-0.505328
-0.253703
-0.292230
-0.980934
-0.540730
-0.414487
-0.902460
-0.987685
-0.886889
-0.681984
-0.366612
-0.849550
-0.435680
-0.729144
-0.274609
-0.253325
-0.313533
0.500722
0.656457
-0.502387
-0.304795
-0.085984
0.031850
0.162074
0.091585
0.321684
-0.035004
0.452477
-0.245201
-0.067777
0.096150
0.115142
-0.423440
0.128944
0.148101
-0.016083
-0.141262
0.185523
-0.179521
-0.033414
-0.166437
0.074549
0.058217
0.556165
0.028769
-0.108591
0.443771
0.538199
-0.077149
-0.704750
-0.365365
0.094992
-0.205699
0.010852
0.662671
0.443673
0.364355
-0.126346
0.220925
0.480791
-0.401508
0.002101
0.194926
-0.192438
0.512558
0.202756
0.277926
0.130744
-0.002684
0.061888
-0.168758
0.147515
-0.368770
0.102147
0.143170
-0.155054
0.165710
0.211797
0.076154
-0.358051
0.478673
-0.083133
0.311176
0.107061
0.061696
0.101801
0.262685
0.219773
-0.077364
0.684205
-0.209253
-0.699893
-0.552200
-0.043911
0.265107
0.080747
0.233066
0.058832
0.256120
0.198291
-0.584438
0.038789
-0.243247
0.177024
0.412464
-0.551787
-0.257376
-0.331629
0.148445
0.218819
-0.010108
0.222586
0.134815
0.164281
-0.167321
0.500394
-0.396600
-0.030965
0.236146
0.610677
0.046039
0.037856
0.401192
-0.078340
0.165783
-0.446851
0.238868
0.901168
0.239799
0.132870
0.203061
0.452384
0.224691
0.750515
0.023148
-0.281745
-0.580660
0.325677
-0.163280
0.275819
-0.547151
0.519122
0.234322
0.358817
-0.016701
0.037259
-0.260541
0.262406
0.153130
0.136346
-0.346288
0.252069
0.441591
-0.188722
0.130347
0.274158
0.030189
0.278194
0.627283
0.231231
0.052677
-0.290492
-0.274032
0.260936
0.806003
-0.256955
0.659986
0.442883
0.975836
0.320657
0.015980
0.004771
-0.265957
-0.221956
0.211129
0.103691
0.382598
0.028819
0.188777
-0.301120
-0.318936
0.076276
-0.268378
-0.045633
0.524264
0.547394
-0.317937
0.164720
0.254987
0.197860
-0.269195
0.221889
0.166911
-0.402191
-0.108635
0.094526
-0.576044
0.426636
0.042247
0.741185
-0.381201
-0.089500
0.479086
0.289053
0.302267
0.087118
0.089730
0.215402
0.521176
0.464816
0.064654
-0.247028
0.038450
-0.053969
0.021364
0.208135
0.346587
0.481926
0.485000
0.199745
-0.048927
0.085557
-0.095028
-0.124624
0.672071
0.214085
0.132217
0.084723
0.114013
0.569349
0.174668
0.715801
0.507148
0.411140
-0.189366
0.332601
0.244642
0.027160
0.074108
0.281190
0.049711
-0.100625
-0.009783
-0.176292
0.259887
0.434590
-0.051118
0.406613
0.292055
0.005342
0.297650
0.459737
-0.362917
-0.050306
0.037278
0.415839
0.071049
0.295208
0.197181
-0.298492
0.035471
-0.080409
0.077821
0.237487
0.373232
0.408795
0.471002
0.501246
0.490645
0.472763
-0.175192
0.370693
-0.348952
-0.186476
-0.066374
0.231534
0.010104
-0.165722
-0.001584
-0.307819
0.035883
-0.448642
-0.188473
0.211728
0.295842
-0.095469
0.079883
-0.065736
0.180472
0.456533
-0.179586
0.341592
0.180199
0.147069
-0.373559
-0.071998
-0.454751
0.325426
0.553998
-0.000203
-0.350354
0.531898
0.515884
0.217284
0.296463
0.231500
0.565569
0.313608
0.396609
0.564007
-0.398567
0.226474
-0.042988
-0.112174
0.170967
0.361824
-0.017942
0.418363
-0.099614
0.212839
0.074348
0.175011
0.194292
0.328160
0.469438
0.122358
0.089427
0.081293
0.178220
-0.237433
-0.158329
0.127648
-0.542875
0.468841
-0.196202
0.000345
0.425471
0.141247
-0.186627
0.147965
0.363638
-0.343359
-0.253122
0.085834
0.289841
0.363302
0.517642
0.711105
0.669371
0.081421
0.123415
0.126089
0.004855
0.372995
0.327470
0.415626
-0.022698
-0.090311
-0.166528
-0.473099
0.393743
0.538206
0.253961
-0.044199
-0.114211
-0.292195
0.637236
0.117432
-0.155415
-0.125310
0.147307
0.503954
0.315868
0.253879
0.294185
0.516593
-0.235411
0.185580
0.654282
-0.135960
-0.123092
-0.516192
-0.238337
-0.163139
0.136765
-0.261089
0.476325
-0.220861
-0.127083
-0.374589
0.037180
0.176874
0.236137
0.421744
0.101474
0.544824
0.164651
0.281623
0.350634
0.016274
0.263176
-0.076948
-0.138920
0.389132
0.154071
-0.273497
0.156480
0.406289
0.326432
-0.029663
-0.255235
0.057309
0.402577
-0.089291
0.123329
-0.028429
-0.175047
-0.150773
-0.189657
0.019447
-0.090617
0.114031
0.177740
-0.225072
-0.097326
0.480853
-0.005776
-0.214783
0.383583
0.100596
0.479070
0.371749
-0.118755
0.062403
-0.099012
0.670983
0.055268
-0.000756
0.023909
0.223458
0.014683
-0.048245
-0.182090
0.644231
0.388175
0.183767
0.175223
0.223369
0.172513
0.009477
0.180032
0.183327
0.233713
-0.059071
-0.053445
0.456680
0.458870
-0.015207
-0.427901
0.301931
0.374021
0.053392
0.088904
0.029571
-0.236723
0.138937
0.452328
0.073217
-0.036820
0.422525
-0.222998
0.499911
-0.285022
-0.144330
0.074658
-0.261589
0.181576
0.839563
-0.039844
0.268422
0.064149
0.101397
0.309791
0.100569
0.014505
0.039922
-0.143886
0.657725
-0.186384
-0.294239
0.085047
-0.098713
-0.312807
0.105507
0.203950
-0.011150
-0.234080
-0.152096
0.485119
-0.493495
-0.135940
-0.510688
0.061443
0.456298
0.029901
-0.320037
0.259099
-0.077751
0.477520
0.063423
0.782664
-0.226161
0.107364
-0.305054
-0.094325
-0.227420
0.580653
0.376069
0.204161
0.566577
-0.220822
0.094272
-0.508143
0.244467
-0.000196
-0.063539
0.009634
0.342904
0.045316
0.151493
0.010526
0.453507
-0.017619
0.003907
0.076985
-0.182235
0.440850
-0.470996
-0.087420
0.074263
-0.236655
0.209447
0.329776
0.445100
0.056932
-0.248897
0.368075
-0.121855
0.117054
0.077316
-0.276456
-0.167053
-0.077416
-0.005647
0.138971
0.231709
0.342871
0.288161
-0.095537
-0.069829
0.186527
0.296108
0.291635
0.321282
0.389374
0.607529
0.534448
0.604470
0.216686
0.291154
0.407517
0.084681
0.266879
0.367408
-0.189927
0.519146
0.442074
0.631620
-0.128782
0.585155
-0.038782
0.471794
-0.128924
-0.331169
0.031346
-0.109944
0.296587
0.250381
-0.096113
0.044821
-0.017395
0.076764
0.347526
0.078524
-0.067270
-0.188904
-0.130328
-0.090699
0.400695
0.053395
0.233462
0.249078
0.317169
0.475011
-0.022961
0.487842
0.270205
-0.424839
-0.016832
-0.097319
0.183967
-0.052169
-0.151894
0.333548
-0.226812
0.237215
0.402061
-0.011481
0.069607
0.383127
0.057260
0.000975
0.231379
0.124864
-0.022076
