-0.194231
-0.010049
0.014092
-0.044610
0.092947
0.088849
0.000000
0.058638
-0.284464
0.042976
-0.031986
0.023352
0.069580
0.020848
-0.024142
0.043809
0.000000
-0.031144
-0.112198
-0.155141
-0.145499
0.044246
-0.072166
-0.011558
-0.060864
0.128923
-0.107851
0.050910
-0.059147
0.199198
0.065500
-0.121864
-0.118956
0.048559
-0.030768
0.094060
0.067018
-0.011539
-0.009923
0.192134
-0.068621
0.025762
-0.054268
0.017928
0.031667
0.055075
0.036628
-0.039369
0.129693
0.002333
0.018516
0.019024
-0.058963
0.002363
-0.012067
-0.102616
-0.071236
-0.033036
-0.110137
0.062402
0.141949
-0.183661
0.101249
-0.030093
-0.206900
0.029627
-0.031993
0.006680
0.074506
0.038563
-0.012413
-0.026389
0.044074
0.319745
-0.112716
-0.001720
-0.026288
-0.041251
-0.038707
-0.065952
-0.340668
0.003288
0.001910
-0.092562
-0.083150
0.021640
-0.167342
0.001131
-0.037988
-0.076904
-0.094794
-0.026625
-0.023923
-0.150295
-0.001913
0.039067
0.185343
0.000000
0.000000
-0.032641
0.092415
0.078938
0.000000
0.102427
0.084622
-0.085516
-0.082025
0.026757
-0.172639
-0.078721
-0.004690
-0.091890
-0.030039
-0.022620
-0.013887
0.079394
-0.047210
-0.004893
-0.037607
0.000862
-0.002570
-0.013967
-0.001872
-0.100076
0.010571
0.141934
-0.009214
0.218969
-0.041906
0.078869
0.070504
-0.013239
-0.013028
0.070570
0.265152
-0.042851
-0.046498
0.043017
-0.188167
-0.002984
-0.031205
-0.086751
-0.080469
-0.037738
-0.185397
-0.036548
0.000700
0.096407
-0.035699
0.086624
0.160150
-0.038522
0.148636
-0.045271
-0.214116
0.091423
0.087104
0.059876
-0.167052
0.189621
-0.041615
-0.077865
-0.267523
-0.002790
0.004275
-0.000356
-0.136740
0.075240
0.054484
-0.000980
0.002682
0.000000
0.015736
-0.242329
0.080926
-0.013619
0.043662
-0.074925
0.031438
0.012798
-0.329379
-0.014434
-0.085967
0.021867
-0.038873
-0.132273
0.000632
-0.216932
-0.149059
0.069416
-0.356564
-0.046889
-0.052543
-0.067283
-0.415410
-0.108731
-0.051749
-0.032588
0.005076
-0.155578
-0.057478
0.011140
0.275744
-0.052733
-0.065747
0.123000
-0.091568
0.075448
0.000000
-0.072341
-0.017300
-0.112467
0.130665
0.024467
-0.123440
0.286499
-0.239525
0.019462
-0.023896
0.084647
0.042563
0.070859
-0.181254
-0.024115
0.038277
0.006930
-0.017354
0.069610
0.037696
0.003424
-0.053599
-0.051379
-0.060601
-0.116127
-0.015611
-0.021899
-0.053495
-0.003147
-0.093324
0.019147
0.362522
0.014138
-0.135299
-0.030380
-0.028509
0.205784
0.029096
0.171712
0.289916
-0.276026
0.019444
-0.207278
0.067186
0.238625
-0.034732
0.014179
-0.129844
-0.159222
-0.362576
0.014488
0.032373
-0.004265
-0.029100
0.003788
0.059864
-0.194649
-0.007541
-0.168371
-0.079137
-0.097601
-0.106451
-0.043767
0.116431
-0.206527
0.018443
-0.017146
-0.001703
0.000153
0.051753
0.030071
-0.012889
-0.035700
-0.245170
0.001029
0.019014
0.075199
0.011743
0.013125
-0.104725
0.000000
0.216030
-0.070847
0.061473
0.023975
0.031518
0.083826
0.083856
0.260989
0.019067
0.064791
-0.069869
-0.122896
0.003306
-0.057097
-0.014161
0.038165
-0.079635
0.034667
0.008010
0.125394
-0.037671
0.005671
-0.048126
-0.042978
0.138641
-0.019714
0.172192
0.022088
0.139020
0.016797
0.111751
-0.048088
-0.214793
0.095182
0.020011
-0.009146
0.094514
-0.025221
-0.046246
-0.067286
-0.007004
-0.048730
0.119512
-0.052276
0.010922
-0.160903
0.039273
-0.064908
0.005829
0.000813
0.037781
-0.007076
-0.025971
0.018156
-0.030474
0.003146
0.277701
0.086450
0.000000
-0.005598
0.159236
0.027787
0.005543
0.063258
-0.089122
-0.135758
-0.014382
0.003786
0.041303
0.319840
0.048946
0.008278
-0.049444
-0.074561
-0.029448
0.009438
-0.016648
-0.031681
-0.181903
-0.058785
0.124825
-0.047856
-0.059559
-0.064119
-0.038595
-0.022614
0.109669
-0.227269
-0.040088
-0.115284
0.122720
-0.235726
-0.012121
-0.049971
-0.036423
-0.019335
0.007286
-0.165619
-0.031429
0.202188
0.032311
-0.041592
-0.065110
-0.092545
0.048817
-0.043160
-0.194808
-0.000738
0.007047
0.121641
-0.093885
0.032790
0.004114
0.246622
0.112054
-0.033151
-0.217086
-0.010068
0.094419
0.005926
0.053957
-0.013413
-0.131413
-0.165998
0.020409
0.015188
0.001852
0.203763
-0.041105
-0.250952
-0.094320
0.070914
-0.106732
0.000000
0.157339
-0.045448
-0.019727
-0.195038
-0.170270
-0.183127
-0.063720
0.057436
0.101245
0.009134
-0.004872
-0.121928
-0.030660
-0.214721
-0.136804
-0.117251
-0.065899
0.003176
-0.280417
-0.081574
-0.060925
-0.062804
0.073079
-0.153280
-0.082426
-0.158559
-0.054930
0.255036
0.102532
0.023084
0.000000
0.005031
-0.030554
-0.065965
-0.172321
-0.049021
0.020586
0.000000
-0.179126
-0.012400
-0.078291
0.037192
-0.143687
-0.208932
0.067290
-0.000512
0.121021
0.027888
-0.102747
0.095414
0.012796
0.020996
0.076259
-0.010870
-0.054513
0.171585
0.140366
0.012550
-0.042448
0.005628
0.021614
0.049367
0.089187
-0.017317
-0.015503
0.005686
-0.122824
0.027777
-0.044389
0.211381
0.005918
-0.009429
-0.035864
0.053390
-0.144220
-0.018590
-0.121673
0.064330
0.021748
-0.274378
0.030777
-0.125948
0.252767
-0.027577
0.004612
-0.028449
-0.002583
0.008739
-0.020073
-0.029570
-0.060241
0.061587
0.049133
-0.033472
0.016308
-0.046393
-0.037072
-0.057799
-0.010324
-0.064929
0.143359
0.143413
-0.121745
-0.036928
-0.021022
0.005763
-0.306921
-0.017257
-0.016728
-0.100213
-0.010046
-0.089766
0.029779
-0.006943
-0.059420
-0.045102
0.020935
0.111849
-0.003825
0.000216
0.010771
-0.141910
-0.003136
-0.017288
0.167278
-0.008550
-0.008723
-0.080653
-0.024144
-0.131392
0.151345
-0.076374
-0.140647
-0.010728
-0.033744
-0.050771
0.048780
-0.005376
-0.031665
-0.034349
-0.117325
-0.016346
-0.095167
-0.031750
0.005294
-0.065386
0.028459
0.029917
0.012145
0.000000
-0.043708
0.176507
0.105645
-0.040240
0.004358
-0.205984
-0.036661
-0.101811
0.177132
0.080018
-0.268551
-0.050894
0.032861
-0.218657
0.059158
-0.012443
0.102664
-0.041374
-0.039518
-0.041869
0.001828
-0.013172
-0.033948
-0.003548
0.006688
-0.390761
-0.026735
0.155227
0.008479
0.039378
0.075503
-0.239751
0.013255
-0.083614
-0.191788
-0.365588
0.194161
0.278589
0.032659
-0.020191
0.090574
-0.002370
-0.116410
0.209186
-0.004999
-0.010365
0.151469
-0.020781
-0.215396
0.135651
-0.030226
0.012422
0.039128
0.087249
-0.045028
0.096695
0.056123
0.020631
-0.164964
0.168482
-0.132381
-0.004177
0.191391
-0.092877
0.126540
0.041191
-0.041689
-0.116891
-0.046254
0.015070
-0.181172
0.072080
-0.238148
-0.068335
-0.142619
-0.412344
-0.197024
0.269287
-0.027618
0.023971
-0.032930
0.035042
-0.245404
0.214618
0.171988
-0.115205
0.039943
-0.155548
-0.221992
0.237107
0.052325
0.160367
-0.190636
-0.010042
-0.029794
0.019046
-0.010526
0.075310
-0.053827
0.107639
0.136471
-0.055517
-0.386177
-0.049988
-0.093790
0.018797
-0.102746
-0.042818
0.000000
-0.009347
-0.036326
0.013551
-0.066171
0.012832
0.063983
0.011546
0.096734
0.068675
0.028411
-0.015888
0.065797
0.034204
-0.008041
-0.079567
0.010924
0.003449
0.251560
-0.041932
-0.001784
0.060013
0.011352
0.035671
-0.078774
0.100243
0.071560
0.005686
-0.130031
0.008629
-0.010389
-0.091319
0.019147
0.000685
0.168146
-0.000848
0.251844
-0.067631
0.376224
0.028186
0.013774
0.039992
-0.052887
-0.032241
0.136797
0.239102
0.026642
0.044977
-0.118238
-0.044354
-0.045730
-0.051699
-0.065094
0.011835
-0.055991
0.039032
0.076279
-0.154771
0.005702
0.004843
-0.206638
-0.125332
-0.177063
-0.041238
-0.083104
-0.011630
-0.031702
-0.129706
-0.048324
0.000707
-0.046159
0.122600
0.054839
0.065075
0.126177
-0.174991
-0.098951
-0.165952
0.003289
-0.021371
-0.038780
0.055282
-0.026772
-0.085237
-0.020803
0.082903
0.039690
0.053059
-0.105135
-0.071563
0.045704
-0.068043
-0.026088
-0.075414
-0.096830
-0.105931
-0.012357
-0.025950
-0.039396
0.009437
-0.219895
-0.084366
-0.124514
0.020483
-0.045319
-0.003522
-0.017276
0.000000
0.104693
0.142817
-0.385627
-0.036906
-0.046899
0.251940
0.025928
-0.050956
0.081487
0.015049
0.180592
-0.009490
-0.103313
-0.027405
-0.128069
0.016549
0.010136
-0.003727
0.017305
-0.327902
-0.034982
-0.104787
0.203874
-0.056128
-0.093008
-0.002217
-0.076191
0.008078
0.060474
-0.286237
-0.046454
-0.186580
0.094782
0.053243
-0.045558
0.054078
-0.025316
-0.054445
-0.000977
-0.064241
0.020898
0.000025
-0.099977
0.002955
-0.317518
-0.086290
-0.116539
0.024498
-0.306084
-0.044175
0.003455
-0.013776
-0.171576
-0.009766
-0.134645
-0.001160
-0.066583
-0.014681
-0.044166
0.108803
-0.132592
-0.056751
0.090792
-0.071263
0.005473
-0.260011
0.313177
0.004418
0.020381
0.031212
-0.157661
-0.169087
0.003228
-0.002767
0.206369
0.036893
-0.065759
-0.001780
-0.297353
0.010378
0.098068
-0.012694
0.098064
-0.091690
-0.010448
-0.008670
-0.178018
-0.070593
0.022617
0.216659
-0.003143
-0.075692
-0.011962
0.007947
-0.119279
0.135884
-0.051732
0.002773
0.050001
-0.078238
-0.084190
0.338568
-0.053668
0.004326
0.075537
-0.114108
0.401624
-0.147862
0.050396
-0.013962
-0.044586
-0.034098
-0.004453
0.066712
-0.015625
0.121287
0.005842
-0.034536
-0.053169
-0.089896
0.002909
0.082319
-0.039790
0.013350
0.005264
-0.084235
-0.165035
-0.007433
0.111266
-0.032876
-0.044577
-0.034041
-0.094055
0.053689
-0.106743
-0.013146
0.020274
-0.083613
-0.104289
-0.000179
0.025191
0.021787
-0.155035
0.032857
-0.059812
0.105077
0.017231
0.060397
-0.089481
-0.008919
-0.042652
0.147246
-0.155614
0.000000
-0.075959
0.078190
0.231354
0.113777
-0.029112
0.110993
-0.107592
0.042150
0.033037
0.228297
0.000000
-0.033778
-0.041097
0.032268
0.161781
-0.013497
0.038767
0.025715
0.033161
-0.008442
0.074708
-0.017501
0.006154
-0.081863
-0.007353
-0.091592
0.077879
-0.005789
-0.134669
0.014680
0.046286
-0.005849
0.081767
-0.039935
0.001123
0.122006
-0.028272
-0.124796
0.021970
0.089457
0.028017
-0.047858
-0.114504
-0.094504
0.045044
-0.053399
-0.051526
-0.142772
-0.118960
0.009058
-0.111538
-0.038292
0.008774
0.059450
-0.026199
0.005414
-0.021230
-0.021114
-0.086702
-0.078807
0.002770
0.134964
-0.119120
-0.022824
-0.116851
0.022505
0.036709
0.008742
0.115061
-0.030418
0.147543
0.022292
0.013266
0.028032
0.073097
-0.007579
-0.000792
-0.122987
0.120434
0.083016
