0.026941
0.385523
-0.251021
0.008754
-0.006838
-0.266555
-0.044956
-0.057954
-0.133597
-0.284696
0.129159
-0.007389
-0.136860
-0.019694
0.057285
-0.221893
-0.126723
-0.153699
-0.041316
-0.047977
-0.019614
-0.162443
-0.261856
-0.126708
-0.298855
-0.188948
-0.163737
-0.015060
-0.179294
0.112579
-0.042037
-0.064573
0.026655
-0.033077
0.239118
0.130559
0.048758
0.016122
-0.058472
-0.347983
-0.193505
-0.075501
-0.103943
0.010767
-0.238033
-0.086070
-0.198208
0.051555
-0.211128
-0.156409
-0.239759
-0.043509
-0.118133
-0.230548
-0.061101
-0.241760
-0.331463
-0.164018
-0.187449
-0.111074
-0.220533
-0.140501
-0.060069
-0.150436
-0.206017
-0.205839
0.062722
-0.128492
0.020311
0.026271
0.017510
-0.034355
-0.308412
-0.075901
-0.370185
-0.173237
-0.141595
-0.138537
-0.117923
-0.221852
-0.031599
-0.064553
-0.111876
-0.134659
-0.094867
-0.380728
-0.149945
-0.126255
-0.101229
-0.152461
-0.015959
-0.178678
-0.053292
-0.036849
0.017901
0.078520
-0.231058
-0.114697
-0.008438
-0.257078
-0.167848
-0.258070
-0.022003
-0.023343
-0.313439
-0.262010
-0.257509
0.072215
0.274940
0.148421
0.119520
-0.006951
0.160564
0.157465
0.117936
0.122440
0.198550
0.328534
-0.155203
0.127314
-0.084950
-0.037218
-0.024049
0.090562
-0.136990
0.047252
-0.013272
-0.297402
-0.144548
-0.170676
-0.005322
-0.079599
-0.052508
-0.258578
-0.286580
-0.240019
-0.150100
-0.141770
-0.338481
0.044646
0.182740
-0.080385
-0.004182
-0.027916
-0.023933
0.052476
-0.151739
0.029226
0.083964
0.061994
0.160771
0.107727
0.237376
-0.049587
0.057500
-0.108582
-0.176498
0.174106
0.209239
0.055284
-0.180202
-0.106583
-0.227933
-0.062112
-0.170000
-0.014067
-0.142280
-0.101572
-0.100427
0.008124
-0.107787
0.029098
-0.010897
0.046502
-0.034594
-0.125934
0.087532
-0.006947
-0.125055
0.002705
-0.054753
-0.081851
-0.226450
0.048895
-0.134089
-0.130413
-0.052954
0.108245
-0.239664
-0.299146
-0.008811
-0.176548
0.010232
0.081878
-0.039052
0.060838
-0.123001
0.042474
-0.053515
0.084084
-0.041536
-0.035520
-0.135869
-0.020825
0.011999
-0.078029
0.091607
0.080942
-0.027785
-0.231064
0.012573
0.046143
-0.062349
-0.008427
-0.070423
-0.075591
-0.002781
-0.116759
-0.072163
0.057931
-0.019714
-0.010875
0.042691
0.142221
0.098950
-0.128960
-0.037931
-0.079172
-0.062853
-0.063491
0.114240
0.058574
0.022659
0.049084
-0.202891
-0.108495
-0.041347
-0.074334
-0.246315
-0.172334
-0.231532
-0.236459
-0.086673
0.106427
-0.224651
0.034446
0.152546
-0.176634
-0.053926
-0.082320
-0.144065
0.018879
0.047658
0.159587
-0.073394
-0.106428
0.017347
-0.179288
0.131972
0.220186
-0.029719
0.173838
-0.008014
-0.054228
-0.138780
-0.041031
-0.018092
-0.058732
0.099483
-0.388532
-0.226540
-0.172436
-0.413182
-0.131304
-0.262696
-0.267998
-0.296149
-0.229725
-0.115156
-0.044372
-0.170890
0.263707
0.140835
0.176925
0.009189
0.261173
-0.352092
-0.135771
-0.020044
-0.108239
0.088429
-0.320805
-0.039193
-0.344424
-0.172293
-0.255400
-0.150180
-0.301261
-0.341860
-0.368130
-0.019915
-0.072572
0.087100
0.043067
-0.042074
0.017290
-0.010933
-0.122345
-0.079441
0.057705
-0.021571
-0.057913
-0.075516
-0.093814
0.038782
-0.043384
0.180727
-0.028250
-0.132679
-0.242338
-0.120517
-0.114089
-0.146432
0.204288
0.034126
-0.000722
0.075366
0.220816
0.301505
0.236160
-0.106977
-0.032424
0.001380
0.152644
0.103666
-0.061028
-0.403452
-0.231020
0.312451
-0.246887
-0.103237
-0.066449
-0.161882
-0.489638
-0.263323
-0.003904
-0.289141
-0.327952
-0.396921
-0.497254
-0.384470
-0.133183
-0.175218
-0.155941
-0.332898
-0.420295
-0.172785
-0.154528
-0.126737
-0.170988
-0.140536
-0.096035
-0.170345
-0.293908
-0.259227
-0.325420
-0.260998
-0.224226
-0.256781
-0.280866
-0.093437
-0.177733
-0.359525
-0.285196
-0.038475
-0.201617
0.014364
-0.027093
-0.330055
-0.103719
-0.114194
-0.238886
-0.370497
-0.460620
-0.220558
-0.160557
-0.447207
-0.248668
-0.326800
-0.091992
-0.054594
-0.079646
0.277089
0.264367
-0.245551
-0.028916
0.024855
-0.011119
-0.041540
0.036410
0.219145
-0.051605
0.247399
-0.253990
-0.101956
0.081501
0.048736
-0.158303
-0.030235
0.093413
-0.058563
-0.091457
0.040503
-0.140946
-0.014860
-0.124445
0.027186
0.037221
0.221692
-0.027872
-0.022165
0.261154
0.404898
0.075683
-0.314614
-0.236459
0.096945
-0.075328
-0.033581
0.322827
0.134591
0.244726
0.004025
0.088113
0.148760
-0.122700
-0.033544
0.007426
0.061469
0.283065
0.117795
0.182223
0.026252
-0.078368
0.047240
-0.057429
-0.016059
-0.097774
0.091405
0.017193
-0.011500
0.104675
0.063848
0.060041
-0.294574
0.173009
0.071653
0.099750
-0.043329
-0.011546
0.103754
0.200673
0.186570
0.046660
0.317506
-0.124781
-0.413272
-0.311477
-0.138638
0.206025
-0.022280
0.101718
0.084223
0.231706
0.131885
-0.229946
0.003144
-0.078696
0.095481
0.097035
-0.231962
-0.077201
-0.138269
0.079597
0.051827
0.027490
0.113211
0.042041
0.123753
-0.124840
0.334866
-0.198358
-0.006063
0.197572
0.369955
0.083148
-0.008531
0.156074
-0.125215
0.157971
-0.209547
0.066504
0.353804
0.099662
0.144101
0.207455
0.238517
0.184652
0.288113
-0.141891
-0.232917
-0.334566
0.157220
-0.044139
0.195740
-0.245393
0.297443
0.224557
0.229422
0.029686
0.047025
0.015826
0.212113
0.155571
0.166620
-0.116308
0.255487
0.270692
-0.076905
0.076148
0.167713
-0.026452
0.138545
0.208826
0.125762
-0.037655
-0.076136
-0.096298
0.043650
0.337741
-0.238889
0.352369
0.179211
0.472418
0.146829
0.081898
0.044322
-0.165371
-0.018342
0.001657
0.125664
0.222930
-0.023427
0.091609
-0.076999
-0.178311
0.066999
-0.113104
0.016378
0.261081
0.360871
-0.127019
0.146165
0.222760
0.134871
-0.104156
0.221401
0.157634
-0.184906
-0.036858
-0.039263
-0.286005
0.285034
0.008556
0.378880
-0.028174
-0.048484
0.309164
0.163565
-0.001444
0.076864
-0.056266
-0.073172
0.217465
0.289034
0.015337
-0.099079
0.077512
0.022691
0.120485
0.105107
0.151763
0.257805
0.205703
0.189491
0.043846
0.145127
0.028995
-0.016225
0.212110
0.195042
0.126358
0.066657
-0.094971
0.324232
0.164414
0.504864
0.292304
0.207527
-0.088292
0.081136
0.241224
0.000793
0.086803
0.166933
0.173247
-0.025429
-0.045916
0.012673
0.276001
0.147481
0.016753
0.179074
0.115786
-0.070342
0.057415
0.076925
-0.236453
-0.067885
-0.055983
0.161444
0.107182
0.276165
0.088294
-0.255524
0.076975
-0.117519
0.027039
0.132995
0.232607
0.076276
0.159478
0.110621
0.216720
0.126572
-0.140036
0.064540
-0.044753
-0.068800
-0.126921
0.036710
0.078952
-0.039746
0.038455
-0.109576
0.078852
-0.188876
-0.144039
-0.009463
0.213322
-0.062265
-0.066113
-0.012025
0.004691
0.243154
-0.048727
0.338174
0.091820
-0.041896
-0.165551
0.007592
-0.180825
0.196032
0.260053
0.078410
-0.105237
0.319984
0.227309
0.272948
0.157791
0.070367
0.278460
0.053354
0.224734
0.273480
-0.247688
0.048740
-0.114765
-0.010611
0.111885
0.069832
-0.080930
0.154203
0.015132
0.037546
0.047004
0.121789
0.132280
0.134312
0.151567
0.155561
-0.027272
0.108148
0.083982
-0.164191
-0.136356
0.059289
-0.257719
0.233489
-0.214756
0.097513
0.240412
0.078259
-0.074322
0.146012
0.211783
-0.201269
-0.187204
0.012103
0.222946
0.190939
0.106998
0.326339
0.327574
0.136109
0.172243
0.150991
-0.017606
-0.008841
0.287919
0.101661
0.045173
-0.043436
-0.038598
-0.226029
0.135930
0.272093
0.043023
0.040762
0.002000
-0.006550
0.274443
0.095460
-0.066548
-0.093572
0.102385
0.280809
0.208446
0.029758
0.219478
0.187492
-0.188536
0.085483
0.346665
-0.009495
-0.106979
-0.105059
0.059514
0.028756
0.092331
-0.223492
0.184821
-0.073400
0.066764
-0.228593
0.085032
0.066034
0.103813
0.112173
0.031162
0.272851
0.113869
0.267463
0.178759
0.023598
0.213860
0.009478
-0.021245
0.122531
0.047626
0.076601
-0.028090
0.256875
0.110612
0.047485
-0.161973
0.016782
0.187245
-0.147885
0.144814
-0.082140
-0.148192
0.079207
-0.168173
0.041420
-0.034465
0.105730
-0.005366
-0.164525
-0.007483
0.182025
-0.058510
-0.086854
0.140907
0.164561
0.239324
0.147140
-0.091411
-0.076757
0.028917
0.175866
0.184663
-0.200951
0.120100
0.041818
-0.068813
0.064060
-0.189903
0.234075
0.112784
-0.041818
0.017508
0.087138
0.205228
0.018266
0.019388
0.071511
0.140939
0.076671
-0.102273
0.180801
0.224495
-0.048898
-0.241865
0.115896
0.187010
-0.048171
-0.059534
0.027130
-0.169828
0.022238
0.129574
0.166967
0.106734
0.184243
-0.088233
0.394930
-0.174182
-0.108197
-0.013721
-0.138053
0.103939
0.377160
-0.076465
0.146839
0.210145
0.022295
0.095924
-0.073259
0.118021
0.002324
0.111485
0.269053
-0.027692
-0.208302
-0.074621
-0.069904
-0.221987
0.029824
0.118013
0.071369
-0.029002
-0.040280
0.196056
-0.161952
0.047654
-0.107367
0.077068
0.101317
0.021112
-0.136443
0.099919
0.075569
0.372051
-0.037651
0.430125
-0.098720
0.128360
-0.190797
0.010167
-0.054568
0.329189
0.188081
0.102598
0.251635
-0.229611
0.107944
-0.097987
0.077474
0.127734
0.000914
0.047232
0.096810
-0.002535
0.065556
0.042753
0.163468
0.085409
-0.106444
0.154134
0.022355
0.214288
-0.257129
-0.063005
0.163130
-0.169273
0.062963
0.068546
0.212190
-0.057814
-0.207882
0.085360
-0.095488
0.088734
0.043136
0.032626
0.082459
-0.011498
-0.113068
-0.075384
0.090107
0.271094
0.131911
-0.070634
-0.104985
0.115726
0.147182
0.173471
0.069329
0.236542
0.288193
0.323511
0.299295
0.078991
0.161760
0.134568
0.001673
0.102328
0.190650
-0.094223
0.109478
0.145688
0.231229
0.035280
0.237987
-0.052942
0.161735
-0.057147
-0.168083
0.061619
-0.058186
0.261431
0.102920
-0.038496
0.040426
-0.084778
0.103619
0.196159
0.109286
-0.043833
-0.138611
-0.144000
-0.015015
0.187804
0.029957
0.137270
0.074762
0.114044
0.161046
-0.062512
0.089404
0.112002
-0.233433
0.002210
-0.102202
0.044806
-0.052657
-0.171425
0.168997
-0.250737
0.058505
0.237998
-0.043708
0.011502
0.070627
0.053354
0.091307
0.039973
-0.014296
0.037495
