0.069542825
0.02156696
0.044462293
0.04787848
0.23202708
0.005637358
0.12729628
0.19538166
0.15865223
0.17939462
0.03890802
-0.039170034
0.19589777
-0.19720374
0.16237
0.1144788
0.11838151
0.2332321
-0.049323972
0.103927426
0.14128105
0.014285795
0.16817261
0.19553208
0.08520262
0.06270781
-0.07263326
0.09683176
0.13053983
0.15536703
-0.088833936
0.21548286
-0.006831486
0.07297523
0.10538768
-0.03798868
0.050406966
0.10090914
-0.102633275
-0.11199857
0.11378178
0.033403408
-0.18281646
-0.06996195
0.13993536
-0.1753264
0.1720787
0.036100175
-0.007333863
0.12554632
0.05697255
-0.1829058
0.05332065
0.16627303
0.15913412
-0.14105083
0.14232521
-0.02874395
-0.24151216
0.13225614
-0.098766245
0.11188866
-0.12286176
0.051811438
0.10590165
0.0206371
0.15389982
0.11486629
0.11205764
-0.21895598
0.08366077
0.116900355
-0.2441096
-0.068520606
0.10604417
-0.1416665
-0.09457229
0.12365467
-0.12020226
0.008470471
0.0041928375
-0.1638454
-0.08479289
-0.16960387
0.055540882
-0.1355113
-0.12446354
-0.21762398
0.089334175
0.07390977
-0.12404135
0.061181147
-0.2495467
-0.20552792
-0.12042174
-0.09406347
-0.19063346
-0.2033516
0.123570696
0.040165447
-0.16061917
-0.15957393
-0.047627825
0.11898917
0.11896294
0.11508118
-0.08903257
-0.087114096
0.09489789
0.17388156
0.19189334
0.07458849
-0.1679388
0.020408444
0.031206122
-0.047135618
-0.17808314
0.08176419
0.12170633
-0.09507822
-0.11904027
0.07672797
0.060226686
-0.14605612
0.0006960574
-0.017355788
-0.1272713
0.041771073
-0.13536926
-0.20834029
0.121883534
-0.139605
0.20083255
-0.18575126
0.042647514
0.006787386
0.03716898
-0.21683918
0.12478932
-0.11491679
-0.11526304
-0.06384812
-0.05958607
0.045443147
0.15203239
-0.069480315
-0.15429986
-0.17130682
0.09350195
0.02437724
-0.16204512
0.054519106
0.13440132
0.058127135
0.12762024
-0.06429895
-0.20916189
0.068175964
0.16954058
0.008667633
-0.17629829
-0.16188717
0.039399806
-0.18515351
-0.1743474
0.17129259
-0.11157125
0.213946
0.06528032
0.0025387427
-0.16303538
0.07959888
-0.17007871
-0.16423719
0.09995421
0.12203893
-0.117118806
-0.16980106
0.11468997
-0.10601418
0.08407537
0.10665397
0.04071199
-0.09613728
-0.07322359
0.065734535
-0.16654758
-0.13684316
0.1581247
-0.17341143
-0.080149524
-0.0824907
-0.1904682
0.10255476
-0.12585366
0.1424307
-0.007543292
-0.271663
-0.07325115
-0.0070053004
0.04625957
-0.07898039
0.063225485
-0.19091997
-0.29160783
-0.116234496
0.01975179
-0.22747292
-0.22038232
-0.1636391
-0.19399668
-0.12453762
-0.19363503
-0.021624355
-0.008594353
0.11418894
-0.032096248
-0.087316684
-0.025379343
-0.18533337
0.010511214
0.08530533
0.16789421
-0.07398977
-0.19578129
0.020205222
-0.07231751
-0.16569562
-0.07048016
-0.012604601
-0.10472919
-0.0022150625
0.06017177
0.1394138
-0.13559763
0.10959243
0.19446684
0.07404874
0.1986097
0.1901116
0.05055452
0.060686354
-0.09845839
0.14895833
0.1445236
0.06711744
0.16129188
0.090425655
0.15920188
0.14560115
0.07546604
-0.0031065634
0.17587107
0.13712323
0.1764297
0.03705333
0.03754158
0.17357281
-0.18764703
-0.14879005
0.08584372
0.016946876
0.14317505
0.014947398
-0.14179547
0.0151288025
-0.15893969
-0.11084358
0.03702124
-0.09079183
-0.089236096
-0.021212507
0.19176446
-0.14189371
0.05922064
0.16126333
-0.13550244
0.05830441
-0.058183894
-0.07947876
0.0054708156
-0.17433883
-0.13974072
0.041248035
-0.07333342
0.17423631
-0.10510104
-0.22626854
0.085609764
-0.04298482
-0.17096467
0.18951002
0.06805522
0.13125359
0.150486
0.093097724
0.027039193
0.14639144
0.19830003
0.053623177
-0.16128807
-0.16877529
-0.18561086
0.09734341
-0.040567745
-0.06638781
0.039414495
0.0026191955
-0.030107146
-0.1793261
-0.10872932
-0.0062237177
-0.06479178
-0.05396181
0.065056115
-0.05582415
-0.023196632
0.18623723
-0.14589372
-0.029389316
0.116509326
-0.109873086
-0.04867219
-0.06931406
0.18453228
-0.00029733693
0.112820856
0.17518869
-0.080571935
0.09094779
-0.059990175
-0.15216534
0.1539112
-0.12694652
-0.148636
-0.050363556
0.04451039
-0.16958897
-0.091908865
0.15787962
-0.029701592
-0.12032427
0.1561811
-0.10862827
-0.19970562
0.049344815
0.010831203
0.15586887
-0.14328903
0.104118906
0.038136404
0.092697054
0.048915714
0.0042949296
0.10585537
-0.08053381
-0.10896971
-0.16843507
0.07942263
0.11799346
-0.17181179
-0.14664343
0.19275932
-0.0291094
0.043602735
0.16322897
-0.06852442
-0.10661135
0.08824905
-0.046015304
-0.088474594
-0.18947846
-0.014551978
0.073216334
0.19002302
-0.16553311
0.11943007
-0.07720512
-0.116285644
0.11469449
-0.20767008
0.13021979
-0.17159405
0.11289946
-0.03160874
-0.04145816
-0.104522526
0.18878624
-0.1340851
0.09882544
0.00864849
0.09507533
0.065460555
-0.029558377
0.15151083
-0.087145425
0.025281701
0.18139121
-0.10919816
-0.18963625
0.0031967438
0.15777884
0.0011896611
0.11087536
-0.1072663
-0.07911934
0.010645011
-0.07712396
-0.000439264
0.03224545
-0.12818639
0.011531258
-0.018864157
0.069919206
0.020876864
-0.036249086
-0.17767903
0.06848747
0.12853277
-0.019333137
0.03295765
-0.06293395
-0.14098968
-0.18195494
0.020867413
0.027864782
-0.0183974
0.02719488
0.17270067
-0.094003856
0.1474769
0.17154898
-0.17760698
0.14275722
-0.19580169
-0.013572131
-0.1409552
0.106417775
-0.041180566
-0.20303485
0.09282737
-0.05360202
0.07773
-0.016682485
0.027359232
-0.06439075
0.16970937
-0.06519436
-0.16895871
-0.18971808
0.03524919
0.058288295
0.18928564
-0.19675249
0.065390706
-0.144139
-0.1645805
0.089542724
0.09095699
-0.09368825
-0.0026765093
0.11811909
0.0166345
0.07602498
-0.02356344
-0.0055318866
0.17707732
-0.21732104
-0.033139795
0.007228543
-0.22304092
0.12740678
0.10112973
0.11300273
-0.13939449
-0.14043997
-0.1385733
0.03992852
0.1225377
0.013875906
0.13109782
-0.040313475
-0.059896328
-0.11860014
0.14710991
-0.18239592
0.07983567
-0.012324958
0.06895341
-0.08923648
-0.008801948
0.059709415
0.11472327
0.16841239
-0.19317816
0.035825994
0.0047828592
-0.15062802
0.10635511
-0.036191683
-0.0114387665
-0.15850832
-0.21912079
-0.1779602
0.06563609
0.10954826
0.12629977
0.14699239
-0.029986057
0.06379083
-0.0939715
-0.015600893
-0.0884692
0.07273911
-0.14649074
-0.08913549
-0.1171969
0.18030983
0.050683174
-0.20620857
0.092616834
-0.16770731
0.087488964
-0.18187019
0.025362242
-0.17306183
0.03320099
-0.16838418
-0.035977986
-0.114235185
0.14125435
-0.09143287
-0.14010665
-0.010389873
-0.1269552
0.016115226
0.104746036
-0.1627116
0.0163947
0.00019477433
0.09742689
0.209916
0.10375762
-0.09608755
-0.0144448215
0.103416026
-0.09430741
0.09541654
0.00018011371
0.038355444
0.104907624
0.18474478
0.022829628
0.013582796
0.15481427
0.13533805
-0.04885751
-0.11834065
0.02037378
-0.052043088
-0.0560011
0.18820314
0.105950214
0.104130186
0.20659299
0.09073926
0.20552872
0.057323825
0.15632404
-0.07851859
0.21773003
-0.13539225
0.1195822
-0.07973888
0.051400017
0.19148383
-0.052402005
-0.09429713
0.015547986
0.18641059
0.05163339
0.072883755
0.010614274
0.12476517
0.20731017
-0.1724246
-0.021869207
-0.122459434
0.11831503
0.18431154
-0.12338495
-0.19539712
0.16391583
-0.046226595
0.07694083
-0.01890782
-0.034035407
-0.043218836
0.0474085
-0.18989518
0.07930301
-0.18615824
-0.18103004
0.1576139
-0.086702
-0.18385708
0.17736724
-0.020486964
0.16005519
0.08111944
0.040831286
-0.11195099
0.048814777
0.13780575
-0.09060761
0.14779197
-0.18914112
0.118230924
-0.12486903
0.0032910137
-0.15842697
-0.048722517
0.056981765
0.049347762
0.1976044
0.042834196
-0.018762732
0.11529694
-0.151032
-0.12512855
0.14477569
-0.18269818
0.10850175
0.051347625
-0.1926238
-0.061537035
0.03903331
0.022249686
-0.05831557
0.015354943
0.040786214
-0.059055183
-0.12381829
-0.05906672
0.07967286
0.15571406
-0.15613808
0.020726906
-0.11076925
0.0038151664
0.07240865
-0.00906483
-0.14485067
-0.026073297
0.03374446
0.016365275
0.048185606
-0.090302475
0.14720221
0.08423786
0.056159135
-0.10950915
-0.18449381
-0.014189542
-0.009972778
-0.17821206
0.1930078
0.13406062
0.1542672
-0.16790853
-0.16470541
0.13833944
-0.0808288
0.05425796
-0.049302436
-0.18039441
0.15627569
-0.1211645
-0.12349414
-0.071803756
0.011185355
-0.005772367
-0.123561636
-0.08125079
0.016358549
-0.0722121
0.044435836
0.005306226
0.033365272
0.015303962
-0.0040231575
0.05280672
-0.22547819
0.0838672
-0.0816675
-0.035984244
0.1231908
0.1706512
-0.10393087
-0.232639
0.10685183
0.008484925
0.16596718
0.044166133
0.04509106
-0.17445335
0.045833964
-0.11813825
0.11749283
0.1451982
-0.113567255
0.10499604
0.12661156
-0.17579454
-0.07811835
0.009414822
-0.16936749
-0.19202101
-0.036577847
-0.070156746
-0.11862062
-0.032590512
0.07629897
-0.019349618
0.011413113
0.16723369
-0.1997956
0.022463998
-0.14491205
-0.19768034
0.14106402
0.0064985263
-0.16849092
-0.20832087
-0.06764568
-0.16721156
-0.04396209
-0.16848505
-0.21042973
-0.072345406
-0.18229443
-0.044544406
0.16809754
0.067197785
-0.13242753
-0.22749317
0.021650014
0.09960339
0.091288574
-0.03973528
-0.07373484
-0.15757686
-0.13793185
0.15827495
-0.23149817
0.03461499
0.13475138
0.060552653
0.1471137
-0.11513657
-0.024517812
-0.08409036
0.18691629
0.06640439
-0.08701182
0.013947725
-0.1711972
0.06872599
0.104610726
0.058711823
0.19239992
-0.21200243
0.08399816
-0.12763278
-0.10075156
0.025281552
-0.061708003
-0.13793424
0.0008267814
-0.051739935
0.007921153
0.120245546
0.013972527
0.018708497
-0.13051657
-0.09513236
-0.086462244
0.15736598
0.03974509
-0.22506954
0.06383219
0.06986436
-0.017440908
-0.08788168
-0.10688334
-0.13654351
0.02151905
-0.048020948
0.035296127
-0.10079409
0.030499127
0.025033016
0.07801158
-0.1075505
-0.16386287
0.1903613
-0.064400755
0.056398943
-0.124519624
-0.041978214
0.10773262
-0.21401623
0.030802479
-0.15285178
0.03392926
-0.05013677
0.08937966
0.039535712
0.10826611
0.106854714
0.1762274
-0.0048558284
0.0046405364
0.14932184
-0.11049928
-0.16089292
0.07791658
0.1690918
-0.1964005
-0.08716095
0.13140799
-0.1759145
0.11710845
0.15636793
-0.1741552
-0.14264493
0.17412528
-0.13146731
0.03440328
-0.075787
-0.064219974
-0.15920791
0.054494902
0.18782377
0.122903354
0.047590245
-0.036676377
-0.05802563
-0.12626778
0.095725276
-0.1588721
-0.17903419
-0.0290016
-0.19477172
0.001001219
-0.13041782
-0.07768209
-0.14818731
0.030436935
0.13306972
-0.18981627
-0.16593634
0.11022607
0.09744663
0.090445966
-0.0018987383
-0.06751223
0.036032088
0.15010507
0.04127038
0.15811844
0.16349378
-0.083650224
0.14132035
0.022289304
0.041647196
-0.016314158
-0.18354464
-0.17514767
-0.09732496
-0.047580432
0.13527365
0.03492068
-0.035538707
0.019689852
-0.22183204
-0.00081637525
-0.22952355
-0.20041934
-0.05912734
0.07105494
-0.13614327
0.1422559
0.076723844
-0.12034604
-0.046246987
0.07795592
0.06296826
-0.23302314
-0.12514685
-0.23990382
0.0048391866
0.09742853
0.022816608
0.07974896
-0.18553215
0.1239911
0.09377476
0.11417255
-0.08745905
0.08220256
0.023022927
-0.12520856
0.16745271
-0.17699675
0.003588083
-0.17401299
0.16456507
-0.15031569
-0.02699996
0.10064543
-0.0517447
0.045711882
0.07802906
0.15170068
0.058412615
0.078291
0.12147233
-0.055708334
-0.1274157
-0.053600464
0.014215321
0.05027795
-0.045514487
0.08896055
0.092630774
0.010960766
0.07088633
0.08951863
-0.11409709
0.16112731
0.15433298
-0.077347994
0.016631182
0.037447516
0.1521358
-0.07935975
0.12262947
0.10362044
-0.11487766
-0.051374346
0.22228688
-0.075241394
0.02233254
-0.018285796
0.12730415
-0.007968465
-0.14979345
0.098432034
0.06697835
-0.021519238
-0.010319357
0.16454837
-0.0033238165
0.061267827
-0.15810254
0.0034696897
0.1264242
0.001662256
-0.17098841
-0.052009437
-0.046720166
0.16307622
-0.13873209
-0.0071181236
0.09221924
-0.109588325
-0.00017823528
0.064829975
-0.08112583
0.049268138
0.1208886
-0.0738415
-0.019953595
-0.14382273
0.039888773
0.023455987
-0.10035024
0.13450134
0.105635315
-0.09507045
-0.05365997
0.0328294
0.0571268
-0.16812606
-0.0012627804
-0.055453777
-0.04091608
-0.11430516
-0.036069695
0.13504729
0.10867885
0.14110976
0.0011940212
-0.12190146
-0.15171175
-0.13388473
-0.0413585
0.09924227
0.07046992
-0.0716102
-0.009872703
-0.10891284
-0.03369642
-0.20585859
-0.082220845
0.028399985
-0.18812402
-0.18948363
-0.1167855
0.13165133
0.11220076
-0.073145285
-0.15887816
0.08231455
0.09372565
-0.18106122
-0.008386577
-0.11718342
0.00051694043
-0.14742059
0.1675654
0.17973137
-0.0029506246
-0.17406265
-0.17740227
0.12160538
0.10492905
0.09716722
0.037714504
0.13664491
0.1755914
-0.009703917
0.17522232
-0.17312495
0.028401082
0.012047993
-0.08438068
-0.16176656
0.1138289
-0.19621497
-0.090164065
-0.10136992
-0.19726823
-0.0551294
0.19291002
-0.20211162
-0.106231615
-0.049923677
0.045923654
-0.103136115
-0.09498796
-0.009690385
0.099121034
0.17037831
-0.1978565
-0.18512897
-0.0135311615
-0.12339902
-0.104520775
-0.040417604
0.03402675
0.18290813
-0.0761955
0.078982115
0.023104906
-0.10108908
-0.1654085
0.04043986
0.03867915
0.040108122
-0.11305284
-0.09897535
-0.0817237
-0.187719
-0.14540127
0.10443621
-0.13732438
-0.14017554
0.045009058
0.05951282
0.010156826
0.03393597
0.010600525
-0.06637095
0.032080527
0.14364897
-0.019692166
-0.028741347
0.025703538
-0.18319936
0.12508151
-0.08963922
-0.13942397
0.20233107
-0.0036510497
-0.0129758045
0.024977421
0.13266416
0.03071223
-0.057787318
0.023028474
-0.11657613
-0.117220335
-0.03906037
-0.06454262
0.09370639
0.15919578
-0.10319172
0.12909536
-0.11419312
-0.025772009
0.09215505
-0.08632841
-0.13379373
0.13143896
-0.06715544
-0.011464487
-0.040967435
-0.027859803
-0.12643737
0.03971871
0.05700781
0.10513081
0.13075183
0.24294055
0.21174586
-0.015244068
-0.11095196
-0.16847561
-0.02016302
0.039118007
0.045713715
0.09279513
-0.151753
0.14174405
-0.05827539
-0.12669042
-0.016801111
0.1635535
0.12194053
-0.09835204
-0.08208549
-0.08067071
-0.19398838
0.12577559
0.1414656
0.1539457
-0.12962739
-0.21935953
-0.109561704
0.1458411
0.075550795
-0.041122425
0.13577928
-0.14372185
-0.093404084
0.1135193
-0.2208159
-0.13023053
0.16734211
-0.10803555
0.0745547
0.06680861
-0.24948746
-0.06776316
-0.019286988
-0.12562573
-0.12621766
-0.1925637
-0.10436265
-0.07747529
-0.14550203
0.080761954
-0.21672666
-0.059692156
0.042384278
0.058985326
0.021349085
-0.22202857
-0.2526042
0.0147093525
-0.0680431
-0.23411195
-0.22937426
-0.2114467
-0.24332494
-0.057250544
-0.14894147
0.0030647146
-0.07998268
0.076071694
-0.1530896
-0.18509431
-0.16530389
0.077439874
0.00067625433
-0.046800885
-0.066805646
-0.08168181
-0.021102715
-0.03804427
-0.09980832
-0.07224218
-0.10954046
0.08610422
-0.1113594
-0.116235085
-0.26678574
0.030241845
0.06986752
0.03944572
-0.057712596
-0.2062507
-0.27333996
0.043482695
-0.20759766
-0.5112104
-0.62388253
-0.7363618
-0.54027045
-0.38706475
0.059980895
-0.31954774
-0.21386112
-0.5181852
-0.6501602
-0.18396735
-0.07493108
-0.08267274
0.08375945
-0.15125139
-0.0041711587
-0.16198419
-0.14210539
-0.2306247
0.15180264
0.053667285
0.03190621
0.056263223
-0.21476087
-0.049622294
-0.1379883
0.37100166
0.33340013
0.35615587
0.20622408
0.20327418
-0.035644926
0.078906864
0.25007087
0.3399303
0.4718941
0.42772844
0.41041896
0.048816938
0.23788698
0.3555062
0.55490327
0.6163224
0.49106276
0.37816164
0.17734602
0.34526825
0.07181526
-0.07599626
-0.13020615
0.18702145
0.09930007
-0.087235145
-0.15062293
-0.0761075
0.1393578
0.17170133
0.1872737
0.1180176
-0.11930391
-0.0056601237
0.045955
0.05538617
0.08842637
0.09811439
0.12487925
0.054451153
-0.028242232
0.11448887
-0.07682799
-0.10546378
0.03898116
0.10031279
-0.12044529
0.084532306
-0.043182172
-0.1277144
-0.17933238
0.016309813
-0.061325293
-0.023528986
0.10741999
-0.0022581466
0.11804752
0.13144985
-0.18711041
0.12500331
-0.11299054
-0.03267263
0.026591813
-0.054068804
0.13483213
0.1137844
-0.10715205
-0.1892902
-0.26789474
0.044578403
-0.121695966
-0.25065228
0.06264339
-0.02288503
-0.13874008
0.09786346
0.07418257
0.0691145
-0.011425872
-0.021229593
0.141992
-0.20635453
-0.1769632
-0.10362368
0.16586177
-0.14148179
-0.119307995
-0.20980522
-0.123673886
0.052678842
0.0035407261
0.16437347
-0.15874298
-0.058677852
0.13438208
-0.1163668
0.075562
-0.06923786
-0.17145003
-0.026848247
-0.116389565
-0.01321522
0.11164342
0.12488079
0.040442675
-0.038826305
-0.11362215
-0.057433765
-0.11017929
-0.12290676
-0.06531105
0.16583687
0.12528147
0.034719497
0.13233499
0.091241576
0.15066943
0.18182386
-0.16373713
-0.0059543145
-0.21623242
0.06829549
-0.18058765
0.0692309
-0.053596973
-0.21133655
0.046110436
-0.18922183
-0.13410676
-0.07771172
-0.17385939
0.029556898
-0.15721147
-0.12860128
-0.114758074
0.013697182
-0.027360631
-0.15392177
0.09450622
0.13198139
0.06444114
0.021767337
-0.22932301
0.12385949
-0.19084959
-0.036259074
0.12517333
-0.18546113
0.13427691
-0.06233564
-0.10194561
0.1775961
-0.13024509
0.1673257
-0.19737758
-0.027420316
0.045054946
0.08161248
0.110016674
0.1515673
-0.17206892
0.20186535
0.061544564
0.19181211
0.09590233
-0.024707355
-0.04077926
0.091058135
-0.16920127
0.074335605
-0.12006073
-0.2389462
-0.07506459
-0.05763556
-0.15325712
-0.20287633
-0.07081677
0.12539503
-0.10939182
0.04395858
0.13655373
-0.15378773
-0.08239577
-0.19171548
-0.23067497
-0.0052604554
-0.09648827
0.122734986
0.13765235
-0.017415233
0.12127448
0.043115295
-0.19501624
0.1638391
0.14603844
0.03521785
-0.09501763
-0.05537468
-0.04085611
-0.16967158
0.10594255
-0.007899197
0.16833067
0.037179053
-0.08179794
0.030193003
0.03239129
-0.1558003
-0.09904486
0.19663769
0.21024862
0.13661838
0.04888889
-0.07468889
-0.12346162
0.025683582
-0.17096733
0.04284804
-0.18242866
0.03614327
-0.09496721
-0.09107888
0.012195152
-0.044268195
-0.011644439
0.04951141
0.038764305
-0.25274006
-0.040643375
-0.063671775
0.047891762
0.10711671
-0.16396052
-0.14930947
0.003566563
0.044775605
-0.04171943
0.08228717
-0.16870938
-0.05610022
0.042760298
0.08123883
-0.10873453
-0.044857066
0.015939293
0.03138663
0.15163206
-0.13036698
-0.20439656
0.0563416
0.11267368
0.028875822
-0.1678804
0.1450383
-0.04398195
0.09375812
-0.051290203
0.11014696
0.0809891
0.14959136
-0.1882159
0.15206535
0.086636186
0.123178
0.18168479
0.04053178
-0.15665841
0.1526505
0.012730288
0.12440865
0.034375105
-0.18674648
-0.06672966
0.03200116
0.020400273
0.06617321
-0.09465973
0.07039209
-0.069736294
-0.13823222
-0.019674622
-0.009866576
-0.17425197
0.17929307
0.16773422
-0.15590288
0.1855091
-0.19870606
0.0313014
0.121188276
-0.027231881
-0.054884266
0.17803274
0.14375043
0.17824458
0.10628571
0.1864096
-0.12899022
0.16172278
0.061009936
-0.18912472
-0.048382394
-0.14048536
0.13813174
0.032971304
-0.038372755
-0.036684614
-0.19758245
-0.1751948
0.03959989
0.035800032
-0.108853735
-0.054728545
0.07284341
0.08150837
-0.14208336
0.12510991
0.030125713
0.19411519
-0.010801938
0.119478494
0.07555969
0.10207661
0.09809719
-0.036821723
0.15067919
0.074581146
0.17831838
-0.1889347
-0.15384498
0.03806847
-0.15754424
-0.040209707
0.03813726
0.081148975
0.11453422
-0.029530002
-0.09487165
0.009472974
0.0328621
-0.23980622
0.019508356
-0.08918629
-0.19128917
-0.026558109
-0.16960217
0.105271064
-0.10052315
0.18806873
0.14423059
-0.09535976
-0.26470834
-0.19549274
-0.24987729
-0.15865561
-0.05655648
0.13360065
-0.19859871
-0.22046879
-0.11240888
-0.19571783
-0.07559767
0.016765172
0.112910196
-0.05335801
0.08703443
-0.09789953
0.022106482
-0.10377732
0.058952417
-0.14544727
-0.19256747
-0.15106274
-0.09592689
-0.19153641
-0.04906497
0.111165814
0.07944669
0.12237691
-0.07614823
0.04103424
-0.112714685
0.15626019
0.15004487
-0.13022137
0.1375933
-0.09857358
-0.14514951
0.120829
-0.082832605
0.17231256
0.11309107
-0.03352717
-0.014323352
-0.120016225
-0.09693615
-0.18123126
-0.16297476
0.18229719
-0.025655195
-0.07774069
-0.16267808
0.0734828
-0.18744014
-0.17708527
-0.15920994
0.1561984
0.1685984
-0.024445772
-0.20186776
-0.16396084
-0.05288115
-0.06913743
-0.18304728
-0.036338717
-0.12401523
-0.17465809
0.12553106
-0.19312346
0.061766796
-0.13869631
0.13720484
0.1560934
0.10033726
-0.0011419668
0.11434676
-0.0060105296
0.17262149
-0.18298964
0.008880274
0.1618359
0.010235378
-0.020904006
0.13244493
-0.022887304
-0.10646397
-0.20272219
-0.11592132
0.0033173698
-0.06302824
-0.13096511
0.11583794
-0.13760778
-0.13166782
-0.03929557
-0.1789978
-0.18991594
0.12236861
0.17783251
-0.16916114
-0.08022571
0.09486584
0.13822757
-0.19036716
0.000866535
0.07701483
0.05784557
-0.12600388
-0.06315255
-0.18916745
-0.0093524335
0.15447561
-0.022362119
0.0528222
0.12273445
0.08898739
0.16659714
-0.1468155
0.11410785
-0.13367166
0.12845996
-0.10154288
0.002835281
0.17527582
-0.20960505
-0.07716669
-0.10217687
-0.10181141
0.17220008
-0.10535338
-0.15452473
-0.11691258
-0.067819946
0.08688275
-0.07278652
0.022187935
0.10048544
-0.03953945
-0.04228598
0.08843167
-0.13948952
-0.07449372
-0.09433504
-0.002356443
0.16088569
0.046674915
-0.15959698
0.0028046528
-0.23803078
-0.08746811
-0.038520914
0.13117382
-0.073592454
0.077358015
-0.19547936
-0.15722612
-0.08456185
0.06708411
0.009549595
0.0049634133
0.038116287
-0.31192186
-0.0063040857
-0.08379995
-0.04344989
-0.24450864
-0.18326083
-0.2652013
-0.265327
-0.25827205
-0.18712254
-0.27647242
0.06377844
-0.27481353
-0.24363232
-0.27886918
-0.09229832
-0.1419494
-0.28965583
-0.2643551
0.11631874
-0.007939557
0.0906703
-0.203141
0.07652462
-0.08306358
-0.09932607
-0.12597989
-0.14242704
0.14911462
0.14650485
-0.2108914
0.07112844
0.19093226
0.08195037
0.1883487
-0.19044429
0.022549298
0.09918415
0.16801308
0.065599605
0.12814145
0.21519215
0.0669389
0.20109592
-0.03152325
0.20171687
0.074338295
0.12254046
-0.022550087
0.055958264
0.028307958
-0.01816597
0.14222313
-0.10421135
-0.18914902
0.11998519
-0.078907095
0.050398134
0.09941094
-0.11774078
-0.027370078
-0.19315612
0.11880009
-0.0074546635
-0.019391235
0.007843757
-0.14438704
0.16120571
-0.21501529
-0.19390172
-0.16279703
0.07011732
-0.11840083
0.09737177
-0.025629813
-0.072839096
0.16384926
-0.04530584
0.1689917
-0.061041877
-0.029939298
0.16113111
-0.16815205
0.17646408
0.009221988
0.09742962
-0.11306092
0.06412649
-0.13468102
-0.18277021
0.0948072
-0.18919931
-0.05422501
-0.00855484
-0.11765813
-0.019263005
-0.06180349
-0.19823626
0.08769866
-0.18263128
0.072654106
0.15397437
0.081666894
-0.0719375
-0.12880863
0.19325572
0.074783705
0.17501485
-0.13365933
-0.11758182
-0.11916716
0.1438143
-0.12005751
-0.1495033
-0.017920598
-0.15600714
0.06204757
0.14025947
-0.09485437
0.1881481
-0.100096464
0.19160524
0.08699342
0.099965855
0.17109646
0.028292678
-0.01858944
-0.01417815
-0.07518989
-0.064824104
-0.1090245
-0.01445226
-0.13247475
0.049384944
0.1992496
-0.20171611
0.1347804
-0.053798694
-0.11483192
-0.041548315
0.038775723
-0.17005156
-0.19301397
-0.042081315
-0.04958286
0.15466747
0.09674427
0.0006185935
0.17017382
-0.15324645
-0.14883143
0.0901568
-0.14042957
0.15349519
0.029312568
-0.1676073
0.021461224
0.092819765
0.14883581
-0.19781074
-0.16121073
0.023753222
0.10290064
-0.17073783
0.00803583
-0.039665703
-0.20259206
-0.15864499
-0.12933043
0.03496491
-0.04110206
-0.0037059034
0.039333444
0.08685258
0.15634009
-0.1666889
-0.1359757
0.01937114
0.06446557
0.08707047
0.15873638
-0.10049658
-0.13552204
-0.051885758
-0.15919247
-0.04264035
-0.18176591
-0.007785032
0.1402838
-0.04784619
0.18212987
0.14162831
0.085830584
-0.12809457
0.0997646
0.18631451
-0.13976312
-0.16852993
0.18784167
0.032592658
-0.045371376
-0.14736387
0.023048908
0.16579658
-0.08536189
0.14782831
0.15760708
0.044641
0.16940558
0.10629751
-0.07197575
-0.17773895
0.02898606
0.16481766
-0.11739586
0.10348969
-0.018799243
0.086263426
-0.002720406
-0.071944356
0.1422836
-0.17931373
-0.19655576
-0.19426489
0.06955866
-0.1651846
-0.19075583
-0.09036751
0.06418281
0.026271077
0.16705506
-0.0591597
-0.0255304
-0.12368547
-0.19524364
-0.05113586
0.07635861
0.12710884
0.078007706
0.14942467
0.03816159
-0.0043722
-0.14326353
-0.23682792
0.23394695
0.58835334
0.44541034
0.45686495
0.569151
0.45478886
0.12997687
0.37909868
0.47268614
0.2724403
0.2927001
0.43436366
0.027432887
0.32055503
0.08314134
0.12036758
0.32038385
0.5069802
0.037310917
0.079956844
-0.20517762
-0.108408615
0.028240658
0.09557826
-0.027485246
0.20566583
0.07876003
-0.050785974
-0.01938063
-0.0816698
-0.14511283
0.06991846
0.03575588
-0.05793968
-0.30221465
-0.34530333
-0.10365926
-0.21566351
-0.022943543
-0.17216668
-0.22453041
-0.2499442
-0.48017672
-0.36926454
-0.5367512
-0.56477576
-0.47572595
-0.38499558
-0.5368671
-0.089043766
0.12397836
-0.05072395
0.11436326
0.043482803
0.016704377
0.13919117
-0.19767499
0.074514866
-0.023855893
0.1252538
-0.1813019
0.074815616
-0.14233826
0.027220871
0.01816363
-0.14728703
0.11087677
0.0063584675
0.036696304
0.07319076
0.07526492
-0.16149126
-0.08603927
0.07547054
-0.10365659
-0.12549995
-0.06574822
0.03412684
0.112897575
0.031631067
-0.045774493
0.093465514
0.1778254
-0.0911228
0.063123465
0.10175058
0.063285165
-0.0336543
-0.06512893
0.10519496
0.15009227
0.1085253
0.08875909
0.03784539
-0.10861334
-0.09444817
0.052039534
0.12512442
0.07779466
0.14831506
0.036248937
-0.030645551
-0.03781782
0.13406064
0.0063079214
0.16565424
-0.1596469
-0.03051651
0.057046935
0.031164674
-0.008549449
0.035438832
0.17472187
0.024242893
0.106278494
0.20665874
0.0060286294
0.07507408
0.08280191
0.07658717
0.18746863
0.019198857
-0.020779654
0.11465544
-0.025108108
-0.1456918
-0.013020724
0.13207236
-0.110941395
-0.042076085
0.04894213
-0.037652858
0.1463564
-0.15808418
0.081809714
-0.18622279
0.03066583
-0.15177262
0.15879378
-0.03049346
-0.22949955
-0.059973467
-0.04282759
-0.0599458
-0.17041379
0.08271494
0.03134118
0.010142224
-0.087982476
-0.11634351
-0.03522379
0.016257284
-0.039501794
-0.16717535
0.053558886
0.17936225
-0.09669672
0.19096291
-0.029216116
0.060513314
0.06094593
-0.011718154
-0.0046518077
-0.0727001
0.06297997
-0.16295439
-0.19411911
-0.11621446
0.11973092
0.12678888
-0.19696382
0.11673226
0.048514117
0.0656383
-0.16245641
-0.16953462
0.16416024
-0.13219571
0.08992633
0.014033187
0.04224255
-0.086504266
0.14891131
0.057116207
-0.13137138
0.08874271
0.028235497
-0.16773403
-0.035002787
-0.19696587
0.02701418
-0.136452
0.06745937
0.12121518
-0.07017592
0.078432344
-0.16042857
-0.046885204
0.18304954
-0.12879539
-0.12621398
0.0012729621
0.10168086
-0.08037739
-0.12831832
-0.026184209
-0.034416836
-0.04981232
0.09408514
-0.11612305
-0.14544272
-0.12780981
0.028460687
-0.09197614
0.030809114
-0.1894375
0.17845441
-0.027178032
0.012610932
-0.09145842
0.118732736
0.032518614
0.045444243
0.056118578
0.12966682
-0.08483075
-0.03791064
0.026491288
-0.09728097
-0.03916067
-0.03864406
-0.003156586
0.19169337
-0.054308247
0.11556659
-0.05075842
-0.14381912
-0.14500435
-0.17843321
0.11925779
0.117409475
0.19578709
0.014109609
-0.08601591
0.14782417
-0.10156423
-0.10482155
0.1600667
-0.059271388
0.042651314
-0.02093377
-0.12314352
-0.08436897
0.081212774
0.04875281
-0.1281621
-0.12532108
-0.19706067
-0.046067618
0.026030688
0.10182358
-0.026148446
-0.0994532
-0.05641594
-0.06532756
0.12752782
0.010397681
0.07430119
-0.17751946
-0.016878977
0.16689001
0.16180304
0.15009207
0.19055016
-0.088261634
-0.1455256
-0.031898774
-0.03129941
-0.034389414
-0.15013039
-0.06375457
0.027760932
0.020957546
0.16008382
0.055867564
-0.12990677
0.1794952
-0.19854519
0.008832536
-0.04281602
0.057529483
-0.10638109
0.09672608
0.12494718
-0.17570095
-0.08616874
-0.21611656
-0.32629493
-0.17454007
0.025559044
-0.32047966
-0.0107258195
0.030980319
-0.0907126
-0.24237433
0.050824337
-0.272714
-0.2076625
0.02175503
-0.19473574
-0.039357506
0.046947405
-0.189487
-0.24408352
-0.039417796
0.095272064
0.0625805
-0.07033741
0.17800738
-0.16059966
-0.08586923
-0.005726823
-0.14565426
-0.20348148
-0.14569335
0.08349664
0.21214786
-0.102132834
-0.058924086
-0.0776627
-0.06519933
0.10924948
0.24686468
0.16561471
0.26909027
0.16291745
0.038306013
0.07177533
-0.036605373
0.059088126
0.24151084
0.26836202
0.32900077
-0.16275483
0.0867015
-0.054873843
0.19351804
-0.05808105
0.07370794
-0.016188242
0.09155733
-0.18226239
-0.18123741
-0.08006753
-0.09143493
0.013887775
0.057610843
0.19242692
-0.06611336
-0.067039944
-0.033502247
0.17358367
-0.20334227
0.017890848
-0.17632471
-0.18792287
0.058376268
-0.05200604
-0.17233548
-0.055169154
-0.10531203
-0.15446344
-0.15012231
0.10080616
-0.11953349
-0.1352674
0.059818357
0.15374401
-0.19406758
-0.12275595
-0.09728277
-0.19657257
0.04163893
0.112253636
0.14962688
0.05269541
-0.16156119
0.16077444
0.12894212
-0.060017776
-0.0980808
0.12280972
-0.08097991
-0.17265137
-0.17786944
0.023229392
0.023831505
-0.052797344
-0.008187429
-0.09740556
0.13746361
-0.24292296
0.039979734
-0.1322606
0.00017343157
-0.11023775
0.032122348
-0.15037327
-0.21459231
-0.022848044
-0.12946333
0.07615901
0.19988205
0.20135441
-0.081690565
0.15384588
0.14383446
-0.15951192
0.20040211
-0.002932285
0.046249866
-0.13630311
-0.06775842
-0.083782904
0.066057764
0.011594984
-0.06810976
0.03857998
0.18799408
0.02717301
-0.1178736
-0.11704169
-0.101519614
0.14435604
0.0039556525
0.09676205
0.026519245
-0.1353929
0.19352525
0.005526978
-0.046465725
-0.041382115
0.23017637
0.059260353
0.007621144
0.08406414
-0.0997313
0.06434442
0.199643
-0.026775023
-0.17221947
0.11753571
-0.015590893
-0.18525422
0.091854796
0.053910963
0.0006769623
0.15810104
-0.026446065
0.014502141
-0.08175554
0.08362306
0.08373301
0.1284789
0.012719587
0.10668588
-0.11732211
-0.10432458
-0.15171923
0.08891846
-0.10249712
-0.06052312
0.12142841
-0.15085799
0.070030615
-0.11064276
-0.043306362
0.13530046
-0.071866445
-0.11576663
-0.0568274
0.14465308
-0.2362512
0.11973101
-0.03669055
-0.124610476
0.07188476
0.009622715
-0.12977101
-0.14794792
0.0053310916
0.10783794
0.17527834
0.06495549
0.16552782
0.056263216
-0.15242201
-0.03793031
-0.18412644
0.039976675
-0.019688167
0.13878503
0.15476814
0.0859812
-0.14470343
0.08276113
-0.17106833
-0.0332543
-0.13935049
0.14938203
-0.21697274
-0.11350635
-0.078354165
-0.036354374
0.16671799
0.08092012
-0.20661986
0.021132704
0.15843186
0.1622238
-0.17945825
0.05720442
-0.06944146
-0.022565043
0.09062678
-0.20462921
0.0135729415
-0.06003783
-0.19275665
-0.10904759
0.0018250982
-0.19972481
-0.0788598
0.108220965
-0.057918433
-0.23750345
-0.22179101
0.07246224
-0.22981243
0.06377153
0.044256188
0.118174106
0.10221554
-0.06650748
-0.01794307
0.0037290717
-0.16320843
0.06595073
-0.13105687
0.19322415
0.0687471
-0.016573086
0.04634436
0.062111124
0.15889807
0.031188406
0.017063003
0.06782104
0.1477504
0.10492942
0.10927656
0.119175866
-0.025501078
0.014861484
0.098354794
0.10530662
-0.117109776
0.015825128
-0.071264885
-0.08246408
0.023092654
0.0074357423
-0.17445311
0.05544018
0.122595854
0.08033182
0.029984003
-0.077631734
-0.10888319
-0.06609567
-0.18366888
0.041931108
0.021974817
-0.18327239
-0.12786852
0.03948128
-0.08239067
0.124389835
0.14494583
-0.2101815
-0.14065339
0.0070481123
0.047039315
-0.07881796
0.11413746
0.0005633173
0.10210464
0.0032993006
0.01798947
-0.0917485
0.16276783
-0.101869725
-0.093331225
0.12820224
0.1584254
0.15125956
-0.059593905
-0.11817515
-0.13164921
-0.13459454
-0.0342197
-0.18001015
-0.15886869
-0.078710385
0.10076193
-0.20608918
-0.14734857
-0.21587108
0.05170613
0.06290127
0.0809806
-0.1276623
0.17644313
0.15917715
0.16696623
-0.076966584
-0.053227264
0.06486954
-0.11314703
0.08817616
-0.1020616
0.08507806
-0.029905897
0.035610475
0.1018091
0.0070033856
0.035960056
-0.14473963
-0.16044444
-0.16038899
0.16970068
-0.017213643
-0.0049653123
0.09030404
0.121076494
-0.061927117
0.13721678
0.030599453
-0.19932514
0.03264687
0.139686
-0.1051311
-0.11556805
0.04823639
0.1863885
-0.18360482
-0.089873664
-0.105323896
-0.098193765
0.15723576
0.0660281
0.19322129
0.06395339
0.16636641
0.025593573
0.17607175
-0.10931368
0.048310865
0.10646934
-0.080084525
-0.0004395828
0.13407151
0.15772413
-0.19741371
0.1092719
-0.022334293
-0.1113449
-0.051863965
0.12799293
-0.12234835
-0.20709537
-0.1516204
-0.18421406
-0.21342336
0.101349846
0.11922635
-0.058332935
-0.10794187
-0.29947773
-0.518798
-0.48756394
-0.16390085
0.08177427
-0.17987551
-0.32307723
-0.4473252
-0.37451863
-0.3986153
-0.2288191
0.09966385
0.022018515
-0.28812438
-0.4024975
-0.34034595
-0.24164544
0.0070560514
0.3455144
0.15277265
-0.023713043
-0.23177439
-0.08532975
-0.0053250706
0.28487313
0.44246426
0.1811468
-0.15647586
-0.04703742
-0.2253331
-0.03367189
0.28133172
0.41318387
0.012121713
0.17088883
0.104970165
0.19181171
-0.117268234
0.16004467
0.42776513
-0.14517269
0.13826013
0.2590778
0.1184379
0.08145555
0.36015812
0.386223
-0.027533604
0.068095915
0.028972179
-0.12218284
0.12006974
0.13324971
-0.076451145
-0.09188892
0.13297658
-0.047429707
-0.22890534
-0.21940659
-0.029424237
0.110894576
-0.15727556
0.1148215
-0.16300955
-0.033128083
0.039454352
-0.12876701
0.0780433
-0.2293528
-0.03519158
-0.025261883
0.044629663
0.06432153
0.013848932
0.11908383
-0.08179669
-0.049639527
-0.05512001
0.18384582
-0.020256346
0.15452603
0.22073498
-0.21605484
-0.19256353
-0.13018331
0.021810325
-0.024729723
-0.09985339
-0.043000635
-0.016078282
-0.089576274
0.012169451
0.13745803
0.083259284
0.12580726
-0.10210942
-0.16069444
-0.020248743
0.20184907
-0.19597101
-0.13544622
-0.078429125
-0.07666087
-0.0018580826
-0.011765223
0.05682016
-0.15798834
-0.079987004
0.107743286
-0.19798502
-0.12348542
-0.091938205
-0.027254082
0.05392999
-0.17968942
0.16717814
0.11248392
0.03905045
0.019375477
0.06647223
-0.10522244
0.14730513
-0.17513418
-0.09695196
-0.1429585
-0.15501796
0.1437752
-0.108723864
0.1468027
0.1337435
-0.17587544
0.07658282
0.09824948
-0.16864075
0.13906898
-0.186497
0.101788476
0.10755266
-0.11105337
0.089362584
-0.09888452
-0.12962945
0.01901806
0.1412813
0.07882899
-0.19701836
-0.30098492
-0.13624579
-0.09598472
-0.20030792
-0.10495055
0.0475539
-0.24688873
-0.16438074
-0.087991424
0.053097885
-0.17370738
-0.090697624
-0.048736174
-0.19298175
-0.21924041
0.08349051
-0.18830378
0.041866116
-0.066314764
0.08133735
-0.06262558
-0.24505413
0.008781262
-0.21129599
-0.14209837
0.04965678
0.19850743
-0.02795277
-0.21752734
-0.19810621
-0.055345852
0.043614347
-0.15481593
0.15820438
0.14065997
0.13172272
0.10801664
0.14761326
-0.0723521
0.23350756
0.09187462
0.031030541
0.02064602
0.0036468154
0.088864304
0.039694794
0.051341817
0.02529842
-0.19744515
-0.102594785
-0.08379075
-0.0032728496
-0.027347615
-0.100672625
0.15251586
-0.22400407
0.054689866
0.1345975
0.13115324
-0.10482932
0.047073983
-0.040243533
-0.21115357
0.15085618
0.029083736
-0.22970755
0.11283252
0.10377009
-0.08970986
-0.16337723
0.042105515
-0.0824674
-0.22449443
-0.1603613
0.16986267
0.07640217
-0.07768958
0.042610683
-0.08248505
-0.08338411
-0.02071419
0.1735898
-0.16225146
0.11714224
-0.17323756
-0.024906535
-0.096336275
0.14241426
-0.11411019
-0.115991175
0.10513115
0.11605547
0.042201534
-0.024362683
0.1208805
0.15819266
-0.058632217
0.12954077
0.045837443
-0.0059601944
-0.12271475
-0.19711173
-0.14309031
-0.08275508
0.027446397
0.12031548
0.07439878
0.0027228782
0.14848325
-0.20643471
0.09198615
-0.21144299
0.047229573
0.15268579
0.14600699
0.10652938
0.006210894
-0.027702905
0.034149792
0.15999344
0.03487328
-0.0025905718
0.0912872
-0.18821181
0.13916902
-0.22183022
-0.081695706
-0.052145652
-0.16466588
0.16767144
-0.21123601
0.048937716
0.15836768
-0.07871671
-0.20544401
-0.009247115
0.067413904
-0.16595264
0.12534396
0.10209331
-0.08162061
-0.05737155
-0.20772965
-0.2181919
-0.1601019
-0.2052897
0.13226548
-0.16830692
0.12850527
-0.08281276
0.14774023
0.058541056
-0.02792128
-0.052792124
0.1251071
-0.057467043
-0.018979192
0.043190237
-0.042581163
-0.050781578
-0.18296896
0.14634278
-0.028437532
0.13176705
0.09732183
-0.15424563
0.07084916
0.08298433
-0.025397189
-0.059353646
-0.16314279
0.04509276
0.030103993
-0.03959162
0.123618916
-0.022866843
0.106024034
-0.094789445
0.09341398
-0.050555184
0.16740976
0.12811199
-0.105600305
-0.1879365
-0.071725085
0.115559936
-0.09502934
-0.14314553
-0.034497995
0.0019074993
0.1349732
0.03608055
0.054779973
0.12780923
0.07492885
0.19121005
-0.11794587
-0.19265747
0.12614515
-0.08984888
0.2040639
-0.07715099
-0.12207934
-0.030388085
0.1991353
-0.17290923
-0.13973132
-0.19217104
0.082020156
-0.10128416
-0.04135541
0.13397546
0.121475175
-0.06927003
-0.008049415
0.18257172
-0.12456532
0.0690271
0.17121176
-0.04516671
-0.047996078
0.19612667
0.14472629
0.02714105
0.00845208
0.13507062
0.20559138
-0.12820256
-0.026057411
0.077015296
-0.07431689
0.006063543
0.009758073
-0.15053615
-0.06546599
0.086419985
-0.13722238
-0.15847054
0.009676514
0.046388045
-0.050569076
-0.030354476
0.049020253
-0.033267155
-0.27331346
-0.16383299
-0.34365085
-0.12231098
0.014328903
0.008399362
-0.18819714
-0.012124941
-0.2111659
-0.16265614
-0.30203888
0.012254174
-0.07211293
0.095328465
0.06040136
0.08312988
-0.23185089
-0.106384546
-0.05660296
-0.19377701
0.09971126
-0.26147914
0.011341665
-0.04919811
0.09798629
-0.0076182717
-0.06260736
-0.13397051
-0.20965803
-0.08125627
0.027556663
-0.045838412
-0.031226013
0.19221039
0.03359134
-0.14718895
0.1411299
0.06841579
0.1940365
-0.09735628
0.13731883
0.20339817
-0.14281817
0.09858225
-0.0024097124
0.20985578
0.19327894
0.08359243
0.13875978
