0.0005275823
0.0010717318
-1.9484029e-05
-0.0015012646
0.0006784749
-0.00065463496
-0.0007340897
-0.0017631688
0.0015478628
0.0005375307
-0.0009964011
-0.0009858212
0.0012723217
-0.001123063
0.0012963507
0.0020376334
-0.011231269
-0.0005737668
-0.09202748
-0.0009414834
0.00081166526
-0.016360577
0.09665627
0.110164836
0.0014808434
0.00054888823
0.09771872
0.0002678042
-0.0024287205
-0.012629569
9.1928094e-05
-0.0021523722
-0.00066136196
0.00014021642
-0.0013390103
0.00010430641
-0.0004893818
-0.0011901783
8.011787e-05
-0.0008950053
0.00041162196
-0.00015331633
-0.0010942315
0.00086508546
0.0004613087
0.0015026706
0.0008343872
-0.0005246613
0.011193791
0.009365888
0.06677765
-0.00083023444
-0.0012560801
0.029629879
-0.06359734
-0.048567686
-0.0011109322
-0.0005707457
-0.019228293
-0.0016608548
0.0076266266
0.025950389
0.00017339457
-0.014239796
-0.025580736
-0.0028192035
-0.2185285
-0.0007984168
0.0004529828
-0.044475276
0.13220553
0.2889032
-0.0001948966
-0.0006930344
0.09064691
-0.0010863704
-0.011215796
-0.037912812
0.000761822
-0.022635173
0.006814741
0.005311939
0.006864663
0.0013000751
0.00035694093
-0.0005501861
0.00090248615
-0.010022686
-0.0007629492
-0.0016441894
0.001157093
-0.0016945009
0.0028702226
0.003504981
0.00077046565
0.005794369
0.0050801043
0.0013996251
0.013969072
0.0006108311
0.0002233953
-0.005765221
0.02982283
-0.008805548
0.0011105691
-0.0010030682
-0.011113036
-0.00023984034
-0.00026698195
0.0038614452
-0.001310265
0.012523691
-0.004890854
0.0030447184
0.08095006
0.0012014359
0.00050769217
0.04729394
-0.069627084
-0.03061539
-0.0014506427
-0.00020293759
-0.005733661
-8.8618675e-05
0.0040238732
0.02519062
-0.0004440459
-0.024919523
-0.05154341
-0.040142823
0.03949484
-0.00023381838
-0.00182053
0.020272437
0.043490518
0.5467259
-0.0012793684
-0.0004291055
-0.12286587
0.00025435942
-0.031599343
-0.09924152
0.00090394466
-0.046349693
-0.003380089
0.006391205
0.14942504
0.0005490136
0.000863664
0.07850324
-0.121983804
-0.06284118
4.637002e-05
0.0021820257
0.012407725
9.037047e-05
0.010689221
0.04298454
-0.0009801307
-0.032135975
2.3743898e-05
-0.0001406475
-0.008091145
-0.0014882957
-0.0015191691
-0.0014486673
0.005632145
-0.0016785116
0.0011419131
0.00030575643
0.010496491
-0.00040191365
-0.00014356323
-0.0008652532
-0.0013204014
0.0030017942
-0.044469077
-0.024179023
0.2695827
-0.0013230098
0.0013864834
0.16460025
-0.2174467
0.20032874
-0.000609215
0.0018079401
-0.091565385
0.00032857078
-0.012263519
-0.010313423
-8.961807e-05
-0.075578466
-0.014770785
-0.0090681715
0.1408235
0.00097367016
0.0013161404
0.07358688
-0.09505911
0.06354981
-0.00082066277
0.00059212756
-0.04140692
0.0010846873
-0.0026793357
-0.00029980033
-0.001174669
-0.03172211
-0.003657528
0.0001583662
-0.16005267
0.00010901564
0.0026225674
-0.028430358
0.13004614
0.03288828
-0.0013830499
0.0006398938
0.17173341
0.0013059955
-0.0018851056
-0.006295557
0.00018498798
0.00093234103
0.00068355555
-0.00023720769
-0.015107324
-0.00096612977
0.0012205077
-0.00462155
0.021767184
0.02013643
-0.000621976
0.00039037992
0.002495354
0.00026417364
0.00053562137
-0.0013596084
-0.0010414826
0.004273599
0.02300856
0.013059469
-0.027266309
-0.0011434414
0.0008411172
-0.0044249757
0.035980843
-0.025779517
-0.0017090001
-0.00072578894
0.05446916
0.001311977
0.0044428217
0.011993902
-0.00092058827
0.01847999
-0.0046559516
0.00014410641
-0.07840489
-0.0002859207
0.0015714025
-0.017574834
0.071340844
0.01291528
0.001295118
-0.00158527
0.08971814
-0.0010721575
-0.0009932207
-0.0027926462
0.0011088651
-0.00044622086
-0.03010082
-0.022870349
0.09199534
-8.298707e-05
-0.0009159137
0.06542536
-0.070786305
0.29951328
8.2226805e-05
-0.00096998917
-0.07102381
0.00019450679
-0.019763293
-0.04990942
-0.00044836552
-0.054073032
-0.019834181
-0.00569023
-0.15010038
0.001128071
-0.0021705152
-0.04395481
0.03764477
0.22123407
-0.001512855
-0.0011730853
-0.00802688
-0.00021653165
-0.009565091
-0.029852577
-0.0001608402
-0.030988276
-0.0016460712
-0.00020943981
-0.0003599233
0.0015532067
-0.00072488363
-0.0002522517
-5.9967344e-05
-0.00025929094
-0.00017982678
0.0004446408
-0.0016941458
0.00036622834
-2.2509586e-05
-0.0003825297
0.0015124658
-0.0016972073
0.0017588228
0.002004777
-0.0103346845
-0.00029552265
-0.00028325996
-0.0007591354
0.028739607
-0.026744373
-0.0015231532
-0.0008663672
0.045426723
0.0011302822
0.00376078
0.007217826
-9.6509175e-05
0.0103602465
-0.0024506687
-0.0006597888
-0.099396385
0.0013858093
0.0027761122
-0.015212801
0.07970696
0.019942852
0.0015624345
-0.0013750158
0.108899914
-0.0014176522
-0.0013657295
-0.0030872168
0.0014475879
-0.0002462114
-0.019136718
-0.008777603
-0.087746784
-0.0013419949
-0.0033395484
-0.047325715
0.078709394
0.41318393
-0.00032504904
-0.00054266106
-0.10429753
0.0009775467
-0.016453585
-0.06258957
0.000282459
-0.031098805
-0.033787586
-0.0061194883
-0.3534005
-0.00019112445
-0.001251902
-0.08161884
0.027292099
0.20256832
0.0011649312
-0.00089046656
0.040650565
-0.00013381992
-0.015241999
-0.047520567
0.0007044219
-0.061244704
-0.0002900661
-0.0009001284
-0.0002254375
-0.00012714586
0.00060656515
0.0003501815
0.000306709
-0.0017163992
-0.000330622
7.688534e-05
-0.00037978412
0.0010424126
-0.001655297
-0.00023943571
-0.001133031
-0.0014485717
0.004314913
0.0010235275
-0.058734298
0.00061281584
0.0019401793
-0.010804955
0.049652424
-0.015073761
0.00036790583
-0.0016866171
0.05990259
0.00013461293
-0.0016418431
-0.0009237655
-0.00068445376
0.010674961
-0.007440197
-0.0012445548
-0.063932605
-0.00046585218
0.0007195063
-0.016895868
0.01936893
0.093712084
0.00030117302
0.00068321626
0.008765771
-0.0014154871
-0.005317096
-0.011730045
-0.00046581618
-0.006074765
0.03290508
0.019103361
0.05539938
-0.001061188
0.0002990215
0.007157248
0.0006669745
-0.067483895
-0.0013476281
0.0012233597
-0.00018044095
-0.0010805548
0.012569027
0.024398027
-0.0005418417
0.015692653
-0.02087984
-0.00096427015
-0.19998191
0.0006832391
0.0022576775
-0.03253972
0.20087194
0.24078484
-0.0014810828
0.00078138674
0.23445149
0.0006852039
-0.008328062
-0.0259377
0.0011333758
0.0002795853
0.023208424
0.014338049
0.03043006
0.0016005413
0.0004049711
-0.00048363328
-0.006906078
-0.049655933
0.001091057
-0.00062081683
0.001493938
-0.00089143676
0.008263073
0.018382978
-0.001263372
0.008288754
0.0010175429
0.002067358
-0.068601236
-0.00037511927
0.0011693022
-0.01932985
0.1075262
0.07592134
0.00074049813
-0.00052579516
0.07570607
0.00040858053
-0.0034458144
-0.00881202
0.00018940204
0.010843449
-0.032232746
-0.015984196
0.2550437
-0.0008674608
0.00030719608
0.14364813
-0.17837463
0.09829878
-0.00082680094
0.001647887
-0.07082456
5.8835092e-05
-0.004265093
0.010134703
1.1068834e-05
-0.059528656
8.1813545e-05
-0.0006608394
-0.001127842
0.00016322944
0.0013861939
-0.0010896636
-0.0012899062
-0.0011120159
-6.529106e-05
-0.00012426976
-0.0012937248
-0.0010589929
0.00062755233
-0.0012743269
0.0013687521
0.0006792118
0.05047824
0.022996314
-0.0034187909
-0.0005475926
0.0009314528
-0.016597966
0.06450388
-0.048728745
-0.00015718162
-0.0014757073
0.007045202
-0.000671819
0.011122551
0.023895286
0.0014063213
0.041700326
0.016597016
0.021891471
0.32814753
-0.000784578
0.0020708207
0.19049962
-0.31175628
-0.048979275
0.0011887645
0.0022008955
-0.08047458
0.0008952785
0.022886788
0.09556982
0.0014782335
-0.08974557
0.00033857918
0.0034373575
0.086875774
0.000545123
0.0002362479
0.05112554
-0.10204799
-0.013999576
0.0009377518
0.0014560099
-0.03197537
-0.0006766516
0.003992886
0.01563958
-0.0014187818
-0.02948154
-0.005285607
0.00035552084
-0.07137961
4.1066643e-05
0.001819473
-0.011705471
0.09193074
0.080856994
4.5433826e-05
0.0013210422
0.09926032
0.00067314855
-0.0027096365
-0.0083423145
-0.0016005473
0.0036605236
-0.0015045011
-0.0008234932
-0.0012613335
-0.0008273164
-0.00039670907
0.0010797154
-0.0011059525
-4.64416e-05
-0.0009010989
0.0008215731
0.0006347375
0.00023222507
0.00061684835
0.0012202864
0.0015258141
-0.00036961792
-0.0016330894
0.00013682201
-0.11230858
5.3970165e-05
0.00026727482
-0.02093604
0.091790155
0.025564268
0.00020609895
-0.00037318683
0.11370486
0.0012313394
-0.0021249496
-0.0038215267
0.00047902082
0.0033288817
-0.004797929
-0.0016661496
-0.045501757
-0.00035624177
-0.0008874633
-0.006281646
0.055570666
0.05094947
0.0013387036
0.00080497464
0.061100148
0.001076788
-0.0002417577
-0.0053804046
-0.0008575484
0.0019597583
-0.025456056
-0.010189289
0.29737514
-9.245434e-05
-0.0017876924
0.16796425
-0.24793407
0.06746908
0.0006570278
0.0013761354
-0.08381802
0.0005698955
0.00025555433
0.036454853
-0.00069772184
-0.074343964
-0.002571637
0.0018610848
0.03773276
0.0007060099
-0.0009625228
0.016872842
-0.024075128
-0.032925867
-0.0013421769
0.00035841463
0.003836379
-0.00090514054
0.0022157559
0.013025788
0.00020508916
-0.0151278125
0.00770884
0.0016126541
-0.05361572
0.0005137916
-0.0015962385
-0.015166807
0.040198203
0.07248773
0.0008296154
0.0013280688
0.0056253625
0.00088723295
0.00017880823
-0.008660473
-0.0004947746
0.008511777
0.013741755
0.007295956
-0.061157126
0.0012274756
0.0019270661
-0.009598013
0.044857383
-0.011595093
-0.0009669551
-0.0008363555
0.075964995
0.0012050649
0.0028009966
0.0044211773
-0.0014731918
0.015231578
-0.00994495
-0.0036062875
0.011420334
0.0010948912
0.001852771
0.015695605
-0.003676993
-0.005940222
-0.0005350146
0.002032465
0.031432617
9.3449555e-05
-0.0006475634
0.009938928
0.00040884363
-0.018108623
-0.011463677
-0.0011500361
-0.109431356
1.1298529e-05
0.00090920913
-0.01895363
0.1292792
0.12597024
-0.0002713396
0.00082308333
0.13836356
0.0005269884
-0.003824648
-0.01211901
0.0015045345
0.0013271763
-0.025164584
-0.018826311
0.07900947
4.541165e-05
-0.0017519396
0.05817852
-0.064864315
0.26873103
0.0009904369
0.00042184177
-0.06228777
-0.00061759
-0.016903052
-0.045044757
-0.0013087888
-0.046416778
0.03371411
0.022748636
0.07923602
0.0015209675
0.001942724
0.015744368
0.00070403423
-0.09909386
0.000771759
-0.0009843512
0.030384324
0.00020956669
0.015539029
0.0367058
-0.0005112393
0.01740006
0.0031093857
-0.00054923195
-0.01576796
0.0005760442
0.00058643846
-0.0018980737
0.014445644
0.0001005884
-3.7316866e-05
-0.00021151219
0.017241871
-0.0017471435
6.172169e-05
-0.0011114354
-0.00031469378
0.004388162
-0.0024103692
-9.294115e-06
-0.104212284
0.0014288638
0.0031994064
-0.0242109
0.1649216
0.11330892
-0.00040849662
-0.0002385956
0.1706253
-0.00069911516
-0.0015351695
-0.010219643
-0.0011082422
0.018953446
0.022479704
0.011007874
0.019956416
-3.1798227e-06
-0.00022550613
0.00030495352
0.010793111
-0.029414074
-0.0007119539
0.00036056733
0.003473811
0.0008733011
0.005098628
0.010218193
-0.0013083825
0.0153429555
-0.0013165014
0.00050561177
0.0018424555
-0.0013444513
0.0014659155
-0.0006598758
-0.0017465642
-0.0015445354
0.0013346976
-0.001226645
0.0010436784
0.001549219
0.0006773789
-0.0010661657
0.0010723784
-0.0007139102
-0.0153919505
-0.010097943
0.074521616
0.001661418
0.0014601636
0.042069603
-0.06490715
0.080953084
0.0011963894
-0.0012910628
-0.034198444
0.0014872451
-0.008440702
-0.016616898
-0.0009511262
-0.02495995
-0.0008254964
-0.0012882606
-0.044774655
0.00077561097
0.0022043944
-0.0073861964
0.033113062
-0.0070761135
-0.00068123214
0.0012320238
0.058835592
0.0008203636
-0.00047539565
-0.0012486398
-1.1460413e-05
0.005249206
-0.0014630995
-0.0012660046
-0.100941144
0.0008659414
0.00073470484
-0.025598416
0.10854157
0.12585475
0.00076173095
-0.00042167518
0.057975046
-2.7580316e-05
-0.006171303
-0.016856147
2.8784525e-05
0.007982051
-0.00027094985
0.004143934
0.09038417
-0.0015510953
-0.0013220389
0.051478535
-0.08909057
-0.021095378
-6.384235e-05
0.0012768155
-0.020091604
-0.00022428698
0.0060791136
0.026220884
-0.0016448492
-0.022187883
-0.053360667
-0.03476678
0.24400872
-0.00069698395
0.0009172226
0.14813913
-0.20450927
0.24347523
-0.0007634831
0.0023130549
-0.101495
0.001258153
-0.020227581
-0.032929096
0.00081836357
-0.078599736
0.02370999
0.010309712
-0.015873889
0.0016346914
-0.00069976767
-0.016980086
0.04571631
-0.023251867
-0.0014691937
0.00034990147
-0.002257603
7.75145e-05
0.004691778
0.005514797
0.001460862
0.02506318
-0.00167211
0.0006316663
-0.09411951
0.0011347996
0.0016110924
-0.012240681
0.071307555
-0.014451409
-0.00027805087
0.0012258865
0.11399504
0.00079948653
5.6322137e-05
-0.0012765495
0.0010576948
0.011569658
-0.0024786568
-0.00075084885
-0.0160301
7.075584e-05
-0.001891487
-0.016523596
0.0669363
0.015414905
0.00063338474
-0.0006338724
0.0031202335
-0.0012538176
-0.001581833
-0.00067829544
-0.0010906415
0.0019334274
-0.05167072
-0.026628017
0.44189796
-0.00095436024
0.00093229464
0.26160255
-0.36705863
0.14730358
0.0010110534
0.0025257026
-0.13602425
-0.00028116812
-0.007534946
0.029942952
0.00039711338
-0.114784494
0.03372631
0.016578427
0.004456829
0.0015149756
0.00020883784
-0.0051553855
0.023519643
-0.03209384
-0.001096335
0.0016685115
0.003284931
0.00052628084
0.007596326
0.014991717
-0.0008119193
0.020479528
-0.0015963032
0.00014842892
-0.036796704
0.0002812178
-0.0010163875
-0.0047931364
0.023820834
-0.0070850123
-0.00043219535
-0.0011854292
0.044341866
0.0009092602
0.0008663396
-0.0021200287
0.0010489298
0.0020697585
-0.003911153
0.0013905619
-0.043293424
-0.0005854676
0.0019188242
-0.005396855
0.02871741
-0.008157915
-0.0015106108
0.00057001243
0.058021557
-0.0004731815
0.0004320947
-0.0020418025
-0.0003200962
0.004749763
