-0.00043200015
-0.033639334
0.00023924005
0.007537109
-0.030971978
-0.002598173
-0.015324492
0.02350284
0.2082439
0.03608225
-0.0024203747
0.22695026
0.09430638
-0.039316367
-0.008523653
-0.014754929
-0.02768505
0.17461956
0.023375466
-0.00017761556
-0.012547121
-0.024940755
0.11981012
-0.00091107417
0.00012525865
-0.015551541
-0.0031540697
-0.013737397
-0.072742455
-0.0049072416
-0.043227497
0.17037523
-0.00018734072
-0.02786192
0.11856292
0.047851875
-0.03433413
1.2371626e-05
-0.02892354
-0.020178318
0.1825032
0.0030843574
-0.013439847
-0.017075485
0.010110549
-0.045451112
0.15582068
-0.016470075
-0.0050362856
-0.060711656
-0.006529115
-0.00089116616
0.07221434
-0.00999164
-0.041937895
0.0271098
0.22898534
-0.021789668
-0.022618378
-0.026995193
0.30054528
-0.009147466
-0.007925785
-0.009475722
0.011507678
4.1031585e-06
0.0027110176
0.003712215
0.023451442
-0.17594609
0.03418988
0.016335016
0.08403331
-0.1439937
-0.02020217
-0.007791223
-0.053603556
0.020149589
0.0063634403
0.039532755
0.122558795
-0.00881037
-0.0054583987
-0.041097306
-0.0024321503
-0.39610562
-0.15282837
-0.04945384
0.00033292067
-0.04507957
-0.026092507
0.07819296
0.052238613
-0.15186714
-0.00040915105
-0.03256207
0.001351211
-0.11682826
0.043038815
0.004179024
-0.0061922846
-0.0005417137
-0.14912899
0.0034226698
0.060537357
-0.00056688325
0.06522399
-0.04345307
0.118912585
-0.009861462
0.002641116
-0.0074607623
-0.020370102
0.0066398573
0.04652545
0.01276317
0.13591917
-0.00024946267
0.018533127
0.015016252
-0.07479117
0.019119633
0.0036184383
-0.059421934
-0.004530693
-0.1010224
0.00031982735
0.07932678
0.00034017093
-0.05507451
0.0003380319
0.038840752
-0.073707364
0.008121144
-0.005938634
0.031249527
-0.2076003
0.06292622
-0.0013887952
0.025279855
0.020966023
-0.034031894
-0.009752927
0.006372382
-0.031727586
-0.06694495
-0.049252197
0.00026193442
-0.0022185456
-0.021925045
-0.15611072
-0.060254402
2.343133e-05
-0.015594612
-0.018965961
0.04162485
-0.120087646
0.031743046
-0.0503244
0.04296986
1.6548325e-05
0.020654934
0.16267556
0.04118684
-0.05160021
-0.0002468518
-0.02565661
-0.033109058
0.08626941
0.013057058
-0.01718805
-0.0022151612
-0.0036033853
-0.076817244
-0.059584625
0.049642894
-0.0045062727
-0.094172716
0.019408101
0.00056868204
-0.0040209917
-0.007856097
-0.056843974
0.0435488
-0.007815577
0.0025878353
-0.019336596
-0.031632744
0.09881663
0.022230137
-0.006709554
-0.007090357
-0.0004569469
-6.733488e-05
0.0008573255
0.01136344
-0.017687527
-0.05003186
-0.01252473
0.30324307
0.0066482113
-0.12361991
0.17027977
-0.03340457
-0.04387218
0.005068788
0.0032158399
-0.03165326
-0.026523167
0.05295602
0.009073103
-0.028332312
-0.025067797
0.36729634
-0.0028855926
-0.009488477
-0.00030973385
-0.027057491
-0.006848246
-0.018358113
-0.11611947
-0.07381783
0.002699031
-0.0018730637
0.0068759914
-0.097826354
0.005723543
0.001887706
-0.0036153009
0.00035830023
-0.049883537
0.010074629
0.003344296
0.00013310752
-0.005256813
0.20898557
-0.012891128
0.16013357
0.0006316732
-0.028281817
-0.017815195
0.05014305
-0.016858311
0.0048211627
-0.049314514
-0.00014940609
-0.0042688563
0.0061574997
-0.096188955
0.0030616315
0.0060858903
-0.02305846
-0.0055744536
-0.27558818
0.00032602355
-0.11169894
-0.00033984598
0.0067821066
-1.9119114e-05
0.00026969824
0.009244727
0.00047291056
-0.001066474
-0.0011558494
-0.025418974
0.0021326172
0.0006618829
-0.014447764
-0.0070086303
0.013453435
0.00080768624
0.004209638
0.0066924295
-0.012669664
-0.00040493047
0.00017250022
0.0031599556
0.009002324
-0.014287419
0.007027081
0.0004907618
0.0051684272
0.00075258256
-0.0003591293
0.018050812
-0.0003936533
0.0051264376
-0.011124739
-0.00013554774
-0.0003306703
-0.0034022648
-0.0016649623
0.007904108
-2.145243e-05
0.009602705
0.0038357272
-0.00804304
0.0006001584
0.00035533664
0.007412185
0.001623273
0.010895597
-0.010749589
0.0026770474
0.0010448098
0.01241269
-9.9159595e-05
-0.00054425
-0.0046741557
0.006029962
0.0040347534
-0.0011567334
-0.015666135
-0.0005279626
0.0097275665
-0.0007484892
-0.016244693
0.00044599434
0.0034788228
0.0060013086
0.015034798
-3.119334e-05
0.0025861596
0.00021400336
0.052187603
0.0066084703
0.00027003724
-0.0028442051
0.05328155
0.0053486256
0.0020669438
0.0041023325
0.0017660769
0.011754404
0.0045447596
0.0013986615
0.0001354334
0.03645789
0.028421147
0.0023108828
0.024754567
-0.058150597
-0.030163093
-0.005200811
-0.00031271318
0.0018993841
-0.0011498196
0.0016925108
0.007877564
0.006245308
0.009140465
0.005716636
0.0068926793
-0.004385396
0.03100685
0.026550492
0.0010357897
-0.00014161093
-0.0071281907
-0.000562984
0.02973139
0.00010432238
0.0014155967
0.001078885
0.052036133
0.025436895
0.0024334916
0.0045316513
0.0005076425
0.0007479713
-0.00038076603
0.022538763
-0.0027705675
0.00011346899
-0.00019398026
0.0010135601
0.006306233
-0.0050598164
0.00042634527
0.002995813
-0.0005597175
0.02971158
0.00039828307
0.00622506
0.00045802572
-0.025805572
0.00011290229
-0.011055896
-0.053880833
-0.0007532386
0.004868785
-0.011049836
0.11558394
-0.017137777
-0.002086864
0.08096874
0.034170453
-0.04332889
-0.002030754
-0.012402377
-0.023584094
0.0668641
-0.012296545
0.00054438505
-0.008628536
-0.02607431
0.048466206
-0.048657753
0.00046542712
-0.01713487
-0.010375757
-0.007896039
-0.059932526
-0.0042149913
-0.025163094
0.056305166
0.00023840634
-0.0047010267
-0.032231342
0.0031866971
-0.025489612
0.00030134825
-0.028127765
-0.015136133
0.039483994
-0.00689017
-0.009275894
-0.017192967
-0.006271019
-0.034649316
0.06036145
-0.013504918
-0.0033786707
-0.036658205
-0.0011378871
-0.00045043902
0.029454684
-0.012179392
-0.022130553
-0.0126091745
0.08579464
-0.0014306727
-0.02735851
0.00011736194
0.08766558
-0.00057475816
-0.0096865455
-0.011624297
-0.0038998784
-0.0010323559
-0.00082829705
-0.006683564
-0.02781435
0.07094646
0.035984233
-0.1701425
0.013344723
0.65062237
-0.047362167
0.12071672
0.031976037
-0.00051613
-0.002480897
0.09567324
0.1024397
-0.008077247
-0.01700305
-0.017076395
-0.0015865591
-0.06541965
-0.22771421
-0.10086472
-0.0005858571
-0.021917505
0.004933525
0.06260238
0.034290597
0.095025495
-0.003502434
-0.0053672264
-0.0047785398
-0.07787583
0.0026508882
-0.019001784
0.005373783
-0.00012291706
0.25559542
-0.0101318285
0.004464346
0.000517276
0.058422204
0.001320178
0.027568627
-0.056170877
-0.002243882
-0.012383155
-0.0016496413
-0.037496533
0.034882464
-0.007946508
0.13986838
-0.0006042701
0.007615804
0.014305306
0.036827087
-0.046976276
-0.0040563946
0.117092505
-0.008545533
-0.16389145
-4.6015582e-05
0.25748125
-0.00023053837
0.1090086
-0.00038218894
-0.012548395
0.1594487
-0.00044967872
-0.0153160645
-0.017055187
-0.18874978
-0.004041656
0.00952347
-0.21622114
-0.10264098
0.15975945
0.006841844
0.04232452
0.087217785
-0.13250445
0.047188744
0.00019968087
0.03079976
0.1000314
-0.06042916
0.14122005
0.00021141309
0.060371246
0.031782642
-0.0083548175
0.25392398
-0.0057757823
0.07983081
-0.17336154
-0.00014219963
-0.0041692154
-0.10813036
-0.045072734
0.10208237
-0.0002031813
0.10911688
0.06350931
-0.1621932
0.0014266728
0.024976676
0.067864805
0.017493693
0.14620888
-0.116332814
0.012200671
0.016296895
0.16750115
-0.0028216518
-0.0003999677
-0.0685977
0.055047806
0.080012046
-0.022577316
-0.22249356
-0.0067092106
0.10722925
0.004980727
-0.27833158
-0.0045267623
0.04242432
0.054350242
0.057366237
-0.0011450355
0.007381486
-0.0030052944
0.26543444
0.12937868
-0.017433258
-0.02947552
0.24445623
-0.06024112
0.045638397
0.014385209
-0.0070173265
-0.0070289085
0.009622412
-0.027576856
-0.065440394
0.20133406
0.17088819
0.024026558
0.107953385
-0.09847071
-0.31586632
-0.0065388307
-0.00053819723
0.025628649
-0.010132733
-0.029324101
0.065650985
-0.048291914
0.05609431
0.048099436
0.03506896
0.003739314
0.15093073
0.15828222
0.010136019
-4.8845744e-05
-0.07463858
-0.001722155
0.106855065
0.00012168463
-0.030351218
0.050342046
0.22908285
0.17775549
-0.009988745
0.057929438
0.017161645
-0.010667365
-0.015233524
0.08686918
-0.07316585
-2.885308e-05
-0.009546084
-0.010068758
0.1295044
-0.07844158
-0.002804378
-0.01580675
-0.0033336487
0.55526495
7.5245785e-05
0.04075292
-8.376921e-05
-0.030176502
-0.00014304527
-0.032827754
-0.018201444
-0.007803912
-0.020153938
-0.026240084
0.23265721
-0.049757775
-0.005489724
0.093776345
0.0266394
-0.07984429
-0.0065384256
-0.037130468
-0.042668063
0.15741353
0.054445174
-0.00026385003
-0.033443917
-0.050763097
0.16701812
-0.0026794632
-7.032922e-05
-0.0395504
0.003310232
-0.048868623
-0.06811184
-0.03177097
-0.040871464
0.03857365
5.6930876e-05
-0.061781477
-0.077274784
-0.017105002
-0.033199437
0.00030768092
-0.056137357
-0.019036055
0.0047875238
-0.020145873
-0.011000629
-0.04331151
-0.007995597
-0.045991108
0.1415839
-0.07249382
-0.010567016
-0.068366244
-0.024563866
-0.0010184671
0.04166054
-0.028941518
-0.03357205
-0.025240885
0.121719286
-0.03873501
-0.06003118
-0.025844347
0.046528548
-0.02706216
-0.022211231
-0.028423993
-0.014328852
-0.0009095385
-0.001887531
0.0005700377
-0.06597945
-0.006339316
0.034742665
0.11350476
0.04342534
-0.12325158
-0.07161112
-0.03751338
-0.13717917
-0.024973506
-0.0059566684
0.041226763
0.15990691
-0.059881702
-0.04828926
-0.016608246
-0.110650554
0.23868635
-0.24710399
-0.071773365
-0.0004551865
-0.02272128
-0.008476577
0.09988498
-0.08249057
-0.35659072
-0.015918804
-0.024426356
-0.011214371
0.12049903
0.022845082
-0.050124954
-0.010780782
-0.00036480062
-0.28482518
-0.0003226462
0.02439991
0.00036247243
0.056908343
-0.038285054
0.087934725
-0.09804037
-0.0075258855
0.04413154
-0.0068766703
0.005266059
0.043504164
-0.018545413
0.14752874
0.0005163508
0.02208918
0.0273366
0.18685775
-0.052370995
0.015537435
-0.048392333
0.0045361468
0.42798162
0.00017062636
0.121176586
3.1236326e-05
-0.028413467
0.00054027664
-0.017139059
-0.09518137
-0.0023344415
0.010017383
0.000893749
0.34182552
-0.013151113
-0.0037641416
0.24979562
0.11611134
-0.08321347
-0.004785399
-0.019309144
-0.025529344
0.2017932
0.008908969
-4.5976707e-05
-0.012144422
-0.04983623
0.2154933
-0.09094026
-0.00020265288
-0.025975317
-0.015878035
-0.020474767
-0.06685456
-0.011328021
-0.031239098
0.19170415
-0.00041870933
-0.013436555
0.008041826
0.030793963
-0.025487753
-9.9248726e-05
-0.0551378
-0.01523849
0.15693231
-0.0036891901
-0.018237047
-0.031220917
0.0070000766
-0.036004767
0.17694709
-0.033787593
-0.0074246572
-0.036433045
-0.004941473
-6.925032e-05
0.088352725
-0.02178468
-0.032688983
-0.010393213
0.2766848
-0.010317289
-0.044484407
0.012371795
0.3009977
-0.004822919
-0.016826637
-0.019240081
0.009826213
0.00041378094
0.0033605548
0.0055875713
-0.0077580507
-0.12195903
0.010985452
-0.079557285
0.01979223
-0.251485
0.013182
0.0020089108
0.083582416
0.040744286
0.007956852
0.03005829
0.07361641
-0.028103614
-0.051798634
0.034605898
-0.0134461755
-0.3908761
0.40771982
0.07858303
0.0007092481
0.027401919
-0.013950349
0.033377554
0.38100442
0.22111772
-0.011580091
-0.04588127
-0.014002922
0.07226221
0.009254902
-0.036831573
-0.0072717397
-0.00018484383
-0.0028953617
-0.003580151
0.033412833
-0.00019432732
0.033679303
-0.014869292
0.048591066
-0.06295698
0.016607149
-0.010433895
-0.02099081
-0.013817552
0.04097073
0.0011257147
0.09928107
-0.0002629197
0.009485214
0.0031831884
-0.21775924
0.13155232
-0.0059415977
0.036143225
0.008312761
-0.20149612
-0.00069645897
0.12014872
0.00047232618
-0.009794622
-0.0005365935
-9.5314375e-05
-0.018850103
-0.0021545673
-0.0015630234
0.007880359
0.08294567
0.0132451225
-0.0019242051
0.08029222
0.03373187
-0.016228369
-0.0004851447
-0.011417393
0.002450469
0.062994085
0.0038880666
1.7622913e-05
-0.011058492
-0.011641582
0.05089075
-0.019716417
-0.00019932477
-0.0066972626
-0.0018304586
-0.013920462
-0.01947526
-0.006780578
0.007237696
0.062197626
-0.00043233795
-0.0063114944
0.05180392
0.010268947
-0.0043355324
-0.00016737627
-0.006341917
-0.0031114665
0.066762485
0.0007081337
0.0004481263
-0.014283261
0.0019828305
-0.0064120437
0.056511622
-0.025370434
-0.00024907992
-0.0032058978
-0.0066932538
-6.871641e-05
0.024954513
-0.0097578
-0.0056789387
0.013750086
0.080341965
-0.007144834
-0.020164998
-0.0010338512
0.10881962
-0.006808874
-0.007687008
-0.00853267
0.0032719038
0.00090096536
0.00040376224
0.0128377555
-0.016352674
-0.010337194
-0.036011834
0.13113521
-0.013649305
-0.093466595
-0.13096717
-0.038517192
0.047323223
-0.00520586
0.004102574
-0.06828
-0.102290526
-0.020398153
-0.024710506
0.010674125
-0.02359689
0.3947408
0.15493475
0.08314295
0.0003509913
0.021573456
-0.016859239
-0.09025353
-0.25227597
0.15507118
-0.0034446428
-0.027309816
-0.0035474582
-0.048450947
-0.0035849826
-0.024754565
-0.0034381032
-0.00027899176
0.10518518
0.0060017956
-0.0030603139
0.000541643
-0.095937364
-0.1364702
-0.012839228
-0.054209594
-0.0038420593
-0.052823476
-0.020630099
0.009512101
-0.03965621
0.0057112807
-0.08960152
0.00024529282
-0.02324806
-0.04353254
-0.15572554
0.013453501
-0.00985101
-0.070807934
-0.0011473293
-0.2003633
0.0004282661
-0.2996924
-0.0004913732
-6.0808794e-05
0.0005800344
-0.00017033446
-0.00023775749
0.00039989722
-0.00022563251
-0.00041062487
-0.0006455934
0.00015320317
-0.00021891345
0.00029649358
-0.0006891882
0.00048331963
0.0003153348
-3.9524326e-05
3.1084971e-06
0.00042428233
0.0005078068
0.0003395636
-8.105013e-05
1.3469867e-05
-0.00013694464
0.00022089404
0.00016118682
0.00016023847
-0.0004357985
0.00033386666
8.697039e-05
6.027376e-05
-0.00060491706
-3.657394e-05
-9.994051e-05
-0.00049607817
-0.00050264184
0.00025841474
-0.0006519704
0.00034714633
0.0004719596
6.789797e-05
4.4622637e-05
-0.0005776675
-0.00045650423
-0.0002468343
9.556398e-06
-0.0006725604
-0.00057279255
-0.00014109486
0.0005220967
-0.00023581977
0.00011822387
1.4842748e-05
1.0396589e-05
0.00011186485
-0.00010491829
-0.0004751927
-0.0007003954
0.00021689016
-0.00028877408
-0.00035578624
-9.19649e-05
-0.00044127434
0.00038349893
-0.0006490416
5.263203e-05
-0.00025069033
-0.00018877847
-0.00015813977
-0.000544628
-0.00017346826
-0.00026396607
4.173563e-05
-0.00054767344
-0.00046313863
0.00021516024
-0.0002688193
-0.0002913801
-4.8074573e-05
-0.00013190307
-8.825754e-06
-8.8732514e-07
-0.00011190427
-0.00047469567
0.00023327899
9.672002e-05
-0.00026472195
-0.0005665098
-0.00016053954
-0.0005684255
-0.00030626645
-0.00036201518
0.0005273072
0.00019997063
0.00014539856
-0.0005553931
-0.00033249106
-0.0004361112
-0.0004318938
-0.00041916195
0.0004968251
-0.00027818192
1.316439e-05
-0.00055134104
-3.4566412e-05
0.00026640194
-0.00011459432
-0.0003365857
0.00031703856
-0.0005336384
0.00026000803
3.1914328e-06
0.0004609201
-8.154709e-05
-0.00021103669
-0.0006006589
0.0005557894
2.0338635e-05
-0.0002558827
0.00033474888
-0.00014963855
-1.651407e-05
0.00014557915
0.00041701947
0.00044925784
-6.0604387e-05
-0.0004665332
0.00013317302
-0.0005562067
0.00060729147
0.015794715
-0.00023651923
0.00019834495
0.017917398
0.0051078917
0.012076759
-0.017086253
-0.18378964
-0.01974654
0.002115153
-0.13949387
-0.060818613
0.023438705
0.007982974
0.023738805
0.0132447295
-0.11362299
-0.010204521
-0.00017026038
0.0065158913
0.013489833
-0.08491745
0.004005939
-0.0003719551
0.01624837
0.0016545779
0.029927941
0.036396626
0.016383233
0.030465113
-0.10730671
-0.000593053
0.05315591
-0.04682766
-0.024079857
0.01587245
0.0003979783
0.019950872
0.009415085
-0.10239608
-0.0047449935
0.020922111
0.021494243
-0.013700153
0.02252895
-0.099847
0.031361643
0.0058138706
0.03910055
0.019890115
0.00019297982
-0.048347898
0.0063057393
0.030622443
-0.011041556
-0.15343058
0.031675503
0.014327586
0.015292398
-0.17934325
0.029506732
0.003904962
0.003860834
0.00797391
0.0003958069
-9.652637e-05
-0.00012917099
0.041959662
0.15606776
-0.009785522
0.09451424
0.026820242
0.15920523
0.12618361
0.02342457
0.004430799
0.014099776
0.0048682974
-0.006712535
-0.017070485
0.10626434
0.047516588
0.00049913017
0.074704096
0.40441033
0.041268863
-0.015059732
-0.00053151784
-0.008763573
0.011544629
-0.012300765
0.020819847
0.08522939
0.016568227
0.029150095
0.012764721
-0.023750486
0.017954635
0.041732207
0.0050581926
0.0005978815
0.13294272
0.0016767682
0.010063332
-0.000106196254
-0.023165831
0.17561835
0.02039704
0.22384444
-0.0037597623
-0.011090561
0.0132527705
0.0034944564
-0.0106988605
0.008194866
-0.03410599
-4.9115537e-05
-0.0052832877
-0.005705341
0.019203192
-0.02459221
-0.0025838497
0.016944235
-0.0030332936
-0.13158731
-0.00051892677
0.042332888
-8.875721e-05
0.07526655
-0.0004273929
-0.04033546
0.20226486
-0.0017618111
-0.0062212558
-0.054475527
0.37814006
-0.094152965
-0.0034126246
-0.02468934
-0.029437961
-0.037440818
0.015174943
-0.018918999
-0.0061880234
0.1564268
0.2168169
4.854844e-05
-0.016784966
-0.024975654
0.34339476
0.20893592
-0.000575934
-0.01616149
0.07965508
-0.022504857
0.16491072
-0.012769561
0.03205024
-0.0704662
-0.00021839411
-0.02495748
-0.20217875
-0.05686247
0.04887541
-0.00015028624
-0.024590684
0.031634055
-0.14227551
-0.028134849
0.058729935
-0.025476707
-0.012076943
0.07750226
0.14000432
-0.033817902
-0.0038836082
0.052909005
-0.009217759
0.00019275738
0.010701795
-0.019786377
0.093027085
-0.05460333
0.024634145
-0.01201451
-0.03447936
0.010566704
-0.1653578
-0.011419838
-0.014846666
-0.019874312
-0.019699749
-0.00047492067
-0.0022474206
-0.0043800767
-0.08778945
0.012670945
0.0033396934
-0.12711936
-0.056259297
0.05574161
-0.0103145875
0.119404
0.10665933
-0.0026779906
-0.0024972805
0.02566586
0.012732676
-0.07940884
-0.09112028
0.0075352425
-0.0074522817
-0.04185166
-0.10422951
0.047793705
0.00031110525
0.026335388
-0.019160481
0.004126062
0.026298285
0.20526367
-0.026275998
-0.055395175
-0.024603149
-0.16164479
-0.034246918
-0.07980569
0.0036180452
0.00042967367
0.23758835
0.0021496366
-0.038156528
-0.0002803531
0.008099858
-0.013024077
-0.051318835
-0.071964376
-0.0024462878
0.013030035
-0.0058052344
0.020299168
0.014433624
-0.02617489
0.042026278
-0.0008474147
-0.0015561782
0.0039852047
-0.04203629
-0.024892455
-0.008132425
0.13178438
-0.009919524
-0.037733685
0.00033624584
0.12879917
-6.113974e-05
0.092117764
-0.00042697412
-0.0325042
0.18560937
-0.0022681411
0.007966694
-0.042451754
0.10529063
-0.07411644
0.000618755
-0.18397042
-0.088960096
0.059308082
0.01985374
-0.00042448516
0.046925046
-0.020128442
0.12324902
-0.00031994205
-0.004726168
0.035070937
0.17306873
0.2070009
0.00037890585
0.021301176
0.053898394
-0.0110494355
0.18849665
-0.009992317
0.07711981
-0.1720621
-6.186189e-05
0.006309122
-0.1875752
-0.064496405
0.07624353
0.00027922617
0.04580341
0.047004465
-0.2187412
-0.01171644
0.048989154
0.003402409
0.00057298515
0.11352596
-0.019699136
-0.023966992
0.0042209746
0.11853471
-0.0046638795
0.0002283499
-0.044955578
0.0037702052
0.10737822
-0.04474342
-0.14851426
0.012835306
0.019646011
0.046112567
-0.32728913
-0.0049975403
0.004509414
0.0011396649
-0.022927359
5.6226712e-05
-0.0026068382
-0.0016212276
-0.08888098
-0.12812215
-0.0142840985
0.0391305
-0.12015729
-0.19836985
0.0133639565
0.0022625295
0.0027018047
-0.03814281
-0.008799025
-0.04837582
-0.04367641
-0.05225931
-0.052515723
0.04192857
-0.086496204
-0.037507776
-0.057198755
0.09053245
-0.00027542835
0.04746654
-6.48564e-05
-0.0033393153
0.014336155
-0.027669348
-0.015166025
-0.0070110797
-0.01148563
0.19999604
-0.060844332
-0.051178742
0.0005886776
0.0005315454
-0.058669843
0.0051761107
-0.08568351
-0.00030196176
-0.0028729993
-0.00352909
-0.15865315
-0.0060925935
-0.0036042037
0.06943756
-0.0044546016
-0.0032913643
-0.0075774277
-0.031515006
-0.059806537
-0.00021970682
-0.00021440985
-0.00545316
-0.012295254
-0.010258163
0.00063873123
-0.021283872
0.011477884
0.3505974
-0.0003134384
-0.008960689
-0.00033350155
0.0055712913
-0.00036799588
-0.009266464
0.026256897
-0.00041637654
-0.00013834909
-0.010176147
0.13185671
-0.021792334
-0.00067782
0.03438825
0.011611865
-0.026126891
0.0022638943
-0.0075651724
-0.013024064
0.072638765
0.04894793
0.00017450502
-0.005622381
-0.016213
0.10671936
0.04793894
0.00040818658
-0.008558328
0.015319959
-0.006606314
0.0030608044
-0.0052769003
-0.007683832
0.013233899
-0.00017306743
-0.0085988855
-0.044004776
-0.0044143973
-0.00217012
-0.0003485692
-0.018600706
-0.0012350344
-0.008475266
-0.006475609
0.008523942
-0.009139638
-0.002530511
-0.0017375282
0.06413344
-0.010566587
-0.0033470322
-0.014878286
-0.0026458309
-0.0002342031
0.018709628
-0.0071829925
0.008719485
-0.012530913
0.056006603
-0.0021548988
-0.013857618
0.0032155444
0.0063395826
-0.003251155
-0.0049804263
-0.0077349576
-0.004358486
-0.0005742742
0.00056724437
-0.003095398
-0.031007076
-0.124375865
0.007264223
-0.049469955
-0.026484651
-0.08971957
0.002513087
-0.005182921
-0.013835438
0.006231032
-6.578059e-05
0.008179204
0.018677153
-0.009861982
-0.029315254
0.016532978
-0.016296245
-0.3226264
-0.006161997
0.0023086707
-0.00046955454
-0.0033395153
0.012222494
0.024419023
0.10027316
-0.07551182
-0.008430003
-0.0066144364
-0.0066125407
0.25884157
-0.01648545
-0.025830222
-0.0042877663
0.00030790103
-0.116607256
-0.001053757
-0.009671776
-0.00042095393
0.032314975
-0.0071726595
-0.024040125
0.001748152
0.0029694
0.024589123
-0.011825105
-0.010516268
0.016212076
-0.0064081443
0.025847858
-0.00030975664
0.009105625
0.012723588
-0.04982584
0.03337421
0.0037446269
0.011781454
0.0092763435
0.090317816
0.00016886744
0.0665235
3.4258668e-05
-0.078635335
-0.00023276109
0.06249346
-0.13598432
0.00017854344
-0.0069875126
0.08345249
-0.0044681616
0.14361943
-0.0013000316
0.26366603
0.12621363
-0.027240118
-0.014108998
-0.013658961
-0.016498381
0.0862519
-0.11903861
0.00026947173
-0.0041704234
-0.018058684
-0.0948965
-0.13403484
-0.0004560879
-0.010694747
-0.050008886
0.009024718
-0.1638387
0.016067846
-0.045437913
0.23838353
-3.5836125e-05
-0.00826372
0.35324815
0.095666416
-0.05644009
8.974768e-05
-0.013956051
-0.03720299
0.29831505
0.032278392
-0.040733587
-0.016041815
0.020333767
-0.0853726
0.075382255
0.011836832
-0.0022176497
-0.07961933
0.00016898218
-4.4530505e-05
0.06903615
-0.007950604
-0.085902154
0.096456505
0.23661509
-0.015828114
-0.023084076
-0.027988033
0.43861648
-0.0032161304
-0.00744773
-0.0068055755
0.016049426
0.00033435694
0.0033077525
0.017901761
0.034943685
-0.096976675
0.02810792
0.12946552
0.068938844
-0.023694448
-0.08638592
-0.021752156
-0.024470443
0.014895574
0.0113213295
0.047153074
0.10482691
0.0001313449
0.008953446
-0.046957575
0.026278507
-0.02091456
0.14035015
-0.042574182
0.0001712099
-0.044074655
-0.0131284855
0.043833118
0.0093011
0.006067222
0.0035238876
-0.027798716
0.008784408
-0.036717363
0.03668037
0.0041678967
-0.008493142
0.00031974033
0.0019192224
0.006715007
0.066094905
0.00039793734
0.035962578
-0.10487944
0.12313998
-0.0128022935
0.0091472445
-0.052018292
-0.026221368
0.011700527
0.03717625
0.014040513
0.13441063
-0.00020696197
0.0068824426
-0.0003798957
-0.20161141
0.046606585
-0.0018326136
-0.051914394
-0.0030799892
-0.33801746
0.0003163105
0.019812552
0.0012604697
0.016704828
-0.00052409695
-0.03162108
0.02950522
0.00037927958
-0.00027624972
-0.049487572
-0.17272216
-0.071897544
0.0013961804
-0.22746351
-0.108501315
0.009828129
0.0059737996
0.0085497005
0.007146329
-0.12749705
0.0058071534
-0.00028363656
-0.000425829
0.005738778
-0.06845127
0.015166961
0.00059693604
0.008379641
0.0060795145
-0.007711911
0.03820482
-0.011686638
0.020135628
-0.19372055
3.1157764e-05
0.01347973
-0.19080506
-0.06654714
0.014112192
-0.00037841158
0.0086354185
0.008065626
-0.21821001
-0.019009143
0.015958114
0.007456397
-0.017700918
0.020377724
-0.11071405
-0.014654083
0.0031539178
0.027631385
0.0008656795
-0.00038660402
-0.06925528
0.0024596015
0.025518283
-0.045146104
-0.22458366
0.011070828
0.0053596064
0.005271702
-0.34149545
0.0054147188
0.0010427363
0.00030578853
-0.0035390127
-0.00031457568
-0.0012832738
-0.0007521688
-0.00369741
0.17373483
-0.0036853738
0.1035923
-0.020543104
0.32815623
0.07600691
0.020709986
-0.049201038
-0.008117815
-0.0010854327
-0.0018460904
-0.006560074
0.07411471
0.006586879
-0.019697279
0.019878406
0.5242083
-0.30952206
-0.057981532
9.6760625e-05
-0.028423294
0.006109656
-0.0051944056
-0.053333588
-0.050983768
0.0022109721
0.007783011
0.0019675426
-0.09512371
-0.011362259
-0.0032240944
0.003223248
0.00049896183
0.08670105
-0.00056308525
-0.026137425
0.00062772684
-0.015662603
0.1626629
-0.04259752
0.16326897
-0.008804978
-0.0005318317
0.026037913
-0.019464517
-0.0070938333
-0.0037748034
-0.007696207
-0.00010896887
-0.005259177
-0.006327679
0.19636053
-0.05673762
0.0065898784
0.013644223
-0.007126705
0.13168082
0.00032389365
0.025035486
-0.00028979656
-0.00041162496
-6.781018e-05
0.0004428671
-0.00059845415
-0.00035275708
-0.0003162592
0.00015535901
-0.00028629537
0.0003320463
-0.00040197824
-0.00011366304
-0.00041531379
-0.0001965543
-0.0005332639
-0.0006982579
0.00025158678
-0.00043053727
-0.0003775628
-0.00011082935
0.00027922995
-0.00026823825
-0.0004922013
-0.00029478827
0.0001976675
-0.0002822548
-0.00041689418
0.0002110664
0.00023046363
0.00049979705
0.00024042517
-0.00018612127
0.0004260529
-0.00063680037
-0.00021371969
-0.0006840351
0.0002900215
-0.00012783337
-0.0002361639
0.00018327819
-3.3870263e-05
8.4908825e-05
5.4430206e-05
-7.850829e-05
-4.1731262e-05
-0.000108082524
0.0003674272
1.0350743e-06
0.00011242164
-2.1348049e-05
0.00039959975
-0.00015024784
0.0004571067
-0.000295008
-0.000722378
5.2357293e-05
0.00029148778
-0.0002527715
-0.0002298451
0.00047339295
-0.00062026246
0.00042486188
-0.0005869937
0.000372892
-0.00016350228
-0.00059884187
-0.000297229
-0.00020878178
5.213949e-06
-0.00064105965
0.0001840786
-0.0004257065
-0.00030265268
-0.000114637514
-0.0005291642
-0.00065107597
-0.000357228
0.00017404152
-0.00042908062
-9.7622964e-05
0.00020884091
-0.00050966756
-1.1609635e-05
-0.00030734437
-0.00046957398
-0.0002084665
-0.00063065026
0.00038085761
0.00011273009
0.00025786023
-0.00049498613
0.00015295923
-0.0004323914
0.00010413835
-0.0002665338
-0.0006356545
0.000178403
-0.00025296828
0.000345597
0.00014391523
0.00042183843
-0.0005708439
-5.2964027e-05
-2.1290628e-06
-0.0005525419
-3.236905e-05
0.0004624378
-0.00035777237
-0.000691906
5.6139033e-05
-6.654648e-05
-1.9265593e-05
5.7688212e-05
-0.000713531
-0.00043224508
-0.00031264126
0.00044526852
0.00025420077
9.689821e-05
-0.00037456516
0.00011986145
0.0001496173
0.00037073172
5.179311e-05
-6.828108e-05
-0.00015785673
0.0005505512
-0.0006871383
