-0.0004102937
0.001428092
-0.00063238456
-0.0038759732
0.00889728
0.0055297776
-0.0024987906
-0.0014324955
0.0028010204
-0.00029226003
-0.001221428
0.0031464132
-0.00351321
-0.0020392453
-0.0006992385
0.0036848076
0.005315271
0.00049646833
0.0058751395
0.00068759697
9.962395e-05
-0.0028957515
0.0011596233
0.0045318874
-0.0017167737
-0.002365514
0.0025212858
0.00011598019
0.0065549826
0.00657475
-0.00072094466
0.00893088
-3.0066678e-05
8.169863e-05
0.00050577195
0.000489399
-0.0061621144
0.00141645
0.00037121584
-0.004250359
-0.00011728641
0.0015482734
0.0007967297
-0.0014454153
0.007222264
0.0027326187
0.00056366314
0.0011268649
0.008539725
0.00035987335
8.431121e-05
4.481103e-05
0.005341229
-0.0034905288
0.000858259
0.0006012843
0.003711644
-0.0035481143
-4.1681124e-05
0.00035237081
0.00055428804
0.0014238523
-0.0022179792
-0.0015788826
-0.00980657
-0.0006418696
0.02492876
0.0022296694
-0.014021909
0.012275127
-0.006028195
-0.003573759
0.004748938
0.0043365164
0.0039031527
-0.009032462
0.0107341735
-0.0019029148
0.0147894025
0.004082151
0.011085722
0.016794784
0.003777684
-0.008187446
0.008559617
-0.0016473467
-0.007086361
0.0003024322
0.015132579
-0.0026879513
-0.0058042943
0.008121065
0.010550956
-0.005093062
0.0018397775
-0.011685097
0.016044032
-0.025124636
-0.008930156
-0.0062333173
-0.014071523
-0.0022573383
0.0035697338
-0.00077995344
-0.03740089
-0.004271492
0.007400685
0.0073067257
-0.00031313696
0.0010081314
0.011984173
-0.0010807415
-0.004526775
-0.01950324
0.0011963008
0.008892019
0.02120241
-0.0037971816
-0.017409967
-0.0046574627
-0.004226562
0.0151638165
0.012400363
-0.0016928659
-0.008458616
-0.00013690843
0.007383804
0.00861913
-0.0005351912
-0.00028046567
-1.3177514e-05
-0.0021446194
0.002399642
0.0016325637
-0.0034374897
-0.0018173435
0.00090934976
-0.0007757155
-0.00071959634
0.00082787627
-0.0018193601
-0.0026958855
-0.0005596367
-0.0002741066
-1.7768434e-05
-0.00034687197
0.0012984043
-3.7096263e-05
0.0001963327
-0.002160208
0.00061171764
0.0007595556
-0.001115902
0.0032873938
1.441228e-05
0.000360564
0.001936332
0.0002702511
-0.00044484725
0.0016368651
0.00032055486
-0.0006430612
-0.0027264443
-0.000533607
-0.0047015715
-0.0015296242
0.0008771593
-0.0035813337
-0.00019474419
-0.001785981
0.0011588288
-0.0027370949
0.0015920148
0.002257831
-9.506019e-05
-4.227217e-05
0.0017200445
-0.00085488183
0.0005051916
-0.001967128
0.00059097534
-0.0031725522
0.0010007176
-0.002425336
0.0031268636
-0.0044147116
-0.0004310244
0.0001648709
-0.00095465174
0.00088884734
-0.0042181006
-0.00082312204
-0.005149961
-0.0036950363
0.018895483
-0.00466707
0.008402003
0.003991798
-0.00910227
-0.011291724
0.033764943
-0.0027628255
0.0058621205
-0.006815016
0.0140500525
0.0059890123
0.010370629
0.0065608975
0.0040164227
0.0060603064
0.014513138
-0.010328964
0.0012322073
-0.01930883
-0.01618245
0.009892322
0.0035955044
-0.00065776973
0.000993848
-0.0024797122
0.021482548
-0.007130485
0.017464316
-0.0058156555
0.010099927
-0.018228322
-0.008999329
0.007841157
-0.015411548
-0.0043372237
0.037420563
0.006247797
-0.01719361
0.0017979033
0.004015955
0.024006603
8.407209e-05
0.0058797467
0.011373692
-0.012415995
-0.005288564
-0.017462032
-0.0022587085
0.0035671878
0.008374101
-0.013999741
-0.004024614
-0.0109555125
-0.0034395454
0.010946239
0.008565102
-0.0012260544
-0.023108983
0.02181297
-0.0047693187
0.025916923
-0.00065558834
-0.00046267992
0.0004757876
0.00047496223
5.7083303e-06
0.000103756676
0.00053653907
0.0009903122
0.00035183338
-0.0010576495
-0.000287457
0.0002981524
-0.0004880403
0.0015789963
-0.00036459335
-0.00062158983
-0.00014583164
0.0010614597
-0.00015740407
0.0001422566
0.00020921866
-0.0006111192
0.00047306615
-0.00059767294
0.00031529902
-0.0005952117
-0.0005446054
-0.00033546484
-3.750336e-05
-0.00035296602
3.8943013e-05
-0.00040361242
2.7928676e-05
7.148195e-05
0.00042740922
0.00022388228
-0.00043987602
-0.00062274595
-0.00015685159
0.00040790546
-0.00042157745
0.0015846203
-0.00010147425
-0.0002812663
-0.0008677744
-0.0006147301
0.0001315626
-0.00037780902
-0.0004123998
-0.0005962038
-0.00011182641
0.00027222736
0.00045335462
-0.00043406125
-0.00046385074
-0.00081884227
-0.0010428401
0.0014676604
-0.0010105893
0.00026464163
-0.0003896009
0.00023543467
0.0013404147
0.0011034147
-0.00010702638
0.0007225028
-0.00029925423
0.0010173693
-0.0024012614
4.9429716e-05
-0.0004204717
-0.00023508113
-0.00033642867
-0.00011648033
-0.0020052341
-0.00070510997
0.00036694173
-0.0024933578
0.00025678962
-0.00033004684
-8.2557795e-05
-0.0007797104
3.6405152e-05
-0.0019869395
-0.00055859494
0.0038680206
3.2944332e-05
-0.0025015268
0.00013143917
-0.0024636607
-0.0018541104
-0.0030297483
-0.0006199611
0.0003492965
0.00029151895
0.0002395207
-0.00016250112
-0.0030881802
-6.4991706e-05
-0.0033756592
0.000555624
0.00023021507
0.0002926339
-0.00045249434
-9.762304e-05
-0.0011690665
-0.00091884617
0.00027307286
0.00063967955
-0.002131964
-0.0005885184
-0.0011668119
0.0001617479
0.0022750401
-0.0011140363
1.9730705e-06
-8.7682136e-05
-0.00016943165
-0.0012649023
-0.002764419
-0.00043837662
-8.060796e-05
2.5923675e-05
4.4665037e-05
0.0003874214
-0.001245111
-0.0014957644
-0.0008210516
0.0036449868
0.004050605
-0.016249623
-0.03295459
0.0987214
0.06677668
-0.028868595
-0.013150705
0.036134176
0.0064650956
-0.010436328
0.03501916
-0.025681773
-0.043780103
-0.009012291
0.03087671
0.051545672
-0.01963626
0.057302088
0.013706242
0.0036398459
-0.029096827
0.009255034
0.05057538
-0.003912319
0.0024622004
0.035538223
-0.0029844907
0.073066555
0.06739424
-0.000585803
0.10118796
0.0011355607
-0.0072374092
-0.0018814293
0.0015923803
-0.06360124
0.016315259
0.00771449
-0.043101724
-9.151546e-05
-0.012760357
0.011382771
-0.015190295
0.09408427
0.03766231
0.010697125
0.022002615
0.101487145
-0.015659222
0.003436466
-0.0030766746
0.05981102
-0.040666442
0.01893995
0.01209134
0.061776564
-0.047457896
0.0023850983
-9.47539e-05
-0.011547965
0.021410285
-0.03696698
-0.03154606
-0.10851877
-0.025669066
0.3240039
-0.07481153
-0.033743612
0.15498221
-0.057162933
-0.08168829
0.06731744
0.082688205
0.055549428
-0.07402831
0.14655615
0.08135585
0.1981842
0.038329646
0.10023961
0.1225441
0.07401557
-0.05045064
0.09811026
-0.11116319
-0.15612605
0.14448038
0.16373612
0.0008902895
-0.027356707
-0.02302429
0.14511089
0.009105912
0.055346474
-0.074569985
0.1839721
-0.1903088
-0.03973798
0.018395215
-0.08983382
-0.009779881
0.110746525
0.06618493
-0.28683484
-0.08694966
0.09819046
0.12894599
-0.0043579694
0.035980824
0.15584117
-0.05885932
-0.071051165
-0.085697114
0.068879895
0.0820343
0.20907557
-0.004665692
-0.07325457
0.023109356
0.039420757
0.18808004
0.21466608
-0.004531094
-0.13862726
0.11670304
-0.020451328
0.10132618
-0.0014617404
0.012544974
0.022707993
-0.013843869
0.044129264
0.025244212
0.018178606
0.010255852
0.013576928
-0.014759001
-0.02765128
0.013995199
-0.011216462
0.010951032
-0.010951316
0.047427755
0.052274898
0.018367961
0.069066025
0.002577867
0.003606203
0.0012422194
0.009776696
0.03845083
-0.0047864895
-0.023482474
0.0011460097
-0.00146689
0.03024225
0.08655489
-0.007964489
0.077362925
-0.007910417
0.009840444
0.025378132
0.011124396
-0.010140247
-0.005978556
-0.002601864
-0.0054907305
-0.008939361
0.039742842
-0.0013835729
0.02974942
0.028280053
-0.007463554
-0.008762807
0.0056923637
0.039772213
-0.0068989014
0.0013514827
0.024873292
0.013547491
0.0027135639
-0.004634837
-0.008047492
-0.018350922
0.03660279
-0.018569315
-0.00082096795
0.0020013517
0.008034889
0.04535888
0.0023223
-0.10074768
0.048673786
0.002455283
-0.0450306
-0.12632996
0.0077964053
-0.05774157
-0.076694846
-0.078160614
-0.03144614
-0.15418205
0.10847884
-0.026345925
0.08710161
0.005299874
-0.010495139
0.09885876
0.09533003
-0.050857294
0.049490746
0.25121886
0.099784255
-0.09548293
-0.06755463
0.17749585
0.021046644
-0.057271983
-0.13541251
-0.030331826
0.070286766
-0.021698654
-0.020151522
0.07985766
-0.15118082
-0.05554053
-0.13834403
0.022624651
-0.029305737
-0.08849554
-0.065946445
0.047113895
-0.06745649
-0.07632894
-0.061032914
0.0010838475
0.006998544
0.060427375
-0.026121214
0.012706823
0.044877004
0.1879274
0.01430611
0.09588563
0.018508865
-0.05153262
-0.05581578
-0.025845898
0.026201064
0.037833087
-0.028297737
-0.026922297
-0.0945975
-0.07583809
-0.037724037
0.0005280813
-0.0019333601
0.004158496
0.003637834
-0.007296589
-0.0042323004
-0.00049078226
0.0031115154
-0.0024944225
0.0023830882
0.0045445967
-0.0020741983
0.0038740623
0.0036176052
0.00025334005
-0.0048335497
-0.0064055915
0.005259461
-0.0043318532
-0.000515134
0.00061252306
0.00028387277
-0.001029276
-0.00327755
0.0024619997
0.0071498523
0.0060001137
-0.0010226711
-0.007177469
-0.0068223956
0.00447324
-0.008277968
0.0019197594
0.0015608903
0.003505587
0.0007784882
0.0016218441
0.0008451298
0.00036589842
0.00033945404
0.0013562785
0.008054082
0.0010263033
0.00024380465
-0.0073024454
0.006131666
0.002126638
-0.00059893436
-0.0077178725
-0.004043355
0.00027031594
0.0017530717
-0.0029625082
0.00022379436
0.0032510122
0.0029768837
0.008170191
0.0077072727
0.0024741855
-3.104694e-05
-0.003409246
-0.0015443333
0.0070313513
0.0038084695
-0.0062754564
0.0018145653
-0.0072424095
0.0042587025
0.044536557
0.0001345313
-0.009189625
-0.0071361614
0.017091757
0.007359243
0.018491846
-0.0012076675
0.013775093
-0.029268116
-0.0030314235
-0.0010670724
-0.010524055
-0.018582221
0.015092152
-0.04191929
-0.018272009
0.012528224
-0.003945008
-0.0057626595
-0.014574336
-0.03221675
0.006313585
-0.013070504
0.010127385
-0.016143125
0.01900198
0.013873364
-0.005171641
0.043828215
-0.023702743
-0.00015927198
-0.011640231
0.0010693287
0.045499314
0.027966404
0.03813535
-0.016883487
-0.0082319295
0.022183089
0.001274677
-0.012242383
-0.010070529
-0.018021746
-0.017903712
-0.035425868
-0.025460452
-0.0031025514
-0.014564831
-0.057926618
0.034750685
0.007037914
-0.040604502
-0.0055349637
-0.014458545
-0.008848243
-0.04152895
0.04337468
-0.0029272996
0.011896973
0.00036982517
0.00013210776
0.00019418611
-0.0005996456
0.0002828438
9.552962e-07
0.0002830323
-0.00055969745
-8.43409e-05
-3.619797e-05
2.8041975e-05
-0.0004567458
-5.8052727e-05
0.00016934879
-0.00012862332
0.00040017028
-0.00047346813
0.00029192478
0.00014087223
-0.00026291836
-0.0004638369
-0.00047406513
-8.4761145e-05
-4.142724e-05
-0.0005730956
0.00020442181
-0.00048567212
-0.00012819469
-5.3008753e-05
-0.00015521707
-0.00040434842
-7.010478e-05
-0.00049182185
-3.8582584e-05
2.5013298e-05
-0.00024172595
0.00049048825
-0.00058125006
0.00026458263
-0.00022749483
0.00019784215
-0.00025809964
-5.5570317e-06
-0.00049988297
-4.181906e-05
-0.0002731699
-0.00050669734
-0.00045289085
-0.00022558989
-0.00019754327
-0.00041320294
-0.0005025433
0.00020644392
-0.00019177173
-0.0005611558
6.816977e-05
-8.604674e-05
-0.000116222
-0.00031837655
0.00027459426
-0.00012670198
-0.00046741267
-0.0001772333
8.570056e-05
0.00028758662
0.00016368864
0.00018032621
-0.00062135333
-0.0003433077
-4.6328194e-05
-0.0005871993
-0.00033021456
-4.4052376e-05
-0.00056108413
-0.00039949472
0.0004605233
0.00033698423
0.00011690112
-0.00018814082
0.0004570453
0.00018561874
-0.00050374697
-0.00041453657
-0.00017277825
0.00038864053
5.4031083e-05
-0.00033250282
7.682094e-05
-0.00033661822
0.0004645387
-0.0004244621
0.000115453935
-5.599954e-05
-0.0005440317
0.00034704516
-0.0001797737
-0.00022288012
0.00016449779
-0.00025923838
6.3143874e-05
-0.00016760344
0.0002842776
0.00023843997
-0.00050668133
1.6292764e-05
-2.1383707e-05
0.00018604407
0.00037769982
0.00023139265
3.612109e-05
0.0004418978
-0.00048026588
-0.00033253635
0.0005766124
-0.00020769697
0.0002540008
-2.1525047e-05
-0.00057169254
-0.00038988263
0.0002327153
-0.00045513222
-0.000557566
-0.0004939971
0.00023845144
-0.00039752762
-0.0002992779
-0.00036058342
6.297661e-05
0.00013891899
0.00016172466
-0.0018527042
-0.00062853895
0.002879976
0.002163806
0.00040859228
-0.002175247
0.0010738336
0.0010680782
0.00018540573
0.0012462465
-0.00056972215
-0.003106404
-0.0003054225
0.0009814878
0.000657242
-0.0025970626
0.0004889022
0.00074862887
-0.00014796808
0.00015599815
0.00043003948
0.00035731035
0.00048657402
0.0010850152
0.0036232853
-0.0004283956
0.0019885497
0.00042007392
0.0009886075
0.0013906613
0.0006619951
-0.00076377945
-0.0021655755
-0.0009248721
4.6117475e-05
0.0016074603
0.0003702365
0.00027747403
0.0005182494
-0.0022012033
0.0008172682
0.00043353648
0.0019545502
0.002569066
0.0015569602
0.00021720033
0.003506233
-0.0004992701
0.0005199999
-0.00180227
0.0019043167
0.00014350771
0.0014240682
0.0032988396
0.0054031285
-0.0016841503
0.0013649375
0.00036931745
-0.00044199743
0.00025924735
-0.0019123252
-0.0020567009
0.001778745
-0.0034198
0.0112217935
-0.004933157
0.0044772145
0.0069244388
-0.0020143352
-0.0059792497
0.010818176
0.006511966
0.0073362435
0.001659856
0.011151421
0.0036322477
0.0060816165
0.0031354008
0.0013017308
0.0029738233
0.008622241
0.002047644
-0.00082224706
-0.017812416
-0.007138015
-0.0012871304
0.0003002067
0.0042596413
0.002039429
-0.0013067203
0.010831927
-0.005976493
0.008093652
-0.0023573593
0.0053973575
0.0074629895
0.0006005158
0.00047347212
-0.008701438
-0.0009950568
0.013691554
0.007925965
-0.003342648
-0.005374814
7.9317964e-05
0.0115160905
0.00058341754
0.0046406975
0.0072194277
-0.005023898
-0.00916146
-0.0074196975
0.004311439
0.0031360541
0.0032957497
-0.006713874
0.0023118784
0.0041536614
0.0050804853
0.0038897274
0.0045648054
0.0025261247
-0.013060669
0.011863083
0.0016577166
0.008720853
-0.00056088256
0.0002896832
0.00045887788
0.00048699006
-0.0003260402
-0.0005390508
-0.00031423365
3.7329697e-05
-0.00049630227
-0.00047835836
0.00018120797
5.5597495e-05
0.00038262716
-0.00018765488
-4.345717e-05
-0.00029831618
-0.0004973184
1.508336e-06
-0.00052366
0.00025568897
0.00029368082
-4.315489e-06
0.0005153068
0.00057262665
0.0004944468
-0.00038941574
-0.0006691703
-0.00020984864
-0.00038065042
0.0003823989
-0.0005104701
0.00023000511
-0.00065581914
0.00015269955
0.00012969281
0.00020919675
-0.0001791614
-0.00055450806
0.00034517347
0.00021299119
-0.0004829145
-0.00026837864
0.0003301241
-0.00047231713
3.3784945e-05
-0.00049643195
-0.0006683157
0.00024863062
0.00033893788
0.000107840584
0.0005128888
0.00016104506
2.316887e-06
0.00014171262
0.0004616198
-0.00024935073
-0.00059695053
0.00031457402
4.4436558e-05
6.1298224e-06
-0.0006230671
-8.881954e-05
-0.00043803873
-0.0007378706
-0.00015895399
9.026033e-05
-0.0005656352
-0.00020117086
0.0001670471
0.0005217811
0.0003658687
-0.00024330418
-0.00014438489
-0.00029825
0.00053672807
0.0004101303
0.00049791177
-0.00024363113
-0.0005085587
6.197332e-05
-0.00041127607
-0.00034655884
-0.00040162375
0.0001986068
0.00014461804
-5.9909537e-05
0.00045758366
0.000114637834
0.00018147986
0.00048255658
-3.9510072e-05
-0.0006020454
-3.3292294e-05
-0.0006202741
-0.00027324446
-0.00023533852
0.00035118154
-0.00037483906
-0.00045196514
-0.00046770342
-0.00065994635
-1.7466886e-05
0.00023565604
0.00032809438
0.00022448845
-0.0006553671
0.00055104267
-0.00010105591
-4.241913e-06
0.00029461982
0.0001812421
-0.00060742314
3.5354562e-05
-0.00026246248
3.519512e-05
-0.0004576818
-0.00026493054
-0.00053335045
-0.00013268359
0.00015276672
-0.000323591
-0.0004403065
-0.00038122234
-0.0001485515
-0.00034259274
-0.00047165577
0.000104877945
0.0002788983
0.009982505
0.036104616
-0.112168945
0.04587382
0.09425736
0.051831342
0.22677013
-0.060937513
0.022032537
0.061675023
0.06381222
0.047149934
0.04204694
-0.1537795
0.010081017
0.122125015
0.11515251
-0.16976212
0.15332639
0.014242331
0.00823605
0.1135828
0.030607518
0.08147463
0.020143336
-0.0031612392
0.10313333
0.0024403865
0.09094648
0.20055385
0.018167237
0.15503767
0.0072007775
-0.035060592
-0.024363276
-0.030150458
0.15616228
0.06406649
0.009524082
0.13318758
0.0448957
-0.16506107
0.0064692
0.15461107
0.13285585
0.06427001
0.037779793
0.026043696
0.08287431
0.009712947
0.0041331705
-0.0035283554
0.06776927
0.1791073
0.018741544
0.13750054
0.051946312
-0.0072690872
0.07603494
0.015785798
0.011300785
0.02224817
-0.013059665
-0.1210164
0.0914173
-0.049962
0.07464984
-0.11897429
-0.030871974
0.076185845
0.14857118
0.14061317
0.0028740992
0.15660241
-0.018187797
0.38291422
0.08797437
0.18994965
0.005856829
0.058587644
0.035162967
-0.111253776
-0.05441985
0.1983241
0.24540648
-0.14988215
0.190269
-0.19601654
0.057003953
0.07803413
-0.11538554
-0.0023688544
0.0951223
0.32453394
-0.13868418
0.07102902
0.039963644
0.3928815
0.16784269
-0.42200032
0.047071088
0.12847307
-0.098136686
-0.009382753
0.4566283
-0.1741664
-0.051606648
-0.03409695
-0.028692495
-0.15244786
-0.026058232
0.06693314
-0.06463924
0.09136311
0.4030434
-0.10926893
-0.014721127
0.05469387
0.050609436
0.18278621
0.29410106
-0.06091857
0.09161279
0.08476694
0.05694039
-0.14683408
0.040376313
0.06303538
-0.0004964098
-0.00060989725
0.0002764681
-0.000473965
-0.0004258954
-6.399522e-05
-0.00048073547
0.00021299838
-0.00030506204
1.702873e-05
0.00021932207
0.00027392613
0.0004087551
0.00011900968
-0.0005724579
6.845636e-05
0.0001566307
-0.00081904954
0.00016373265
-0.0001650613
-5.751942e-05
-0.00010282211
-0.00046780598
6.207345e-05
0.00042795236
2.8447117e-05
-0.00033600227
-0.00060019566
3.8875092e-05
-0.00026680707
0.00021546496
0.00030702192
0.00037674152
-0.00048849167
0.00026442204
-0.0005048865
-0.00014272216
-0.0002945418
-0.0005573566
-0.0003009574
0.00044532915
-0.00027852206
-5.716808e-06
0.00023869773
-0.00027715665
-0.00025808046
-0.00031934565
-2.8820197e-05
0.0001753742
0.00037133685
4.6742734e-05
-8.2348524e-05
-0.00016348391
0.0004736763
-0.00013442144
-0.00018523233
-0.00058166846
0.00028222217
-0.00033947252
-5.0661194e-05
-0.0004183311
8.658637e-05
-0.0003107727
8.041883e-05
-0.00013798979
-2.9341865e-05
-0.00057374325
-8.266663e-05
-0.00075505004
-0.0001424457
0.00015064656
0.00016534005
0.0004815734
-0.00019471973
4.2753258e-05
0.00046739515
-0.00017901044
-0.00029756557
-0.00016509256
4.849006e-05
-2.9081257e-05
-0.00026122012
0.00046353374
-0.00024223166
-0.00023021497
-0.00033023878
-0.00067425135
0.00024101365
-0.00067151856
0.00040525696
0.00023191576
-0.00033336112
-7.369617e-05
8.247486e-05
0.00017299766
-0.00041568963
0.0003689364
0.00016680504
-0.00051223335
-0.00066799566
0.00010284595
0.00038086314
-0.00011094771
-0.00056688476
0.00020927144
-0.00020905836
-0.00040628217
2.7114042e-05
-6.8117086e-05
-0.0004888627
-2.3384386e-05
-5.061104e-05
-0.000671057
-0.0001468045
-0.00045908714
-0.00058937643
0.00027711905
-0.00023680582
-0.00049808424
0.00048653994
-0.00037699775
-0.00054667646
-0.00016432947
0.0003209795
0.00023498204
-0.00036981102
0.0005033239
-0.0003878644
-0.00033325556
-0.0003608658
0.00014212892
0.00051883055
-0.000440722
0.0005061124
0.00036755868
0.00039612205
0.00039325294
0.0004881419
0.00017334353
0.0003197634
-7.9106154e-05
0.00027408305
-0.00043521606
0.0004488646
9.268357e-05
-0.0007862325
0.000497725
-0.00028483462
-0.00020309025
-0.00048193373
-0.0003505799
6.0416914e-05
-0.0003296864
-0.00029538892
0.00027758078
-0.00018737736
0.0004687641
-0.00014542537
0.0006000518
-3.6996593e-05
-0.00021124333
-3.784803e-05
-0.0001116461
7.529373e-05
0.00050605385
-0.00011820608
0.00032470818
-0.00042318003
-0.00029923423
0.0003410354
-0.00056098035
-0.00016707063
-0.00040076036
2.1736081e-05
-0.0006444714
-0.00016612162
-8.790388e-05
-1.786148e-05
-8.987547e-05
-0.00046285705
-0.0003284333
-0.00018138472
0.0001516274
-0.0003883121
0.00040915547
-0.0002203328
4.6537452e-06
2.6212754e-05
-0.00071408687
-0.00030648452
0.000112870744
-0.0005078274
0.000184625
-0.0003918726
0.00026047204
-0.0005197472
0.0003242671
0.0005070032
-0.0003257087
-0.00032917503
-0.00033844748
-0.00063865184
-0.00044879073
0.00017091956
-0.000100008394
0.0003813542
-0.00023054336
0.0001408411
7.880769e-05
-0.00050058676
0.000426266
-0.00054718833
0.00041122394
-0.00092276314
-0.00010119873
-0.0005856184
-0.0007213422
0.0011748475
-0.00014111234
-0.00069402845
1.7120929e-05
0.00012342933
0.00040306654
-0.00029995412
-0.00034041313
0.00018216009
9.5577576e-05
-0.00043478652
0.0003273127
-6.086556e-05
0.00021521714
-0.0004746833
0.00019823738
0.00034555153
0.0001309003
-0.00016379732
-7.827174e-05
-0.0005618876
0.00041362442
-0.00017241223
0.00037394607
-0.00012913803
0.00020931124
-0.00045395782
0.0005757828
-8.0431404e-05
0.00022133526
-0.00058078766
-2.8539946e-05
-8.919117e-05
0.000106944804
0.00023537962
7.180153e-05
-0.0006436539
4.5394838e-05
-0.00040109342
0.002750488
0.029449685
0.024194326
-0.026460936
0.16312906
0.111173764
-0.0056103496
0.014806686
0.07165847
0.013796627
0.012990279
0.039470136
-0.019201938
0.0026149482
-0.00078874547
0.094699845
0.108209774
0.024103576
0.1049916
0.0141859995
0.007700604
-0.022783075
0.014841867
0.066468075
0.0027671915
0.008660319
0.03793592
0.010170807
0.13429268
0.14568971
0.0087192105
0.13484259
0.002961741
0.013618061
0.038002513
0.017900923
-0.06109323
0.018532949
0.004757009
-0.03930978
0.00878367
0.058132205
0.0059369486
0.014528161
0.0803126
0.027730925
0.013101794
0.019325212
0.17491256
0.034530435
0.0068830093
0.035963006
0.060581118
-0.030212399
0.015026918
0.027224757
0.04548674
0.010974129
0.021552987
0.003793874
0.05228901
0.0460274
0.030602502
0.0034820074
-0.16448098
0.040958047
0.11853853
-0.085539065
-0.11482994
0.053419173
-0.04800148
-0.10209926
-0.13367872
0.025024617
-0.18705285
0.061264154
-0.013425733
0.08535429
0.09354548
-0.002841634
0.19187558
0.41510162
-0.008607225
0.3431361
0.39670026
0.072766125
-0.14629531
-0.30612835
0.2553855
0.24165644
0.0277655
-0.16005708
-0.04865601
-0.18497245
0.03272647
-0.036452673
0.08275853
-0.19642815
-0.037896592
-0.05951245
0.072364494
-0.02811432
-0.08479244
-0.027176948
-0.18586153
-0.09322431
-0.2108463
-0.088489
0.0051293727
0.30175993
0.17057942
0.060409732
0.027060518
0.023273425
0.10232416
0.13050115
0.1413334
0.25286174
-0.0319223
-0.0020113047
-0.1496044
0.026052905
0.007170127
-0.07140884
0.024134444
-0.06258544
0.00671867
-0.041877702
-0.010692148
-0.0043027867
0.035237588
0.010713695
0.025158722
0.013518209
-0.06748195
0.043001547
0.010353144
-0.0010390723
0.021117609
-0.0031394847
0.0043019652
0.06012525
0.019468652
-0.028233096
-0.019451471
0.074788086
-0.06883545
-0.0010958185
-0.004323794
-0.020080863
-0.013783638
-0.026778618
-0.010839293
0.006870264
-0.053454623
0.008981264
0.032416068
-0.07022083
-0.012370506
-0.05338456
0.0007204752
0.030875776
0.033633415
0.025501918
0.0066320137
-0.007875499
-0.012732755
-0.0148967
-0.00221465
0.062052377
-0.010552884
-0.041480158
0.012979416
-0.04659347
-0.015339676
-0.0022971733
0.029829752
0.041954815
0.0011195886
0.02631273
-0.0025039269
-0.03613209
-0.022023277
0.00055929227
-0.05632379
0.031839516
0.007456406
-0.0036180916
0.04275374
0.009637103
0.013723925
0.060244277
0.058413234
-0.051933162
-0.013394011
0.028119303
0.051275413
-0.052283365
-0.0020921216
-0.045700748
-0.048108507
-0.0048832344
0.19027682
-0.12204384
-0.020004695
0.03842884
-0.0360488
-0.016234154
-0.055372477
0.03665526
-0.07221691
0.10590087
-0.124734044
0.05048196
0.031139249
-0.36563417
-0.11774686
0.24276549
-0.06254236
0.2871114
-0.069330335
-0.25926974
-0.108564794
0.0911288
-0.07413042
0.18848254
0.03595017
-0.09392865
0.123439975
0.002943661
-0.16269155
-0.065131545
0.04720795
0.037821475
-0.027103294
-0.1568929
-0.007910921
0.093529925
-0.013448521
0.040101733
0.15348893
0.20923981
-0.09024095
-0.00052258477
-0.057783127
0.057913683
-0.0922735
0.008134894
-0.16726246
-0.01940672
-0.032034148
-0.033761773
-0.045789815
-0.10513287
0.1564784
0.036584683
0.020363435
0.0052130995
-0.06573272
0.0046553407
0.0664761
0.045348704
0.050915234
-0.047719996
0.026408978
0.08395596
0.07302662
0.03689641
0.0031477709
-0.102146894
0.008891881
0.0060581565
-0.012882048
-0.093715765
0.0047469367
0.011745475
0.0045998245
0.02042769
0.0052858666
0.005359997
0.005989784
0.009134153
0.15584804
-0.00012207637
0.04557378
-0.006590955
0.013475089
-0.002039655
0.014803427
-0.032522768
-0.03608824
-0.024031872
0.023230257
0.08562701
0.028587375
0.019783655
0.05475092
-0.099701926
0.025499701
0.03311877
0.059121992
0.13414897
0.06066939
0.020517586
0.06900032
0.002655144
0.0027902806
-0.034238048
0.054068334
0.033353023
0.061955605
0.20981477
0.1727632
-0.042090297
0.089090645
0.020733884
-0.0023303335
0.014392883
-0.04808258
-0.08169466
0.1494382
-0.10878844
0.14725095
-0.16288835
0.09930665
0.20512855
-0.018597823
-0.110691614
0.073996
0.17653507
0.26940545
-0.06658817
0.25975436
0.14101535
0.05550016
0.011356572
-0.050216727
-0.027824014
0.1457294
0.038875937
-0.1630131
-0.36961138
-0.096029334
0.21931571
-0.053772792
0.30108738
0.084441684
0.2199117
0.17801067
-0.11662466
0.060046848
0.0019749047
0.15992701
0.2230026
0.12156489
0.16272976
-0.16055375
0.056330126
0.13680282
0.22564422
-0.05239491
-0.20837963
0.17995374
0.1897476
-0.010242387
0.03574523
0.118593514
-0.11311565
-0.2507365
-0.13634884
0.037264176
0.0038180233
0.030272413
-0.16589704
0.1307278
0.1754307
0.12390903
0.08552439
0.09234152
0.10618792
-0.20838904
0.17341538
0.14629972
0.137392
0.00015094498
-0.00050924113
-3.9291484e-05
-0.00055943726
0.0015254668
0.0010218471
-0.00054603134
0.00023726805
0.0005876996
-0.0008271471
0.000105581865
-5.9899094e-06
-0.0011030652
-0.0009767092
0.00035942617
0.00025005487
0.00035060363
-0.00044072172
-0.00047064698
-0.00020288264
1.1740801e-06
-0.0011315747
0.0005195254
0.00034135277
-0.0007267206
0.00010510747
-0.000148628
-0.00035446914
0.0011277123
-0.0003513553
-0.0005335445
5.239623e-05
-0.00052624015
-0.00027969465
-0.0004992552
0.00039493456
-0.0014669467
-7.8088924e-05
0.00039687828
-0.000371912
0.00028532319
0.00017590236
0.00014810081
-0.0006533727
0.00095805357
-0.00014907193
0.0002093068
-0.00012444113
0.0010928178
-0.00054769486
-0.00038342216
-0.0006385029
0.0009786596
-0.0014122417
0.00016030065
-0.0012823533
5.6720277e-05
-0.0007086029
-0.00041434978
-0.00017308838
0.00021617502
-0.00022475208
-0.00033272663
-0.0005999025
-0.002551014
-0.00051197817
0.005136929
-0.0009427999
0.0026672187
0.0020795166
-0.0021105611
-0.0026831073
0.0075351093
0.000323189
0.004180276
-0.0016679483
0.0047770506
-0.0002942533
0.0033335763
0.0015530854
0.0012165019
0.00230972
0.0039602555
-0.002693865
9.190999e-05
-0.004564679
-0.00324209
0.0003465791
0.00036263658
0.00018558225
-0.00070996303
0.00071563723
0.0055954885
-0.0019512878
0.0034030513
-0.0022178574
0.0029400236
-0.0033112746
-0.0033183466
0.0013118506
-0.004406634
-0.0015656742
0.0074360524
0.001403981
-0.005836184
-0.0001881628
-0.00011323051
0.005842088
-0.0006051168
0.0027078798
0.0037122895
-0.002670623
-0.00011862855
-0.0056996094
-0.0022568281
0.0016862641
0.002936896
-0.003548111
-0.0028343752
-0.002939814
-0.0024476764
0.004107849
0.0016671373
-0.0008578564
-0.0057639577
0.0036357269
-0.00034568802
0.007627039
0.006390371
-0.018061073
0.07175322
0.047574922
-0.060940836
-0.041944254
-0.015158191
0.08119121
-0.031748515
0.005825198
0.019059401
-0.014608282
0.054585304
0.09625984
-0.004990183
-0.036139145
-0.02911708
0.112441026
-0.03279832
-0.0051622395
-0.0028856369
0.0016101315
-0.0038326334
-0.015094448
0.0384088
0.06846807
-0.009679211
-0.00944179
-0.051689323
-0.032904737
0.05140157
-0.02851446
0.014810391
0.030474922
0.090458915
0.04231261
0.031598825
-0.0054132394
0.0026831098
0.017881775
0.0005445383
0.122634575
-0.0072943466
0.0020358649
-0.024690505
-0.016201
0.0064296857
-0.0070680347
-0.06975786
-0.057763968
-0.0029778255
0.074936606
-0.02387202
0.0030343616
-0.0046809018
-0.034784064
-0.01167846
0.061213035
0.0048502223
-0.0023680844
-0.05861222
-0.016374836
0.06787953
0.09585856
0.10675568
-0.0724102
-0.06629229
0.03223269
0.15003897
-0.030342532
0.082647726
0.021871863
-0.02894414
0.111498624
-0.08596678
-0.055058844
-0.035712514
-0.17168283
-0.079727374
-0.04147965
-0.06644014
-0.080530465
-0.10767176
-0.14411075
-0.16016045
0.019631797
-0.015753498
0.16585252
-0.15875456
-0.34322998
0.053945314
-0.14349376
-0.041769907
-0.022266412
-0.12456914
0.25695902
-0.030874962
0.07855665
0.24211292
-0.013714446
0.33856332
0.13704024
-0.022831084
0.026369411
0.31693166
-0.02041508
0.024054479
-0.066304326
-0.020959603
-0.26763573
-0.07027735
-0.023953449
0.082541905
0.22124478
-0.12353183
-0.05898574
-0.030766206
-0.1683526
0.29018128
0.44267836
0.04470164
-0.061494183
0.07124619
0.033269282
-0.025398243
0.11252415
-0.14469767
-0.14857167
-0.01915765
-0.011449723
0.24837483
-0.05868471
-0.084646866
-0.036462467
-0.06408014
0.15991117
-0.0063235816
-0.18371765
-0.25003442
-0.0294275
-0.06522435
0.28549814
-0.055852346
-0.03150498
-0.04564241
0.35347113
-0.010048208
-0.006377832
-0.0030948394
-0.027524563
-0.0011926581
-0.024528204
-0.04563863
-0.16907156
-0.09960348
-0.009151291
-0.076126
-0.006727522
-0.090963446
-0.053217378
-0.055411723
0.121206686
0.15878196
0.11054211
-0.029659552
-0.1294127
-0.021998527
-0.043928064
-0.11837206
0.38286436
-0.008599717
0.0072037443
-0.11168363
-0.06811021
-0.08102287
-0.012510792
-0.08910293
-0.16281678
-0.00035580024
0.13159576
-0.03126584
-0.05410031
-0.036809023
-0.30944812
-0.13939232
0.22117639
-0.21929246
-0.027844116
-0.15199348
-0.0143153835
0.23819414
0.22796372
-0.043972485
0.095438
0.009888485
0.19855356
-0.23986363
-0.09437344
0.02310789
0.06898112
0.034521315
-0.08066261
-0.16733001
-0.00045255545
-0.04184942
-0.36227652
-0.0034285036
0.023758408
0.027741564
-0.053987443
-0.0016511107
-0.12543926
0.043542996
0.47064322
0.09389379
-0.48692396
0.022433084
-0.37957177
-0.18590614
-0.36479267
-0.0007591575
0.0025573948
-0.05624392
-0.009520103
-0.064142704
-0.15956749
0.03801394
-0.46460283
0.13370435
-0.0112769585
-0.064831525
-0.045478847
-0.05840403
-0.017961552
-0.2592551
-0.019478804
0.003004805
-0.22257516
-0.03762299
0.014299791
0.24280941
0.318911
-0.050099812
-0.07795803
-0.0460979
0.02753053
-0.15176496
-0.23798503
-0.09125992
-0.043532208
-0.010877336
-0.05306231
0.04058211
-0.1515044
-0.11233475
-0.030479006
0.01285535
-0.006859592
0.036087878
0.035260588
-0.037149932
-0.023708703
0.013733414
0.025682582
-0.014020814
0.05156509
0.06653347
-0.007218826
0.03942254
0.036364477
0.007446199
-0.021661527
-0.038147196
0.05249243
-0.02564829
-0.0037429081
0.0012734021
0.0153499525
-0.003737348
-0.025343483
0.022710878
0.05164319
0.06798094
-0.004487653
-0.036374174
-0.03944885
0.03436677
-0.05742404
0.017938063
0.011877413
0.036776885
0.014006469
0.033991046
0.0313703
0.011990498
0.016977517
0.032766435
0.069406405
0.008799864
0.024846716
-0.038967762
0.057775907
0.031817764
-0.005271227
-0.035804242
0.0019480623
-0.0013653253
0.026781147
-0.016981311
0.017013136
0.027728386
0.07668495
0.07843854
0.051457107
0.05680198
0.009024287
-0.0014602807
-0.009675933
0.059922367
0.03379746
-0.015768586
0.009213113
-0.079817764
0.09222711
0.23129508
0.034979355
-0.05082792
-0.029500198
-7.816998e-05
0.1113054
0.11279672
0.053226214
0.07769749
-0.17470208
-0.04406756
-0.038610797
-0.048919145
-0.06476744
0.08458761
-0.13179949
-0.11633124
0.15327914
-0.017084746
-0.027054252
-0.08252057
-0.119906105
0.10412916
-0.06468203
-0.000564794
-0.13165696
0.09943502
0.080441095
-0.040897626
0.3646179
-0.17680809
0.102736175
-0.09909837
0.03973236
0.22717553
0.235066
0.30111015
-0.108040445
-0.017632147
0.06327107
0.0016330315
-0.012176561
-0.057881583
-0.09411372
-0.12387404
-0.22619316
-0.13469526
-0.017996747
-0.10981158
-0.3478084
0.26621467
0.1430807
-0.23370805
-0.05180739
-0.06818461
-0.035495512
-0.22855902
0.28272498
0.0019210109
-0.007866708
-0.00041113122
0.0002988699
-2.5548206e-05
-0.0003893052
0.00035676942
-0.00032416478
-0.0006186137
-0.00020789707
-0.000340809
-0.00040599622
-0.00041771604
7.253323e-05
-0.0005643571
-6.514496e-05
0.0002643854
-8.613019e-05
-0.00058265455
0.0002836262
-0.00042513537
-0.0005877181
-0.00045854537
-0.00049402425
5.9867554e-05
5.280083e-05
-0.000396733
-0.0004126124
7.040811e-05
-0.00054197625
-0.00056410325
-0.00019490234
-0.0006173919
9.7286735e-05
-2.634247e-06
-0.00045609774
0.0004298862
-0.0006098368
1.931202e-05
-0.0005495039
0.0001198509
0.00031514524
0.0004921766
-0.0004313671
2.424118e-05
0.00034197766
-0.00029640115
-0.0007007826
-0.00020665412
0.00051401195
-0.0003396524
-1.3032641e-05
-0.0004654806
1.4534731e-05
8.4108884e-05
0.00025943157
-0.0006258088
0.00011184554
0.00036077222
0.00018473192
0.0004199536
-0.00059715874
-0.0002384605
0.00012712451
-0.00045698707
0.00016097543
9.508433e-05
3.0174797e-05
-0.0006117633
0.00047333434
0.00023957355
-0.00034263203
-0.00021488142
0.00012555126
0.00027775465
-9.548553e-05
-0.00024149132
-0.00017192609
-0.00019625998
0.00024383752
0.00016661697
-0.00047429698
2.7479717e-05
2.1284035e-05
-0.00036127726
0.00030505328
-0.00046353517
-0.00011932604
-0.0004131882
-0.0006502696
-0.00021386551
0.00030517168
0.00033039085
0.00033715402
0.00025611863
0.00016129257
-0.00034698055
0.00025112124
0.00043901245
-0.00052900566
-0.00038041617
0.0003488094
0.00043731186
-0.00018348497
-0.00012985923
0.00010886032
-0.00037748987
-0.0003430869
0.00053113844
-0.00047125306
-0.0003954322
0.00034067812
-3.376434e-05
-0.00032117008
-0.00019153555
0.0001422054
0.0003503017
-2.1645248e-05
-0.0005463478
-0.00045939648
0.00028776476
-0.0006387876
5.2988353e-06
-0.00056997774
-0.00031612196
0.0002517079
0.0001385895
-0.00022645658
0.00027310514
0.00035693857
0.0013720926
0.00060100056
-0.0121592935
0.0012808681
0.013489422
0.0055518714
0.014971201
-0.012733488
0.0004555445
0.024378395
0.02639138
0.0054038316
-0.00070304313
-0.0069049383
0.008861789
-0.0008224935
-0.0018298959
-0.014577253
-0.007757707
0.00088412286
-0.0004090325
0.009111954
-0.0010023571
-0.0020257828
-0.0035443818
-0.014632155
0.013391896
0.0017058499
0.012333449
-0.009184043
-0.005417412
-0.004643071
0.0003814938
-0.0092481915
-0.014432936
-0.006752503
0.013281783
0.019222371
0.0006414618
0.011144358
0.017931022
-0.0205725
-0.0015910454
0.009493672
0.020012677
0.0015160355
0.0054339725
0.0016942387
0.01311955
0.029290926
0.00071320473
-0.012285279
0.004858067
0.014541771
-0.00037962777
0.06515876
-0.0048485817
-0.010407664
0.027454346
0.0050349147
0.024518535
0.0026387542
-0.010736714
-0.012888721
0.036712818
-0.015278796
-0.022397647
0.030798044
-0.08511135
0.021724315
0.02152663
-0.00273875
-0.022315614
0.03030867
-0.0006381623
-0.0012086255
-0.022028875
0.04037916
-0.02990709
-0.002364674
-0.022231597
-0.00064183463
-0.022614563
0.03370497
-0.05073277
-0.01438558
0.023658944
-0.06688751
-0.02930869
0.16133225
-0.030627798
0.17421283
-0.03148907
-0.06950212
-0.038561642
-0.011482617
0.011907679
0.073178396
-0.0061156163
-0.06581669
-0.046295382
0.010095006
-0.059999682
0.0034052804
-0.0019065096
-0.020323215
0.006586282
-0.067266904
-0.0040652473
-0.01045103
0.006275735
-0.0029689786
-0.030947637
0.007805687
0.014994684
-0.002760176
-0.012635391
-0.0187616
-0.024633832
0.04299097
0.0019064919
-0.021896983
-0.004766929
0.008742409
-0.021098537
-0.0366848
0.1177954
-0.026818221
0.00093877345
-0.0046970304
-0.007972592
-0.0066887587
0.008124353
0.009038239
-0.025540845
0.001844688
0.012498858
0.007566122
0.021865876
0.0042130034
-0.0044627185
-0.023438541
0.0053950064
-0.008229931
-0.01351712
0.003795376
-0.0097857155
0.000861785
0.002487163
-0.015906839
0.00026504148
-0.005587894
-0.00028997014
0.050289292
0.019911073
0.0010580576
0.009959055
-0.016246248
0.012459797
-0.008123665
0.0115771545
0.010763714
-0.001845617
0.00685172
-0.019442901
1.204366e-05
0.005329545
-0.021415627
0.00076287205
0.004373999
0.0124477325
-0.021672333
0.0005430049
0.03375713
0.007632398
0.00017382305
0.014910375
-0.009996857
0.0003212072
-0.007607501
0.004253632
-0.023769159
0.018483045
0.0006106501
0.060850907
0.00052724883
0.011288981
0.0005504147
-0.0049159904
0.005018416
-0.0137459235
0.00095103646
-0.07398754
-0.018214924
0.06946028
-0.033916462
0.27118808
0.037486795
-0.10134461
-0.08726007
0.17547545
-0.021110486
0.27946913
-0.043552406
0.12218023
-0.006484483
0.052093443
0.015057914
-0.004081589
0.009705416
0.12476868
-0.09205701
-0.06284785
-0.074095994
-0.07740026
0.022095637
-0.024209391
0.012802597
-0.0062895534
0.1469215
0.13057615
-0.11411545
0.07801784
-0.02269253
0.062256623
0.15948704
-0.13430083
0.022014605
-0.1497068
-0.048169907
0.18897282
0.052520372
-0.028699253
-0.04793954
0.0237197
0.14623933
0.0039322358
0.07162676
0.0677331
-0.06195049
-0.06626615
-0.21103907
-0.0690749
0.02649267
0.023280129
-0.1668224
0.029882388
-0.020589633
-0.12000094
0.07637405
0.0112095885
-0.031009892
-0.21316436
0.123281926
0.0100661125
0.25146365
-0.00021568392
-0.0016598364
-0.007904467
-0.01812878
0.029798642
0.020981388
-0.02288943
-0.013465411
0.012750723
-0.009142499
-0.012141574
0.012277432
-0.016069647
-0.018387062
-0.0034281365
0.004580514
0.004539743
-0.008077382
0.0068998807
0.0039916458
0.0020887898
-0.016741078
0.002393407
0.008422924
-0.004532427
0.0109047815
0.004110128
-0.0009208239
0.021743797
0.0053532342
-0.0009786424
0.017573548
0.0008461125
-0.00077517156
-0.017303325
-0.0022417596
-0.033638176
-0.008825632
0.0025326507
-0.023769451
-0.007536972
-0.012016934
0.008130247
-0.021066029
0.022464495
0.014166119
-0.0044896044
0.005256116
0.031428825
-0.007504764
0.0008491021
-0.017239617
0.015273836
-0.023672434
0.0065939883
-0.019323615
0.021546507
-0.026311157
-0.012077671
-0.001964629
-0.0040285545
0.0074061146
-0.027891267
-0.014886166
-0.04921324
-0.026335359
0.171088
-0.031460542
0.05822896
0.044731393
-0.061003
-0.078104705
0.21939597
0.0026138965
0.060349442
-0.040346075
0.115956634
0.00048170565
0.10085166
0.043239683
0.03733743
0.069042146
0.117571644
-0.07138525
0.0051272893
-0.14649965
-0.11464428
0.044630863
0.027842859
-0.01673831
0.0048075947
-0.025296425
0.16087015
-0.056982975
0.110861294
-0.052834485
0.09215444
-0.112370424
-0.07238599
0.048397407
-0.12265628
-0.03387356
0.23751636
0.055141564
-0.12319897
-0.0066606062
0.018744998
0.16571058
0.00047218055
0.045414425
0.098883666
-0.078467295
-0.04900147
-0.15656868
-0.014567171
0.03656863
0.07769189
-0.11097431
-0.036655765
-0.061492216
-0.042055063
0.09620977
0.06669907
-0.008429323
-0.17151012
0.14673561
-0.027524976
0.1823077
0.0003493099
-0.00052987464
-0.0008127415
0.0016030088
-0.0015004294
-0.00089925656
0.0023530181
0.00035988793
-0.0007462485
0.0032996058
0.0039042316
-9.244928e-05
0.0013171259
-0.0018363015
-3.0152376e-05
-0.00043758244
0.0012972512
-0.0007437281
0.0015474891
-0.00043601092
-0.00022806844
0.0017108248
0.0007565483
0.0015307794
0.0013405274
0.0041428357
0.0047011636
-0.0003132222
-0.0012457105
0.001953214
0.0029554844
0.0016074199
0.0017350042
-0.0013516317
0.00047061435
0.00033887973
0.0020811935
0.002279355
0.0010983753
0.0014076444
0.0016714279
-0.0019904922
0.00030896137
0.0011176509
0.0019342785
0.0037340045
0.002813769
-0.00032428748
-0.0025650754
-0.00077434315
-0.00041670093
0.00096031796
0.00042482367
0.002311785
0.0020766198
0.0044642026
0.0057997066
-0.0006313815
0.0032843754
8.025316e-05
-0.0010919921
-0.000981799
-0.0007329041
-0.0016539351
0.014239701
-0.0047168713
0.0018666653
-0.0060754647
0.0034840507
0.0014499172
0.0032796229
0.007132563
0.004030044
0.0044234106
-0.010614711
-0.0033802981
0.0042110244
0.0112697035
0.0014833972
0.0019758425
-0.0044563287
-0.008241642
-0.0027451797
-0.008531966
-0.0074447095
-0.0136965
0.007961099
0.021481203
-0.005914134
-0.017247986
-0.0006004145
-0.019611534
0.0032775383
0.012216708
0.005354343
0.012989947
-0.0018522354
-0.006466035
0.02353649
0.0012978915
0.019172167
0.006839979
0.010636227
0.0031838391
0.012614276
9.586865e-05
0.008099471
0.0073384074
-0.0009781644
-0.012493835
-0.004193027
0.000107496206
0.0032444983
0.017397707
-0.0011778267
-0.0032176732
-0.00050042133
0.0022605355
0.015896525
0.00955566
0.018417606
-0.0014925578
0.005505067
0.0057679797
0.0048365267
0.008488885
-0.011574644
-0.0040105847
0.00042855233
0.0004936355
-0.0025696373
-0.0003957543
0.008313
0.005201654
-0.0002855089
-0.0016752157
0.0034061086
1.7902654e-05
-0.0012561291
0.003335393
-0.00041272736
-0.0030524575
-0.001105756
0.00081957056
0.0020461762
-0.0024348297
0.0019833385
0.0016645057
0.00064179447
-0.0006806509
0.0008610492
0.002531252
-0.0005032189
-0.0013642485
0.0018506004
-0.0006572763
0.005830179
0.002577513
-0.00063082157
0.0053798514
-0.00038633952
-0.00068297883
-0.0018446781
-0.00076973264
-0.0022227166
0.0011194694
0.0002479503
-0.0015882942
-0.00036074294
-0.0030486067
0.0013926796
-0.0013701617
0.0071891947
0.0027645133
0.0008562018
0.0014631298
0.008909865
-0.0013216735
0.0007224877
-0.0009680101
0.004874157
-0.0010076546
0.0010306182
0.00052966306
0.0035189611
-0.0036855442
-0.00039904052
-0.00023985958
-0.0006692971
0.0018846453
-0.0035126864
-0.0030057959
0.0027681626
-0.0057662465
0.024531124
-0.006363396
-0.0022607197
0.010162556
-0.0027342136
-0.006396094
0.008279414
0.0068216464
0.008525366
-0.0032100175
0.012885338
-0.00246348
0.01484637
0.0038658949
0.0036947392
0.010785754
0.0042355335
0.0007257348
-0.0023196233
-0.02116035
-0.010081098
0.0009246732
0.0025228714
0.0007900874
-0.0013634028
-0.0024601393
0.011276478
-0.008683918
0.0035633948
-0.0034774411
0.011678025
-0.0005817062
-0.00082048494
0.00232705
-0.008612187
0.0005415618
0.004007917
0.005384462
-0.010803446
-0.0058038575
0.0052334107
0.0072699436
-0.00015021647
0.0041902866
0.013776241
-0.0032829307
-0.008327916
-0.00992466
0.003044651
0.0055912114
0.010900596
-0.0077195116
-0.0019241305
0.0006392233
0.00016604856
0.011419939
0.010655459
0.0025841084
-0.011501807
0.004434792
0.0005082947
0.008883615
0.0033612875
-0.0009763409
-0.0069840415
0.0042916
0.013373891
0.009020927
0.00076397107
-0.007984721
0.00570139
0.011206434
0.01062233
0.006031709
0.004947844
-0.01552982
-0.00027671736
-0.001283965
-0.004890525
-0.01089924
-0.0011131162
0.0021845284
0.0007327458
0.00095704454
0.00021292939
0.001460209
0.0039648833
0.012363088
0.024366405
-0.0015002941
0.008358153
-0.0045768055
0.0066033923
0.00043507045
0.0032050004
-0.0050687697
-0.007935897
-0.0021720591
0.0011773003
0.01165671
0.0044082
0.0004212799
0.0070385872
-0.013233177
0.0049508917
-0.002473231
0.0069770943
0.021547325
0.009001622
0.0033309087
0.014020504
-0.004462732
0.0006975559
-0.0086474195
0.008408496
0.0007767502
0.011281327
0.027159872
0.030660637
-0.010353328
0.012217781
0.0026728753
-0.003605593
0.0032178557
-0.010919129
-0.011637541
0.013425649
-0.02435251
0.042482954
-0.034202304
0.05557785
0.03722697
-0.0155148925
-0.036659304
0.052120168
0.026251128
0.03283224
0.00395763
0.058665186
0.001825906
0.024161736
0.015467152
-0.00773644
-0.011381639
0.044648338
-0.0024277298
-0.035711743
-0.109854735
-0.05054362
-0.0075934553
-0.025811568
0.022779228
0.023205379
-0.014963546
0.0452705
-0.045435607
0.04845251
0.007893658
0.03651704
0.07586565
0.001990739
-0.0049827104
-0.044285186
0.002014846
0.08093061
0.04986238
0.025734354
-0.04398215
0.00850035
0.06445714
0.00045082296
0.015275158
0.031818252
-0.03718198
-0.063488945
-0.0509044
0.0060691508
0.005230742
-0.000115845556
-0.07668154
0.04985077
0.032672428
0.012700735
0.01355237
0.027189799
0.018034443
-0.088431455
0.07296343
-0.00482225
0.04140239
0.00028783295
-0.0006756437
-0.0004254244
0.00022534741
-0.00041839192
-0.0005050933
-0.00049109076
-0.000125973
-0.000117285585
0.00030627244
2.263184e-05
0.0005129193
0.00033111736
-4.7492e-05
0.0006031726
-0.00028776692
-0.0007206986
-0.0002977636
-0.0005261526
8.599907e-05
-0.0002831206
-0.000233818
-0.00026477425
-0.0004728974
0.0001398563
-6.559894e-05
0.00030084004
-4.248045e-06
0.00042459977
-0.00031092626
-0.00036713152
4.8894904e-05
-0.00043111097
-8.422559e-06
-0.0008827562
0.00030386736
-0.000997787
-0.0006406498
-1.9243322e-05
-0.00035942844
-0.00052026886
9.4491545e-05
0.00016911744
-0.0005817101
-0.00027447898
0.0011721499
-5.7129684e-05
-0.00012155207
0.0005279392
-0.00038607864
-4.5230383e-05
0.00022204983
-0.00030658738
-0.00064670213
0.00039238826
0.0006563898
0.0006201737
0.00026711685
0.00049461017
0.00027692996
-0.00038481146
-0.00022079493
-0.00079247355
0.0001454008
-0.0014403862
-0.0013201811
0.00098728
-0.0007509171
0.002454606
-4.4078217e-05
-0.0016330277
-0.0018451352
0.00616305
-0.00028168858
0.0027792898
-0.0015441322
0.0028822757
0.0006023444
0.0005505722
0.0005818065
0.00010841527
-0.00058145466
0.0037107859
-0.0013970472
-0.00073212344
-0.004026618
-0.0018996018
0.0010737752
-0.0007044981
0.00042519823
0.00078287144
-0.0006451519
0.0031789776
-0.0018752334
0.0030372886
-0.00072455785
3.8884424e-05
-0.0022017788
-0.0012644355
0.00088213326
-0.0014530215
-0.000779523
0.0063008354
0.0016516611
-0.0033994636
0.000650479
-0.0001236563
0.0034818423
3.507166e-05
0.0014089574
0.00018908967
-0.0008821134
0.0005636655
-0.0021993013
-0.0019384659
0.00033658236
-0.0005343753
-0.002395247
-0.0009091418
-0.0016022921
-0.0010815251
0.0003203654
-0.0006758915
-9.366819e-05
-0.0020219341
0.0046004457
0.00028381855
0.0050910776
-0.017793786
0.011860724
0.17015344
-0.04012497
-0.08494949
-0.051489864
-0.017852113
0.08560195
-0.005855446
-0.122415155
-0.19201122
-0.04764405
-0.04857894
0.2074474
-0.019921398
0.019037515
0.010952577
0.2318846
0.029122375
-0.014324505
-0.0018661693
-0.0011501326
0.0026332703
-0.0054197107
-0.04202274
-0.17577617
-0.13199264
0.009947644
-0.052364606
0.05060753
-0.08571624
-0.015714424
-0.05270536
0.11964328
0.08889518
0.06297569
0.020219676
-0.10724522
-0.022324977
-0.008533764
-0.08123547
0.2539427
-0.01126149
0.031493135
-0.099517256
-0.0930867
-0.07584624
-0.024745645
-0.08552139
-0.022002965
-0.0003668238
0.08082843
-0.06653071
-0.013540875
-0.040446144
-0.16846119
-0.15090463
0.18552692
-0.16552585
-0.018775823
-0.014311825
-0.011169998
0.18027149
0.14022543
0.072929576
0.09273829
-0.08873845
0.24376208
-0.24040061
-0.26714665
0.13096528
0.20528543
0.15661423
-0.16357422
-0.15373205
-0.054548543
-0.078938544
0.03136176
-0.094972156
0.108511515
-0.024881182
-0.123079
0.05037147
-0.0063701873
0.005602409
0.3564255
0.21646382
0.119216755
-0.017982282
-0.0054083792
-0.07285553
-0.1424073
-0.037911735
0.16275886
-0.12917693
-0.043797743
-0.08779409
-0.254034
0.09506949
-0.1541596
-0.03543358
0.0031515455
-0.0053658118
-0.023396058
-0.14421467
0.011689367
-0.18788224
-0.03986556
0.009104632
-0.12952417
-0.16706122
0.12807101
0.20405687
0.16338395
-0.060021993
-0.07364915
-0.14818351
0.17365342
-0.07372595
-0.13955566
0.196752
-0.22148159
-0.23460008
-0.014575978
0.19414432
-0.13941295
0.060031552
0.013133001
0.0014914852
-0.0014691269
0.0056920345
-0.012133073
-0.033963315
-0.031422645
0.032647856
-0.0069131902
-0.02595633
0.047452692
0.055092193
-0.0036689285
-0.0144671425
0.012602684
0.019072663
0.0011629423
0.015120708
0.006983988
0.02598475
-0.0037126935
-0.00032670767
0.013712103
0.0032808806
0.01707865
-0.0056640296
-0.013197762
0.009732031
-0.0015243754
-0.022267265
0.02213793
-0.006638153
0.033268407
0.004289377
0.009133306
-0.010083446
-0.004192744
0.015019083
0.026896164
0.00026661652
0.013298799
0.03248103
0.0017016599
-0.0034297581
0.032570694
0.03377834
-0.0054307543
0.011310445
-0.0025529228
-0.04020078
0.04462678
-0.0017738049
-0.0059615076
-0.013512581
0.022191133
-0.0025048913
0.1175901
-0.008544151
0.030617217
0.05068806
0.007541218
0.031181373
-0.012155917
0.022395637
-0.001347583
-0.045549165
0.028784852
-0.11151085
0.05526774
-0.086567655
-0.067721695
0.025286984
0.02482463
-0.07043476
-0.086265475
0.007580831
-0.08700253
-0.08565791
0.2144098
-0.063925505
-0.020102479
-0.0055686333
-0.07880881
-0.09729784
-0.26336357
-0.011759186
0.16622363
0.07298507
0.5598267
0.070111334
-0.048685763
-0.08647734
0.5272501
-0.03232936
0.14754294
-0.11803812
-0.080148794
0.08698851
-0.01948586
-0.066978276
0.16548815
-0.11783985
0.005775215
-0.10031265
-0.09072412
-0.15613092
-0.007573432
0.30189624
-0.03627967
-0.00037699315
-0.16935441
-0.018832665
-0.013601044
0.020456687
-0.056415964
-0.061389443
-0.04005018
0.08407257
-0.1321723
-0.10976824
0.04224072
0.09091007
0.052620966
0.031881616
-0.003598674
0.082102865
-0.14504255
0.14404355
-0.080992304
0.0005294727
-0.00038627142
3.9677427e-05
-0.0002911571
0.00033691133
-0.00046852458
-0.0002793402
0.00023945165
7.150908e-05
-4.0830564e-05
-0.00013610595
0.00016256818
-0.00010252385
0.00034861136
-0.0004051614
-0.00062162196
-0.00020769655
0.0001205533
0.00043651133
0.0003451878
0.00052898267
-0.00018446527
0.00011359628
-0.00038791154
0.00032558228
-0.00020351492
-0.00058265973
0.00043834213
-0.0002607091
-0.00014238735
-0.0003389145
-0.00051123643
-0.00011356337
0.00024791298
-0.0004027465
-0.00064568897
9.492966e-05
0.00030623915
0.00058234937
-0.00029437465
-0.00018501317
-0.0003176682
0.00018091491
-0.00033052982
-0.000113138354
0.00031901794
-7.005001e-05
-0.0005086031
-0.00057818234
-0.00046544382
-0.00026603043
-0.00039485062
-0.00028759765
-0.00044327808
0.00035369734
-0.00017362038
5.0597664e-05
-0.0002958257
0.00030731145
2.817553e-05
0.0005532431
0.0005752018
0.00025763834
0.00047280817
-0.00056645216
-0.00055559067
-0.0006019025
-0.000123596
-0.00037666218
4.5592755e-05
-0.00048262725
-0.00056650443
-0.00029919777
-0.0002365235
-0.000107314525
-0.0003893991
0.00019092865
-0.00026092614
-0.00053731416
0.00021756787
0.00030935783
0.00026374104
0.00027518568
-0.00043460785
-8.3502535e-05
-0.00046275512
0.00021834619
-0.00017174112
-0.00046830747
-9.1101916e-05
0.00054543617
-0.00045896764
-8.763798e-05
0.0002158303
-0.00062404305
-0.00023950239
0.00012352163
-0.00024785099
-0.00031294627
-0.00037669475
-0.0005629101
0.0004382727
-0.00048477823
0.00048740197
-0.00030318563
-0.0004034656
0.00059897685
0.00014173654
-0.00032110634
-0.0006016722
-0.0003004954
-0.00047371516
0.00027373063
0.0003252052
-0.00042596782
-0.00017915016
-0.0005113644
-0.00012614175
-0.0005070425
0.0003057179
0.00024718992
-0.00040784874
-0.00024659006
-0.00050787313
0.00042764022
3.779648e-05
0.00011556088
0.00022789522
0.0028216993
0.006455886
0.03731617
-0.030132066
-0.01644662
-0.011412071
0.025132172
0.014423741
-0.012954491
-0.03219939
-0.06428943
0.006948723
-0.025641352
0.014407328
-0.025023544
0.04866917
0.07262636
0.03605093
0.10479909
0.002168832
0.005288369
-0.0018329791
0.017479416
0.0632202
-0.00093955814
-0.0029583976
0.026166543
-0.013464557
-0.018610364
0.12611343
0.0008867956
0.1362081
-0.0057711564
0.018001005
0.031705707
0.016579686
-0.028523823
-0.02235195
0.008181829
-0.013044982
-0.027825423
0.0644435
0.0119368415
0.03130338
0.039193284
0.03945855
0.003561521
0.004405685
-0.026290866
-0.07532386
-0.0007056589
0.03202679
0.009119395
0.00073948404
0.02338663
-0.06573963
0.059799585
0.049139615
-0.048555024
-0.0040520406
-0.06933673
-0.009141532
0.063702635
0.0065740654
-0.12965895
0.06642173
0.050627537
-0.054004602
-0.112073734
0.045030523
-0.053294588
0.015980292
0.030139392
0.013329299
-0.20330991
0.031702247
0.06038829
0.27135357
0.072980165
0.039679915
0.11009452
-0.0097280545
-7.365075e-05
-0.2007963
0.17619178
0.13610648
-0.033929244
0.32238212
0.23324767
-0.3103708
-0.12816392
-0.50564194
0.06749793
0.3394399
0.07475245
-0.027278114
0.113156594
-0.27735507
0.045416273
-0.25924015
0.021309944
-0.013044676
0.097110376
-0.0405051
-0.036961436
-0.0021772247
0.044113506
0.11900782
0.002162231
-0.17895053
0.04827745
-0.025286542
0.037011113
0.06965516
0.10522858
-0.018446803
0.21656227
0.068322234
-0.087484315
-0.11412957
0.18602155
0.10494978
0.22261128
-0.0012971355
0.041763127
0.06930987
-0.33977124
0.007939487
-0.00051797705
0.0019435738
-0.0009807446
-0.013394209
0.022892658
0.009457569
-0.0030885441
-0.0066367164
0.00078490283
0.01950471
0.019622289
0.010138515
-0.01295385
0.0050565344
0.006722917
0.009928568
0.016827669
0.002485695
0.014474521
0.002105732
0.0010145011
-0.003874465
0.0013801298
0.013242913
-0.006894421
-0.024143541
0.008975988
0.00034805847
0.01756265
0.017225517
-0.009716344
0.027116898
-0.0022088909
-0.0060544657
-0.005811277
-0.0025106969
-0.012787985
0.016137978
-0.0013753098
-0.007023239
0.01617819
0.0010313455
-0.004146349
0.0014319044
0.035285972
-0.0056798304
0.0020066265
0.0045869434
0.02055544
0.02715973
7.843139e-05
-0.0040073874
0.0109322425
-0.004752359
-0.0050401473
0.057835385
-0.020336373
-0.009220951
0.021810876
0.0046085697
0.021824596
0.0026937544
-0.005376846
-0.0041374234
-0.01593087
0.0029624172
-0.019961605
0.05827521
-0.111673795
0.030714381
0.007158189
-0.005089984
-0.050318822
0.007450275
-0.039261054
-0.04937579
-0.041204914
0.050134428
-0.007761097
-0.009022819
0.015842384
0.042689133
-0.03916547
-0.021488778
0.0070990957
0.02983803
0.013478011
0.017070202
0.041246455
0.075092405
-0.03883069
0.21471526
-0.024932228
-0.039444663
-0.048084423
-0.054808255
0.07225109
0.010258594
-0.06221341
-0.045770824
-0.09260193
0.004574263
-0.07821328
-0.026898595
-0.1501805
-0.014690028
0.06798107
-0.04821075
-0.0018464337
-0.036604095
0.038461674
-0.013566697
-0.034080256
-0.07741287
0.014455149
0.005767616
0.064947
-0.054701705
-0.08051289
0.04325279
-0.0051655956
0.018976755
0.0546952
0.0027957626
-0.018066412
-0.08749798
0.10979494
-0.06898056
