-0.0083365245
-0.0072620125
0.00193681
0.0032492818
0.012874672
0.007542532
-0.0074603767
-0.012906244
0.0005442278
-0.0010667733
-0.0005288127
0.028526606
0.009132405
-0.004634026
0.0005904802
-0.001383329
-0.011273163
0.014712955
-0.0010675293
0.017708015
-0.0012274003
0.002042022
-0.016998207
0.021025188
0.0009770595
-0.013285742
-0.010730439
-0.0106759
-0.009351152
0.029400544
-0.018066395
-0.00055863196
0.043273356
0.019120805
0.0029013297
0.06330919
-0.02761692
0.2423116
0.091205925
0.09069309
3.680615e-05
-0.0084084915
0.1186366
0.07681593
0.04373725
0.0097227
-0.028799534
-0.0016974853
0.020255687
-0.017000742
0.0015304798
-0.02167857
-0.016719827
-0.04793728
0.09375796
-0.049032018
0.0014295897
-0.0049015298
-0.0060140966
0.0044302684
0.026070163
-0.004556781
-0.0050704163
-3.6966242e-06
-0.042288437
0.10642521
-0.00060080626
0.053708035
-0.024097824
0.008149094
-0.039148938
0.078484096
0.0009110915
0.123837344
-0.013310582
-0.04537886
-0.014118437
-0.05155598
0.14246626
-9.636897e-05
-0.020495027
0.05500785
-0.0009756612
0.031017061
-0.008792581
0.002514479
-0.012485417
0.04082327
-0.0013926344
0.08489437
-0.0070118853
-0.027576156
-0.007506285
-0.025892962
0.104728065
0.0013654788
0.081954494
-0.03832814
0.0027187676
-0.0051216586
0.001353074
-0.08121816
0.06564252
-0.02157357
-0.001330958
-0.033174116
-0.088916846
-0.06551233
-0.016086401
0.18313614
-0.031542454
0.0005956965
0.022570478
-0.0027789709
-0.0003292087
0.022785157
-0.04255651
0.11760532
0.07493431
0.104002155
0.0010365631
-0.012322503
0.10333502
0.053430725
-0.0041489075
-0.012870319
-0.020072693
0.0016315682
-0.015278755
0.013776494
0.0016134387
0.036170952
-0.010281931
-0.024473796
-0.022377945
0.0030393035
6.6117835e-05
0.04288244
0.004468648
-0.023220217
-0.0062187626
-0.030019363
0.053758267
-0.0011962852
-0.024612628
0.038065348
0.00080760947
-0.018933918
0.08195923
0.14430061
-0.05153649
0.012392698
0.00025319756
0.023620391
0.063390955
0.12516867
0.004959956
-0.04798312
0.06394345
0.00094695366
-0.012012285
0.03602552
0.00056872825
-0.0012974908
0.06891987
0.17143577
-0.06995642
-0.00928745
-0.00015612271
0.038099
0.14623097
0.1692795
0.021100227
-0.1013833
0.09147493
-0.0010377066
-0.005940347
0.050537277
0.0013178136
-0.0024301123
0.014594174
0.0031431513
-0.013218146
0.023138866
-0.00082077447
0.05009706
-0.01723814
-0.017268581
-0.0030441717
-0.013463176
0.05671522
0.0014129783
0.027792918
-0.020860536
0.00187057
-0.018090045
-0.01982323
-0.04191727
0.09609896
-0.05595832
-0.0015037098
-0.0044273282
0.0013931468
0.008133303
0.03835835
-0.014710581
-0.004819303
-0.00049540756
0.06637121
0.0063847583
-0.0009823667
0.034570348
-0.0638992
0.32488135
0.10096415
0.12515752
0.001134547
-0.024492323
0.12756255
0.07596054
0.029868437
-0.009893565
-0.02506666
0.00065176573
-0.010685536
0.004233839
-0.00019385025
-0.0009991047
-0.0010373225
0.041799072
-0.033347506
0.018424517
-0.001348515
0.002918257
0.026344594
0.023471123
-0.0062088356
-0.025966927
0.009282886
-0.0012509952
-0.027092464
0.07088259
0.0024313063
0.033556066
0.01604921
0.013489501
-0.054972153
0.07997299
-0.0017188926
-0.03543324
-0.024539584
-0.03495941
-0.02048004
0.09749366
-0.060568124
-0.0017056431
-0.047436137
0.09971027
0.0008569332
0.0072322683
-0.00730362
0.013031958
-0.04012514
0.10911816
-0.0009924873
-0.02164464
-0.020491604
-0.032806583
-0.018718952
0.08245923
-0.06634995
-0.00072293397
0.03790615
0.03625104
-0.0015310235
0.07185716
-0.07216505
0.33873206
0.12485945
0.16278256
-0.0009029318
-0.01920492
0.1798257
0.11774001
0.053758457
-0.010878644
-0.023972077
-0.00054870447
0.00025949324
0.11122321
0.0024090265
-0.051418774
0.0062223165
0.025657954
-0.027926397
0.11238058
-0.001107062
-0.023954581
-0.041450504
-0.05317724
-0.022237683
0.13817726
-0.062460296
-0.0014932512
-0.0029450865
0.013252586
0.0012865557
-0.00046062723
0.0039550313
0.00024994122
-0.0022575464
0.005323699
-9.129396e-06
0.019878665
-0.0050492715
-0.005990511
-0.0024648183
-0.004260818
0.017200561
0.0014597665
-0.0016459393
0.005813091
0.0004134495
0.0009547241
0.010362109
-0.00045161252
-0.004130901
0.0058103157
0.00056773965
-0.002441614
-0.003129312
-0.00019126112
-0.00093365036
0.00781179
-0.005275877
-0.00046844376
0.032705903
-0.026463002
0.0006788999
0.0072765085
-0.000151043
-0.0439478
0.04350035
-0.030848507
-0.00034034473
-0.011678421
-0.04760455
-0.034720816
-0.0075376127
0.07806
-0.010951837
0.0011879895
0.0006142575
0.015601985
0.0020698053
-0.01107386
0.0069458676
-0.00084531144
-0.0001850584
0.018842945
0.00040982285
0.00021749958
-0.008480988
-0.0081938915
0.00029789697
0.027290644
-0.0091959415
-0.0007616183
-0.0137819685
0.08349773
0.0034439864
-0.009690034
0.007868511
0.010504542
-0.02238487
0.06837797
0.0016187774
-0.008256711
-0.018542191
-0.026095137
-0.0076491693
0.06947278
-0.0440519
0.0015830135
-0.0039201058
-0.0056060134
-0.0016324207
-0.006369422
-0.011907134
0.007927637
0.038218804
-0.040423185
0.00081189367
-0.00045632132
0.016007043
0.03630137
0.032752793
-0.041269343
0.00068866106
0.00027028096
0.047281902
-0.010882318
-0.0026529683
-0.0017830763
0.018546088
0.04622044
0.0071724895
-0.09867861
-0.0002148595
-0.0009788766
0.16375346
0.12691689
0.07312527
-0.099656925
-0.017812995
0.00074281305
-0.057701718
-0.011279985
0.007442828
-0.028689092
0.17343292
0.067434385
-0.075454615
-0.030415826
0.0014411217
0.022430971
-3.999825e-05
0.08836418
-0.030341974
-0.044454448
0.09533978
0.0011298032
-0.007794092
-0.0023482793
-0.00076706946
0.015239329
-0.0022246966
0.0046560075
-0.011522606
0.007855018
-0.0014691481
-0.001137837
0.0064876843
-0.004626403
-0.0035650004
-0.0028013696
-0.0004361666
-0.0017046086
-0.04431222
0.08441881
0.0023743878
0.052717905
-0.01880289
-0.0052007753
-0.043671045
0.07921887
-0.001131591
0.100320175
-0.00038517057
-0.030241301
-0.014829666
-0.049483515
0.097219184
-0.0011611006
-0.008588391
0.13686578
0.005727062
-0.057473004
0.0016487018
0.038130224
-0.030067813
0.16991498
-0.0007180628
-0.035872083
-0.035068687
-0.056226876
-0.02732497
0.15285538
-0.08092327
0.0009065536
0.0008745576
-0.014530063
-0.0009989529
-0.0065255794
0.010341974
0.017890178
0.011405783
-0.0659455
-0.001357591
0.0022112455
0.053922918
0.07443531
0.04718955
-0.07345796
0.008170607
0.0009989325
-0.06395229
0.16878517
0.006606656
-0.05432538
0.020165369
0.010187406
-0.08602172
0.1355726
0.0010301103
-0.0138114225
-0.049010284
-0.04659703
-0.026140437
0.108340785
-0.087059006
4.645086e-05
0.008788169
-0.0055933483
-0.00037216308
-0.003197443
0.020205325
0.025137188
-0.0020729983
-0.023881353
-0.001080806
0.0015528268
0.044104736
0.04295009
0.018488847
-0.021648211
0.0048894193
0.00141054
0.041669678
0.018629942
0.0010340074
0.07677313
0.009042681
0.107266165
0.028514212
0.036214244
-0.0009306684
0.015379191
0.07285272
0.0045195743
0.027712453
0.012661272
0.0034209457
-0.0009878116
0.00061594637
0.018674104
-0.00020118867
0.025440078
-0.033375286
0.10346981
0.06232094
0.1303428
0.0015321886
-0.009157977
0.10017072
0.03575652
-0.011951743
0.0012711845
-0.022522297
0.0009115258
0.006626283
0.0166189
-0.0010707635
0.020133862
-0.011885586
0.080616035
0.045152433
0.06669824
-0.0011704048
-0.0019043654
0.06066437
0.038735732
0.0055251895
0.002436553
-0.011824258
-0.0013105072
0.04871144
-0.047706567
0.0010918217
0.034812186
-0.011090818
-0.05525775
0.09372651
-0.07277582
0.0005703335
-0.014891664
-0.04983215
-0.053967226
-0.0028935333
0.08291004
-0.020426972
-0.0011172657
-0.015924286
0.020793486
0.0015208035
-0.025502438
0.08589414
0.11276193
-0.022432614
-0.00870913
0.0010296587
0.024733499
0.037521362
0.0893266
-0.007751172
-0.030717893
0.06967481
0.0015105698
-0.0021309573
-0.0056236666
0.0027299442
0.0031867812
0.031793818
0.0132307
-0.007698596
-0.0113990335
-0.0002517111
-0.0017766639
0.0042586215
0.021650217
0.0054097082
-0.0040073395
0.0015521434
-0.0016041959
0.040443514
-0.025660893
0.0009493064
0.0087147355
-0.0029583853
-0.08092532
0.061373614
-0.037148666
-0.0015478281
-0.009821615
-0.050690763
-0.03846941
-0.005660794
0.086211786
-0.011320643
0.0005588429
-0.025920752
0.014139861
0.0007170853
-0.007178549
0.052761763
0.08888207
-0.045071457
0.0044172523
-0.0010362094
0.01103669
0.034437202
0.07992389
-0.0040035495
-0.04475055
0.047548067
-0.00072700414
0.05082696
0.09081668
0.0014266415
0.12840572
-0.049673285
0.34503916
0.120596945
0.19477277
-0.0012343789
-0.0068764607
0.18661346
0.08674819
0.044366986
0.05042031
-0.03843455
0.0015813146
-0.0010569778
-0.0038325451
0.0035429548
6.838592e-05
0.03644252
0.005321173
-0.008986842
-0.0046197637
0.00021171551
-0.003560323
0.0006962901
0.0052509764
-0.0018443222
-0.0027316934
-0.0019955821
5.553782e-05
0.05529323
-0.021379745
0.002078922
-0.0060799834
0.001666272
0.00068085064
0.026436962
0.014970452
0.0009744323
-0.025258334
-0.059530564
-0.04835235
-0.017911918
0.12235067
-0.025853386
0.00049425836
-0.049849898
0.15128149
0.0042960243
0.0115256235
-0.008483553
0.027525429
-0.03954194
0.12389852
-0.00027639364
0.10709667
0.004969221
-0.024053438
-0.0106786145
-0.042438254
0.08179884
0.0016591751
-0.035309236
-0.010258181
0.012508357
-0.017528897
0.1649915
0.035307508
-0.061004937
-0.023669023
-0.0010499088
0.004639992
0.0026375253
0.05476179
-0.021613894
-0.021015178
0.047967527
-0.00053431967
-0.003295577
0.0034959032
0.0042885435
-0.011804249
0.073306374
0.044291478
-0.023156222
-0.025306713
4.637789e-05
0.010457002
0.028026659
0.06537899
0.0041746986
-0.029094221
0.033690553
-0.000913702
-0.002991058
0.026820194
0.00026922303
-0.0009045135
0.006389236
0.0013417726
-0.0029376596
0.011914426
0.0009279863
0.03038291
-0.0074682413
-0.008467799
-0.0004213119
-0.00647974
0.028433835
0.0010583522
-0.03395133
0.08748259
0.0004627244
0.049602356
-0.015010604
0.025459204
-0.027880644
0.078955315
-0.0011990104
0.12878609
-0.0056769536
-0.027771387
-0.013788446
-0.039852742
0.16855824
0.0006642303
-0.061132863
0.016784893
0.00062797265
0.02294819
-0.004277889
0.1374657
-0.09304728
0.06796307
-0.0013578802
-0.015120389
0.027566833
0.025008531
-0.02120344
-0.059506927
0.013736037
0.0012775713
0.00011373756
0.0020296522
-0.0015490621
0.003747892
-0.0027374467
-0.0029484478
-0.0030667456
0.0014336344
-0.00080391637
0.006048157
-9.999649e-06
-0.0019283239
-0.00059889583
-0.003299382
0.0035824308
0.0015253033
-0.007642531
0.013302781
0.0006765122
-0.0011577072
-0.033663396
0.07706904
0.055851486
0.12000652
-0.0008185979
-0.012399353
0.08030135
0.032168165
-0.023255728
-0.0007472667
-0.024699258
0.0011519169
-0.008875341
0.06725769
0.0010784678
-0.0036748291
0.016051147
0.003396766
-0.010173092
0.029014993
-0.0015966777
0.086288154
-0.018549345
-0.023749202
-0.005099725
-0.0123452
0.08004879
0.0015095209
0.056475554
-0.030764764
0.0026712946
0.0039554993
-0.0015170978
-0.08243957
0.06595375
-0.033835914
-9.3870034e-07
-0.015356811
-0.073581085
-0.05039033
-0.01397046
0.13184685
-0.016296785
-0.000854043
0.0014040936
-0.013012131
0.006245691
0.0009992891
0.07558152
0.02198217
-0.016853794
-0.017106492
-0.0015818605
-0.0074163605
0.0111494
0.035665475
-0.0009178355
-0.0038038073
0.003401587
-0.0010420908
-0.09503327
0.045634527
0.0059616813
-0.111432455
0.1723361
0.24378803
-0.17114618
0.05182971
0.00089393696
0.00975998
0.022645477
0.20101224
-0.04032689
-0.07723843
0.120374754
0.0016477396
-0.013039334
-0.050736282
0.017502746
-0.00035362522
0.23114935
0.044673204
-0.07197625
-0.07747568
-0.0011239289
-0.018612076
0.060244817
0.09691874
-0.0077303443
-0.046321712
0.0022413668
-0.0015498949
0.094881296
-0.01661125
0.0003941582
0.12617375
-0.011758054
0.1984146
0.07572026
-0.011292636
-6.5163564e-05
-0.020515734
0.078260854
-0.004972244
0.036390617
0.02709019
-0.02265001
-0.00073056633
-0.018446932
0.036651533
0.0025905198
-0.0114786215
0.09568824
0.16357534
-0.060729783
-0.00303382
0.00052684214
0.026900848
0.10025123
0.14696245
0.0005317862
-0.07585283
0.087188065
-0.0009225054
-0.009430945
0.001817681
-0.0008531651
-0.0031004571
0.018699799
0.023414018
-0.010058956
0.0005276561
-0.0008628184
0.0010748059
0.003900507
0.022393838
-0.0054915035
-0.004608995
0.012472177
5.8670677e-05
-0.061779097
0.020142214
0.0021412342
0.037318535
-0.006996846
0.121958606
-0.09073491
0.06957048
0.000298928
-0.018826867
0.025738727
0.017515885
-0.02025264
-0.051786322
0.009211824
-0.00040516138
-0.009471656
0.021113541
-0.0004181464
0.025090713
-0.007589643
-0.0075486195
-0.011592252
0.018795094
0.0010700515
0.029339375
0.0007324199
-0.013984923
-0.003235354
-0.010830552
0.030431356
0.001336358
0.07780772
0.0063463612
0.0032297522
0.09578721
-0.010930977
0.23963372
0.06542425
0.049157728
0.0007355486
-0.018509708
0.059686136
0.0046518086
0.01919367
0.05974576
-0.021632632
0.0010983105
0.044309888
0.015700584
-0.0009295504
0.033384036
-0.058619995
0.22243942
0.07904378
0.12292584
0.000106058935
-0.021470623
0.13646871
0.06221218
0.018851424
-0.015481021
-0.01902647
-0.00094522507
