0.0011711033
-0.044690665
0.003891546
0.081641115
-0.039144054
-0.040047508
-0.038448777
-0.081496045
0.0056027393
0.007317102
0.0010711184
0.021593627
-0.028758995
0.013371716
0.018136717
-0.017820247
-0.03979913
-0.050564617
-0.041965693
-0.01057404
0.14351818
0.12999918
-0.055140454
-0.023134844
-0.064915806
-0.09293232
0.095166594
-0.04000143
-0.018681962
-0.006892776
0.09279105
0.12393535
-0.0010555343
0.1662406
-0.0025279212
-0.04692059
0.021072596
-0.0020313372
0.031577848
-0.030810894
-0.024333678
-0.030631546
0.0041456004
-0.026584279
0.012669301
-0.017898943
-0.003220404
0.018261543
0.027921397
0.14038609
-0.011670815
-0.029395297
-0.0133836
-0.023252318
-0.0030428078
0.005393665
-0.038725466
-0.0072603
-0.015962247
-0.020733766
-0.0068949414
0.056171715
0.019131087
-0.0129389055
-0.0011562444
-0.0028988244
-0.021844396
-0.054573696
0.00534121
0.02806508
-0.017062375
-0.02369376
-0.006469932
0.002905299
-0.008596224
-0.011974044
-0.004315938
-0.008635669
0.025282823
-0.0014799492
-0.046200678
-0.04107253
0.010183459
-0.0046703643
0.017522171
0.06282524
0.017849887
0.021479867
-0.03824146
0.057202056
0.003937677
-0.009704938
0.00040995752
0.008861302
0.01320137
0.052612174
0.0002803113
-0.010580889
-0.0123230945
-0.15049662
-0.0041610464
0.03686554
-0.019776888
-0.08650547
-0.019282326
-0.00038471262
-0.00027116935
-0.011542838
0.004351456
-0.0060578715
0.083492845
-0.01647005
-0.07727347
-0.055863794
0.00625059
-0.021855075
0.09486546
0.21228927
-0.029776113
0.006188551
-0.014696103
0.024624772
0.021543365
-0.012108348
0.019095423
0.021821711
0.047119334
0.13265435
-0.00075436605
0.016744675
0.083948985
0.06792303
0.2013082
-0.03957267
-0.019986121
-0.011765689
0.0018653086
0.07168201
0.009942678
-0.034666937
-0.022918284
0.041511867
-0.06379236
0.0043142
-0.031686936
-0.002759969
-0.0164148
-0.029028643
0.011785434
-0.0025994806
0.014921141
-0.01994436
-0.05283666
-0.0033727908
-0.013414156
-0.044043224
-0.009349947
0.007483756
-0.032406464
0.03764318
0.0011782874
-0.020368777
-0.019331848
-0.07689203
-0.039700758
0.08079192
-0.023216523
-0.054244913
-0.011674883
-0.0113223735
-0.005384531
-0.031182522
-0.002633712
-0.022066483
0.080856025
-0.0036119928
-0.047550008
-0.049984448
0.061364423
-0.0066719144
0.034697622
0.06891727
0.047024503
0.011660994
-0.05044919
0.025058683
0.016394721
-0.0043216855
0.055836596
0.0020658276
0.027331414
0.12268546
2.331543e-05
-0.025912415
-0.031622022
-0.02545632
0.0020518517
-0.047117386
-0.06991555
-0.073557995
-0.0091812145
0.22547755
-0.011796078
-0.029558472
0.011315996
0.013120894
-0.065473266
-0.0012660595
-0.030168764
-0.011855521
-0.050940365
0.03256298
0.023993984
-0.015968695
0.06045192
0.0424014
-0.04712216
0.025023766
0.027803542
-0.009597863
0.026785323
0.0072726305
-0.036476422
0.0427867
-0.0008544352
-0.0009273986
-0.0070782094
-0.012850408
0.00011921176
-0.0006511658
0.011389792
-0.001803087
0.021087678
-0.0053270506
-0.0004665956
-0.032305278
0.073609024
-0.004935203
-0.0021577084
-0.0015136765
-0.0061670365
-0.0046502566
-0.01954948
-0.01294744
-0.0033630724
-0.014025538
-0.03592559
-0.017649347
0.029713674
-0.0038186782
0.00071333075
0.09955551
-0.002641581
-0.0019140155
-0.007913506
-0.02786048
0.00033267107
-0.0065032975
-0.01993711
-0.0058824415
-0.009340511
-0.010849762
-0.012838903
-0.019802442
-0.008996866
0.058924295
-0.0040423493
-0.013155161
-0.007979832
0.004278916
-0.014091024
-0.000115970135
-0.011118427
-0.007404278
0.00030629177
0.015682861
0.0006648827
-0.0053622853
-0.002715057
0.014681904
-0.012818123
0.021093834
0.0024203816
0.010820683
0.006610838
-0.0005899872
-0.005826036
0.0015712399
-0.00073380425
-0.01555538
-0.013254796
-0.007670319
-0.009940516
-0.0169653
-0.00034562516
-0.034515124
-0.015603299
0.045025323
0.0046247593
0.030356256
-0.011662161
-0.009233545
-0.014357808
-0.0033551527
-0.0054687923
-0.010230668
0.06594406
0.015466573
-0.023419622
-0.022386136
-0.02742926
0.03248264
-0.0057989326
-0.021745553
-0.010511797
0.0044811494
0.057036255
-0.009212944
-0.043326337
-0.008701312
-0.00097250304
-0.024997206
-0.011085134
0.027236441
-0.041817848
0.10638391
-0.018259907
0.0083789155
-0.0098845335
-0.02031366
-0.013224807
-0.022253389
-0.0009821826
-0.009055435
0.060020022
0.013104376
0.042973217
0.07826623
-0.010335613
-0.016823728
0.027714891
-0.07108881
-0.020743033
-0.009931329
-0.02108138
-0.016856778
0.0038631412
-0.008065613
-0.025987027
5.9460384e-05
-0.04728902
-0.043179948
1.2934192e-05
-0.01969658
-0.0033179224
-0.07741133
0.04456782
0.024466828
-0.04754569
-0.06317261
-0.029963974
0.09814353
0.005215247
-0.03373196
0.007434072
-0.0024886236
0.0051795123
-0.0034652357
-0.07217554
-0.045413364
0.015090403
-0.025050014
0.05330831
0.16647126
0.07586206
0.02386178
-0.083423875
0.053899597
0.010267125
-0.009701985
0.04296555
0.024655161
0.07794943
0.12940511
-0.0011231798
-0.016677093
0.0007293608
-0.041705552
-0.013159565
0.023807751
-0.008164409
-0.02676339
-0.0025029858
-0.016283585
-0.005965347
-0.012922799
-0.0054412126
-0.0066612256
0.019375606
0.010808419
-0.014585105
0.0042031826
0.053864494
-0.0054784217
0.008597738
-0.013224734
0.0146956295
-0.011657929
-0.009568041
0.030199185
-0.004280947
-0.00588805
0.0019410453
0.0005279257
-0.0116233155
0.0022303013
-0.001167764
-0.009469976
0.0025572071
0.028500026
-0.007319416
0.003551881
-0.0075063948
-0.013732631
0.053355157
0.015280242
0.015182279
-0.006443836
-0.01122026
-0.0046857265
-0.041478302
-0.0013915945
-0.018824968
-0.0058227503
-0.010007536
0.0043606283
-0.030331714
-0.030299783
-0.028144863
-0.011175839
0.021967178
-0.011866387
0.020682925
-0.03242549
-0.028114423
-0.003175117
-0.015258192
0.05982236
0.0009119271
-0.010702879
-0.0212529
-0.017044239
-0.01754964
-0.006117016
0.0051179784
-0.023592068
-0.03602002
0.056191064
-0.0033442932
0.08062391
-0.024210105
-0.010611598
-0.028776912
-0.006725172
-0.0076557016
-0.016183645
0.048747666
-0.0014114013
-0.026440682
-0.011105842
-0.028269714
0.015978195
-0.020275975
-0.031516973
-0.012736641
-0.009270896
0.030283632
-0.0091083655
-0.036242686
-0.011378333
-0.0005398304
-0.019954454
-0.031037081
-0.012621809
-0.02497856
-0.038901906
-0.003965139
-0.048392195
-0.023899365
0.09474768
-0.0033561531
0.017573142
-0.023112074
-0.012397988
-0.02686594
-0.008867616
-0.013983237
-0.022206634
0.08921782
0.033174053
-0.024640594
-0.022772128
-0.05218668
0.045789007
-0.0131076155
-0.0056232736
-0.010877274
0.018286435
0.041139636
-0.013422509
-0.043735307
-0.019700771
0.0007894381
-0.0024707671
0.01908971
0.022855707
0.031250395
-0.0048180795
-0.0030791266
-0.0024882576
0.000685078
0.011720057
0.0064672553
-0.0063917646
-0.0012384829
0.010629808
-0.015873685
-0.0009925936
-0.01431756
-0.00090561545
-0.000111011235
-0.0051899394
-0.0037365502
-0.0028751963
0.00035540722
-0.002775565
-0.012365496
-0.0063092504
-0.0066785007
-0.006113054
-0.003283169
-0.00024735494
-0.010298598
0.0075217295
0.00029425908
-0.018900802
-0.016190581
-0.040749542
-0.03218617
-0.015578424
-0.027680948
0.008997141
-0.026151095
0.001962539
-0.007846022
0.016811486
-0.00458184
-0.00940366
-0.0668528
0.008370354
-0.02311738
-0.0143692745
0.15616468
0.0135746505
0.0016019698
-0.028250221
-0.025505958
-0.0051602484
-0.0022883653
-0.0064690798
-0.010261055
-0.025848985
-0.00624342
-0.004173338
0.016325384
-0.02324438
-0.0009689031
-0.0077046566
-0.0072641284
-0.017567772
0.042421598
-0.0031532734
-0.031395774
-0.013853612
-0.01402162
0.064686544
0.008625447
-0.028040413
0.013771645
0.008988723
-0.04223347
0.0019651123
-0.03316866
-0.0045945854
-0.03803499
0.00028754413
-0.005367364
0.006277785
0.10681391
0.0057339896
-0.045507576
0.03812238
-0.01696172
-0.006560928
0.011780322
0.019076163
-0.013320575
0.007198972
-0.00045589881
0.00023687612
-0.0042657526
-0.006310628
-0.00036249252
0.005906363
0.0127785895
-0.004686803
0.0023677063
-0.0047201556
0.0050493977
0.014230379
0.0021778392
0.0005372146
-0.002115346
-0.000625174
-0.0016263024
-0.0006248706
-0.007978699
0.0010851148
-0.008044833
-0.0024255104
-0.0019204633
-0.0034235208
-0.0019915835
-0.0011074322
-0.002093571
0.0019513852
0.004492608
-0.0003238427
-0.006999025
-0.0034693773
0.0007769776
-0.020384442
-0.015229234
0.012296125
-0.008540506
-0.0108502265
-0.022634605
-0.00093668175
-0.026961975
-0.013769407
-0.0062123737
-0.0277398
-0.009952566
-5.1233583e-06
-0.0056044254
0.015859643
0.13798836
0.11581862
-0.04164096
-0.016615547
0.015928043
-0.021132665
-0.06519319
-0.029582933
-0.05514544
-0.0030361945
0.019099938
-0.012734774
-0.001974684
0.0115056755
0.016718758
-0.015603399
0.00045811594
0.0020019356
0.024060097
0.027321778
0.14113206
-0.008144716
-0.039587624
-0.0053121666
-0.012329748
0.050456703
0.0068566734
-0.04724874
-0.0011511676
0.04396234
-0.059542477
0.008044299
-0.011068521
-0.007938715
-0.024909837
-0.023880778
0.006751016
0.000111303554
0.09083727
-0.0011150843
-0.04431474
0.044330917
-0.010503694
-0.022637941
-0.0018472926
0.0115583185
-0.011432865
-0.022994464
0.0011134916
0.033366654
-0.009719871
-0.022875331
-0.0070559424
-0.0147065865
-0.001795337
-0.015096552
-0.014478492
-0.016859584
0.0018258414
-0.015911216
0.035031363
-0.008997646
-0.028488811
-0.0028227088
-0.019635066
-0.007276827
-0.014904821
0.008585422
-0.0045395843
-0.011804732
0.06096281
0.034227088
-0.008379796
-0.0011020295
-0.014606766
-0.016718272
0.007466626
0.017256739
-0.023849355
-0.008183171
0.00026289345
-0.01876835
-0.0035485143
-0.015154682
0.010633355
-0.01896318
-0.011744981
0.05062614
0.0004584521
-0.020617945
-0.0073210215
0.07453503
-0.021066278
-0.008501221
-0.036127187
-0.00077665393
-0.015412191
-0.02492675
0.0037291835
-0.0022038338
0.030581424
-0.026933447
-0.0019001085
-0.035472237
-0.024301551
-0.012900289
0.0013374286
-0.027382765
-0.0116180135
-0.0066445963
0.021017823
-0.025121933
-0.00034943764
-0.008668121
-0.004837796
0.002326127
-0.0028825977
0.022621976
0.012741212
-0.012682067
0.011880562
-0.0101926625
0.015189581
0.02283925
-0.01408958
0.00063928316
-0.012458995
-0.0020705205
-0.0061851367
-0.004105076
-0.008135317
0.0055376347
-0.01613526
-0.012879239
-0.0033587154
-0.004051099
0.011084862
-0.00872519
-0.00569956
-0.001308312
-0.0014847848
-0.0013034969
-0.007503073
-0.0022513529
-0.0009439856
-0.029305875
-0.039406523
0.20512448
-0.12628055
-0.06432699
-0.08374773
0.12070059
-0.001970305
-0.061833248
-0.04121815
0.016817186
-0.01219747
-0.0063169785
0.04998117
-0.0039371387
0.119858384
0.12069931
-0.09789721
-0.008486483
0.19858672
-0.09604906
-0.05384604
-0.03393729
-0.098160006
-0.10491438
0.06633597
-0.039008092
-0.011397125
0.012441073
-0.072328195
-0.017438795
-0.00057100016
-0.01695284
0.011160001
0.014779655
-0.012045629
0.005604632
-0.02009851
-0.017249143
0.06987005
0.017267289
0.0169897
-0.015074385
-0.012986984
-0.00892137
-0.05846699
-0.00080876617
-0.02288096
-0.008972872
-0.017350761
0.005454442
-0.045175284
-0.03705145
-0.01614208
-0.0061035417
0.055653512
-0.023176948
0.025242362
-0.03638566
-0.0040362
-0.0022237257
-0.038574416
0.110968746
0.0004649898
-0.04050296
-0.021673994
-0.057801332
0.013817932
-0.03796301
-0.02995278
-0.040508855
0.01836073
0.050153587
-0.0026356757
-0.02683169
-0.0013027826
0.028977493
0.022413366
-0.0038571705
0.045888517
0.0013926901
-0.060685266
-0.0028007906
0.15445507
0.12973341
-0.022908945
0.031439256
-0.046885565
-0.041251156
0.15384397
-0.016732141
0.0010748896
0.0147386575
0.18995756
0.04706411
0.00069118495
-0.012467492
-0.009660042
-0.0080293855
-0.012423455
-0.018273259
-0.004785573
-0.008244762
-0.012497664
0.043582395
0.00058830745
-0.013312883
0.014840604
-0.0057291244
-0.008943842
-0.0013744864
-0.013400576
-0.0026270936
-0.005483535
0.01413344
0.004773131
-0.0012064147
0.015450788
0.03138377
-0.010127121
-0.0019520391
-0.0036407243
0.008182853
0.019693574
-0.0020504955
-0.005284544
0.012286567
-0.00030878684
0.00025734928
-0.018718243
-0.049012132
0.06960285
-0.006624018
-0.026825158
-0.02415879
-0.011881706
0.088352606
0.0015562986
-0.02479572
0.0031979033
0.029335355
-0.021914646
0.003511648
-0.025057552
-0.012037291
-0.043311443
-0.019803256
0.03887199
0.048269846
0.024858449
-0.0012525775
-0.049016453
0.039026197
0.022000855
-0.018910045
0.012480163
0.015649255
0.036585223
0.048970267
0.00073467713
-0.019478545
-0.010552272
-0.023587147
0.0010527176
-0.014352158
-0.014621976
0.04904272
0.0028619883
0.018995294
-0.009084835
0.025611006
-0.006658752
-0.010780563
-0.045757044
-0.003197347
-0.031708207
-0.03639745
-0.0205081
-0.007059974
0.022077944
-0.03415215
0.0007169353
-0.004388331
-0.009458599
-0.02565044
0.004255704
-0.030290578
-0.019863272
-0.011430066
0.06540954
-0.0136196865
0.0009975521
-0.007008449
-0.005688413
-0.018819548
0.00034158252
-0.02558807
0.0010956912
0.033525355
-0.014496176
-0.018678784
-0.0023756989
-0.027076546
-0.0029598258
-0.0041523655
0.01084506
0.016801052
0.0001249974
0.025351197
0.060699303
0.0033879315
0.0026098497
-0.025865162
-0.01321895
-0.022200886
-0.0067080082
0.0062205275
-0.013956358
-0.013204795
-0.004904757
-0.0036727157
0.009420957
-0.005685979
0.0011241547
-0.0049451008
-0.026608806
-0.0025369092
-0.016004853
-0.009423065
0.0075364965
-0.004639376
-0.014353221
0.0457279
-0.0022293434
-0.005895382
0.012579094
-0.004882998
-0.006482142
-0.0026877662
-0.00901309
-0.0044086664
0.010052946
0.02668351
-0.0039027256
-0.011852703
-0.015767843
0.027851002
-0.01406883
-0.009661847
-0.014151748
0.029755479
0.018181656
-0.0062774695
-0.01419448
-0.008345181
-0.00015743593
-0.025212845
-0.03143824
-0.011900795
-0.029492052
-0.02349777
-0.011586587
-0.053778265
-0.01510425
0.09106702
-0.0067013805
-0.00034643812
-0.028548358
-0.0017801145
-0.033331174
-0.008045449
-0.020454718
-0.034172013
0.09690387
0.026023403
-0.034630384
-0.023087349
-0.02934471
0.022307253
-0.010066572
0.049415994
-0.011579319
-0.014160024
-0.00059752417
-0.016211912
-0.043182198
-0.023969153
0.00018750055
-0.019935073
0.00072317064
-0.06137192
0.0076325214
0.04118185
-0.0016684602
-0.048415326
-0.0060918233
-0.030801862
-0.009528595
-0.019763315
-0.0019743217
-0.005951305
0.024194349
0.018659623
-0.007386737
0.0024984626
0.06838504
-0.0032513647
0.013479747
-0.03262586
0.0072012395
-0.0139870625
-0.010625303
0.04596292
-0.011320268
-0.005684304
-0.00014594498
0.0067733293
-0.040674657
-0.006909585
0.0011751725
-0.0123963235
0.13586311
0.27808625
0.1371682
-0.08863025
-0.0097821895
0.007809915
0.043314196
-0.0042780214
0.017716166
-0.0007267179
-0.003938812
0.040345665
-0.09934858
-0.004903929
-0.05558014
-0.060371686
-0.00043856562
-0.010108024
0.033767577
-0.0377219
-0.028904533
-0.028896062
-0.05582849
-0.059125163
-0.018689126
-0.05048761
-0.03131847
-0.0027088847
-0.0730387
0.050268374
-0.00011129682
0.022330623
0.0024212273
-0.053286243
0.02008241
-0.044225603
-0.018186219
-0.0117582055
-0.0128510725
-0.021565342
-0.0069870926
-0.0055055073
0.0017850229
-0.014326297
-0.050387237
-0.0052678282
0.032172173
-0.026494572
-0.031000623
-0.026361248
-0.024203371
0.05269286
0.11363596
0.01785376
-0.023657367
0.05835847
-0.0016554702
-0.010290673
-0.018204112
0.016899941
-0.019893864
-0.05333599
0.000907724
0.003004031
-0.030582508
-0.0128999455
0.04887589
-0.017250696
-0.03077946
-0.035193548
-0.008113289
0.1447609
-0.009205857
-0.011732203
-0.020356243
0.03691723
-0.056483574
0.00077103334
-0.013195599
-0.024537396
-0.021982221
0.009036073
0.010434236
-0.027013907
0.019538986
0.025201123
-0.04500016
0.041360978
0.017113782
-0.025163008
0.0037825513
0.011578439
-0.0067786872
0.0214988
0.00071395916
0.010501957
-0.021858888
-0.0030307414
-0.03126028
-0.01953717
-0.006621057
-0.025415603
-0.008311618
0.10631893
-0.013045948
-0.008229466
0.0135710705
-0.0059510055
-0.038657565
-0.004984593
-0.02273934
-0.016558535
-0.04078002
0.008895211
-0.0101402085
-0.010361154
-0.0118023325
0.06341787
-0.035301603
-0.0035521444
0.006344713
0.00677451
-0.011530669
-0.004293982
0.025127893
0.017627725
0.00026903453
-0.005181395
-0.019988246
0.013580711
-0.005177407
0.0108724395
-0.022893637
0.007070834
-0.015999112
-0.012307593
-0.0088799
-0.010897752
-0.017608942
-0.010816151
0.020553764
0.015176782
0.09623715
0.141802
-0.051242955
-0.0150746405
0.022909172
-0.040967703
-0.042586118
-0.036502913
-0.037020605
-0.015002775
-0.020277485
-0.0106991865
-0.0018079295
0.009894989
-0.01287019
-0.024869045
-0.0009917789
0.07629481
-0.007307269
-0.0061051077
-0.005189884
-0.00029642615
0.012957737
-0.023607453
-0.004598682
-0.01925373
-0.0013207908
-0.019360611
0.029442912
-0.004027887
-0.010623412
-0.0024925855
-0.009402481
0.031435184
-0.024115717
-0.010834401
-0.008224565
-0.008617021
0.009511379
0.018360136
-0.020175312
-0.022063833
-0.014336611
0.0010333136
-0.0062324745
0.024159752
-0.018975578
-0.009541271
-0.001124336
-0.012462053
0.011803664
-0.03336209
0.05820524
0.04116334
-0.030291062
-0.026204506
-0.012936633
0.01902005
0.009998641
-0.04582722
-0.0014593041
-0.0033762208
-0.053933248
0.00089625537
-0.07268029
-0.017418258
-0.007787759
-0.025782065
-0.030883892
0.019389063
0.15468812
-0.0132608805
-0.061027575
0.056447063
-0.023209205
-0.020667564
0.025816184
0.021116255
-0.0005136101
0.007937501
0.0011672914
-0.021432517
-0.013817614
0.02926339
-0.032482225
-0.03653275
-0.0142285945
-0.034138698
0.004507356
-0.027545856
-0.0033776485
0.008386589
3.266021e-05
0.014021042
0.030792164
-0.014897039
0.0070898593
-0.017980497
-0.050460663
0.0020319019
0.13023728
0.08835263
-0.028527139
-0.009427357
-0.03904817
-0.073486805
0.08887988
-0.01001665
-0.002784414
-0.0002839578
0.07674572
0.044951357
0.00045366952
-0.03558663
-0.013167589
-0.0487578
-0.027027458
-0.031905465
-0.031730264
-0.06518204
-0.021944912
0.114019945
0.0019548612
-0.043621358
0.056551646
-0.01793476
0.010356852
-0.0097464975
-0.04746301
-0.027490065
-0.036484443
0.01894537
0.040040955
0.067986034
0.048019085
0.07731643
-0.038798556
0.0020244315
0.038106263
-0.006003767
0.046039086
-9.3391136e-05
0.07210514
0.057287794
-0.0010516435
-0.0003186904
-0.011341903
0.00966327
0.00018397257
0.0064843995
-0.0041209734
-0.005897562
-0.009478136
-0.00684396
-0.0016131953
-0.009691201
-0.00697496
-0.0037219294
0.00046492316
0.0060098968
0.041477025
0.05361633
-0.016701337
-0.0065395758
0.002729036
-0.015528884
-0.019693594
-0.017585112
-0.016885096
-0.001788736
-0.0021742147
-0.0035191332
-0.00038656782
0.0018253075
0.00595702
-0.008796603
0.0011145143
-0.024512101
-0.033905536
0.049421012
-0.01817146
0.105510674
-0.021575693
0.09348176
-0.006026203
-0.032390554
-0.0135083925
-0.042491976
-0.004461394
0.011270631
0.026755836
0.007296075
0.037410047
0.09212099
-0.03111789
0.011592012
0.07007665
-0.07262149
-0.030756436
-0.017261237
-0.019536221
-0.056238025
0.015670013
-0.033725496
-0.033203688
0.0023163047
-0.094378896
-0.047042564
0.00096118246
-0.03492676
0.0027904343
0.06426514
-0.020068757
-0.056237992
-0.012260314
-0.021682678
-0.021678573
0.0064914017
-0.0034063372
-0.020544438
-0.018274678
0.017028507
-0.011147492
-0.005959819
0.1205685
-0.014859446
-0.017843777
0.007844763
-0.058101427
0.06265571
-0.028563766
-0.011662015
-0.040246204
0.02213218
0.0387071
-0.0020664446
0.00093081384
-0.012264352
-0.02541137
-0.020922486
0.000117596865
-0.012148775
0.091102846
0.05328535
0.031686045
-0.042875938
-0.019958198
-0.0149361575
0.009151329
0.00057993765
0.002571153
-0.0024528946
0.011883921
0.0021049774
-0.032136574
-0.00028893235
-0.024794392
-0.009124763
-0.006410255
-0.009703783
-0.005006757
0.013708716
0.016655026
0.01362013
-0.039545253
-0.026986575
-0.02082694
-0.008807353
-0.0033882859
0.008880185
-0.027233623
0.0046466063
-0.00096890854
-0.043129515
0.06987616
-0.053892996
0.018221973
-0.051543597
-0.05627167
-0.0030751596
0.059287366
0.06715529
-0.025114648
0.017222986
-0.026219357
0.012476488
-0.10691983
0.005123482
0.046202306
-0.025038013
-0.09695177
-0.016371164
0.061974466
-0.069411755
-0.022977415
-0.030383505
-0.042543277
-0.05323949
0.10584624
-0.063031994
-0.032681473
0.01283815
0.18692073
-0.01420897
0.00017391719
0.012045316
0.008274654
0.0018938973
0.05457126
-0.008868264
-0.006576546
0.0057445336
-0.007159975
-0.0024104377
-0.004942631
-0.010916026
-0.00944838
0.010160673
-0.021609133
0.00096744735
0.00324598
-0.004129167
-0.0090661645
-0.0074277567
0.0017439842
-0.0015967485
0.018123282
-0.011938826
-0.000490467
0.012579591
-0.0007952893
-0.008426756
-0.0017050423
0.0023159469
-0.00020818827
-0.016112704
0.0008661955
-0.01734789
-0.023496201
-0.03930433
-0.008659539
-0.029808607
-0.01710113
0.065344356
-0.032506023
-0.006309814
-0.010638682
-0.017236928
-0.008710225
-0.0135488445
-0.06524493
0.009432379
-0.032739032
-0.028241545
0.14265771
0.013436402
0.00037012613
-0.029231608
-0.024463652
-0.01487135
-0.0018394566
0.014772582
-0.014611294
-0.035814576
-0.025951656
-0.012028688
0.045838073
-0.025264207
0.00024404505
-0.03892549
-0.017147275
0.016362866
-0.0019815753
0.036587443
0.0026601346
0.14870405
0.013236217
-0.062364504
-0.0026986026
0.017169448
-0.003444464
0.001944471
-0.011779678
-0.004037396
0.007342668
0.035738148
-0.031525128
0.0261896
0.07834327
-0.0631098
-0.014725189
-0.045788746
-0.010244619
-0.055582546
0.01050386
-0.06825556
-0.026277995
-0.010770835
-0.09271643
-0.044613834
-0.00070820074
0.114243895
-0.007869137
-0.01927645
0.0052823913
-0.0066569387
0.021261994
-0.021097444
-0.0076749446
-0.017155249
0.0020739639
-0.0076189693
0.0182077
-0.0072545777
-0.00813415
-0.0040442636
-0.024738401
0.05631992
-0.026764521
-0.023552096
-0.016396753
-0.012343185
0.002791182
0.014054366
-0.029682785
-0.02713004
-0.021135109
-0.015889913
-0.002014566
0.038083337
-0.011117634
-0.0072471476
0.0010803603
-0.0311207
-0.0083909305
-0.041421022
0.0016531594
-0.003010076
-0.02199301
-0.07696625
-0.00395147
0.03699746
-0.010865207
-0.06373056
-0.0329238
0.008171374
-0.062617466
0.005367841
-0.034436204
-0.031734027
0.09574174
0.0034086134
-0.033744924
-0.053738527
0.0071097943
-0.008555853
-0.01985842
0.14705318
0.0013651871
-0.023177922
-0.016234785
0.00090597325
-0.035478942
-0.022991324
-0.00051928085
-0.0006101318
-0.012345843
-0.0159903
0.002859929
-0.0016413734
0.023181723
-0.005361285
0.013217553
-0.010212176
0.0016071973
-0.03227102
0.077161774
-0.005333973
-0.005801123
-0.00089958904
-0.007074556
-0.006336565
-0.016230522
-0.015281985
-0.009839422
-0.013148334
-0.032795444
-0.010578262
0.0022166052
-0.00696252
-0.009186475
0.11920724
0.026896268
0.0017685659
-0.00844689
-0.031052075
-0.00037417447
-0.01795675
-0.018807808
-0.0052720597
0.0077614896
0.056399364
-0.0028275806
0.075025834
-0.0012918446
-0.032786272
0.0049532414
-0.007888762
0.003027878
0.013886049
-0.0027150156
0.0044249683
0.015824463
0.056762807
-0.008279642
0.011059495
0.04301493
-0.046475496
-0.011125783
-0.01805603
-0.0043490543
-0.027260084
0.002893615
-0.028744739
-0.02572686
7.298246e-05
-0.059403554
-0.03839629
-0.0010658428
0.008105165
0.0368556
-0.065482
0.005993628
-0.035461698
-0.043163404
-0.017223319
-0.016359145
-0.03690123
-0.0056551616
-0.047447972
0.05743731
-0.027032468
-0.030728446
-0.003727134
0.0070604123
-0.0029286998
-0.007322124
-0.02561034
-0.006110881
-0.022260059
0.04863007
-0.020668434
0.14861536
-0.037059437
-0.023375714
-0.020635307
-0.017492462
0.006349864
-0.03081258
-0.0403917
-0.0010505696
0.0024714365
-0.0037244686
-0.0022531392
0.002639673
-0.0039035557
0.0012868834
-0.011959944
-0.000272155
-0.0069670607
-0.0012429206
-0.0011535294
-0.0034344003
-0.0074541154
0.021415235
0.0014682784
0.0024948933
-0.0049412698
-0.009649098
-0.004992916
-0.013467567
0.012072225
-0.0035160808
-0.004687757
-0.007943462
0.021158222
0.0023554342
-0.0027132789
-0.00058738695
0.0027544927
-0.016249184
-0.004956172
0.00088301144
-0.013234541
-0.0315359
-0.022279508
-0.02273959
-0.015140658
-0.0056993756
-0.025765799
-0.04891188
0.06324574
0.008450322
0.073761396
-0.019496223
-0.010654787
-0.028678467
-0.007637135
-0.0075016306
-0.008216862
0.096512854
0.043601654
-0.05468502
-0.038126007
-0.030735658
0.06262592
-0.02291507
-0.05731062
-0.031715527
0.006677265
0.12714878
-0.00839019
-0.07018917
-0.025604721
0.00012455342
-0.009685326
-0.008438356
0.051750675
0.004043898
0.0055871243
0.011156565
0.04996422
0.036015123
-0.051359266
0.007979745
0.08901371
-0.0071414863
-0.0059512737
-0.029163525
-0.0061215237
-0.020228513
-0.014259203
-0.03582545
0.0027681154
0.054673832
-0.037384238
-0.01839519
-0.037451696
-0.020828849
-0.021613108
0.01569112
-0.05588426
-0.026995327
-0.00421556
-0.033926424
0.018059151
0.000469626
-0.004861721
-0.033285793
0.077470206
-0.0317029
0.08976652
-0.007494852
0.13015987
-0.011746586
-0.048391208
-0.015539379
-0.023577277
0.00060154847
0.019071694
0.0555193
-0.00842613
-0.023027334
0.025421644
-0.04281794
0.021334557
0.11656132
-0.030562233
-0.040774513
-0.018320175
-0.023161072
-0.09547668
0.012916145
-0.055592854
-0.04031502
-0.0084673
-0.15210861
-0.04179096
0.000835532
-0.009314229
0.025212783
-0.03282942
-0.011655067
-0.0131213805
-0.014847056
-0.006134247
-0.00083583023
-0.007694215
0.0052812374
-0.030670922
0.046374578
-0.0036940854
-0.01048399
-0.0009974503
-0.006720268
0.002699084
-0.012893188
-0.012753426
-0.0036722587
0.00062541437
0.009133671
-0.0022642168
0.043876324
-0.01502647
-0.0072587267
-0.015137666
0.0030527704
0.0033041192
-0.010493124
0.01880149
0.00037046612
0.14225808
0.002799169
-0.0107811475
-0.009672708
-0.0044630514
0.01998177
-0.04279754
-0.006367635
-0.03759521
-0.004230684
-0.022859588
0.045354106
-0.0075112106
-0.03742526
-0.0076891445
-0.035915982
0.036946397
-0.024093447
-0.031414986
-0.018082337
-0.0053856224
0.017923499
0.053266045
-0.043234516
-0.043918237
-0.025244776
-0.002691733
-0.008516302
0.049040437
-0.03823497
-0.00835669
0.00029862992
0.008405793
0.010097873
-0.012534952
-0.0043250527
-0.003223205
-0.009623885
-0.005091255
0.002504261
-0.0040416196
-0.0019316517
-0.0100918375
0.012636633
-0.0039337906
-0.0058196196
0.000103573635
-0.001927432
-0.004414512
-0.004313665
-0.0101973135
-0.0020572355
-0.0032322977
0.0055861836
-0.008871232
0.024592055
-0.0063600317
0.00075156655
-0.008355312
-0.0033285802
-0.001263072
0.00053933583
-0.0066959485
-0.0001135431
-0.030149756
0.030204875
-0.11967585
0.029072467
-0.040448897
-0.04400725
-0.06707823
-0.024921099
0.080342755
-0.0016453874
-0.016749624
0.03561087
-0.0018960409
0.016859908
-0.0057844706
-0.0505661
-0.037014443
-0.038699023
-0.007805398
0.09256903
0.1788438
0.019060044
0.05126951
-0.038725886
-0.018442182
0.035687786
0.0004349582
0.009488517
0.02687186
0.14330842
0.05167518
0.0011340467
0.026309336
-0.040799264
-0.003534618
-0.007940886
-0.0119046625
0.053962808
0.01427014
-0.00876624
0.015381863
-0.0052510193
-0.049189433
0.064783156
-0.010724955
-0.0068981075
0.00067967724
-0.010685223
0.00033229703
-0.023175964
0.001712456
-0.010437853
-0.021804107
-0.039897703
0.04237212
-0.023838386
-0.0149968155
-0.013257169
0.067626745
-0.030647065
-0.007600809
-0.01158423
-0.032306008
-0.0011446916
-0.006795413
-0.008084546
-0.11499576
-0.038482975
0.10538368
-0.024427272
-0.079062246
-0.021846578
-0.040465992
-0.0155652305
-0.0009914369
-0.013627577
-0.03923076
0.17808232
0.006851338
-0.042148788
-0.046961
0.098006316
-0.03883173
0.08309608
0.11632745
-0.032900706
-0.015453377
-0.023849243
0.07456657
0.005634747
-4.412028e-05
0.023737868
0.012505458
0.014607701
0.14573814
0.000361456
-0.028535658
-0.0151827
-0.06150196
-0.00015551661
-0.064270884
-0.00075061934
0.06583468
-0.025794042
-0.021411246
-0.004773109
-0.05728152
-0.0026602228
-0.013360474
0.03878691
0.031630278
-0.02727793
0.014313944
0.119323574
0.0052400175
0.03874226
-0.055901688
-0.028074346
-0.043918386
-0.005193004
0.040420115
-0.027048538
-0.025458876
-0.028826656
-0.0103126
0.03117852
-0.032954663
-0.00044718964
-0.013562948
-0.0120483935
-0.015277449
0.011368678
0.013648807
-0.041107666
-0.01452641
-0.020134239
0.09516466
0.0072959443
-0.03327596
0.023490721
0.010426739
-0.04155799
0.0012730547
-0.05653407
-0.015794238
-0.0514593
-0.0065167253
0.0110278595
0.016761059
0.09715738
0.0036273515
-0.055075068
0.016529743
-0.0045128996
-0.020033384
0.020697242
0.012686443
-0.015833428
0.06483291
-0.00027969526
0.02540791
-0.031160355
0.12090426
-0.045616347
-0.0055865906
-0.0104003865
0.05834556
0.012957123
-0.046394113
-0.015144361
0.018824669
0.0012937608
-0.0012786841
0.010243201
-0.013368708
-0.029465044
-0.02477563
-0.039052043
0.0051368224
0.07488559
-0.02720631
-0.026987592
-0.0041314457
-0.027233608
-0.047934476
0.024151418
-0.047091607
-0.02781991
-0.0035210263
-0.07381742
0.039785843
0.00033999418
-0.0045747743
-0.0028281384
0.05058117
0.0021494075
0.003922493
-0.0016215029
-0.015101823
0.026794028
-0.009707238
0.012771985
0.00043532203
-0.023489842
0.0014296192
-0.032227673
-0.0008724823
-0.008136987
-0.0062197903
-0.003881237
0.002022666
-0.020856291
-0.016394617
-0.016868668
-0.008908037
0.0058071353
-0.0107197985
0.0060307165
-0.020465808
-0.02024491
-0.0010352306
-0.015453706
0.03743535
-0.0009309576
0.018191645
0.008481995
-0.0051734815
-0.0065938067
-0.0026173764
0.0004149997
-0.006528912
-0.0024824296
-0.004167245
-0.0027055906
-0.002689123
0.009597827
-0.00061497104
-0.0064546913
-0.0014039613
-0.0024101187
-0.0003935328
-0.009023197
-0.0054995087
-0.005825349
0.0015343195
0.002707332
0.027253281
-0.01013957
-0.005138564
-0.0028475288
-0.008869922
-0.007940618
0.0146170845
0.0024436908
-0.0009198099
-0.0006267201
-0.008614038
-0.020731183
-0.01985191
0.00547972
0.021466043
-0.01195755
-0.035486393
0.003315243
0.0073442636
0.010477458
0.011909361
-0.0045409393
0.0021690077
0.014196854
-0.0046936823
-0.03228639
-0.016928468
0.00912754
-0.0115198735
0.031035086
0.07409216
-0.032990206
-0.01612979
-0.0025463228
-0.008022278
0.007680075
-0.0013647196
0.005292897
0.0007624953
0.024143333
0.067764595
-0.00037993994
-0.035436444
-0.039601453
-0.070812866
-0.020892946
-0.06111679
-0.013612524
0.10716853
-0.059897095
-0.0012066017
-0.012004962
-0.03634308
-0.013369679
-0.021149198
-0.06323647
0.022154015
-0.033176627
-0.013215919
0.226684
0.02011473
-0.00084338867
-0.042989366
-0.040087666
-0.019906107
-0.0028801674
0.025662206
-0.03311112
-0.040520094
-0.026054552
-0.02315428
0.0640981
-0.023629747
0.0007643475
-0.0017607318
-0.018958917
-0.009301872
-0.013987107
5.147174e-05
0.017816003
-0.003927627
-0.013124214
0.022220997
0.005704632
0.009945798
0.011556644
-0.010970796
-0.0032270646
-0.0023133708
-0.00911668
-0.0062564975
0.013452105
0.020749742
-0.013857178
-0.00967916
-0.014423196
0.03327683
-0.022997012
-0.019692019
-0.015854808
0.054034673
0.06393974
-0.0039828033
-0.020255823
-0.0013933793
0.0006713345
-0.004101086
0.004501038
0.004439535
-0.0035191632
0.00048797746
-0.008531005
-0.005346207
0.009524857
0.0060456735
0.0004489169
-0.016705396
-0.006063217
0.0005590121
-0.02156117
0.00023100367
-0.0030185133
-0.002516368
-0.007772061
0.0020380619
-0.008054048
-0.0027204028
-0.0032674535
-0.0049473345
0.00873384
-0.010052692
0.009971362
-0.01157228
-0.0099412305
-0.0008600603
-0.009039432
0.044186838
-0.0010133834
-0.0055509848
-0.04877017
-0.02458545
-0.02798675
-0.002146968
0.03353131
-0.00942051
-0.05573881
0.050893318
0.0120378975
0.060892295
0.012415699
-0.01844132
-0.0152735
-0.006807747
-0.011388811
-0.016723033
0.03520286
0.036240198
-0.05484285
-0.01791853
-0.04255995
0.06546637
-0.040919144
-0.05032984
-0.0336022
0.10766443
0.1534785
-0.007462333
-0.06198806
-0.011854609
-0.00060664694
-0.020770168
0.03407428
0.023107426
0.001687958
-0.02292331
-0.00944781
-0.0078628175
0.007659053
-0.0034509958
-0.0022793016
-0.037987582
-0.010610506
0.0072808447
-0.03454252
-0.00050083804
-0.014869481
-0.010478342
-0.008662983
-0.0027202351
-0.029959204
0.017588789
0.00613863
-0.0055390764
0.029600788
-0.02210356
0.009450526
-0.017655874
-0.018678479
-0.0028144617
-0.023004044
0.046218812
0.0011909532
-0.0036873664
0.00412794
0.004277138
0.060736336
0.05975321
0.014802097
-0.0048974454
-0.0043698484
-0.017799374
0.013324307
-0.020257547
8.319565e-05
0.032767735
-0.017789902
0.0062225773
0.006557546
0.00086449494
0.014487934
0.0065896655
-0.0011771093
-0.041151308
-0.004813904
-0.011724368
0.01900244
0.014873819
-0.007522838
-0.01286569
-0.013797448
-0.00023145015
-0.010162603
-0.032861765
-0.0004675264
-0.019332137
0.0012788012
-0.033030953
0.016244905
0.13654317
0.0032285424
-0.084888816
-0.005829811
-0.009120608
0.025469046
-0.024009086
0.0062324563
-0.006781265
0.055845715
-0.0099695055
-0.071256205
-0.058964886
0.03626197
-0.020480933
-0.0072562085
0.007820137
0.045662023
-0.0069343285
-0.044025913
-0.049755435
-0.007818101
-0.008880265
0.021495612
-0.0014744464
-0.011219851
0.034842458
-0.00027275662
-0.013934086
-0.02786663
0.06081944
-0.051789854
0.098170444
-0.026432073
-0.029872721
-0.028170701
-0.014443747
-0.018985514
-0.056213833
-0.0035078719
-0.0177283
0.10653537
0.008831968
0.011969664
0.06968558
-0.0170049
-0.022197245
0.019919189
-0.079600856
-0.037175562
-0.006387593
-0.033180814
-0.040311325
-0.018025076
-0.00765635
-0.025409922
-0.00034524908
-0.041697856
-0.059813656
0.000175325
0.04052779
-0.0024843405
-0.004396526
-0.004011728
-0.0020283824
0.0037896512
-0.007793081
-0.0046662614
-0.0011958702
-0.00044859006
-0.003758244
0.00897547
-0.0012884825
-0.0059528085
-0.0017491463
-0.008435396
0.017869044
-0.009322883
-0.00982828
-0.0052770446
-0.0036630835
0.002026637
0.018848833
-0.013332717
-0.013313344
-0.008192788
-0.009836754
-0.0055474066
0.016744258
-0.006356981
-0.0046713925
0.00025857403
-0.035247743
0.21522188
0.088952035
0.038686067
-0.08115494
-0.016507566
-0.034448013
0.01198704
-0.02208541
-0.0036794483
-0.0015042219
-0.03489016
0.0072046905
-0.07943565
-0.003647343
-0.0038916601
-0.033177193
-0.0041547883
-0.031984083
-0.049356468
0.059193633
0.0030873064
0.0012058427
0.035939384
-0.063749634
-0.019364076
-0.046731602
-0.04281027
0.005347432
-0.08611636
0.009566666
0.00066669215
-0.002807783
-0.02464354
-0.012851596
0.002329844
-0.0018847497
0.0435244
-0.0038560438
0.023298921
-0.006679336
0.005735232
-0.048594747
0.14590602
-0.010026485
-0.006037687
-0.0012679487
-0.0112017775
-0.008686992
-0.029440524
-0.01437371
-0.0072055794
-0.02198439
-0.0477665
-0.019467356
0.024719872
-0.006541449
-0.013874052
0.1499901
-0.008552087
-0.002390705
-0.009654673
-0.035010703
-0.00079723226
0.052983213
0.0053552096
-0.011912158
-0.029036278
-0.011044945
-0.0015908738
-0.045134474
-0.016000455
-0.016576182
-0.0056077368
-0.037593104
0.06692154
-0.0073662265
-0.026162267
-0.006848377
-0.009180587
0.0010446028
-0.026923412
0.00058298325
-0.0067323796
0.009205426
0.03043972
0.094571926
-0.03469013
-0.022823114
-0.0215129
-0.02969282
-0.007532407
0.039883085
-0.028119545
-0.0072818277
-0.0008238273
-0.014209278
-0.010439921
0.00861504
-0.0051720017
0.016327808
-0.014127983
-0.00795958
0.036527533
-0.0071158805
0.0083314385
-0.007948951
-0.024445955
-0.0032751665
-0.022658234
0.00018425281
-0.020674018
-0.0058774916
-0.0076825926
0.0041558933
-0.020459872
-0.028425686
-0.024575697
-0.012737934
0.044453558
-0.0063483794
0.0038139864
0.00094973034
0.008464033
-0.0043394724
-0.009119674
0.039404493
0.00018635728
-0.06254099
0.0053775255
-0.062557586
-0.011620515
-0.06515576
-0.016901227
0.050549872
-0.015027635
-0.018511292
-0.0035040865
-0.05278313
0.01762643
-0.014186617
0.03095565
0.027858905
-0.008789211
-0.0048395977
0.09874874
0.014492733
0.02648137
-0.055686377
-0.014970987
-0.037064686
0.07779384
0.029608563
-0.009635205
-0.020661384
-0.024435453
-0.014761001
0.011261147
-0.01772116
-0.0007186474
-0.017706908
-0.001452641
-0.07820487
-0.025999358
0.07089449
-0.021594342
-0.044002555
-0.0017520018
0.00525618
0.00050263887
-0.022451928
0.0027905472
-0.019368976
0.06330459
-0.00475584
-0.05676517
-0.046124123
0.05432915
-0.01655464
0.029652875
0.068040565
0.04796402
0.016142698
-0.056888405
0.038085114
0.014548372
-0.015242411
0.057937935
0.0042325794
0.029137157
0.11687006
0.00082277594
-0.007848594
0.098355465
-0.13082653
-0.003082461
-0.061147295
-0.060509644
-0.02421721
-0.0025073614
-0.044165425
0.008471625
-0.06992545
0.1274047
-0.031641565
-0.053117175
-0.002152612
-0.0155716315
0.009407625
-0.016852314
-0.0430933
-0.010181339
-0.025721371
0.06794118
-0.02685543
0.2145278
-0.049496993
-0.0479261
-0.06896529
-0.023164116
0.01989337
-0.045674473
0.0010265922
0.0006226556
0.058172185
0.011630633
-0.01872165
-0.0011984452
-0.0054243174
-0.0015107222
-0.0070378617
-0.006508984
-0.024907464
-0.004024834
-0.010350084
0.025018856
-0.011833177
-0.015356921
-0.003712691
-0.006133006
0.025535515
-0.019066691
-0.014450145
-0.004121694
-0.014793699
0.01918083
0.0082025435
0.04726544
-0.0383177
-0.014328462
-0.005800402
0.0004963566
0.02096179
-0.019255357
-0.015324878
-0.0006235535
-0.016208915
0.00045747453
-0.05868644
-0.013293415
0.042532917
-0.009596892
-0.013552544
-0.005072645
-0.021774607
-0.0029603732
-0.026790207
-0.0017427498
-0.00801222
0.028270546
0.016905533
-0.011234423
0.021766657
0.061122917
-0.008071063
0.013079567
-0.03474375
0.011042275
-0.012598842
-0.012212367
0.008776607
-0.006288268
-0.010041028
-0.0067563737
0.002406558
-0.044271413
-0.0058378
-0.00097123487
0.0017719264
-0.0042009475
-0.035666242
-0.001041677
0.039896302
-0.008107267
-0.04815558
-0.011587015
-0.01415455
-0.006177538
-0.0068754675
-0.0069973064
-0.012842158
0.0766606
0.0019422253
-0.017904198
-0.02954488
0.022002306
-0.015350343
0.011952792
0.055275925
-0.0031995806
-0.0112326
-0.021968286
0.022976624
0.0024678858
-0.0039053613
0.0055368743
0.0009833319
-0.018875143
0.05867655
0.0008524772
-0.005302629
-0.026415868
-0.015056754
0.0028475674
-0.0076900716
0.026172392
-0.018695649
-0.010504928
-0.0064584054
-0.0009930289
-0.05243417
0.16287453
-0.014682316
-0.006518731
0.00012261943
-0.024423469
-0.014263615
-0.023086192
-0.015412853
-0.0039039443
-0.024260268
-0.047603108
0.0030939735
0.018311834
-0.018450927
-0.034465995
0.10930248
-0.0061447443
-0.011486112
-0.010642051
-0.05485006
-0.00013595229
-0.011573299
0.003875224
0.007501027
0.0057384474
-0.018088331
-0.008907383
0.034042362
0.01928215
-0.03811419
-0.0062832907
0.06458728
-0.011107158
-0.00633579
-0.03162181
9.42089e-05
-0.010778015
-0.010300669
-0.024442753
-0.0028662267
0.034733932
-0.023556888
-0.002489572
-0.035146784
-0.012518851
-0.006232835
0.007818968
-0.021433668
-0.010033823
-0.0044478895
0.01088672
0.0067926506
-0.0009762957
0.10746068
-0.011532615
-0.0065743946
0.007817267
-0.0011914877
0.019218743
-0.021112012
-0.007456337
-0.010769503
-9.402388e-05
-0.011327229
0.008172587
-0.010306237
0.009475392
0.006267882
-0.0044844337
0.07111036
-0.0029446748
-0.017909568
0.0011799645
-0.0073122503
-0.011124985
0.0091479635
-0.033808574
-0.0032190068
-0.0060661384
-0.010696021
-0.0029809973
0.03050023
0.007652686
0.0009490891
0.0007733037
-0.013859705
0.06500886
0.05385964
0.021161223
-0.038950033
-0.009900786
-0.019342078
-0.01799426
-0.00808839
-0.0014785116
-0.005072574
-0.027051453
0.010376657
-0.039378833
-0.0056660073
0.053498797
-0.021296762
-0.0028007508
-0.0108221695
-0.03932306
0.040046807
0.0020788016
-0.001627654
0.017521925
-0.01644355
-0.007875856
-0.0057534375
-0.009467319
-0.0040910705
-0.029961916
-0.03306666
4.7741527e-05
-0.008712349
-0.029943828
0.020320274
0.0077218013
0.059674572
-0.0374529
-0.016525265
-0.024709512
-0.021928078
-0.007570093
-0.02436173
-0.022397224
-0.0063995067
0.02517374
0.023530522
0.12958679
0.2052195
-0.06915307
-0.017196223
0.008816437
-0.07876231
-0.053847782
-0.04957205
-0.03716162
-0.002985873
-0.03255054
-0.013088772
-0.0073818443
0.014211612
-0.010918409
-0.032919485
-0.0012092808
-0.014098885
0.06734857
0.06988022
0.02373398
-0.04109047
-0.011243502
-0.018752726
-0.025858505
-0.015800158
-0.0010191731
-0.012229742
-0.024206828
0.016758349
-0.035356104
-0.0062000738
0.10228634
-0.026951196
-0.010161278
-0.006341192
-0.04065497
0.06375774
0.019275576
-0.0038887404
0.03127103
-0.008454083
0.00027183647
-0.0060317414
-0.01334436
-0.0029257506
-0.034388274
-0.052766304
0.00090273115
-0.0055750883
2.0245627e-05
-0.0081982985
-0.0130889835
0.015040717
-0.0061845887
-0.012086737
-0.0027946313
-0.008778715
-0.0027014096
-0.004796087
-0.00076668523
-0.003311715
0.018605892
-0.0030633924
-0.00960315
-0.004194564
0.023352832
-0.006738068
0.005149292
0.010890194
0.009698576
0.0016391902
-0.0102067
5.0115996e-05
0.00090062676
-0.0019689463
0.01238652
-0.0019884869
-0.0008779886
0.009383292
0.0010426819
-0.017230734
-0.001976811
-0.02269252
-0.00086772186
-0.0024979427
-0.0058914977
-0.01543238
-0.002707109
-0.009857297
-0.0027519583
-0.014245578
-0.0012020468
0.0003453123
0.010128617
0.0073448936
-0.0092331
-0.0069104577
0.04304599
0.0027548443
0.02325617
-0.022888405
-0.004351872
-0.013660405
-0.0016369476
0.027381307
-0.0070939134
-0.005054347
-0.008046502
-0.0020121783
0.0016711482
-0.013683672
0.0011548591
-0.033309735
-0.037245005
-0.01969201
-0.024394833
-0.039837636
-0.027168052
-0.007591722
0.019639617
0.003614679
-0.005315754
-0.0245148
-0.0042421333
0.015756223
0.027546883
-3.378299e-05
0.054784916
0.00916101
-0.035929237
-0.004779993
0.13322009
0.10260643
-0.03606412
-0.008947564
-0.04479063
-0.044346314
0.13740686
-0.03407173
-0.015295913
0.0010447062
0.14552592
0.047759756
0.000390889
-0.03975632
0.13062328
-0.06647931
-0.024770772
-0.061912272
-0.031974807
-0.01807547
0.039202947
0.0029929488
0.0030241024
-0.10150049
0.057360217
-0.017105646
-0.063776284
-0.00054723164
-0.028010512
-0.00784572
-0.032829124
-0.027027193
-0.04587498
0.0021338093
-0.008423538
0.009960827
0.1079536
-0.04740839
0.012437851
-0.037689555
-0.00987762
0.0131769
-0.05475794
0.10258572
-0.001059683
0.081114955
-0.008872588
-0.0046333633
-0.0033037153
-0.005312306
0.018863367
-0.015011092
-0.001135615
-0.017094873
-0.003914334
-0.023976963
0.024351323
-0.006029189
-0.0155834295
-0.0031592094
-0.009265962
0.023735939
-0.02600748
-0.015155552
-0.013179866
-0.015002983
0.0043202066
0.013883488
-0.013144753
-0.028823523
-0.010574111
0.008315862
-0.0071398476
0.020055177
-0.019680263
-0.006514199
-0.0005759096
0.0074434862
-0.0007371665
-0.019263707
-0.0046640234
-0.009351189
-0.004034022
-0.010465927
-0.0066178264
-0.016156381
0.0014442244
-0.034406703
0.07359225
-0.008894812
-0.0020899938
-0.0001946077
-0.007800453
-0.0019762088
-0.005344411
-0.004159431
-0.00094999815
-0.012222142
0.0054607214
0.0029480003
0.03644292
-0.00943319
-0.018941978
0.0037114774
0.00043099007
0.00029798425
-0.010348252
-0.009667564
0.0008261324
-0.0011880134
-0.00047707243
-0.0024556713
0.048772197
-0.010739353
0.0059205606
0.020822952
0.0026863015
0.0012502371
-0.0019224691
-0.0035327214
-0.002947609
0.005891051
-0.018942703
0.0014066296
0.003940845
-0.008184995
-0.017649494
0.0016623803
0.020963423
-0.016817177
-0.006006018
-0.013589278
-0.0007865991
-0.0111309355
0.007750476
-0.0152239185
-0.0014815623
-0.0043544914
0.013024579
-0.016192554
0.00030446798
-0.0053578974
-0.0012704359
-0.036431536
0.0034765294
-0.033830855
0.006385109
0.03029309
-0.009375708
-0.013702848
-0.0018096028
-0.031633966
-0.0041506467
-0.010819946
0.025785962
0.0172478
-0.018027999
0.017963897
0.05096391
0.0018262181
0.0127937235
-0.03159646
-0.013666438
-0.019245414
-0.0063737854
0.022263398
-0.014315639
-0.008315703
-0.013563168
-0.0025992226
0.018319732
-0.016648918
-0.0011973591
-0.0054698945
0.0032866984
0.034103468
0.0056096255
-0.0057749725
-0.004424713
-0.0086876135
0.012974544
-0.0011748044
0.0030965416
-0.0004186181
-0.0117848795
0.0033782464
-0.017944204
-0.0011139208
-0.007917353
-0.0056841015
-0.0027274166
0.00011029626
-0.011817644
-0.0073459004
-0.009058151
-0.004675386
-0.0021972877
-0.008819269
0.002615671
-0.011249732
-0.011259029
-0.001664041
-0.008868897
0.0228885
0.0009481829
0.0024264478
0.16686684
-0.08677593
0.026764927
-0.06851686
-0.044820487
-0.022365494
-0.020279765
-0.018636793
-0.007221017
-0.019578626
-0.025056452
-0.022469787
-0.07141076
-0.007754453
0.06584403
-0.014156122
-0.00481713
-0.037688676
-0.03241557
0.03891114
0.05430373
0.00301704
0.11120271
-0.06277675
-0.0049933684
-0.05996971
-0.027999967
0.032026343
-0.05164249
-0.045889758
0.0004188996
0.008854872
0.005833021
0.00597135
0.17066514
-0.011465392
-0.0095673995
-0.0037506802
-0.011966837
0.10558351
-0.008590872
-0.052424155
-0.05049794
0.052422747
-0.06740911
0.012939684
0.006475419
-0.0062925178
-0.041852757
-0.019798495
0.018627057
-0.0021191305
0.018331219
-0.02957897
-0.052922957
0.043134876
0.008652323
-0.04711338
-0.023491608
0.007256463
-0.0010931536
-0.017040623
0.0007882354
0.010131664
0.05493622
0.06806705
0.24697122
0.01972145
-0.0078811785
-0.029320147
-0.012291821
0.09008029
0.03010704
-0.07242094
-0.022157623
0.079302385
-0.08342341
0.011700853
-0.038882602
-0.012146868
-0.020280065
-0.03191043
0.008220316
-0.038616545
0.029077917
-0.02990477
-0.039175786
0.04151451
-0.022636902
-0.035103347
-0.01619103
0.006019857
-0.019176472
-0.04517036
-0.00016961677
-0.011565792
0.01614064
0.04473146
0.009915212
-0.021926455
-0.007830744
-0.017442448
0.020674601
0.0032292602
-0.00047262473
0.0043296837
-0.026431303
0.005727733
-0.03300355
-0.0014141871
0.00078901346
-0.012047157
-0.003465494
-4.3236676e-05
-0.009376488
-0.008844704
-0.014419497
-0.005239718
-0.00838597
-0.016619356
0.025802108
-0.015252735
-0.018801976
-0.0027636637
-0.003760214
0.03468865
0.0005472347
0.097989134
-0.017713398
-0.008465663
0.0068933787
0.0010941396
0.01789841
-0.013514053
-0.014096517
-0.015667548
-0.0010626456
-0.013903026
0.009542571
-0.009779519
0.02379191
0.004673944
-0.0033298254
0.07291189
0.0018631567
-0.013715961
0.00012144044
-0.021930754
-0.007127141
0.0035345803
-0.02873575
-7.7959776e-05
-0.009244609
-0.013950679
-0.0018797591
0.022041427
-0.003520778
-0.0034632022
-0.00015874935
0.05082531
-0.012020954
-0.06395547
-0.0137354005
-0.009939921
-0.019574387
-0.029974023
-0.0292346
-0.0059767705
-0.00025724017
-0.04133459
0.04261966
0.0067206537
-0.05424872
-0.004445662
-0.022898037
0.033514258
-0.05531592
0.017847449
-0.0074788644
-0.0050516496
0.102725446
0.050154287
0.03547809
-0.03747003
-0.0428172
-0.032530803
0.0132482
0.03661928
-0.028391387
0.042844575
-0.0010229537
-0.017096369
-0.03713504
0.11754333
0.015106237
-0.0018274483
0.01962976
0.10359887
0.05459878
-0.07982891
0.0018652934
0.11608163
-0.0075454074
-0.005314567
-0.003343498
-0.015895136
-0.038021084
-0.0111897895
-0.09993364
0.011527477
0.11171188
-0.062874004
-0.014855363
-0.056659587
-0.038634393
-0.050261382
0.019282177
-0.09868329
-0.039643005
-0.009975918
-0.1146206
0.025930867
0.0011066544
-0.009162953
-0.0022391402
0.03321892
0.0095272185
-0.03040674
-0.0076921415
0.048352417
0.01999078
-0.04298987
-0.005242011
0.06455491
-0.0067108315
-0.0051224967
-0.029673018
-0.003332082
-0.019815888
-0.020720651
-0.033289284
0.0018129217
0.045467347
-0.025205905
-0.0027191327
-0.025705352
-0.02139559
-0.017037578
0.012362062
-0.030784797
-0.010078935
-0.003744655
-0.024295177
0.009554136
-0.0007498316
-0.03223416
-0.02476098
-0.07333896
0.004773259
-0.034373503
-0.031098973
-0.08102876
-0.0012571015
0.026817378
0.0026455692
-0.0010556105
-0.02054807
0.018502587
0.01738508
-0.009992563
0.03982845
-0.014848311
-0.037575267
-0.008178165
0.15009543
0.15573663
-0.038890183
0.0024188254
-0.025877213
-0.054596294
0.14563476
0.009165308
0.043868817
0.014133468
0.19744542
0.07234597
-9.784685e-05
-0.025024654
-0.045020174
-0.05116764
-0.01738736
-0.0439414
-0.0189926
0.122736454
-0.048884265
0.012068505
-0.011537151
-0.05018926
-0.017399723
-0.018682446
-0.06323653
0.016316883
-0.043604914
-0.014034438
0.19364914
0.023583142
-0.0062456243
-0.03943001
-0.047979355
-0.017211998
-0.0036736978
0.04121397
-0.02377495
-0.035225797
-0.037176672
-0.027550867
0.06541966
-0.026787778
-0.0008421375
-0.007942062
-0.018096207
-0.00606589
-0.009080208
-0.029882202
-0.006720596
-0.004550316
-0.0059010163
-0.0026800812
-0.00021265968
-0.0016547682
-0.008047602
0.0025859168
0.011049156
0.00013115782
0.05617385
-0.0020523788
-0.018723665
0.0022696347
-0.025066162
0.024211226
-0.006907768
-0.010936866
-0.01434017
0.02283465
0.019981256
-0.0030285497
0.0014318827
-0.0059612156
-0.016269613
-0.011280691
0.0002818669
-0.022905283
0.07253729
-0.058887668
0.11137544
-0.04914903
-0.039628733
-0.052236393
0.0024584404
0.086759776
0.015292387
-0.04694596
0.017010598
0.027826214
0.0058009783
-0.0008083112
-0.041383255
-0.036236923
-0.046533994
-0.006130312
0.0815027
0.17155835
0.04537983
0.03806909
-0.03619078
-0.009644799
0.043068994
-0.0079971645
-0.0032629063
0.028927878
0.140205
0.019760665
0.0007691338
0.0255355
0.008968191
0.0005314286
-0.009151017
-0.0038537246
0.005268151
-0.01611746
-0.0053986083
-0.0052597243
-0.001149625
-0.017567137
0.028436609
-0.0016884115
-0.009347002
-0.0021957725
-0.0016215751
0.006963415
-0.01404529
-0.0055980426
-0.004482949
0.007830517
0.003321934
0.029157396
-0.021324184
-0.010811672
-0.008197603
-0.0038831476
-0.009426669
0.020426229
-0.011967649
0.00032132678
-0.0009559604
-0.029522335
-0.075159684
-0.01053224
-0.053133663
-0.04097168
0.011934823
-0.03906293
-0.051597703
0.12497862
0.0005680143
-0.042344667
0.060603343
-0.017872652
-0.020515688
-0.005288304
-0.031983048
-0.012868076
-0.029757151
0.07264798
-0.0061234306
-0.020622874
-0.0103543475
0.11290995
-0.06534909
-0.03772442
-0.053860065
0.070040375
0.062264387
-0.014811238
-0.04685006
0.002968851
0.0010176474
-0.0005586518
-0.0064441073
0.052744407
-0.020368561
0.0023055875
0.0017449402
0.053787112
0.012276223
-0.02224749
-0.002297721
0.00066696125
0.0024913382
0.003205653
-0.0032165223
-0.009191851
-0.0043369024
0.0063925264
-0.04317297
0.008114372
0.04605527
-0.024225574
-0.011172669
-0.011141701
0.002937024
-0.049331404
0.018699624
-0.023482434
-0.009593065
-0.005340982
-0.048472133
-0.0002984739
-0.00012607056
-0.004230046
-0.0016581683
-0.002295854
0.00010131331
-0.007716244
-0.007607174
0.004749851
-0.0060306247
-0.008113881
-0.003040394
0.027232079
-0.007653376
-0.0039649443
-0.009046052
0.00019570347
-0.0061737658
-0.009179741
0.009419622
-0.0026759761
0.0060453136
-0.007605869
-0.0006757926
-0.0071077985
-0.008969233
-0.003287115
-0.0031766773
-0.007098844
-0.0021670775
-0.0024618169
0.007051845
-0.0053662458
0.0005717006
-0.07419294
-0.0072230943
-0.044574454
0.18210362
-0.054334674
-0.022199787
0.056289777
0.024397053
0.071402356
-0.011192339
-0.07711677
-0.035168674
0.06273563
-0.086432345
0.01243299
0.06661202
-0.029549172
-0.122349486
-0.0071468977
0.15162398
-0.025355363
-0.038282383
-0.049342375
-0.057774216
-0.06342779
0.10730186
-0.05837271
-0.009515293
-0.014543493
0.14642239
-0.04083311
-0.00082863227
0.009678569
0.04940392
-0.018595112
-0.0044644196
-0.015450084
-0.022872679
-0.0049832407
0.017311959
0.03664478
-0.013689948
0.012039842
-0.00447444
0.0019220175
-0.04657262
0.0020612034
-0.0040614163
-0.005611109
-0.03878813
-0.01383034
-0.005547656
-0.01673329
-0.004703607
0.00495542
-0.023105564
-0.014834836
0.017390214
-0.01849209
-0.013002154
0.015727317
0.057825197
0.016776657
0.0007350206
-0.0010741141
-0.023466744
-0.004912078
-0.020017307
-0.018194644
0.0034618215
-0.01279936
-0.010736133
0.05482926
-0.0039469283
-0.019826306
0.021729292
-0.0046307747
-0.011858116
-0.0036947448
-0.01580964
-0.011705891
-0.021274585
0.017832898
0.0009399918
-0.0019013694
0.0032796673
0.058160596
-0.022430649
0.001948803
-0.004582413
0.013801965
0.0054868264
-0.0011741277
0.00134897
0.0029327488
-8.254505e-05
-0.013020302
0.020867944
-0.011712665
-0.017770257
-0.025440399
-0.0024877032
0.06518278
-0.021889774
-0.0038142258
-0.005512716
-0.019013416
-0.011665294
-0.007997881
-0.03276154
0.0011463092
-0.006361801
-0.025943499
0.049505867
0.0067982944
-0.050821383
-0.008345841
-0.0047696
0.012404585
0.057780135
-0.02295248
0.00053393084
-0.014878818
-0.015782887
-0.006396085
0.010201872
0.016041402
-0.0010932494
-0.006686377
-0.026946785
-0.015847081
-0.017933333
0.001061927
0.039692417
-0.010042258
-0.012338651
0.008276619
0.01183746
0.0032044894
0.055599604
-0.018615728
-0.005107362
-0.004632102
-0.010894629
-0.00869255
0.006806117
0.0018784709
-0.018730834
-0.013399052
-0.040550567
0.032338414
-0.028505348
-0.024438974
-0.025903303
0.09876492
0.09710794
-0.0041922224
-0.037802707
-0.0040531512
