0.00055460876
0.00057159754
0.001748117
-0.011141021
0.030192167
-0.0025335876
-5.083815e-05
-5.7437395e-05
-0.0008594998
-0.0116529055
-0.00043537637
0.000730905
0.015097082
-0.017326549
-0.031210082
-0.00016063191
0.003760272
0.14375281
-0.01796672
0.0009905468
-0.016754204
-0.012578882
-0.0019723729
-0.00033993326
0.00013851374
-0.003218879
0.0007947445
0.0354237
-0.07691071
-0.0010981325
0.049147014
-0.016705813
0.00044675407
0.00093110855
0.0006962354
-0.004546504
0.005032152
-0.0020895118
0.0010366898
-0.0010639232
0.00065731007
-0.044116557
4.7350524e-05
0.00033801646
-0.00101506
0.00124629
-0.0048105307
0.00077173393
-0.008676723
0.06684899
-0.009409606
-7.245548e-05
-0.0030553732
-0.0041621546
-0.00017952248
-0.00025042144
-0.00052300096
0.00026228727
0.00015095754
0.024586156
-0.016770435
0.0004056018
0.015683522
-0.0035398551
0.0005959443
0.0006037262
0.00018705383
-0.011037668
0.0014290615
-0.0018786348
0.00021588884
-0.000499302
-7.433325e-05
-0.11130524
-0.0007981582
-0.00074335845
-0.021657227
0.040159434
-0.016350385
0.0010449457
0.046764515
0.16625583
0.003953456
-0.000999579
-0.004813579
-0.010452728
-0.0032044055
-0.0014322285
0.0009132017
-0.0015135559
-0.00053671777
0.066821896
-0.019378185
-0.00081588485
0.0051386664
-0.0036775677
0.002197079
0.010903833
-0.000358488
0.063030995
-0.021822905
0.01251632
0.0005930775
0.007556253
-0.0010830779
-0.045345362
0.00011925681
-0.00089341024
-0.0357905
0.017176358
0.1512563
0.0029195584
-0.008508403
0.008465419
0.09099745
-0.00057344296
0.00524728
0.1113818
0.07454347
-0.00050508505
0.0044533005
0.04066094
0.0017834313
-0.037102524
-0.01207129
0.00091174676
-0.018799663
-0.00696007
0.002607422
-0.0015385454
-0.0010286284
0.008170515
0.025399726
-0.0029378978
0.00018878863
0.00035658438
0.00079051155
0.037264965
-0.0009955642
0.00037075556
0.05059889
-0.009092695
-0.012873571
-0.00093670445
-0.021510348
0.0018693936
-0.03443917
-8.7888104e-05
0.003257465
-0.015915584
-0.0035444254
-0.00031883648
0.001355275
-0.0032846478
-0.0010250853
0.026610836
8.989315e-06
0.0007115587
0.016127601
0.011309803
0.0018923795
0.006038792
0.0005981931
0.021715716
-0.003740166
0.006130837
0.0004236129
0.0011288073
-0.0010085583
-0.031629696
0.00025288912
0.0001810231
-0.015741441
0.0034612906
0.03561454
0.000886618
-0.00743487
0.00045153627
0.0338145
-0.0011376317
-0.001568484
0.04935816
0.03820107
-0.0016817033
0.0014202471
0.011815823
0.00022517593
-0.009986233
0.006724967
-0.00021204811
0.0031480195
-0.0028647357
-0.00066053914
-0.0006594238
6.232858e-06
-0.024988467
-0.03127919
-0.0073642344
-0.001142867
-0.0010167076
-9.514104e-06
0.12017816
-0.000555009
0.0009076519
-0.03377005
0.059512176
-0.0039369245
-0.001035723
0.056205183
-0.059759438
-0.022142163
-0.00044673064
0.031655207
-0.030093182
-0.014996556
0.002040321
-0.0004983518
-0.0062286826
-0.0010381275
0.04842736
0.058516923
-0.0003376317
-0.06319427
0.014824721
0.00054770545
-0.00023530585
0.00086263363
-0.014447947
0.041047093
-0.0073087243
-0.001076968
-0.0021445556
-0.0006893793
0.0828709
-0.00056975073
-0.00072062213
0.0333381
-0.024985572
-0.07891102
0.0009835843
0.0013990013
0.010597385
-0.06001094
-0.00020122652
-0.0027402306
-0.03206866
-0.0064648925
0.0019974941
-0.0016685122
-0.014016499
9.8418e-05
0.06391552
0.0012622313
-0.00019613154
0.054303564
0.0016826371
-0.0027102784
-0.0027657442
-0.00018755038
-0.02052978
-0.016552778
0.0053784354
0.0010688371
0.00023353448
0.000115223724
0.01587346
0.0010729379
-0.0008626352
-0.01817985
0.015140888
0.013014312
0.00034938252
0.072420225
-0.0016948888
0.059755802
-0.0008309119
0.002208344
-0.0040895715
-0.016611595
0.0020314856
-0.0018245595
0.0019251227
-0.00061396474
-0.007578438
0.002468362
-0.0007936644
-0.012937818
-0.0032975022
0.0009896167
-0.00078497245
0.0016385441
-0.005178669
0.034451097
-0.001587336
0.0004766179
-0.00022925546
-0.0002371738
-0.05642022
0.0007334894
0.0001217971
0.088222176
0.023878852
-0.042729214
-0.0005713393
-0.0015641672
0.08545322
-0.010020394
-0.0005136995
-0.0041861027
-0.008033257
-0.0042760507
-0.00019129808
-0.0008816252
-0.0026614503
0.00076059275
0.07822931
-0.0220392
0.0005637846
0.012900282
0.0029357127
-0.0038029596
-0.00016387021
0.0010164694
-0.051769122
0.011562703
-0.0074978145
0.00074400514
-0.0018491931
0.000890875
0.0039720996
0.00065122085
-0.0008261845
-0.06336987
0.03452465
-0.07918449
-0.00026256999
0.06776288
0.20931554
-0.028658213
-0.00085608324
-0.016135935
-0.02844457
-0.0027923035
-0.00039193835
-0.0011808978
-0.0061539677
0.00049036904
0.17704037
-0.055708688
-0.00086149375
0.035623617
-0.028474713
0.0011151807
-0.0006437451
-0.000103839535
-0.0011287092
-0.00013278688
0.0001593646
0.00086139084
-0.00030202777
-0.00068951224
0.0048967577
1.2867504e-05
0.0011109805
-0.0046636015
-0.0005199015
0.00051756605
0.00089866057
0.0016084717
-0.002378304
0.00018197818
0.0009687587
-0.00038822758
-0.00076216465
-0.001137077
0.00014556704
-0.00015127221
0.001128034
-0.0010287393
-0.002741318
0.0026230647
-0.00069771206
0.003685969
0.001193979
0.0043951515
0.001968404
0.0007992662
0.047975257
0.021399604
0.00040970906
-0.0009838187
0.0014705299
0.0011400802
-0.0047772946
-0.00042743425
0.0006542964
0.063016176
-0.0073830127
0.0027841793
0.00066197355
-0.015306748
-0.003496786
-0.008836064
-0.0008576762
-0.004736489
0.003909808
0.014389938
-0.0010920719
0.0032450913
0.00205588
1.1956727e-05
-0.016389519
-0.01144599
0.00059459935
0.024406986
0.0053169252
0.0017528983
-0.0013708627
-0.00074489776
-0.008538877
0.04297779
-0.0034214351
-0.00068773224
-0.0020764964
0.0008393578
-0.0069096256
-0.00041268553
-0.0005966149
0.088244714
0.008700064
-0.053845346
-0.00054791645
-0.014305839
0.044239122
-0.025025321
0.0005347424
-0.0017870524
-0.012310715
-0.0050722756
0.0008458042
-0.0018041271
-0.00783764
0.0010608458
0.08253801
0.0038749038
-0.0008725154
0.02840036
0.005343847
-0.0021506834
-0.0028260509
-0.00063355616
-0.05763437
-0.05770101
-0.014881695
-0.0003398074
-0.003341036
-0.00059253466
0.14368542
0.00016319883
-0.0010249655
0.018073205
0.20647705
-0.019093592
-0.0019559846
0.04863241
-0.1719677
-0.057108246
0.00052477774
0.085634336
-0.059871465
-0.03794295
-0.00044573762
-0.0051188623
-0.018422818
0.0004210432
0.19068664
0.21399137
0.00027292478
-0.19251366
0.06875537
-0.0004260821
0.0028325366
-0.0012030494
0.008030365
1.3373161e-05
0.0025889329
0.0009532548
-8.361388e-05
-0.00046740854
-0.0124283265
-0.00092805765
0.00026993285
-0.004868874
0.00097098696
0.010632163
0.00097058585
-0.0038003365
-0.0009791412
0.007991694
-0.000106085135
0.00020397542
0.016378038
0.012689142
-0.0007363054
-0.0001721738
0.004253176
-0.00010375896
-0.0039628935
0.001510261
0.00073202106
0.00186981
-0.0017493407
-0.0037903127
-0.0073078913
-0.0008007049
-0.030276936
-0.04040948
-0.0085745845
0.0008815115
0.0024318546
0.0010320558
0.17958361
-0.00010273856
-0.0010063953
-0.08714422
0.048380002
0.11463593
-0.000660113
-0.00022845095
-0.012419801
-0.027755437
0.0010809255
0.04103977
-0.029729698
-0.044007923
0.0010957541
0.0013041862
0.00818017
-0.0014987888
0.0015256569
0.03811923
-0.0011585532
-0.054231517
0.015520951
0.0010005187
-0.00092111435
0.00092095294
-0.000544577
0.0012073487
-0.0005424699
-0.000422938
-0.0011592151
-0.00044788542
0.0006933367
-0.00042811647
-0.00024380846
-0.0011281723
0.00038781553
-0.0011895759
-0.00048087066
0.00069052284
-0.000118709584
0.0014675189
0.0007565662
0.00028804885
0.00022534795
-0.00039130612
0.0010730572
-0.0010389836
0.00032886185
0.00036821104
-0.0009648618
-0.00026057116
0.0011101674
-0.00028090304
-7.902658e-05
0.0034702683
0.008481408
0.00068814424
0.05794277
-0.009379866
0.008052822
0.00029970516
0.004960452
-0.0010341594
-0.039381865
0.00119832
-0.0010052647
-0.0110957185
0.008115124
0.087984025
0.0021472832
-0.014542034
-0.0011991179
0.047851462
0.0011304751
0.0013542164
0.08013648
0.0624038
-0.0016641513
0.0035581016
0.024979873
0.0009451859
-0.02512776
-0.0005448508
0.00013774169
0.004617082
-0.0036799647
-0.0010873806
-0.0018489272
-0.0010191618
-0.033687178
-0.00057676365
-0.0084509235
-0.0001347176
-0.0031758961
0.0010768874
0.09722392
-0.0008292172
0.0003960142
-0.0025130897
0.0470725
-0.07181422
0.00011308912
0.021442097
-0.019631172
-0.056817226
-0.00093625736
0.019362556
-0.041988067
-0.0092753675
0.0013803347
-0.0015769202
-0.015342303
0.00069774815
0.08760426
0.029758278
0.0007894584
-0.041910972
0.01073621
0.00031391726
0.0023612715
-0.0006847474
-0.0018352808
-0.0037078587
0.0061161146
0.0010151915
0.0014137755
-0.00058351306
-0.01476325
0.0009779497
-0.00071460864
-0.010844506
0.0021316258
0.02476942
0.0015119998
0.011865505
0.0006248497
0.037016258
-0.00038704823
0.0003221406
0.021982603
0.0094337035
-0.00083975674
0.0007989383
0.0076122787
-0.00027699769
-0.016019663
0.0030127428
-0.0010453458
-0.0036822078
-0.0028797495
0.0035622744
0.0036840667
-0.00011883391
0.027903985
0.008128214
0.003448752
0.00072905736
0.0022041518
0.0008159504
-0.02866107
-0.00093459035
0.00026278224
0.018468812
-0.010767148
0.014195117
0.0006395873
-0.013818028
0.015609717
0.008758712
0.0008082529
-0.0077918437
0.027291495
0.029465111
0.00046232645
0.001904375
0.006016716
0.001580799
0.0057212785
-0.0133559285
-6.030975e-07
0.021318618
-0.0037697793
-0.000120765595
0.0024147849
0.00010495807
0.02515506
-0.024346232
0.0040197205
-0.0011140237
0.0047616637
-0.0009174182
-0.010522755
-0.00070874277
6.812622e-05
-0.030045303
0.022719042
0.11486885
0.001119889
-0.0022342105
-0.007969311
0.04623631
0.0002827303
0.009986857
0.047908626
0.02066365
0.0013533159
0.0025942577
0.025814187
0.0013010637
-0.035012033
-0.012808198
-0.0009504984
-0.026715843
-0.0036014584
0.004021859
0.010263244
0.0011299646
0.05418631
0.016012505
0.008263091
0.0011584418
0.0032488336
-0.00022403985
-0.08912596
-0.0012003233
0.00084963616
0.0011842928
-0.023667315
0.03863087
0.0022968075
-0.036044706
0.08949864
0.024448244
0.0010435713
-0.0160348
0.07061508
0.07276428
0.0002076963
0.0038162004
0.018452568
0.0016044013
0.019216014
-0.03813237
-0.00088957715
0.051768262
-0.015897773
-0.0020512415
-0.0024520778
-0.0002984596
-0.020452831
-0.014214383
0.010231894
-0.00085669383
-0.000214549
-0.00032290042
-0.025352474
-0.00024676116
0.00062883314
-0.019145504
0.012904687
0.009852927
-0.0014222099
0.08926605
0.019163474
0.08077567
0.001008026
-0.0006505449
-0.0021240353
-0.013846978
0.002415396
-7.5952353e-06
0.0029226015
-0.00031172798
-0.01454123
0.010442505
-0.00035628365
-0.013836465
-0.0005702477
-0.0009174482
-0.0008807739
-7.733255e-05
3.791781e-05
-0.0004273065
0.000871988
-0.0011447708
-0.0010137082
0.0008851578
0.0006654916
0.0009506819
0.0004600256
-0.0006741635
-0.00069542724
-0.00091813516
4.6329522e-05
-8.914651e-05
-0.0004946812
-0.0012239653
-0.001205787
0.0008493768
-0.0005537926
0.00027798684
-0.0007341259
0.0008728053
0.0001782807
0.00035689576
-0.0008035605
0.0011510794
-0.0011900038
-0.00020769473
-0.0005178132
-7.8080575e-06
0.00030478454
0.0009445489
0.008024363
-0.000102742924
-0.00021060038
-0.0005371041
0.00084206177
-0.00042058527
-0.0074620657
-0.00057864224
0.00049344887
-0.0006784812
-0.0019241547
0.0056309826
0.0001545683
-0.0037090958
0.0003148471
0.0039037718
-0.00079397275
-0.001104406
0.008061593
0.008718304
0.0003517795
0.0012106241
0.0030198751
0.0009870033
-0.0020777828
-0.0014538072
-0.0010860357
0.0019559094
-0.00142908
-0.0030329577
0.0004401684
-0.00016802941
-0.04373741
-0.019530587
-0.0063634976
-0.0009991537
-0.0007189887
-0.00032619818
0.006545764
0.0008600432
0.0009466456
-0.033197384
0.0907909
-0.07768356
0.0002981188
0.07433067
0.042103816
-0.022119757
0.00091764075
0.012031039
-0.033346497
-0.005973925
-4.4533346e-05
-0.0011654462
-0.011338271
-0.00063739886
0.16118658
0.023590354
0.0010731858
-0.04008647
-0.0020409313
-0.00074507506
0.00040595047
0.0004607966
-0.02473238
0.020790288
-0.0031708202
-0.0009088106
-0.0010841829
7.907395e-05
-0.029905247
-0.0009310378
-0.0008689927
-0.00592114
0.0090846475
-0.03420167
0.0009264269
0.019860487
0.11174443
-0.014145323
-0.0006468456
-0.009851998
-0.0073056943
-0.0005973548
0.00036125112
-0.00047103316
-0.0019355533
0.0006924405
0.10758496
-0.017041348
-0.00038936434
0.04796016
-0.0115419645
-0.00029891141
-0.00015513174
-4.7690028e-05
-0.0006993692
0.00073215243
0.00032106403
-0.0006933931
0.0006219158
-0.000272414
-0.0010528613
6.751256e-05
0.000627648
-0.00090308656
-0.00043026972
0.0001197473
0.0006196382
-0.0009834676
0.0007480011
0.0007807691
0.00030278854
0.0010608982
-0.0008727769
0.00029688232
0.0011716223
-0.0011872068
0.00041553297
0.0007373401
-0.001065519
-0.00037054165
-0.00058587303
0.0007926059
-0.00020780839
-0.001460736
0.00021934297
0.0012576961
-0.023164894
0.0024752608
-0.0025437283
0.0005830364
-0.0008535937
0.00023948388
-0.0060723945
0.001143211
0.00017894832
-0.02434487
0.007827912
-0.026564475
-0.00047803804
0.011314003
0.07408756
-0.012552678
7.628857e-05
-0.0056832884
-0.009513922
-0.00064893527
0.0008450943
3.8603095e-05
-0.002068833
0.0008678059
0.06917915
-0.019633776
0.0006603193
0.012535535
-0.011761425
0.0013682161
0.0038022804
0.0015471152
0.02671937
0.019278798
-0.0007728444
-3.9117176e-06
0.002206454
-0.0011335318
-0.04783397
0.00013235265
0.00016061317
0.0029283913
-0.037249282
0.026972678
0.00013836977
-0.026193757
0.12002013
-0.01144386
0.0004923465
-0.01318913
0.019063314
0.030661875
-0.00015635241
0.001231085
0.010280382
0.0013273562
0.0038296643
-0.0637994
0.0006213087
0.044059843
-0.010580172
-0.0033755838
-0.0022962538
-0.00038881935
-0.032842647
-0.040487256
-0.012100299
0.0011637887
-0.00020883234
0.00046689415
0.21835086
0.00028773633
0.0007436323
-0.053700976
0.08475858
0.024536202
-0.00078115956
0.037744403
-0.08197934
-0.062265646
-0.00079376326
0.051550474
-0.03773203
-0.020243507
0.0028815817
-0.002084722
-0.0063073374
0.00053965475
0.076740816
0.08314366
-0.00015699487
-0.099056825
0.028251635
-0.0023765783
-0.002503187
-0.00026314292
-0.014473592
-0.011434525
0.0031514056
-2.071914e-05
0.0005384367
0.00087262713
0.035333246
0.00095501804
0.0011489905
-0.012088926
0.021472553
0.002488546
0.0003988059
0.06246235
-0.004969922
0.034373287
0.0009297509
0.0051791784
-0.012560195
-0.012965743
0.0017994882
-0.0012843887
-0.00038993152
-0.0014267251
-0.008847772
-0.0045460016
0.0011108096
-0.017726801
-0.0016147065
0.00015610144
-0.0015797247
0.00051387516
-0.015773892
0.015663318
-0.0026425743
0.0010695333
-0.0005538361
-0.00025373066
0.013866439
-0.0009829331
0.0006716788
0.007945559
-0.005965312
-0.025839932
0.0006910234
0.00074142055
0.009582748
-0.025592703
-1.2458533e-05
-0.0003120226
-0.011125723
-0.0051598204
0.00026066715
-0.002542125
-0.0051814187
9.142599e-06
0.08055111
0.030849786
0.00100262
0.0335637
0.005750708
0.0024956712
0.0073171468
-0.0009276074
0.04371063
-0.004145572
0.01503133
0.0004007823
0.0032868735
0.00026328833
-0.041150674
0.00046096626
0.00040431746
-0.0186084
-0.0066553704
0.06980409
0.0017960054
0.0050628353
0.0047915927
0.08704973
0.00087624404
-0.0035116656
0.08151673
0.05871159
-0.0007796212
0.003654668
0.025923572
0.00025399643
-0.029894326
-0.0072913202
-0.0011532968
0.0062761176
-0.008368702
0.0037466087
0.0015159901
-0.00012552792
0.038223512
-0.0045050746
-0.00084817264
0.0005409613
0.002846029
-0.000112319954
0.012159287
0.0007529577
5.7776862e-05
0.004674193
0.005192748
0.057913244
-0.0006774224
-0.021543173
-0.0048503685
-0.006497943
-0.00072811154
0.008217324
0.012868506
0.015916074
-0.001106989
0.0028913491
0.010797152
-0.00058820064
-0.023273835
-0.0031417613
0.0007471955
-0.003542637
0.008542701
0.010519447
0.003143653
0.00039696554
0.09343941
0.05487566
-0.0013190878
0.0009661123
0.002305199
0.00014078549
0.0055918917
-0.00054110313
-0.0010472274
0.14409822
-0.017948916
0.004412231
-2.2960996e-05
-0.025623575
0.0069103083
-0.021939768
-0.0007862582
-0.009185674
0.006693044
0.03008715
0.00050459354
0.0040403814
0.004941087
0.00062532845
-0.020326763
-0.032596402
0.0005261961
0.057592683
0.009695995
0.00024978025
-0.0003274124
0.0006792637
-0.00092456397
-0.0002160505
-0.0010539137
-0.00046326395
-0.00021995527
-8.426526e-05
0.00027960262
9.277686e-05
0.00047240546
-0.0011036842
0.000493494
-0.00031258728
-0.00025780097
-0.0011652083
0.0009404972
0.00022082074
-0.001122402
-0.00022499968
-0.00078840455
-0.00026468534
-0.00059639435
0.00059244613
0.00055954565
0.00032400715
-0.0012424729
-0.001180757
0.00090471294
-0.00016037269
-0.00075794937
-0.0025347315
-0.0021149314
-0.00045631867
-0.03754475
-0.033233818
-0.003496713
-0.00012080053
-0.0013931454
-0.0009684028
0.055041898
-0.0011065613
-0.0001125772
-0.040500224
0.048102282
-0.0042075845
-0.00012744978
0.07153315
-0.039571233
0.009237516
-0.0007387902
0.017914845
-0.028141692
-0.023955254
0.0024812408
-0.0027772519
-0.004288303
-5.4345208e-05
0.0406099
0.0398533
-0.0010414271
-0.037108917
0.0018132668
-0.0043863086
-0.0016739134
-0.00047473155
-0.07182836
-0.025637465
-0.015481327
-0.0002425946
-0.003113463
0.0008681951
0.14156987
0.0006651088
-7.167852e-05
-0.069736235
0.09385487
-0.11490625
-0.0012596707
0.09090725
-0.037416127
-0.08709498
-0.00021768616
0.028661957
-0.070606805
-0.015120563
0.0047329576
-0.0030103282
-0.027580347
-0.0012389144
0.19167049
0.09208146
0.0010152548
-0.045314584
0.01001699
-0.0038802002
-0.0041970317
-0.00097448344
-0.05235045
-0.07126823
-0.013669371
-0.0003492292
0.00017761621
-0.0007172074
0.28821385
-0.00037777965
-0.0002060559
-0.09994426
0.11059849
0.04748801
-0.0006782875
0.120445095
-0.11335724
-0.042079918
4.9497718e-05
0.06414296
-0.053352814
-0.03426957
0.006469852
-0.001232034
-0.0071072076
-0.0010110359
0.094291046
0.10753908
0.00082141627
-0.097116515
0.022122094
0.00022550208
0.00488154
-0.0010751653
0.013849295
-0.008672161
0.015121042
3.808892e-05
0.002438957
0.00076393527
-0.039316796
-0.00071591255
-0.0006069364
-0.031399313
-0.00013859662
0.0712536
0.0006981439
0.026533497
-0.0040461738
0.10635471
-0.00023873655
0.0018078933
0.07189662
0.035829097
-0.00043185405
0.0017175402
0.022880247
0.00095477945
-0.045860093
0.0018760468
2.2907323e-05
-0.0060077356
-0.007907468
-0.0003129873
-0.00048444682
0.00046354617
-0.009262107
-0.0091622695
0.0062236367
-0.0009738312
0.00072791753
0.0008309997
-0.042566214
-0.0011714606
0.00061463955
-0.018251391
0.019140692
0.0062017674
-0.0005192424
0.07266664
0.052401118
0.060729142
-0.0010426518
-0.0010059137
-0.0021460303
-0.007947805
-1.3627969e-05
0.0002661495
0.002246123
-0.00038932016
-0.0052700215
0.0041893697
0.0008887376
-0.011545792
0.0004869762
-0.00028988032
-0.0022308123
9.296691e-05
-0.0407828
0.060819577
-0.0075770454
0.0006831835
-0.0018676074
-0.0009932597
0.028593672
-0.0009453262
-0.000764471
0.057399943
0.00013121965
-0.10390655
-0.00031782535
0.013629707
0.1214649
-0.051740598
0.0011121465
-0.011220272
-0.03003076
-0.009549556
0.0009530442
-0.0022204963
-0.011561304
0.0002512933
0.1575964
-0.029729951
0.0010249249
0.07918886
-0.010572976
0.0012936388
0.004245272
0.00030370522
0.012652224
-0.0028943962
0.006657865
-0.00044612304
0.0010427681
-0.00076715613
-0.023095803
0.0008629386
-0.00075493194
-0.014751755
0.0062604873
0.034900784
-0.00015351221
-0.0038497366
-0.0012706487
0.036862742
-0.0009665709
0.00064508256
0.04690471
0.028028978
-0.0015026375
-3.521127e-05
0.011689215
-4.8809157e-05
-0.011887207
0.0038750118
0.001190359
-0.001251834
-0.0028251254
-0.0015771704
-0.0007333265
-0.0013412697
-0.030519608
-0.021482892
-0.0047333557
-0.0003618128
-0.0010520539
-0.0003315787
0.054422844
0.00015274284
-0.0011732421
-0.021646615
0.060844995
-0.041730393
-0.00049167237
0.04275544
-0.051087234
-0.020952716
-0.0010132422
0.020483172
-0.028836666
-0.011001868
0.00072554464
-0.0026177876
-0.01126578
-0.0009910752
0.062830426
0.05317639
-0.00088015484
-0.050341636
0.010061137
-0.0014537445
0.0005310297
0.0003842232
-0.0052458383
-0.0033002878
0.006846082
-0.00071012886
0.0009116028
-0.00095311867
-0.019580767
-0.0008943382
-0.0006974345
-0.0109996805
-0.0013825871
0.010084987
0.0013214911
0.025500197
0.009381581
0.040154085
0.0007068461
-0.002398652
0.013487451
0.0044005057
-0.00012927211
-0.0014959123
0.0038182135
0.0011347538
-0.008607676
0.0039671846
-0.0011602733
-0.0024365745
-0.00070162845
-0.0030209955
0.00061135436
0.0004082836
-0.019348742
-0.011814961
-0.0014098242
0.00071803585
-0.00078340026
-0.000539962
0.009307636
0.0011422676
-0.00035247373
-0.03543106
0.023988152
-0.04506479
0.00035878862
0.0702625
0.007828235
0.0016636435
0.0005451995
-0.0017071737
-0.01769002
-0.0052702823
0.0007118797
0.00015665205
-0.007412208
-0.0007938713
0.060642313
0.016941918
0.00042992164
0.0031863218
-0.003176837
-0.0020484538
-0.000466568
0.00071244856
-0.038515225
0.030557413
-0.0039937245
0.00063594826
-0.0023283684
-0.0010004904
-0.009788382
0.0011652623
-0.00051410263
4.8604343e-05
0.006367477
-0.08203014
0.0003017605
0.016180169
0.13026972
-0.031878203
0.0006484219
-0.014454286
-0.019392492
-0.0027813257
0.00070770644
-0.0011642112
-0.008496226
-0.0006683603
0.11874219
-0.044991385
-0.0011856126
0.04667188
-0.01872845
0.0007394832
-0.00025823817
-0.0006645331
-0.013777402
0.042217802
-0.0019609698
-0.0004111721
-0.0012253297
-0.0004608211
-0.04497358
0.00078484736
0.0008618043
0.10151715
0.033508252
-0.06330511
-8.186492e-05
-0.012717249
0.049755707
-0.022621125
-0.00060879765
0.0027566822
-0.010856784
-0.010508612
0.00025260073
-0.0017888853
-0.0069654556
0.00012192831
0.124884844
0.02690138
0.0009354766
0.03239493
0.011662282
-0.0010364186
-0.0015437525
0.0018932329
-0.03728691
0.07656414
-0.0060822447
0.00086909963
-0.0019997612
-0.00023683973
-0.0018168662
0.0011591056
-0.0008678161
0.0872381
-0.007973335
-0.13996969
-0.00064085145
0.016864514
0.17688099
-0.051528674
-4.3629007e-06
-0.023836175
-0.030368539
-0.00691839
0.0006293589
-0.0012132749
-0.01353898
-0.00097323325
0.15185365
-0.072568916
0.00040224358
0.097508825
-0.020089881
0.00027748698
0.00016700648
0.0010308818
0.0021389714
0.008356341
-0.0011739542
0.00055398344
0.0007412125
0.00047810213
0.008530311
-0.00096347416
-0.0010858646
0.022839338
0.0062649357
-0.01537808
-0.0006713756
-0.0010291672
-0.01009221
-0.004719161
0.00030485875
0.0019464166
-0.004507358
-0.0010341097
-0.00016075397
-0.00037328855
-0.0023849346
-0.0003301969
0.008177742
0.005063276
0.001119835
-0.0033500842
0.0046853614
-0.0023246682
-0.0021285275
0.00041292238
-0.03032955
-0.024278382
0.011367509
0.000152475
-0.0017943972
0.0006213633
-0.0021925739
-0.0011530191
-0.0009886347
-0.02599128
0.032609574
0.017398573
-0.0017121878
0.12311065
0.014548233
0.100229986
0.00028601193
0.003201574
-0.006026324
-0.02177915
0.0027883598
-0.001730454
0.0021222166
-0.00010783895
-0.0034436388
0.017432017
-0.0005130783
-0.024467556
-0.002451142
0.00013326627
0.0010893358
-0.0007569911
-0.0010612421
-0.0010376867
-0.0011484559
0.00011358482
-0.00033499993
-0.00050646556
-0.0007472565
0.00025204572
0.0005710304
0.0009903244
0.000778704
0.000255661
0.0011080996
0.0003802454
-0.00037581054
-0.0011990095
-0.0004387308
0.00071136735
-0.0011079642
0.00038662695
0.0011642243
-0.000619727
-0.0011765395
-0.0007260791
-0.0010120594
-0.00027035168
0.00076269585
-0.00063268613
-7.596933e-05
-0.004946989
-0.003964368
-5.0345676e-05
-0.045978688
-0.023214037
0.0069078156
-0.0006716345
-0.00020900537
0.0011708305
0.09044352
-0.00016504563
-0.00096762454
-0.060786273
0.0059860563
0.021054726
-0.0012986528
0.1286623
-0.0165696
0.078470916
-0.00040914642
0.0034308562
-0.020496368
-0.035428792
0.0065187407
-0.0018400057
0.0025603436
-0.000810017
-0.012244424
0.008043539
-0.0010281791
0.012648887
-0.009300882
-5.429083e-05
6.1049245e-06
-0.0001174604
-0.0010841013
-0.0002776567
0.0008961392
0.00033450738
-0.00011051331
0.0004642472
-0.00049494
-0.00031855938
-0.0011397357
0.00028054838
2.118853e-05
-0.0007892754
0.00017044393
-0.000621592
0.00011275196
0.0003042767
0.0006629962
-0.0006847308
-0.00097240345
-0.0009329599
7.126167e-05
-0.00012354589
0.00071415916
0.0009683098
0.0004222859
0.0015485797
-0.0009960666
0.00024997772
-0.0007253246
-0.00053973513
-0.00059532013
0.00067445147
0.0012422248
-0.00026930956
-0.00010153117
0.00015975436
9.617416e-05
0.0010887148
0.00058774423
-0.0003697353
-0.0009662819
0.0009864677
0.0009251039
-0.0005221167
-0.0011330083
-0.0008038187
-0.0003761886
1.7823345e-06
0.00063036906
0.00136201
0.00050689286
-0.0015674495
-0.00070506503
-0.00021663698
-0.0011024913
0.0006849538
0.0007345183
0.0029494755
0.000917377
-0.0020163078
0.00066033204
0.005934744
0.008636072
-9.4190626e-05
0.08312351
-0.0014767098
0.002351727
0.0005454718
0.0034775208
-8.67188e-05
-0.040826954
-0.0011577953
0.00049193436
0.02735219
0.0058954353
0.07513469
0.0023488384
-0.032203227
-0.0018958978
0.014364777
0.00060852256
-0.0012914889
0.06049737
0.06167435
-0.00053862674
0.0046610413
0.020266727
0.0017157417
-0.024022242
-0.009110688
0.00096861203
0.008515591
0.00033654534
-0.0050236527
-0.0014392803
-3.925017e-06
-0.072060436
-0.039508592
-0.01414352
-0.00065433054
-0.0039971913
0.00074146816
0.13163613
-0.00055377866
0.0009236494
-0.086938106
0.11706935
-0.08732642
-0.0012468827
0.08622256
-0.009083052
-0.07175666
-0.0010172288
0.033230204
-0.060687274
-0.013377328
0.002979467
-0.0042313696
-0.023584096
-6.662888e-05
0.17239955
0.077746496
-0.0008119283
-0.08244148
0.009786954
0.00041791156
-0.0010857367
0.00018361342
-0.0038935554
0.003772625
-0.0015744737
-0.0010678074
-0.0005864505
0.000432466
-0.08370892
-0.0004401508
-0.0010447676
-0.030415937
-0.013376864
-0.0026934196
0.0006887878
-0.01567103
0.12489371
-0.020562533
0.0011642587
-0.0076134237
-0.006653331
5.549707e-05
-0.00063252245
0.00064563396
-0.0004961344
0.00041456232
0.018507598
-0.036428005
-0.0006635858
0.025773713
-0.007098079
-0.00127483
-0.0043511447
-7.53186e-06
-0.036081802
-0.030376421
-0.0014820017
0.00020428325
0.0015209777
0.0011886972
0.08265418
-0.0012168776
0.0007675667
-0.043076526
0.057909314
0.07559541
-0.0013050383
0.023339003
-0.011124145
0.015818445
0.0012054034
0.030145006
-0.010413467
-0.037190482
0.001345018
-0.0010753733
0.0062804
0.0001492169
0.014460771
0.041898284
-0.0001420905
-0.04715905
0.012655574
0.0020766503
-0.00010477795
-0.00014404535
0.02179686
0.022492653
0.00030532712
0.00093620893
-0.00038368616
0.00018990149
0.0046977587
0.00017613641
0.00032507657
0.05572592
-0.005315704
-0.0133354
-0.00095809274
-0.0030070166
-0.0044706455
-0.0077576824
-0.00027839918
-0.0033088084
-0.004872825
0.0022059518
-0.00070563494
0.00081343146
-0.0019895874
-0.00053035555
-0.0020954288
-0.005317511
-0.000827332
0.02000952
0.0063350433
0.01123413
0.0007677786
0.0011736263
0.071324386
0.14017214
-0.007427555
-0.00049207034
-0.0010637925
-0.00015527214
0.06410201
-3.558559e-05
-0.0010292256
0.24983563
-0.08158539
-0.088399425
0.00067861413
-0.06522622
0.049589273
-0.08724783
-0.00037272042
-0.025153195
-0.02933693
0.011448906
0.002381036
0.0025379248
-0.014272812
-0.00010694628
0.038960002
-0.032692198
0.001136676
0.1674108
0.015023725
-0.001211091
-0.0019080454
-4.5615718e-05
-0.025569681
-0.03332153
-0.0071938923
0.00042752697
0.00044312765
-0.0005568109
0.13345349
-0.0005669353
-0.00089416
-0.023201436
0.07435788
0.03833733
-0.00024646183
0.011350105
-0.06048632
-0.038383372
-0.0010911158
0.04408633
-0.025625873
-0.020599946
0.0014595637
-0.00084613747
-0.0029407684
-0.00010541939
0.062245052
0.079878755
0.00070480275
-0.084020704
0.029417511
0.005287177
0.0189235
-0.0005351825
0.118071035
-0.023373164
0.01611823
-0.00090574264
0.010052534
0.00076651335
-0.07379806
2.162779e-05
0.0006991989
-0.043261744
0.021646058
0.20407078
0.00497763
-0.027545579
0.00016480598
0.10843888
-0.00075761706
0.0044373632
0.17159088
0.13899545
-0.0013913425
0.008979461
0.058044393
0.0022786746
-0.05407894
-0.005424321
0.0009793922
-0.003419659
-0.012450039
-0.0010144113
-0.0019778407
-0.0010374172
-0.07336263
-0.030586207
-0.017690815
0.00064940826
-0.006960663
-0.00012388962
0.097187646
0.0009630457
0.00057944463
0.0118319765
0.13688068
-0.15544562
-0.0008708551
0.05740323
-0.16854934
-0.10685245
-0.0003075678
0.057153933
-0.08118171
-0.02611917
0.0022437922
-0.00603361
-0.0415464
0.00018209104
0.22832566
0.20835023
0.00084598
-0.1120254
0.05678603
-0.002218758
-0.00018489704
-0.0005446798
-0.015375075
-0.015134143
0.0035477257
0.00109018
-0.001014013
-0.00061999663
0.03166283
0.00078875775
0.0010552099
-0.028672474
-0.0014334357
-0.004417124
-0.0014087928
0.07312951
-0.007195558
0.036383096
-0.00059187383
-0.0030723624
-0.009332434
-0.0077086985
0.002777679
0.00027366536
-0.00019657979
-0.0010356543
-0.008682973
0.00058942696
-0.001111007
6.303235e-05
-0.0052604014
0.0011942948
-0.000629954
0.0006569444
0.0077679968
0.0067584002
-0.00036096154
0.0002825999
-0.0010528003
-0.0009930991
0.0017274291
0.0004143449
0.00027747848
0.011958781
-0.0036566744
-0.0035878757
-9.216364e-05
0.00024818038
0.00076075766
-0.0013051152
-0.00029723532
-0.0012037487
-0.0024704768
0.0019799771
-0.0008237097
-0.0004484385
0.0002902072
0.0011412954
-0.0030071447
-0.0028556958
-0.00013881545
0.007808966
0.00052491645
0.0065496378
0.0009114482
0.00067328673
0.037427843
0.078233205
-0.0035908807
6.5346154e-05
0.0004487571
0.0010848254
0.03273374
-0.00018825165
2.6723894e-05
0.13883692
-0.050931472
-0.0413628
-0.00051462336
-0.03859665
0.05182747
-0.04489156
0.00045152524
-0.017801767
-0.017936355
0.0049341777
0.0010327518
0.0019182651
-0.007025752
-0.0009749144
0.01657836
-0.038267873
0.00046032536
0.09814383
0.0027604506
-0.0030229692
0.0025696116
-0.000105183295
-0.010007291
-0.033921573
0.018060498
-0.00011601365
0.0036568213
0.0009770798
-0.015005798
0.0011142491
0.00085916277
-0.06453223
0.018357124
0.14499867
-0.00031119067
0.033448834
-0.018486215
0.13617045
-0.00088240794
0.009800963
0.082096495
0.013944695
0.0014862972
0.0006655542
0.03756613
-0.00024013857
-0.07460569
-0.015057172
-0.0011234896
-0.045103278
-0.012442499
0.0011428709
-0.00061822066
-0.0008240606
-7.837395e-05
0.004555428
0.0010700406
7.14113e-05
0.0005667569
0.00045310796
4.422666e-05
-0.000210069
-0.0009572644
0.006576915
-0.001285723
-0.0024874778
0.00020697051
-0.002392777
0.00030995655
-0.0011341568
-0.00038978015
-0.0016757422
-0.0013124059
0.0003417194
-0.0005849385
-0.0005682414
-0.00042708887
0.0009378311
0.0020592764
-0.00055565627
0.00028494478
0.004631505
0.0003879391
-0.0057207406
-0.0014764766
0.0008101912
-0.07470439
0.021892162
-0.008511524
-0.0010119884
-0.00030458695
-0.00057983684
0.007865053
0.0006476119
0.0006776293
-0.042236384
0.05112602
-0.10221618
4.2568605e-05
0.084713906
0.23435666
-0.025393937
-0.0007044392
-0.019752352
-0.031332143
-0.005694723
0.0017740704
-0.0023832056
-0.0074808965
-0.00038022187
0.21506333
-0.0787638
-0.0008356856
0.046820622
-0.0395035
-0.002703569
-0.00019135937
0.0004870342
-0.04228702
0.05724187
-0.0039147525
-8.2258215e-05
-0.0006258767
-0.0004548109
-0.04388508
4.4164273e-05
0.0002966277
0.021793209
0.01971431
-0.08963757
-0.00084785785
0.046405282
0.27630648
-0.021529892
-9.156515e-05
-0.028233984
-0.02473322
-0.004783258
-0.00057234836
-0.0010961199
-0.0055223615
0.00034546538
0.15906641
-0.1082163
-0.0011069659
0.083066925
-0.034463465
0.007086111
0.005011192
0.00081513566
0.06555088
0.03402845
-0.00013256274
0.00060380023
0.003224296
-0.0006761416
-0.08279881
2.0177355e-05
-0.00066224707
0.07526957
-0.03746995
0.012802737
0.0021297717
-0.035485823
0.09774427
-0.01473199
0.0009926247
-0.022216823
0.026429314
0.044647075
-0.0014737323
0.0041771415
0.009845045
0.000285862
0.0176579
-0.07500054
6.6435445e-05
0.06992853
-0.011887476
0.005928433
0.011454027
0.0008514513
0.08003792
-0.012703477
0.009694112
-0.00046718126
0.007089542
-0.00062328466
-0.04857559
7.685335e-05
-0.0007714456
-0.01978867
0.012208276
0.12934884
0.0038371591
-0.029348815
-0.0022801082
0.054158222
-0.0011642957
0.0041609234
0.10467508
0.08748946
-0.0017668734
0.005640689
0.03747944
0.0027725769
-0.035234082
0.00025228903
3.0092055e-05
0.002271959
-0.0074998233
0.0021775458
-0.00026887096
-0.0002450734
-0.00528395
0.04561096
-0.0058969343
-0.00091975235
-0.0008490877
-0.00015339215
0.05931127
0.00082428684
-0.00026032754
0.08794088
0.001762686
-0.07679736
0.00026218107
-0.006909332
-0.02484175
-0.043045554
-0.00064137124
0.0045482316
-0.028648745
-0.0048009865
-0.00013259967
-0.0016979002
-0.01325993
0.0012037695
0.07202149
0.0322768
0.00019431161
0.022437017
0.016245319
0.0006004358
-0.00054781593
0.00079386326
-0.0014536603
0.0005944595
0.00024530556
-0.0008324871
-0.00013620454
0.0007758937
-0.06519896
0.0009674331
0.0003662339
-0.010772545
0.015886737
0.0009936609
-0.0009946618
0.013115698
0.08742903
0.0022385637
-3.791325e-05
-0.0029694438
-0.0012733405
0.0016901926
-0.00072699354
0.0011607605
0.0010170006
0.00059339096
0.037813652
-0.009536189
-0.0010703806
0.008341222
-0.001975418
0.0021635378
0.00011020128
0.00045661302
0.02440426
0.045686416
-0.0021045601
0.0010538046
-0.00051227445
-0.00064027944
0.020641768
-0.0009946987
-0.0007291697
0.04662991
-0.050451405
-0.010355268
0.00016299062
-0.02269557
0.07525409
-0.02954832
0.0011148534
-0.022442337
-0.005520527
0.009501956
0.0012014859
0.0023730986
8.292309e-06
0.00022016223
-0.007686215
-0.072468415
0.00025923026
0.07670076
-0.015961964
-0.0017081606
-0.00076657935
0.0017205784
-0.024352446
0.018012697
-0.0031616464
-6.740015e-05
-0.001607148
-0.00022413503
-0.0034033016
-0.00092379114
-0.00036151818
-0.024412239
-0.006443861
-0.044447795
-0.0005502796
0.036766764
0.107492924
-0.011607365
-0.0007652904
-0.016200488
-0.010492029
-0.00015509642
0.00086777017
-0.0009327647
-0.0029482937
-0.0010126812
0.08006602
-0.03556921
0.0009473952
0.05944349
-0.01817142
5.534056e-05
0.0010079026
-0.00083440996
-0.0037659584
-0.003313755
0.0063273585
-0.0010004487
-0.00077934493
0.0010788575
-0.015465203
0.000119661185
-2.4355846e-05
-0.010288417
-0.00033835554
0.013892706
0.0009790835
0.016815094
0.004392037
0.035422858
-0.0010620878
-0.00021538889
0.019812673
0.0065965904
9.2284245e-05
-0.00039479934
0.004300921
-3.269237e-05
-0.007905544
0.0040512374
-0.0003806687
-0.0006315815
-0.002617221
0.0049900436
0.00027109418
-0.00066166127
0.049522493
0.024817228
-0.001494853
0.00029882137
0.0013437278
-7.28017e-05
0.00031162507
-0.001023055
0.00057260256
0.054316938
-0.021870324
0.022180935
0.00020538793
-0.019634672
0.03869483
-0.018437397
0.00037796926
-0.008877897
0.001032098
0.013973966
4.015855e-05
0.0025636016
0.0059232274
-0.00015044372
-0.0104971025
-0.03688093
0.0006652446
0.0426249
0.0013426663
0.00014244356
0.00096684805
0.0009860729
0.00095488044
-0.00050750485
-0.0003894864
0.00112808
-0.0007567255
-0.00035273927
-8.112599e-05
-0.0002690161
-0.0011171834
-0.00021083589
-0.00025018642
-0.0009526574
0.0010476229
-0.00021031871
-0.0011310489
-0.0006237831
0.00046214764
-0.0010069618
-0.0009877586
7.1437855e-05
0.0004864667
0.000620076
-0.0007881384
2.0635753e-05
-0.0006977953
0.0010859607
0.0004875982
-0.0008705293
-0.0011762507
-0.0005760754
0.002647509
0.0012187082
-0.004258205
0.0001262147
-0.00010562028
-0.00025496644
-0.00012918505
0.000486753
-0.0595091
-0.00046056102
-0.0005850779
-0.014624199
0.008034233
0.0021265657
0.0002472638
-0.01092171
0.061007533
-0.003385784
-0.00018298322
-0.0035873444
0.014531861
0.011984109
-0.0008078967
0.0002581118
0.0043991283
0.00011106488
0.058443334
-0.005184407
0.00058051676
0.014236822
-0.0068918625
-0.0027854342
-0.0038378998
0.00093950797
-0.020261867
-0.029298505
-0.0011336176
-0.0001474426
0.001293784
0.00022488537
0.064694025
4.9008642e-05
-0.00032698526
-0.061749693
0.0118357
0.070407294
-0.0018275025
0.0034008715
-0.028267227
0.006504585
0.0004320713
0.014158798
-0.0078089293
-0.023066053
0.0018525966
0.0009105316
0.007968329
-0.0012521724
-0.03576427
0.00074545166
-0.00025468608
-0.026397225
3.594842e-05
-0.0007006206
-0.0014256014
-0.00016001446
-0.0063956818
-0.0030748125
0.0016143121
0.0007813755
0.0004798715
-0.0007801964
-0.07865734
0.0001153779
-0.000662107
-0.03871033
0.011513627
-0.008552848
-0.0009379178
0.06090749
0.13462651
0.025532987
-0.00038435808
-0.006764076
-0.0060100136
-0.003912098
-0.00024594515
0.00044573087
0.00082224235
-6.269809e-05
0.021536525
-0.024078863
0.00046005606
0.008784662
-0.003334078
-0.0003261522
-0.0031612387
0.0007750253
-0.063645475
0.10065799
-0.012347472
0.0011358627
-0.0056629973
-0.0010237361
0.100382194
-0.000260273
-0.00040398908
0.16911893
0.042024385
-0.20453763
-0.0010641209
-0.016840145
0.050968595
-0.09811693
-0.0003551275
0.01192353
-0.06309164
-0.024023656
-1.3755896e-05
-0.00485121
-0.032386214
0.00050701824
0.24985212
0.034766093
0.00010925752
0.023149816
0.024303598
0.0059039174
0.0034692727
1.9771795e-05
0.08921935
0.00017597672
-0.0033097253
0.0002915263
0.005828717
-0.00025086722
0.031924568
0.0006425912
-0.000288054
0.038330294
0.007819382
0.120700315
0.0011021756
-0.042251226
0.0030206488
-0.017349819
9.7956174e-05
0.013510712
0.020063361
0.03205512
0.00011224854
0.007797169
0.025474722
0.00037520163
-0.045009438
-0.032140806
0.0010884495
0.004286161
0.011511425
0.0050934986
0.0029992156
0.00087687443
0.045173835
0.022022583
6.895636e-05
0.000957021
-0.00010319604
-0.0011685478
-0.010649658
-0.0003310768
0.00046995137
0.055736244
-0.009308728
0.0058537223
0.0004123103
-0.009810795
0.0032007475
-0.0005504305
-0.00072058884
-0.0060013873
0.018263495
0.0252186
-0.001285795
0.0019970953
0.0050445315
0.0004069194
-0.008448701
-0.013366985
0.00040696314
0.02879135
0.00055544294
-0.0025870649
-0.002339859
0.0009611458
-0.020427551
-0.01395471
-0.005267377
0.0003287482
0.0015832114
-0.00020715046
0.11183155
0.0003091935
0.00068597234
-0.049035143
-0.0026855469
0.04315471
-0.0010919904
0.012513708
-0.0009749601
-0.023609309
-0.00037533147
0.010949485
-0.012651304
-0.016554108
0.0017326169
-0.0009921439
0.0020657291
3.4658868e-05
0.008024333
0.0020105573
0.00056136865
0.0016661698
0.0021006747
0.0036450308
-5.9303577e-05
1.5046374e-05
-0.0018336528
0.044719093
-0.003713763
0.0009737905
-0.00035771963
-0.00072379777
-0.05783649
0.0007316742
0.00045129537
0.14318062
0.04062293
-0.06869902
-0.00090476597
-0.031149833
0.024455942
-0.024538876
0.000630888
0.0051536076
-0.010337186
-0.0036097828
-0.0013047084
-0.001464074
-0.0074229217
0.000147646
0.09900217
0.017195048
-0.0004476964
0.001320645
0.018129857
0.0044210656
0.002499576
0.0007819202
0.03718729
0.019747956
0.0010189759
-0.0010785584
0.0009909768
-0.00097379374
-0.055667173
0.0009684329
0.00073713827
0.035416417
-0.024987558
0.011178861
0.00012001073
-0.023871291
0.0734905
-0.011033701
-0.00082241656
-0.013739286
0.015059676
0.025570057
0.0003727511
0.0024570976
0.0056198854
0.0014188543
0.011575884
-0.043507792
-0.00093127595
0.046196792
-0.008002579
-0.0007243519
0.0016624328
0.0010242469
-0.01019099
-0.006513045
0.008367691
0.0006385748
-0.0002116018
-0.00053155463
-0.018468674
0.001012371
-0.0009962243
-0.016069995
-0.006729931
0.007657612
0.0007509727
0.052935414
0.010138681
0.05863188
0.00097024284
-0.0038260606
0.013973633
0.0030701994
0.0020258243
-0.0005082833
0.004965819
-0.0004247796
-0.0107438015
0.007632402
0.0011647212
-0.00064998696
-0.0024507877
-0.0045285183
-0.008043316
0.00014019663
-0.07121747
-0.064577505
-0.013894354
0.00080083165
-0.0007910032
0.00028615753
0.30619514
0.0003282813
0.0011663385
-0.112234324
0.10018977
0.106550284
-0.0032808017
0.083066955
-0.065490216
-0.031216452
-0.0010533168
0.069667086
-0.063349895
-0.06959114
0.0056215758
-0.0027448956
-0.0014992274
-0.0025484464
0.051248718
0.09698706
0.00011355971
-0.09570718
0.0289616
-0.00052896043
0.00095899776
0.000729598
-0.011072383
0.0065761744
-0.00013690937
0.00035089534
0.001071635
0.0010981833
-0.068936564
0.0007335469
0.0005493618
-0.021434706
0.014666901
-0.008647163
-0.00057829556
0.01888083
0.14016953
-0.00300239
-1.8718187e-05
-0.0076695886
-0.00320994
3.0955016e-05
-0.00015256519
0.00043906143
-0.00045652382
-0.0003807425
0.0553111
-0.032852087
-0.0001480115
0.021067549
-0.007888087
0.010975836
0.0033477764
0.0010960674
0.12913261
0.12283049
-0.0038827332
0.0011661511
0.00085741474
-0.0003997333
0.04327425
-0.0007374257
-0.0011539767
0.1913146
-0.10134156
-0.01257948
0.0021362489
-0.031903025
0.12928379
-0.045203537
-0.0011487546
-0.04805342
0.0016834239
0.039301477
0.0013756382
0.005289965
0.0048817997
0.0012713735
-0.044111975
-0.13509102
0.00036556303
0.188017
-0.019090343
0.012722021
0.0034139275
-0.00055647956
0.12531707
0.07546624
-0.0031265565
0.0012056367
0.0027284701
0.001094393
0.019820943
0.0006604243
-0.00057742454
0.19600378
-0.026809214
0.0052569397
0.0010735146
-0.034079522
0.012586563
-0.034143936
-0.0002848259
-0.010653825
0.004304892
0.036484245
-0.00058287964
0.0063759456
0.0052080005
0.0010456725
-0.02920212
-0.04256482
-0.000674206
0.073744394
0.01543005
0.00312184
0.0028854518
0.00084888656
0.033322748
-0.00026129052
0.0019495526
-0.0009357536
0.0004480281
-0.00039864524
-0.025574267
0.0010841187
-0.00033414116
0.0023637344
-0.0065821446
0.023181004
0.00076108146
-0.012401279
-0.0007532068
0.010499155
-0.00013664678
-0.0041185226
0.02805898
0.029924547
-0.00028035697
0.0018610096
0.008660272
0.001403667
-0.008385341
-0.008205772
0.0012109227
0.008955941
-0.0021283242
0.011123057
-0.0008985168
-0.0007939867
0.10098372
0.07619954
-0.0057735154
-0.0005912938
-0.0003449097
0.0010318414
0.036648378
0.0009952544
-0.0010083717
0.21235803
-0.013871027
-0.021895114
0.00034601535
-0.031022243
-0.011737725
-0.03984089
2.5652427e-05
0.0011780412
-0.024157915
0.0064251684
-0.0023500451
0.0062628835
-0.0024610418
0.00040139136
-0.024907475
-0.015485858
-0.00054291275
0.045767006
0.03009428
-0.00089062774
-7.475743e-05
-0.00021421054
-0.0117486045
-0.009131815
0.0063699875
0.0008824582
-0.0014226463
0.00088582013
-0.008134269
-0.0010816632
0.00044522708
-0.021513116
0.0045124027
-0.0064960807
-0.0011937844
0.088036075
0.025852252
0.0666193
-0.00012590864
-0.0024971233
-0.0026442423
-0.0072036893
0.0007256759
-0.0006071584
0.00055064936
0.0007330429
-0.009725034
0.0038443562
0.0009517942
-0.0062010703
-0.0016200014
0.006898805
0.013344721
0.0010744631
0.122073606
-0.022307951
0.005509869
-0.0006485009
0.008449462
0.0004630388
-0.069783226
0.0009997301
0.0008945009
-0.009302328
0.0060230917
0.16970925
0.0045641856
-0.05890063
-0.0051353355
0.038507085
-0.0011080015
0.0030923926
0.11421356
0.10907285
-0.0009718929
0.009343588
0.04760486
0.0013348337
-0.05184069
-0.021484459
-0.0005219281
-0.0049544815
-0.005737422
-0.0017582425
-0.0006719928
0.00075928145
-0.012361614
0.0018052298
-0.0023567774
0.00022908494
0.00074609177
-0.0011375335
-0.12060901
0.0011241705
0.00077814463
-0.0065474394
0.05303661
-0.007295778
-0.0006820205
0.020214664
0.16057813
-0.0043442943
-3.3571723e-05
-0.0033698364
-0.0037795613
7.8323195e-05
-0.0016504801
0.0009353658
-0.00058992894
-6.9651294e-05
0.09607201
-0.01855217
-0.00012891974
-0.0023153033
-0.0040276377
0.0004286003
0.00779766
-0.00036888372
0.023484478
-0.0046496256
0.015205402
0.0005231353
0.0034778097
2.4838062e-05
-0.07278995
-0.00011030845
0.0005042827
-0.02798937
0.013160287
0.06414428
0.0008579208
0.010848491
0.028879343
0.086977184
0.00033146102
-0.0008106804
0.082318194
0.050050464
-0.000396091
0.0015252015
0.021454409
0.002203721
-0.011964418
0.015545221
-0.0005575004
0.0026056846
-0.005935642
0.0018488283
0.004389601
0.0008964934
0.016823987
0.002726361
0.00467569
-0.0010707006
0.0025574085
0.00017520685
-0.06815466
-0.0011650393
0.00022458653
-0.028354965
-0.00563927
0.03474908
0.0008998086
-0.012121251
0.08313586
0.015775867
0.0006432263
-0.006538917
0.03685313
0.033107877
-0.0013384699
0.00045018198
0.010852832
0.0020441914
0.013385624
-0.016444704
-0.0009949554
0.020110222
-0.0060383407
0.007376963
0.012781048
0.00096585933
0.09515395
-0.0024720607
0.006730764
0.00022504175
0.0047432105
-0.00034289603
-0.073610045
0.0005006527
-0.00080826576
0.0014220101
-0.010420511
0.08067472
0.0029266146
-0.037653506
-0.0019701875
0.035351224
-0.00040919287
-0.0063870084
0.088692255
0.089171425
-0.0022713486
0.005876647
0.027731797
0.0027843544
-0.029396279
-0.022184823
-0.0011323353
0.018232306
-0.008724273
-0.00064834283
-0.0009921854
0.0006268236
-0.02992812
0.024175873
-0.0051903864
0.0011479346
-0.001009363
-0.0006216797
0.03672728
0.0007207213
-0.00054188125
0.0032010148
0.021561226
-0.06601792
0.0001476103
0.026075281
0.09078181
-0.036339004
-0.0010037296
-0.0038570995
-0.023981813
-0.0013125441
0.0006576581
-0.0010769723
-0.009743418
-0.000490688
0.10344021
-0.022700317
-0.00093034725
0.013433915
-0.008457242
-0.00063177635
-0.0009959538
0.00051349716
0.0006275821
-0.00054078223
0.0009894827
-0.0005929308
-0.00023590788
-0.00069754856
-0.00030610745
0.00015191505
0.0010711415
-0.00058293523
-0.00071227684
-0.00062505866
-0.0005203704
-4.4168e-05
0.00017240243
-4.7698635e-05
-0.00044558657
-0.00031472792
-0.0008246196
-0.00027870637
0.0009182786
-0.0010902616
-0.0008969899
-0.00031907755
-0.00068519963
0.0006859721
-0.00052132807
-5.4626827e-05
0.0010775178
0.015749149
0.0005179949
0.0009841586
0.14089875
0.1020166
-0.00571839
-0.00026642665
-4.962576e-05
0.0010323944
0.02501535
0.00022268415
0.0007054965
0.26256117
-0.035135183
-0.020811928
0.0009901873
-0.036501925
0.0043487954
-0.04852985
-6.38888e-05
-0.012414598
-0.013961448
0.02617454
-0.00047283154
0.0070200735
-0.0010777235
-0.0006145758
-0.02603083
-0.0346069
-0.00031700564
0.09376325
0.02486708
-0.001002984
0.0005927021
0.0007305596
-0.020795755
-0.0143285105
-0.0042748614
-0.00096487295
-0.001366698
0.0010940065
0.10106682
-0.0003410832
0.0011798972
-0.053318802
0.012294777
-0.0052498886
2.0925485e-05
0.032854866
-0.0025677895
-0.02261484
0.0008325242
0.010675353
-0.016640618
-0.003575074
0.003004194
-0.00010404024
-0.003389013
0.00045568822
0.02178278
-0.00065655675
-0.00040626558
-0.013297961
-0.004428714
-0.00048824065
-1.3152965e-05
0.0016422342
-0.020864747
0.06465882
-0.0067303427
-0.0009943078
-0.002224497
0.0010769542
0.00021070911
-0.0011352568
0.00011850809
0.045399766
-0.034709778
-0.103453614
-0.00056829746
0.016953895
0.15918197
-0.04413043
0.0009784952
-0.030728528
-0.025703274
-0.0016037094
0.0016106782
-0.0002903753
-0.010326789
0.00066732755
0.09813642
-0.08419802
0.0005783064
0.11431851
-0.025185874
0.005123195
-3.20359e-06
-0.00017078994
0.0007819991
0.081529245
-0.0058641196
0.00044999854
-0.0024444836
-0.0001898575
0.049251914
-0.000509632
3.329941e-05
0.17582372
0.007152632
-0.108244404
0.000752787
-0.04194181
-0.005574083
-0.061387982
0.00031856494
0.0061202166
-0.033828303
-0.0060662893
-6.166814e-05
-0.0015631599
-0.018690357
0.0006389831
0.111234054
0.034313556
0.0005147744
0.033627763
0.027029512
-0.00021379812
-6.314095e-05
0.00093219517
-0.0011878083
-0.0010260729
-0.00021401184
-3.3685268e-05
-0.00044500886
-0.00015116677
-0.0009842335
0.00042039264
-0.0011930834
0.0007003496
0.00056594994
0.00032641218
2.3811082e-05
-0.00020392325
-0.0009467457
-0.001072002
0.00054648
-0.00030934258
-0.0010537816
-0.0008226926
0.0006404391
-0.0007917278
-0.00031988585
-0.00023108882
0.00017934895
-0.00064125494
0.0008975839
0.00025925416
0.00016499817
-0.0027646704
-0.0022681642
0.00045003585
-0.018248666
-0.018146893
0.0014090766
-1.9137722e-05
0.0013908108
5.1383468e-05
0.021196915
0.00014471286
0.00095682964
-0.02454035
0.026903274
0.037114818
-0.00020089824
0.039723035
-0.0018899972
0.027284238
2.743771e-05
0.007780995
-0.009381955
-0.020124616
0.0006761632
-0.0014118152
0.005518399
-0.0010644036
-0.00557567
0.0007318983
0.0005347082
-0.021050055
-0.00018959942
0.00034929626
-0.00020550919
-0.0011653226
-0.009772298
-0.0073357797
0.002295378
0.00076945877
0.0004903796
-0.0010763566
0.01577568
-0.0008620587
0.0010607656
-0.01705957
-0.0027272191
-0.010977595
0.00036676743
0.053271376
-0.014684413
0.026768904
0.00015949382
-0.0016541682
-0.006357563
-0.005684027
0.0030316405
-0.0011960635
-0.0012388672
0.00042568234
0.0017850165
0.0059639383
-0.0004005594
0.0051336074
-0.004781143
0.00452962
0.0097182235
0.00063059607
0.046170454
0.015100544
0.005603098
-0.00055125944
0.0032914996
-0.0011209383
-0.074127026
0.00078356516
-0.00055874686
-0.0024032304
-0.022749133
0.040621705
0.0032874534
-0.032304566
0.08265349
0.016811999
-0.0009316187
-0.013639856
0.0595646
0.061876047
-0.00089662644
0.0017256826
0.016475711
0.0013027305
0.013708002
-0.0322304
-0.0009872462
0.044628445
-0.012219966
0.00051138096
0.0010849941
0.00016160718
-0.0007845904
0.00069552
-0.0005173937
-0.00014929679
-0.00025346605
-0.001197013
-0.0008243981
-0.00035848375
0.0009279522
-0.00011602168
0.00026153988
-0.00020060239
-0.00025771436
-0.0001665374
0.00026303082
-0.00013723948
1.2661497e-05
0.00080216967
-0.0001908656
-0.0011862806
-0.00088808086
0.00070703373
-0.00047717945
-0.0008604374
-0.00080110505
0.0005640853
-0.0004018457
-0.0012428805
0.0010916855
0.0071128556
-0.001018674
0.0010912035
0.055307887
0.05717202
-0.004826505
-6.890303e-05
8.922899e-05
-0.00035777452
0.039702497
-0.0005513635
-0.0011548134
0.121824495
-0.034646887
-0.022507895
8.019566e-05
-0.02437097
-0.005165114
-0.035517253
-0.0011427492
-0.0069157076
-0.019892652
0.00015016351
0.00086224376
0.0030452546
-0.004812632
-0.0007842007
-0.013471174
-0.013260934
-0.00044973532
0.066983275
0.015808543
-0.002484302
0.0005543907
-0.0010234071
-0.017545901
-0.031082774
0.017561551
0.00076288346
0.0026522197
-0.0011809224
-0.012595932
0.0004902248
0.00075919094
-0.040928062
0.0115694655
0.122218825
-0.00013440632
0.057051543
-0.021151908
0.13470416
-0.0011029905
0.0090666255
0.04708175
-0.0043511325
0.002941871
9.130679e-07
0.03051593
0.0008347375
-0.07288813
-0.017475769
0.00030638772
-0.040559545
-0.009125097
0.0011453091
0.001075067
-0.0009569242
0.00069675944
-0.000729906
0.0001938299
-0.0005112248
-0.0007478661
-0.00022831532
-0.0012897464
0.000838127
0.0009942034
0.0011355908
0.00014550674
-0.0011013577
0.0008104694
-0.0006158865
0.0009084558
-0.0005911244
-0.0011041929
0.0006321073
-1.1405274e-05
0.0001346647
0.00027648537
0.0007457842
-0.00029744435
-0.0011338367
-0.00049006275
5.770749e-05
2.8862874e-05
-9.5546755e-05
-0.0004627414
0.002563981
-0.00177885
-0.00045802435
-0.020487998
0.0629068
-0.0067490526
-0.000525194
-0.0025480476
-2.8095457e-05
0.044826686
0.0007141968
-0.00045920737
0.11748871
0.008359546
-0.08876647
-0.0011240961
-0.02136032
0.03481962
-0.042804655
3.128515e-05
0.004016944
-0.027632305
-0.008742368
0.00023593864
-0.0025564982
-0.013787261
0.0010639997
0.11124741
0.0141697945
0.001142573
0.03541306
0.011747084
-0.0013749484
0.0005305484
0.0006943181
-0.0062172464
0.03286729
0.0005124914
-0.0007100159
-0.0012397586
4.73441e-05
0.031605586
0.0012119332
-0.00081288605
-0.01846705
-0.062977865
-0.039308533
-0.0011164935
0.03719165
0.08818782
-7.195483e-05
-0.0001475694
-0.031102438
-0.0068873717
-2.3246319e-05
0.0027400441
0.00020396446
-0.0014056228
0.00015603342
0.0034941016
-0.06700349
0.0009551302
0.10875862
-0.025963763
-0.000347357
1.4026041e-05
-0.00017801009
-0.018129665
-0.0074376925
-0.003131537
-0.0005891933
-0.0003063763
0.001076799
0.051769063
-0.0007486887
-0.0004417362
-0.01458509
0.01974548
-0.030816955
0.00058999885
0.034150828
-0.03361281
-0.010867514
0.00071438984
0.007677742
-0.016462127
-0.0054058987
0.0015063138
-0.0014085509
-0.007226367
0.00040711617
0.037364144
0.02758842
0.0005662751
-0.017947454
0.005029977
0.00032515745
-0.0017771833
0.0014804633
-0.008111247
0.0012269865
-0.0011640748
-0.0011823932
-0.00013496347
-0.00026107076
-0.0871289
-6.85201e-05
0.00072059175
-0.0006449569
0.03881566
-0.009006724
-0.0012667741
0.028468326
0.11379649
0.0013435987
0.00038268286
-0.0017336115
-0.007301194
-0.0053661973
-0.0014098653
0.00020701096
-0.0012062954
0.00058344036
0.05472216
-0.009938352
7.8426114e-05
0.0014943053
-0.00043927343
0.0011799874
3.2265103e-05
0.0002459455
0.00066309917
-0.00020627392
-0.0009330813
-0.00010425674
-0.00044773606
0.0010129432
-0.0005685682
-0.0005414892
-0.000577202
-0.0011093535
-1.2857455e-06
-0.00024471837
-0.0008489035
-0.0010475464
-0.0008223777
-0.00063384935
0.001038113
-1.816332e-06
-0.0010293961
-0.0011232371
0.0008656857
0.0006564212
0.0008184684
0.0011036888
-0.0006200136
0.00058366667
-0.00030990414
-0.001022723
0.00026734418
-0.000522147
1.9629504e-05
-0.0005607564
-0.010919967
-0.00077722844
-0.0006090828
-0.00088108936
0.00011330156
-3.49004e-05
-0.019857807
0.00033070333
0.00075909303
-0.01250285
0.004893506
-0.027912058
0.0011184708
0.029297153
0.0056700623
-0.0043763234
-0.0003691766
-0.0030504377
-0.007215983
-0.0023888275
0.0019031869
9.124413e-05
-0.0026489606
0.00048031853
0.06269665
0.01685463
-0.00074196904
0.02212795
-0.002809385
0.0041771526
0.011585151
0.00032280773
0.0873775
-0.027579831
0.016574934
-0.0009919354
0.009528728
-0.00056723785
-0.06709838
-0.0006438301
-2.922662e-05
-0.045134034
0.030530026
0.19462286
0.002365241
-0.010621844
0.0079736365
0.115057245
-0.00086693803
0.0067398506
0.14051323
0.09526471
-0.0008111359
0.007014801
0.05533737
0.0027527106
-0.04757136
-0.014484486
0.00018528666
-0.021405209
-0.01033051
0.0034797846
0.0065164845
0.000989499
0.0657065
-0.032739073
0.0038298587
-0.00014337928
0.006279075
-0.0003011635
0.008210905
0.00028376983
0.0009559802
-0.029372416
0.046973623
0.19258536
0.0012258942
-0.026055044
-0.014144337
0.04311897
-0.0011097945
0.019602332
0.07550296
0.04806777
-0.0011833577
0.0055065365
0.044872347
0.0007559218
-0.047354117
-0.020577718
-0.0008090853
-0.03886207
-0.0017375902
0.007849325
0.0018545671
0.00021240214
0.0845369
0.023230832
-0.0032042563
0.00074268325
0.0015136796
0.0007471933
0.008466114
0.00084594166
-0.00038826783
0.08142438
-0.012020463
0.04000408
-0.00039518235
-0.03493003
-0.009896362
-0.023008319
0.00024596002
0.0012391479
0.004016501
0.023260647
-0.0007935485
0.0051296516
0.011446734
0.00075946696
-0.045863338
-0.031051053
-0.00045214492
0.014645566
0.01428008
