-0.10944738
0.045752224
0.0254685
-0.030161848
0.006666916
0.015258904
0.007244767
0.03150947
0.006490848
0.00613689
-0.009969584
-0.09410223
0.0012236397
0.00012861076
0.015978685
0.053577993
0.007822094
0.014378903
0.003931722
-0.03215929
0.05262782
0.0040339045
0.0016209501
0.013369438
0.08311236
0.05382646
0.0026313302
0.017529484
0.047394745
0.020939084
-0.0073360107
0.008499573
0.05439937
0.0010963746
0.0031919272
0.023431174
0.05750198
0.0063718455
0.00078001485
0.007896487
0.005644653
0.2716609
-0.045742355
0.003429518
0.0032393227
0.008177089
0.004008432
0.020352678
-0.0073950565
0.009577869
0.026054487
0.044148307
-0.010402501
-0.012054731
0.0011058019
-0.015477972
0.013236466
0.0012648887
0.02890155
0.0038198673
0.027348908
-0.025057219
-0.0023096544
-9.058984e-05
-0.10909912
0.026564937
0.018360404
-0.01950721
0.0067075975
-0.0056294426
0.005312367
0.018603792
0.0039863447
-0.0028456673
-0.0019827913
-0.09534591
0.0010260183
0.0004476015
0.008825573
0.029366301
-7.4090503e-06
0.008162981
-0.00065394357
-0.03679384
-0.030978918
0.0024419285
0.0005256209
0.0059954715
0.06139377
-0.017671518
-0.011310748
0.009541676
0.026039405
0.012609533
-0.014316134
0.0072282646
0.0395798
0.0011557104
0.0012870396
0.009924499
0.028666226
0.003287375
0.0002542008
0.005222779
0.0016201544
0.2055184
-0.049388364
-0.0051206793
0.0027632357
0.005057741
0.0018389125
0.0072812494
-0.010258558
0.0035873465
0.011996397
0.026509603
-0.019668858
-0.015058636
-7.691183e-05
-0.007433094
0.003246187
1.1133668e-06
0.0069376645
0.0013566101
0.01655567
-0.024244701
-0.0014193744
-0.00058017264
0.198446
0.15172715
0.008639048
0.27199468
-0.20471638
0.06815199
-0.010989748
0.0039679054
0.0002371474
0.048104715
0.27200416
0.11946146
0.012483869
0.0010945621
0.12259599
-0.088339776
-0.049871616
-0.009131779
-0.087806724
0.05749236
-0.94326085
-0.0017029219
-0.00072998373
0.030720698
0.70884347
-0.26712623
0.10859908
-0.108921446
-0.27337137
-0.16320391
-0.10591238
-0.039383538
0.1002623
-0.0026509818
-0.011394983
0.066793114
-0.28797013
-0.015256944
0.0077188313
-0.049137823
0.04811249
0.7392225
-0.050725594
0.108354986
0.010946644
0.0027110118
-0.00415262
-0.12298924
0.22303137
-0.085851714
0.026565801
0.1307526
0.06783661
-0.0595754
0.0064777555
-0.23688199
0.020289868
-0.0023504705
-0.19751714
-0.07641568
0.09017334
-0.014611748
0.0035695268
-0.12099386
-0.0008291713
0.00010887904
0.00031960278
-0.00035074842
-9.0494805e-06
0.00046794023
0.00084337016
0.0005330362
1.7434675e-05
-0.0006331566
0.00054364005
-0.00054614135
-0.0004418921
-0.0004103076
0.00012207626
0.0006773441
0.0006378551
0.00044161436
0.0004581267
-0.00045158662
-0.00013440056
0.00047380177
-0.00070418225
-0.00034381324
-0.0005698062
6.930815e-05
0.0002862093
-0.0006954772
-0.0001255838
0.0004837749
-0.0007741565
0.00034418478
-0.0006322227
0.0005300798
0.00012498327
-0.00035628735
0.0004042929
0.00050298386
-0.00071647204
-0.0009276588
0.00067261606
-0.00013028464
-0.00022479115
-0.00047371755
-0.000121529745
-0.00020709618
0.00056805776
-0.0003853561
-0.0007657145
-0.0007076781
-0.00021699311
0.0005623519
-7.0704655e-06
-3.9827378e-07
-9.300039e-05
-9.995807e-05
0.0001892822
0.0006558864
-0.00013401969
0.0006700141
-0.00047568957
-0.00041671316
-0.0006256895
-0.0003591314
-0.0029854332
0.0016787979
0.00048896053
-0.0013027779
0.0014667509
-0.00021699586
-9.984272e-05
-0.00096658955
0.000667841
0.004864406
-0.0007663505
-0.001138173
0.0006494885
0.00073789037
-0.00019242757
0.0052464246
0.00049384136
0.00057568715
-0.00031524137
-0.00057095685
0.015091159
0.0008475204
0.00042420177
8.456421e-06
0.0029344456
0.009431298
-0.002636649
0.0016753447
0.004216443
0.00086766796
-0.00018617745
-0.0002844899
0.0019261392
-0.00045241855
0.00026383842
0.00090809877
0.007859905
0.00017644267
-0.00014540799
0.00087227894
-0.0012575164
-0.0054013245
-0.0010534005
-0.0011238288
0.0005473712
0.0003134989
0.0005461628
0.0024465697
-0.004469799
0.00033703886
0.0023041146
0.0017505084
-0.002012488
-0.001515447
-0.0002477637
0.0031596287
0.0005996907
0.00041028307
0.004553065
0.00035691034
0.0019785324
-0.0012826511
0.0003061619
0.0014770598
0.17230181
0.038984194
-0.016774965
0.08241803
-0.09854255
-0.0021816802
-0.009052008
0.0018834312
-0.007867947
-0.038977172
0.078512914
0.1314626
-0.00025526193
-0.00065328955
0.026220506
-0.06104596
-0.027021
-0.013516804
-0.04647609
0.05365545
-0.40687317
-0.00014480698
-0.00038273644
-0.014946979
0.14599665
-0.3216016
0.007244091
-0.043222256
-0.12867779
-0.05156646
-0.061472975
-0.024691109
0.022541087
-0.0004834295
-0.003980567
0.0010008442
-0.15241747
-0.013910296
0.00019297577
-0.026227381
-0.006814127
0.15050349
0.0060113408
0.039727308
0.0026711423
0.00034135825
-0.0030578028
-0.119590715
0.1313196
-0.044937443
0.0022459803
0.03174425
0.039269734
-0.03298779
-0.029356664
-0.24933657
-0.038084775
-3.0850162e-05
-0.108327344
-0.034603138
0.010154723
0.0037978482
-0.018823259
-0.11896555
-0.0034546175
0.0045645437
-0.008986089
0.08197575
0.09467923
-0.06350978
0.0065384684
0.014018659
-0.0065858965
0.008067178
0.059884585
0.024684858
-0.0033410508
0.00023283485
0.039417915
0.04039626
0.07042796
-0.0048581692
0.06571081
0.0035651678
0.88241774
0.0058771106
-0.00088073825
0.084535174
-0.030909486
0.6420478
0.03679475
0.06082505
0.025102902
0.073602594
0.043962132
-0.008363314
-0.042076197
0.00067829544
0.0075019067
0.0053762966
0.3307775
0.03960647
0.0024363298
0.042300917
-0.020476785
-0.026316449
-0.021535836
-0.009624841
-0.006676848
0.007727525
0.008896193
0.11675029
-0.03522946
0.047767106
0.040605158
-0.005973105
0.00850378
-0.007756638
-0.015829304
0.22609265
0.019159412
0.0003885661
0.13664539
0.044031665
0.028875006
-0.011317533
-0.020682698
0.10327155
0.575728
-0.19010217
-0.059868168
0.6882581
-0.062782764
0.09110512
0.008875774
-0.0007774454
-0.025769249
0.019678727
0.39365265
0.4737052
0.01768744
0.0020838415
-0.1161781
-0.18254326
-0.049378574
-0.04614388
-0.070162386
0.15991092
-0.4972223
0.010759019
-0.0025975297
-0.15060055
0.037819043
-0.2626781
-0.052955374
-0.051547486
-0.14489043
-0.12945716
-0.00068719895
-0.03767105
-0.20126602
-0.0008640142
-0.00560056
-0.0838246
-0.3044807
-0.07958806
0.007852518
-0.030474177
-0.07392243
-0.38528216
0.12923795
0.061325833
0.008296765
-0.047978643
-0.028697927
-0.15464424
0.49855238
-0.09101776
-0.14327797
-0.20012824
0.025057083
0.018223777
-0.052472245
-0.066400856
-0.061644252
-0.006215296
-0.098229304
-0.0057529244
-0.17754969
0.08529559
-0.048974685
-0.022828983
-0.00058809825
-0.0004971783
0.00052724086
0.00047760594
-0.00055908895
2.6184193e-06
0.0004685558
-0.0005861005
-2.8906918e-05
-0.00042983145
-0.00061968825
-0.00010116703
-0.00055049185
-0.00037400288
0.0008870456
-0.00032619725
0.0005533528
0.00024075666
0.0003164474
-0.00029039002
-0.00091514515
0.00029925862
-0.0004571163
0.0006609694
-0.00083671696
-0.00058763643
5.653097e-05
-0.00022706244
-0.00036422766
-0.00036059832
-0.000486748
-0.0008210478
0.00040348218
9.864886e-05
0.00022039133
-0.00020804442
-0.00096236705
0.00055362243
0.00062286697
0.0005781734
0.00079414505
0.00027744193
0.0001633239
0.0006658401
0.00034717555
-0.00054269546
0.00038043837
9.717966e-05
0.000347127
7.8829915e-05
0.00043984046
0.00020863427
0.00011086843
1.5820843e-06
-0.00013717118
-4.8906943e-05
-0.0008947159
-0.000669225
-0.00074660894
-0.00065632944
0.00083308085
-0.00034888875
-0.0002648367
-0.000844095
-0.0005102486
0.00017535388
-0.00031440618
-0.0011073486
-0.00073507015
-0.00027792607
-0.00047428574
-0.0009668439
0.00039657266
0.0037046291
-0.00016481284
-0.00116417
0.00058019685
0.00032318395
0.00025571574
0.0018605262
-0.00066996744
3.1099007e-05
-0.0006001741
-0.0007549329
0.0021898085
-0.0003162948
0.00086300063
-0.00020966161
0.0030060853
-8.890886e-05
-0.0010958364
0.0002927083
0.0008519013
0.00032545105
-0.00089407514
0.00016180608
0.0008990224
-0.0004713439
-4.4257362e-05
-0.00018734133
0.0022379735
0.0007242703
0.00011988349
-0.00028095426
0.000622321
-0.0022302445
2.285988e-05
-0.00012476953
-0.00078455085
0.0006667431
0.0003492532
-0.0014286496
-0.0013230363
-7.340856e-05
0.000110715395
0.00031787943
-0.0005295849
0.0007645391
0.0008159031
0.00068294944
0.0007299784
0.0001726544
-0.0006549835
-0.00017118092
2.5208914e-05
-0.0011537981
0.00040861662
-0.0003139102
-0.079742655
-0.03938978
0.023458332
0.108652264
0.121445686
-0.10605221
0.0030090616
0.0076942793
-0.0073149833
-0.03980122
0.04209321
-0.050106984
-0.0016873105
0.0005066358
-0.034850087
0.06613898
0.05441495
0.009476447
0.03082152
-0.0434829
0.7478955
0.0018095864
0.00079482165
0.0049018064
-0.22525333
0.4182818
-0.099127136
0.08405701
0.11229836
0.088826746
0.060822044
-0.013432081
-0.003602489
0.00318213
0.015743447
0.0064400486
0.22695868
0.00552309
0.0015863589
0.039822817
-0.051456306
-0.5195204
-0.033144206
-0.093236744
-0.004059447
0.008933108
0.021079946
0.18236116
0.00474743
0.051521532
0.027863145
0.00391519
-0.104183316
-0.022767635
-0.013987588
0.26373687
0.034011554
0.0026934422
0.2535244
0.045006417
0.0054612253
-0.033939745
0.000357942
0.16929033
0.00022737721
-0.00036450304
0.00051376905
-4.677256e-05
-0.00021758027
-3.438681e-05
-0.00043337676
-0.00080445764
-0.00068103516
-0.0010537767
0.0001802883
-0.00015527866
0.00065659866
-0.0005976775
0.000100560595
-0.00041212505
-5.2200165e-05
-0.00029685377
-0.0005907608
0.00015145422
-0.0021849335
0.0002857181
-8.279612e-05
0.0006048089
0.00013456847
-0.0008778293
3.991841e-05
-0.0006649621
-6.5402724e-05
-0.00042966087
-0.00074722205
0.00044967222
0.00078226574
-0.000724753
-0.000903278
-0.0007767044
-0.00080785155
0.0003743433
0.00058651017
0.0004528109
0.0007452178
-0.0017500252
0.00058069517
-0.0007845608
0.00010042506
0.00042069133
-0.00064256246
-0.0011616633
-0.00042946846
-0.00073548884
-0.00044940287
-0.00048594258
-0.00024803306
0.0006879313
0.00039578317
-0.00030215393
-0.0002453547
0.0008061477
-0.0012965066
-0.0010168344
-0.00066529284
0.00027521988
-0.0005145513
1.2793593e-05
-0.043977182
0.02693982
0.009313678
-0.010464724
-0.0056119957
0.00876498
0.0034034627
0.0079694325
0.0028616143
-0.0010304727
0.0018271203
-0.037975088
0.0006273841
0.00021142549
0.012413009
0.015944662
0.0005438059
0.004758352
-0.00024587425
-0.012884158
-0.024144711
0.0016955558
-0.00018059563
0.006965594
0.049600244
-0.017728182
0.003563879
0.0014014605
0.011791389
0.0048672142
-0.010077158
0.0035704498
0.029897004
-5.301716e-05
0.00015660745
0.011227485
0.01640151
0.0027548159
0.00050841173
0.0017202382
0.0072657354
0.13511872
-0.027777594
0.0053657107
0.0016498534
0.0029065006
0.0011634814
-0.007474982
-0.014231061
0.00086204946
0.01155025
0.0249214
-0.0016995076
-0.010050707
0.0010902189
-0.034852426
8.4769956e-05
0.00028734136
-0.0038485143
-0.001846036
0.01772324
-0.0141163
-0.0011650979
-0.010850398
-0.104897924
0.07552258
0.020800008
-0.020795604
-0.041567847
-0.0076201227
0.002747363
0.022601364
0.001079575
-0.027276963
0.016735962
-0.083769605
0.00049105147
0.00096793886
0.024210125
0.015841525
-0.010136239
0.006676341
-0.014840862
-0.038744055
-0.17152387
0.002198943
0.0012133541
0.012717833
0.13172817
-0.09718996
-0.006647719
-0.0133369295
-0.02422062
-0.010376241
-0.04507776
-0.0016547097
0.074706264
-0.00017546467
-0.001148012
0.027630137
-0.030187791
-0.004589487
-0.00088543736
-0.005209
0.013824585
0.38391867
-0.081189446
0.014716107
0.003531387
0.0057238154
0.0003874305
-0.034626376
-0.000800896
-0.013635163
0.026299583
0.071604386
-0.010579126
-0.04061878
-0.0036596921
-0.121504806
-0.008572322
0.00080630596
-0.05307018
-0.016684713
0.04765868
-0.04100432
-0.011827855
-0.053379826
-0.00082620524
-0.0006597252
-0.0002825858
5.384176e-05
6.390907e-05
-9.331706e-05
9.4625866e-05
0.0004929907
-0.0007686623
-3.864437e-05
5.3276293e-05
0.00042682004
-0.0006310873
-0.00064780965
0.00022547467
-0.00031018374
-0.00018729984
-0.00042006536
0.0006703915
0.0004400577
-0.0006504589
-0.00046045225
0.0001631222
-0.00083940156
-0.0009281459
-0.00018704492
0.0002785429
-0.00011349067
-0.00028195823
0.00036510406
-0.0003835249
0.000472506
0.0004765322
0.0007968209
0.00065727584
0.0002831929
-0.00047178773
-0.00070381264
-0.00071638066
-0.0002933623
0.00066868257
-0.00069152255
-0.00075992773
0.00019412719
-0.00034761502
0.00022585482
-1.8148748e-05
-0.000781685
-0.00013318306
0.00040186872
0.00047580374
0.0005936636
-1.8611563e-05
-0.0008144721
5.6507895e-05
0.0007195641
-0.0003466187
0.0005801227
-0.0008577138
0.0003885743
-0.00029920714
-8.30495e-05
-3.0962714e-05
-0.00039708705
-0.073895365
-0.003259683
0.14253387
-0.015647769
0.07588398
0.092105985
0.009598737
0.020611446
0.026101325
0.08172536
-0.004177074
-0.15431644
0.001340383
0.00058095955
-0.07287597
0.19870953
-0.0212407
0.06370712
-0.047828905
-0.060362864
0.42369458
0.00093448494
3.2537162e-05
-0.089507654
0.05187389
-0.027672645
-0.078867584
0.05049467
0.31678745
0.030966392
0.0077243457
0.03643602
0.12504137
0.0025620204
0.004842232
0.058008123
-0.05393897
-0.05237373
0.0005238751
0.03966766
-0.028690025
0.12955508
-0.074953474
0.0005719379
0.011050222
-0.0049247183
0.008268966
0.10960962
-0.064864695
0.039883263
-0.0610977
0.06210482
-0.114757195
0.009350956
0.09496433
0.3456343
0.14473404
0.0016346158
0.15320246
0.04323265
0.027878955
-0.026452122
0.04553898
0.14805588
