-2.312500
2.594238
-4.020020
-2.897949
-0.864746
-0.999023
-0.622070
-0.670898
1.886230
-0.559082
-0.211426
-1.532227
-1.100586
-2.051270
-0.762695
1.288574
-1.099609
3.521484
-0.072754
-3.164551
0.251465
0.798828
-1.054199
-2.267578
-2.869629
-0.837891
0.611328
1.366699
-2.226074
-2.050781
-0.989258
-0.839355
-0.643066
-3.929688
-3.048340
-2.178711
-1.613281
-0.770996
-1.460938
-1.605469
0.018066
-0.246094
0.773926
-1.097168
2.125000
-1.378418
0.553223
-0.701172
-2.079102
-1.570801
-2.381348
-1.163086
1.953125
0.921387
0.990234
-0.179199
0.090820
1.287598
1.422852
1.392090
1.552246
-1.321289
-0.283691
0.099121
-0.838867
-1.306152
2.054199
0.397949
0.216309
-2.586426
-0.179199
-1.005371
0.029785
-0.785156
-0.203125
-2.206543
-1.243652
0.403320
-1.272949
-0.146484
-2.030762
-1.774414
3.083008
-0.786133
0.027832
0.352051
2.484375
-3.141602
-0.377930
-0.779785
-1.789063
-0.462402
0.074707
-0.940918
0.416992
-2.276855
-3.998535
-3.407715
-1.050781
-1.832520
-3.341309
-4.694824
-0.286133
-1.482910
-0.356445
-4.841797
-0.037109
-2.422852
-1.049316
-0.669434
-3.436523
-1.388672
1.868164
1.332520
3.261230
-0.940430
-2.657227
0.212402
-1.025391
-2.234863
-3.460449
-2.691895
-1.093262
-0.430664
0.902832
-1.658691
-2.694336
-2.433105
-2.732910
-3.277344
-0.459961
-0.232910
-0.691406
2.005371
-0.890137
-0.585449
-0.953613
-3.020020
1.039551
0.266113
-0.386230
1.654297
-0.370117
-3.006348
-3.404297
-1.273438
-4.510254
-3.307129
-4.391113
-4.541016
-0.854004
7.038574
3.244629
0.870117
3.708496
0.255371
1.185547
3.837402
2.359863
-0.910645
-2.218750
-2.054688
-1.000000
-0.429688
-2.750000
-3.616211
-3.950195
-4.942871
0.676270
-5.030762
-4.651855
0.447266
-3.267090
1.932617
-1.612793
-2.463867
-3.731445
-4.517090
-2.560059
-1.339844
-0.921875
-4.488770
0.376465
-2.427734
0.765137
3.637695
6.288086
4.040039
-1.615723
-0.207520
-2.656250
-2.516602
2.744629
3.565430
-0.929199
0.892090
-0.587891
-1.063477
-2.209961
0.715820
1.628418
1.885742
0.048340
1.880859
1.250977
-2.035645
-3.334473
1.925781
-0.801270
-1.881836
-4.298340
0.698730
-5.726563
-0.086426
-1.803711
-1.182129
-0.942871
-3.219238
-0.687988
-0.060059
1.609375
-3.158203
-2.241699
4.589355
0.873535
0.210449
0.615234
2.113281
-4.028809
-3.308594
1.282227
1.845703
0.955078
-1.008789
-1.598633
0.511719
-1.943359
1.318848
0.182129
0.340332
1.867676
-0.187012
0.128418
-1.362793
-1.975586
2.492188
-2.523926
-2.638184
2.006836
0.425781
1.483887
-2.137207
1.382324
3.529785
-0.841797
-0.827637
-1.150391
-3.058594
0.723145
8.996582
2.020020
0.574707
5.029297
7.943848
3.750000
1.029785
-1.280273
-3.600098
-0.099121
-2.340820
-0.614746
1.800293
2.053223
3.040527
5.862793
-3.288574
-1.292480
10.120605
9.361816
3.410645
7.136230
7.988281
10.646973
6.500977
3.899414
7.832031
1.901367
8.178223
1.056152
0.136719
1.957031
0.924316
3.886719
1.150391
-1.817871
-0.440430
-2.175293
-3.447754
3.159668
2.008789
-2.084473
-1.200195
-2.709473
-1.354492
-2.365723
-1.878906
-0.736816
-2.600098
-0.676758
0.322266
-1.287598
1.070313
0.884766
2.252441
0.833496
0.834473
0.743652
-1.374512
-0.175781
0.454590
1.196777
0.464844
0.415039
-0.430664
-0.669922
-1.780273
2.379883
1.759277
-1.522461
0.812500
2.338867
2.752930
0.536621
2.490234
-1.750000
3.300781
-0.713867
-1.979004
-1.422852
-2.107910
-2.220215
0.491699
-1.302246
-3.553223
-2.550781
-1.721191
-3.341797
-3.729492
-5.207031
-4.619141
-2.715820
-5.167480
0.229980
1.506836
-6.488770
-0.355469
7.186035
3.249023
3.144043
1.788086
0.330078
-0.091309
-0.094727
-0.182617
-4.149902
0.546387
-2.299805
-2.417480
0.555664
-2.371582
-2.062012
0.073730
-3.689453
0.803711
-0.673828
-5.230469
-1.930176
-0.240723
-0.824707
-2.297363
-0.115723
-0.360840
0.291992
0.084473
-0.075684
-3.980469
-4.559570
3.812988
-2.973633
-1.944336
-0.438965
-0.626465
-3.342773
-1.471191
-3.206055
0.587402
-2.948730
-4.932617
0.834473
0.433105
-0.712891
-1.744141
-0.370117
-3.218750
-2.541016
0.419922
-0.524414
-2.020020
-2.820313
1.884766
-2.566895
0.665039
4.410645
-0.178223
2.167969
0.151367
-1.392090
-0.281738
0.958496
4.852539
-1.232910
2.450195
-0.047363
-0.190918
-1.846191
-1.830078
0.265625
1.881348
2.299316
2.041992
-0.199707
-0.682129
-0.913574
0.332031
3.173828
2.263184
-0.574707
-3.068359
2.809570
-1.749023
1.583984
1.765625
1.073242
0.546387
-1.507813
-1.195313
1.046387
-2.058105
-0.361328
0.303711
-1.916992
-1.436035
-0.315918
1.934082
0.008789
-0.508789
-0.270020
0.848145
-0.652344
-1.640625
-0.649414
-2.924316
2.918945
5.981445
0.916504
-1.295410
-2.861816
-1.305176
-0.133789
1.138184
3.126465
-0.371582
2.479492
2.596680
-0.456055
-0.768555
-4.024902
0.696777
5.744629
1.731445
-0.146973
-1.212402
-0.589844
-1.842285
1.605469
0.798340
-1.159180
3.650391
-0.308105
-1.657715
-3.683105
-3.208984
-0.033691
-1.095215
1.149902
0.230469
-0.118652
-0.606445
0.015625
1.080078
-2.514648
-0.455566
1.903809
2.577637
3.123535
0.959473
0.638672
-0.416992
3.626465
0.143555
-0.288086
-2.937500
1.860840
0.798828
2.976563
0.406250
0.405273
-0.020508
0.242676
2.226074
-0.016602
0.910156
2.300293
1.348145
-1.757813
-3.397949
2.327637
2.871094
-2.008301
-0.617676
3.747070
-0.394531
1.433594
-0.413574
3.557617
-0.510254
-0.780762
-3.361328
-2.651855
4.775879
-3.882324
-1.094727
2.346680
3.149902
0.348633
0.797363
-0.803223
-3.493164
1.712402
0.033691
-0.305176
0.938965
2.367676
3.112793
-2.560059
-2.516602
2.753418
-1.813477
-0.797363
1.750488
0.925781
-1.027832
-1.140625
0.518555
-2.064941
-0.764648
1.031738
-1.066895
-4.758301
-2.151855
-0.047852
-1.855469
2.194336
-1.874512
5.409180
-1.743652
-0.011719
0.754883
1.478027
0.882813
-1.057129
-0.277832
2.072754
1.149414
-0.412109
-0.283691
-1.996582
1.279297
3.403809
-0.729004
1.044434
1.087402
2.083496
1.252930
-1.236816
-3.937500
2.174805
-0.626953
3.215820
0.076172
2.533691
-0.612305
-1.176270
-3.484375
0.186523
1.520996
3.082031
2.073242
4.315918
-2.744629
0.718262
4.421387
-1.500977
-0.599609
1.999023
-0.528809
-1.761719
-0.249023
1.140137
1.243652
5.122070
0.624512
4.342773
-1.173340
0.037598
0.617188
1.439453
-1.806152
-0.983398
-0.473145
3.530762
3.668945
3.536621
-0.338379
-1.662109
0.367676
0.083008
1.117188
1.051758
-0.028320
-0.619629
-3.392578
-1.108398
-0.832520
0.319824
-3.783203
0.785645
2.425293
0.806152
-3.100586
0.589355
1.862793
-1.144531
2.362305
-2.150391
1.126953
0.231445
0.417480
0.679199
1.704590
-1.110352
-0.187988
1.560547
-2.248047
3.619629
-0.995117
-0.559082
0.316895
-3.375488
0.436523
-0.827637
-1.007324
-2.537598
4.003906
3.190918
-2.287109
2.852539
2.334473
0.087891
-1.275391
2.574219
4.370117
-0.089355
-1.703125
0.127441
-2.641113
-0.773438
0.351074
-1.136719
-1.496582
-3.750977
-1.858887
2.244629
0.254395
-0.793457
-2.780273
1.212402
0.722168
-1.970215
-1.559082
7.765625
-0.898926
-1.654785
0.375488
-0.858398
-0.746582
0.125000
-0.590820
-0.413086
0.590820
1.770020
3.247559
0.845215
0.833984
-0.344727
-2.188965
0.678223
-0.772949
0.271973
1.534668
2.354980
1.849121
4.911133
2.212891
0.312500
2.184570
-2.228027
-1.727539
5.123047
0.676270
-0.918457
1.372559
-1.922852
1.276367
-5.171875
-2.488281
1.684082
1.426758
1.373047
-0.924805
-0.477051
-0.279785
4.422363
-1.108398
-0.145996
2.015625
0.199707
2.635742
0.014160
0.801270
2.160156
-0.987305
0.764160
2.278320
2.906738
-0.867676
2.292969
1.013672
1.705566
-0.779785
1.988770
6.010254
1.048828
0.921387
0.503418
1.278320
0.729004
1.526855
0.697266
3.234375
2.660645
-1.552734
3.139160
1.679688
0.139160
0.887207
-1.909668
-0.611816
4.233398
-3.721680
-0.630371
-0.060547
4.182617
3.305664
1.504883
-1.957520
2.565918
-1.291504
0.183594
0.666992
0.597656
-0.042480
1.223145
-0.510742
1.353027
-0.503418
-0.844238
2.200684
-1.659180
1.909180
-0.303711
-1.574219
-4.052734
-0.894043
2.395996
3.072754
1.290039
-0.367188
0.936035
2.375977
0.108398
3.413574
0.332031
1.760254
-2.058594
1.469238
-1.511719
-0.385742
3.196289
0.265625
-1.632813
-2.328613
-2.607910
0.826660
-0.505859
-2.223145
-0.720215
2.167969
1.082031
-0.107422
0.655762
2.539063
-1.916504
-0.395020
-1.224121
2.417480
0.547852
0.259766
2.416504
-0.390137
3.641113
2.571777
-1.074219
0.054688
-0.269531
2.393555
2.035645
-4.894043
0.048828
-0.656738
0.071777
4.957520
5.332520
-3.395996
-0.651855
2.349121
-3.019531
-1.959961
0.067383
4.374023
-1.061035
2.347168
1.395508
-1.735840
-2.796875
-0.368652
-0.742676
-0.812500
0.308105
-3.034180
1.035645
0.407227
0.740723
-3.251953
-2.598145
0.646484
3.495117
-0.912109
-1.643066
1.408203
0.416992
0.250977
3.244141
4.669922
-2.740723
1.116211
-0.058105
-3.206543
-1.856445
0.454102
-1.629883
1.158691
2.547363
-0.781250
0.313965
-0.958008
1.557617
3.848633
4.047852
3.155273
-2.456055
0.104004
0.672852
-1.141602
5.493164
0.125000
-1.629883
2.264160
-0.900391
0.535156
1.330566
-1.117188
-0.696289
0.952148
1.441406
-3.639648
2.203125
-0.812012
1.864746
-0.309082
-0.580078
-0.195801
0.602539
-0.658203
0.456055
-0.658691
-1.470215
-2.088379
-1.000977
0.121582
-0.769531
0.323730
2.416016
-2.310059
0.125000
-0.986816
-1.235840
1.636719
-0.043945
1.214355
-1.174805
-3.619141
-0.723145
1.665039
-2.079590
-0.065918
-2.169922
1.466309
1.805664
1.014648
2.961426
1.399902
-2.276367
0.996094
0.872559
-1.241699
-2.605957
0.829590
1.325195
-2.156250
-0.220703
0.595703
0.052734
-1.495117
-1.882324
-0.194336
2.307129
1.459961
4.029785
2.704102
-1.322754
1.519531
-1.749512
-1.240234
-1.193359
1.856934
-1.113770
2.273438
0.903809
-2.594238
-2.416992
-0.595703
-1.115234
-3.120605
-0.004883
-0.495605
-3.430176
3.774414
-0.395996
-3.881348
-1.382813
0.511719
0.659180
-0.588379
-0.573242
-2.204102
-1.352051
-0.772461
3.081543
5.608398
