0.458984
0.424805
1.730469
0.657715
0.803711
0.381348
0.000000
0.453125
1.055664
0.168457
0.187500
1.788574
0.495605
0.177734
0.021973
0.132813
0.000000
1.685059
0.330078
0.418457
0.718262
0.230469
0.667480
0.211426
2.241699
0.523438
0.770508
0.333984
0.402832
2.257324
0.481445
0.853516
0.798340
0.056152
0.462891
0.695801
0.314941
0.342773
0.672852
1.841797
0.884277
0.079590
0.375000
0.038574
0.193848
0.981934
0.843262
0.095703
0.341797
1.313965
1.244141
0.578125
0.187012
0.037109
0.146973
0.410645
0.397461
0.037598
1.512695
0.141113
1.787109
0.790527
0.165527
0.070801
0.349121
0.937012
1.102539
0.195801
0.642578
0.185547
0.037109
0.699707
0.052734
0.724121
0.754883
0.403320
0.328613
0.430176
0.312988
0.776367
3.135742
0.047363
0.160645
0.603027
0.191895
0.026367
0.300781
0.690918
0.025879
1.557129
0.629395
1.566406
0.155273
0.891113
0.915527
2.447266
1.495117
0.000000
0.000000
0.083496
0.550781
1.182129
0.000000
1.341797
1.119629
0.666992
1.098145
0.658203
0.744141
0.118652
0.036133
0.440918
0.290039
0.034668
1.341309
0.920898
0.780273
0.437500
0.113281
0.057129
0.563477
0.548340
0.106445
0.948730
0.197266
1.504883
0.361328
1.990723
1.527344
1.835449
0.723633
0.300781
0.672852
0.159668
2.206543
1.035645
0.219238
0.132813
0.270996
0.110352
0.353516
0.117188
0.410645
0.219727
1.415527
0.094727
0.731934
0.522461
1.108398
1.035645
2.914063
0.494141
2.589844
0.346191
0.704590
0.197266
0.344727
0.502930
1.090332
2.563965
0.875488
0.144043
0.841797
0.861816
0.005859
1.131348
0.810547
1.818848
0.464844
0.007324
0.568359
0.000000
1.195313
0.583008
0.519043
0.584961
0.381836
0.073242
0.716797
0.799316
1.273438
0.006836
0.266113
0.075195
0.526855
0.195313
0.006836
0.949219
0.539551
0.172852
0.715820
0.384277
1.110352
0.107422
1.413574
0.611816
0.106445
1.442871
0.223145
2.097656
0.562012
2.084961
2.945313
1.069824
0.146973
1.154785
0.517578
0.260254
0.000000
0.106934
0.077637
0.380859
1.169434
0.077637
1.492188
1.802246
0.570313
0.572754
0.230469
0.145508
0.395020
0.596680
0.797852
0.049805
0.116699
0.011230
1.390625
1.966797
0.684570
0.066895
0.629883
0.128418
0.692383
0.591797
1.151367
0.218750
0.216797
0.325195
0.395020
1.060059
2.993652
0.009766
0.523438
0.334473
0.783203
0.880371
0.097656
0.821289
1.703125
0.841309
0.072266
0.757813
0.907227
1.623535
1.344727
0.056641
0.704102
0.745605
1.604980
0.912598
0.532227
1.437500
0.604492
0.102539
0.620117
0.755859
0.108887
0.882813
1.332031
0.599609
0.450195
0.232422
1.130371
0.877441
0.250000
0.159668
0.114258
0.052246
0.520020
0.294922
0.124023
0.048828
1.753418
0.083008
0.043457
0.574707
0.112305
0.344238
0.583496
0.000000
0.905273
0.598633
0.521973
0.162598
0.216309
0.894043
0.683594
1.757813
0.384766
0.369629
0.400879
1.548828
0.885742
0.078613
0.157715
0.136719
0.461914
0.187500
0.377930
1.291504
0.664063
0.079102
1.525391
0.035156
1.312988
0.127930
0.767578
0.255371
2.766602
0.112305
0.357910
1.592773
1.862793
0.443848
0.097656
0.902344
0.425293
0.028320
1.764648
0.024902
0.097656
0.185059
0.980957
0.092773
0.152832
0.369629
0.353516
2.045410
0.192383
0.095703
0.191895
0.220703
0.143066
0.202148
1.084961
1.543945
1.047363
1.811523
0.000000
1.318848
1.192383
0.174316
0.039551
0.451172
0.473145
0.594727
0.137695
0.184570
0.212891
0.826660
0.469238
1.114258
0.180176
2.315918
0.251465
0.058105
0.083496
0.049316
0.886719
1.721191
1.679688
0.130371
1.852051
0.224609
0.534180
0.023438
1.239746
0.851074
0.145996
0.410645
1.197266
1.537109
0.116211
0.336426
1.144531
0.074219
0.002930
0.771973
0.728027
0.465820
1.894531
0.346680
1.177246
2.028320
0.121582
0.519043
2.951660
0.007813
0.025879
1.341797
0.221680
0.827637
0.024902
1.274414
2.011719
1.094727
0.368164
0.708008
1.009277
0.005371
0.103027
0.337891
0.243652
0.306641
0.978027
0.438965
0.035645
1.765625
0.206055
0.799316
1.507813
1.314941
0.455566
0.000000
1.151367
0.260742
0.220703
1.125488
0.208496
0.474121
1.084473
1.442871
0.474609
0.005859
1.030762
1.448730
0.378906
0.906250
0.355469
0.681152
0.125000
0.119141
0.286133
0.406738
0.528320
0.049805
0.428711
0.814453
0.734375
0.666992
0.719238
0.463867
0.747559
0.096191
0.000000
0.520996
0.025391
0.315918
0.658691
0.665039
0.094727
0.000000
0.540527
0.126953
0.142090
0.543945
0.446777
0.697266
0.290039
0.004883
0.706055
0.127441
0.293945
1.155762
0.180176
0.445313
1.230957
0.054199
0.183594
0.562012
0.733887
0.228027
0.040527
1.324707
0.834961
0.248047
0.716797
0.009766
0.255859
0.066895
0.768066
1.293945
1.358887
1.901367
1.137207
0.008789
0.295898
2.501465
0.435059
0.064453
0.351563
2.130859
0.043457
1.759766
0.856934
1.144043
2.158691
0.117676
0.042480
0.406250
0.339844
0.729492
0.191895
0.143066
0.099121
0.885254
1.365234
0.206543
0.510742
1.097168
0.331543
0.049805
0.014160
1.314941
2.672852
0.823242
0.391602
0.112305
0.261230
0.185059
0.990234
0.059570
0.559570
1.083984
0.010254
0.800293
1.713867
0.676270
0.292969
0.036621
0.299316
0.250000
0.066895
0.011230
0.046387
0.484863
0.089844
0.279785
1.579590
0.018555
0.229492
0.250977
0.218262
0.944336
0.681152
0.454590
1.215820
0.030273
0.241699
0.304199
2.298828
1.054688
0.618164
0.291504
0.962891
0.420898
0.522461
0.481934
0.215820
0.672363
1.107422
0.654785
2.130371
0.000000
1.148926
2.167480
0.973633
0.048828
0.134277
0.557129
0.093750
0.275391
2.073730
0.378418
0.728516
0.256348
1.120605
0.476563
0.724609
1.075195
0.912109
0.081055
0.616699
0.154785
1.699707
1.854492
1.239258
0.701172
0.600098
0.766602
0.135254
1.326660
0.037109
0.695801
0.391602
0.612305
1.939941
0.258789
0.366699
0.830566
1.103027
0.829590
1.319824
0.111816
0.548828
0.603027
0.195801
1.636719
0.094238
0.173828
0.766113
0.049316
0.624023
0.470703
0.604980
0.164063
0.474609
0.382813
0.148438
0.721680
0.095215
1.893555
0.802734
0.925293
2.067871
0.031250
1.001953
1.103027
3.462891
0.621582
0.328613
1.341309
0.273926
0.032715
0.368652
0.199707
0.464844
0.284668
1.735840
1.117676
1.136719
1.092773
0.575684
0.077148
0.024414
0.182617
2.275879
0.781250
1.253418
1.103516
0.270996
0.828125
0.750488
1.235352
0.910156
1.366699
0.452148
0.237305
0.506836
0.820313
0.030273
0.577148
0.332031
0.768066
0.897949
0.731445
0.695801
1.088379
0.223633
0.172852
0.110352
0.468750
0.000000
0.816895
0.040039
1.314941
0.436035
0.458008
0.580078
0.281250
0.081543
0.176270
0.579590
0.272949
0.205566
1.936523
0.126953
0.134766
0.166504
0.006836
0.432129
0.270508
0.329590
0.264160
0.219238
1.390137
1.508789
1.015137
0.322266
0.029297
0.417480
0.020020
0.794922
1.576172
0.804688
0.106934
0.988770
0.000000
2.199219
0.840332
2.520020
1.165039
0.189941
0.310059
0.303223
0.119141
0.908203
1.712402
0.044922
0.074219
0.839844
0.159180
0.082031
0.922363
0.138184
0.018555
0.425781
0.305664
0.498047
0.422852
0.705566
0.027832
0.875000
1.426270
1.172363
0.066406
1.095703
0.175781
0.153320
0.278809
0.739258
0.036621
0.284180
1.651855
1.354004
2.042480
0.865723
0.222656
0.306641
0.234863
0.025879
0.013184
0.356934
0.219727
0.908691
0.068848
0.036621
1.017090
0.284668
0.465332
1.201660
0.277832
0.859863
0.950684
0.031250
1.073242
0.514160
0.261230
1.233887
1.289063
0.699707
0.510742
0.423340
0.624512
0.533203
0.546875
0.214844
0.155762
0.643555
0.000000
1.415039
0.736328
1.012695
0.234375
0.322754
0.991211
0.052246
0.187988
0.808594
0.032715
1.451172
0.162598
0.591309
1.016602
0.923340
0.040039
0.586914
0.337891
0.132813
0.551270
0.470703
0.169434
1.175293
0.096680
0.742188
0.094238
0.551758
0.614746
0.563965
0.945313
1.000977
0.242188
0.826172
0.431152
1.310059
1.042480
0.425293
1.533691
0.000000
0.586914
1.022949
0.005859
0.348145
0.507324
1.813965
0.650879
0.201172
0.693848
1.606445
0.190918
0.240234
0.017090
2.293945
0.114258
0.573242
0.565918
0.127930
0.167480
1.164551
1.249023
0.913574
0.313477
1.025391
0.419922
0.458008
0.469727
3.235352
2.094727
0.775391
0.342285
0.982422
0.916016
0.005371
0.323242
1.183594
0.483398
0.522461
0.019531
0.666992
0.083496
1.047852
1.465820
1.639648
0.245605
0.450684
0.040039
1.325684
0.912109
0.129883
1.366211
0.862305
0.542969
0.667969
0.129395
0.389160
0.293945
0.062500
0.023438
0.107910
0.536621
0.288574
1.977539
0.099609
1.117676
0.444336
1.290039
3.931641
1.720215
0.303711
0.457520
0.107422
0.452148
0.041992
0.063965
0.000977
0.640137
0.534668
1.421387
0.033691
0.380371
1.094238
0.851074
0.108887
0.303223
0.013672
0.687012
0.598633
0.381348
0.423828
0.843750
0.061035
0.713867
0.315918
0.184570
0.582520
0.132324
0.098633
0.661621
0.250000
0.018555
1.683594
0.038574
1.234375
0.265137
0.929199
0.809570
2.271484
0.110352
0.467773
0.019531
0.017578
0.751465
0.707031
0.000000
0.847656
0.528320
0.832031
1.506836
0.846680
1.415527
0.318359
0.234863
0.276367
1.079102
0.000000
0.486816
2.002441
1.282227
0.696289
0.004395
0.346191
0.248535
0.141113
0.129395
0.391602
0.499023
0.734863
0.117188
0.409668
0.096680
0.263672
0.521484
0.334961
0.241699
0.725586
0.017090
0.151855
1.528320
0.065918
1.479980
1.828613
0.484863
1.263672
0.477539
0.235352
0.061035
0.817871
0.910645
0.342285
0.077637
0.232910
0.748047
0.466309
0.898438
1.179688
0.099609
0.678711
0.217285
0.636719
0.381348
1.032227
0.171875
1.003418
0.129883
0.212402
0.250000
1.602051
1.335938
0.513184
0.042969
0.311035
0.172363
0.961914
0.251465
0.420410
0.020508
0.600586
0.886230
0.657227
0.104980
0.049316
0.364258
1.792480
1.641113
