0
-14
-4
0
0
-139
-533
0
0
-1
-43
-50
-68
-224
0
0
-73
-464
-195
-4
-2
0
0
-126
-461
-133
-8
-22
-1
-29
-27
-116
-64
-104
-175
-1
-15
-58
-543
-470
-134
-58
0
0
-15
-351
-250
-15
0
-75
-380
-537
-503
-452
-378
-45
-327
-608
-598
-415
-522
-694
-285
-401
-658
-609
-315
-500
-685
-393
-529
-678
-584
-345
-520
-711
-433
-554
-694
-561
-368
-341
-599
-369
-551
-767
-618
-491
-377
-557
-337
-572
-686
-581
-649
-600
-596
-223
0
0
0
0
0
0
299
0
0
0
0
0
0
45
0
0
66
347
72
0
0
0
0
47
332
44
0
0
0
0
0
0
0
0
0
0
0
16
47
19
0
0
0
50
139
127
13
28
25
23
143
28
30
136
514
1573
15
180
28
30
0
101
546
617
558
15
12
0
1
356
509
398
0
0
0
0
334
290
233
1
0
0
0
449
176
96
0
0
0
0
444
0
0
0
0
0
0
41
688
0
0
0
0
8
878
223
0
0
0
0
0
261
35
0
0
157
77
0
0
43
0
0
88
18
0
0
95
0
0
0
0
0
0
0
0
0
0
73
27
3
208
91
61
30
47
6
381
0
-13
-209
-222
-228
-109
-9
-111
-86
-456
-980
-728
-148
0
-81
-78
-861
-1360
-1257
-524
-74
-5
-68
-528
-737
-1306
-818
-109
0
-115
-320
-635
-1063
-646
-112
-71
-206
-412
-997
-1077
-432
-189
-310
-374
-367
-958
-956
-277
-276
-368
-481
-746
-721
-552
-458
-591
-529
-650
-915
-892
-1078
-671
-396
-608
-658
-466
-433
-579
-582
-613
-624
-705
-549
-533
-428
-556
-919
-696
-858
-667
-731
-710
-628
-736
-693
-734
-475
-546
-658
-516
-595
-663
-879
-588
-813
-750
-577
-828
0
0
95
26
17
14
0
0
0
122
42
225
211
0
0
0
486
1024
422
61
0
0
0
272
472
165
0
0
0
0
0
5
0
0
0
0
0
0
0
0
0
0
0
0
0
0
0
0
0
279
64
0
0
0
0
0
55
0
0
0
0
6
0
0
0
0
0
21
41
8
0
0
0
0
15
42
12
0
0
0
0
0
0
3
0
0
0
0
0
0
2
15
0
0
0
0
0
0
517
204
484
460
326
351
296
-712
-1247
-1559
-1913
-1313
-1404
-1250
-564
-843
-791
-669
-1131
-986
-768
-288
-443
-356
-415
-503
-378
-413
-105
-37
-45
-191
-138
0
-33
89
-91
-84
-289
-166
-14
-52
-325
-210
0
-67
-83
0
23
-121
-37
-62
-45
-61
-39
-2
-20
0
-17
-406
-327
-41
0
0
0
-70
-582
-164
0
0
0
0
-60
-335
-100
0
0
0
0
-25
-137
-37
0
0
-38
-69
-63
-66
-39
-86
-118
-312
-550
-284
-46
-20
-256
-95
-88
-43
-181
-108
0
0
0
-17
0
-296
-670
-278
-13
0
-37
-2
-364
-1673
-658
0
0
-47
-1
-106
-648
-193
0
0
0
0
-5
-3
0
0
-5
0
0
0
0
0
0
0
0
0
0
0
0
-38
-93
-356
-533
-495
-381
-397
-537
-773
-254
-527
-442
-336
-336
-561
-523
-601
-608
-365
-386
-236
-549
-585
-623
-643
-568
-421
-457
-592
-525
-469
-544
-623
-711
-673
-537
-449
-443
-509
-542
-480
-428
-473
-463
-477
-532
-458
-448
-362
-347
-538
20
0
0
0
0
0
163
0
0
0
0
0
0
114
0
0
0
0
0
0
218
56
27
0
0
0
0
50
149
97
10
0
0
0
85
106
163
65
68
33
0
184
298
96
58
55
25
41
180
-488
-671
-695
-738
-684
-481
-257
-814
-797
-605
-587
-569
-679
-546
-650
-742
-548
-498
-562
-742
-511
-515
-724
-702
-732
-967
-922
-633
-561
-697
-745
-704
-830
-858
-628
-549
-747
-634
-508
-515
-767
-598
-398
-821
-685
-668
-765
-797
-689
0
0
0
0
0
0
0
0
0
0
0
0
0
0
0
0
0
0
0
0
0
0
0
0
0
0
0
0
0
0
0
0
0
0
0
0
0
0
0
0
0
0
0
0
0
0
0
0
0
123
41
0
0
0
169
531
76
0
0
92
31
21
57
5
0
0
51
13
0
71
7
0
0
0
0
0
180
35
0
0
0
0
0
5
9
0
0
0
11
0
0
63
456
234
0
7
161
607
-760
-957
-1253
-1247
-1126
-926
-905
-780
-1055
-1300
-1240
-1389
-1288
-1021
-893
-1020
-806
-1049
-814
-965
-1163
-1048
-1173
-709
-668
-594
-963
-1346
-1002
-1190
-722
-334
-350
-759
-1119
-850
-1026
-665
-116
-240
-656
-863
-581
-677
-559
-406
-394
-559
-952
143
0
107
120
66
175
509
0
0
23
28
0
0
34
0
0
0
0
0
0
0
0
0
0
0
0
0
0
6
48
0
0
0
0
20
32
85
0
0
0
0
20
0
0
0
0
0
0
45
140
3
42
59
21
21
16
47
0
82
24
73
47
0
59
0
19
1
26
30
56
0
0
0
1
8
5
0
0
0
0
0
9
6
0
0
0
0
0
0
0
0
1
0
0
0
0
4
2
474
193
46
0
77
301
746
513
136
13
0
0
87
373
305
187
18
0
0
39
286
172
165
16
0
0
46
254
194
401
189
0
0
6
133
533
589
205
0
24
82
293
824
486
225
0
52
173
225
35
0
0
0
0
163
1008
0
0
0
0
0
25
328
0
0
30
151
93
0
0
0
0
19
117
71
0
0
0
0
0
0
0
0
0
0
0
0
0
0
0
0
0
0
19
197
66
0
0
0
0
0
0
0
0
0
0
0
0
0
0
0
0
0
0
0
0
0
0
0
0
0
0
0
0
0
0
0
0
0
0
0
0
0
0
0
0
0
0
0
0
0
0
0
0
0
0
0
260
340
108
53
240
572
758
267
221
24
0
0
299
824
269
278
0
0
0
140
905
589
491
15
0
0
66
587
622
749
71
0
0
125
567
1087
840
175
0
0
267
927
998
915
741
218
105
492
265
-376
-34
-111
-55
-9
-5
-66
-144
-1
-476
-591
-714
-217
0
-8
-9
-527
-1568
-931
-121
0
0
0
-621
-1609
-643
-89
0
0
0
-432
-997
-502
-149
0
0
0
-108
-414
-436
-138
0
0
0
-65
-100
-104
-20
-232
-154
-265
-415
-366
-335
-125
-419
144
135
-72
-476
-444
-241
105
-10
19
141
302
418
192
187
-98
-109
-144
-33
61
96
-34
-51
-119
-91
171
88
-185
-79
34
63
50
234
128
-66
39
-139
-74
87
-155
-120
-54
-38
-683
-720
-736
-784
-733
-785
-775
-669
-797
-1106
-1317
-1207
-899
-723
-754
-811
-960
-1359
-1138
-957
-685
-738
-849
-923
-987
-1005
-912
-762
-596
-867
-887
-964
-996
-871
-534
-653
-825
-886
-1085
-1069
-844
-608
-754
-676
-765
-939
-919
-762
-772
-264
0
0
0
0
0
-148
-93
0
0
-70
-17
0
-27
-151
-87
0
-144
-70
-35
-10
-83
-3
-79
-58
-570
-258
-65
0
0
-291
-411
-967
-448
0
0
0
-346
-1169
-1797
-484
-112
-217
-206
-188
-475
-888
-215
-1325
0
0
-129
-95
-91
-74
0
0
0
-374
-467
-440
-195
0
0
0
-322
-640
-631
-177
0
0
0
-268
-726
-473
-48
0
-9
0
-63
-243
-82
0
0
-15
-16
-40
-197
-116
0
0
-43
-49
-81
-289
-133
-2
0
0
0
0
0
0
0
-257
0
0
0
0
0
0
-61
0
0
-47
-174
-62
0
0
-22
0
-215
-283
-22
0
0
-85
0
-212
-466
-113
-28
0
-35
0
-80
-471
-452
-113
-10
-242
-218
-82
-571
-663
-90
-319
-39
-238
-104
0
-7
-214
-371
-51
-356
-204
-58
-29
-116
-180
-140
-228
-69
-201
-62
-100
-69
-56
-70
-114
-261
-102
-40
-34
0
-2
-16
0
0
-28
-20
0
0
0
0
-7
-13
-9
-43
-7
-10
-279
-485
-151
0
0
-33
0
0
0
-41
-324
-17
-109
-25
-17
-45
-29
-40
-225
-242
-19
-6
-6
-215
-327
-460
-386
-31
-9
-7
-135
-210
-432
-393
-41
0
0
-16
-33
-264
-206
-134
-347
-121
-84
-224
-4
-149
-354
-377
-52
-208
-701
0
-34
-32
-45
-114
-30
0
0
-11
-18
-66
-56
-27
-23
0
-101
-98
-38
-130
-113
-45
-59
-163
-149
-105
-207
-183
-87
-45
-45
-49
-69
-160
-258
-133
0
0
0
0
-5
-39
-26
-88
-136
-36
0
0
-208
-210
0
0
0
0
0
0
0
0
0
0
14
9
0
0
95
65
0
12
25
14
0
74
28
0
0
77
52
0
0
0
0
0
20
12
0
0
0
0
0
0
0
0
32
26
0
0
0
0
0
0
0
-562
-613
-260
-74
0
0
-118
-1270
-1977
-1631
-636
0
-16
-279
-1302
-2088
-1863
-707
-9
-10
-248
-995
-1429
-1296
-550
-18
0
-101
-768
-1256
-1343
-673
-57
-45
-141
-698
-1332
-1481
-805
-79
-105
-167
-489
-1008
-1209
-566
-9
123
0
0
0
0
0
76
0
0
0
0
15
10
0
0
0
0
0
0
0
0
0
0
62
185
33
0
0
0
0
14
142
30
0
0
0
0
0
0
0
0
0
0
0
0
0
0
0
56
0
-5
0
0
0
-200
-150
-4
-13
-164
-220
-118
-158
-66
-3
-7
-532
-1226
-747
-82
-3
0
0
-126
-540
-276
-2
-3
0
0
0
0
0
0
-4
0
0
0
0
0
0
0
-16
-16
0
0
0
0
0
0
0
0
0
0
0
0
0
0
0
0
0
0
0
0
0
0
0
0
0
0
0
0
0
0
0
0
0
0
0
0
0
0
0
0
0
0
0
0
0
0
0
0
0
0
0
0
0
0
-643
-717
-481
-363
-576
-826
-922
-643
-777
-445
-474
-194
-678
-898
-584
-566
-554
-895
-506
-529
-626
-628
-517
-540
-810
-710
-687
-640
-648
-433
-651
-963
-935
-732
-487
-651
-568
-701
-889
-909
-583
-454
-525
-408
-431
-368
-346
-389
-402
267
127
15
0
0
129
888
67
148
14
0
0
26
177
0
13
223
1156
369
0
0
0
0
46
400
184
0
0
30
66
0
0
0
0
36
55
29
0
0
0
0
28
0
0
0
0
0
0
21
0
0
-96
-34
0
0
0
-2
0
-481
-746
-507
-98
0
0
0
-401
-597
-471
-51
0
0
0
-143
-86
-27
-10
0
0
0
-16
-28
-59
-13
0
0
0
-22
-288
-339
-32
0
0
0
-56
-338
-240
-2
0
-45
-65
-70
-77
-177
-141
-24
-96
-72
66
-13
-11
-28
-79
-52
-51
1
138
107
-4
-118
-76
-31
-7
-54
-46
-3
-4
-33
17
-2
34
32
20
-54
-60
9
-68
-98
-82
-101
-56
290
315
296
296
243
406
535
0
0
0
0
0
0
0
0
0
0
0
0
0
0
0
0
0
0
0
0
0
0
0
0
0
0
0
0
0
0
0
0
0
0
0
0
0
0
0
0
0
0
0
0
0
0
0
0
0
-66
0
0
0
-12
-36
-289
0
0
0
0
0
0
-85
0
0
0
0
0
0
-17
0
0
0
0
-12
0
0
-10
0
0
0
-11
0
0
-9
0
0
-3
-2
0
0
0
-22
-17
-3
-2
-14
0
512
249
31
0
77
712
2130
201
315
6
0
0
222
1095
850
667
4
20
22
66
716
839
481
42
98
39
48
653
492
356
42
18
0
0
408
173
118
9
0
0
30
615
2
4
5
0
12
535
1734
87
0
746
540
78
64
0
0
0
2331
1592
1989
800
0
0
0
616
342
1543
625
26
0
1
0
0
0
0
57
15
0
0
0
0
0
0
0
0
0
0
0
12
23
7
45
209
116
0
27
117
-211
-195
-49
0
-107
-427
-672
-108
-43
-8
0
-29
-134
-255
-302
-205
-5
0
-24
-89
-245
-536
-304
-3
0
-5
-10
-188
-533
-194
0
0
0
-20
-327
-624
-299
-7
-19
-11
-14
-216
-826
-462
-84
-97
-4
0
-27
455
199
98
116
135
251
724
337
210
165
99
284
181
304
134
114
0
0
32
22
212
14
7
0
0
0
0
172
47
12
0
0
0
8
233
0
0
0
0
0
0
43
0
0
0
0
0
0
21
0
0
0
0
0
0
0
0
0
0
0
0
0
0
0
0
0
0
0
0
0
0
0
0
0
0
0
0
0
0
0
0
0
0
0
0
0
0
0
0
0
0
0
0
0
0
0
0
0
0
0
0
0
0
0
0
0
0
0
0
0
0
0
0
0
0
0
0
0
0
0
0
0
0
0
0
0
0
0
0
0
0
0
0
0
0
0
0
0
0
0
0
0
0
0
0
0
0
1128
438
60
0
66
343
1126
885
406
12
0
0
21
223
789
514
32
0
0
9
62
48
5
0
0
0
0
0
55
0
0
0
0
0
20
0
0
0
0
0
0
53
0
0
0
0
0
8
117
565
241
1
222
343
666
1419
405
194
0
3
6
43
450
298
114
0
0
0
0
357
148
103
0
0
0
0
261
352
232
27
0
0
0
438
244
134
23
0
0
0
240
0
0
0
0
0
0
183
249
11
0
0
0
0
122
130
0
0
66
25
0
2
10
0
89
578
239
0
0
0
0
27
203
73
0
0
0
0
0
0
0
0
0
0
0
0
0
0
0
0
42
0
0
0
0
0
56
48
0
0
0
0
38
415
79
0
60
208
59
0
22
90
59
46
281
255
20
0
0
0
0
57
206
45
0
0
0
20
28
174
59
0
0
0
0
42
52
17
0
0
0
0
0
0
0
0
-99
0
0
0
0
0
-94
-27
0
0
0
0
0
0
-11
0
-88
-242
-260
-58
0
0
0
-308
-749
-729
-250
0
0
0
-265
-977
-1094
-415
0
0
0
-178
-1140
-1159
-220
0
-37
-44
-228
-669
-590
-102
0
-497
-286
-204
-303
-154
-34
-48
-420
-181
-403
-305
-282
-132
-70
-65
0
-47
-21
-115
-64
-132
-1
-11
0
0
0
0
-424
-85
-141
-11
0
0
0
-509
-175
-105
-15
0
0
0
-98
-121
-196
-12
0
0
0
-174
-125
-60
-6
-53
-117
-73
-73
-556
-203
0
-12
-4
0
-12
-510
-227
0
0
0
0
0
-5
-41
0
-12
-22
-12
-3
0
-46
-27
-62
-25
-7
-1
0
-14
-3
0
0
0
0
-5
-217
-122
0
-18
-358
-352
258
32
0
0
0
0
128
43
11
0
0
0
0
23
0
0
0
0
0
0
1
10
4
0
0
0
0
69
73
34
0
0
0
0
148
10
6
0
0
0
0
66
74
6
0
0
0
0
0
-250
-44
-137
-251
-126
-181
-214
-132
0
-58
-57
-78
-29
-10
-51
-102
0
0
-8
-4
-107
-265
-288
0
0
-132
-127
-176
-410
-332
-6
0
-56
-61
-440
-241
-187
-5
0
0
0
-220
-17
0
-27
0
0
-29
0
-391
-572
-525
-528
-535
-449
-490
-506
-694
-358
-210
-229
-551
-741
-648
-658
-414
-96
-127
-551
-700
-505
-583
-573
-391
-210
-514
-524
-611
-593
-490
-327
-273
-631
-739
-647
-703
-699
-441
-437
-754
-828
-642
-717
-846
-826
-887
-840
-706
0
0
0
0
0
0
0
0
0
2
1
0
0
0
0
0
65
275
104
0
0
0
0
27
213
84
0
0
0
0
0
0
0
0
0
0
9
52
41
17
0
0
87
12
166
276
67
0
0
0
0
0
0
0
0
0
0
0
0
0
0
0
0
0
0
0
0
0
0
0
0
0
0
0
0
0
0
0
0
0
0
0
0
0
0
0
0
0
0
0
0
0
0
0
0
0
0
0
-318
-367
-208
-461
-532
-777
-1253
-472
-462
-292
-296
-113
-396
-924
-308
-328
-312
-770
-434
-226
-579
-144
-480
-145
-333
-284
-184
-609
-244
-618
-129
0
-83
-171
-438
-340
-540
-120
0
-7
-154
-354
-222
-146
-109
-12
-3
-339
-849
-584
-633
-482
-290
-299
-542
-311
-507
-662
-706
-741
-555
-597
-536
-429
-561
-835
-1359
-837
-591
-529
-366
-524
-807
-1117
-771
-621
-498
-317
-535
-758
-920
-817
-633
-384
-466
-571
-693
-562
-608
-628
-454
-678
-765
-726
-539
-555
-747
-1038
-455
-512
-504
-659
-670
-596
-261
-650
-635
-496
-642
-483
-690
-627
-928
-871
-610
-715
-713
-836
-732
-740
-756
-736
-919
-757
-791
-424
-553
-673
-702
-815
-678
-680
-277
-499
-704
-679
-680
-751
-767
-644
-748
-849
-973
-984
-951
-783
-737
-485
-685
-755
-719
-621
-561
-414
-663
-721
-819
-825
-920
-753
-458
-730
-764
-594
-492
-693
-754
-499
-640
-763
-747
-527
-841
-854
-590
-633
-745
-786
-777
-950
-917
-644
-716
-808
-813
-850
-930
-950
-710
-764
-600
-687
-1033
-1040
-816
-618
-129
-89
-65
-13
-56
-59
-35
-210
-122
-22
0
0
-177
-363
-263
-303
-209
-15
-141
-280
-420
-380
-422
-392
-437
-346
-220
-215
-319
-394
-276
-97
-84
-239
-105
-449
-444
-270
-10
-60
-425
-369
-260
-193
-214
-296
-494
-590
-389
0
0
0
0
0
0
0
0
0
0
-4
-3
1
1
0
0
75
224
128
-7
-6
0
0
-285
-875
-457
3
0
0
-5
-270
-452
-176
51
19
0
43
-336
-762
-599
-266
-39
27
-191
-584
-735
-696
-492
-220
-699
-806
-748
-828
-841
-726
-383
-835
-886
-813
-732
-748
-780
-549
-765
-885
-821
-980
-830
-945
-985
-887
-1088
-917
-946
-718
-930
-1151
-950
-1114
-801
-656
-579
-824
-1039
-1020
-997
-695
-409
-532
-873
-937
-803
-661
-585
-409
-522
-884
-825
355
227
214
84
95
63
347
367
245
107
35
100
90
207
405
235
36
118
30
8
275
214
73
115
329
187
0
197
229
92
183
470
462
156
157
154
104
314
1176
1511
448
137
213
50
201
833
1116
364
614
362
170
21
0
0
62
171
127
34
0
0
0
0
48
0
0
0
0
0
0
58
0
0
85
53
0
0
10
11
0
57
40
0
0
0
6
0
78
293
268
44
0
279
114
182
415
423
68
76
0
0
0
0
0
0
0
0
0
0
0
0
0
0
0
0
0
0
0
0
0
0
0
0
0
0
0
0
0
0
0
0
0
0
0
0
0
0
0
0
0
0
0
0
0
0
0
0
0
219
42
12
0
0
84
75
413
30
0
78
32
0
0
359
201
0
45
183
31
26
419
268
0
0
638
462
291
161
105
70
179
520
359
240
40
15
109
398
175
61
76
0
102
160
163
50
51
96
-1135
-545
-44
-17
-112
-432
-1327
-775
-307
-10
-6
-31
-97
-653
-420
-188
-190
-309
-145
-32
-484
-449
-174
-247
-390
-177
-103
-597
-450
-211
-284
-605
-476
-184
-600
-155
-31
-127
-645
-691
-93
-133
-59
-19
-44
-374
-343
-99
-615
779
688
180
82
245
524
1327
602
554
44
0
24
219
864
509
411
9
55
30
163
910
788
712
48
23
8
184
1278
766
915
149
0
0
140
1160
533
564
100
0
0
136
904
224
43
6
0
0
167
880
41
0
0
0
7
3
1
0
0
0
0
0
0
62
0
0
0
0
0
0
54
0
45
0
0
0
0
0
0
156
18
0
0
0
3
0
171
22
0
0
0
72
96
270
173
19
48
362
263
0
0
0
0
0
10
195
23
0
4
4
55
10
11
7
0
17
84
252
50
0
0
0
0
0
305
174
0
0
0
0
0
167
76
0
0
0
0
0
0
0
0
0
81
21
0
0
0
0
-326
-369
-494
-574
-495
-405
-604
-264
-336
-783
-1023
-951
-641
-577
-30
-124
-594
-1128
-1061
-525
-150
-60
-225
-609
-972
-1043
-605
-169
-133
-297
-634
-798
-790
-594
-438
-276
-364
-424
-536
-442
-568
-625
-699
-1029
-565
-482
-544
-716
-906
740
540
1
0
0
555
963
230
88
11
0
0
74
154
3
0
0
0
0
12
96
0
19
11
13
0
92
397
92
487
71
11
0
8
285
188
131
58
0
0
0
39
3
92
34
0
0
0
54
297
0
98
50
0
0
617
0
0
146
66
270
129
87
0
0
0
0
55
15
0
0
0
0
0
0
0
0
28
0
0
0
0
0
0
0
0
0
0
0
0
0
0
66
25
0
0
0
138
0
-26
-7
0
0
-66
-46
-45
-7
-5
-29
-2
-59
-46
-41
0
-13
-35
-2
0
0
0
0
-12
-6
0
0
0
0
0
-49
-38
-66
-24
0
0
0
-18
-16
-237
-128
0
-23
-14
-151
-215
-172
-61
0
792
119
23
0
0
0
11
227
3
0
0
0
0
0
4
0
44
425
89
0
0
0
0
4
89
16
0
0
0
0
0
14
7
0
0
0
0
0
0
0
0
0
0
0
0
0
0
0
79
0
0
0
0
0
0
0
0
0
91
49
20
11
7
0
205
704
1312
1122
233
0
0
134
117
-452
131
385
113
0
70
-70
496
464
185
289
0
36
208
193
-110
-213
-8
297
903
301
-475
-540
-276
-255
0
-1
0
226
149
-3
0
0
58
20
-244
-178
50
66
573
427
109
251
48
174
495
11
58
344
567
304
10
-194
199
189
-71
63
339
124
96
60
38
179
-72
-24
306
675
319
291
363
222
282
387
-217
0
0
0
0
0
0
0
0
0
0
0
0
0
0
0
0
-8
-5
0
0
0
0
0
-6
-4
-4
0
0
0
0
0
0
-4
0
-11
0
0
0
-21
-27
0
-5
-233
-487
-232
-65
-56
-78
-64
-16
-35
-580
-515
-189
-174
-70
-8
-6
-1068
-1327
-1327
-538
-1
-112
-42
-402
-512
-854
-400
-11
-59
-20
-236
-341
-445
-326
-50
0
-8
-271
-722
-827
-477
-66
-4
-19
-184
-970
-1226
-400
-25
-257
-201
-94
-578
-658
-134
0
303
0
14
79
60
31
234
31
16
9
65
498
181
135
92
52
0
0
21
11
76
9
0
0
0
0
0
0
22
0
0
0
0
0
0
0
34
0
4
2
0
0
0
28
26
142
123
32
48
0
0
0
0
0
0
0
0
0
0
0
0
0
0
0
0
0
0
0
0
0
0
0
0
0
0
0
0
0
0
0
0
0
0
0
0
0
0
0
0
0
0
0
0
0
0
0
0
0
644
565
185
204
418
592
924
609
601
211
39
62
341
515
565
418
59
0
0
345
507
434
378
62
0
0
261
466
604
667
131
0
0
193
635
622
577
200
41
6
231
865
600
226
172
51
6
144
443
464
269
255
117
38
29
284
111
136
474
219
561
215
30
0
0
140
875
431
51
0
0
0
23
432
79
0
45
17
0
0
0
0
0
142
10
0
0
0
0
0
27
41
0
0
0
0
86
807
-286
-98
-287
-213
-287
-457
-482
-385
-72
-529
-746
-956
-444
-76
-148
-16
-452
-1215
-793
-127
0
0
0
-21
-165
-231
-103
-4
0
-19
-18
-10
-159
-81
-3
0
-26
-32
-158
-139
-23
0
-70
-233
-78
-148
-63
0
0
558
202
0
0
0
208
740
104
111
0
0
0
38
244
37
136
67
35
0
0
294
104
105
228
239
0
0
354
100
199
107
142
13
0
426
58
127
5
64
105
8
781
331
277
13
10
133
203
1613
0
0
0
0
0
0
0
0
0
0
0
0
0
0
0
0
36
0
0
0
0
0
5
59
9
0
0
0
0
5
13
7
12
7
0
9
90
405
597
497
357
344
241
300
716
1048
976
558
192
-872
-714
-565
-522
-630
-697
-759
-778
-730
-607
-631
-531
-508
-536
-634
-619
-801
-921
-726
-463
-500
-585
-466
-793
-1033
-892
-599
-503
-551
-464
-653
-1028
-905
-517
-314
-545
-447
-594
-1060
-887
-443
-396
-528
-687
-587
-643
-654
-684
-866
89
0
0
0
0
0
0
0
0
0
0
0
0
0
0
0
0
0
0
0
0
0
0
0
0
0
0
5
15
16
0
0
0
0
0
45
12
0
0
0
55
55
335
654
211
56
89
271
433
0
0
0
0
0
0
0
0
0
0
0
0
0
0
0
0
0
0
0
0
0
0
0
0
0
0
0
0
0
0
0
0
0
0
0
0
0
0
0
0
0
0
0
0
0
0
0
0
0
100
0
0
0
0
51
939
0
0
0
0
0
0
389
0
0
13
335
104
0
14
0
0
11
331
127
0
0
0
0
0
0
0
0
0
0
10
0
0
0
0
46
0
7
0
0
0
0
386
189
27
201
142
171
49
116
132
0
106
85
156
66
0
17
0
0
155
64
0
3
118
0
0
280
121
0
0
294
20
0
49
9
0
140
167
1
0
63
70
2
180
0
0
0
140
164
0
85
527
453
49
0
0
98
599
297
327
10
0
50
145
336
161
254
0
0
0
0
285
98
148
0
0
0
0
192
16
134
12
0
0
1
436
17
57
7
0
0
12
523
377
147
0
40
7
5
102
-531
-551
-652
-653
-566
-447
-218
-494
-519
-917
-1285
-1190
-717
-414
-552
-611
-987
-1698
-1154
-652
-546
-267
-428
-951
-1435
-1115
-759
-444
-76
-220
-815
-1374
-1378
-797
-393
-121
-144
-611
-1364
-1516
-606
-215
-127
-31
-152
-611
-917
-270
0
0
-10
-9
-3
0
-1
-4
0
-5
-141
-345
-165
-12
0
0
-2
-289
-674
-332
-42
0
-2
-14
-281
-486
-146
-11
0
-2
-8
-125
-199
-37
-24
-4
0
0
-26
-47
-4
-18
-5
-32
-8
0
0
0
0
0
-66
-322
-151
0
-46
-53
-34
-58
-340
-137
0
0
-154
-224
-154
-297
-287
-7
-68
-321
-135
-145
-231
-481
-319
-241
-323
-56
-9
-103
-478
-535
-385
-434
-71
-122
-138
-263
-241
-435
-438
-108
-511
-286
-267
-204
-244
-129
-34
-51
-358
-507
-604
-589
-505
-315
-478
-703
-741
-1164
-851
-690
-559
-674
-790
-907
-1616
-1096
-773
-639
-633
-822
-691
-671
-646
-814
-837
-721
-880
-737
-495
-563
-783
-793
-583
-625
-712
-723
-744
-785
-729
-295
-191
-491
-857
-871
-691
-420
0
0
0
0
0
0
0
0
0
0
0
0
0
0
0
0
0
0
0
0
0
0
0
0
0
0
0
0
0
0
0
0
0
0
0
0
0
0
0
0
0
0
0
0
0
0
0
0
0
285
433
713
522
120
667
1347
390
347
1290
1216
1306
787
890
582
335
312
343
789
254
485
283
90
0
0
37
13
321
103
5
0
0
0
0
107
27
0
0
0
0
0
235
388
232
0
0
0
0
420
0
0
0
0
0
0
0
0
0
0
0
0
0
-13
0
0
-16
0
-12
-10
-9
0
0
-112
-44
-32
-24
0
0
0
-19
-97
-111
-82
0
0
0
-152
-855
-962
-296
0
-220
-41
-294
-1158
-1214
-241
0
828
514
28
0
0
115
584
389
368
3
0
0
37
148
2
1
22
563
169
0
67
0
80
0
233
74
0
123
97
136
0
0
0
51
628
73
32
0
0
0
29
235
0
0
0
0
0
0
75
171
3
1
0
23
127
859
0
0
0
0
0
0
87
0
0
51
358
124
0
95
29
0
26
234
38
0
193
42
0
0
0
0
0
41
0
0
0
0
0
0
0
55
0
0
0
0
50
890
-127
-38
-116
-41
0
-36
-15
-100
-143
-284
-109
-64
-83
-29
-34
-135
-420
-367
-321
-351
-311
-60
-284
-551
-641
-413
-353
-438
-233
-558
-433
-108
-59
-305
-496
-296
-318
-293
-57
-193
-240
-63
-179
-146
-243
-206
-248
-218
-177
410
181
0
7
17
109
666
168
170
20
20
173
93
149
56
103
69
577
158
29
0
64
4
336
813
153
0
13
186
58
88
142
13
0
60
20
44
0
0
0
0
0
23
10
0
206
235
35
94
-600
-617
-599
-639
-572
-726
-804
-526
-597
-561
-452
-342
-599
-549
-420
-555
-595
-592
-455
-584
-474
-458
-686
-738
-685
-629
-649
-560
-540
-835
-740
-723
-688
-657
-525
-626
-741
-599
-518
-698
-684
-510
-593
-697
-602
-622
-808
-730
-644
304
17
0
0
0
14
474
0
0
0
0
0
0
237
0
0
0
0
0
0
18
0
0
0
0
0
0
0
0
0
1
17
0
0
14
0
0
0
0
0
0
27
62
5
37
11
0
2
149
469
259
148
27
44
0
0
508
332
36
0
0
0
16
1103
642
26
0
18
51
354
919
575
12
0
24
91
402
173
148
0
0
0
0
102
116
7
0
6
52
1
128
0
0
100
256
128
9
92
0
0
-134
-188
-183
-73
0
-35
-84
-314
-462
-538
-355
-184
-33
-124
-396
-982
-744
-300
-158
0
-70
-188
-618
-364
-71
-15
0
-151
-111
0
0
-18
-9
-105
-284
-200
-23
0
-126
-88
-163
-235
-99
-18
0
-89
-61
-20
0
-71
-55
0
-10
-14
0
0
-290
-793
-624
-33
0
0
0
-131
-462
-429
-34
0
0
0
-122
-187
-181
-114
0
0
0
-128
-162
-225
-151
-6
0
0
-31
-76
-132
-51
-5
0
0
-15
-5
0
0
0
141
0
0
0
0
47
293
1
0
0
0
121
62
23
4
2
0
1
35
17
0
0
0
0
0
0
0
0
0
0
0
0
0
0
0
0
0
0
0
0
0
0
2
0
2
22
1
0
3
0
21
111
40
23
200
156
0
20
498
501
301
142
26
194
138
255
535
404
81
49
427
222
0
0
0
0
108
452
100
0
0
0
0
75
124
8
0
0
3
0
0
128
99
0
0
32
11
0
-284
-210
-21
-163
-270
-181
-345
-88
-45
0
-42
-57
-28
-92
-44
-8
0
-139
-56
-83
-187
-84
-74
-1
-93
-26
-125
-265
-125
-428
-95
0
0
-81
-265
-124
-425
-93
0
0
-13
-74
-3
-42
-16
-120
-128
-63
0
431
11
0
0
0
159
341
0
0
40
142
109
0
13
0
74
22
56
94
0
0
13
0
156
333
344
104
0
8
0
220
922
799
174
0
0
0
105
905
834
111
0
0
0
23
214
437
40
213
-531
-590
-639
-686
-721
-607
-644
-585
-764
-886
-547
-770
-785
-762
-660
-821
-798
-371
-557
-718
-788
-697
-808
-601
-450
-286
-456
-772
-793
-836
-454
-89
-30
-445
-826
-701
-692
-523
-296
-389
-595
-784
-592
-420
-535
-826
-735
-427
-506
-687
-684
-673
-601
-540
-637
-728
-497
-702
-643
-534
-717
-657
-596
-721
-763
-711
-669
-700
-755
-948
-789
-749
-687
-601
-391
-651
-964
-711
-733
-528
-290
-333
-653
-912
-751
-657
-526
-367
-419
-568
-688
-491
-457
-520
-484
-370
-438
-705
0
0
27
14
0
0
0
0
0
109
162
5
0
0
0
0
98
97
1
0
71
0
0
39
19
0
0
244
70
146
47
70
186
58
72
79
96
73
350
232
43
32
13
0
15
126
41
0
153
-200
-128
-15
0
0
-153
-452
-174
-81
0
-91
-54
0
-41
-49
-23
0
0
0
0
0
0
0
-52
-43
-288
-138
-31
-48
-7
-110
-293
-487
-207
-153
-68
-44
-145
-406
-331
-66
-60
-201
-224
-81
-222
-127
-20
0
-399
-762
-995
-935
-921
-710
-318
-424
-821
-1101
-778
-958
-896
-618
-425
-760
-1064
-1245
-1072
-904
-715
-605
-905
-986
-1022
-1040
-980
-714
-647
-940
-1023
-979
-1065
-1020
-840
-812
-958
-1169
-1356
-1426
-1126
-933
-1055
-857
-1104
-1285
-1325
-1100
-736
0
0
-7
-53
-34
0
0
0
0
0
-49
-34
0
0
0
0
-9
-6
0
-28
-26
0
0
-182
-220
-161
-34
0
0
-25
-89
-122
-68
-7
0
0
-59
-20
0
0
0
-4
0
0
0
0
0
0
0
408
4
0
0
0
33
377
78
0
62
95
3
0
25
20
10
253
1016
331
0
0
27
20
44
249
62
0
0
0
1
0
0
21
11
2
72
0
31
506
546
13
1
1
0
76
662
413
3
106
94
1
1
0
0
162
237
0
0
153
451
117
0
0
0
0
417
1951
669
0
0
0
0
37
335
68
0
35
0
0
0
0
0
0
2
0
0
0
0
0
0
0
25
29
4
0
0
119
1112
-244
-415
-430
-252
-113
-445
-793
-66
-330
-856
-891
-620
-295
-293
-118
-237
-334
-1188
-815
-169
-300
-496
-651
-125
-326
-165
-220
-814
-678
-1102
-187
0
0
-185
-823
-614
-806
-150
0
0
-210
-586
-610
-669
-194
0
-8
-681
-1381
-371
-557
-875
-977
-918
-852
-478
-549
-656
-1203
-1483
-1710
-1138
-458
-550
-623
-746
-1463
-1406
-667
-427
-458
-532
-450
-874
-736
-483
-594
-346
-504
-359
-268
-367
-456
-538
-440
-551
-338
-82
-195
-453
-609
-374
-359
-349
-326
-335
-529
-651
361
168
34
9
52
118
514
192
71
54
225
33
12
186
18
49
138
429
174
28
0
135
110
0
0
235
156
21
104
18
46
102
373
169
0
17
0
154
652
1080
231
0
31
0
95
266
584
127
113
0
0
0
0
0
0
0
41
20
0
0
0
0
0
63
20
0
0
0
0
0
0
0
0
0
0
0
0
0
0
17
24
41
20
0
0
0
11
72
209
75
0
37
19
0
4
56
14
72
-153
-445
-182
-316
-447
-653
-1773
-360
-534
-41
-73
-50
-290
-1079
-463
-451
-26
0
-79
-338
-583
-570
-457
-125
-66
-431
-536
-600
-700
-589
-203
-55
-173
-215
-343
-549
-471
-114
-131
-83
-91
-153
-124
-6
-8
-183
-270
-60
0
-644
-644
-781
-814
-711
-546
-605
-776
-741
-869
-848
-1043
-715
-598
-859
-750
-656
-772
-824
-629
-622
-761
-669
-555
-529
-494
-545
-675
-751
-667
-566
-554
-551
-566
-782
-686
-618
-577
-641
-663
-553
-550
-506
-427
-343
-357
-533
-364
-260
0
0
0
0
4
2
42
0
0
0
0
0
0
2
0
0
0
0
0
0
0
0
0
0
0
0
0
0
2
0
0
0
0
0
0
0
0
12
180
112
0
0
0
0
6
154
98
0
7
-397
-99
0
0
0
-41
-396
-148
-44
-18
-252
-89
0
-59
0
0
-29
-191
-101
0
0
0
0
0
0
0
0
0
0
0
0
0
0
0
0
0
0
-28
-18
0
0
0
-87
-264
-148
-37
0
0
-14
134
0
404
242
35
20
8
0
0
587
259
641
210
11
0
0
204
791
503
49
3
0
0
84
292
123
6
0
10
0
0
0
0
0
20
6
0
0
0
0
0
66
465
511
84
84
33
70
760
221
11
402
254
53
32
128
0
0
708
544
1118
383
4
0
0
93
75
484
124
0
0
0
120
331
129
2
0
0
0
18
62
30
0
0
0
0
10
59
143
22
18
435
591
182
247
276
55
131
71
0
0
0
2
187
584
130
15
0
0
0
0
86
65
4
0
0
0
0
0
0
0
0
0
0
0
0
0
0
0
0
1
1
0
0
0
68
474
220
10
0
0
0
46
299
164
5
118
397
281
22
0
0
0
2
72
84
34
31
0
0
0
0
4
293
486
172
0
0
0
0
109
175
79
0
0
0
0
0
0
0
0
125
23
0
0
4
48
0
83
581
225
81
191
235
0
0
0
0
0
0
0
0
0
0
0
18
11
0
0
0
4
2
0
0
0
0
0
0
0
0
0
21
15
0
9
0
9
6
14
7
0
0
0
0
38
162
22
46
238
482
225
49
208
173
555
-689
-830
-948
-970
-975
-650
-112
-996
-889
-771
-881
-857
-803
-647
-915
-968
-1087
-1310
-1034
-989
-1063
-980
-1063
-1025
-987
-820
-1010
-1077
-970
-1132
-922
-599
-534
-918
-1161
-1089
-1161
-931
-382
-317
-1051
-1395
-1114
-1161
-977
-880
-897
-1395
-1702
0
0
-170
-128
0
-8
-104
-34
-13
-223
-405
-308
-82
-48
-144
-59
0
-56
-127
-28
-24
-23
-1
0
0
-156
-56
0
0
0
0
0
-80
-42
-22
0
0
0
0
-43
-24
-19
0
0
0
0
-43
-30
0
0
0
0
0
0
0
0
0
0
0
0
0
0
0
0
0
0
0
0
0
0
0
0
0
0
0
0
0
0
0
0
0
0
0
0
0
0
0
0
0
0
0
0
0
0
0
0
0
0
-68
-64
-13
-15
-60
-232
-445
-104
-125
-67
-82
-18
-68
-115
-82
-137
-186
-308
-196
-31
0
-113
-101
-195
-358
-548
-253
-170
-132
-28
-284
-811
-935
-340
-123
-33
0
-158
-374
-324
-107
0
0
0
-14
-13
0
0
-24
0
0
0
0
0
32
382
0
0
81
86
0
0
24
117
78
279
74
11
10
0
6
4
182
39
0
0
0
0
0
0
0
0
0
0
0
0
0
0
45
19
8
0
0
0
5
80
22
23
14
0
0
0
0
0
74
0
0
49
61
62
9
0
0
0
0
0
9
3
0
0
0
0
0
0
0
0
0
0
0
0
0
0
0
0
0
0
9
7
0
0
0
0
0
0
0
0
5
0
0
-263
-173
0
0
-19
0
0
-489
-975
-621
-74
-26
0
-25
-193
-1056
-850
-60
-181
-28
-110
0
-103
-108
-5
-137
-25
-47
-4
0
0
0
-104
0
-97
-58
0
0
-149
-497
-112
-68
-134
-28
0
-428
-915
326
16
91
55
0
3
94
21
0
350
271
265
38
0
0
0
53
77
200
28
0
0
0
86
180
197
53
0
0
0
112
396
253
56
0
0
0
31
72
25
7
47
327
641
197
29
17
297
1376
0
0
-209
-206
-113
-1
0
0
-28
-722
-1357
-1161
-365
0
0
-137
-1194
-1998
-1753
-655
-5
0
-110
-1099
-1433
-1467
-666
0
0
-23
-898
-1565
-1620
-754
-4
0
0
-788
-1868
-1889
-722
0
0
-2
-387
-971
-972
-297
0
-493
-667
-422
-413
-485
-692
-583
-517
-757
-675
-645
-477
-717
-601
-482
-792
-1018
-1509
-1015
-726
-624
-491
-811
-944
-1089
-728
-683
-696
-521
-795
-687
-580
-482
-694
-742
-463
-627
-604
-474
-447
-661
-645
-432
-415
-497
-692
-696
-569
-303
-480
-527
-420
-308
-296
-454
-819
-605
-591
-637
-761
-664
-559
-650
-630
-539
-419
-654
-666
-434
-564
-505
-504
-473
-674
-675
-426
-490
-364
-310
-375
-450
-414
-347
-595
-427
-251
-249
-111
-185
-304
-651
-508
-391
-248
-118
-219
-465
-892
0
-2
-39
-231
-285
-62
-2
-107
-57
-82
-404
-466
-117
-1
-172
-208
-205
-295
-209
-68
-21
-36
-104
-304
-262
-219
-168
-17
-17
-30
-240
-403
-417
-318
-142
0
-30
-203
-462
-321
-153
-82
0
0
-61
-241
-233
-60
0
-315
-53
0
0
-22
-144
-326
-73
-1
0
-25
0
0
0
0
0
0
0
0
0
-49
0
-4
-110
-103
-11
0
-171
-23
-71
-165
-187
-21
0
-54
-131
-34
-1
-130
-16
0
-11
-189
-259
-152
-59
-3
-10
-95
-904
-563
-155
-129
-241
-126
-546
-733
-426
-179
-500
-779
-309
-472
-718
-506
-55
-261
-636
-198
-101
-436
-290
-10
-43
-784
-449
-196
-218
-63
-84
-333
-894
-413
-488
-116
0
-27
-173
-335
-75
-326
0
0
0
0
-44
0
-65
103
0
0
0
6
16
1170
0
0
0
0
0
0
259
0
0
0
0
0
0
102
2
0
0
0
0
0
55
142
13
0
0
0
0
439
129
36
0
0
0
0
367
4
0
0
0
0
0
158
0
0
0
0
0
0
0
0
0
-59
-152
-24
0
0
0
0
-225
-595
-182
-4
0
0
0
-188
-524
-235
-40
-63
0
0
-105
-262
-198
-57
-63
-16
0
-10
-132
-319
-70
-8
-107
-228
-51
-33
-120
-190
-59
0
0
0
0
0
0
0
0
0
-18
0
0
0
0
0
0
-13
-25
-6
0
0
0
-4
-44
-37
-26
0
0
0
-61
-114
-173
-66
-2
0
-2
-25
-35
-51
-66
-4
0
-288
-224
-3
0
-41
0
0
567
482
99
24
118
333
917
630
506
153
7
0
128
683
426
294
29
0
0
15
181
93
121
0
0
0
0
234
10
20
0
0
0
0
65
88
19
8
0
0
0
55
291
84
58
0
0
0
0
14
0
45
25
0
0
42
0
0
193
210
97
50
0
0
0
24
26
3
2
0
0
0
0
60
0
0
0
0
0
0
20
0
0
0
0
3
31
36
0
0
8
131
6
151
496
233
23
91
0
0
0
0
0
0
0
0
0
0
0
0
0
0
0
0
0
0
0
0
0
0
0
0
0
0
0
0
0
0
0
0
0
0
0
0
0
0
0
0
0
0
0
0
0
0
0
0
0
0
0
-10
-8
-30
0
0
0
0
0
0
-35
0
0
0
-3
-147
-114
-13
-26
-13
0
-2
-312
-427
-342
-231
-57
0
0
-219
-389
-484
-329
-46
0
0
-14
-65
-182
-113
-8
0
0
-62
-118
-130
-54
0
0
72
34
16
0
11
466
38
118
146
285
7
40
402
250
182
80
113
9
35
593
483
300
139
205
107
67
545
348
142
188
507
204
70
198
310
20
0
533
803
147
308
407
257
41
272
348
42
424
0
0
176
133
0
0
3
0
0
662
897
308
16
0
0
0
555
1660
932
47
0
0
0
69
326
174
0
0
0
0
0
0
0
0
0
0
0
0
0
0
0
0
0
0
36
79
24
0
288
228
54
0
0
0
86
65
11
0
0
0
0
24
49
0
0
52
403
110
0
195
7
45
0
108
16
0
537
7
9
0
0
0
0
630
0
0
0
0
0
6
164
177
418
273
0
0
213
930
384
37
0
0
0
0
66
81
0
0
0
0
0
0
0
0
0
0
0
0
0
0
0
70
176
21
0
0
0
0
38
95
21
0
0
0
0
0
0
0
0
0
0
0
0
0
0
0
0
1045
901
185
97
318
229
645
368
671
108
6
12
240
716
265
497
68
0
0
354
1102
612
680
69
0
0
297
1227
557
828
155
0
0
203
1346
576
367
71
0
0
151
900
449
48
76
0
33
92
336
-525
-479
-340
-306
-168
-224
-648
-1288
-1074
-1010
-714
-796
-987
-1511
-911
-824
-663
-578
-816
-921
-1041
-802
-1005
-402
0
-440
-973
-1255
-705
-942
-477
-41
-352
-1015
-1175
-903
-1046
-717
-191
-392
-813
-1174
-1029
-1229
-873
-375
-435
-640
-1285
484
33
49
29
0
67
609
109
4
90
100
353
98
176
0
0
0
0
110
5
13
117
37
0
0
0
0
226
231
286
10
0
0
0
155
27
198
6
0
0
0
85
31
424
106
0
0
342
1200
341
29
112
62
0
93
750
18
0
88
68
94
45
79
8
0
0
0
0
0
0
0
0
45
93
67
29
18
0
0
19
62
29
13
0
0
0
0
0
0
0
0
0
0
0
0
0
34
694
0
0
0
0
0
0
0
0
0
0
0
0
0
0
0
0
0
0
0
0
0
0
0
0
0
0
0
0
0
0
0
0
0
0
0
0
0
0
0
0
0
0
0
0
0
0
0
0
0
-636
-674
-813
-769
-630
-691
-585
-650
-744
-968
-820
-904
-817
-780
-596
-721
-800
-839
-953
-837
-827
-540
-674
-747
-903
-863
-778
-700
-604
-808
-631
-453
-612
-703
-516
-595
-686
-589
-383
-532
-689
-675
-459
-511
-593
-487
-498
-661
-694
-507
-636
-315
-370
-423
-537
-530
-416
-625
-410
-501
-185
-405
-520
-619
-750
-609
-606
-362
-597
-829
-800
-990
-738
-831
-653
-743
-930
-771
-1050
-841
-883
-859
-790
-758
-549
-708
-649
-762
-904
-626
-443
-243
-235
-394
-633
-822
-487
-297
0
0
0
0
0
0
0
0
0
0
0
0
0
0
0
0
-39
-297
-136
-1
0
0
0
0
-136
-26
-1
0
0
0
0
0
0
0
0
0
0
0
0
0
-65
-144
-94
-145
-138
-171
-134
-205
-204
0
0
-2
-2
0
0
-10
-8
-24
-109
-348
-105
0
0
-8
-44
-517
-1499
-729
-105
0
0
0
-317
-978
-633
-149
0
0
0
-111
-300
-362
-132
0
0
0
-157
-256
-173
-58
0
0
-30
-78
-25
0
-54
-80
0
0
74
53
1
4
127
0
0
68
43
62
25
0
0
0
0
0
0
0
0
0
0
40
48
59
21
0
0
0
168
580
568
132
0
0
0
220
1177
1336
193
0
0
0
145
729
1012
183
0
265
34
0
0
10
47
215
65
0
0
0
0
0
30
31
13
0
0
0
0
41
0
0
0
0
0
0
7
0
0
0
0
0
0
8
0
0
0
0
0
0
46
0
0
0
0
0
0
367
70
0
0
0
0
75
57
0
0
40
26
0
4
23
0
48
0
0
0
0
370
186
138
76
76
0
0
578
406
155
210
327
63
19
516
184
54
135
656
674
102
306
165
73
89
373
556
59
342
185
143
16
0
5
157
317
164
132
3
0
0
14
44
115
108
1
0
0
14
8
0
127
23
0
0
76
105
0
171
60
0
0
60
119
48
65
55
12
0
109
297
161
18
62
30
0
48
256
-6
204
120
0
-1
-1
0
280
338
190
73
202
263
112
250
276
99
408
92
176
166
225
397
161
-324
-70
139
159
-13
0
451
766
555
149
-152
-102
157
124
110
418
378
624
480
71
-227
-169
1
239
65
-361
-560
-786
-830
-827
-552
-70
-392
-575
-943
-1043
-1090
-746
-217
-305
-555
-943
-841
-1013
-838
-337
-275
-513
-850
-708
-842
-791
-249
-152
-312
-784
-633
-652
-705
-138
-210
-318
-633
-452
-430
-692
-257
-466
-587
-389
-238
-294
-692
-761
-498
-230
-96
-72
-202
-450
-807
-507
-200
-141
-276
-461
-284
-164
-158
-40
-53
-104
-175
-63
0
0
0
0
0
0
0
0
0
0
0
0
0
0
0
0
0
0
0
0
0
0
0
-30
0
0
0
0
-99
0
0
0
0
0
0
0
0
0
0
0
0
0
0
0
0
0
0
0
0
0
0
0
0
0
0
0
0
0
0
0
0
0
0
0
0
0
0
0
0
0
0
0
0
0
0
0
0
0
30
27
0
0
0
264
757
62
0
0
100
2
83
259
0
20
0
210
55
0
0
11
9
0
0
0
0
21
9
6
0
0
0
0
31
0
0
0
2
0
0
0
0
119
100
0
0
63
30
0
0
-94
-92
-20
-28
-21
-162
-119
-580
-922
-491
-190
-50
-183
-286
-916
-1430
-847
-384
-238
0
-143
-529
-671
-456
-336
-124
-5
-70
-174
-152
-219
-303
-68
0
-23
-228
-580
-591
-238
-15
-17
-16
-172
-643
-597
-142
0
0
0
0
0
0
0
0
0
0
0
0
0
0
0
0
0
0
0
0
0
0
0
0
0
0
0
0
0
0
0
0
0
0
0
0
0
0
0
0
0
0
0
0
0
0
0
0
0
0
-292
-185
-76
-85
-250
-221
-280
-287
-159
-17
-223
-539
-256
-35
-176
-134
-183
-841
-414
-38
0
-22
-157
-61
-374
-127
0
-10
-70
-299
-34
0
0
0
-140
-175
-189
-9
0
0
0
-158
-445
-201
0
-39
0
0
-74
382
307
56
10
16
118
480
299
206
15
0
0
50
214
91
124
0
0
0
0
182
333
307
0
0
55
29
373
191
150
2
0
41
27
118
3
4
3
0
0
7
31
328
308
50
0
0
143
247
260
0
0
0
0
0
0
325
7
0
0
58
35
0
51
0
0
85
58
12
26
75
0
4
97
261
85
81
12
0
12
113
169
27
22
0
0
0
0
0
0
6
103
717
369
0
0
132
201
-545
-718
-604
-564
-603
-598
-573
-727
-837
-688
-684
-698
-721
-776
-957
-934
-922
-1010
-950
-868
-1120
-1115
-1072
-869
-874
-978
-987
-1184
-967
-1028
-907
-907
-926
-876
-1088
-933
-913
-925
-832
-916
-929
-1043
-903
-895
-850
-387
-502
-858
-845
760
135
12
0
62
264
729
430
67
0
0
0
1
163
72
7
0
0
0
0
0
0
0
19
16
25
18
31
0
0
105
227
76
13
18
0
0
12
39
0
0
0
111
421
127
0
0
51
346
0
0
0
0
0
0
-75
0
0
-203
-593
-256
-9
-24
0
0
-414
-789
-425
-56
0
-3
0
-312
-491
-606
-204
0
-3
0
-205
-573
-854
-326
0
0
-27
-218
-761
-825
-244
0
-32
-169
-227
-584
-421
-71
-161
-476
-478
-481
-558
-560
-361
-208
-359
-366
-555
-837
-654
-528
-434
-179
-376
-841
-1457
-1022
-616
-410
-345
-578
-701
-798
-687
-618
-557
-468
-766
-650
-366
-504
-623
-603
-539
-814
-648
-475
-455
-716
-741
-691
-1231
-1019
-951
-873
-1106
-1391
0
0
0
0
0
0
0
0
0
0
0
0
0
0
0
0
0
0
0
0
0
0
0
0
0
0
0
15
9
0
0
0
0
0
50
26
4
0
0
0
0
0
67
5
14
47
39
2
0
-283
-552
-461
-425
-477
-469
-598
-337
-608
-377
-213
-249
-476
-548
-397
-522
-353
-16
-314
-552
-530
-364
-485
-753
-475
-646
-654
-434
-271
-473
-804
-712
-690
-712
-327
-407
-643
-675
-800
-870
-751
-630
-826
-1164
-899
-668
-838
-944
-988
35
0
84
42
0
1
237
3
0
61
38
31
20
20
0
0
0
0
1
1
10
50
6
0
0
0
0
0
171
23
0
0
0
0
0
109
5
0
0
0
0
1
29
0
0
0
0
0
34
0
0
-58
-33
0
0
-49
0
0
-460
-1123
-423
0
0
0
0
-968
-2004
-1281
-108
0
-38
-62
-324
-493
-1450
-437
-2
-49
-84
-68
-549
-1665
-504
0
0
-19
-138
-1009
-1270
-231
-64
0
-167
-366
-767
-491
-254
-1046
435
331
37
0
4
206
993
316
293
5
0
0
88
499
0
2
0
0
0
0
9
0
0
0
0
0
0
18
0
0
0
0
0
0
129
26
0
0
0
0
0
118
19
0
0
0
0
0
0
0
0
0
0
0
0
0
-11
-11
-24
-106
-13
0
0
-218
-295
-541
-895
-581
-258
-7
-65
-187
-525
-951
-794
-328
1
-50
-246
-628
-1376
-1374
-741
-203
-41
-533
-1265
-1833
-1682
-1408
-1064
-547
-1228
-1418
-1779
-1903
-1513
-483
-44
-111
-38
0
0
-143
-450
0
0
-25
-62
0
-11
-72
-24
-14
-16
-43
0
0
-241
-89
0
-2
-3
0
0
-402
-262
-61
-1
-2
0
0
-257
-168
-66
-25
-206
-317
-52
-71
0
0
-64
-235
-213
-10
-307
-638
-350
-19
0
0
-78
-701
-315
-172
0
0
0
0
-257
-198
-100
0
0
0
0
-197
-356
-185
0
0
0
0
-429
-503
-262
-9
-9
-11
-8
-86
-291
-106
0
-3
-5
-5
-25
0
0
0
0
0
0
-350
-341
-322
-169
-61
-22
-232
-315
-186
-343
-275
-164
-194
-328
-260
-31
-70
-21
0
-41
-154
-288
-134
-232
-38
0
-29
-95
-193
-317
-433
-71
-12
-42
-128
-158
-216
-176
-14
0
0
-38
-89
-275
-299
-47
-20
0
-71
-82
-552
-567
-742
-724
-688
-515
-64
-652
-686
-802
-815
-734
-746
-449
-642
-742
-846
-1024
-738
-767
-509
-410
-646
-682
-740
-877
-812
-330
-386
-625
-737
-645
-773
-693
-166
-612
-761
-740
-589
-738
-726
-477
-651
-771
-800
-614
-654
-818
-786
560
284
0
3
77
202
588
371
224
0
0
0
7
250
275
165
0
0
0
14
582
244
123
0
0
0
1
396
147
110
0
0
0
0
412
205
29
0
0
0
0
460
206
7
0
0
0
0
248
173
0
0
0
0
0
10
32
0
70
68
4
0
0
0
0
219
551
396
35
0
0
0
56
102
395
154
0
0
0
34
29
155
90
0
0
0
0
0
0
0
0
56
92
2
0
0
0
163
0
0
0
0
0
0
0
0
0
0
0
0
0
0
0
0
0
0
0
0
0
0
0
0
0
0
0
0
0
0
0
0
0
0
0
0
0
0
0
0
0
0
0
0
0
0
0
0
0
485
47
0
0
67
59
337
16
12
0
0
0
0
13
0
0
206
1519
486
0
0
0
0
150
1460
394
0
0
0
0
0
0
0
0
0
0
0
0
0
0
0
36
0
0
109
616
565
82
41
-204
-121
0
-34
0
-50
-137
-152
-107
0
-148
-75
0
-13
-185
-173
0
0
0
0
-207
-648
-491
0
0
-118
-138
-774
-706
-687
-35
-34
-172
-80
-471
-245
-260
-7
-5
-10
-3
-313
-508
-781
-319
-16
0
-162
-619
-558
-601
-734
-602
-717
-727
-687
-500
-602
-588
-464
-861
-862
-524
-428
-627
-603
-493
-625
-700
-489
-624
-758
-624
-555
-792
-748
-482
-591
-707
-701
-651
-715
-640
-434
-458
-673
-719
-560
-636
-597
-506
-479
-615
-616
-426
-567
-639
-356
39
0
499
489
47
28
166
0
0
705
1028
1357
376
0
0
0
149
681
713
312
0
0
0
0
123
159
181
0
0
0
0
0
128
162
0
0
0
0
0
0
5
0
0
0
0
0
0
0
0
-3
-143
-53
0
-77
-121
-49
-120
-176
-35
-70
-93
-178
-156
-229
-240
-51
0
-36
-211
-350
-287
-272
-66
-4
-86
-237
-439
-170
-237
-126
-77
-29
-93
-402
-82
-108
-88
-56
-20
-39
-346
-255
-158
-38
-7
-13
-7
-71
-826
-647
-544
-553
-640
-549
-734
-1459
-1441
-1317
-1204
-1476
-1274
-1004
-1215
-1217
-1182
-1071
-1167
-1276
-1085
-1149
-1279
-1056
-1340
-982
-1055
-1262
-1276
-1353
-1030
-1300
-1105
-1029
-1410
-1178
-1386
-1108
-1104
-1037
-979
-1255
-1065
-1455
-1295
-1343
-1212
-1078
-1308
61
0
0
0
0
0
113
0
0
0
0
0
0
38
0
0
0
0
0
0
0
0
0
0
57
0
0
0
0
0
0
103
0
0
0
0
0
0
0
0
0
0
0
0
3
140
67
0
29
0
0
-41
-23
0
15
14
0
0
118
30
-188
-54
0
0
0
-75
-110
31
64
0
0
0
52
210
362
74
0
0
0
151
266
281
113
0
-3
-3
109
389
281
66
0
-67
-226
-86
119
181
2
0
881
515
47
13
67
568
1551
616
346
0
0
0
134
589
238
141
0
0
0
0
152
0
40
0
0
0
0
117
17
221
64
0
0
27
464
138
212
27
0
0
11
216
28
0
0
0
0
0
81
135
62
59
38
46
21
594
2
0
134
135
478
187
181
6
75
56
3
240
169
68
86
34
1
0
197
274
164
87
0
0
0
52
130
129
0
0
0
0
3
2
118
18
0
0
0
0
0
0
267
18
0
0
0
17
196
53
20
0
0
0
10
121
0
0
0
0
0
0
0
1
4
0
0
0
0
0
48
0
0
0
0
0
3
34
0
0
0
0
0
0
29
0
0
0
0
0
0
-197
-361
-305
-199
-239
-379
-242
-938
-1076
-914
-682
-1056
-1244
-785
-987
-1317
-1098
-732
-1061
-1222
-1372
-1358
-1967
-1047
-228
-621
-1467
-1914
-1470
-2340
-1497
-744
-839
-1617
-1865
-1349
-2131
-1468
-698
-806
-1439
-1731
-1145
-1829
-1421
-558
-586
-1546
-1862
0
0
-11
0
0
-14
-190
0
-11
-111
-312
-168
-2
0
0
-19
-48
-173
-64
-2
0
-31
-46
-59
-35
-45
-20
0
-46
-70
-169
-209
-179
-55
0
0
-21
-94
-147
-132
-56
0
-146
-363
-87
-28
-106
-111
-283
299
10
0
48
29
12
38
375
0
0
0
0
0
64
101
0
0
0
0
0
68
0
0
0
0
102
58
58
0
0
0
0
22
6
98
0
0
0
0
0
0
0
0
0
0
0
0
22
70
-113
-38
0
0
0
-7
-165
-147
-9
0
-35
-28
0
-43
-20
-1
0
0
-15
-11
-15
-54
0
0
0
-152
-173
-50
-53
0
0
0
-146
-128
0
-71
0
-3
-2
-59
-42
-15
-5
0
-2
-2
0
0
-79
-470
-629
-752
-876
-804
-716
-535
-820
-991
-1112
-1335
-1320
-1024
-706
-1054
-1124
-1046
-1247
-1226
-948
-746
-721
-870
-988
-1094
-1064
-914
-647
-492
-661
-1007
-1107
-963
-911
-675
-502
-704
-1086
-1297
-1154
-954
-747
-523
-533
-721
-1049
-1084
-569
-387
0
0
69
30
0
132
343
7
0
0
5
3
0
0
0
0
0
0
21
18
0
3
0
0
0
7
9
0
4
0
0
0
0
0
0
3
1
0
0
0
0
0
427
216
0
0
0
0
63
-426
-327
-544
-446
-517
-605
-618
-613
-508
-712
-744
-676
-689
-608
-772
-765
-796
-1154
-973
-701
-510
-869
-791
-654
-937
-861
-667
-460
-775
-724
-773
-901
-878
-612
-293
-558
-581
-772
-1078
-978
-652
-493
-605
-669
-648
-799
-814
-550
-427
0
0
0
0
0
0
0
38
5
43
8
55
40
0
282
119
63
3
89
80
0
65
7
0
0
8
5
0
0
0
36
0
2
25
0
46
18
124
43
0
53
58
334
92
25
7
0
8
14
-666
-858
-724
-881
-922
-747
-663
-722
-858
-771
-850
-869
-722
-480
-676
-806
-714
-746
-678
-773
-632
-765
-871
-744
-671
-543
-758
-879
-796
-962
-704
-592
-478
-743
-888
-769
-851
-618
-460
-395
-611
-721
-696
-720
-613
-591
-493
-528
-562
374
5
0
10
36
3
614
195
44
0
0
0
0
177
4
0
0
0
0
0
42
43
32
0
0
0
0
94
95
82
11
0
2
1
93
0
37
7
0
2
1
378
34
100
8
0
0
0
259
0
-8
0
0
0
0
-88
0
0
0
-130
-58
0
-52
0
-4
0
-177
-79
-2
0
0
0
0
-62
-23
0
0
0
0
0
-129
-75
-16
0
0
0
-4
-193
-152
-7
0
-26
0
-3
-36
-29
0
0
451
115
0
0
0
0
0
114
22
76
78
2
0
21
0
0
229
346
116
0
14
0
0
44
80
16
0
0
0
0
0
0
0
0
0
0
0
0
0
0
0
0
106
150
28
0
0
0
372
-650
-684
-571
-553
-528
-608
-901
-689
-749
-582
-791
-671
-637
-808
-738
-728
-673
-1257
-931
-715
-709
-780
-728
-752
-1129
-869
-794
-826
-756
-678
-750
-934
-864
-860
-828
-556
-555
-743
-831
-810
-740
-710
-325
-275
-548
-660
-535
-441
-383
-658
-662
-524
-544
-521
-612
-604
-815
-765
-535
-517
-373
-575
-711
-658
-711
-675
-977
-556
-505
-646
-450
-662
-512
-724
-578
-542
-476
-382
-605
-447
-430
-611
-508
-382
-476
-566
-528
-592
-608
-508
-394
-368
-333
-380
-580
-631
-503
-533
0
0
0
0
0
0
53
0
0
0
22
0
0
0
0
0
60
156
17
0
0
0
0
0
0
0
0
0
0
0
0
0
0
0
0
0
0
0
0
0
0
0
35
0
0
0
0
0
0
-28
-68
-15
-21
-40
-183
-155
-221
-132
-59
-481
-164
-85
-296
-166
-180
-42
-146
-49
-10
-105
-228
-259
-23
-42
-109
-15
-149
-141
-191
-104
-363
-280
-44
-117
-122
-35
-135
-439
-401
-251
-512
-462
-560
-592
-599
-541
-850
-1217
10
18
-108
-92
-149
-60
0
-68
-24
-61
-213
-172
-98
0
86
-18
58
384
55
-84
0
-7
20
-91
-583
-353
-184
-27
1
12
40
60
150
123
8
7
8
262
413
337
42
-76
-39
-204
-50
211
396
97
-7
21
15
42
27
0
0
0
0
0
61
44
0
0
0
0
0
0
3
9
4
0
0
0
4
9
74
26
0
0
0
28
112
149
40
0
0
0
9
437
277
0
0
8
38
25
298
204
0
0
418
86
0
0
0
0
295
295
146
0
0
56
27
64
241
102
0
0
0
0
106
20
4
0
0
0
0
71
2
0
0
0
0
0
0
31
0
0
0
0
0
0
103
18
0
0
0
0
125
-8
-3
-7
-4
-2
-18
-37
-19
0
-12
-31
-23
-6
-9
-1
-6
-39
-14
-19
-6
-6
0
-13
-126
-179
-167
-47
0
0
0
-115
-235
-188
-34
-3
0
0
0
0
0
0
-18
-74
0
0
0
0
0
0
96
21
0
0
0
30
679
0
0
0
0
0
0
93
0
0
0
0
0
0
0
0
0
0
0
0
0
33
0
0
0
0
0
0
83
0
0
0
0
0
0
0
126
358
23
0
0
88
701
-700
-694
-699
-681
-627
-432
-237
-705
-772
-834
-1010
-981
-780
-580
-576
-697
-781
-831
-791
-666
-538
-638
-688
-684
-610
-675
-651
-558
-522
-546
-550
-533
-661
-583
-497
-419
-559
-655
-623
-584
-510
-424
-169
-390
-716
-711
-555
-440
-632
-49
0
0
0
-18
-23
-2
-82
0
0
0
0
0
0
-47
0
0
0
-3
-12
-8
-32
0
0
0
-87
-69
-2
0
0
0
0
-27
-6
0
0
0
0
0
0
0
0
0
-15
0
-5
-67
-55
-42
233
22
0
0
19
207
333
17
0
0
0
0
0
70
0
0
0
0
0
0
22
0
0
0
0
0
0
24
28
0
0
0
0
0
8
40
0
0
0
0
0
0
69
5
0
0
0
0
117
-480
-577
-487
-566
-607
-696
-192
-740
-790
-661
-600
-616
-738
-504
-538
-750
-990
-1041
-1169
-848
-472
-512
-879
-1113
-1306
-1195
-965
-709
-541
-908
-958
-861
-871
-948
-839
-586
-863
-909
-838
-923
-947
-604
-751
-1151
-1170
-1024
-1094
-1287
-667
-429
-140
-719
-584
-257
-377
-753
-225
-74
-1046
-1049
-1218
-624
-361
-422
-272
-387
-947
-845
-285
-574
-321
-266
-120
-382
-135
-5
-501
-265
-313
-62
-37
0
-7
-576
-205
-268
-50
0
0
0
-320
-120
-95
-9
0
0
0
-77
23
36
9
0
0
0
0
0
0
0
0
0
8
4
0
0
0
275
158
3
1
0
0
0
196
95
0
0
0
0
0
0
0
0
0
0
0
0
0
0
90
85
44
0
0
0
0
126
95
-264
-271
-144
-21
0
-23
-332
-131
-275
-198
-164
-59
-47
-422
0
-49
-190
-535
-282
-97
-244
-117
-123
-106
-303
-290
-161
-382
-231
-158
-12
-50
-165
-97
-456
-89
-78
-66
-241
-401
-111
-348
-364
-445
-179
-135
-159
-365
-650
-338
-117
-14
0
-26
-250
-672
-86
-15
-153
-402
-183
-50
-131
0
0
-540
-1063
-684
-92
-180
0
-47
-231
-268
-663
-214
-149
-38
-179
-64
-48
-436
-157
-17
-139
-207
-40
-57
-393
-190
-156
-503
-706
-299
0
-100
-202
-711
-159
-161
-83
-23
-121
-437
-712
-195
-281
-256
-10
-5
-368
-933
-133
-363
-320
0
-40
-462
-789
-98
-378
-236
0
-85
-466
-668
-8
-308
-190
0
0
-191
-357
-209
-409
-279
-73
-11
-243
-537
-285
-199
-463
-255
-368
-672
-684
295
94
0
0
65
365
1537
443
269
1
7
63
145
745
503
368
0
0
0
113
469
657
345
16
20
31
66
738
759
361
19
246
160
24
521
385
131
70
749
308
0
134
0
0
29
420
230
0
12
-35
-100
-631
-561
-283
-72
-43
-44
-182
-1067
-1287
-1266
-562
-184
-87
-282
-673
-935
-1125
-582
-84
-229
-279
-669
-860
-870
-528
-89
-298
-119
-542
-567
-555
-429
-121
-249
-148
-469
-213
-127
-302
-131
-458
-445
-291
-54
-102
-292
-213
68
0
0
0
0
0
173
0
0
0
0
0
0
46
23
11
13
0
0
0
0
8
0
147
300
70
0
0
92
0
97
328
83
0
66
127
0
74
521
481
58
135
52
11
185
603
654
106
0
0
0
0
0
0
0
0
0
0
0
0
0
0
0
0
0
0
0
0
0
0
0
0
0
0
0
0
0
0
0
0
0
0
0
0
0
0
0
0
0
0
0
0
0
0
0
0
0
0
7
0
0
0
0
0
124
0
0
0
0
5
3
0
0
0
0
8
5
0
33
0
0
0
0
0
0
28
0
5
0
0
0
0
4
0
4
0
89
32
0
51
0
0
0
124
47
0
0
0
0
-35
-45
0
0
0
0
0
-486
-1102
-543
-33
0
0
0
-682
-1904
-1217
-122
0
0
0
-75
-247
-228
-22
0
0
0
0
0
0
0
0
0
0
0
0
0
0
0
0
0
0
0
0
0
0
393
19
0
0
0
209
157
101
0
0
0
0
0
0
25
0
151
253
128
0
0
91
0
7
19
32
0
0
41
0
0
0
1
0
0
7
0
0
6
66
31
0
0
9
6
4
29
37
400
-625
-1018
-675
-528
-590
-664
-586
-939
-1392
-623
-377
-517
-830
-836
-751
-984
-469
-909
-703
-727
-722
-595
-907
-509
-841
-605
-753
-832
-530
-872
-532
-60
-1
-826
-1323
-778
-857
-598
-118
-76
-801
-1286
-812
-489
-181
-26
-72
-233
-314
-367
-665
-299
-43
-97
-635
-933
-465
-736
-222
-8
0
-423
-469
-107
-137
-80
-409
-270
-138
-95
0
-7
-9
-91
-41
-99
-50
0
-4
-53
0
0
-56
-26
0
0
-21
0
0
-9
0
0
0
0
0
0
0
0
-144
-61
-115
-92
0
-52
-35
-36
0
-455
-320
-497
-211
-1
0
0
-291
-584
-556
-51
-1
0
0
-313
-655
-176
0
0
0
0
-174
-260
-45
-12
-35
0
0
-32
-64
-21
-4
0
0
0
0
0
0
0
-45
560
208
66
41
23
13
394
337
140
92
40
433
233
137
0
0
3
0
68
44
0
0
0
0
0
0
0
0
0
0
0
0
0
0
0
43
0
0
0
0
0
0
7
0
0
0
0
0
0
365
328
52
19
27
74
33
250
165
0
0
0
0
16
95
42
0
0
0
0
90
12
0
0
0
58
37
94
7
0
0
0
75
53
14
0
0
0
0
41
27
0
54
175
31
0
13
37
489
209
84
44
60
154
348
530
224
34
8
16
15
32
139
24
0
0
0
0
0
0
110
11
167
370
65
0
0
271
23
241
650
85
0
0
262
6
104
260
29
0
0
140
12
18
130
133
3
0
0
0
0
0
0
-44
-50
-13
-4
-40
-33
-1
-6
-2
-29
-27
-141
-76
-105
-76
0
0
-3
-418
-503
-556
-303
0
0
0
-499
-940
-870
-357
0
0
0
-145
-449
-639
-301
0
-27
-52
-9
-62
-198
-59
0
-463
-732
-843
-827
-888
-657
-270
-611
-879
-1101
-1280
-1201
-940
-395
-711
-920
-1303
-1942
-1454
-1082
-631
-709
-835
-1235
-1553
-1270
-1048
-600
-674
-625
-1027
-1186
-1039
-1014
-773
-715
-669
-1125
-1293
-1097
-1040
-730
-450
-408
-932
-1227
-1153
-772
-240
-252
-488
-689
-651
-587
-626
-499
-446
-616
-888
-784
-833
-768
-515
-657
-738
-838
-1092
-1032
-697
-517
-601
-664
-698
-826
-816
-709
-524
-538
-565
-643
-543
-637
-704
-537
-576
-661
-697
-624
-641
-719
-720
-464
-592
-526
-553
-680
-714
-814
-146
-185
-185
-65
-10
-263
-652
-295
-192
-504
-348
-466
-263
-486
-791
-443
-138
-89
-591
-354
-358
-720
-465
-22
0
-613
-488
-368
-446
-218
-79
-130
-683
-462
-429
-240
-106
-96
-155
-624
-275
-419
-128
-36
-12
-8
-133
-59
-334
8
0
0
0
0
0
82
0
0
0
0
1
1
25
0
0
0
0
0
0
0
0
0
0
0
0
0
0
0
0
0
0
0
0
0
0
0
0
40
8
0
0
0
0
22
185
100
2
94
310
92
0
0
0
9
756
124
76
0
0
0
6
435
160
141
26
393
110
21
497
350
344
17
221
89
2
659
197
289
0
0
0
0
695
107
64
0
0
0
29
592
334
263
326
116
0
292
365
194
0
0
0
0
0
0
149
0
0
0
0
0
52
30
0
77
322
81
0
56
0
4
139
436
91
0
70
0
134
48
13
0
0
105
0
142
13
0
0
8
81
158
499
441
102
135
465
812
-112
-100
-43
-10
-12
-84
-246
-123
-93
-191
-552
-192
-78
-246
-227
-293
-537
-1536
-784
-132
-233
-110
-150
-243
-775
-613
-189
-46
-32
-53
-117
-386
-500
-174
-29
-6
-27
-142
-607
-558
-275
-279
-190
-348
-280
-348
-346
-617
-882
255
46
42
14
0
0
57
92
13
233
688
557
88
0
0
0
117
415
340
44
0
0
0
0
0
0
0
0
0
0
0
0
0
0
0
0
0
0
0
0
0
0
93
58
3
0
0
9
168
1578
1338
579
312
538
447
907
1247
1065
145
0
409
434
398
1192
381
0
0
0
30
310
391
72
0
0
0
0
149
56
0
0
0
0
94
514
311
56
0
0
0
21
292
371
145
0
0
0
0
76
378
218
0
0
0
72
327
50
92
0
0
0
12
50
0
0
37
22
0
69
274
14
16
24
22
0
81
538
34
0
0
0
0
0
167
22
0
0
0
0
0
19
63
0
0
0
0
0
507
-375
-149
-39
-73
-114
-113
-141
-53
-20
-2
-22
-13
-161
-467
-14
-20
0
-430
-132
-91
-438
-206
-161
-47
-530
-142
-12
-291
-253
-403
-57
-92
-10
-15
-187
-316
-350
-82
-22
-4
-52
-146
-212
-42
-137
-177
-152
-191
-364
57
0
0
0
0
0
11
0
0
0
0
0
0
20
0
0
153
442
141
0
15
0
1
245
837
394
22
0
0
5
71
199
96
2
0
0
0
0
39
27
0
0
5
3
2
0
0
0
236
339
-6
24
-4
0
5
0
75
0
131
405
261
48
0
0
0
440
1899
574
19
152
59
107
49
544
235
14
388
233
418
25
0
0
10
205
120
259
48
0
0
45
245
231
613
556
96
60
665
1224
-11
0
0
0
0
-74
-194
-13
0
-66
-69
0
0
-41
0
0
-65
-52
-1
-1
0
0
0
-251
-283
-172
-71
0
0
0
-327
-613
-396
-131
0
0
0
-111
-560
-568
-114
0
0
0
-42
-164
-158
-13
-227
-73
-98
-69
-104
-157
-99
-110
-706
-783
-546
-652
-535
-808
-984
-638
-708
-748
-231
-415
-539
-564
-524
-586
-763
-300
-624
-595
-481
-490
-679
-776
-638
-664
-668
-680
-789
-901
-911
-862
-979
-963
-1028
-819
-727
-629
-1063
-1246
-738
-674
-357
-482
-338
-254
-267
-238
-96
-493
-646
-267
-105
-276
-405
-371
-482
-599
-228
0
-117
-515
-826
-509
-586
-481
-246
-239
-550
-896
-607
-668
-445
-440
-375
-542
-757
-562
-596
-358
-127
-175
-447
-543
-355
-343
-235
-94
-162
-301
-299
-178
-192
-348
-239
-111
-61
0
-236
-236
-413
-524
-615
-307
-71
-141
-121
-196
-794
-641
-133
-58
-47
-11
-255
-732
-295
-30
-20
-145
-1
-209
-472
-255
-121
-149
-162
-39
-159
-564
-448
-99
-147
-332
-210
-59
-270
-235
-33
-14
155
161
213
275
113
23
6
412
244
-5
-88
-33
199
251
22
91
171
13
34
128
15
-16
11
217
299
24
24
-21
104
20
200
188
98
296
238
141
211
314
343
176
302
192
0
13
273
461
520
127
-84
681
176
45
28
43
54
546
184
39
0
0
63
75
217
0
0
0
162
64
0
2
7
0
0
124
50
0
0
47
0
0
0
0
0
0
0
0
0
0
0
0
0
7
15
13
0
22
80
89
312
175
164
202
328
156
344
223
341
402
160
352
269
378
318
447
68
0
49
180
508
191
394
79
0
0
105
479
392
234
16
0
0
292
843
64
232
85
216
184
162
560
369
450
491
455
273
130
295
415
310
143
23
0
0
201
0
108
9
0
95
61
0
191
72
0
0
0
8
330
660
240
0
10
0
7
819
590
100
0
16
0
0
135
389
17
0
0
0
0
103
313
56
0
0
0
0
114
913
326
7
0
0
268
945
401
158
0
0
0
23
300
131
58
0
0
0
21
480
172
78
0
0
0
11
270
61
230
27
0
0
0
290
338
99
10
0
0
0
355
66
0
0
0
0
0
99
434
-399
306
-217
108
298
351
239
-87
626
-2
67
-561
274
393
-322
441
870
-841
-413
475
470
-328
67
430
-37
-324
648
481
-91
-45
-51
180
7
629
384
99
-22
-40
149
-257
581
908
-210
-141
451
-201
-65
722
68
0
0
0
0
0
78
0
0
0
0
0
0
0
0
0
11
56
13
0
0
0
0
11
57
21
0
0
0
0
0
0
0
0
0
0
0
6
17
0
0
0
42
0
6
41
14
0
13
290
252
7
0
74
112
1011
0
0
0
0
0
0
420
0
10
0
0
0
0
315
29
0
0
0
0
0
319
106
29
0
0
0
0
321
73
14
0
0
0
6
268
199
224
62
0
0
219
1510
0
0
0
0
0
0
0
0
0
0
0
0
0
0
0
0
0
0
0
0
0
0
0
0
0
0
0
0
0
0
0
0
0
0
0
0
0
0
0
0
0
0
0
0
0
0
0
0
0
168
76
337
705
482
135
0
338
422
1249
1487
1791
709
168
1146
943
864
1524
1536
1097
322
382
668
787
746
900
918
367
41
167
976
1119
1210
996
346
285
129
990
1637
1880
1182
556
161
160
544
920
1148
468
672
-10
-159
-27
0
0
-123
-293
0
-110
-25
-76
-17
-72
-169
-207
-340
-83
-197
-65
-73
-313
-428
-511
-126
-161
-31
-105
-346
-376
-588
-124
0
0
-87
-264
-244
-454
-178
-63
-90
-189
-476
-392
-426
-629
-439
-371
-415
-597
0
0
0
7
105
5
195
0
0
0
0
0
0
114
60
109
0
0
0
0
72
1
11
67
144
0
0
0
14
0
0
0
0
0
3
0
0
24
143
163
9
2
89
8
61
273
273
24
91
0
0
-141
-82
0
0
0
-69
-17
-240
-410
-144
-25
0
-23
-37
-125
-411
-265
-32
0
-65
-37
-175
-343
-568
-147
0
-110
-15
-146
-463
-588
-190
0
-104
0
0
-51
-235
-166
-159
-156
-317
-230
-20
-23
-397
-437
-657
-587
-298
-323
-389
-401
-488
-513
-551
-407
-391
-282
-448
-292
-323
-351
-507
-452
-430
-532
-458
-321
-376
-625
-729
-664
-518
-438
-395
-357
-649
-673
-663
-623
-500
-518
-355
-470
-263
-234
-361
-247
-449
-426
-391
-190
-48
-69
-166
-373
-352
-121
-8
-94
-212
-783
-328
-343
-109
-23
-94
-46
-203
-496
-294
-71
-182
-49
-4
-4
-204
-83
-107
-240
-93
-20
0
-35
-7
-37
-83
-93
-67
-85
-11
0
-73
-445
-329
-54
-50
0
-42
-296
-587
-368
-185
-278
-625
-325
-313
-302
-95
-307
-709
-422
-160
-500
-401
-626
-213
-15
-171
-38
-32
-29
-234
-59
0
-29
0
0
0
-60
-45
-82
-95
-31
-2
-35
-248
-142
-256
-5
-62
-35
-536
-566
-66
-80
-63
-217
-133
-509
-573
-96
-65
0
-16
-260
-190
-104
-32
0
-32
-4
-502
-830
-733
-270
0
-8
-2
-529
-857
-704
-306
0
0
0
-476
-563
-428
-229
0
-10
0
-423
-647
-494
-225
0
-29
0
-304
-992
-1084
-326
0
-353
-206
-114
-884
-1078
-225
0
-232
0
0
0
0
-35
-160
0
0
-33
-156
-83
0
-48
-5
-24
-176
-695
-408
-6
-243
-124
-106
-40
-182
-50
0
-340
-257
-181
0
0
0
0
-406
-176
-93
0
0
-53
-57
-339
-273
-212
-102
0
-141
-114
-351
0
0
0
0
0
0
0
0
0
9
6
0
0
9
0
0
14
8
5
0
3
0
0
0
0
0
0
8
0
0
0
0
0
0
0
0
0
0
0
0
12
7
74
358
195
2
0
119
396
9
0
-46
-28
0
-58
-54
0
0
-136
-446
-215
0
-13
0
0
-617
-1955
-991
-10
-6
-6
-5
-279
-1015
-481
0
-95
-5
-3
0
0
0
0
-81
0
0
0
0
0
0
0
-33
-61
-20
0
0
-24
-82
-555
-642
-351
-403
-548
-565
-848
-625
-646
-380
-543
-577
-441
-699
-573
-631
-473
-326
-497
-464
-506
-502
-522
-490
-465
-655
-458
-496
-458
-524
-452
-533
-656
-476
-531
-379
-563
-427
-389
-355
-302
-427
-449
-733
-501
-380
-335
-417
-586
-605
-714
-731
-752
-700
-765
-973
-630
-751
-957
-946
-909
-773
-669
-613
-615
-621
-785
-758
-550
-562
-661
-637
-560
-558
-803
-604
-687
-661
-647
-499
-512
-695
-511
-549
-657
-613
-448
-544
-446
-410
-522
-447
-503
-473
-437
-330
-523
-950
68
0
0
0
0
0
330
116
6
0
52
18
0
85
20
4
0
101
72
0
0
0
0
0
0
144
61
0
0
0
0
0
126
50
0
0
0
0
0
0
0
0
203
576
175
23
89
355
1047
0
0
307
301
18
22
0
0
0
888
1154
1319
362
0
0
10
223
394
840
639
0
0
79
292
229
796
736
40
0
12
466
901
1167
717
61
0
0
195
393
544
301
0
0
0
0
0
0
0
0
0
0
0
0
0
-14
-6
-56
-3
-37
-208
-71
0
-52
-100
-31
-86
-415
-157
-1
-111
-28
-23
0
-117
-36
0
-6
0
0
0
0
0
0
-30
-26
-12
0
0
0
-11
-180
-278
-191
-14
0
0
-15
-127
163
0
14
7
0
9
0
40
0
48
94
10
0
0
0
0
130
328
146
2
0
0
0
25
151
75
12
0
0
0
0
0
2
2
0
0
0
0
0
0
0
0
0
0
0
0
0
0
82
-189
-375
-498
-446
-436
-360
-162
-543
-584
-560
-567
-564
-584
-440
-699
-768
-547
-838
-624
-654
-718
-681
-788
-596
-851
-724
-674
-624
-674
-764
-564
-761
-776
-632
-552
-594
-679
-708
-931
-823
-682
-756
-335
-384
-694
-960
-849
-682
-497
613
208
591
489
162
237
242
123
8
1139
631
1120
416
82
121
19
194
91
377
141
187
0
0
0
0
0
0
5
0
0
0
0
0
0
0
43
0
0
0
0
0
0
25
0
0
0
0
0
320
-103
-81
-157
-61
-234
-227
-50
1
48
-190
-470
-195
149
63
-251
-70
18
247
-9
-58
-43
303
123
-2
-461
-84
9
45
19
33
238
263
86
-45
-87
-170
-109
-13
146
92
93
61
85
65
219
281
273
135
44
0
0
0
0
0
0
0
0
0
0
0
0
0
0
0
0
0
0
0
0
0
0
0
0
0
0
0
0
0
0
0
0
0
0
0
0
0
0
0
0
0
0
0
0
0
0
0
0
0
566
219
38
96
212
124
612
78
66
7
0
0
6
161
0
0
0
0
0
0
34
5
0
16
7
0
0
27
15
0
9
8
0
0
16
75
22
0
0
0
0
6
157
24
8
0
0
0
392
-674
-270
-346
-323
-275
-234
-271
-229
-124
-479
-453
-508
-249
-129
0
0
-22
-20
-70
-32
-26
-144
-16
0
0
0
0
-28
-260
-89
0
0
0
0
-152
-74
-101
-63
-7
0
-19
-225
-215
-466
-265
-90
-82
-307
-617
635
167
13
0
0
139
320
216
24
0
0
0
12
73
0
0
0
0
0
0
0
14
0
0
0
0
0
111
159
52
0
0
0
0
148
177
27
0
0
0
6
48
398
770
322
0
0
366
884
391
262
13
0
0
353
1089
306
224
103
311
58
39
183
160
124
128
605
163
0
8
0
0
4
164
50
0
2
0
0
0
18
11
0
0
19
23
202
1033
919
128
0
277
52
517
1612
1122
139
0
895
702
129
31
260
442
798
762
382
13
0
0
90
592
135
63
0
0
0
0
199
168
156
0
0
0
0
241
184
245
14
0
0
0
547
87
61
6
0
0
0
324
3
8
48
0
0
106
284
1077
630
102
0
47
25
422
719
630
26
0
0
35
447
397
385
0
0
0
35
513
102
263
1
0
0
35
610
2
128
5
0
11
85
694
188
30
34
350
1012
223
218
261
0
104
539
882
100
114
0
0
0
0
0
0
0
0
0
0
0
0
0
0
0
0
0
0
0
0
0
0
0
0
0
0
0
0
0
0
0
0
0
0
0
0
0
0
0
0
0
0
0
0
0
0
0
0
0
144
0
0
0
0
0
149
0
0
0
0
0
0
152
0
0
13
379
91
0
10
0
0
20
536
151
0
0
0
0
0
0
0
0
0
28
11
3
0
0
0
83
76
15
71
80
42
83
293
0
-6
0
0
0
-44
-95
0
0
0
-63
-37
0
0
-15
-9
0
-33
-9
0
0
-207
-148
-43
-63
-129
-42
-82
-324
-455
-138
-123
-139
-24
-33
-120
-288
-53
-25
-9
-39
-81
-524
-1009
-443
-45
-51
-406
-650
94
0
0
0
0
0
50
0
0
132
295
158
25
0
37
0
170
445
338
21
0
42
4
0
0
0
0
2
103
2
0
0
0
0
3
33
0
0
0
0
0
0
0
0
0
0
0
0
63
-404
-626
-718
-759
-716
-810
-1119
-599
-683
-813
-1107
-913
-710
-815
-902
-836
-612
-973
-909
-710
-764
-830
-828
-584
-696
-755
-755
-718
-710
-767
-629
-570
-730
-761
-663
-744
-783
-804
-1022
-1005
-790
-983
-888
-712
-887
-1337
-1235
-859
-887
490
399
86
100
125
6
82
69
123
0
0
0
0
52
63
59
0
0
0
31
479
180
176
0
0
0
0
433
199
125
0
0
0
0
763
390
80
0
0
0
128
1080
621
464
334
46
16
504
1699
-282
-478
-539
-565
-565
-556
-265
-399
-640
-788
-929
-813
-688
-470
-438
-670
-818
-895
-762
-691
-603
-582
-766
-733
-760
-737
-743
-626
-613
-809
-761
-768
-672
-731
-641
-450
-601
-597
-588
-493
-693
-739
-383
-589
-499
-318
-300
-604
-686
0
0
0
0
0
0
0
0
0
52
196
54
0
0
0
0
83
719
277
0
0
0
0
0
156
81
0
0
0
0
0
0
0
0
0
0
63
9
0
0
194
395
72
443
425
45
0
466
637
1078
334
0
0
0
75
169
323
31
0
0
0
0
23
0
0
0
60
12
0
0
0
0
0
38
0
0
0
0
0
0
0
0
0
0
0
0
0
0
0
0
0
0
0
0
0
0
0
0
0
0
0
0
0
0
0
0
0
0
0
0
0
0
0
0
0
0
0
0
0
0
0
0
0
0
0
0
0
0
0
0
0
0
0
0
0
0
0
0
0
0
0
0
0
0
0
0
0
165
13
0
0
51
380
1123
107
25
52
374
105
0
173
97
9
365
2351
1066
0
0
0
0
104
935
355
0
0
0
0
0
0
0
0
0
0
0
0
53
56
0
0
0
0
11
17
68
143
671
1077
809
254
213
476
847
1662
682
541
43
18
182
316
739
308
183
0
0
41
49
60
35
75
0
0
51
105
115
3
112
19
0
2
8
225
133
53
1
0
0
0
47
44
0
0
0
0
0
0
-495
-743
-433
-430
-607
-758
-722
-566
-839
-465
-238
-157
-633
-861
-395
-707
-868
-695
-505
-719
-762
-451
-682
-944
-955
-882
-875
-676
-499
-774
-842
-866
-814
-927
-854
-545
-690
-790
-846
-698
-701
-714
-610
-621
-760
-890
-892
-753
-464
467
227
15
121
448
608
859
475
305
13
3
3
57
341
337
202
0
0
0
0
337
13
1
0
0
0
0
154
10
76
24
0
0
0
112
106
95
24
0
0
0
22
35
0
0
0
0
0
126
-660
-642
-575
-599
-631
-674
-850
-627
-682
-596
-535
-510
-630
-619
-586
-594
-666
-482
-651
-663
-622
-455
-519
-599
-413
-628
-677
-708
-497
-482
-594
-539
-701
-666
-551
-584
-628
-706
-801
-935
-730
-552
-775
-814
-694
-709
-933
-767
-674
182
300
82
29
34
395
847
0
61
315
253
0
105
235
147
169
79
37
0
0
0
282
242
74
60
0
0
24
155
90
91
101
0
0
28
11
0
0
8
8
25
67
104
282
331
49
0
77
323
0
0
0
0
0
0
0
-1
0
0
-115
-103
-25
0
0
0
-188
-1349
-727
-1
0
0
0
-128
-1097
-497
-14
-15
0
0
0
-21
-7
0
-19
0
0
0
0
0
0
0
0
0
-11
-152
-192
-23
0
-245
-344
-417
-361
-267
-446
-762
-293
-359
-819
-975
-743
-605
-537
-411
-530
-788
-1330
-1027
-602
-458
-429
-526
-615
-748
-639
-489
-504
-553
-564
-428
-312
-302
-454
-502
-468
-597
-425
-184
-284
-505
-470
-374
-553
-488
-489
-527
-390
-344
-210
-114
0
-29
-22
0
0
-45
0
-203
-460
-183
-6
0
0
0
-706
-1988
-1167
-127
0
0
0
-375
-1021
-661
-92
0
0
0
-99
-67
-40
-10
0
0
0
-5
-3
0
0
0
-26
-35
-5
0
0
0
-64
225
47
16
0
53
134
107
123
56
0
0
0
34
216
136
130
11
0
0
8
270
37
0
0
0
0
0
4
106
0
0
0
0
0
0
5
0
1
124
19
0
8
0
0
16
135
8
0
50
1087
583
59
107
334
603
1059
940
413
1
0
0
60
499
654
363
0
0
0
0
131
180
187
0
0
0
0
136
297
197
16
0
0
0
220
148
76
12
0
0
0
67
0
0
0
0
0
0
279
-359
-121
-42
-105
-193
-142
-154
-157
-23
-10
0
-91
-85
-202
-38
-4
-9
0
-27
-14
-109
0
0
0
0
-101
-106
0
0
0
-5
-32
-237
-146
0
0
-15
-12
-32
-126
-106
-246
-235
-581
-440
-19
-1
-281
-695
-28
0
-343
-247
-52
-48
-171
-21
0
-332
-241
-470
-215
-41
-46
0
-109
-55
-84
-44
0
-8
0
-104
-59
0
0
-19
-32
0
-72
-80
-8
-3
-127
0
0
0
-98
-132
-12
-174
-207
-182
-20
-123
-240
-9
-71
0
0
0
0
0
0
0
0
0
0
0
0
0
0
0
0
0
0
0
0
0
0
0
0
0
0
0
0
0
0
0
0
0
0
0
0
0
0
0
0
0
0
0
0
0
0
0
0
0
-81
-17
-481
-352
-43
-2
-152
0
0
-1405
-1447
-1170
-340
0
0
-1
-429
-359
-942
-473
0
0
0
-144
-243
-624
-335
0
0
0
-123
-403
-612
-264
0
0
0
0
0
-87
-57
0
-195
-154
-23
0
0
-29
-167
0
0
-43
-23
-113
-92
0
0
0
-41
-80
-242
-115
0
0
0
-181
-380
-502
-170
0
0
0
-135
-308
-744
-394
0
0
0
0
-84
-518
-286
0
0
0
-55
-380
-488
-87
0
0
0
-49
-373
-334
-30
0
0
0
178
159
15
12
0
29
22
368
278
559
254
0
53
31
53
0
124
99
17
0
0
24
0
0
0
0
0
0
5
0
0
0
0
25
144
138
33
0
41
8
323
390
303
174
207
125
4
-795
-1051
-928
-1055
-1066
-1017
-1176
-978
-1090
-769
-683
-625
-876
-1203
-1033
-1041
-675
-329
-486
-798
-1000
-1033
-1009
-740
-459
-590
-804
-1005
-1134
-1034
-817
-717
-593
-821
-1236
-995
-1028
-872
-580
-474
-817
-1015
-725
-770
-865
-495
-485
-835
-783
0
0
0
0
0
0
0
0
0
0
47
0
0
32
37
27
0
31
0
0
123
6
22
73
59
45
26
280
0
63
69
130
196
53
24
13
24
0
83
166
13
0
208
764
473
26
47
252
846
-21
-136
-32
0
-4
-202
-172
0
-103
-3
0
0
-6
-18
0
-44
0
-186
-44
0
0
0
0
0
-86
-14
0
0
0
0
0
0
0
0
0
0
0
-8
-270
-485
-113
0
-1
0
-74
-498
-649
-108
0
796
164
194
227
338
154
213
297
32
0
5
0
0
53
51
21
0
0
20
12
78
26
31
15
0
62
35
39
150
21
16
0
4
4
33
42
4
4
0
0
24
89
0
0
0
0
17
19
350
300
59
0
0
0
47
872
0
0
0
0
0
0
205
0
0
119
846
226
0
0
0
0
63
615
123
0
0
0
0
0
28
19
0
0
0
0
56
380
362
39
0
24
0
167
817
731
96
49
0
0
0
0
0
0
0
0
0
0
0
0
0
0
0
0
285
481
135
0
0
0
0
176
408
477
107
0
35
0
-269
-413
-278
-44
0
-37
20
-253
-846
-625
-133
0
62
13
-62
110
53
0
0
-190
-9
-293
-160
-62
-36
0
-59
0
-526
-488
-929
-370
0
0
-7
-240
-296
-875
-372
0
0
-5
-272
-227
-428
-271
0
0
0
-233
-247
-134
-129
-1
-24
0
-189
-262
-384
-191
-25
-664
-191
-105
-272
-393
-90
0
0
0
0
0
0
-101
-222
-7
0
-132
-354
-106
-21
-187
-6
0
-157
-348
-182
-24
-13
0
0
-31
-103
-186
-50
0
0
0
-53
-93
-74
-9
0
0
0
-15
-130
-41
0
0
0
-68
-48
-50
-7
-16
-33
541
0
0
0
0
0
25
24
0
138
98
68
38
0
0
0
34
38
16
11
0
0
0
0
0
0
0
0
0
0
0
0
0
0
0
0
0
0
0
0
0
0
3
0
0
0
0
0
292
343
395
83
15
76
264
522
436
415
44
0
25
103
316
238
159
0
0
40
52
248
243
161
0
0
53
88
330
285
265
13
0
21
99
583
403
374
157
24
0
49
381
628
310
165
173
0
0
1
-165
-335
-113
0
-58
-575
-1409
-129
-471
-113
0
0
-299
-1148
-493
-574
-27
0
0
-170
-874
-716
-764
-93
0
0
-154
-829
-687
-966
-256
0
0
-34
-518
-541
-511
-160
0
0
0
-181
-225
-5
0
-2
-85
-79
-552
70
120
87
0
0
4
101
13
172
22
0
0
12
67
82
129
9
0
44
130
203
236
88
104
10
414
300
60
249
32
30
22
280
180
33
17
0
123
540
664
130
84
0
147
236
460
491
86
171
0
0
0
0
0
-29
-190
0
0
-259
-506
-228
-22
-1
0
0
-228
-533
-453
-70
0
0
0
-24
-102
-228
-30
0
0
0
-20
-312
-562
-131
0
0
0
-151
-975
-1088
-190
0
0
0
-95
-432
-386
-26
0
0
0
-84
-56
0
-10
-430
0
0
-29
-15
-35
-8
-244
0
0
-11
-9
-3
-1
0
0
0
0
0
-8
-4
0
0
0
0
0
-5
-2
0
0
0
0
0
0
0
0
-99
-513
-287
-32
0
-149
-226
-209
-191
-45
-29
0
0
-59
-120
-110
-259
-568
-196
-2
-35
-3
-11
-152
-548
-229
-1
0
0
0
-23
-15
-126
-70
0
0
0
-79
-203
-387
-127
0
0
0
-65
-429
-325
-82
-86
-309
-435
-368
-180
-23
-479
-858
87
0
53
47
0
0
437
23
12
31
31
110
97
58
33
26
0
65
16
0
0
0
0
0
5
3
0
0
0
0
0
0
0
0
0
0
0
17
497
390
28
0
0
0
92
647
746
127
0
-355
-487
-86
-13
-155
-412
-1270
-330
-541
-54
0
0
-200
-765
-83
-169
-2
0
0
-30
-57
-61
-7
0
-50
-12
0
-42
-113
-14
-6
-26
-6
0
-295
-5
-3
-130
-385
-288
-65
-210
-145
-2
-82
-188
-129
-17
0
330
37
76
45
35
22
2
414
63
45
41
598
186
36
110
33
0
0
74
34
26
0
0
0
0
32
14
0
0
0
0
0
35
21
0
0
0
0
26
12
8
87
142
522
430
126
19
435
800
0
0
0
0
0
0
0
0
0
0
0
0
0
0
0
0
0
0
0
0
0
0
0
0
0
0
0
0
0
0
0
0
0
0
0
0
0
0
0
0
0
0
0
0
0
0
0
0
0
0
0
0
0
0
0
0
0
0
0
0
0
0
0
0
0
0
0
0
0
0
0
0
0
0
0
0
0
0
0
0
0
0
0
0
0
0
0
0
0
0
0
0
0
0
0
0
0
0
-40
-16
-9
0
0
-267
-562
-118
-111
-1
-3
-10
-248
-703
-219
-310
-22
-5
-233
-178
-346
-255
-262
-72
-267
-535
-211
-383
-37
-109
-27
-142
-139
-39
-269
-4
-41
-85
-644
-596
-105
-159
-2
-32
-135
-306
-268
-98
-97
-102
-125
-253
-323
-261
-159
-36
-176
-288
-622
-820
-844
-490
-93
-89
-293
-799
-1143
-994
-502
-127
0
-203
-681
-1023
-756
-469
-130
0
-107
-363
-561
-499
-530
-164
-98
-188
-267
-251
-219
-286
-84
-130
-180
-211
-318
-332
-157
0
-891
-945
-672
-544
-602
-734
-1129
-764
-1019
-770
-454
-526
-773
-807
-600
-859
-996
-1152
-1017
-899
-716
-708
-898
-1054
-1033
-850
-949
-966
-857
-970
-992
-684
-688
-1061
-1049
-716
-745
-853
-901
-843
-953
-797
-620
-659
-919
-1338
-1296
-1072
-863
672
0
0
22
110
462
837
232
14
0
0
0
29
143
135
8
0
0
0
0
23
0
0
0
0
0
0
3
0
23
0
0
0
0
0
6
60
0
0
0
0
199
131
0
0
0
0
131
1024
-397
-527
-186
-22
-61
-217
-672
-463
-513
-255
-344
-166
-164
-579
-531
-414
-499
-1425
-768
-332
-799
-564
-386
-266
-634
-282
-281
-743
-609
-445
-142
-65
-65
-323
-772
-685
-329
-117
-317
-407
-477
-785
-344
-119
-170
-331
-378
-263
-601
-227
-41
0
0
-3
-10
-195
-71
0
0
-12
-12
-2
-62
-7
0
-57
-309
-207
-15
-29
-9
0
-142
-388
-196
-9
-54
0
0
-46
-119
-41
-12
-13
0
0
0
-21
-10
-2
0
-314
-273
-30
-78
-18
0
-42
0
3
0
0
0
107
474
27
5
61
158
31
21
267
0
0
231
471
159
0
0
0
0
14
9
51
18
0
0
0
24
83
150
34
0
0
0
0
130
37
0
0
0
0
0
21
0
0
1
-511
-771
-341
-373
-544
-643
-932
-670
-866
-278
-284
-235
-506
-692
-751
-813
-466
-452
-272
-512
-788
-880
-891
-524
-565
-637
-683
-896
-962
-959
-463
-483
-587
-662
-926
-805
-827
-589
-669
-635
-617
-955
-798
-1076
-1037
-936
-764
-815
-1034
635
54
0
0
0
0
282
146
20
56
38
0
0
80
0
0
138
315
82
0
6
0
6
40
160
38
0
243
111
115
12
7
0
0
203
119
21
0
102
204
25
3
0
125
79
211
327
79
829
-827
-895
-788
-810
-801
-833
-807
-993
-991
-786
-702
-784
-845
-997
-1143
-1116
-731
-652
-684
-794
-1173
-1051
-1041
-708
-623
-586
-745
-1145
-961
-1126
-700
-490
-466
-676
-1041
-817
-939
-719
-569
-569
-621
-955
-715
-719
-639
-652
-766
-677
-1035
308
60
0
0
0
0
92
138
27
0
0
0
0
39
18
0
0
0
0
0
0
50
16
0
0
0
0
41
276
168
4
0
28
87
315
241
86
2
0
26
67
238
176
169
132
30
27
164
571
230
118
170
43
73
84
146
262
130
104
36
52
107
119
0
0
77
432
202
8
19
31
0
131
644
245
0
2
58
0
37
92
23
0
0
54
0
0
5
0
0
0
167
57
5
23
5
0
0
504
36
0
0
0
0
258
397
86
0
0
0
43
323
224
68
47
448
133
8
239
10
26
33
359
129
1
151
0
111
68
0
0
12
15
0
114
194
0
0
200
96
0
34
118
0
0
94
173
-221
-79
-16
-29
-104
-151
-714
-55
-64
0
0
0
-74
-362
-13
-27
0
-378
-97
-43
-49
-433
-326
0
-190
-63
-17
-392
-675
-565
-34
-46
-94
-19
-366
-522
-318
-135
-731
-720
-88
-144
-150
-4
-72
-555
-429
-115
-268
0
0
17
67
0
0
0
22
0
20
282
29
0
0
48
12
192
451
75
0
0
0
0
249
503
79
0
0
0
0
210
313
78
18
0
0
0
93
294
354
82
0
49
491
566
162
83
307
319
675
590
100
24
235
283
1410
198
342
10
0
0
59
729
35
55
0
0
0
0
166
26
55
0
0
0
0
204
53
230
27
0
0
0
206
5
92
9
0
0
0
41
6
0
0
163
71
13
140
0
0
-443
-301
-86
-63
0
0
0
-928
-1099
-1269
-443
0
0
0
-213
-504
-865
-240
-7
0
0
-43
-178
-245
-82
-9
0
0
-105
-298
-331
-92
0
0
0
-11
-8
-19
0
0
-77
-203
-25
0
0
0
0
-669
-787
-774
-821
-812
-762
-405
-669
-764
-755
-821
-927
-828
-449
-624
-752
-818
-681
-689
-785
-737
-723
-814
-855
-801
-630
-798
-874
-765
-851
-769
-775
-725
-817
-795
-681
-840
-799
-813
-764
-702
-587
-610
-683
-727
-897
-741
-615
-517
222
7
0
0
0
5
164
19
0
0
0
23
19
0
0
0
4
2
0
0
14
0
0
137
303
37
0
18
28
0
98
329
78
0
0
42
0
2
1
1
1
0
0
0
0
0
0
0
0
-416
-206
-138
-172
-147
-132
-325
-558
-313
-55
-319
-188
-84
-167
-339
-188
-207
-1166
-508
-44
-118
-203
-95
-95
-473
-206
-45
-165
-247
-239
-63
-36
-11
-54
-217
-261
-157
-4
-4
-2
-5
-130
-492
-466
-230
-203
-54
-76
-305
-95
-174
-289
-315
-405
-534
-212
-422
-309
-613
-545
-569
-520
-262
-804
-668
-524
-197
-406
-435
-681
-563
-429
-160
-33
-29
-136
-529
-359
-169
-24
-5
0
-104
-441
-284
-122
-173
-193
-8
-156
-400
-80
-73
-200
-141
-3
-18
-8
0
0
0
0
0
0
0
0
0
0
0
0
0
0
0
0
0
0
0
0
0
0
0
0
0
0
0
0
0
0
0
0
0
0
0
0
0
0
0
0
0
0
0
0
0
0
0
0
0
188
0
0
0
138
194
668
24
0
0
0
0
0
111
0
0
0
0
0
0
1
8
0
0
0
98
69
0
146
0
0
0
23
21
0
93
0
0
0
0
0
16
53
0
0
0
0
0
112
0
0
0
0
0
0
0
0
0
15
5
3
2
0
0
0
7
1
0
0
0
5
16
26
49
8
0
12
14
8
55
94
17
2
16
0
8
6
113
123
22
0
102
334
115
136
271
34
83
0
0
0
0
0
0
0
-5
0
0
0
0
0
0
-8
0
-18
0
0
-13
-6
-2
0
-48
0
0
-8
-5
0
0
-19
0
0
0
0
-73
-11
-38
-57
0
0
0
-299
-236
-609
-404
-130
-74
0
-136
-205
-370
-301
-175
-179
-166
-255
-440
-602
-450
-410
-290
-156
-431
-590
-268
-17
-191
-357
-248
-212
-450
-247
-48
-212
-450
-219
-183
-491
-338
-216
-353
-534
-520
-349
-625
-454
-296
-270
-504
-535
-214
-380
-420
-137
-99
-241
-109
-332
-496
-433
-392
-425
-459
-365
-490
-533
-357
-583
-218
-321
-513
-628
-697
-803
-1288
-858
-571
-683
-851
-980
-866
-929
-1227
-971
-793
-802
-1057
-836
-742
-907
-907
-767
-844
-966
-817
-562
-484
-806
-996
-1073
-1351
-1142
-706
-661
-1257
-1484
0
0
0
0
0
62
243
0
0
0
0
0
0
0
0
0
0
0
0
0
0
0
0
0
0
182
86
0
0
0
31
83
276
94
0
0
0
0
1
20
9
0
0
0
0
0
0
0
0
364
270
28
0
0
57
207
111
301
19
0
0
27
59
256
248
2
18
0
0
135
247
152
26
38
0
0
89
124
0
0
0
0
0
233
191
0
0
0
0
0
256
27
0
0
124
60
0
73
-174
-392
-431
-495
-387
-355
-73
-542
-557
-460
-332
-413
-456
-255
-523
-613
-645
-632
-536
-553
-439
-276
-500
-685
-684
-574
-518
-318
-209
-492
-640
-502
-493
-571
-420
-283
-514
-530
-336
-307
-522
-354
-396
-532
-499
-439
-451
-508
-127
0
0
0
0
0
0
72
0
0
5
2
0
0
3
0
0
2
40
24
0
0
0
0
0
107
60
0
0
0
0
0
37
14
0
0
0
0
0
0
0
0
0
0
0
0
0
0
0
16
0
0
-263
-212
-36
-15
0
-1
0
-233
-254
-229
-163
-1
0
0
0
0
-97
-110
-1
0
-9
-72
-68
-10
-85
-62
-2
-26
-141
-118
-16
-138
-185
-136
-170
-72
-25
0
-90
-135
-423
-518
-180
-7
0
-33
-39
-43
-4
-3
0
0
-69
-147
-24
-83
0
0
0
-121
-463
-681
-684
-37
-125
-48
-101
-752
-1209
-1100
-62
-109
-55
-74
-980
-975
-915
-54
0
0
-14
-559
-287
-396
-71
0
0
-33
-248
0
-69
-144
0
-57
-524
-1152
221
0
0
0
0
48
299
0
0
0
0
0
0
26
0
0
0
10
0
0
0
0
0
9
6
0
0
42
0
0
0
0
2
2
30
0
0
0
0
0
0
0
0
52
4
0
0
0
144
0
0
-253
-202
-90
-35
0
0
0
-576
-1058
-949
-319
0
0
-6
-376
-1308
-1086
-270
0
0
-19
-149
-673
-828
-383
-2
0
0
-82
-403
-742
-397
-36
0
0
-11
-436
-707
-218
-10
-12
0
-34
-348
-407
-72
0
484
144
0
0
0
13
429
97
48
0
0
0
0
151
0
0
0
0
0
0
11
141
17
21
11
0
0
38
330
126
19
22
0
0
46
130
28
0
0
0
0
72
59
332
70
0
1
376
1100
-319
-120
0
0
0
-170
-589
-184
-76
0
-26
0
0
-73
-5
0
0
-49
-35
0
0
-52
0
0
-44
-22
0
0
-35
0
0
0
0
0
0
0
0
-8
-236
-178
0
0
0
0
-7
-330
-241
0
0
-440
-508
-114
-16
-5
-151
-152
279
163
-42
22
15
51
118
230
271
-247
-341
-449
-250
14
0
2
4
-279
25
75
-137
0
115
263
342
107
2
-89
-30
11
28
27
109
168
268
-158
-33
97
-59
-49
104
-42
-329
-664
-855
-874
-851
-862
-565
-757
-935
-1071
-943
-823
-968
-923
-1014
-1148
-1053
-750
-946
-1095
-1136
-922
-1092
-1031
-1079
-1130
-1048
-915
-860
-924
-1052
-1171
-1178
-1034
-825
-918
-992
-1146
-1467
-1452
-1197
-1050
-1001
-1049
-1092
-1334
-1299
-894
-548
44
470
57
-14
89
-364
-59
350
673
-176
188
265
-180
-114
186
942
-157
-67
719
6
-278
88
952
52
-131
399
138
-439
34
938
69
54
246
-66
-227
384
670
-76
-99
500
-151
52
525
411
-136
-208
314
132
-222
-311
-465
-642
-562
-519
-484
-504
-514
-606
-631
-524
-474
-631
-884
-515
-624
-540
-289
-330
-612
-807
-713
-742
-536
-391
-501
-583
-726
-788
-832
-564
-471
-554
-507
-557
-707
-666
-703
-655
-656
-679
-830
-574
-680
-819
-677
-817
-995
-1140
199
27
6
0
93
239
565
26
11
0
0
0
104
338
11
9
0
0
0
0
137
53
86
0
0
0
0
293
244
124
0
0
0
0
189
203
22
0
0
0
0
25
14
0
0
0
0
0
0
0
-33
0
0
0
-49
-166
0
0
0
0
0
-25
-310
0
0
0
0
0
-2
-68
-95
-35
-85
-157
-11
0
-32
-97
-47
-36
-117
-35
0
-41
-25
-83
-119
-325
-101
-90
-321
-742
-1214
-982
-571
-365
-740
-1037
-63
-2
-87
-122
-3
-141
-193
-20
0
-424
-700
-490
-128
-12
-11
-3
-345
-482
-555
-145
0
-22
0
-401
-586
-599
-178
0
-14
0
-297
-806
-647
-199
0
0
0
-263
-1213
-1243
-272
0
0
0
-128
-709
-778
-103
0
-89
-110
-353
-374
-282
-230
-234
-235
-321
-590
-929
-659
-439
-313
-204
-375
-717
-1394
-889
-479
-341
-287
-416
-600
-930
-696
-526
-373
-321
-365
-625
-744
-717
-480
-161
-349
-364
-502
-535
-488
-427
-173
-307
-480
-545
-460
-270
-307
-166
-292
-379
-609
-624
-532
-319
-97
-424
-471
-949
-917
-806
-555
-263
-201
-303
-892
-998
-901
-655
-249
-145
-239
-918
-1224
-999
-636
-270
-125
-175
-720
-1129
-1013
-710
-266
-179
-332
-778
-1421
-1384
-866
-181
-437
-637
-1135
-1575
-1471
-877
-125
-719
-641
-460
-456
-488
-464
-865
-728
-652
-382
-115
-167
-394
-501
-678
-609
-381
-81
-254
-499
-669
-661
-658
-582
-327
-341
-517
-803
-619
-751
-746
-725
-547
-519
-653
-556
-691
-602
-716
-563
-425
-587
-520
-863
-736
-875
-713
-437
-943
0
0
0
0
0
0
0
0
0
0
0
0
0
0
0
0
0
0
0
0
0
0
0
0
0
0
0
0
0
0
0
0
0
0
0
0
0
0
0
0
0
0
0
0
0
0
0
0
0
455
51
2
0
155
389
1561
41
17
0
0
0
15
781
0
78
0
0
0
0
148
126
100
0
0
0
0
269
235
275
11
0
0
0
295
57
155
7
0
0
0
26
89
263
96
8
71
187
408
0
0
19
13
0
0
0
5
0
419
1178
692
84
10
102
199
207
588
667
222
-9
-27
109
27
-162
-238
4
0
1
65
-52
-229
-96
40
70
441
618
671
805
782
768
747
672
940
593
193
360
326
-151
41
0
65
128
12
8
61
25
0
154
248
293
73
16
31
0
0
0
42
13
65
7
0
20
129
41
1
23
0
0
66
265
86
1
0
0
0
0
0
0
0
0
15
0
0
0
0
0
34
-683
-783
-594
-752
-903
-883
-730
-604
-762
-685
-804
-812
-918
-808
-760
-779
-857
-1195
-1003
-897
-831
-727
-785
-1069
-1345
-1218
-943
-645
-623
-745
-956
-1074
-1086
-903
-616
-744
-745
-801
-772
-908
-811
-743
-558
-593
-716
-746
-802
-598
-345
-505
-736
-849
-756
-769
-876
-789
-606
-692
-969
-951
-1161
-891
-654
-676
-674
-655
-529
-783
-717
-620
-580
-717
-519
-369
-635
-848
-742
-747
-809
-543
-415
-596
-747
-640
-813
-761
-478
-240
-484
-576
-485
-580
-424
-412
-592
-661
-516
-519
578
70
12
85
250
169
285
195
47
0
0
0
0
0
9
0
0
0
0
0
49
0
1
0
0
0
0
0
65
1
0
0
0
0
120
79
0
0
0
0
0
262
15
2
49
0
0
164
309
-62
-77
-215
-95
-66
-117
-12
-92
-6
-239
-80
-241
-143
-15
-25
0
-31
0
-57
-45
-39
0
-1
-1
0
-57
-41
-61
0
-35
-19
0
-8
-25
-19
-89
-252
-153
0
0
-139
-221
-594
-740
-364
0
0
-452
-350
-16
-16
-13
-20
-85
0
0
0
-17
-10
-49
-63
0
0
0
-6
-258
-708
-259
-15
0
-54
0
-191
-616
-459
-116
0
-48
0
-228
-392
-486
-234
0
-18
-25
-292
-723
-717
-199
0
-332
-329
-407
-568
-404
-67
-14
0
0
0
0
0
0
0
0
0
0
0
0
0
0
0
0
0
0
0
0
0
0
0
0
0
0
0
0
0
0
0
0
0
0
0
0
0
0
0
0
0
0
0
0
0
0
0
0
0
0
0
-35
-9
0
0
0
0
0
-171
-182
-127
-54
0
-67
-16
-279
-202
-220
-82
0
-44
-8
-107
-76
-112
-38
0
0
0
0
0
-12
-8
0
0
-18
-24
-18
0
0
0
-151
-250
-117
-147
-30
0
0
200
0
0
0
70
21
0
31
0
0
0
0
0
0
0
0
196
646
206
13
0
0
16
47
234
211
26
0
0
18
17
28
28
0
0
0
0
3
59
112
31
0
0
0
0
219
458
74
0
89
0
152
396
197
0
98
0
0
95
857
331
10
0
0
0
354
1613
615
52
0
0
0
307
1623
578
11
0
0
0
3
392
267
0
0
0
0
192
654
459
60
0
448
678
527
1022
686
195
169
0
0
-108
-57
0
-3
-20
0
-10
-421
-482
-156
-22
0
0
-35
-298
-339
-184
-44
-4
0
-6
-280
-177
0
-47
-37
0
-1
-92
-55
-14
-60
-51
0
-1
-11
-88
-362
-145
-47
-69
-31
-11
-101
-302
-63
-335
181
0
0
0
0
0
183
7
0
0
0
0
0
71
0
0
0
0
0
0
0
16
30
0
0
0
0
34
27
60
0
0
0
0
25
69
22
0
0
0
0
13
51
16
0
0
0
1
230
0
0
-363
-264
-59
-37
0
-9
0
-858
-1221
-881
-327
0
-10
-5
-609
-1121
-1036
-358
0
0
-5
-417
-556
-671
-367
-3
0
0
-451
-788
-911
-508
-19
0
-12
-469
-1089
-1126
-501
-87
-278
-405
-533
-910
-803
-374
-429
194
38
114
93
113
28
389
130
8
0
19
0
0
177
312
107
0
0
0
0
200
203
185
0
0
0
0
47
120
49
0
0
0
0
0
309
116
33
0
0
92
305
205
51
76
0
27
256
1052
-341
-528
-428
-669
-753
-601
-515
-647
-752
-366
-255
-220
-614
-840
-880
-966
-703
-669
-589
-721
-837
-818
-1022
-797
-940
-848
-804
-858
-783
-1122
-922
-815
-807
-804
-863
-780
-1089
-1030
-890
-784
-857
-805
-348
-523
-724
-795
-780
-712
-415
0
0
0
0
0
0
0
0
0
0
0
0
0
0
0
0
0
0
0
0
0
0
0
0
0
0
0
0
0
0
0
0
0
0
0
0
0
0
0
0
0
0
0
0
0
0
0
0
0
146
0
0
0
0
0
279
44
0
0
0
0
0
47
0
0
99
686
152
0
0
61
19
34
362
65
0
0
104
5
20
14
10
6
0
0
0
34
299
306
32
17
109
39
20
266
341
14
0
281
0
0
0
0
0
154
66
0
0
0
0
0
12
0
0
0
0
0
0
0
0
0
37
35
41
15
0
0
0
47
59
63
14
0
0
0
0
1
0
0
0
0
0
13
0
0
0
114
-362
-473
-353
-292
-255
-270
-521
-416
-431
-427
-235
-406
-406
-435
-698
-606
-421
-224
-312
-407
-591
-670
-535
-469
-483
-242
-280
-424
-606
-444
-343
-367
-251
-317
-270
-458
-385
-353
-312
-438
-384
-370
-392
-423
-446
-368
-492
-485
-344
-98
-36
0
-3
0
0
0
-127
-26
-53
-140
-47
0
0
-165
-42
-204
-885
-392
0
0
-9
-15
-40
-200
-48
0
0
-16
-10
-17
-90
-27
0
0
0
0
-30
-285
-236
-15
0
-28
-93
-23
-89
-127
-14
-173
155
0
0
0
0
65
294
0
0
0
0
0
0
28
0
0
0
25
18
0
0
0
0
0
14
7
0
0
0
0
0
0
0
0
0
0
0
0
157
309
45
0
0
0
0
101
295
48
37
75
5
0
0
0
2
1
0
0
0
0
0
0
0
0
0
46
113
21
0
0
340
182
41
83
39
17
234
382
290
9
139
87
6
229
28
42
8
105
43
0
2
127
317
43
0
0
0
182
-160
-7
0
0
-25
-202
-154
-116
-18
-38
-113
-31
-156
-453
-25
-10
-15
-109
-45
-47
-558
-72
-146
0
0
-2
-1
-431
-143
-261
-26
-24
-20
-1
-218
-119
-150
-19
-2
-5
-36
-59
0
-10
-22
0
0
-289
-757
656
177
0
0
37
102
1028
439
226
0
124
111
33
311
585
435
0
1
16
3
83
53
47
0
0
0
0
0
86
91
0
0
0
0
112
11
30
15
287
220
27
265
19
0
49
183
249
41
140
-423
-287
-584
-356
-170
-201
-241
-439
-357
-848
-670
-607
-254
-220
-444
-292
-423
-468
-482
-185
-259
-420
-324
-228
-209
-108
-82
-208
-493
-364
-216
-126
-123
-183
-297
-434
-374
-357
-716
-654
-275
-381
-536
-415
-331
-673
-664
-174
-322
-588
-480
-83
-23
-95
-507
-997
-518
-410
-25
0
0
-292
-827
-402
-262
0
0
0
-99
-487
-491
-402
-41
-43
-431
-357
-756
-600
-629
-157
-345
-661
-364
-716
-400
-364
-57
-145
-320
-106
-328
-240
-300
-137
-31
-162
-161
-917
-311
-421
-753
-726
-658
-559
-552
-547
-594
-787
-604
-737
-650
-524
-834
-780
-642
-533
-580
-646
-769
-872
-800
-625
-529
-489
-617
-824
-804
-650
-606
-468
-462
-598
-614
-679
-594
-594
-444
-551
-622
-586
-681
-606
-559
-571
-644
-645
-299
0
0
0
0
0
0
0
0
0
0
-15
-11
0
0
0
0
-30
-127
-68
-6
0
0
0
-127
-276
-268
-96
0
0
0
-193
-476
-346
-109
0
0
0
-30
-235
-264
-80
-208
-101
-298
-177
-306
-401
-354
-274
80
0
126
71
0
14
260
0
0
24
10
75
44
8
0
0
0
0
0
0
0
4
0
102
74
144
82
0
34
0
205
401
160
50
0
0
0
28
154
150
23
0
0
0
0
9
44
9
20
-101
-82
-16
0
-11
-53
-16
-233
-41
0
-10
-8
-18
-11
-129
-57
-122
-26
0
0
0
0
-24
-307
-442
-184
-11
0
0
-1
-181
-495
-240
-13
0
0
0
0
-100
-187
-27
0
-402
-565
-259
-53
-119
-290
-123
-559
-639
-653
-706
-663
-630
-826
-607
-743
-680
-952
-703
-575
-829
-659
-816
-622
-875
-905
-668
-749
-626
-735
-569
-535
-1001
-906
-869
-620
-787
-694
-659
-935
-894
-717
-475
-644
-627
-877
-1049
-702
-618
-136
-206
-388
-710
-909
-586
-587
73
0
0
0
0
0
0
88
2
0
0
0
0
0
28
18
10
0
0
0
0
0
163
7
0
0
0
38
0
178
57
0
0
0
16
13
348
101
0
0
21
64
8
222
215
0
22
362
1308
130
16
0
0
84
193
626
0
31
19
0
0
0
111
24
72
22
439
159
6
3
0
0
0
558
94
0
0
0
0
0
0
0
0
10
0
0
0
121
52
0
11
0
0
42
389
107
0
0
0
0
31
23
0
0
0
0
0
17
111
44
0
0
0
0
0
736
300
0
0
0
0
0
341
133
0
0
0
0
0
0
0
0
0
0
0
0
0
0
0
0
92
17
3
368
348
22
0
0
-19
-304
-424
-310
-175
-14
0
-100
-504
-508
-471
-394
-90
-55
-179
-439
-392
-324
-275
-92
-57
-124
-310
-431
-253
-94
-24
-33
-53
-93
-81
-7
-29
-25
-228
-196
-106
-39
-73
-126
-27
-538
-328
-274
-409
-487
-287
-7
0
0
0
0
0
0
0
0
0
0
0
0
0
0
0
0
0
0
0
0
0
0
0
0
0
0
0
0
0
0
0
0
0
0
0
0
0
0
0
0
0
0
0
0
0
0
0
0
0
-125
-10
0
0
-35
-82
-425
-78
-52
0
0
0
0
-103
-3
-2
0
0
0
0
0
0
0
0
-1
-1
0
0
0
0
0
-1
-1
0
0
0
0
0
0
0
0
0
-12
-131
-100
-5
0
-39
0
0
0
0
0
0
0
0
0
0
0
0
0
0
0
0
0
0
0
0
0
0
0
0
0
0
0
0
0
0
0
0
0
0
0
0
0
0
0
0
0
0
0
0
0
0
0
0
0
0
0
36
94
43
0
0
42
0
0
124
37
60
40
1
0
0
0
0
0
0
0
0
0
0
0
0
0
0
0
0
0
0
40
48
0
0
0
2
1
161
83
10
0
0
2
0
163
53
118
403
9
0
0
41
62
385
121
18
0
0
0
0
14
50
11
0
0
0
0
0
0
0
0
0
0
0
0
0
0
0
0
0
0
0
0
0
29
98
47
0
8
0
0
17
45
20
0
0
0
0
0
0
0
0
0
0
0
0
0
0
0
0
0
0
0
0
0
0
0
0
0
0
0
0
0
0
0
0
0
0
0
0
0
0
0
0
0
0
0
0
0
0
0
0
0
0
0
0
-56
-74
-32
-42
0
-17
-26
-10
-97
-111
-136
-56
-7
-10
-15
-186
-1
-243
-198
-1
0
-1
-295
-191
-581
-358
0
0
0
-239
-574
-720
-388
-46
-11
-60
-433
-1001
-963
-284
-23
-226
-431
-528
-519
-252
-31
0
-313
-122
-2
0
0
0
0
-359
-288
-28
0
-3
-21
-162
-399
-421
-31
0
-2
-70
-373
-93
-393
-136
-4
0
-150
-377
-16
-604
-282
-51
-37
-177
-578
-87
-517
-265
-153
-291
-261
-758
-234
-500
-270
-99
-156
-224
-837
-716
-775
-670
-566
-652
-640
-600
-649
-742
-597
-499
-650
-715
-719
-636
-717
-710
-616
-600
-693
-806
-718
-802
-892
-843
-717
-728
-832
-765
-924
-871
-654
-505
-703
-847
-796
-817
-746
-510
-512
-654
-785
-676
-568
-605
-517
-583
-571
-620
404
223
15
6
81
516
618
215
83
0
0
0
8
33
145
13
0
0
0
0
-2
3
0
67
0
0
0
0
0
0
186
105
58
70
0
0
0
12
-6
105
43
0
0
0
13
41
102
10
0
0
0
0
0
0
0
0
0
0
0
0
0
0
0
0
0
0
0
0
0
0
0
0
0
0
0
0
0
0
0
0
0
0
0
0
0
0
0
0
0
0
0
0
0
0
0
0
0
0
0
-127
-240
-277
-397
-154
0
-165
-193
-137
-161
-82
-229
-127
-54
-3
151
418
233
-71
-205
46
-78
-92
-11
-134
-146
-16
-164
-115
-277
-424
-166
-53
-141
-4
-226
-260
-501
-383
-212
-268
17
-59
67
146
52
-51
381
30
73
82
40
45
424
488
79
25
356
195
0
46
83
143
89
67
23
0
0
0
0
0
0
0
79
47
0
0
0
25
22
139
85
0
58
19
142
822
905
149
0
243
106
185
605
588
84
381
140
0
0
0
0
26
198
7
4
0
0
0
0
54
69
46
0
0
0
0
0
22
6
0
0
0
0
0
65
0
0
81
27
0
0
58
0
59
387
252
11
12
45
20
144
803
715
140
348
0
0
0
0
0
-24
-30
0
0
-27
-204
-73
0
0
0
0
-271
-1227
-648
-24
0
0
0
-345
-1375
-1053
-136
0
0
0
-115
-496
-615
-148
0
0
0
0
-114
-147
-13
0
-29
-66
0
0
0
0
0
-26
-156
-546
-672
-699
-650
-233
-232
-390
-445
-291
-470
-562
-434
-394
-553
-364
-235
-145
-391
-385
-336
-661
-736
-764
-544
-576
-473
-357
-717
-690
-694
-501
-631
-818
-388
-629
-509
-385
-191
-351
-472
-191
-200
-311
-291
-123
-132
-46
0
0
8
-110
-86
0
0
0
0
-2
-291
-131
0
0
0
0
-355
-1000
-570
-50
-11
0
-2
-467
-1125
-749
-195
0
0
-6
-378
-777
-688
-240
0
0
0
-268
-644
-567
-145
0
0
0
-73
-361
-364
-104
0
-57
-14
0
0
0
0
-13
0
0
-9
-8
0
0
0
-41
0
-15
0
-114
-64
0
-136
-19
-71
-136
-741
-399
-6
-137
-35
-184
-602
-974
-406
-7
-37
-3
-130
-466
-590
-145
0
0
0
-17
-66
-169
-33
0
139
44
387
272
116
471
1065
42
44
1086
801
864
519
576
208
190
277
140
620
338
61
278
127
4
0
53
39
16
342
95
0
0
0
22
15
286
58
16
177
145
73
16
89
0
39
304
314
88
0
617
151
25
29
173
278
281
231
23
0
0
0
22
56
18
0
114
237
54
0
23
0
0
58
149
27
0
0
0
0
0
0
0
0
0
0
0
0
0
0
0
0
0
0
0
0
0
0
163
313
0
0
0
0
0
0
51
0
0
0
13
8
0
0
0
48
323
52
0
0
0
0
52
225
28
0
0
0
0
0
3
0
0
0
2
0
0
0
0
0
5
132
98
0
27
0
25
591
161
0
0
0
0
101
877
29
0
204
750
241
0
239
0
0
310
718
315
0
9
0
0
99
82
216
69
2
0
0
33
166
283
57
0
0
0
99
590
376
8
253
34
0
105
429
249
142
1483
0
0
0
0
0
0
0
0
0
0
0
0
0
0
0
0
170
772
381
23
0
14
0
19
179
352
90
0
30
0
0
0
92
32
0
0
0
33
181
70
0
0
0
42
58
153
34
31
0
704
281
1
0
1
6
315
661
333
1
0
0
0
199
252
116
0
0
0
0
196
171
35
33
116
34
0
141
474
172
25
76
24
0
316
210
81
0
0
0
0
202
0
0
0
0
0
0
70
-755
-1018
-520
-522
-815
-933
-910
-912
-948
-562
-867
-601
-658
-795
-788
-912
-863
-673
-743
-735
-772
-900
-970
-948
-960
-1272
-1003
-902
-1010
-1099
-1031
-1327
-1253
-848
-819
-833
-890
-1004
-1336
-1268
-731
-672
-665
-612
-853
-1158
-1133
-653
-377
235
0
0
0
0
0
286
0
0
0
0
0
0
28
0
0
0
0
0
0
0
4
0
13
9
0
0
55
3
46
9
5
0
0
50
19
22
0
0
0
0
84
121
151
27
6
0
53
655
455
395
176
44
0
153
217
163
88
90
2
38
73
59
70
7
0
0
0
4
125
115
0
0
0
0
2
324
37
0
0
0
0
0
193
234
0
0
0
0
0
91
477
152
0
0
0
68
218
-765
-891
-1064
-1069
-996
-873
-918
-846
-988
-1130
-998
-1170
-977
-890
-1058
-1046
-752
-708
-894
-881
-905
-1151
-1078
-532
-481
-728
-802
-946
-1088
-979
-543
-301
-420
-692
-886
-989
-965
-742
-762
-762
-855
-1022
-725
-698
-884
-1050
-1043
-971
-1019
0
0
-94
-59
-63
-33
0
0
0
-10
-17
-100
-38
0
0
0
0
-72
-46
-15
0
0
0
0
-82
-35
-13
0
0
0
0
0
0
-12
0
0
0
-49
-139
-20
0
0
-1
0
-107
-284
-54
0
0
-22
0
0
0
0
0
0
0
0
0
0
0
0
-5
0
0
-4
-18
-13
-8
-9
-10
-49
-9
-16
-7
-8
-28
-93
-197
-36
0
0
-15
-106
-73
-135
-28
0
0
-20
-21
-22
-268
-179
-139
-302
-486
-402
208
80
51
44
7
12
601
133
42
26
11
65
35
244
99
53
0
0
4
1
88
0
0
0
0
95
74
5
22
39
6
0
159
103
225
6
28
2
51
62
6
207
0
35
16
69
62
2
320
244
0
195
259
64
23
76
0
0
333
239
316
107
12
225
56
0
0
56
15
0
337
85
2
33
17
0
8
326
34
0
0
12
0
5
144
0
0
83
178
0
0
0
0
0
69
234
9
0
0
0
0
0
0
0
0
0
0
0
0
0
0
0
0
0
0
0
0
0
0
0
0
0
0
0
0
0
0
0
0
0
0
0
0
0
0
0
0
0
0
0
0
0
0
0
0
0
0
293
82
0
0
0
0
77
64
32
0
0
0
11
71
0
0
86
407
106
0
66
0
2
18
194
70
0
0
0
2
0
0
0
0
0
0
0
0
0
0
0
0
30
0
0
0
0
0
37
-39
-59
-24
0
0
-35
-140
0
-26
-120
-272
-95
-18
-14
-4
0
-352
-626
-486
-85
0
-3
0
-453
-1079
-790
-97
0
-9
0
-186
-507
-305
-20
-45
-6
0
-55
-114
-56
-69
-224
-346
-539
-379
-216
-338
-433
-666
-603
-742
-812
-700
-752
-858
-686
-779
-864
-1021
-1047
-1160
-905
-736
-548
-705
-908
-1362
-1224
-809
-527
-385
-531
-815
-1118
-1086
-766
-374
-282
-434
-664
-689
-857
-784
-553
-368
-520
-688
-556
-590
-665
-452
-525
-612
-620
-451
-564
-677
-325
0
0
64
37
0
0
0
0
0
239
799
560
156
18
2
99
16
-242
-152
29
-31
49
-75
-267
-590
-234
-17
0
12
-22
177
272
191
103
18
-32
172
37
-28
-121
71
302
58
-24
-226
-195
-122
-159
-214
-355
-147
-7
0
0
-10
-4
-498
-130
0
-34
-9
-11
-116
-197
-27
-144
-302
-115
0
-149
-71
-69
-48
-49
-31
0
-166
-64
-245
-23
-3
-16
0
-68
-23
-79
-20
0
0
0
-11
-23
-94
-115
0
0
0
-27
-133
-66
-4
0
0
-147
-379
-5
-3
-57
-153
-34
-9
-77
0
0
-177
-286
-88
-5
0
0
0
-125
-97
-65
-43
0
0
0
-27
-91
-153
-51
0
0
0
-84
-399
-523
-114
0
-221
-124
-254
-353
-267
-45
-2
0
0
154
158
0
0
0
0
0
741
1020
756
116
21
87
4
354
1995
1063
160
58
60
0
91
949
529
0
0
95
0
0
0
0
0
0
0
54
269
358
482
216
391
198
774
997
1076
955
883
1235
-153
-314
-445
-511
-483
-364
-145
-200
-300
-645
-692
-650
-458
-381
-177
-294
-566
-695
-543
-458
-551
-368
-440
-491
-638
-536
-509
-432
-389
-408
-460
-482
-456
-508
-356
-495
-474
-423
-357
-371
-354
-155
-164
-141
-147
-344
-296
-151
-35
0
0
0
0
0
-54
-180
-50
-32
0
-11
-9
-14
-167
-49
-47
0
0
0
0
-18
0
0
0
0
-57
-20
0
0
0
0
0
-60
-33
0
0
0
-26
-31
-4
-21
-40
-79
-172
-205
-77
-6
-105
-495
14
202
295
213
122
20
3
218
90
443
335
127
43
0
8
0
54
22
23
1
0
0
21
18
11
155
83
45
0
17
42
140
240
67
56
5
0
0
226
429
26
48
670
639
122
185
156
131
504
-73
-71
-84
-80
0
0
0
-260
-144
-20
-122
-51
-67
-89
-74
-42
-1
0
-89
-138
-87
0
-8
-13
0
-309
-334
-19
0
0
-22
0
-157
-130
-16
0
0
-146
-32
-77
-141
-68
-258
-230
-323
-48
-62
-376
-168
184
50
176
102
71
41
561
3
17
381
521
766
219
117
0
0
54
684
655
63
0
0
0
0
215
116
0
0
0
0
0
0
0
0
0
0
0
0
0
0
0
0
19
20
0
168
35
0
104
60
0
0
0
0
0
43
7
3
0
0
0
0
16
7
4
0
0
0
0
31
0
0
18
15
0
0
0
0
0
0
0
0
0
0
0
0
0
0
0
0
0
0
0
31
0
0
48
118
-532
-596
-545
-496
-607
-572
-633
-469
-601
-532
-659
-458
-588
-674
-370
-582
-789
-967
-671
-635
-639
-573
-751
-806
-898
-694
-595
-618
-677
-744
-749
-693
-561
-603
-587
-612
-606
-691
-697
-640
-682
-584
-520
-621
-886
-1042
-914
-774
-688
0
0
0
0
0
0
0
0
0
0
0
0
0
0
0
0
-53
-264
-141
-2
0
0
0
-157
-610
-332
-3
0
0
0
-61
-335
-177
-14
0
0
0
-65
-568
-746
-118
0
-92
-89
-247
-659
-756
-205
-27
-692
-761
-742
-517
-366
-490
-707
-690
-771
-1184
-1455
-1203
-700
-534
-435
-453
-837
-1658
-1239
-418
-292
-279
-329
-558
-788
-581
-282
-376
-294
-396
-493
-488
-427
-354
-486
-248
-336
-367
-202
-239
-284
-315
-218
-302
-224
-49
-91
-126
-466
223
37
0
0
49
49
606
3
0
0
0
0
0
349
0
0
0
0
0
0
272
0
86
0
0
0
0
4
0
304
33
0
0
0
2
43
143
15
0
0
51
182
55
153
214
0
0
430
1210
494
0
75
36
0
22
181
220
18
368
481
372
96
0
18
0
571
903
487
69
0
0
0
297
337
197
15
0
117
0
55
46
121
39
0
59
0
0
0
70
31
0
0
0
0
12
63
12
305
0
0
0
0
0
0
38
0
0
0
0
0
0
0
0
0
0
0
0
0
0
0
0
0
0
0
0
0
0
0
0
0
0
0
30
0
0
0
306
184
0
57
0
0
11
358
154
0
0
-514
-826
-862
-880
-849
-730
-460
-776
-914
-900
-856
-743
-796
-725
-899
-964
-979
-1309
-1055
-937
-832
-1014
-1124
-1027
-1185
-1264
-1092
-1107
-974
-1075
-967
-1091
-1147
-1051
-1171
-956
-936
-989
-1461
-1437
-1027
-1019
-650
-827
-976
-1277
-1323
-1012
-957
0
-20
-185
-65
0
0
-23
0
-32
-639
-493
-423
-103
0
0
0
-627
-753
-648
-147
0
0
0
-217
-228
-222
-100
0
0
0
-35
-25
-16
-14
-73
-11
-6
-62
-282
-229
-13
-2
-490
-279
-101
-368
-257
-23
0
178
177
115
18
168
315
632
0
0
0
0
0
0
47
0
6
0
0
0
0
4
0
0
0
0
0
0
0
0
0
0
0
0
0
0
0
0
0
0
0
0
0
43
0
0
0
0
2
94
-32
-76
-269
-371
-359
-115
-42
-43
-86
-217
-109
-229
-288
-172
-108
-299
-488
-204
-445
-585
-254
-239
-346
-752
-658
-787
-778
-252
-369
-404
-728
-866
-997
-902
-336
-270
-543
-769
-1134
-1230
-789
-264
-137
-206
-431
-895
-1085
-619
-304
0
0
0
0
0
0
0
0
77
164
587
235
67
67
0
29
92
168
215
142
-54
0
14
-52
-371
-89
102
-1
0
9
167
213
145
123
31
52
445
492
310
99
266
309
375
345
267
382
385
164
-185
695
220
22
76
123
30
37
425
250
19
0
0
30
174
327
157
0
0
0
13
324
1
219
0
0
0
0
242
2
382
63
0
0
0
410
454
466
205
0
0
242
801
640
605
851
107
119
952
1419
-249
-461
-345
-257
-269
-442
-678
-377
-511
-426
-563
-523
-415
-549
-288
-341
-474
-958
-749
-370
-298
-267
-326
-324
-602
-661
-449
-340
-344
-419
-394
-472
-564
-435
-400
-394
-469
-541
-666
-658
-525
-623
-361
-603
-602
-556
-438
-542
-895
0
-7
-337
-337
-68
-85
-151
0
-5
-906
-1703
-1137
-207
0
0
0
-525
-1677
-1172
-102
0
0
0
-21
-290
-246
-44
0
0
0
0
-40
-80
-10
0
0
0
0
0
0
0
0
0
0
0
0
0
0
0
0
0
0
0
0
0
0
0
0
0
0
0
0
0
0
0
0
0
0
0
0
0
0
0
0
0
0
0
0
0
0
0
0
0
0
0
0
0
0
0
0
0
0
0
0
0
0
0
0
0
0
-31
-24
0
0
0
-299
-28
-334
-937
-813
-124
-90
-178
-61
-533
-1415
-1194
-183
-318
-18
-186
-6
-80
-362
-313
-284
0
-182
-19
0
-184
-145
-317
-173
-81
-7
0
0
-54
-410
-332
-389
-235
0
0
-153
-199
490
164
0
0
0
141
657
98
23
0
0
0
0
100
16
55
0
0
0
0
68
2
0
172
183
189
69
191
36
79
89
250
242
92
317
26
64
0
16
9
3
139
0
73
14
0
0
0
507
-934
-802
-553
-554
-618
-807
-1226
-747
-742
-453
-198
-266
-615
-968
-650
-662
-471
-377
-353
-525
-880
-670
-677
-493
-474
-437
-554
-881
-728
-752
-586
-470
-597
-603
-739
-744
-808
-679
-605
-730
-629
-775
-602
-573
-656
-714
-620
-523
-617
0
-60
-81
-88
-59
-213
-298
0
0
-224
-338
-180
-121
-211
0
-29
-89
-171
-213
-28
-31
-142
-32
-74
-108
-269
-99
-93
-306
-71
-89
-414
-521
-147
-100
-182
-14
-103
-764
-614
-61
-31
-166
-263
-122
-495
-353
-3
0
0
0
0
0
0
0
99
0
0
0
23
73
30
135
266
161
81
493
143
0
150
191
116
57
397
82
0
66
142
1
0
1
17
10
0
90
0
0
0
8
102
524
378
92
80
139
166
336
1074
-77
-288
-154
-135
-250
-205
-464
-116
-393
-144
-17
-6
-229
-656
-113
-300
-60
-424
-171
-100
-384
-27
-339
-164
-567
-103
-92
-479
-185
-539
-130
0
0
-180
-779
-316
-639
-182
0
0
-210
-490
-67
-113
-140
-128
-270
-281
-346
