691
668
685
691
691
495
-59
691
691
691
635
623
601
383
691
691
590
47
416
685
685
691
691
512
42
506
679
657
691
646
651
523
601
556
450
691
668
612
-70
36
512
607
691
691
668
204
338
668
691
1379
685
315
389
509
676
1453
815
167
167
583
342
-46
898
629
37
148
833
398
-19
657
333
-19
204
768
361
-83
546
278
-56
259
713
768
167
694
278
-232
120
426
676
259
768
222
-46
204
55
157
167
1037
31
31
31
31
31
31
547
31
31
31
31
31
31
92
31
31
154
650
154
31
31
31
31
113
622
113
31
31
31
31
31
31
31
31
31
31
31
58
106
65
31
31
31
106
251
251
51
113
99
41
215
47
47
215
814
2485
34
278
47
53
10
172
845
951
870
28
28
10
10
564
789
614
10
10
10
10
527
465
365
10
10
10
10
689
284
153
10
10
10
10
695
10
10
10
10
10
10
78
894
-52
-52
-52
-52
-47
1199
280
-47
-52
-52
-52
-52
314
4
-47
-52
179
55
-52
-52
-2
-52
-52
77
-30
-52
-52
66
-52
-52
-52
-52
-52
-52
-52
-52
-52
-52
60
-13
-52
246
66
38
-7
21
-47
489
677
657
334
308
302
492
657
499
552
-67
-922
-507
433
677
545
552
-731
-1553
-1369
-172
552
663
565
-192
-527
-1448
-659
492
677
486
150
-356
-1040
-376
492
558
334
-1
-948
-1073
-27
387
177
65
71
-896
-882
242
262
671
510
69
109
390
557
330
437
250
-211
-171
-486
203
651
310
230
537
584
343
350
310
283
149
403
417
597
403
-185
170
-98
210
96
136
276
109
176
103
530
397
210
457
337
223
-145
343
-38
56
357
-44
-69
-69
91
-29
-43
-49
-69
-69
-69
131
4
312
286
-69
-69
-69
734
1652
654
31
-69
-69
-69
399
734
212
-69
-69
-69
-69
-69
-63
-69
-69
-69
-69
-69
-69
-69
-69
-69
-69
-69
-69
-69
-69
-69
-69
-69
459
113
3
3
3
3
3
81
3
3
3
3
10
3
3
3
3
3
42
73
10
3
3
3
3
26
65
18
3
3
3
3
3
3
3
3
3
3
3
3
3
3
10
3
3
3
3
3
3
1565
1156
1513
1486
1308
1340
1271
-56
-748
-1146
-1608
-832
-947
-743
154
-229
-150
13
-590
-402
-124
495
280
411
327
222
390
343
757
831
826
632
705
889
841
983
752
773
516
673
868
810
453
600
883
799
778
889
920
965
1073
1041
1068
1046
1073
1122
1106
1128
1106
581
695
1073
1128
1128
1128
1036
365
917
1128
1128
1128
1128
1046
679
987
1128
1128
1128
1128
1090
938
1073
1128
1128
1079
1041
1046
1041
1073
1003
982
717
414
754
1063
1100
776
998
665
729
552
649
794
794
794
772
794
391
-113
412
772
794
734
788
294
-1482
-103
794
794
724
788
627
-113
525
794
794
794
794
777
783
794
794
788
794
794
794
794
794
794
794
794
794
794
794
794
745
670
802
402
495
756
718
411
-129
1026
411
597
858
858
337
430
234
225
784
737
1081
365
290
188
151
327
672
579
262
421
551
393
197
-8
67
383
607
607
448
374
523
653
532
569
523
393
560
607
802
830
393
55
-13
-13
-13
-13
-13
463
-13
-13
-13
-13
-13
-13
315
-13
-13
-13
-13
-13
-13
576
123
43
-13
-13
-13
-13
123
361
213
9
-13
-13
-13
236
270
406
145
168
77
-13
486
837
259
134
134
55
100
497
440
-116
-176
-309
-152
452
1116
-526
-490
102
150
210
-128
258
-31
-321
258
427
222
-321
367
379
-261
-200
-285
-997
-864
-7
210
-188
-333
-212
-587
-671
17
246
-321
29
379
367
-369
114
705
-538
-128
-104
-369
-478
-176
0
0
0
0
0
0
0
0
0
0
0
0
0
0
0
0
0
0
0
0
0
0
0
0
0
0
0
0
0
0
0
0
0
0
0
0
0
0
0
0
0
0
0
0
0
0
0
0
0
259
78
-12
-12
-12
332
1130
142
-12
-12
187
51
24
87
-12
-12
-12
96
15
-12
142
6
-12
-12
-12
-12
-12
395
60
-12
-12
-12
-12
-12
-3
-3
-12
-12
-12
15
-12
-12
123
985
495
-12
6
350
1402
-180
-729
-1496
-1465
-1144
-636
-594
-253
-967
-1589
-1423
-1817
-1568
-905
-543
-874
-325
-957
-346
-729
-1247
-947
-1258
-66
27
234
-719
-1703
-822
-1309
-118
887
846
-211
-1133
-418
-885
38
1457
1136
58
-470
266
17
328
721
752
317
-698
282
-4
209
225
127
332
963
-4
-4
36
45
-4
-4
36
-4
-4
-4
-4
-4
-4
-4
-4
-4
-4
-4
-4
-4
-4
12
102
-4
-4
-4
-4
36
61
176
-4
-4
-4
-4
36
-4
-4
-4
-4
-4
-4
86
691
-14
199
285
92
92
50
178
-14
434
114
370
221
-14
263
-14
71
-14
114
135
263
-14
-14
-14
-14
7
7
-14
-14
-14
-14
-14
28
7
-14
-14
-14
-14
-14
-14
-14
-14
-14
-14
-14
-14
-14
-14
-14
751
138
-173
-262
-107
358
1265
824
40
-238
-262
-262
-75
506
367
154
-230
-262
-262
-173
342
97
97
-230
-262
-262
-164
285
138
579
130
-262
-262
-246
40
824
955
162
-262
-205
-91
350
1412
742
195
-262
-140
89
203
89
3
3
3
3
347
2155
3
3
3
3
3
54
691
3
3
63
330
201
3
3
3
3
46
252
149
3
3
3
3
3
3
3
3
3
3
3
3
3
3
3
3
3
3
28
399
123
3
3
0
0
0
0
0
0
0
0
0
0
0
0
0
0
0
0
0
0
0
0
0
0
0
0
0
0
0
0
0
0
0
0
0
0
0
0
0
0
0
0
0
0
0
0
0
0
0
0
0
83
196
-143
-216
49
513
768
123
44
-262
-295
-295
134
869
100
123
-295
-295
-295
-98
982
530
394
-279
-295
-295
-205
536
564
751
-199
-295
-295
-109
558
1242
892
-52
-295
-295
95
1056
1118
994
745
15
-148
411
95
314
642
553
610
658
662
598
537
666
180
59
-67
448
671
662
662
127
-922
-286
545
671
671
671
30
-963
6
573
671
671
671
229
-343
144
508
671
671
671
553
233
213
525
671
671
671
598
553
561
650
423
164
7
-219
-144
-88
239
-219
666
647
314
-314
-270
32
597
421
459
647
898
1080
735
710
270
264
207
364
521
584
371
358
251
289
703
559
145
327
490
547
534
816
647
327
490
207
302
559
189
239
346
364
1
-71
-103
-227
-92
-217
-186
43
-269
-1069
-1609
-1329
-539
-71
-165
-321
-705
-1734
-1162
-684
12
-144
-425
-601
-767
-819
-580
-186
240
-456
-508
-716
-799
-477
407
105
-341
-508
-1017
-975
-404
199
-144
43
-186
-632
-580
-196
-227
710
1016
1016
1016
1016
1016
851
903
1016
1016
950
1001
1016
983
823
908
1016
861
936
973
997
903
1011
917
945
339
710
936
1016
1016
668
527
-130
485
1016
1016
1016
607
-365
-1107
443
884
767
790
809
443
-41
767
-529
613
613
355
425
433
464
613
613
613
-114
-293
-246
230
613
613
613
-12
-637
-621
269
613
613
613
97
-809
-317
519
613
589
613
488
128
449
613
613
589
581
534
230
386
613
613
527
511
449
42
347
605
613
816
816
816
816
816
816
470
816
816
816
816
816
816
735
816
816
741
550
717
816
816
775
816
498
383
775
816
816
694
816
510
135
643
769
816
764
816
700
147
164
648
804
464
504
700
3
-142
677
366
691
383
591
748
735
421
176
666
182
427
660
704
572
471
515
377
641
427
647
603
647
653
641
572
333
584
691
697
748
741
722
748
748
704
716
748
748
748
748
735
729
735
672
729
729
308
-12
509
748
867
828
867
867
867
819
508
852
747
838
843
814
833
824
609
594
843
862
862
609
489
327
418
828
857
862
704
628
370
413
819
867
867
847
833
570
642
714
451
718
771
623
862
695
456
422
804
618
35
802
763
768
744
668
763
802
802
792
778
720
739
773
768
802
687
682
754
648
663
749
730
610
624
682
562
591
711
749
749
739
720
620
500
663
802
802
802
802
797
754
773
701
653
763
802
802
567
567
-8
-8
-8
-8
-8
-8
-8
-8
-8
-8
50
30
-8
-8
438
302
-8
50
108
50
-8
360
127
-8
-8
341
224
-8
-8
-8
-8
-8
69
30
-8
-8
-8
-8
-8
-8
-8
-8
127
89
-8
-8
-8
-8
-8
1445
1445
91
-45
826
1270
1445
1445
1164
-1611
-3323
-2482
-93
1445
1406
768
-1708
-3594
-3072
-277
1425
1415
845
-973
-2018
-1708
91
1396
1445
1193
-412
-1602
-1834
-209
1299
1348
1125
-248
-1785
-2153
-509
1251
1212
1067
274
-992
-1476
91
1415
216
-6
-6
-6
-6
-6
150
-6
-6
-6
-6
18
10
-6
-6
-6
-6
-6
-6
-6
-6
-6
-6
117
372
59
-6
-6
-6
-6
18
290
51
-6
-6
-6
-6
-6
-6
-6
-6
-6
-6
-6
-6
-6
-6
-6
109
701
688
701
701
701
375
452
694
675
433
337
509
452
592
694
688
-154
-1276
-498
567
694
701
701
496
-160
254
694
701
701
701
701
701
701
701
694
701
701
701
701
701
701
701
669
669
701
701
701
701
701
0
0
0
0
0
0
0
0
0
0
0
0
0
0
0
0
0
0
0
0
0
0
0
0
0
0
0
0
0
0
0
0
0
0
0
0
0
0
0
0
0
0
0
0
0
0
0
0
0
90
-120
531
873
288
-396
-671
79
-296
641
553
1325
-10
-605
255
299
343
-594
465
421
145
134
454
399
-340
-98
-21
112
79
663
68
-782
-715
-153
509
68
299
-65
-572
-638
255
608
410
752
685
862
928
807
763
380
155
-30
-49
-49
168
1410
56
188
-30
-49
-49
-10
241
-49
-30
320
1885
565
-49
-49
-49
-49
30
617
254
-49
-49
23
89
-49
-49
-49
-49
10
63
10
-49
-49
-49
-49
-3
-49
-49
-49
-49
-49
-49
-16
1054
1054
915
1002
1054
1054
1054
1042
1054
368
-6
328
915
1054
1054
1054
478
207
380
979
1054
1054
1054
840
933
1007
1036
1054
1054
1054
1025
1007
967
1036
1054
1054
1054
1019
633
564
1007
1054
1054
1054
967
553
697
1048
1054
-650
-770
-790
-810
-1310
-1150
-550
-910
-810
-109
-510
-510
-590
-830
-690
-690
-429
231
91
-450
-1010
-810
-590
-470
-710
-670
-450
-450
-610
-349
-450
-269
-289
-329
-710
-730
-389
-770
-930
-830
-930
-730
992
1132
1032
1032
752
1573
2233
0
0
0
0
0
0
0
0
0
0
0
0
0
0
0
0
0
0
0
0
0
0
0
0
0
0
0
0
0
0
0
0
0
0
0
0
0
0
0
0
0
0
0
0
0
0
0
0
0
1057
1184
1184
1184
1158
1114
709
1184
1184
1184
1184
1184
1184
1038
1184
1184
1184
1184
1184
1184
1152
1184
1184
1184
1184
1165
1184
1184
1158
1184
1184
1184
1165
1184
1184
1165
1184
1184
1177
1177
1184
1184
1184
1146
1152
1177
1177
1158
1184
720
318
12
-30
90
1032
3114
276
432
-24
-30
-30
300
1584
1260
978
-24
-6
0
66
1032
1236
696
24
114
24
42
936
702
498
30
-6
-30
-30
576
234
144
-18
-30
-30
12
888
-30
-24
-24
-30
-12
780
2592
187
24
1355
984
166
137
24
24
24
4166
2857
3561
1433
24
24
24
1127
643
2750
1113
66
24
24
24
24
24
24
116
52
24
24
24
24
24
24
24
24
24
24
24
45
73
31
102
394
216
24
59
230
808
819
1012
1077
932
502
196
942
1023
1066
1077
1039
899
754
674
803
1071
1077
1044
958
754
373
679
1071
1077
1066
1060
835
389
824
1077
1077
1077
1050
625
239
679
1066
1050
1060
1055
787
-24
459
958
948
1071
1077
1044
1050
435
224
253
301
579
1713
791
474
387
224
695
426
733
310
262
-6
-6
70
51
512
32
13
-6
-6
-6
-6
397
109
22
-6
-6
-6
3
551
-6
-6
-6
-6
-6
-6
99
-6
-6
-6
-6
-6
-6
42
0
0
0
0
0
0
0
0
0
0
0
0
0
0
0
0
0
0
0
0
0
0
0
0
0
0
0
0
0
0
0
0
0
0
0
0
0
0
0
0
0
0
0
0
0
0
0
0
0
0
0
0
0
0
0
0
0
0
0
0
0
0
0
0
0
0
0
0
0
0
0
0
0
0
0
0
0
0
0
0
0
0
0
0
0
0
0
0
0
0
0
0
0
0
0
0
0
0
1611
631
103
17
109
509
1634
1275
625
34
17
17
51
330
1101
759
63
17
17
28
103
63
22
17
17
17
17
17
86
17
17
17
17
17
40
17
17
17
17
17
17
98
17
17
17
17
17
22
190
733
259
-71
247
421
907
2025
523
199
-71
-71
-65
-11
577
361
97
-71
-71
-71
-71
457
145
79
-71
-71
-71
-71
325
445
283
-29
-71
-71
-71
577
289
127
-35
-71
-71
-71
283
-71
-71
-71
-71
-71
-71
205
833
32
-8
-8
-8
-8
371
412
-8
-8
222
73
-8
-8
5
-8
290
1972
806
-8
-8
-8
-8
86
683
236
-8
-8
-8
-8
-8
-8
-8
-8
-8
-8
-8
-8
-8
-8
-8
-8
127
-8
-8
-8
-8
-8
181
54
2
2
2
2
61
740
113
2
91
330
98
2
31
151
106
76
479
456
31
2
2
2
2
91
352
76
2
2
2
31
46
292
106
2
2
2
2
69
91
31
2
2
2
2
2
2
2
2
424
596
596
596
596
596
432
553
596
596
596
596
596
596
574
596
432
161
132
489
596
596
596
47
-737
-716
139
596
596
596
125
-1144
-1358
-146
596
596
596
275
-1436
-1472
203
596
531
524
203
-595
-445
417
596
162
530
675
494
761
978
957
299
733
321
494
523
805
913
928
1051
957
1007
827
928
790
1043
1029
1051
1051
1051
1051
285
863
776
1029
1051
1051
1051
140
725
848
1022
1051
1051
1051
870
841
696
1022
1051
1051
1051
733
964
1050
1119
1056
969
1027
1027
354
843
1131
1113
1125
1131
1107
417
808
1131
1131
1131
1131
1131
1125
1067
1131
1113
1102
1107
1125
1131
1056
1084
1044
1096
1119
1125
1131
1102
1125
1131
1131
1131
1131
1131
837
958
1131
1107
618
624
1316
158
-7
-7
-7
-7
613
220
55
-7
-7
-7
-7
96
-7
-7
-7
-7
-7
-7
-7
34
-7
-7
-7
-7
-7
323
344
137
-7
-7
-7
-7
758
34
13
-7
-7
-7
-7
365
344
-7
-7
-7
-7
-7
-7
495
730
624
490
633
569
532
624
777
712
712
689
744
763
716
656
777
777
767
772
652
481
448
777
777
619
629
555
319
402
767
777
707
707
245
508
569
767
777
777
777
522
758
777
749
777
777
740
772
815
275
431
419
407
659
515
479
-97
935
1379
1319
359
-217
59
11
767
1715
1631
359
-97
491
263
287
827
1367
455
431
179
251
539
1031
1187
119
-205
59
-97
-85
695
695
-265
-481
95
-121
-517
-469
-649
-505
-121
-3
-3
-3
-3
-3
-3
-3
-3
-3
-3
-3
-3
-3
-3
-3
-3
146
656
246
-3
-3
-3
-3
56
516
196
-3
-3
-3
-3
-3
-3
-3
-3
-3
-3
6
116
96
36
-3
-3
186
16
396
666
156
-3
-3
0
0
0
0
0
0
0
0
0
0
0
0
0
0
0
0
0
0
0
0
0
0
0
0
0
0
0
0
0
0
0
0
0
0
0
0
0
0
0
0
0
0
0
0
0
0
0
0
0
705
648
838
543
463
173
-383
520
534
748
748
961
615
-8
710
681
714
168
581
814
382
909
505
914
691
762
866
344
771
339
938
1095
999
881
553
662
429
947
1095
1085
909
667
819
900
957
1080
1085
686
82
252
60
533
1147
1121
354
1070
482
-29
-170
-285
316
201
393
712
303
-566
-2254
-579
226
418
930
431
-477
-1474
-374
124
520
1083
393
-323
-835
-515
86
904
610
290
-106
316
137
86
674
-55
-349
-221
380
316
-272
-1167
758
602
611
232
202
387
1186
271
300
621
251
641
154
319
-411
-284
339
76
86
-187
66
66
8
47
-411
-12
-90
816
514
222
134
-158
164
164
1186
631
134
183
173
-2
-31
290
8
-236
-538
-557
-460
-51
66
472
-44
-216
-119
128
289
665
10
-141
-409
-398
-667
-216
579
-162
-237
214
504
-44
-227
461
96
-227
-205
396
-452
-495
214
128
-162
-312
-291
-753
-656
106
-98
-345
-377
-484
-721
-742
-65
-216
214
-23
-968
-1000
-355
203
718
780
816
896
823
816
853
596
725
884
921
921
633
339
510
443
602
896
700
486
271
320
253
320
253
382
571
559
424
296
480
767
786
541
706
228
228
492
902
829
265
333
516
620
590
461
167
45
333
989
989
989
989
989
989
989
989
989
989
979
984
989
989
989
989
1080
1258
1142
984
984
989
989
638
-74
436
989
989
989
984
667
455
782
1046
1008
989
1037
585
71
263
671
940
1017
758
277
85
138
412
739
173
-98
57
-127
-156
96
929
-137
-272
-98
106
67
-20
532
28
-272
-107
-485
-137
-417
-514
-272
-756
-350
-437
135
-379
-921
-427
-824
-78
261
464
-127
-640
-582
-534
193
880
570
-233
-369
-59
270
445
880
609
-262
-107
262
44
22
-224
-202
-268
262
284
66
-181
-311
-195
-210
-7
363
44
-311
-159
-326
-362
117
22
-239
-166
218
-43
-376
-7
66
-188
-43
465
458
-101
-94
-86
-188
182
1764
2373
429
-123
30
-289
-14
1147
1647
291
784
899
420
47
-6
-6
153
452
313
68
-6
-6
-6
-6
111
-6
-6
-6
-6
-6
-6
143
-6
-6
207
121
-6
-6
15
15
-6
143
89
-6
-6
-6
4
-6
196
782
729
111
-6
707
271
484
1134
1112
164
196
0
0
0
0
0
0
0
0
0
0
0
0
0
0
0
0
0
0
0
0
0
0
0
0
0
0
0
0
0
0
0
0
0
0
0
0
0
0
0
0
0
0
0
0
0
0
0
0
0
398
75
24
10
10
156
141
728
61
10
141
61
10
10
588
332
10
83
325
61
46
698
434
10
10
1153
837
500
273
156
134
325
925
654
383
68
24
200
720
310
112
112
10
178
288
303
97
97
185
-284
449
1073
1113
989
593
-502
147
736
1123
1128
1093
1004
310
588
880
885
736
944
1093
514
558
900
816
642
910
1004
380
558
845
766
380
543
900
375
925
1088
969
320
266
1019
959
1048
1108
1078
652
692
1009
365
1059
912
97
-63
200
649
1899
777
694
-121
-191
-159
168
1194
623
463
-179
-115
-153
71
1271
1078
944
-121
-159
-179
97
1861
1046
1290
46
-191
-191
20
1662
668
732
-31
-191
-191
14
1239
168
-121
-185
-191
-191
91
1245
62
-48
-48
-48
-37
-26
-48
-48
-48
-48
-48
-48
-48
117
-48
-48
-48
-48
-48
-48
95
-48
84
-48
-48
-48
-48
-48
-48
414
7
-48
-48
-48
-15
-48
436
18
-48
-48
-48
150
227
701
403
-4
84
932
667
32
32
32
32
32
37
282
61
32
32
32
109
43
37
37
32
49
151
408
103
32
32
32
32
32
473
282
32
32
32
32
32
270
139
32
32
32
32
32
32
32
32
32
127
55
32
32
32
32
253
197
-9
-133
-15
135
-170
346
247
-450
-830
-730
-233
-133
701
564
-164
-998
-898
-65
527
657
408
-189
-755
-861
-183
508
539
303
-226
-475
-469
-158
103
327
197
97
-83
66
-114
-195
-313
-817
-102
16
-77
-338
-637
842
569
-174
-168
-168
592
1132
139
-58
-163
-168
-168
-76
29
-168
-168
-168
-168
-168
-157
-41
-168
-157
-163
-157
-168
-52
371
-47
493
-81
-157
-168
-163
203
75
11
-93
-168
-168
-168
-122
-168
-41
-122
-168
-168
-168
-93
611
16
217
112
16
16
1288
16
16
313
152
563
273
201
16
16
16
16
128
40
16
16
16
16
16
16
16
16
80
16
16
16
16
16
16
16
16
16
16
16
16
16
16
152
64
16
16
16
305
894
836
872
894
894
765
801
815
879
879
836
886
787
808
822
894
872
822
886
894
894
894
894
872
879
894
894
894
894
894
808
829
772
851
894
894
894
858
865
466
665
894
851
865
630
515
580
787
894
1834
237
12
-37
-37
-37
-18
472
-37
-37
-37
-37
-37
-37
-37
-37
70
982
178
-37
-37
-37
-37
-28
178
2
-37
-37
-37
-37
-37
2
-28
-37
-37
-37
-37
-37
-37
-37
-37
-37
-37
-37
-37
-37
-37
-37
159
193
193
193
193
193
193
193
193
193
284
242
213
205
197
193
396
935
1573
1353
433
193
193
329
292
-317
321
582
309
193
259
114
719
682
383
462
193
230
416
408
72
-31
197
495
1109
474
-322
-388
-102
-81
360
354
360
651
549
360
365
360
436
385
43
130
416
431
1085
906
503
681
416
579
993
365
416
789
1085
758
380
124
600
589
257
441
789
503
451
441
426
600
268
324
753
1228
758
712
809
635
702
835
63
1164
1164
1164
1164
1164
1164
1164
1164
1164
1164
1164
1164
1164
1164
1164
1164
1139
1147
1164
1164
1164
1164
1164
1147
1147
1155
1164
1164
1164
1164
1164
1164
1155
1164
1123
1164
1164
1164
1115
1099
1164
1147
678
176
702
1026
1042
993
1026
615
583
-517
-381
262
294
503
623
631
-1490
-1988
-1988
-429
640
407
551
-164
-373
-1056
-156
615
519
599
149
-59
-260
-19
535
640
623
85
-831
-1032
-325
503
631
607
262
-1329
-1835
-172
583
133
238
439
-533
-694
366
640
856
-9
36
207
139
70
651
82
36
13
173
1391
491
378
252
139
-9
-9
47
13
207
25
-9
-9
-9
-9
-9
-9
47
-9
-9
-9
-9
-9
-9
-9
93
-9
2
-9
-9
-9
-9
82
59
412
355
82
127
0
0
0
0
0
0
0
0
0
0
0
0
0
0
0
0
0
0
0
0
0
0
0
0
0
0
0
0
0
0
0
0
0
0
0
0
0
0
0
0
0
0
0
0
0
0
0
0
0
1209
1069
340
387
782
1116
1736
1139
1147
402
76
115
643
968
1054
806
107
7
7
658
976
806
689
115
7
7
495
875
1131
1240
239
7
7
371
1201
1193
1100
379
76
14
449
1674
1131
441
332
100
14
294
875
885
508
493
224
63
47
524
209
255
908
416
1069
401
47
-6
-6
262
1668
823
86
-6
-6
-6
40
823
147
-6
70
24
-6
-6
-6
-6
-6
232
9
-6
-6
-6
-6
-6
32
55
-6
-6
-6
-6
170
1545
311
566
341
431
346
135
95
200
601
35
-241
-496
150
601
516
676
125
-837
-301
536
691
697
697
666
486
396
566
691
697
666
666
676
486
596
691
697
651
656
496
516
666
697
606
406
611
506
616
697
697
964
333
-4
-4
-4
377
1338
186
201
-4
-4
-4
62
436
76
245
113
54
-4
-4
531
179
194
406
436
-4
-4
656
179
370
194
252
18
-4
803
98
230
3
106
179
10
1412
583
480
18
10
223
355
2953
-56
-56
-56
-56
-56
-56
-56
-56
-56
-56
-56
-56
-56
-56
-56
-56
10
-56
-56
-56
-56
-56
-48
60
-40
-56
-56
-56
-56
-48
-32
-40
-32
-48
-56
-48
118
756
1170
971
681
648
424
540
1394
2098
1957
1087
333
-292
77
399
491
252
95
-34
-80
40
307
233
464
519
464
233
261
-144
-420
31
620
537
335
592
-135
-688
-374
307
537
418
602
169
-688
-402
500
988
436
657
316
-752
-356
666
795
473
114
344
206
178
114
-301
191
2
2
2
2
2
2
2
2
2
2
2
2
2
2
2
2
2
2
2
2
2
2
2
2
2
2
2
20
20
2
2
2
2
2
65
20
2
2
2
110
101
722
1434
452
110
182
542
884
0
0
0
0
0
0
0
0
0
0
0
0
0
0
0
0
0
0
0
0
0
0
0
0
0
0
0
0
0
0
0
0
0
0
0
0
0
0
0
0
0
0
0
0
0
0
0
0
0
234
-1
-1
-1
-1
112
2185
-1
-1
-1
-1
-1
-1
865
-1
-1
27
790
244
-1
27
-1
-1
17
790
300
-1
-1
-1
-1
-1
-1
-1
-1
-1
-1
17
-1
-1
-1
-1
102
-1
17
-1
-1
-1
-1
922
87
-166
113
18
43
-140
-33
-1
-203
-39
-77
24
-109
-203
-178
-203
-203
37
-109
-203
-203
-20
-203
-203
239
-14
-203
-203
264
-172
-203
-128
-191
-203
-1
56
-203
-203
-109
-96
-203
62
-203
-203
-203
11
49
-203
-64
1259
1076
99
-12
-12
211
1493
679
781
8
-12
110
344
842
374
628
-12
-12
-12
-12
700
221
354
-12
-12
-12
-12
466
18
313
18
-12
-12
-12
1086
18
130
-2
-12
-12
8
1300
913
344
-12
89
-2
-2
272
111
59
-125
-125
19
229
597
164
105
-552
-1157
-999
-211
282
59
-46
-671
-1860
-953
-119
65
525
269
-611
-1419
-894
-296
243
834
604
-382
-1308
-1321
-355
335
755
722
-46
-1295
-1551
-46
610
729
893
696
-66
-552
512
946
763
736
736
754
763
754
745
763
745
438
-1
394
727
763
763
754
113
-738
17
666
763
763
736
131
-317
429
736
763
763
745
482
324
675
701
745
763
763
701
657
754
719
745
692
745
763
763
763
763
763
766
456
668
850
791
781
815
781
437
682
850
850
663
584
653
481
501
840
761
456
682
663
565
260
456
545
452
781
835
727
265
191
368
314
766
702
678
525
560
329
319
741
235
506
525
599
560
692
820
1460
765
435
215
252
435
865
517
-14
-96
-1048
-343
14
316
87
-197
-471
-2092
-901
-160
151
160
-279
23
69
133
-261
-306
-50
-407
-78
472
316
-187
-187
289
188
-23
-68
-114
-187
-59
939
1167
472
-361
-398
14
636
0
0
0
0
0
0
0
0
0
0
0
0
0
0
0
0
0
0
0
0
0
0
0
0
0
0
0
0
0
0
0
0
0
0
0
0
0
0
0
0
0
0
0
0
0
0
0
0
0
630
959
1580
1133
246
1471
3006
877
795
2887
2686
2923
1745
1982
1306
749
685
749
1763
557
1096
630
182
-18
-18
64
9
712
237
0
-18
-18
-18
-18
228
64
-18
-18
-18
-18
-18
511
840
493
-18
-18
-18
-18
932
1202
1202
1202
1202
1202
1202
1202
1202
1202
1202
1202
1202
1202
1183
1202
1202
1177
1202
1183
1183
1189
1202
1202
1031
1134
1153
1159
1202
1202
1202
1171
1049
1025
1073
1202
1202
1202
976
-103
-274
750
1202
872
1141
757
-560
-658
830
1202
1304
818
67
23
23
206
951
622
603
29
23
23
73
250
29
23
60
944
307
23
124
23
136
23
395
142
23
206
168
225
23
23
23
92
976
142
67
23
23
23
67
389
23
23
23
23
23
23
149
296
7
7
7
48
227
1490
7
7
7
7
7
7
158
7
7
96
655
234
7
172
62
7
55
427
75
7
379
89
7
7
7
7
7
89
7
7
7
7
7
7
7
103
7
7
7
7
103
1614
766
876
766
866
924
871
902
797
734
545
776
834
808
887
876
750
366
424
493
466
524
855
561
198
72
372
461
351
640
209
361
787
845
529
272
550
508
535
850
671
613
839
698
745
608
650
598
640
692
901
376
-8
1
29
245
1510
385
376
38
29
376
198
329
123
226
142
1313
348
48
-8
142
1
760
1876
348
-8
20
432
132
198
329
20
-8
142
29
85
-8
-8
-8
-8
-8
48
10
-8
479
545
67
217
197
153
208
98
285
-132
-330
395
208
307
603
911
197
340
691
307
219
219
603
252
526
570
-44
-165
-33
120
65
274
362
-440
-176
-132
-44
32
373
131
-209
197
417
-77
-22
439
219
-77
197
142
-374
-154
98
794
24
-8
-8
-8
13
1185
-8
-8
-8
-8
-8
-8
567
-8
-8
-8
-8
-8
-8
35
-8
-8
-8
-8
-8
-8
-8
-8
-8
-8
46
-8
-8
24
-8
-8
-8
-8
-8
-8
57
165
2
89
13
-8
-8
393
523
262
104
-81
-49
-112
-112
599
345
-68
-112
-112
-112
-93
1584
853
-74
-112
-87
-43
389
1298
771
-93
-112
-81
15
447
116
97
-112
-112
-112
-112
-17
40
-106
-112
-112
-43
-112
46
-112
-112
40
256
65
-106
27
669
669
427
342
356
548
669
605
527
122
-133
-268
44
356
605
449
-34
-1069
-644
136
399
669
541
328
-438
23
534
633
669
392
470
669
669
626
647
484
165
321
626
669
434
498
378
250
505
640
669
505
555
793
816
739
757
816
802
802
816
816
500
-55
116
775
816
816
816
671
306
337
775
816
816
816
680
608
613
685
816
816
816
671
635
572
644
806
816
816
775
734
671
757
806
816
816
797
806
816
816
816
1149
-23
-23
-23
-23
356
2425
-23
-23
-23
-23
1046
494
149
-23
-23
-23
-23
287
114
-23
-23
-23
-23
-23
-23
-23
-23
-23
-23
-23
-23
-23
-23
-23
-23
-23
-23
-23
-23
-23
-23
-23
-23
-23
149
-23
-23
11
-8
20
193
63
27
337
287
-8
20
898
905
538
236
42
351
243
452
970
718
128
71
761
394
-8
-8
-8
-8
157
790
171
-8
-8
-8
-8
107
215
6
-8
-8
-1
-8
-8
222
164
-8
-8
49
6
-8
281
375
647
440
287
422
192
570
617
683
617
594
641
558
612
665
683
487
606
547
387
552
558
677
547
641
482
269
493
38
535
683
683
552
287
499
44
535
683
683
659
570
677
617
653
511
499
588
683
519
-34
-45
-45
-45
165
381
-45
-45
-1
137
98
-45
-40
-45
49
-23
26
87
-45
-45
-34
-45
159
398
425
93
-45
-40
-45
242
1189
1018
182
-45
-45
-45
98
1189
1079
98
-45
-45
-45
-12
248
547
4
242
205
70
-47
-146
-227
25
-74
97
-326
-614
151
-344
-362
-317
-83
-452
-407
547
124
-227
-380
-164
-407
34
358
736
358
-353
-380
-470
367
1168
1303
385
-452
-173
-155
223
727
511
61
-353
70
448
178
-461
-263
421
232
-19
-29
0
187
325
89
-128
433
-78
89
355
-108
49
187
-118
-216
-88
20
-69
-197
-649
-265
-167
-29
177
689
59
-689
-59
-118
364
945
837
49
-541
-167
49
355
738
610
266
-19
463
532
364
463
748
591
-78
13
13
58
35
13
13
13
13
13
210
308
20
13
13
13
13
187
179
13
13
149
13
13
81
43
13
13
497
156
285
96
141
361
119
164
149
187
149
664
437
88
73
28
13
35
247
88
13
316
676
774
953
982
982
756
329
710
843
982
843
901
982
924
901
941
982
982
982
982
982
982
982
901
912
554
774
924
901
970
820
560
266
676
745
872
918
774
398
502
883
889
693
676
872
658
791
953
982
790
-67
-619
-486
-457
47
970
732
-219
-886
-124
-553
-391
266
723
-67
-800
-1248
-819
-410
47
314
-391
-610
-724
-743
-591
38
228
-467
-695
-610
-810
-686
-258
-172
-524
-1048
-1514
-1676
-943
-467
-762
-305
-886
-1333
-1419
-886
-10
1013
1013
999
931
958
1013
1013
1013
1013
1013
931
958
1013
1013
1013
1013
999
1006
1013
958
965
1013
1013
712
631
733
951
1013
1013
972
862
794
890
999
1013
1013
910
972
1013
1013
1013
1006
1013
1013
1013
1013
1013
1013
1013
521
7
7
7
7
54
505
107
7
86
134
12
7
38
33
17
341
1359
452
7
7
38
22
65
335
86
7
7
7
7
7
7
38
22
7
81
7
49
680
733
22
7
7
7
113
903
564
12
144
106
-24
-24
-24
-24
208
310
-24
-24
185
616
140
-24
-24
-24
-24
571
2771
934
-24
-24
-24
-24
27
457
72
-24
27
-24
-24
-24
-24
-24
-24
-24
-24
-24
-24
-24
-24
-24
-24
4
-2
-24
-24
-24
134
1546
744
498
462
714
936
456
-48
1002
630
-162
-222
174
672
690
930
762
600
-690
-132
846
666
372
144
912
600
840
774
-96
90
-534
822
1098
1098
822
-108
204
-102
870
1098
1098
786
228
198
90
798
1098
1086
66
-990
496
186
-372
-544
-455
-358
275
186
14
-930
-1391
-1798
-834
330
179
55
-159
-1371
-1281
-14
406
330
206
337
-379
-138
296
110
516
241
496
661
496
351
213
372
172
544
971
771
358
96
496
516
530
551
530
227
20
548
188
-69
-113
-32
85
798
232
5
-32
276
-69
-105
210
-98
-39
122
644
188
-76
-127
115
63
-127
-127
306
159
-83
56
-98
-39
78
570
188
-127
-105
-127
166
1128
1907
306
-127
-69
-127
56
401
989
108
85
-16
-16
-16
-16
-16
-16
-16
224
104
-16
-16
-16
-16
-16
344
104
-16
-16
-16
-16
-16
-16
-16
-16
-16
-16
-16
-16
-16
-16
80
128
224
104
-16
-16
-16
32
440
1257
440
-16
224
80
-16
8
320
56
416
546
154
507
314
143
-128
-1657
259
27
695
651
684
352
-713
115
121
717
756
645
286
-62
-34
115
584
656
165
21
-78
-194
-51
468
673
518
468
275
10
115
595
568
623
623
535
584
750
744
496
352
667
756
-191
-191
-576
-669
-354
113
-62
-564
-471
-833
-774
-1335
-389
-51
-798
-494
-226
-576
-704
-132
-109
-518
-261
66
136
253
113
-249
-494
-249
43
78
89
54
-564
-296
-109
8
-191
-237
89
78
195
440
685
650
148
615
918
-33
-33
-33
-33
-33
-33
354
-33
-33
-33
-33
-33
-33
-33
-33
-33
-33
-33
-33
-33
-33
-33
-33
-33
-33
-33
-33
-33
-33
-33
-33
-33
-33
-33
-33
-33
-33
53
1817
1128
-33
-33
-33
-33
10
1558
999
-33
10
545
972
1121
1121
1121
1064
562
893
1046
1092
767
995
1121
1041
1121
1121
1075
847
978
1121
1121
1121
1121
1121
1121
1121
1121
1121
1121
1121
1121
1121
1121
1121
1121
1121
1121
1081
1092
1121
1121
1121
989
745
921
1069
1121
1121
1098
238
10
724
438
67
45
31
10
10
1038
460
1145
381
31
10
10
360
1402
902
95
10
10
10
160
524
224
17
10
17
10
10
10
10
10
45
17
10
10
10
10
10
124
810
888
152
145
60
131
1367
372
11
698
436
82
46
216
-3
-3
1236
953
1966
670
-3
-3
-3
159
124
847
209
-3
-3
-3
209
570
216
-3
-3
-3
-3
32
110
60
-3
-3
-3
-3
11
110
252
32
25
762
1024
322
443
485
96
223
180
-7
-7
-7
-7
471
1471
367
34
-7
-7
-7
-7
201
169
3
-7
-7
-7
-7
-7
-7
-7
-7
-7
-7
-7
-7
-7
-7
-7
-7
-7
-7
-7
-7
-7
159
1190
534
13
-7
-7
-7
107
763
409
3
305
527
361
-28
-59
-59
-59
-59
36
62
-9
-15
-59
-59
-59
-59
-59
393
705
215
-59
-59
-59
-59
100
202
62
-59
-59
-59
-59
-59
-59
-59
-59
106
-21
-59
-59
-59
11
-59
55
845
278
68
227
297
-59
-59
-10
-10
-10
-10
-10
-10
-10
-10
-10
24
10
-10
-10
-10
-4
-10
-10
-10
-10
-10
-10
-10
-10
-10
-10
31
17
-10
3
-10
3
-4
17
3
-10
-10
-10
-10
59
275
24
66
379
803
365
73
365
282
956
539
178
-134
-184
-184
610
1957
-215
37
318
37
97
228
610
-24
-164
-466
-1029
-345
-245
-416
-174
-395
-335
-235
198
-285
-426
-154
-576
-64
751
911
-44
-627
-456
-657
-84
1293
1444
-385
-1220
-526
-687
-225
47
17
-1250
-2004
1034
1034
803
869
1034
1023
902
984
1012
738
497
612
924
973
825
946
1034
957
858
995
1001
995
1028
1034
1034
814
957
1034
1034
1034
1034
1034
918
973
1006
1034
1034
1034
1034
973
1001
1006
1034
1034
1034
1034
979
995
1034
0
0
0
0
0
0
0
0
0
0
0
0
0
0
0
0
0
0
0
0
0
0
0
0
0
0
0
0
0
0
0
0
0
0
0
0
0
0
0
0
0
0
0
0
0
0
0
0
0
568
582
673
666
596
288
-103
505
477
575
547
659
575
484
554
463
358
142
344
638
694
498
526
351
72
-263
254
407
463
645
205
-710
-941
100
484
631
694
421
58
128
505
694
694
694
666
673
694
694
652
13
13
13
13
13
77
770
13
13
182
182
13
13
61
246
166
576
157
29
29
13
29
21
383
93
13
13
13
13
13
13
13
13
13
13
13
13
13
13
101
45
21
13
13
13
21
166
53
53
49
12
12
12
12
12
236
12
12
161
199
211
36
12
12
12
12
12
36
12
12
12
12
12
12
12
12
12
12
12
12
12
12
12
12
12
12
12
49
36
12
12
12
12
12
12
12
12
24
1117
1117
697
848
1117
1117
1084
1117
1117
337
-442
114
992
1077
1117
1084
802
-613
-279
1018
841
1077
953
1117
946
940
1103
920
1077
1051
1110
1117
1117
1117
979
1117
966
1025
1117
1117
874
324
933
999
894
1071
1117
403
-390
698
32
186
109
-10
-2
203
41
-10
749
578
570
66
-10
-10
-10
100
152
416
41
-10
-10
-10
177
382
416
100
-10
-10
-10
228
852
544
109
-10
-10
-10
58
143
41
7
83
672
1347
399
49
15
613
2883
910
910
539
547
717
910
910
910
865
-394
-1565
-1209
243
910
910
672
-1268
-2765
-2320
-298
902
910
717
-1091
-1720
-1794
-320
910
910
872
-728
-1957
-2083
-483
902
910
910
-520
-2520
-2572
-409
910
910
910
206
-883
-876
376
910
647
163
823
845
658
86
394
603
-68
141
218
691
31
361
680
-167
-795
-2160
-795
9
284
658
-222
-586
-1004
-13
119
53
581
-167
119
405
669
97
-35
735
273
350
702
768
196
240
812
845
625
97
75
438
1165
531
459
621
790
796
573
20
339
363
297
110
255
411
267
315
447
621
279
255
603
417
519
513
543
243
237
609
549
729
808
687
567
615
723
369
621
886
880
1084
964
796
273
489
663
880
1078
922
561
-112
583
576
520
201
110
485
576
416
492
437
-112
-209
388
583
312
242
235
69
221
471
548
527
409
62
138
201
298
555
555
534
173
-105
-133
48
360
583
534
228
-209
41
326
451
583
583
471
173
194
485
583
611
986
1059
1059
1031
868
628
947
1053
1059
1019
1059
1059
1059
1059
1059
1059
1059
1059
1059
991
1059
1059
902
913
1042
1059
829
1025
969
829
796
1025
1059
991
874
1014
1053
885
1036
1059
1042
807
706
846
975
1053
1042
919
-42
408
949
983
829
989
374
186
590
909
476
72
732
493
174
470
1080
801
265
880
1046
596
789
1148
1103
55
527
926
898
1097
1046
710
-93
579
522
1011
1160
1125
920
698
1057
715
1160
1160
1160
1160
1103
1160
1074
201
11
11
11
17
38
2011
11
11
11
11
11
11
446
11
11
11
11
11
11
194
11
11
11
11
11
11
106
249
31
11
11
11
11
766
242
79
11
11
11
11
630
17
11
11
11
11
11
289
1120
1120
1120
1120
1120
1120
1120
1120
1120
1029
897
1083
1120
1120
1120
1120
789
229
843
1113
1120
1120
1120
837
313
758
1059
1023
1120
1120
951
710
807
1029
1023
1095
1120
1101
921
614
1005
1113
945
770
1053
1065
939
861
1047
919
919
919
919
919
919
919
919
919
888
919
919
919
919
919
919
894
875
906
919
919
919
912
850
863
881
919
919
919
832
745
659
820
912
919
919
881
863
850
813
906
919
479
591
919
919
857
919
919
1159
1017
201
43
243
676
1866
1284
1075
326
10
2
268
1417
851
618
68
2
2
26
376
193
251
2
2
2
2
468
26
43
2
2
2
2
135
185
35
18
2
2
2
118
576
151
118
2
2
2
2
45
-12
197
102
-12
-12
178
-12
-12
883
978
445
216
-12
-12
-12
102
102
-12
-12
-12
-12
-12
-12
254
-12
-12
-12
-12
-12
-12
64
-12
-12
-12
-12
-12
102
140
-12
-12
7
578
-12
654
2312
1055
83
369
0
0
0
0
0
0
0
0
0
0
0
0
0
0
0
0
0
0
0
0
0
0
0
0
0
0
0
0
0
0
0
0
0
0
0
0
0
0
0
0
0
0
0
0
0
0
0
0
0
644
644
629
636
587
644
644
644
644
644
644
580
644
644
644
644
389
439
622
601
622
644
644
99
-113
36
255
552
644
644
262
-35
-219
78
580
644
644
615
530
318
446
629
644
644
537
446
431
559
644
-6
109
45
19
-6
13
776
51
180
225
436
0
51
635
404
289
115
160
0
51
931
757
456
218
321
167
103
847
526
192
295
815
340
115
269
468
19
-6
847
1309
231
443
655
404
58
430
565
58
687
-6
-6
426
320
-6
-6
3
-6
-6
1590
2157
753
32
-6
-6
-6
1320
4003
2243
109
-6
-6
-6
157
772
407
-6
-6
-6
-6
-6
-6
-6
-6
-6
-6
-6
-6
-6
-6
-6
-6
-6
-6
70
167
42
-6
676
472
103
-3
-3
-3
169
120
21
-3
-3
-3
-3
46
87
-3
-3
103
841
226
-3
382
5
79
-3
218
29
-3
1071
5
5
-3
-3
-3
-3
1235
-3
-3
-3
-3
-3
13
316
374
849
538
-3
-3
448
1915
739
56
-9
-9
-9
-9
121
145
-9
-9
-9
-9
-9
-9
-9
-9
-9
-9
-9
-9
-9
-9
-9
129
357
31
-9
-9
-9
-9
64
186
31
-9
-9
-9
-9
-9
-9
-9
-9
-9
-9
-9
-9
-9
-9
-9
-9
1468
1258
190
60
394
264
881
443
918
79
-75
-69
270
961
301
665
17
-81
-81
455
1572
820
937
23
-81
-81
369
1782
721
1147
153
-81
-81
215
1943
764
462
17
-81
-81
134
1252
585
-7
30
-81
-32
42
412
747
796
945
981
1135
1076
594
-105
138
188
517
413
215
-367
296
395
580
675
400
287
165
427
201
878
1329
833
237
-74
535
278
801
1279
927
192
30
314
165
530
1103
878
422
25
165
-56
346
896
833
612
-114
830
79
105
73
27
132
994
231
27
178
178
586
178
296
27
27
27
27
198
33
53
237
99
27
27
27
27
421
441
527
40
27
27
27
296
73
362
33
27
27
27
171
73
711
191
27
27
579
2001
636
50
212
112
4
181
1423
42
4
166
127
173
81
150
11
4
4
4
4
4
4
4
4
73
166
127
58
34
4
4
34
112
50
27
4
4
4
4
4
4
4
4
4
4
4
4
4
65
1323
0
0
0
0
0
0
0
0
0
0
0
0
0
0
0
0
0
0
0
0
0
0
0
0
0
0
0
0
0
0
0
0
0
0
0
0
0
0
0
0
0
0
0
0
0
0
0
0
0
155
35
-322
-203
176
3
284
100
-127
-722
-311
-560
-343
-235
252
-84
-278
-397
-679
-387
-365
403
35
-149
-581
-441
-224
-29
230
-322
155
631
230
-19
468
274
14
284
836
458
14
35
631
490
274
555
533
100
-8
558
319
898
804
710
486
493
710
341
725
565
1137
739
529
355
116
370
384
826
399
-36
44
-304
145
-14
290
131
-209
95
-412
-43
-115
-86
44
109
493
189
297
102
-152
355
674
1043
1043
754
334
8
602
935
762
762
762
762
762
762
762
762
762
762
762
762
762
762
762
762
694
281
546
755
762
762
762
762
540
718
755
762
762
762
762
762
762
762
762
762
762
762
762
762
657
533
614
533
546
496
552
441
441
694
694
694
694
694
694
678
678
648
490
45
497
694
694
678
618
-279
-2119
-679
490
694
694
694
98
-1116
-490
415
694
694
694
482
151
30
452
694
694
694
407
218
377
588
694
694
641
558
648
694
595
543
-13
-13
142
99
-13
-13
237
-13
-13
125
73
116
38
-13
-13
-13
-13
-13
-13
-13
-13
-13
-13
73
90
116
30
-13
-13
-13
340
1229
1212
271
-13
-13
-13
453
2541
2878
401
-13
-13
-13
306
1592
2187
383
-13
571
65
-6
-6
11
100
465
127
-6
-6
-6
-6
-6
47
74
20
-6
-6
-6
-6
91
-6
-6
-6
-6
-6
-6
11
-6
-6
-6
-6
-6
-6
2
-6
-6
-6
-6
-6
-6
91
-6
-6
-6
-6
-6
-6
847
106
-4
-4
-4
-4
120
99
-4
-4
58
37
-4
2
30
-4
78
-4
-4
-4
-4
609
313
230
120
120
-4
-4
954
685
258
354
554
113
30
857
299
85
223
1126
1182
175
506
271
106
147
644
975
99
561
-35
-155
-472
-504
-494
-79
337
-79
-177
-504
-504
-504
-472
-384
-210
-210
-504
-504
-504
-461
-483
-504
-177
-461
-504
-504
-297
-221
-504
-68
-363
-504
-504
-341
-188
-384
-330
-352
-472
-504
-221
293
-89
-461
-330
-417
-504
-384
151
487
718
620
492
487
487
492
791
851
697
581
706
774
607
748
774
590
924
590
667
654
736
911
659
136
402
637
676
466
487
971
1301
1083
646
320
380
659
624
629
963
907
1147
1010
573
243
290
466
731
543
513
167
-219
-307
-300
174
980
466
147
-496
-666
-740
-151
736
594
167
-510
-334
-625
-320
526
635
228
-354
-131
-347
-246
682
838
574
-239
-2
-29
-103
872
743
567
25
323
364
-70
676
323
107
438
689
594
-56
-164
430
834
1048
1078
881
531
14
424
881
982
775
501
775
953
947
1119
1107
1024
923
1089
1185
1185
1185
1185
1185
1185
1185
1185
1185
1185
1185
1185
1185
1185
1185
1185
1185
1185
1185
1185
1185
1185
1185
1143
1185
1185
1185
1185
1048
0
0
0
0
0
0
0
0
0
0
0
0
0
0
0
0
0
0
0
0
0
0
0
0
0
0
0
0
0
0
0
0
0
0
0
0
0
0
0
0
0
0
0
0
0
0
0
0
0
39
39
-3
-3
-3
517
1524
99
-3
-3
193
-3
167
508
-3
39
-3
432
107
-3
-3
14
14
-3
-3
-3
-3
31
5
5
-3
-3
-3
-3
48
-3
-3
-3
-3
-3
-3
-3
-3
227
184
-3
-3
116
56
646
646
493
500
609
597
609
402
457
-249
-754
-103
354
573
372
201
-766
-1538
-650
62
274
646
427
-176
-395
-60
128
445
633
536
366
396
287
159
530
646
603
281
-261
-279
262
615
621
615
372
-346
-279
420
646
0
0
0
0
0
0
0
0
0
0
0
0
0
0
0
0
0
0
0
0
0
0
0
0
0
0
0
0
0
0
0
0
0
0
0
0
0
0
0
0
0
0
0
0
0
0
0
0
0
773
916
1055
1044
831
874
778
794
959
1129
853
449
826
1108
927
980
906
18
598
1102
1156
1129
948
1070
651
980
1156
1145
1065
773
1113
1156
1156
1156
991
927
906
1140
1156
1156
1156
975
560
879
1156
1102
1156
1156
1070
590
411
-94
-175
-159
45
785
419
199
-175
-199
-199
-102
240
-12
53
-199
-199
-199
-199
191
484
435
-199
-199
-86
-134
581
183
110
-199
-199
-118
-143
61
-191
-191
-191
-199
-199
-191
-134
476
435
-102
-199
-199
93
329
370
-3
-3
-3
-3
-3
-3
462
-3
-3
-3
82
45
-3
70
-3
-3
125
82
9
27
94
-3
-3
131
382
125
88
9
-3
9
149
229
33
15
-3
-3
-3
-3
-3
-3
3
137
1025
517
-3
-3
168
284
357
-116
196
293
196
217
293
-127
-428
-41
-19
-62
-116
-245
-740
-675
-654
-890
-740
-514
-1159
-1170
-1041
-503
-535
-815
-826
-1331
-751
-912
-611
-622
-675
-525
-1073
-665
-611
-665
-417
-654
-665
-976
-589
-579
-460
787
475
-492
-460
1206
79
-134
-155
-38
306
1148
613
-38
-155
-155
-155
-155
130
-24
-148
-155
-155
-155
-155
-155
-155
-155
-126
-134
-112
-126
-112
-155
-155
28
240
-24
-134
-134
-155
-155
-141
-90
-155
-155
-155
42
577
57
-155
-155
-68
467
649
649
649
649
649
649
493
649
649
207
-632
104
631
597
649
649
-251
-1047
-260
527
649
631
649
-35
-415
-675
199
649
640
649
199
-606
-1211
-61
649
649
588
173
-986
-1125
121
649
579
294
164
-606
-260
484
303
609
620
609
407
386
929
1323
929
929
407
-350
130
482
737
1398
897
-350
-1991
-829
247
801
961
343
13
-254
55
247
407
641
-147
162
897
524
215
311
460
-275
173
620
663
-9
-62
66
-1373
-808
-637
-435
-1042
-1809
-16
-16
-16
-16
-16
-16
-16
-16
-16
-16
-16
-16
-16
-16
-16
-16
-16
-16
-16
-16
-16
-16
-16
-16
-16
-16
-16
67
39
-16
-16
-16
-16
-16
319
151
-16
-16
-16
-16
-16
-16
458
11
67
291
235
-16
-16
808
131
353
434
323
353
20
646
-20
555
969
888
323
141
505
181
616
1474
727
131
212
585
282
-374
313
-132
-142
444
828
333
-515
-303
-253
-293
686
474
-101
-182
-515
-697
-394
-81
-576
-1404
-727
-182
-596
-849
-950
159
-33
449
208
-33
-33
1413
-33
-33
328
183
135
63
87
-33
-33
-33
-33
-33
-33
15
232
-9
-33
-33
-33
-33
-33
955
87
-33
-33
-33
-33
-33
593
-9
-33
-33
-33
-33
-33
135
-33
-33
-33
-33
-33
159
554
554
466
501
554
554
477
554
554
-119
-1084
-67
554
554
554
554
-850
-2377
-1313
401
554
483
448
86
-166
-1564
-78
548
466
419
454
-248
-1868
-172
554
554
524
349
-909
-1277
220
448
554
290
4
-558
-154
167
-1026
1033
785
87
2
2
469
2341
727
699
11
2
2
202
1147
2
11
2
2
2
2
11
2
2
2
2
2
2
30
2
2
2
2
2
2
269
59
2
2
2
2
2
250
49
2
2
2
2
2
2
1084
1084
1084
1084
1084
1084
1084
1067
1067
1045
923
1061
1084
1084
778
667
329
-165
273
723
1072
989
817
346
-226
-15
623
1084
1017
734
207
-820
-820
57
801
1022
346
-670
-1452
-1241
-853
-381
329
-598
-859
-1369
-1536
-986
434
875
776
887
945
945
724
272
945
945
910
858
945
921
834
904
916
921
881
945
939
573
811
945
939
939
945
939
353
556
840
939
939
945
945
573
678
829
904
631
469
863
840
945
945
846
585
626
927
504
-5
480
1042
1077
1077
931
-144
550
792
1077
1077
1077
1077
633
723
889
1077
1077
1077
1077
709
439
730
1077
1077
1077
1077
307
189
598
1056
1056
1056
1056
903
570
882
1077
1070
1063
1063
1014
1077
1077
1077
1077
1077
1077
432
472
499
748
942
1018
658
513
728
472
568
755
714
479
603
990
921
1018
1060
983
776
541
811
631
990
1060
1004
880
700
499
299
935
1039
983
838
783
672
748
1032
1060
1060
990
887
541
520
970
1018
1060
921
900
159
109
-434
-384
-261
245
1652
-150
-273
-631
-656
-397
-446
455
-113
-446
-755
-1298
-397
-495
307
603
-125
-236
-409
-829
-644
850
677
-51
-421
-138
-533
-286
1368
-39
-483
-434
35
-421
-397
393
-138
-508
-619
-51
-162
-656
-545
996
474
-55
-48
98
351
1096
651
367
-55
-55
-55
-48
413
474
274
-55
-55
-55
-25
1057
397
175
-55
-55
-55
-55
697
198
144
-55
-55
-55
-55
727
321
-2
-55
-55
-55
-55
812
321
-48
-55
-55
-55
-55
413
372
-3
-3
-3
-3
-3
14
68
-3
148
148
5
-3
-3
-3
-3
497
1256
890
68
-3
-3
-3
122
238
890
336
-3
-3
-3
68
59
345
202
-3
-3
-3
-3
-3
-3
-3
-3
113
202
-3
-3
-3
-3
345
0
0
0
0
0
0
0
0
0
0
0
0
0
0
0
0
0
0
0
0
0
0
0
0
0
0
0
0
0
0
0
0
0
0
0
0
0
0
0
0
0
0
0
0
0
0
0
0
0
770
93
18
18
112
100
529
43
30
18
18
18
18
36
18
18
340
2419
789
18
18
18
18
251
2318
637
18
18
18
18
18
18
18
18
18
18
18
18
18
18
18
74
18
18
182
972
896
144
81
885
1002
1176
1125
1170
1103
969
952
1025
1176
969
1064
1176
1153
907
924
1176
1176
1176
1176
885
270
488
1176
1176
1008
985
91
186
214
1125
1131
946
1064
482
829
812
1164
1170
1159
1170
723
465
119
750
1153
1176
952
314
322
214
-83
214
-38
-74
34
431
214
241
512
-372
-372
395
593
151
205
467
160
-2
467
151
-137
169
322
-200
-110
467
223
-29
-11
79
-47
124
566
521
43
-56
304
142
214
413
476
169
169
611
295
115
755
-34
-72
705
686
-9
-34
170
-72
-72
1018
1541
2077
521
-72
-72
-72
157
1024
1082
431
-72
-72
-72
-72
125
183
214
-72
-72
-72
-72
-72
132
176
-72
-72
-72
-72
-72
-72
-66
-72
-72
-72
-72
-72
-72
-72
-72
1075
820
1002
1105
966
893
1017
878
776
1039
980
944
791
834
667
659
1010
1105
1039
718
455
557
594
980
1097
951
674
287
776
652
864
959
1046
929
360
944
893
937
995
1068
1032
469
630
820
1039
1090
1083
1090
973
676
891
1011
996
901
1021
786
-108
-93
52
182
-148
112
447
197
182
222
357
237
102
332
272
112
387
27
477
372
112
107
22
417
77
322
407
-58
222
-28
322
317
407
477
137
367
-108
97
27
192
352
82
161
-8
-8
-8
-8
-8
307
-8
-8
-8
-8
-8
-8
89
-8
-8
-8
-8
-8
-8
-8
-8
-8
-8
137
-8
-8
-8
-8
-8
-8
270
-8
-8
-8
-8
-8
-8
-8
-8
-8
-8
-8
-8
-8
404
186
-8
64
498
498
439
466
498
513
513
498
498
651
535
248
423
498
498
498
391
344
529
582
498
498
498
566
795
980
593
498
498
498
699
837
858
646
498
487
492
641
1007
874
588
498
413
206
391
657
741
503
498
1592
941
95
35
125
1031
2827
1158
671
13
13
13
252
1061
462
297
13
13
13
13
289
13
110
13
13
13
13
237
42
447
140
13
13
65
926
275
432
72
13
13
35
432
57
13
13
13
13
13
162
240
97
97
49
65
25
1145
-6
-6
240
232
907
351
335
9
144
97
-6
462
319
113
160
57
-6
-6
375
518
279
152
-6
-6
-6
81
232
216
-6
-6
-6
-6
-6
-6
208
17
-6
-6
-6
-6
-6
-6
1368
106
-12
-12
-12
86
994
264
86
-12
-12
-12
27
619
-12
-12
-12
-12
-12
-12
-12
-12
7
-12
-12
-12
-12
-12
244
-12
-12
-12
-12
-12
-12
224
-12
-12
-12
-12
-12
-12
145
-12
-12
-12
-12
-12
-12
1120
938
1006
1124
1079
920
1079
283
129
320
583
156
-58
465
224
-148
102
529
152
-44
-217
-194
-880
174
1097
647
-321
-826
-326
-1298
-344
502
392
-485
-771
-180
-1067
-317
547
424
-294
-621
52
-735
-276
702
688
-403
-767
734
734
716
734
734
716
465
734
716
567
269
483
728
734
734
710
662
477
638
728
734
686
668
650
686
674
704
734
662
632
483
424
477
656
734
734
704
590
507
537
650
734
525
215
608
686
573
579
340
457
26
20
82
57
38
82
589
20
20
20
20
20
120
170
20
20
20
20
20
132
20
20
20
20
170
101
132
20
20
20
20
51
26
201
20
20
20
20
20
20
20
20
20
20
20
20
51
126
967
1069
1120
1120
1120
1104
901
911
1099
1120
1074
1084
1120
1064
1084
1114
1120
1120
1099
1104
1089
1043
1120
1120
1120
927
901
1038
1048
1120
1120
1120
932
957
1120
1018
1114
1114
1114
1043
1064
1099
1104
1120
1114
1114
1120
1120
1018
214
-127
-386
-629
-483
-305
52
-508
-865
-1116
-1554
-1521
-921
-289
-978
-1124
-986
-1384
-1335
-767
-354
-305
-605
-873
-1083
-1019
-694
-143
157
-191
-905
-1100
-808
-694
-208
117
-273
-1059
-1481
-1189
-792
-370
76
76
-305
-986
-1051
3
368
-12
-12
140
50
-12
292
757
-4
-12
-12
-4
-4
-12
-12
-12
-12
-12
-12
32
23
-12
-12
-12
-12
-12
5
5
-12
-12
-12
-12
-12
-12
-12
-12
-12
-12
-12
-12
-12
-12
-12
918
453
-12
-12
-12
-12
122
565
875
192
490
279
18
-7
-19
316
-342
-441
-230
-243
6
-503
-478
-603
-1720
-1149
-292
304
-801
-565
-156
-1062
-814
-193
453
-503
-354
-528
-938
-876
-44
974
142
55
-541
-1472
-1174
-168
341
-7
-218
-143
-615
-652
167
552
-11
-11
-11
-11
-11
-11
-11
79
-11
91
11
136
91
-11
762
318
159
-11
239
205
-11
170
0
-11
-11
11
0
-11
-11
-11
91
-11
-11
45
-11
114
34
341
114
-11
136
159
910
227
57
0
-11
0
23
-145
-723
-345
-806
-924
-393
-133
-310
-723
-487
-711
-770
-357
351
-192
-593
-322
-428
-227
-511
-109
-475
-794
-404
-192
174
-463
-841
-558
-1053
-298
44
374
-404
-853
-463
-723
-39
433
634
-15
-357
-239
-322
-27
44
339
221
103
772
23
8
15
71
8
1219
414
103
8
8
8
8
350
15
8
8
8
8
8
95
95
71
8
8
8
8
207
207
175
31
8
8
8
191
8
79
15
8
8
8
733
79
207
23
8
8
8
517
743
725
743
743
743
743
616
743
743
743
576
674
743
668
743
737
743
513
639
737
743
743
743
743
668
720
743
743
743
743
743
576
639
720
743
743
743
737
490
541
731
743
708
743
737
697
702
743
743
923
238
4
4
4
4
4
229
56
168
168
4
4
47
4
4
489
749
255
4
30
4
4
90
168
30
4
4
4
4
4
4
4
4
4
4
4
4
4
4
4
4
229
324
64
4
4
4
810
72
-16
258
316
355
170
-523
-35
-181
238
-250
23
101
-308
-133
-113
14
-1401
-601
-74
-55
-230
-103
-162
-1098
-464
-269
-337
-181
14
-162
-611
-435
-435
-367
297
306
-162
-377
-328
-152
-113
853
970
297
33
336
570
667
-47
-56
264
217
264
57
94
-432
-301
245
282
621
141
-160
-56
-178
-94
-808
179
301
-37
423
-66
282
-207
132
217
367
583
57
433
480
66
301
612
367
160
245
104
66
301
574
630
715
602
132
19
320
254
-8
-8
-8
-8
-8
-8
153
-8
-8
-8
54
-8
-8
-8
-8
-8
165
451
41
-8
-8
-8
-8
-8
-8
-8
-8
-8
-8
-8
-8
-8
-8
-8
-8
-8
-8
-8
-8
-8
-8
-8
91
-8
-8
-8
-8
-8
-8
996
942
1020
1008
978
774
816
702
840
954
343
804
912
595
792
768
978
828
972
1026
876
702
655
1008
978
876
1014
810
828
744
882
511
631
978
864
858
990
840
403
463
679
296
361
236
182
158
236
-213
-757
30
49
-244
-206
-339
-131
12
-149
-45
-131
-500
-415
-225
12
201
-45
135
921
154
-187
12
-7
49
-216
-1380
-831
-424
-55
21
40
106
163
362
296
30
12
40
627
968
807
116
-168
-83
-471
-102
523
949
248
12
24
17
66
38
-3
-3
-3
-3
-3
94
66
-3
-3
-3
-3
-3
-3
3
10
-3
-3
-3
-3
-3
3
115
31
-3
-3
-3
31
157
220
52
-3
-3
-3
3
728
457
-3
-3
3
45
24
498
338
-3
-3
1092
199
-19
-19
-19
-19
749
749
354
-19
-19
126
43
147
635
271
-19
-19
-19
-19
251
43
-9
-19
-19
-19
-19
157
-19
-19
-19
-19
-19
-19
-19
64
-19
-19
-19
-19
-19
-19
251
22
-19
-19
-19
-19
313
1092
1118
1105
1118
1118
1066
987
1066
1132
1079
1013
1040
1105
1092
1118
1105
987
1066
1053
1105
1105
1132
1079
712
541
567
974
1132
1132
1132
751
344
502
1013
1118
1132
1132
1132
1132
1132
1132
1066
869
1132
1132
1132
1132
1132
1132
183
32
-3
-3
-3
39
1178
-3
-3
-3
-3
-3
-3
154
-3
-3
-3
-3
-3
-3
-3
-3
-3
-3
-3
-3
-3
54
-3
-3
-3
-3
-3
-3
140
-3
-3
-3
-3
-3
-3
-3
218
627
32
-3
-3
147
1235
-168
-168
-168
-124
32
565
1098
-179
-379
-557
-1046
-957
-401
110
165
-168
-401
-546
-435
-90
254
-13
-146
-124
76
-102
-46
221
298
232
232
287
-68
132
376
587
210
-57
21
121
332
576
1276
676
-224
-224
198
532
-13
934
1007
1007
1007
976
964
1000
886
1007
1007
1007
1007
1007
1007
940
1007
1007
1007
1000
982
988
958
1007
1007
1007
874
898
1000
1007
1007
1007
1007
964
994
1007
1007
1007
1007
1007
1007
1007
1007
1007
982
1007
1000
916
940
952
844
63
-12
-12
63
754
1249
48
-12
-12
-12
-12
-12
243
-12
-12
-12
-12
-12
-12
63
-12
-12
-12
-12
-12
-12
48
108
-12
-12
-12
-12
-12
3
138
-12
-12
-12
-12
-12
-12
243
3
-12
-12
-12
-12
423
912
687
876
696
589
400
1540
328
203
481
616
571
301
840
750
274
-255
-336
-642
59
912
813
-22
-534
-929
-695
-202
391
750
-76
-202
32
32
-157
95
660
32
-94
86
-94
-175
580
274
-606
-659
-336
-498
-929
463
505
943
50
259
764
579
-18
807
1041
-456
-474
-720
210
592
505
727
561
-302
-148
721
271
641
733
968
561
949
1146
382
709
653
1060
1097
1159
1146
265
820
727
1078
1159
1159
1159
653
961
1011
1146
1159
1159
1159
1029
-169
-135
-183
-196
-196
-196
-196
-196
-196
-196
-196
-196
-183
-190
-196
-196
-196
249
57
-196
-196
-196
-196
-196
126
-46
-196
-196
-196
-196
-196
-196
-196
-196
-196
-196
-196
-196
-196
-196
-46
-53
-121
-196
-196
-196
-196
2
-46
697
670
829
993
1025
993
591
855
660
760
818
945
956
475
1025
956
776
327
649
887
697
871
861
887
628
644
797
512
718
818
1009
961
808
887
417
898
919
935
707
491
871
570
554
454
792
839
808
543
179
724
993
1116
1135
1101
837
352
1031
1116
955
658
918
1073
984
1135
1135
498
-115
328
1026
918
1135
1078
866
823
352
885
960
1078
918
1054
1083
630
951
1111
955
885
1083
1073
672
908
951
545
304
781
1130
1012
903
295
843
859
946
1022
886
468
132
783
680
707
1043
1049
550
-172
875
561
620
1060
1005
430
-9
918
539
740
1060
946
430
154
1043
631
799
1060
1060
794
555
772
490
674
956
1038
723
317
680
783
420
702
550
138
116
545
149
-29
-29
95
662
2960
825
499
-29
-22
95
242
1399
941
700
-29
-29
-29
188
895
1252
654
2
9
25
95
1415
1446
685
9
436
273
9
1003
731
242
103
1392
545
-29
235
-29
-29
25
786
405
-29
-6
950
855
117
206
597
888
933
939
737
-493
-795
-778
206
732
877
592
55
-309
-577
178
871
681
597
55
-213
-225
251
866
586
821
223
206
217
391
827
648
776
335
709
816
558
804
363
374
581
916
855
575
704
46
-72
-72
-72
-72
-72
245
-72
-72
-72
-72
-72
-72
9
-28
-58
-50
-72
-72
-72
-72
-58
-72
208
481
53
-72
-72
75
-72
112
555
90
-72
38
142
-72
68
909
828
31
178
31
-50
274
1057
1145
119
-72
0
0
0
0
0
0
0
0
0
0
0
0
0
0
0
0
0
0
0
0
0
0
0
0
0
0
0
0
0
0
0
0
0
0
0
0
0
0
0
0
0
0
0
0
0
0
0
0
0
6
-8
-8
-8
-8
-8
456
-8
-8
-8
-8
6
-8
-8
-8
-8
-8
6
-8
-8
96
-8
-8
-8
-8
-8
-8
81
-8
6
-8
-8
-8
-8
-8
-8
-8
-8
306
96
-8
156
-8
-8
-8
456
156
-8
-8
756
756
707
686
756
756
756
756
756
-79
-1158
-184
700
756
756
756
-427
-2549
-1352
540
756
756
756
623
324
352
714
756
756
756
756
756
756
756
756
756
756
756
756
756
756
756
756
756
756
756
756
756
756
463
-68
-91
-91
-91
219
135
52
-91
-91
-91
-91
-91
-91
-56
-91
141
308
111
-91
-91
46
-91
-80
-62
-38
-91
-91
-38
-91
-91
-91
-91
-91
-91
-86
-91
-91
-86
10
-44
-91
-91
-86
-91
-86
-50
-38
487
-254
-814
-351
-151
-243
-351
-231
-700
-1351
-283
60
-146
-586
-574
-448
-780
-66
-706
-414
-431
-397
-209
-643
-111
-608
-271
-460
-551
-106
-580
-134
517
597
-551
-1242
-471
-580
-243
431
488
-517
-1185
-546
-77
340
563
500
283
163
388
-25
460
801
730
25
-355
229
-162
554
856
868
295
240
713
664
746
284
482
669
730
868
856
856
735
807
724
790
868
862
796
868
868
785
829
868
868
834
868
868
851
868
868
868
868
868
868
868
868
786
975
828
891
1144
1007
1049
1059
1144
-65
303
-170
587
1144
1144
1144
366
-401
-338
1007
1144
1144
1144
292
-611
671
1144
1144
1144
1144
660
429
1028
1112
1049
1144
1144
1049
975
1091
1133
1144
1133
1133
1144
1144
1144
1144
1028
1363
494
133
74
45
16
944
807
328
201
74
1041
543
319
-13
-13
-13
-13
153
84
-13
-13
-13
-13
-13
-13
-13
-13
-13
-13
-13
-13
-13
-13
-13
84
-13
-13
-13
-13
-13
-13
6
-13
-13
-13
-13
-13
-13
561
508
1
-58
-51
46
-36
359
203
-95
-95
-95
-95
-73
76
-21
-95
-95
-95
-95
83
-81
-95
-95
-95
9
-28
83
-88
-95
-95
-95
46
1
-73
-95
-95
-95
-95
-21
-43
-95
1
218
-43
-95
-73
-28
792
254
20
-56
-26
163
510
850
284
-86
-131
-116
-116
-86
125
-101
-146
-146
-146
-146
-146
-146
72
-124
163
556
-26
-146
-146
390
-94
306
1099
20
-146
-146
382
-124
57
359
-79
-146
-146
125
-131
-109
110
103
-146
-146
581
581
581
581
581
488
467
560
570
477
498
581
570
570
519
508
230
395
313
385
581
581
570
-491
-708
-852
-203
581
581
581
-698
-1821
-1667
-347
581
581
581
209
-564
-1058
-193
581
508
447
550
416
75
436
581
968
39
-325
-284
-459
308
1615
470
-459
-1214
-1806
-1537
-635
1211
133
-567
-1874
-4002
-2386
-1120
430
160
-257
-1631
-2709
-1780
-1012
524
295
443
-917
-1470
-998
-904
-28
133
281
-1268
-1847
-1200
-985
79
1009
1143
-635
-1645
-1375
-82
1696
793
232
-261
-172
-24
-123
192
320
-83
-743
-497
-615
-468
143
-192
-389
-645
-1275
-1118
-290
143
-54
-211
-300
-625
-596
-330
114
114
35
-162
74
-162
-320
84
5
-211
-300
-123
-162
-349
-349
271
-44
114
45
-251
-330
-566
816
752
752
964
1056
610
-77
554
731
185
462
242
610
221
-324
285
823
915
23
447
440
-211
242
1035
1078
-13
221
412
277
681
929
830
-133
263
313
639
886
893
780
-48
582
313
844
1007
1042
1056
830
964
462
43
-11
-11
-11
-11
-11
531
-11
-11
-11
-11
-11
-11
151
-11
-11
-11
-11
-11
-11
-11
-11
-11
-11
-11
-11
-11
-11
-11
-11
-11
-11
-11
-11
-11
-11
-11
-11
260
43
-11
-11
-11
-11
124
1237
667
-11
640
622
141
-67
-67
-67
-58
1638
205
105
-67
-67
-67
-58
849
286
250
-13
840
177
-31
1021
722
704
-31
441
132
-67
1384
368
558
-67
-67
-67
-67
1466
150
60
-67
-67
-67
5
1284
685
549
685
187
-67
631
849
416
0
0
0
0
0
0
312
0
0
0
0
0
104
60
0
164
694
173
0
121
0
17
295
945
199
0
156
0
312
104
26
0
0
242
0
321
26
0
0
17
190
321
1058
928
216
277
1015
1770
552
564
651
700
694
583
335
533
576
422
-134
416
595
329
372
274
-116
-1661
-505
502
348
552
484
335
-493
-246
416
638
669
632
533
107
-73
440
675
706
669
490
-239
-165
267
267
416
162
274
162
168
-270
-684
860
144
130
34
-7
-7
185
295
34
777
2306
1851
282
-7
-7
-7
392
1397
1135
130
-7
-7
-7
-7
-7
-7
-7
-7
-7
-7
-7
-7
-7
-7
-7
-7
-7
-7
-7
-7
-7
-7
295
172
-7
-7
-7
20
571
1928
1563
499
122
452
279
921
1477
1210
-132
-340
261
285
232
1384
221
-340
-340
-340
-300
105
232
-236
-340
-340
-340
-340
-126
-259
-340
-340
-340
-340
-202
418
134
-271
-340
-340
-340
-312
88
192
-150
-340
-340
-340
-340
-225
1059
609
-3
-3
-3
204
920
135
251
-3
-3
-3
31
147
-3
-3
100
54
-3
181
770
31
31
66
54
-3
216
1486
100
-3
-3
-3
-3
-3
435
43
-3
-3
-3
-3
-3
31
170
-3
-3
-3
-3
-3
1521
598
892
1053
1009
953
959
920
1037
1076
1109
1081
1092
887
465
1092
1087
1115
520
931
992
509
831
892
1053
392
920
1098
715
776
559
1037
1003
1103
1092
859
676
631
998
1087
1109
1042
915
803
1053
926
865
898
865
637
189
-8
-8
-8
-8
-8
52
-8
-8
-8
-8
-8
-8
68
-8
-8
569
1694
524
-8
37
-8
-8
919
3184
1497
68
-8
-8
7
265
752
356
-8
-8
-8
-8
-8
144
98
-8
-8
7
-8
-8
-8
-8
-8
934
257
-426
-368
-418
-409
-393
-409
-270
-409
-154
413
109
-319
-409
-409
-409
471
3458
759
-368
-89
-294
-196
-319
677
51
-385
405
59
454
-360
-409
-409
-393
27
-179
125
-319
-409
-409
-319
101
27
816
710
-220
-294
965
2125
1011
1033
1033
1033
1033
934
781
1011
1033
940
923
1033
1033
978
1033
1033
934
950
1033
1033
1033
1033
1033
688
639
792
934
1033
1033
1033
579
180
475
847
1033
1033
1033
874
262
240
868
1033
1033
1033
972
808
808
1011
732
873
840
879
835
763
840
829
6
-99
225
77
236
-137
-379
99
11
-49
654
407
236
198
258
181
-77
560
121
154
313
286
33
-93
99
66
66
44
-104
-252
-269
-203
-357
-335
-428
-148
-16
110
-477
-730
-27
61
736
541
725
841
825
869
1075
536
308
825
1052
819
641
697
530
363
880
1203
1036
486
63
491
386
530
863
869
441
-31
358
274
574
602
691
452
152
430
380
697
1025
969
586
452
713
741
875
1069
980
791
802
348
320
95
247
422
500
591
253
247
10
-142
-288
151
483
388
416
315
-525
-316
399
506
523
574
224
-457
168
545
562
382
591
292
-97
219
422
382
360
540
360
-226
-52
450
382
112
298
500
196
253
540
557
-276
-253
-158
-40
-355
-535
-567
219
-95
-582
-755
-637
-190
-88
-535
-402
-245
-551
-504
-331
-535
-606
-559
-150
15
-527
-535
-622
-370
-535
-190
-221
-394
-9
-111
-315
-174
30
77
-253
7
-190
-567
-551
-56
321
439
-323
-739
1417
362
84
50
84
101
1104
387
84
0
0
126
143
430
0
0
0
354
134
0
0
8
0
0
269
109
0
0
101
0
0
0
0
0
0
0
0
0
0
0
0
0
16
25
25
0
42
168
202
498
265
223
301
498
188
569
343
562
647
216
569
407
611
484
717
39
-73
18
244
823
265
611
61
-73
-73
110
746
625
322
-45
-73
-73
435
1388
39
329
75
315
258
209
901
597
731
781
753
428
167
449
714
545
269
50
15
15
354
15
198
29
15
184
121
15
340
128
15
15
15
22
566
1152
410
15
29
15
22
1379
1011
177
15
36
15
15
198
658
36
15
15
15
15
163
523
99
15
15
15
15
198
1305
452
11
6
6
378
1317
572
223
6
6
6
34
412
200
91
6
6
6
34
675
257
109
6
6
6
23
389
74
303
40
6
6
6
424
452
131
17
6
6
6
504
91
6
6
6
6
6
149
590
-300
493
-125
244
451
516
364
59
848
119
221
-535
447
548
-213
617
1124
-812
-342
659
631
-213
193
622
101
-250
875
654
55
69
82
318
133
862
557
258
96
82
304
-176
792
1143
-120
-10
650
-93
32
945
288
-10
-10
-10
-10
-10
344
-10
-10
-10
-10
-10
-10
-10
-10
-10
27
232
45
-10
-10
-10
-10
27
251
83
-10
-10
-10
-10
-10
-10
-10
-10
-10
-10
-10
8
45
-10
-10
-10
176
-10
8
157
45
-10
45
518
435
12
5
133
208
1876
5
5
5
5
5
5
767
5
27
5
5
5
5
578
50
5
5
5
5
5
593
178
57
5
5
5
5
593
103
27
5
5
5
12
487
367
412
118
5
5
412
2827
0
0
0
0
0
0
0
0
0
0
0
0
0
0
0
0
0
0
0
0
0
0
0
0
0
0
0
0
0
0
0
0
0
0
0
0
0
0
0
0
0
0
0
0
0
0
0
0
0
-225
-290
-18
356
120
-225
-363
-46
55
909
1153
1467
360
-193
767
568
523
1210
1210
739
-58
-6
271
434
417
560
552
-38
-323
-213
600
771
881
629
-67
-83
-250
621
1308
1556
820
169
-193
-217
177
580
804
104
356
995
807
968
1006
1006
844
624
1006
860
973
909
984
909
796
731
549
893
742
920
914
613
447
339
844
796
963
871
559
517
242
844
1006
1006
887
656
694
414
769
920
877
748
355
490
441
162
414
500
441
183
-11
-11
-11
-2
227
-2
446
-11
-11
-11
-11
-11
-11
246
131
255
-11
-11
-11
-11
150
-11
17
141
331
-11
-11
-11
8
-11
-11
-11
-11
-11
-11
-11
-11
46
312
369
8
-11
198
-2
131
636
646
46
208
1033
1033
827
912
1033
1033
1033
936
1008
670
428
815
990
1033
1002
978
839
422
646
984
1033
948
984
779
512
162
803
1033
875
1008
815
331
125
736
1033
881
1033
1033
954
676
785
797
809
573
700
1002
996
434
385
159
282
818
779
657
649
496
420
343
611
642
856
550
856
779
741
435
534
580
389
534
787
703
221
6
136
420
573
657
733
175
106
129
221
466
427
733
511
894
963
718
940
550
588
657
1040
1308
1269
1086
601
621
891
1029
926
793
101
665
631
901
1004
921
984
798
444
680
940
793
970
1034
1034
788
935
896
719
916
1014
1039
989
1029
989
926
916
955
945
1024
1039
945
484
631
975
980
1039
984
675
317
587
803
685
245
609
619
634
875
619
132
481
801
393
516
225
732
978
786
943
958
958
707
924
998
968
998
998
998
924
943
884
884
953
993
943
688
820
648
993
919
948
329
309
914
884
919
732
830
368
299
879
914
678
657
347
434
550
637
678
642
672
42
-369
-242
337
678
667
672
17
-389
-206
286
678
678
678
83
-24
139
388
678
667
678
149
-135
53
398
678
647
678
296
-567
-689
266
678
241
423
530
-445
-694
388
678
789
1149
1149
1149
1149
1089
891
1143
1149
1095
903
1017
1149
1071
1137
1107
873
69
519
1137
765
969
981
1083
861
1065
1149
657
789
885
1149
1149
1149
1149
567
897
1005
1149
1143
1059
1059
627
735
825
999
1143
915
969
621
-9
-9
-9
-9
-9
-9
-9
-9
-9
24
7
-9
-9
24
-9
-9
57
24
7
-9
-9
-9
-9
-9
-9
-9
-9
7
-9
-9
-9
-9
-9
-9
-9
-9
-9
-9
-9
-9
40
24
305
1447
752
-9
-9
487
1662
594
579
492
531
587
468
476
587
587
309
-316
151
587
563
587
587
-648
-3300
-1384
563
579
571
571
32
-1432
-371
587
397
571
579
587
587
587
587
420
587
587
587
587
587
587
587
515
452
539
587
587
523
404
174
-18
650
531
201
174
-476
9
-28
577
210
137
439
-128
128
0
366
714
329
384
293
293
247
320
393
-37
403
311
393
247
403
229
-55
357
220
567
165
476
567
650
760
467
412
-220
311
595
686
503
110
362
144
114
69
174
54
-336
294
69
-314
-291
-224
31
227
317
324
317
16
69
444
407
227
279
429
429
-21
347
174
212
249
527
504
174
519
422
227
317
632
459
639
707
497
624
519
587
677
864
504
-314
119
8
8
8
8
8
601
210
14
8
77
35
8
154
35
8
8
154
119
8
8
8
8
8
8
259
112
8
8
8
8
8
224
91
8
8
8
8
8
8
8
8
357
1013
315
49
161
629
1851
-361
-361
-43
-43
-348
-344
-361
-361
-361
604
878
1069
24
-361
-361
-353
-118
64
555
334
-361
-361
-282
-56
-118
506
453
-317
-361
-353
143
617
909
431
-295
-361
-361
-145
68
227
-25
-361
-361
-361
-361
-361
-361
-361
-361
1160
1160
1160
1160
1160
1134
1143
1051
1151
1076
726
1009
1160
1051
959
1093
976
309
834
1151
934
1101
1118
1160
918
1084
1160
1143
1160
1160
1160
1160
1160
1160
1093
1101
1134
1160
1160
1160
1134
793
576
743
1126
1160
1160
1126
901
387
-10
20
0
-10
0
-10
91
-10
101
224
10
-10
-10
-10
-10
315
824
366
-10
-10
-10
-10
51
376
183
20
-10
-10
-10
-10
-10
-10
-10
-10
-10
-10
-10
-10
-10
-10
-10
-10
-10
-10
-10
-10
-10
203
1086
575
230
364
386
575
1119
119
8
53
19
8
-25
375
-314
-503
97
-736
-147
-203
-369
-281
-558
-36
-758
-414
-258
-114
-247
-503
53
-514
-558
-147
86
-14
-269
-369
-1003
-703
-281
-480
686
530
-347
-1080
-769
-292
219
1673
504
1638
1354
398
622
646
292
-51
3256
1768
3232
1142
174
292
-4
492
197
1036
351
492
-74
-74
-74
-74
-74
-74
-63
-74
-74
-74
-74
-74
-74
-74
55
-74
-74
-74
-74
-74
-74
-4
-74
-74
-74
-74
-74
870
403
420
309
453
203
214
464
525
609
281
-113
281
748
620
187
437
564
886
520
453
475
959
703
520
-130
409
548
592
559
575
864
909
664
475
409
292
387
520
742
653
659
625
659
625
836
914
903
720
592
0
0
0
0
0
0
0
0
0
0
0
0
0
0
0
0
0
0
0
0
0
0
0
0
0
0
0
0
0
0
0
0
0
0
0
0
0
0
0
0
0
0
0
0
0
0
0
0
0
1004
404
80
181
376
202
1040
145
145
22
8
8
15
267
8
8
8
8
8
8
72
15
8
36
22
8
8
58
36
8
22
22
8
8
44
145
44
8
8
8
8
15
267
36
8
8
8
8
693
-19
458
363
396
449
501
458
501
626
205
234
167
482
621
774
774
745
745
688
735
740
602
754
774
769
769
774
735
458
664
774
774
774
774
583
683
649
702
764
774
750
516
530
244
482
678
692
425
72
1060
222
-54
-75
-75
173
499
329
-26
-75
-75
-75
-54
66
-75
-75
-75
-75
-75
-75
-75
-54
-75
-75
-75
-75
-75
102
222
24
-75
-75
-75
-75
159
251
-26
-75
-75
-75
-61
3
620
1251
478
-75
-75
570
1500
801
538
20
-5
-5
716
2261
648
461
215
665
113
71
368
326
266
266
1310
351
-5
3
-5
-5
3
351
96
-5
-5
-5
-5
-5
37
20
-5
-5
28
45
427
2202
1964
266
-5
589
105
1107
3433
2397
292
-5
1638
1296
240
58
498
840
1471
1426
719
27
5
5
172
1106
255
126
5
5
5
5
392
324
308
5
5
5
5
453
346
491
35
5
5
5
1015
164
126
12
5
5
5
605
5
27
103
5
5
202
552
2037
1202
132
-70
39
0
757
1343
1194
-16
-70
-70
8
820
718
695
-70
-70
-70
0
937
132
429
-70
-70
-70
-16
1069
-70
172
-63
-70
-47
78
1210
304
-16
0
648
1944
359
328
468
-70
148
1038
1678
125
148
0
0
0
0
0
0
0
0
0
0
0
0
0
0
0
0
0
0
0
0
0
0
0
0
0
0
0
0
0
0
0
0
0
0
0
0
0
0
0
0
0
0
0
0
0
0
0
0
0
383
-4
-4
-4
-4
-4
394
-4
-4
-4
-4
-4
-4
405
-4
-4
29
1015
239
-4
18
-4
-4
40
1458
405
-4
-4
-4
-4
-4
-4
-4
-4
-4
73
18
-4
-4
-4
-4
239
206
40
184
206
106
228
838
616
609
616
616
616
537
452
616
616
616
517
557
616
616
589
602
616
563
602
616
616
275
373
544
517
413
550
472
86
-137
393
432
393
570
557
413
138
530
583
602
550
478
-209
-988
-85
544
537
-32
-425
321
-3
-3
-3
-3
-3
172
-3
-3
443
985
524
78
-3
118
-3
579
1499
1133
64
-3
132
-3
-3
-3
-3
-3
-3
348
-3
-3
-3
-3
-3
-3
118
-3
-3
-3
-3
-3
-3
-3
-3
-3
-3
-3
-3
213
787
213
-21
-138
-32
-276
-1074
277
54
-276
-1042
-542
-21
-287
-521
-351
245
-691
-542
-21
-159
-340
-319
309
11
-149
-138
-32
-10
-149
192
341
-85
-159
107
-106
-212
-266
-861
-829
-234
-723
-489
-21
-489
-1691
-1425
-414
-468
813
690
131
138
196
-29
123
80
203
-36
-36
-36
-36
65
87
72
-36
-36
-36
22
850
290
276
-36
-36
-36
-36
726
327
196
-36
-36
-36
-36
1322
683
109
-36
-36
-36
196
1895
1118
835
581
51
-7
886
3072
683
161
11
-49
-39
-9
713
382
-240
-611
-952
-661
-360
182
282
-310
-691
-882
-541
-370
-130
-79
-551
-471
-531
-481
-501
-200
-160
-641
-531
-541
-300
-461
-230
242
-140
-119
-89
141
-370
-461
402
-109
121
573
613
-150
-340
26
26
26
26
26
26
26
26
26
102
324
108
26
26
26
26
146
1118
445
26
26
26
26
26
261
146
26
26
26
26
26
26
26
26
26
26
127
38
26
26
337
667
133
737
705
95
26
788
1067
1644
490
-6
-6
-6
108
248
478
32
-6
-6
-6
-6
25
-6
-6
-6
89
13
-6
-6
-6
-6
-6
51
-6
-6
-6
-6
-6
-6
-6
-6
-6
-6
-6
-6
-6
-6
-6
-6
-6
-6
-6
-6
-6
-6
-6
-6
0
0
0
0
0
0
0
0
0
0
0
0
0
0
0
0
0
0
0
0
0
0
0
0
0
0
0
0
0
0
0
0
0
0
0
0
0
0
0
0
0
0
0
0
0
0
0
0
0
281
25
12
12
108
674
1917
205
53
101
654
191
12
281
184
25
647
4072
1855
12
12
12
12
191
1634
626
12
12
12
12
12
12
12
12
12
12
12
12
115
115
12
12
12
12
32
39
129
267
1192
1381
1030
279
219
575
1063
2138
860
674
-1
-34
175
361
926
350
180
-55
-55
-1
10
21
-17
38
-55
-55
5
76
104
-55
98
-28
-55
-55
-50
279
120
10
-55
-55
-55
-55
16
-1
-55
-55
-55
-55
-55
-55
687
27
831
821
367
-25
78
470
-231
738
1316
1532
305
-272
913
109
-303
140
635
89
-35
779
181
-489
-520
-344
-324
171
656
-45
-221
-283
-159
-448
-272
542
171
-97
-231
150
130
89
357
315
-35
-355
-365
-15
728
1287
597
18
330
1210
1655
2256
1332
820
18
-4
-4
140
875
931
564
-15
-15
-15
-15
953
18
-15
-15
-15
-15
-15
430
7
218
51
-15
-15
-15
319
274
274
62
-15
-15
-15
40
74
-15
-15
-15
-15
-15
341
35
81
278
209
116
-11
-520
116
-34
232
405
463
105
139
220
220
24
544
58
12
116
602
440
209
753
128
-11
-104
487
533
220
382
-81
24
336
232
128
-92
-382
-764
-162
336
-312
-416
-69
-127
-764
-266
0
251
445
122
31
44
620
1332
-7
77
504
413
-7
154
355
225
264
122
57
-7
-7
-7
426
368
109
83
-7
-7
12
219
128
135
141
-7
-7
18
5
-7
-7
-1
5
31
96
154
413
497
64
-7
109
536
803
803
803
803
803
803
803
803
803
803
636
648
765
803
803
803
506
-1276
-323
796
803
803
803
605
-886
36
784
784
803
803
803
772
790
803
778
803
803
803
803
803
803
803
803
803
784
567
506
759
803
805
553
362
503
725
291
-495
684
513
-637
-1030
-455
-102
79
382
79
-546
-1897
-1161
-102
261
331
79
-122
-445
-193
180
160
19
-21
342
634
654
261
160
231
-92
342
957
684
140
241
473
39
200
190
79
442
584
409
550
723
678
691
723
723
659
723
396
-20
422
710
723
723
723
-417
-2496
-1159
518
723
723
723
115
-935
-346
575
723
723
723
563
614
659
703
723
723
723
710
716
723
723
723
684
684
716
723
723
723
633
544
114
26
-3
124
309
251
299
143
-3
-3
-3
75
514
309
309
16
-3
-3
6
632
84
-3
-3
-3
-3
-3
-3
260
-3
-3
-3
-3
-3
-3
16
-3
-3
270
36
-3
16
-3
-3
26
299
6
-3
114
2271
1215
65
133
640
1224
2219
1927
820
-72
-72
-72
48
1009
1318
709
-72
-72
-72
-72
219
288
314
-72
-72
-72
-72
194
545
331
-38
-72
-72
-72
365
228
82
-47
-72
-72
-72
56
-72
-72
-72
-72
-72
-72
520
521
909
1045
955
812
890
858
858
1071
1097
1117
974
981
780
1058
1110
1097
1117
1071
1091
929
1117
1117
1117
1117
955
948
1117
1117
1117
1104
1065
748
890
1117
1117
1091
1104
1071
916
955
728
741
211
437
1084
1117
677
-3
1003
1034
595
716
968
968
807
1008
1034
605
716
428
761
978
978
1034
882
948
923
973
1034
1028
1034
882
943
1034
1034
1008
998
1034
943
928
1013
1028
882
1034
1034
1034
902
862
1013
822
756
802
1008
867
711
1018
943
0
0
0
0
0
0
0
0
0
0
0
0
0
0
0
0
0
0
0
0
0
0
0
0
0
0
0
0
0
0
0
0
0
0
0
0
0
0
0
0
0
0
0
0
0
0
0
0
0
581
668
49
217
635
684
483
690
690
-1199
-1253
-884
234
690
684
690
114
212
-580
44
690
684
690
494
359
-157
228
690
690
690
521
142
-141
326
690
690
690
690
690
576
614
690
440
494
662
690
690
646
462
571
571
501
529
384
419
571
571
571
508
446
163
377
571
571
571
267
-79
-286
280
571
571
571
343
39
-700
-92
571
571
571
571
419
-306
87
571
571
571
474
-72
-237
432
571
571
571
488
-58
11
522
571
-10
-10
544
469
27
15
-10
78
53
1125
847
1730
771
-10
166
90
153
-10
368
292
27
-10
-10
65
-10
-10
-10
-10
-10
-10
2
-10
-10
-10
-10
65
444
418
90
-10
116
15
998
1200
898
532
633
380
2
154
-620
-220
-620
-645
-495
-982
-383
-745
267
529
716
-70
-1094
-570
-607
566
1653
1153
179
-470
-570
-495
367
1241
816
154
-495
-882
-570
117
429
816
104
-1182
-445
-532
-33
866
1203
129
-507
404
279
-8
1141
1166
67
192
-31
-31
-31
-31
-31
-31
-31
-31
-31
-31
58
-31
-31
17
34
17
-31
25
-31
-31
204
-31
1
123
90
66
25
513
-31
66
107
237
391
82
17
-23
9
-31
172
351
1
-31
383
1481
895
25
66
464
1659
1174
1007
1168
1218
1211
914
957
1218
1056
1211
1218
1218
1205
1193
1218
1149
1218
914
1143
1218
1218
1218
1218
1218
1075
1193
1218
1218
1218
1218
1218
1218
1218
1218
1218
1218
1218
1205
802
474
1044
1218
1211
1218
1106
443
207
1050
1218
1170
212
268
299
480
212
305
417
13
-30
-24
-30
-30
57
44
1
-30
-30
-6
-18
94
13
19
-12
-30
57
13
32
200
1
-6
-30
-30
-30
25
32
-30
-24
-30
-30
7
106
-30
-30
-30
-30
-12
-12
498
514
97
-3
-3
-3
61
1504
-3
-3
-3
-3
-3
-3
348
-3
-3
205
1512
406
-3
-3
-3
-3
104
1102
219
-3
-3
-3
-3
-3
47
25
-3
-3
-3
-3
90
679
636
61
-3
32
-3
284
1440
1275
162
75
915
915
915
915
915
915
915
915
915
915
915
915
915
915
915
915
1201
1396
1046
915
915
915
915
1089
1320
1404
1026
915
942
915
644
493
624
863
915
879
930
668
75
286
779
915
970
926
835
1018
970
915
915
977
1220
813
1005
1141
1181
1232
1152
1232
486
548
-74
706
1232
1232
1220
887
808
0
706
1232
1232
1220
842
892
621
847
1232
1232
1232
892
853
1034
1051
1232
1198
1232
955
842
683
960
1198
316
966
1079
830
666
1102
1232
912
912
912
912
912
748
545
898
912
680
300
728
878
606
898
912
633
307
592
871
891
912
912
850
721
572
816
912
912
912
810
735
769
891
912
912
912
878
687
837
912
912
905
803
837
823
898
878
850
861
-315
-315
-315
-315
-315
-270
-288
-315
-3
-95
-159
-233
-315
-315
-315
-242
-233
-279
-297
-315
-315
-315
-315
-315
-315
-315
-315
-315
-315
-315
-315
-315
-315
-315
-315
-315
-315
-315
-315
-315
-315
-288
-315
-315
-315
-315
-315
355
674
803
38
-131
28
485
1140
892
852
-61
-160
-101
88
624
415
217
-160
-160
-71
-61
396
415
217
-160
-160
-41
28
614
515
455
-141
-160
-121
58
1269
803
723
207
-111
-160
-51
763
1369
574
217
247
-160
-160
-160
515
317
591
743
667
23
-1035
555
140
596
743
743
363
-701
94
-7
707
743
743
530
-356
-184
-230
626
743
743
545
-321
-133
-483
413
743
743
697
64
54
84
535
743
743
743
505
449
732
743
737
631
641
13
-108
-18
-78
-211
-211
-211
-60
-187
55
-181
-211
-211
-193
-108
-78
-5
-199
-211
-145
-12
98
152
-72
-60
-199
407
243
-133
152
-169
-169
-181
201
55
-169
-187
-211
-24
625
812
-12
-102
-211
-5
140
497
546
-84
31
1076
1076
1076
1076
1076
1030
776
1076
1076
665
274
711
1036
1076
1076
1076
704
216
353
965
1076
1076
1076
1036
919
711
1023
1076
1076
1076
1043
581
170
861
1076
1076
1076
828
-513
-702
763
1076
1076
1076
919
359
431
1030
1076
1093
1093
998
1029
1093
1083
627
1093
1093
1061
1074
1047
1079
830
1093
1093
1079
1083
1088
1088
1093
1093
1093
1093
1093
1079
1083
1093
1093
1093
1093
1093
1083
1088
1093
1093
1093
1093
1093
1093
1093
1093
989
546
799
1061
1093
912
808
755
771
951
973
1012
1012
946
870
875
657
253
760
1012
973
1012
1001
804
269
700
1012
1012
1012
1012
979
990
842
919
1012
1012
1012
908
739
493
842
1012
1012
1012
930
449
575
902
908
597
444
548
788
979
373
-113
153
-3
99
91
-3
-3
829
36
12
59
59
208
185
106
59
44
-3
114
28
-3
-3
-3
-3
-3
4
-3
-3
-3
-3
-3
-3
-3
-3
-3
-3
-3
-3
28
962
758
44
-3
-3
-3
161
1276
1480
248
-3
557
384
898
995
827
501
-590
588
302
934
1011
1011
756
47
903
786
1005
1011
1011
975
939
934
1000
1011
949
995
1011
949
868
990
1000
975
1000
1011
618
995
1000
853
537
659
929
735
817
1005
909
781
858
990
1011
896
80
190
102
80
47
3
1106
157
102
102
1646
499
91
289
80
-8
-8
190
80
58
-8
-8
-8
-8
80
25
-8
-8
-8
-8
-8
80
47
-8
-8
-8
-8
80
25
14
245
378
1415
1172
367
47
1216
2253
0
0
0
0
0
0
0
0
0
0
0
0
0
0
0
0
0
0
0
0
0
0
0
0
0
0
0
0
0
0
0
0
0
0
0
0
0
0
0
0
0
0
0
0
0
0
0
0
0
0
0
0
0
0
0
0
0
0
0
0
0
0
0
0
0
0
0
0
0
0
0
0
0
0
0
0
0
0
0
0
0
0
0
0
0
0
0
0
0
0
0
0
0
0
0
0
0
0
1003
1047
1060
1073
1073
655
200
883
896
1073
1073
1066
674
-34
731
573
1041
1066
719
794
510
662
649
965
668
244
744
466
1003
883
1028
851
864
1016
636
1060
1003
933
55
143
908
813
1066
1022
858
579
649
914
914
764
721
474
343
459
648
866
634
416
-194
-557
-601
53
772
772
401
-521
-1153
-877
16
706
932
568
-310
-935
-441
75
692
932
743
271
-85
31
-27
634
757
597
445
481
547
416
779
699
605
547
358
336
641
932
-348
-516
244
591
434
65
-1019
-2
-717
-24
859
658
-35
-125
445
-270
-661
-1108
-717
-382
121
144
-393
-829
-750
-236
-527
-583
-281
-583
-661
222
211
-840
-784
121
43
-270
-370
-225
-560
-125
390
267
-460
-1600
-1488
-896
-326
773
-213
-213
-178
-48
490
1021
182
-184
-213
-213
-213
-166
5
-1
-196
-213
-213
-213
-213
-172
-213
-213
-213
-213
-213
-213
-213
-213
-172
-213
-213
-213
-213
-213
-196
-113
-213
-213
-213
-213
88
-1
-213
-213
-213
-213
-1
1352
-100
-294
239
489
427
195
-532
-187
-263
138
-6
264
282
-356
-288
-112
-250
-1697
-670
26
-682
-338
-43
113
-482
82
107
-582
-407
-125
326
420
414
38
-626
-532
26
339
13
-125
-206
-682
-24
320
245
1
-75
101
-476
634
910
972
972
959
953
671
867
972
972
953
947
965
873
959
972
879
511
665
947
929
953
972
751
382
677
953
886
972
972
904
800
910
953
947
972
972
972
941
953
965
972
505
573
929
843
935
972
910
-18
-9
-18
-18
-18
236
1174
50
1
128
353
50
30
636
-18
-18
538
1115
363
-18
-18
-18
-18
11
1
109
21
-18
-18
-18
30
177
353
60
-18
-18
-18
-18
304
79
-18
-18
-18
-18
-18
30
-18
-18
-18
373
-301
782
701
271
16
-721
-36
-567
936
926
1058
363
-107
-261
-424
465
496
966
353
-322
-598
-618
333
220
36
-76
-629
-792
-782
476
425
169
-25
-721
-383
-445
159
-56
36
87
-762
-373
-1058
-966
-741
-301
-424
-986
1012
75
-11
-11
-11
-11
467
215
15
88
55
-11
-11
121
-11
-11
228
547
128
-11
-5
-11
-11
62
268
48
-11
367
148
155
8
2
-11
-11
288
168
15
-11
161
334
28
-11
-11
188
108
347
547
128
1371
-393
-613
-324
-382
-359
-451
-370
-891
-891
-324
-69
-301
-486
-914
-1342
-1273
-162
81
-11
-335
-1423
-1064
-1053
-104
151
266
-197
-1342
-810
-1296
-69
521
613
0
-1053
-405
-764
-139
289
301
151
-798
-104
-127
93
58
-254
0
-1030
481
-201
-366
-366
-366
-366
-124
19
-289
-366
-366
-366
-366
-267
-311
-366
-366
-366
-366
-366
-366
-223
-322
-366
-366
-366
-366
-245
393
107
-355
-366
-300
-135
525
305
-124
-366
-366
-311
-201
294
118
85
-14
-289
-300
85
1218
614
309
461
112
211
232
352
690
341
265
80
134
276
298
-7
-7
178
1116
516
14
36
91
-7
341
1716
647
-7
-7
145
-7
91
243
58
-7
-7
134
-7
-7
3
-7
-7
-7
440
145
3
58
3
-7
-7
1293
87
-5
-5
-5
-5
644
984
201
-5
-5
-5
98
808
541
159
118
1159
335
15
571
15
56
77
922
324
-5
365
-5
273
159
-5
-5
25
15
-5
273
479
-5
-5
510
252
-5
77
293
-5
-5
231
479
764
991
1089
1064
948
880
-9
1015
1015
1114
1114
1114
997
549
1095
1071
1114
518
960
1052
1040
439
610
1114
807
1009
1089
506
89
255
1058
1034
966
1083
555
322
629
905
-21
-9
972
893
874
1101
991
249
439
936
684
8
8
41
123
8
8
8
41
8
48
488
55
8
8
75
28
333
759
129
8
8
8
8
434
854
143
8
8
8
8
380
563
156
41
8
8
8
170
515
630
150
8
96
827
935
285
150
529
536
1278
1149
211
66
478
569
2712
409
676
36
21
21
142
1439
97
127
21
21
21
21
341
74
135
21
21
21
21
409
135
478
74
21
21
21
440
51
196
36
21
21
21
112
43
21
21
318
142
43
287
1003
1003
357
566
880
909
1003
1003
1003
-352
-596
-841
363
1003
1003
1003
689
270
-253
654
991
1003
1003
939
747
642
880
991
1003
1003
857
578
514
863
1003
1003
1003
985
991
973
1003
1003
898
735
973
1003
1003
1003
1003
466
154
175
50
61
196
1100
445
217
217
40
-241
29
996
559
227
50
404
372
133
258
300
61
-43
102
539
102
-95
185
-33
175
165
289
50
102
414
9
102
71
185
341
643
601
414
289
-158
237
580
830
514
7
-11
-11
-11
7
392
26
-11
-11
-11
35
26
-11
-11
-11
-2
-11
-11
-11
26
-11
-11
308
702
73
-11
35
45
-11
214
758
167
-11
-11
82
-11
-11
-11
-11
-11
-11
-11
-11
-11
-11
-11
-11
-11
416
609
666
635
651
659
470
267
501
747
489
620
712
628
466
612
593
-325
317
758
682
589
697
705
343
605
758
628
551
551
735
766
793
743
578
536
639
797
797
801
797
659
317
340
574
609
747
712
478
844
760
617
572
459
305
706
449
607
222
291
251
335
656
-21
147
320
716
459
434
128
266
434
770
923
923
799
330
508
745
933
953
963
844
439
612
804
750
730
953
780
478
869
874
720
795
958
938
948
0
0
0
0
0
0
0
0
0
0
0
0
0
0
0
0
0
0
0
0
0
0
0
0
0
0
0
0
0
0
0
0
0
0
0
0
0
0
0
0
0
0
0
0
0
0
0
0
0
463
-5
-5
-5
319
444
1580
61
-5
-5
-5
-5
-5
252
-5
-5
-5
-5
-5
-5
-5
4
-5
-5
-5
214
147
-5
338
-5
-5
-5
42
33
-5
243
-5
-5
-5
-5
-5
33
138
-5
-5
-5
-5
-5
272
-11
-11
-11
-11
-11
-11
-11
-11
-11
22
-3
-3
-11
-11
-11
-11
5
-11
-11
-11
-11
-3
14
47
90
5
-11
14
5
5
106
182
22
-11
22
-11
5
-3
233
266
39
-11
199
662
216
283
569
56
132
1188
1188
1188
1188
1188
1188
1188
1182
1188
1188
1188
1188
1188
1188
1176
1182
1159
1188
1188
1170
1176
1182
1188
1113
1188
1188
1176
1176
1188
1188
1159
1188
1188
1188
1188
1084
1170
1136
1113
1188
1188
1188
769
861
333
614
1004
1079
1188
718
625
359
472
684
664
678
532
239
-20
226
292
478
704
239
-20
525
930
651
372
551
611
219
551
884
625
219
585
658
166
405
611
385
80
86
372
-67
206
472
525
119
60
605
325
259
738
811
558
771
946
565
727
822
746
660
889
575
480
898
375
1240
984
527
261
99
-148
-1298
-271
404
118
-271
-566
-300
-433
-1156
-547
-157
-148
-747
-233
4
-386
-395
-91
-243
-538
-186
413
603
-167
-623
-794
-1460
-966
80
185
-1251
-1793
-6
-6
-6
-6
-6
177
740
-6
-6
-6
-6
-6
-6
-6
-6
-6
-6
-6
-6
-6
-6
-6
-6
-6
-6
532
250
-6
-6
-6
79
226
813
275
-6
-6
-6
-6
-6
55
18
-6
-6
-6
-6
-6
-6
-6
-6
687
530
28
-37
-37
69
382
193
612
4
-37
-37
12
86
489
481
-37
-5
-37
-37
226
464
267
12
37
-37
-37
127
193
-37
-37
-37
-37
-37
431
341
-37
-37
-37
-37
-37
481
20
-37
-37
209
78
-37
111
972
507
422
279
507
574
1166
194
160
355
617
439
363
786
228
34
-34
-9
194
160
397
752
270
-119
-110
118
236
642
896
304
-26
279
304
127
439
735
253
211
634
701
228
566
498
211
279
405
380
253
1056
8
8
8
8
8
8
172
8
8
8
8
8
8
17
8
8
8
99
62
8
8
8
8
8
236
135
8
8
8
8
8
80
35
8
8
8
8
8
8
8
8
8
8
8
8
8
8
8
44
554
554
110
198
486
527
554
547
554
157
130
157
271
547
554
554
554
554
379
359
547
554
540
433
439
533
399
446
547
513
318
359
520
312
238
325
271
433
506
554
399
318
-138
-293
265
540
554
500
486
716
775
775
790
790
650
490
746
643
790
790
790
548
-74
-447
-432
724
541
702
614
-557
-1405
-1200
672
577
687
672
-952
-966
-864
687
790
790
768
-205
277
80
658
790
790
724
329
790
658
526
790
694
-184
-1376
573
-6
-6
-6
-6
111
787
-6
-6
-6
-6
-6
-6
58
-6
-6
-6
15
-6
-6
-6
-6
-6
15
4
-6
-6
111
-6
-6
-6
-6
-6
-6
69
-6
-6
-6
-6
-6
-6
-6
-6
111
-6
-6
-6
-6
401
561
561
116
204
408
495
561
561
561
-459
-1318
-1136
-15
561
561
546
-102
-1769
-1391
73
561
561
524
298
-641
-917
-131
553
561
561
415
-153
-779
-153
495
561
561
546
-219
-721
160
539
539
561
502
-73
-175
429
561
1004
261
-30
-30
-30
-14
845
186
70
-30
-30
-30
-30
270
-30
-30
-30
-30
-30
-30
-14
303
28
20
-5
-30
-30
70
704
270
11
28
-30
-30
111
245
36
-30
-30
-30
-30
120
95
670
111
-30
-30
762
2314
592
897
1087
1087
1087
824
196
788
964
1087
1044
1087
1087
977
1068
1087
1087
1007
1032
1087
1087
1001
1087
1087
1019
1050
1087
1087
1032
1087
1087
1087
1087
1087
1087
1087
1087
1074
727
818
1087
1087
1087
1087
1074
586
714
1087
1087
26
-88
446
583
594
401
407
963
799
537
634
623
668
748
918
992
253
117
-37
248
623
606
606
606
202
640
708
424
606
765
969
1088
753
600
469
571
617
657
662
770
861
992
384
571
748
515
532
753
537
1903
772
112
45
139
112
1095
489
-144
-629
-184
220
-252
-63
-386
-858
-561
489
-198
-682
-790
-76
-656
-467
-629
-817
-534
-63
139
-76
-548
-952
-979
-494
247
-63
-319
-858
-1962
-1908
-1019
-480
-332
-507
-669
-1517
-1396
4
1203
-300
553
-267
-423
-210
-1137
-514
331
979
-743
-5
143
-760
-628
3
1521
-719
-522
1070
-374
-965
-194
1562
-300
-645
422
-103
-1293
-333
1545
-267
-267
110
-514
-866
372
1004
-555
-587
618
-669
-300
676
471
-686
-817
258
-120
-858
1006
627
179
378
498
588
528
498
279
199
458
588
209
-419
488
219
428
1056
946
259
-230
0
-70
448
797
528
338
-10
-160
-279
388
608
398
518
418
39
129
39
149
149
89
-279
358
89
-260
99
-250
-708
-1087
467
71
5
-4
213
552
1326
52
24
-4
-4
-4
231
788
14
14
-4
-4
-4
-4
326
128
203
-4
-4
-4
-4
694
600
307
-4
-4
-4
-4
439
486
52
-4
-4
-4
-4
52
24
-4
-4
-4
-4
-4
-4
1093
1035
1093
1093
1093
1009
824
1093
1093
1093
1093
1093
1048
612
1093
1093
1093
1093
1093
1086
984
945
1035
958
849
1073
1093
1022
932
1003
1035
900
1028
1093
1009
1048
958
900
574
926
939
574
-73
-815
-463
171
504
-92
-559
885
954
845
796
949
786
752
929
954
432
97
363
801
949
939
949
535
368
284
776
954
924
954
466
239
225
737
954
934
954
589
-36
166
707
954
954
954
628
-548
-578
614
954
954
954
791
67
-17
825
954
1192
1131
596
552
745
886
894
877
666
88
-649
-61
421
710
929
561
-193
-1666
-552
342
658
745
465
70
-640
-131
228
588
666
570
9
-237
-175
333
1035
614
588
298
237
333
456
1008
719
360
228
403
807
728
1026
831
646
165
139
342
798
1262
561
460
-553
-485
-249
300
933
1026
806
-435
-663
-452
80
933
1144
950
-477
-1119
-654
114
890
1186
1076
-72
-933
-696
-47
907
1085
747
-198
-1549
-1473
-384
1059
519
97
-950
-1870
-1650
-418
1177
68
216
552
560
497
544
-245
28
177
700
1224
1122
685
482
130
271
708
1294
958
482
146
161
185
325
818
794
450
-120
247
-3
13
44
388
443
177
388
122
294
52
349
638
325
450
-222
44
-245
68
622
-370
0
0
0
0
0
0
0
0
0
0
0
0
0
0
0
0
0
0
0
0
0
0
0
0
0
0
0
0
0
0
0
0
0
0
0
0
0
0
0
0
0
0
0
0
0
0
0
0
0
810
109
29
29
291
682
2651
123
62
29
29
29
55
1336
29
163
29
29
29
29
285
237
197
29
29
29
29
480
426
494
49
29
29
29
534
136
291
42
29
29
29
76
177
440
170
35
130
332
716
402
402
430
420
402
402
402
406
402
887
1767
1207
496
406
505
623
646
1099
1183
665
392
369
515
434
208
124
406
402
402
477
336
133
293
444
482
920
1136
1188
1343
1311
1296
1268
1183
1490
1075
623
825
778
218
114
-10
212
434
31
17
212
59
-10
531
836
1017
239
59
101
-10
-10
-10
142
31
212
3
-10
59
448
142
-10
59
-10
-10
226
934
295
-10
-10
-10
-10
-10
-10
-10
-10
-10
31
-10
-10
-10
-10
-10
114
54
-248
308
-151
-598
-526
-55
271
-200
30
-320
-344
-658
-296
-200
-248
-465
-1491
-912
-598
-381
-103
-260
-1093
-1926
-1552
-731
175
223
-127
-755
-1105
-1129
-598
283
-115
-127
-308
-236
-622
-332
-139
440
332
-67
-151
-296
308
1068
495
-41
-310
-95
-131
-345
-140
254
57
-569
-515
-989
-390
129
84
93
129
424
-149
3
209
299
-6
433
764
182
-292
-41
-68
-211
388
665
272
-68
191
-220
-113
531
1068
522
316
513
290
630
665
290
129
442
442
1170
145
47
186
531
391
613
408
96
23
23
23
23
23
47
23
23
23
23
23
121
23
23
23
23
23
23
23
129
23
23
23
23
23
244
162
23
23
23
23
23
539
47
23
113
23
23
342
654
898
890
641
854
912
817
1008
846
1022
590
876
583
766
1000
986
1030
971
1030
920
942
956
1030
1022
1022
1030
927
956
920
1030
964
993
1030
1015
986
993
868
575
751
1030
1030
773
627
-40
-311
378
1030
1030
209
407
804
804
809
798
715
825
825
825
804
809
757
736
825
825
825
814
491
-99
485
804
825
757
825
574
21
225
668
825
762
825
527
319
199
517
819
804
793
444
-120
-104
564
825
397
392
287
79
298
736
798
0
0
0
0
0
0
0
0
0
0
0
0
0
0
0
0
0
0
0
0
0
0
0
0
0
0
0
0
0
0
0
0
0
0
0
0
0
0
0
0
0
0
0
0
0
0
0
0
0
902
902
844
882
902
902
902
902
902
626
607
697
818
902
786
870
454
569
543
767
902
818
889
729
774
716
838
902
902
902
902
902
876
882
902
902
870
870
876
902
902
902
658
505
742
684
857
902
902
190
-140
-140
-140
-37
-113
-140
-85
-140
-140
-140
-140
-140
-140
-140
-140
190
954
197
-127
-140
-140
-120
-65
252
218
-99
-140
-140
-120
-120
-85
-92
-140
-140
-140
-140
-140
-44
52
-92
-140
-140
-140
-140
245
645
-23
-140
-1093
-1172
-1006
-746
-966
-1172
-1076
-1172
-1172
-1067
-219
-808
-1164
-1172
-1172
-1172
-786
607
-492
-1120
-1172
-1172
-1172
-825
607
-536
-1164
-1172
-1172
-1172
-1168
-751
-887
-1172
-1172
-1172
-1172
-962
-474
-685
-1107
-1172
-702
-465
-601
-61
-421
-962
-1006
730
730
574
646
730
724
702
730
713
130
52
502
696
730
730
680
308
258
469
663
718
730
718
330
480
730
657
674
730
724
596
646
707
641
668
730
724
707
596
208
519
668
624
680
707
580
291
635
247
573
-2
-2
-2
-2
-2
586
11
-2
-2
-2
-2
-2
225
-2
-2
-2
-2
-2
-2
-2
38
91
-2
-2
-2
-2
104
51
158
-2
-2
-2
-2
78
198
64
-2
-2
-2
-2
24
145
38
-2
-2
-2
-2
773
602
602
-151
52
483
525
602
585
602
-1190
-1959
-1241
-83
602
585
585
-692
-1790
-1579
-142
602
602
593
-286
-582
-818
-168
593
602
602
-345
-1046
-1317
-455
568
602
576
-387
-1689
-1756
-438
441
27
-235
-506
-1308
-1072
-159
-252
187
-97
53
38
38
-111
465
60
-139
-153
-118
-153
-153
138
365
38
-153
-153
-153
-153
216
202
166
-153
-153
-153
-153
-104
60
-75
-153
-153
-153
-153
-153
386
45
-97
-153
-153
3
372
195
-68
-26
-153
-118
287
1708
1025
626
843
306
133
462
644
375
141
964
1189
1276
418
-58
-127
-326
237
306
496
202
-49
3
-447
29
-283
-66
29
-101
89
-655
-240
-6
12
20
-84
98
-569
-456
-153
63
-84
46
999
635
202
46
81
228
877
0
0
0
0
0
0
0
0
0
0
0
0
0
0
0
0
0
0
0
0
0
0
0
0
0
0
0
0
0
0
0
0
0
0
0
0
0
0
0
0
0
0
0
0
0
0
0
0
0
246
6
6
6
6
6
472
76
6
6
6
6
6
83
6
6
175
1214
274
6
6
104
34
62
642
119
6
6
175
13
34
27
13
13
6
6
6
55
514
536
55
27
182
62
34
472
599
27
6
1254
-7
-7
-7
-7
-7
696
281
-7
-7
-7
-7
-7
47
-7
-7
-7
-7
-7
-7
-7
-7
-7
137
137
173
65
-7
-7
-7
191
245
299
47
-7
-7
-7
-7
-7
-7
-7
-7
-7
-7
29
-7
-7
-7
515
503
296
518
629
703
666
200
400
370
378
740
429
429
385
-110
60
392
754
599
429
89
-58
193
304
274
732
666
378
52
348
533
488
710
592
666
326
444
518
584
363
466
481
451
385
348
496
267
281
518
820
910
965
951
965
965
965
772
923
868
711
875
965
965
704
903
608
-587
278
965
965
951
944
896
608
875
965
965
944
951
937
813
916
965
965
965
965
910
470
553
937
965
916
813
923
807
745
944
683
318
4
4
4
4
128
566
4
4
4
4
4
4
45
4
4
4
53
37
4
4
4
4
4
28
12
4
4
4
4
4
4
4
4
4
4
4
4
359
690
103
4
4
4
4
244
666
111
86
119
-10
-10
-10
-10
-10
-10
-10
-10
-10
-10
-10
-10
-10
-10
-10
79
225
30
-10
-10
680
355
71
160
71
22
468
785
598
6
266
160
-2
477
54
79
6
201
79
-10
-2
266
647
71
-10
-10
-10
355
797
1026
1043
1037
998
741
786
858
1009
981
881
992
808
378
1003
1020
1020
881
970
964
238
914
808
1043
1043
1037
1037
428
802
629
998
1003
1009
1037
724
853
802
1009
1037
1031
987
936
1043
1026
1009
1043
1043
624
-58
1106
267
4
4
60
146
1760
764
387
4
210
188
53
515
1006
764
4
4
25
4
139
89
89
4
4
4
4
4
146
153
4
4
4
4
188
18
46
32
537
402
46
459
32
4
96
352
451
75
252
539
710
337
627
860
829
772
513
611
-4
223
301
761
793
513
699
539
466
451
844
746
529
653
782
798
943
968
808
441
606
798
922
932
844
689
529
601
622
156
239
730
596
399
560
663
208
218
860
673
320
456
983
1071
977
424
-233
409
544
1066
1103
1103
706
-14
565
743
1103
1103
1103
962
440
445
555
1045
1050
544
638
85
304
252
894
659
252
633
132
555
612
1024
920
696
967
664
779
717
930
1061
904
899
-81
953
612
-387
-289
-94
210
259
246
100
-484
76
-326
-58
332
-618
-460
-34
307
161
-58
-423
-740
-508
15
307
429
27
-594
-533
-58
76
490
502
88
52
-167
100
113
563
222
15
125
-180
52
210
186
-46
-58
965
862
862
862
862
862
862
862
862
862
862
838
844
862
862
862
862
821
687
763
850
862
862
862
681
448
454
710
862
862
862
588
157
332
693
862
862
862
815
506
466
739
565
722
448
617
408
274
349
472
148
0
226
132
0
31
492
0
0
39
15
140
78
7
0
0
0
0
0
0
0
7
0
187
140
281
148
0
62
0
383
774
304
78
0
0
0
39
297
289
39
0
0
0
0
15
86
15
31
928
940
1023
1053
1041
975
1023
720
993
1053
1035
1035
1023
1035
863
963
863
1005
1053
1053
1053
1053
1017
590
382
762
1035
1053
1053
1053
774
293
679
1029
1053
1053
1053
1053
886
750
1005
1053
459
210
655
958
863
613
863
424
269
238
136
222
292
-81
331
66
191
-331
152
393
-97
230
-81
292
-190
-245
214
43
292
66
393
479
-424
-253
-175
292
-35
152
238
-307
-229
113
580
245
284
-198
-533
136
300
1242
1110
751
121
-253
362
347
38
-79
-79
-79
-79
-79
-79
72
-73
-79
-79
-79
-79
-79
-31
-52
-66
-79
-79
-79
-79
-79
204
-73
-79
-79
-79
3
-79
259
24
-79
-79
-79
-52
-59
542
93
-79
-79
-45
31
-73
300
307
-79
-45
535
2158
216
24
3
3
145
322
1089
3
52
31
3
3
3
180
45
130
38
791
287
10
3
3
3
3
997
173
3
3
3
3
3
3
3
3
17
3
3
3
223
95
3
24
3
3
74
692
187
3
3
-14
-14
52
33
-14
-14
-14
-14
-14
14
221
80
-14
-14
-14
-14
-14
1655
665
-14
-14
-14
-14
-14
740
287
-14
-14
-14
-14
-14
-14
-14
-14
-14
-14
-14
-14
-14
-14
-14
-14
193
23
-14
825
787
33
-14
651
626
184
7
191
393
626
651
497
-116
-104
-42
68
516
559
368
-12
86
178
234
503
559
460
178
7
270
503
614
601
571
503
528
638
601
608
307
350
497
595
546
460
608
-159
154
246
37
-85
215
638
0
0
0
0
0
0
0
0
0
0
0
0
0
0
0
0
0
0
0
0
0
0
0
0
0
0
0
0
0
0
0
0
0
0
0
0
0
0
0
0
0
0
0
0
0
0
0
0
0
910
1104
1123
1123
1066
991
423
991
1035
1123
1123
1123
1123
948
1116
1116
1123
1123
1123
1123
1123
1123
1123
1123
1123
1123
1123
1123
1123
1123
1123
1123
1123
1123
1123
1123
1123
1123
1123
1116
1123
1123
1098
910
966
1110
1116
1054
1123
0
0
0
0
0
0
0
0
0
0
0
0
0
0
0
0
0
0
0
0
0
0
0
0
0
0
0
0
0
0
0
0
0
0
0
0
0
0
0
0
0
0
0
0
0
0
0
0
0
-7
36
137
55
-7
-7
49
-7
-7
193
49
87
55
-7
-7
-7
-7
-7
-7
-7
-7
-7
-7
-7
-7
-7
-7
-7
-7
-7
-7
-7
55
68
-7
-7
-7
-7
-7
256
124
-1
-7
-7
-7
-7
268
74
168
811
17
1
1
83
116
786
207
34
1
1
1
1
25
83
25
1
1
1
1
1
1
1
1
1
1
1
1
1
1
1
1
1
1
1
1
1
58
207
100
1
9
1
1
34
91
42
1
1
0
0
0
0
0
0
0
0
0
0
0
0
0
0
0
0
0
0
0
0
0
0
0
0
0
0
0
0
0
0
0
0
0
0
0
0
0
0
0
0
0
0
0
0
0
0
0
0
0
1059
978
958
1013
998
1059
1038
1023
1043
932
912
882
988
1043
1038
1033
816
1053
746
801
1053
1059
1053
690
826
326
599
1059
1059
1059
756
326
140
554
993
1043
978
488
-229
-168
690
1023
771
503
382
387
730
1013
1059
716
1012
1175
1182
1182
1182
1182
634
735
1137
1182
1169
1150
930
558
521
1131
1182
1175
1068
602
1037
571
974
1169
1182
949
596
1163
250
747
1100
1112
905
294
1081
388
772
942
722
772
-2
829
407
760
1018
936
829
-140
-226
-404
-121
151
-90
-58
36
-69
-320
68
319
-79
-247
-247
-37
-247
-236
15
47
-184
-466
-236
-456
-686
-571
-257
-278
-550
-351
-781
-634
-90
298
-205
-592
-425
-498
-309
287
287
-79
-404
-142
141
36
266
109
141
26
640
375
63
57
171
815
959
363
177
45
45
45
51
81
255
63
45
45
45
45
38
45
45
147
45
45
45
45
45
45
321
201
135
159
45
45
45
63
32
201
111
45
45
45
63
111
195
57
45
0
0
0
0
0
0
0
0
0
0
0
0
0
0
0
0
0
0
0
0
0
0
0
0
0
0
0
0
0
0
0
0
0
0
0
0
0
0
0
0
0
0
0
0
0
0
0
0
0
633
429
263
202
17
392
633
380
337
423
386
503
276
442
552
626
854
1266
989
528
319
700
509
491
614
423
405
602
386
460
202
-32
368
546
411
626
282
226
-143
42
300
220
651
540
743
860
719
559
1217
-17
57
77
16
16
645
793
70
-24
550
273
-71
3
77
172
91
43
-31
-71
-71
-71
-71
-71
-71
-71
70
16
-71
-71
-71
-24
-17
178
77
-71
43
-38
178
1374
1516
192
-71
354
91
239
1003
969
77
570
256
-46
-46
-46
-46
7
425
-20
-38
-46
-46
-46
-46
78
114
60
-46
-46
-46
-46
-46
-2
-29
-46
-46
-46
-46
-46
87
-46
-46
131
7
-46
-46
69
-46
87
816
514
-20
-29
60
-11
282
1758
1545
256
718
718
718
718
718
718
678
671
718
718
671
373
592
718
718
718
718
274
-1315
-362
678
718
718
718
148
-1566
-1017
499
718
718
718
526
-97
-276
479
718
718
718
718
532
486
698
718
671
612
718
718
718
718
718
1099
922
358
170
147
227
820
814
597
501
711
466
341
529
586
352
609
791
922
580
592
672
216
96
56
364
312
449
637
136
153
147
426
238
-35
592
250
409
597
877
637
444
854
843
683
717
962
939
1053
607
607
615
386
437
607
607
607
607
598
3
335
607
607
607
607
-150
-1501
-600
496
581
607
598
-379
-1773
-974
190
607
607
598
-192
-1034
-855
97
607
607
607
29
-779
-617
292
607
607
607
445
-175
-184
377
607
827
889
908
908
908
908
883
908
908
889
889
908
908
908
840
908
883
908
728
809
908
704
877
796
691
-236
296
895
704
858
611
-38
-588
283
895
846
901
697
178
-13
679
908
908
908
877
796
636
852
908
261
69
724
492
197
883
2080
69
61
2112
1530
1649
971
1099
365
333
516
245
1186
628
93
508
221
-11
-18
77
45
-3
628
157
-18
-18
-18
13
5
548
93
5
317
245
117
5
157
-18
53
564
580
149
-18
1815
452
81
81
524
846
834
691
69
-2
-2
-2
69
177
57
-2
344
727
165
-2
69
-2
-2
177
452
81
-2
-2
-2
-2
-2
-2
-2
-2
-2
-2
-2
-2
-2
-2
-2
-2
-2
-2
-2
-2
-2
-2
500
704
-4
-4
-4
-4
-4
-4
90
-4
-4
-4
14
5
-4
-4
-4
99
732
109
-4
-4
-4
-4
109
505
52
-4
-4
-4
-4
-4
-4
-4
-4
-4
-4
-4
-4
-4
-4
-4
-4
288
194
-4
52
-4
43
1346
221
-78
-78
-78
-78
102
1467
-23
-78
276
1223
339
-78
339
-78
-78
457
1167
464
-78
-65
-78
-78
82
61
283
33
-72
-78
-78
-30
193
388
12
-78
-78
-78
89
917
555
-72
360
-23
-78
102
659
360
179
2538
-8
-8
-8
-8
-8
-8
-8
-8
-8
-8
-8
-8
-8
-8
-8
-8
464
2136
1036
46
-8
13
-8
35
475
959
233
-8
46
-8
-8
-8
244
79
-8
-8
-8
79
475
167
-8
-8
-8
101
145
409
79
68
-8
1480
499
-155
-155
-155
-146
592
1386
629
-155
-155
-155
-155
312
443
125
-155
-155
-155
-155
312
256
-71
-90
97
-81
-155
162
956
237
-99
13
-109
-155
583
330
31
-155
-155
-155
-155
330
-155
-155
-155
-155
-155
-155
13
28
-652
645
635
-129
-422
-338
-390
-463
541
-254
425
290
-45
-45
-359
-244
237
59
91
-3
-317
-495
-453
-495
-1300
-589
-327
-610
-850
-662
-1446
-1248
-191
-129
-160
-307
-599
-1478
-1300
101
248
258
425
-212
-1028
-944
321
1042
689
-7
-7
-7
-7
-7
833
-7
-7
-7
-7
-7
-7
65
-7
-7
-7
-7
-7
-7
-7
5
-7
29
17
-7
-7
149
5
125
17
5
-7
-7
149
41
53
-7
-7
-7
-7
245
353
437
65
5
-7
149
1974
1088
950
407
92
-6
368
516
348
181
200
-6
82
161
122
171
13
-6
-6
-6
3
279
289
-6
-6
-6
-6
-6
762
72
-6
-6
-6
-6
-6
437
516
-6
-6
-6
-6
-6
191
1137
358
-6
-6
-6
151
506
-124
-381
-738
-746
-597
-348
-439
-290
-580
-871
-597
-954
-564
-390
-721
-713
-91
-8
-381
-356
-423
-912
-771
365
473
-25
-182
-497
-779
-564
332
838
606
50
-365
-597
-547
-83
-116
-108
-298
-655
-50
0
-381
-713
-697
-547
-680
1111
1111
925
994
994
1049
1111
1111
1111
1087
1072
917
1041
1111
1111
1111
1111
979
1033
1080
1111
1111
1111
1111
963
1049
1080
1111
1111
1111
1111
1111
1111
1080
1111
1111
1111
1018
855
1072
1111
1111
1103
1111
909
584
1010
1111
1111
1072
1114
1114
1114
1114
1114
1114
1114
1114
1114
1114
1114
1114
1100
1114
1114
1100
1072
1086
1093
1093
1093
1024
1093
1079
1100
1100
1059
949
764
1045
1114
1114
1079
922
983
867
1059
1114
1114
1079
1079
1066
647
819
867
586
284
428
471
156
91
81
-2
16
1381
304
72
44
7
137
72
555
230
109
-11
-11
-2
-11
202
-11
-11
-11
-11
211
156
-2
35
81
-2
-11
360
230
490
-2
53
-11
109
128
-2
453
-11
63
16
156
128
-11
722
301
-102
225
335
7
-68
41
-102
-102
465
307
444
75
-75
287
-7
-102
-102
-7
-82
-102
471
41
-96
-27
-68
-102
-89
437
-48
-102
-102
-82
-102
-96
143
-102
-102
48
219
-102
-102
-102
-102
-102
20
321
-82
-102
0
0
0
0
0
0
0
0
0
0
0
0
0
0
0
0
0
0
0
0
0
0
0
0
0
0
0
0
0
0
0
0
0
0
0
0
0
0
0
0
0
0
0
0
0
0
0
0
0
1329
379
-11
-11
-11
-11
361
286
137
-11
-11
-11
44
324
-11
-11
398
1906
491
-11
305
-11
-11
82
900
324
-11
-11
-11
-11
-11
-11
-11
-11
-11
-11
-11
-11
-11
-11
-11
-11
119
-11
-11
-11
-11
-11
156
784
750
806
840
840
789
644
840
795
666
448
700
812
823
828
840
342
-55
152
716
840
828
840
208
-670
-273
700
840
828
840
577
129
420
812
778
828
840
761
677
761
744
521
364
96
308
526
359
236
-83
346
-31
-220
102
-42
-353
124
-153
-364
-786
-864
-1185
-475
-9
491
69
-497
-1763
-1374
-220
568
957
546
-242
-1097
-1008
-109
990
1234
801
158
91
-364
-153
491
979
568
102
468
369
169
757
557
324
302
768
446
135
1123
746
746
815
787
746
746
746
746
746
1018
1655
1383
916
759
746
847
755
459
561
778
713
792
662
441
76
482
727
746
759
722
944
1059
967
870
764
709
949
806
718
602
819
1087
806
699
464
505
593
547
482
532
816
1011
1029
1029
1011
1017
295
839
1029
969
1011
1011
857
733
987
816
567
851
1029
816
916
922
958
958
981
1029
774
922
656
993
1023
1005
1029
928
993
904
993
1029
1029
1029
1011
987
875
851
1029
1029
1029
987
642
747
859
871
871
642
302
853
859
783
642
818
853
753
871
871
601
437
730
859
871
871
871
677
718
765
800
871
871
871
824
724
624
783
865
871
871
747
290
85
695
871
536
683
507
360
472
800
865
-301
-301
-73
-66
-301
-301
-301
-301
-301
849
1274
868
-124
-276
-162
-301
239
2812
1357
-60
-219
-206
-301
-162
1173
531
-301
-301
-149
-301
-301
-301
-301
-301
-301
-301
-219
118
277
467
35
347
-9
899
1274
1389
1211
1147
1738
648
357
138
10
60
265
676
570
393
-217
-302
-231
102
244
598
393
-82
-316
-47
102
-68
251
124
46
-210
-32
10
145
223
180
88
53
95
10
258
46
67
159
272
251
287
634
627
669
655
315
393
655
854
1122
1122
1122
1122
1122
1030
841
1030
1063
1122
1102
1108
1095
854
1030
1030
1122
1122
1122
1122
1089
1122
1122
1122
1122
1030
1082
1122
1122
1122
1122
1122
1024
1069
1122
1122
1122
1076
1063
1115
1082
1056
991
848
802
998
1108
952
307
6
298
478
358
186
6
-13
318
113
723
544
206
60
-13
-7
-13
73
20
26
-13
-13
-13
13
13
0
239
119
53
-13
6
53
212
385
99
66
-13
-13
-13
378
723
33
60
1082
1035
179
305
259
192
796
999
993
986
986
1136
1136
1136
700
884
1095
918
1040
1020
986
1006
1061
1129
1136
986
897
986
1136
1122
1108
1136
625
578
1101
1136
1136
1095
1136
877
925
1115
1136
1136
891
1074
999
891
1020
687
721
564
1047
1013
476
850
275
75
258
149
115
69
820
12
29
545
734
1101
321
178
12
12
86
986
946
97
12
12
12
12
321
178
12
12
12
12
12
12
12
12
12
12
12
12
12
12
12
12
40
34
12
247
57
12
161
285
-11
-11
-11
-11
-11
200
10
-11
-11
-11
-11
-11
73
10
10
-11
-11
-11
-11
137
-11
-11
73
73
-11
-11
-11
-11
-11
-11
-11
-11
-11
-11
-11
-11
-11
-11
-11
-11
-11
-11
-11
137
-11
-11
243
624
468
297
436
554
265
361
179
640
286
458
115
661
308
61
908
340
-228
-721
83
190
179
372
-99
-260
-517
29
297
243
83
-99
-110
40
383
265
329
254
276
51
40
179
61
340
501
243
-464
-882
-549
-185
83
577
577
577
577
577
577
577
577
577
577
577
577
577
577
577
577
462
-16
267
568
577
577
577
232
-758
-148
568
577
577
577
453
-130
196
541
577
577
577
435
-687
-1076
311
577
382
391
29
-899
-1111
117
515
-228
-365
-335
100
382
153
-258
-236
-396
-1165
-1675
-1195
-243
69
252
222
-510
-2072
-1272
290
526
557
465
24
-426
-37
549
366
519
336
153
153
260
412
168
610
458
397
702
625
557
496
671
526
663
983
907
854
206
428
70
4
4
93
100
1149
11
4
4
4
4
4
651
4
4
4
4
4
4
517
4
167
4
4
4
4
26
4
569
63
4
4
4
11
78
279
26
4
4
108
368
108
309
413
4
4
844
2347
950
14
157
81
14
59
368
444
44
716
927
708
187
14
44
14
1086
1698
912
134
14
14
14
572
648
384
36
14
217
14
119
104
240
74
14
119
14
14
14
142
66
14
14
14
14
29
134
29
580
-14
-14
-14
-14
-14
-14
71
-14
-14
-14
-14
-14
-14
-14
-14
-14
-14
-14
-14
-14
-14
-14
-14
-14
-14
-14
-14
-14
-14
-14
-14
-14
-14
-14
42
-14
-14
-14
696
412
-14
109
-14
-14
-5
800
336
-14
-14
504
-279
-348
-388
-308
-11
643
-120
-477
-437
-338
-70
-189
-21
-417
-586
-625
-1468
-843
-526
-279
-724
-982
-734
-1141
-1349
-913
-942
-615
-873
-605
-913
-1061
-804
-1101
-576
-536
-665
-1824
-1765
-744
-724
157
-279
-635
-1378
-1487
-724
-605
1075
1030
814
980
1075
1075
1041
1075
1019
182
387
492
936
1075
1075
1075
204
21
170
869
1075
1075
1075
764
742
758
936
1075
1075
1075
1019
1036
1047
1052
969
1058
1063
986
681
742
1052
1069
392
681
930
553
697
1036
1075
527
527
346
36
527
992
1987
-15
-15
-15
-15
-15
-15
114
-15
-3
-15
-15
-15
-15
-3
-15
-15
-15
-15
-15
-15
-15
-15
-15
-15
-15
-15
-15
-15
-15
-15
-15
-15
-15
-15
-15
114
-15
-15
-15
-15
-15
269
1039
963
606
401
431
887
1024
1016
948
697
895
667
560
788
902
545
173
697
241
-2
621
651
446
-322
-162
-398
-367
621
416
340
-276
-534
-785
-603
454
598
74
-360
-1067
-1241
-390
613
849
720
271
-618
-968
-63
553
244
244
244
244
244
244
244
244
351
459
1025
551
330
330
244
281
373
491
540
432
168
244
265
173
-274
114
378
244
244
254
465
518
416
394
281
308
831
885
637
367
605
664
745
702
594
772
777
465
-15
889
85
-239
-138
-64
-212
-206
450
153
-239
-266
-266
-219
24
281
17
-266
-266
-266
-246
274
-266
92
-266
-266
-266
-266
132
-266
376
-158
-266
-266
-266
396
497
524
78
-266
-266
146
1099
835
788
1187
-84
-70
1356
2174
843
449
653
821
800
492
61
609
361
514
266
339
536
302
770
668
427
-458
-71
617
756
814
697
697
185
83
478
668
661
522
573
419
251
507
551
573
441
310
76
83
339
156
631
200
200
288
492
302
-349
718
705
225
219
621
597
513
718
711
-629
-1825
-966
411
718
718
718
-64
-1795
-1038
561
718
718
718
687
291
357
651
718
718
718
718
657
597
699
718
718
718
718
718
718
718
718
718
718
718
718
718
718
718
0
0
0
0
0
0
0
0
0
0
0
0
0
0
0
0
0
0
0
0
0
0
0
0
0
0
0
0
0
0
0
0
0
0
0
0
0
0
0
0
0
0
0
0
0
0
0
0
0
1162
1162
1117
1128
1162
1162
1162
747
1128
697
-154
25
988
1044
915
1078
411
-820
-501
910
747
1139
904
1150
1050
658
736
803
1162
915
1134
1162
910
977
781
932
1055
1150
1162
1162
1094
635
702
635
854
1162
1162
954
898
868
281
16
16
16
260
1140
197
50
16
16
16
16
183
50
113
16
16
16
16
155
16
16
309
330
358
141
351
78
148
169
435
449
183
539
64
134
16
36
29
16
253
16
127
36
16
16
16
917
-620
-327
225
225
73
-336
-1269
-220
-202
438
1007
847
82
-700
-15
-42
402
607
660
278
-513
-60
-69
358
394
482
216
-504
-184
-238
145
402
127
109
-193
-202
-336
-51
109
-167
56
-264
118
180
-7
-131
82
287
73
693
605
576
570
611
395
261
693
693
372
220
430
529
401
693
652
570
447
383
652
646
494
646
587
541
313
547
552
243
587
564
97
-49
482
541
412
663
541
-410
-194
605
646
471
348
523
-25
179
687
693
-4
-4
-4
-4
-4
-4
176
-4
-4
-4
32
126
46
234
480
299
147
899
256
-4
256
364
227
104
733
147
-4
111
256
-4
-4
-4
17
10
-4
147
-4
-4
-4
3
183
950
697
176
147
241
285
632
1962
1050
779
958
974
822
887
540
1007
632
963
1132
1143
855
296
1012
757
1077
589
920
1023
649
1115
703
942
388
1012
1034
518
904
426
980
1154
1154
920
122
735
301
915
1154
1154
887
518
1072
1001
974
985
806
801
703
