-1.879736e+003
-4.207222e+002
-4.891361e+002
-2.285424e+003
1.357234e+002
5.200405e+002
1.742793e+002
-1.644519e+003
-9.762126e+002
-1.929527e+002
-1.732834e+003
-6.752174e+002
1.902053e+002
-9.871266e+002
-1.294582e+003
-1.067126e+003
-2.737121e+003
-1.573433e+003
-9.512180e+002
-3.970475e+002
-1.748950e+003
1.451297e+003
-1.657945e+003
8.374874e+002
-3.688394e+002
-2.078492e+002
-2.228448e+003
-2.290517e+003
-1.128750e+003
-7.713375e+002
-2.860409e+003
-1.111511e+003
-2.027694e+003
-3.600932e+002
-3.080716e+002
-1.264687e+003
-1.277893e+003
-1.302954e+003
-2.279092e+003
-1.342971e+003
-1.798302e+003
-2.006034e+003
-3.162890e+003
-1.326676e+003
-1.734496e+003
-7.356077e+002
-9.815599e+002
-1.631049e+003
-4.457869e+003
-2.223618e+003
-1.584186e+003
-2.120314e+003
-2.705142e+003
-2.452828e+003
-1.638723e+003
-3.224898e+003
2.285400e+002
-2.765345e+003
-3.417348e+003
-1.627808e+003
-7.018609e+001
-2.483073e+003
-2.418635e+003
-3.639821e+001
-7.280943e+001
-1.295358e+002
-1.237779e+003
-1.507953e+003
-1.672177e+003
-2.083823e+003
-1.576355e+003
-4.354246e+002
1.301300e+003
1.009115e+003
1.663260e+000
1.168676e+003
-9.948834e+002
1.040381e+003
-1.629773e+003
-1.941374e+003
-7.661407e+001
-5.297540e+002
-8.630984e+001
1.060490e+003
-3.282045e+003
9.458667e+002
3.706436e+002
7.512288e+002
-1.676805e+003
-6.202209e+002
-1.632994e+003
-3.578635e+003
-3.080738e+003
-1.149493e+003
-8.734289e+002
-2.602477e+003
1.200208e+003
-1.623522e+003
2.378205e+002
-1.500068e+003
-1.269573e+003
-1.952634e+003
6.912071e+002
-1.022211e+003
6.114257e+002
-1.850949e+003
-1.605752e+003
-2.304038e+003
-2.420516e+003
-1.589507e+003
-3.381181e+002
-2.532167e+003
3.068683e+002
-2.633669e+003
-2.458402e+002
-1.670178e+003
-2.339640e+003
-5.251195e+002
1.439182e+003
-5.806050e+002
-2.407567e+003
2.507638e+003
-8.022093e+002
-6.703478e+002
-1.842809e+003
-8.355474e+002
-1.084767e+003
-9.288948e+002
-2.780643e+003
-2.010479e+003
-2.733916e+003
-2.730440e+003
-2.494685e+003
-2.986748e+003
-8.173491e+002
-4.561363e+002
-1.613350e+003
1.581886e+003
-1.652659e+003
-2.279587e+003
-2.921284e+003
-2.765190e+003
-1.424523e+003
-2.335025e+003
3.557119e+001
1.154003e+003
2.954292e+003
-1.757522e+003
3.189893e+002
-1.624406e+003
1.038872e+003
-3.761562e+002
2.340015e+003
-7.717821e+002
8.105999e+002
-3.029109e+002
-1.140746e+002
2.213941e+003
-7.346005e+002
-3.054737e+002
-7.912070e+002
4.799542e+001
-6.329388e+002
2.865697e+001
-5.437254e+002
-9.252669e+002
-8.999484e+002
3.440045e+002
-9.380045e+002
5.157210e+002
-7.204618e+002
4.213367e+002
-9.983867e+002
-2.728696e+003
6.372822e+002
2.678973e+002
-4.501227e+002
6.224941e+002
-1.291012e+001
-1.323854e+003
-9.865336e+002
1.738185e+003
-1.136741e+003
-1.545967e+003
-8.034042e+002
6.949174e+002
-6.246524e+002
3.320096e+002
-1.723031e+003
-1.453429e+003
-8.896294e+002
-1.566977e+003
1.551523e+001
-8.259694e+002
2.283694e+003
3.166902e+002
-1.437801e+003
-9.018279e+002
-9.695351e+002
-1.077780e+003
7.179915e+002
-3.897744e+002
-2.294311e+002
-9.534591e+002
-3.351147e+002
-7.673762e+001
-1.571132e+003
-5.038501e+002
-7.700444e+002
-6.903130e+002
-6.745582e+002
-4.875244e+002
-1.175308e+002
-1.077121e+003
-1.172592e+003
-9.328192e+002
-7.651699e+002
-1.112620e+003
-2.578453e+003
2.415046e+002
3.661151e+002
3.996114e+002
1.654189e+003
1.004296e+003
-1.144038e+003
-2.204187e+003
1.717360e+002
-1.760439e+003
1.099147e+003
7.384058e+002
2.579166e+003
2.564080e+002
6.818652e+002
-1.201129e+003
-4.205745e+002
-3.188451e+002
-8.878455e+002
-1.235105e+003
3.773601e+002
1.637362e+003
2.318570e+002
-4.893636e+002
2.768057e+002
-4.382552e+002
1.619609e+003
-4.976735e+001
-1.873082e+002
-6.697789e+002
-1.434286e+002
2.471613e+002
7.643414e+001
1.027669e+003
-8.497671e+000
-1.115487e+003
2.978930e+002
3.561424e+002
1.008855e+003
1.679436e+003
5.252378e+002
2.635583e+002
-1.386256e+003
7.207281e+002
-5.843945e+002
-7.661238e+002
1.571835e+002
1.379372e+003
1.027047e+003
2.118462e+003
9.607500e+001
-6.632839e+002
-1.151937e+003
-1.879762e+003
-1.014183e+003
-7.615516e+002
-3.516296e+003
-1.190008e+003
-1.918204e+003
-2.203199e+003
-2.060527e+003
1.054154e+003
-4.503915e+002
4.045364e+001
1.226594e+003
1.259376e+003
-6.659406e+002
-4.644632e+002
-1.037506e+003
5.363012e+002
-1.373865e+003
-1.043057e+003
-1.464047e+003
-1.787429e+003
-7.641760e+002
-2.310573e+002
-2.567324e+003
-2.276979e+003
-1.235494e+003
-1.159897e+003
-9.446434e+002
1.140010e+003
-1.532618e+003
9.702358e+002
-8.198965e+002
-5.860921e+002
-1.245051e+002
-2.061733e+002
-2.876701e+003
-1.848167e+003
-1.436066e+003
-5.593393e+002
1.492516e+002
-4.893271e+002
-6.885918e+002
3.942179e+002
8.755894e+001
1.494756e+002
-3.453809e+002
-2.334028e+003
-4.482115e+002
6.951453e+002
-4.913253e+002
-6.420045e+002
-3.051205e+002
2.850392e+003
-9.377838e+002
-4.463333e+002
-1.967348e+003
-1.153830e+002
-3.072360e+002
-5.630547e+002
-2.189493e+002
-9.485206e+002
1.826310e+003
2.784894e+002
2.796093e+003
-7.681000e+002
-5.639647e+002
-1.743431e+002
2.053518e+003
-9.027945e+002
3.448809e+002
-6.872544e+002
-2.812141e+002
-1.410500e+003
-1.277240e+003
-1.435991e+003
-2.908210e+003
-2.060823e+003
-8.706474e+002
-2.835484e+003
-2.975873e+003
-2.150560e+003
-2.563622e+003
-1.994721e+003
-1.379717e+003
-7.477601e+002
1.586878e+002
-8.212555e+001
-1.229765e+003
-8.072428e+002
-5.847183e+002
2.489515e+003
1.619218e+003
2.190609e+002
4.610444e+002
-1.651103e+003
4.845872e+002
-1.724967e+003
2.107797e+003
4.259457e+002
1.113751e+003
6.221623e+002
4.473742e+002
-8.046637e+002
1.569329e+003
-1.240269e+002
-2.573675e+003
1.714155e+003
-4.208826e+001
-3.464477e+002
2.655640e+003
1.076519e+003
1.358619e+003
9.988823e+002
-7.852689e+002
-2.342899e+003
-6.875493e+002
-1.585371e+003
-1.068427e+003
-3.073386e+002
-2.526255e+002
8.497213e+001
-1.260880e+003
-5.017594e+002
-2.016555e+003
-2.880443e+003
-5.190919e+002
-1.690802e+001
1.596124e+002
2.426413e+002
-1.700407e+003
4.430095e+002
-5.448741e+002
-2.327844e+003
7.989476e+002
-7.514060e+001
2.113814e+003
1.960526e+002
-1.831364e+003
3.595211e+002
-2.794650e+002
-3.503472e+002
1.804458e+003
7.114944e+002
5.927101e+002
9.551773e+002
9.403254e+002
1.849907e+002
-9.581326e+002
9.293320e+002
-5.821324e+002
8.056119e+002
8.663662e+002
-9.847221e+001
-6.727728e+002
-4.682629e+002
-9.678110e+002
9.476320e+002
4.184694e+002
4.610793e+003
2.421666e+003
-4.841864e+001
-1.374797e+003
2.039411e+003
-9.626765e+002
5.615167e+002
-1.156012e+002
2.189682e+003
-1.552135e+002
-8.766466e+000
2.926887e+001
-5.699589e+002
1.249566e+003
5.277822e+001
-7.219930e+002
3.951600e+001
1.310705e+003
1.369058e+003
1.135026e+003
-1.730081e+003
2.053232e+003
1.634311e+003
-3.322978e+002
-5.815358e+002
1.096131e+003
1.436509e+002
1.017500e+003
1.806215e+003
-8.615927e+002
1.973555e+002
-1.206000e+003
2.131125e+003
8.083833e+002
1.217600e+003
3.528258e+003
1.255798e+003
4.747736e+002
1.564947e+003
9.635787e+002
1.024817e+003
6.520071e+003
6.238842e+002
-1.537921e+003
-2.173517e+003
2.429215e+002
2.137431e+003
6.118608e+002
-6.363040e+002
1.073516e+003
-1.065116e+003
2.944938e+003
1.803246e+002
-5.386938e+002
-1.592476e+003
-5.784928e+002
-7.708135e+002
-4.415553e+002
1.162901e+003
-9.084490e+001
6.269667e+003
9.119052e+002
-9.568791e+002
4.060734e+002
7.719339e+002
-6.256609e+002
-9.598411e+001
-1.213230e+003
6.466437e+002
7.210474e+002
2.359881e+003
-3.189184e+003
-1.070483e+002
-8.669416e+002
-2.540017e+002
4.356250e+002
1.732861e+002
-1.202399e+003
2.079237e+003
3.904558e+002
1.408191e+003
6.869741e+002
-1.308917e+003
-1.879618e+003
-1.254274e+003
-6.330596e+001
-1.319256e+003
-3.212949e+002
7.694385e+002
5.771294e+003
1.942277e+003
5.368651e+002
1.147254e+002
2.308036e+003
9.635079e+002
9.495076e+002
-6.497014e+002
1.426802e+003
2.521603e+003
6.301273e+002
-1.935409e+002
4.490327e+002
-1.811995e+003
1.680502e+003
3.358568e+002
-1.374490e+003
2.412364e+002
-3.677697e+002
-7.705823e+002
1.430219e+003
2.173406e+003
-1.231782e+002
3.278333e+002
7.302803e+002
9.616381e+002
4.104016e+002
2.668885e+003
-1.106108e+003
-6.662862e+002
-1.228523e+002
-2.933554e+002
-2.139063e+002
-3.701076e+002
-2.684998e+002
6.688911e+002
-7.172062e+002
-1.802777e+003
5.341718e+003
1.962073e+003
-5.430067e+002
5.777491e+002
5.401414e+003
-3.091707e+001
4.872492e+002
-6.030049e+002
2.233700e+003
-1.176164e+003
-1.703625e+003
8.887209e+002
1.291880e+003
-8.742653e+002
2.479298e+003
1.243349e+003
-1.441623e+003
2.826712e+003
2.206448e+003
1.783792e+002
-2.034785e+002
-1.478440e+002
-4.418988e+001
5.568024e+002
-8.794448e+002
5.655603e+002
1.808349e+003
3.731522e+002
9.620893e+001
7.650332e+002
-1.644259e+002
-1.189764e+003
-6.551783e+002
6.357046e+002
-4.440370e+001
-1.460387e+003
-2.962551e+002
2.453842e+002
3.126700e+002
-8.814476e+002
8.159075e+001
9.473057e+002
1.681365e+003
2.333304e+003
7.440920e+002
4.958782e+002
-9.270692e+002
-9.265500e+002
-1.257201e+003
1.242265e+001
7.957529e+002
1.216337e+003
6.081287e+002
-1.678163e+003
7.765822e+002
2.521281e+002
-1.412635e+003
3.128956e+003
1.072791e+002
4.144987e+003
-2.582058e+002
2.100654e+002
-6.816744e+002
5.683704e+003
2.388165e+002
-3.006441e+002
-2.129947e+002
-1.306840e+001
3.732513e+002
-1.392697e+002
3.831077e+003
4.499382e+002
-1.907376e+003
-4.724718e+002
-8.207870e+002
5.293080e+002
1.581448e+003
1.965994e+003
-1.235306e+003
7.243873e+002
6.601521e+002
5.710551e+002
1.449463e+003
1.625955e+003
-1.137932e+003
2.254406e+003
6.627595e+002
1.605609e+003
3.307229e+003
-2.572192e+003
5.476811e+001
3.662090e+002
5.763223e+002
-4.761792e+002
1.272147e+003
1.365037e+003
-6.775368e+002
-3.769850e+002
-7.185189e+002
8.403052e+002
9.427464e+002
-1.175522e+002
2.061483e+003
1.578484e+003
-1.064609e+003
-2.334636e+003
7.073095e+002
-1.367530e+003
3.002324e+003
1.115717e+003
-1.029560e+002
-7.654255e+002
1.357117e+003
6.035933e+002
3.838037e+002
-5.196843e+002
6.213195e+002
7.025351e+002
2.620623e+003
1.121311e+003
8.259351e+002
-1.049149e+003
1.720702e+003
-9.242120e+002
-3.777889e+002
2.337680e+002
1.895771e+003
-1.050701e+003
1.635740e+003
-1.255190e+003
1.709098e+003
4.796242e+002
1.122618e+002
6.762289e+002
-1.407063e+003
1.344650e+003
2.170311e+002
-1.493762e+002
-1.435595e+003
6.028219e+002
-1.171353e+003
-5.551949e+002
-7.624063e+002
-9.820304e+002
2.055856e+003
1.085771e+003
-4.967314e+002
2.412573e+003
1.131979e+003
-1.815667e+001
2.864586e+002
2.296536e+003
3.736389e+002
-2.664846e+002
9.690952e+002
-1.930788e+001
5.477063e+002
9.194022e+002
-1.792110e+003
1.913934e+003
5.501165e+002
-1.693600e+002
2.897697e+003
5.887101e+001
3.303767e+001
2.614402e+002
5.564855e+003
-1.332583e+002
1.655793e+003
3.684163e+002
4.164057e+002
1.603665e+003
2.422263e+002
1.001801e+002
-1.296725e+003
4.101278e+002
-4.843514e+002
3.375238e+002
2.103933e+002
-6.367404e+002
9.490803e+003
8.552473e+001
-3.371234e+002
-1.231936e+003
1.110781e+002
2.379043e+002
1.331685e+002
2.276867e+003
1.360802e+003
1.532049e+003
2.213897e+003
1.764572e+003
9.760399e+002
1.557554e+002
2.249951e+003
1.359147e+003
3.820845e+003
-1.377879e+001
-5.615463e+002
6.139244e+002
-3.801415e+002
-3.777926e+002
6.012603e+002
4.808577e+002
-6.189460e+002
6.360365e+002
2.384863e+003
-4.872035e+002
1.531152e+003
1.070198e+003
-7.434883e+002
2.733043e+002
1.089997e+003
1.747007e+003
1.630190e+002
-1.017693e+003
-6.251814e+002
3.835777e+003
2.534465e+002
-2.797242e+001
-8.533692e+002
1.411568e+003
4.567759e+002
1.542733e+003
6.199031e+002
3.639585e+003
2.063717e+003
-4.766996e+002
-3.249079e+002
-7.835268e+001
6.896096e+002
2.324320e+003
1.886026e+003
2.808541e+003
3.443699e+003
1.576979e+003
1.955061e+003
4.985389e+001
-1.161876e+003
7.209243e+002
1.228421e+003
2.239037e+002
-3.787699e+002
1.199866e+002
1.010083e+003
-7.895496e+002
4.979346e+002
-2.993256e+002
7.575775e+002
1.921464e+003
-2.863561e+002
1.868385e+003
4.941523e+002
3.307333e+002
-2.329275e+002
3.679696e+002
1.853033e+003
1.125899e+003
1.158027e+002
4.668797e+002
-8.215574e+002
1.011332e+003
5.684604e+003
-7.490187e+001
-1.901353e+003
9.929119e+002
-6.692928e+001
-2.658059e+002
1.769624e+003
-7.442994e+002
-2.046785e+003
1.289860e+003
2.238208e+003
-1.395374e+003
2.857493e+002
8.151562e+002
-1.382245e+003
-2.486944e+003
1.586188e+003
-2.761399e+002
5.048596e+003
3.784164e+003
9.696838e+002
2.557038e+002
-2.525592e+001
9.581749e+002
8.107713e+002
-1.287081e+003
1.090010e+003
2.115404e+002
6.573524e+003
-6.978514e+002
-7.033890e+002
3.196460e+002
-2.140176e+003
2.458014e+003
2.004551e+003
6.949030e+002
5.118020e+002
5.310768e+002
-1.182334e+003
1.503175e+003
-3.162538e+002
9.041430e+002
-1.093987e+002
-1.051760e+003
2.975565e+003
-6.500904e+002
-6.315005e+002
1.858185e+003
1.061478e+003
9.335891e+002
1.887860e+003
3.831468e+003
-7.553882e+001
-2.101871e+003
2.712318e+002
-3.980234e+002
-1.206093e+003
-8.197800e+002
1.082908e+003
2.760720e+003
-1.913843e+003
-6.013613e+000
6.679925e+002
8.345346e+002
1.847060e+003
-5.354990e+002
2.247505e+003
-1.703343e+003
1.381896e+003
-1.688794e+002
1.531713e+002
1.028410e+002
3.150201e+003
2.086568e+002
2.530640e+002
-2.170130e+002
1.316590e+003
-1.073833e+003
1.397315e+002
-9.074595e+002
-9.425294e+002
-2.227596e+001
-6.103446e+002
9.214126e+002
2.579038e+003
1.727325e+002
2.509177e+003
-7.933058e+002
-5.271221e+002
-4.244787e+002
-7.925056e+002
2.193502e+003
-1.144038e+003
4.867730e+002
2.953249e+003
-2.423016e+003
-1.069525e+002
2.953852e+003
4.885024e+002
2.140263e+003
1.678342e+002
4.443966e+003
3.267089e+003
1.455289e+003
3.133597e+002
8.932214e+002
7.887869e+002
-1.090713e+002
-5.473540e+002
-1.360709e+003
-3.902836e+002
9.691773e+002
-8.791548e+002
-1.508343e+003
-1.910115e+002
-2.223864e+002
-2.099573e+003
-1.020327e+003
-1.212368e+003
4.981577e+002
1.208596e+003
3.913443e+001
-1.120781e+003
-1.925895e+003
-1.103206e+003
-8.905930e+001
6.792628e+002
-1.464334e+003
9.744775e+002
2.329699e+003
-8.569507e+002
3.374232e+002
3.452097e+002
-1.395977e+003
-1.678533e+003
1.621823e+003
1.645033e+002
-2.182262e+003
-1.405546e+003
4.978567e+001
-4.641975e+001
1.641489e+002
4.609289e+002
1.439182e+002
-1.184125e+003
-6.227249e+002
-1.748010e+003
4.238049e+001
-1.639916e+003
-1.801114e+003
-1.472403e+002
1.905848e+002
-3.304564e+002
-9.289139e+002
-1.649325e+003
-5.248179e+002
2.089840e+002
-3.779688e+002
1.230833e+003
1.168453e+003
7.787704e+002
-1.225999e+003
-3.158214e+002
4.494014e+003
2.639644e+001
6.241938e+001
5.574355e+001
-1.013995e+003
-9.216121e+002
2.165002e+003
-1.644059e+003
1.986737e+003
-1.484926e+003
-2.255920e+002
2.544836e+003
-1.950605e+003
-1.512161e+002
-5.551880e+001
1.877968e+002
-7.962092e+002
2.437054e+003
-1.284250e+003
