-18434
23769
-34761
-23603
-7124
-9938
-5401
-5843
14833
-6621
-940
-12474
-9901
-16916
-5764
8932
-9741
28049
-666
-26199
1724
5623
-10250
-19274
-25389
-7994
4106
11141
-19236
-16040
-8238
-7125
-4966
-32564
-23631
-17008
-12953
-6339
-12445
-15243
-974
-2494
5770
-8754
16072
-11769
3370
-5319
-18168
-13721
-20792
-9581
15432
6141
7923
-2710
-1110
9883
10619
10795
11425
-11451
-2541
80
-7934
-11974
17501
2645
2175
-21143
-1445
-8604
-1852
-6982
-4077
-19344
-11167
2360
-11238
-2753
-16844
-14803
24580
-7290
-453
401
19293
-26711
-3593
-7102
-14653
-4865
451
-7574
3478
-17910
-33988
-28673
-8639
-16713
-28358
-40103
-2438
-12143
-4790
-41293
-1837
-19418
-6862
-4561
-27270
-11444
16125
12007
27641
-7002
-20294
3703
-9432
-17541
-29252
-22354
-9026
-2925
6345
-13447
-22134
-21643
-23105
-27819
-3806
-2465
-6131
14695
-9259
-6285
-9018
-25953
6120
2012
-2455
12789
-3357
-25003
-27970
-9860
-37987
-27065
-35564
-36670
-5965
58379
28260
6720
30745
1185
8597
32497
20525
-7072
-19352
-17259
-9604
-3782
-23756
-29754
-33263
-41154
4974
-41248
-38804
3699
-27027
16226
-13394
-20937
-30167
-37268
-21873
-10776
-7654
-37610
1493
-19630
5600
29158
51441
33621
-14805
-3648
-21780
-21737
22576
29841
-7965
7723
-5743
-8447
-18656
6582
13091
14911
-422
15137
10160
-17131
-26861
16463
-6590
-16728
-35351
6237
-47408
-685
-15188
-10030
-7398
-26928
-5973
58
13368
-25991
-18039
38612
7969
862
4833
17048
-33412
-27381
11575
15789
8153
-8072
-14252
3621
-16113
10376
105
1871
13981
-2930
471
-10354
-17399
20666
-19550
-22620
16259
3125
11389
-17394
11416
30022
-7383
-7451
-8959
-25964
6934
75224
16705
5879
41123
65126
30153
8123
-10701
-29806
-420
-21408
-6164
13874
14164
24306
46450
-28613
-12552
81390
75809
27888
57117
67102
88183
54390
31904
65566
13432
66218
8474
523
16656
5833
31641
7293
-15591
-4875
-18404
-29782
23715
14042
-17413
-10468
-21781
-10607
-19655
-15327
-6025
-22020
-6038
3077
-10817
8477
6745
17830
6886
6353
7194
-11545
-2203
2297
9341
3105
2414
-2243
-5379
-14470
19905
15738
-10669
8108
18438
22453
4464
21343
-13607
27057
-8414
-17678
-9455
-18705
-19043
3725
-11550
-32331
-22476
-13988
-29123
-32567
-45218
-41027
-24519
-43247
701
11326
-55412
-5749
57704
25527
24849
13417
1651
-1270
-1968
-3341
-35550
2655
-20348
-20943
3240
-20879
-17119
-331
-32269
5115
-5587
-43931
-15223
-1731
-8411
-19041
-1421
-4167
284
-2384
-1889
-33546
-40127
29644
-26327
-16389
-3773
-5643
-25374
-10206
-27672
4811
-23800
-40612
6323
3937
-4506
-14852
-1574
-28173
-21323
4076
-3972
-17515
-23440
15928
-21640
4777
36334
-2341
17880
489
-11429
-1994
9153
39479
-10332
21739
1971
-1068
-17271
-16629
2771
14891
18545
18930
-782
-3694
-7606
3088
26777
17882
-4943
-25093
23463
-12333
13572
15475
8716
4086
-12260
-10209
8422
-17316
-2235
2503
-15727
-10989
-2082
16203
-1829
-3230
-1815
7546
-5704
-13624
-4638
-22588
25344
49354
9407
-11359
-26104
-12545
-2118
10716
25645
-2467
20809
22760
-2819
-7621
-33163
5055
47706
14560
-2696
-10556
-5871
-14539
13383
6600
-8846
30106
-1735
-14440
-28114
-27280
-272
-7703
11671
2402
-986
-4200
-1069
9810
-21939
-3146
17889
21528
26344
8986
6638
-2108
31364
103
-3825
-26280
15926
6147
25685
1966
5518
1414
3571
18422
294
7572
20272
12026
-13074
-28580
20719
25317
-17082
-4371
31758
-3583
12321
-2173
29807
-4470
-6781
-28093
-21646
41189
-33423
-6894
19971
28570
3769
7072
-6337
-29703
13871
290
-1691
9131
19141
25842
-21511
-21846
22911
-15598
-6475
15815
10096
-9401
-8527
5556
-16022
-7050
9689
-7768
-39930
-17993
-870
-17170
19790
-15557
46781
-14388
-574
8111
13000
6710
-8241
-2871
16430
10785
-1636
-2265
-16982
10955
28089
-5276
9071
9737
18521
11259
-8916
-31948
18883
-4874
26179
1787
21984
-4187
-9123
-29273
3583
13301
28451
18994
36670
-23047
6265
37703
-12313
-4377
17540
-3004
-14494
-2361
9435
12174
42797
5456
36791
-8889
-333
5252
12080
-16383
-8677
-4308
29976
30812
30798
-2257
-15553
3465
49
9461
9362
1063
-4937
-27032
-8895
-5484
3105
-31904
6608
19460
6227
-26178
4888
15673
-9478
19784
-18461
9699
563
2504
5457
15401
-9643
-2182
12592
-18518
31353
-8409
-2308
3173
-27962
2592
-6734
-9322
-19303
34412
26539
-19335
25651
20437
2673
-9410
21563
37480
-447
-12724
2717
-23395
-6162
1746
-9403
-11520
-30352
-15741
19332
2151
-6526
-22315
10462
6764
-15327
-12040
64515
-7465
-13024
3572
-8192
-7183
1445
-6650
-1678
3382
15090
28209
7513
6334
-1969
-16401
4209
-7743
2217
14394
20459
15731
42383
20276
3579
19108
-17244
-14417
41865
7345
-6815
11561
-15986
10108
-43762
-19444
15201
11777
11424
-7554
-3847
-711
36844
-9575
-1738
17181
3473
22851
353
7829
18924
-9468
6834
20801
23751
-7856
18130
8804
14140
-5680
14850
50262
7998
8083
2737
11005
6350
13040
6335
26476
23590
-11924
27186
14848
1374
8591
-15598
-5141
35589
-30400
-4530
-823
36058
27606
12497
-16959
21182
-9407
571
6325
4500
-1365
10662
-5274
11296
-4187
-6084
17971
-14707
15565
-1692
-13340
-33662
-6561
20749
26860
11481
-3681
7168
19620
1841
29079
1307
15105
-16805
11455
-11798
-4502
27444
2591
-13810
-19171
-21130
8172
-3862
-17985
-5524
18513
9241
-1673
6412
22247
-15857
-4931
-9377
21013
4173
1662
19873
-4265
29927
21961
-7796
1172
-1113
18989
19427
-41160
-416
-5566
-159
41192
46288
-28365
-4486
20648
-24773
-15479
0
36594
-8610
20174
13168
-14181
-24395
-3314
-6543
-8150
2669
-23902
8994
3328
5930
-25472
-22189
5527
28100
-7180
-12902
11635
2545
2361
27234
40838
-22817
11941
-1170
-25602
-16417
3779
-13673
11650
22052
-5797
4114
-9437
13451
30999
33574
26709
-20116
1264
6068
-9286
45231
1139
-12380
19004
-7979
5315
10868
-7772
-7423
7451
12928
-30897
18373
-6402
16311
-2995
-6103
-1205
4114
-4948
4081
-5065
-11473
-17134
-9055
318
-5756
4540
20458
-19249
224
-7195
-9197
14420
95
11339
-7813
-27553
-4070
14210
-15950
311
-17826
12810
16229
7586
24922
12340
-17386
8404
8675
-10325
-20331
6684
9826
-17382
-2394
6548
968
-12661
-15038
-2306
19471
12873
33619
21864
-11758
11676
-14339
-8909
-9626
15974
-8650
19266
8250
-21542
-19479
-4113
-10831
-25506
-797
-3847
-28008
29770
-2060
-33552
-10808
5813
5217
-4589
-4274
-17675
-10297
-5833
25111
46122
