0.332136
0.415732
1.827569
0.703437
0.823416
0.425763
0.000000
0.497115
0.883505
0.200203
0.157467
1.747961
0.531494
0.221043
0.013944
0.125840
0.000000
1.712997
0.251083
0.353648
0.698251
0.253230
0.665139
0.217934
2.194019
0.554704
0.668516
0.366340
0.398861
2.304667
0.497141
0.824425
0.762880
0.093481
0.458490
0.697576
0.294557
0.353695
0.679530
1.925532
0.821027
0.092168
0.381279
0.052108
0.212331
1.017966
0.906745
0.104186
0.355279
1.289442
1.244102
0.573712
0.138303
0.038496
0.119769
0.383712
0.386772
0.024581
1.407441
0.173730
1.905621
0.680597
0.218437
0.046079
0.344858
0.984705
1.085195
0.180508
0.652631
0.220204
0.031532
0.675759
0.064582
0.908612
0.721268
0.429921
0.295978
0.400155
0.275746
0.779751
3.083160
0.052116
0.148394
0.529508
0.183452
0.027499
0.277971
0.692537
0.019629
1.459229
0.585870
1.521227
0.148929
0.834080
0.949259
2.435551
1.662882
0.000000
0.000000
0.041578
0.559212
1.238118
0.000000
1.402232
1.156888
0.583429
1.029303
0.715234
0.661345
0.092177
0.024607
0.392485
0.252188
0.037927
1.403105
0.945605
0.756501
0.438466
0.097159
0.048714
0.548211
0.569041
0.098714
0.855002
0.214673
1.559903
0.372622
2.104711
1.567469
1.858166
0.737496
0.272894
0.694003
0.211195
2.298355
1.054805
0.205455
0.133837
0.209294
0.092719
0.334029
0.068522
0.397070
0.200543
1.314603
0.072827
0.691130
0.580782
1.104926
1.069046
3.040033
0.487845
2.718949
0.305315
0.622798
0.220329
0.404487
0.540345
1.018495
2.594894
0.818737
0.132096
0.829157
0.851702
0.005252
1.177378
0.744119
1.756881
0.491007
0.007809
0.597409
0.000000
1.179799
0.534038
0.552606
0.569389
0.391318
0.051052
0.719915
0.730571
1.178434
0.005097
0.266572
0.072648
0.484565
0.157766
0.011374
0.916857
0.480824
0.213947
0.548709
0.365220
1.072457
0.104592
1.229121
0.533847
0.081064
1.395146
0.259959
2.051453
0.535295
2.004304
3.037463
1.056642
0.116870
1.182570
0.494370
0.309823
0.000000
0.091722
0.056919
0.326986
1.228321
0.102592
1.411716
2.016968
0.487038
0.612235
0.239776
0.210624
0.453696
0.647031
0.722066
0.037408
0.122261
0.011813
1.286357
2.030548
0.735938
0.056158
0.630971
0.112684
0.638618
0.593834
1.125991
0.222242
0.204318
0.353298
0.343199
1.086530
3.186741
0.022927
0.451615
0.348526
0.786921
0.920628
0.121869
0.958821
1.825072
0.745458
0.079991
0.656980
0.958788
1.701516
1.268979
0.057148
0.656289
0.740192
1.409885
0.921715
0.554834
1.424446
0.617384
0.081913
0.740528
0.664726
0.109647
0.849207
1.337855
0.581110
0.409174
0.221858
1.205298
0.751481
0.239146
0.164495
0.107672
0.037262
0.544917
0.318157
0.109181
0.035589
1.667916
0.081107
0.044405
0.561527
0.124048
0.351016
0.527111
0.000000
1.022671
0.607864
0.552684
0.170459
0.232690
0.988123
0.733270
1.863528
0.400903
0.407564
0.390092
1.486479
0.887095
0.053255
0.145019
0.150470
0.455521
0.243651
0.368362
1.360746
0.619556
0.093562
1.450897
0.006827
1.380829
0.123841
0.859692
0.309197
2.846051
0.109570
0.413509
1.545662
1.776418
0.468229
0.101066
0.910776
0.463655
0.020677
1.745746
0.020605
0.123855
0.171973
1.002325
0.074677
0.153500
0.305894
0.345914
1.999545
0.188446
0.104329
0.222351
0.198002
0.131256
0.221281
1.043745
1.585177
1.170279
1.840356
0.000000
1.372332
1.291072
0.185990
0.030934
0.430446
0.444081
0.541000
0.138938
0.201052
0.260053
0.865738
0.483516
1.103981
0.158564
2.283837
0.232271
0.053383
0.082961
0.060116
0.707745
1.652153
1.725411
0.119136
1.816418
0.211272
0.518046
0.014495
1.230763
0.746364
0.137646
0.334911
1.183267
1.484001
0.101160
0.361162
1.175491
0.056837
0.009239
0.723053
0.715641
0.561563
1.838952
0.269931
1.158523
1.897689
0.149403
0.533988
2.887223
0.008051
0.029508
1.309141
0.237170
0.792556
0.019739
1.392130
2.068109
0.973685
0.260453
0.752627
1.070982
0.009832
0.141848
0.300064
0.218196
0.262713
1.037011
0.429251
0.033102
1.927396
0.197176
0.727564
1.494547
1.315055
0.408893
0.000000
1.201284
0.261193
0.199023
1.087189
0.156878
0.362771
1.064210
1.508608
0.537768
0.020853
1.064464
1.431783
0.369731
0.843873
0.279212
0.658140
0.122578
0.121340
0.182474
0.403778
0.471302
0.044618
0.397298
0.696329
0.698824
0.595347
0.739015
0.558747
0.782220
0.092420
0.000000
0.538234
0.011438
0.281691
0.650921
0.654104
0.123125
0.000000
0.506421
0.115530
0.158037
0.586020
0.376821
0.594779
0.362212
0.005347
0.737232
0.166560
0.255651
1.251664
0.186624
0.444824
1.287197
0.033075
0.197440
0.655960
0.747788
0.217628
0.023958
1.274183
0.816536
0.241750
0.738601
0.003191
0.251099
0.053538
0.683817
1.295355
1.385299
1.958451
1.052793
0.004243
0.273706
2.472335
0.389960
0.042933
0.350007
2.172728
0.059834
1.684606
0.848160
1.093779
2.237142
0.106212
0.049534
0.358270
0.304058
0.726512
0.169380
0.132539
0.062806
0.975650
1.355774
0.195044
0.487011
1.098138
0.330116
0.024232
0.014090
1.337415
2.782031
0.943218
0.348958
0.104674
0.228978
0.179591
0.875696
0.046220
0.563350
1.009162
0.007532
0.778398
1.685052
0.645401
0.240385
0.044742
0.311951
0.326693
0.076253
0.013888
0.053740
0.473324
0.094520
0.278610
1.665325
0.012934
0.231511
0.230870
0.220973
0.857866
0.769509
0.450970
1.123025
0.037124
0.220162
0.305674
2.344678
1.062983
0.611890
0.321120
0.918808
0.416271
0.450731
0.471180
0.246505
0.657270
1.185686
0.650034
2.128356
0.000000
1.203362
2.252679
1.050958
0.029096
0.152796
0.493235
0.064902
0.259517
2.175179
0.419862
0.657230
0.235239
1.115869
0.360445
0.736892
1.036385
0.951297
0.058235
0.590365
0.144654
1.682492
1.886242
1.218005
0.701530
0.583836
0.646348
0.120726
1.412063
0.037776
0.809886
0.423159
0.502437
1.932200
0.240605
0.314071
0.709607
1.202950
0.899683
1.307073
0.105786
0.608152
0.645091
0.153121
1.763874
0.094610
0.169323
0.871196
0.041719
0.489682
0.535065
0.632860
0.153047
0.482487
0.453460
0.112199
0.791031
0.118623
1.867311
0.701247
0.955591
2.058049
0.032932
1.074204
1.049701
3.555251
0.594902
0.308897
1.334281
0.269176
0.030695
0.289531
0.223447
0.322399
0.235376
1.682576
0.920664
1.010007
1.154053
0.547577
0.102096
0.014922
0.199105
2.205768
0.877704
1.351676
1.083037
0.299709
0.771210
0.707696
1.369920
0.902911
1.465055
0.348427
0.274138
0.498526
0.830569
0.026583
0.529412
0.294806
0.847873
0.909909
0.678858
0.579643
1.065246
0.234335
0.189695
0.071082
0.468901
0.000000
0.845145
0.031057
1.271364
0.423087
0.461074
0.615741
0.291819
0.146539
0.183909
0.552825
0.280987
0.205445
1.950220
0.133561
0.086449
0.162291
0.009308
0.501560
0.255920
0.323411
0.304154
0.209594
1.444851
1.529624
1.023095
0.394802
0.021311
0.370946
0.016442
0.809924
1.551259
0.768170
0.118849
1.032404
0.001105
2.303602
0.784908
2.758060
1.149280
0.175883
0.313430
0.271332
0.103501
0.965899
1.798672
0.084259
0.111383
0.773364
0.149982
0.082200
0.897520
0.122406
0.025507
0.421548
0.320282
0.557724
0.321792
0.769374
0.026327
0.785550
1.464512
1.124695
0.050559
1.064357
0.167081
0.192907
0.232599
0.775895
0.040746
0.280989
1.754436
1.453277
1.997692
0.970904
0.144345
0.314135
0.182681
0.033562
0.009879
0.330361
0.241805
0.956626
0.036833
0.025095
1.072161
0.281878
0.545247
1.239592
0.262421
0.890431
0.905590
0.027623
1.044703
0.469576
0.157741
1.239596
1.335378
0.717440
0.496742
0.344558
0.562118
0.490720
0.516577
0.170501
0.160541
0.718076
0.000000
1.440631
0.814692
0.843865
0.223836
0.281226
1.027331
0.057178
0.159982
0.867620
0.043369
1.569264
0.134065
0.556843
0.953064
0.911970
0.039987
0.607792
0.333187
0.151094
0.419168
0.497245
0.155955
1.168718
0.061060
0.749765
0.087627
0.473614
0.621359
0.559497
0.794818
0.964288
0.186467
0.875055
0.462423
1.269872
1.154664
0.431715
1.648680
0.000000
0.554900
1.073632
0.007838
0.295531
0.551783
1.773302
0.612929
0.127602
0.739342
1.529854
0.169692
0.250525
0.016497
2.280572
0.124023
0.531371
0.546692
0.105292
0.143522
1.186303
1.288491
0.890846
0.328015
1.117159
0.389675
0.487895
0.400145
3.420599
2.102074
0.750850
0.368126
0.895073
0.766460
0.006158
0.293131
1.361642
0.434354
0.521155
0.021658
0.522960
0.089480
1.140060
1.379884
1.667400
0.218857
0.453419
0.044064
1.145224
0.935266
0.128086
1.444198
0.852326
0.515128
0.646241
0.116345
0.287948
0.295064
0.052760
0.021328
0.166212
0.534067
0.213662
2.168646
0.139691
1.172295
0.477881
1.262845
4.137952
1.672451
0.321880
0.471390
0.065766
0.424886
0.035586
0.099915
0.000000
0.697459
0.547834
1.445933
0.014214
0.368112
1.166972
0.917280
0.111577
0.322920
0.011123
0.640374
0.573246
0.357801
0.461852
0.828452
0.061868
0.725725
0.240906
0.175759
0.551460
0.151893
0.111094
0.641973
0.165242
0.018376
1.726363
0.054014
1.160395
0.294576
0.923586
0.819921
2.285786
0.143405
0.415402
0.000847
0.001293
0.790801
0.713527
0.000000
0.820525
0.595768
0.954010
1.559090
0.877138
1.455720
0.286939
0.251134
0.298662
1.112086
0.000000
0.453527
1.940348
1.265666
0.763344
0.013847
0.359080
0.265949
0.149372
0.136089
0.420411
0.464921
0.702443
0.099778
0.425264
0.056846
0.290770
0.544992
0.291112
0.244172
0.732809
0.008799
0.194072
1.510846
0.052881
1.504819
1.795947
0.474813
1.300290
0.497660
0.237001
0.054681
0.767332
0.857644
0.340942
0.047187
0.250232
0.741994
0.438657
0.923121
1.135532
0.116981
0.686508
0.224489
0.681809
0.343305
1.007090
0.161503
0.965056
0.101857
0.209801
0.309769
1.578146
1.317996
0.456391
0.052778
0.348232
0.182570
0.969553
0.217629
0.461020
0.032058
0.569907
0.899126
0.713722
0.110585
0.036317
0.313536
1.838207
1.703133
