0
0
0
0
0
0
0
0
0
0
0
0
0
0
0
0
-1
0
-11
0
0
-2
12
14
0
0
12
0
0
-1
0
0
0
0
0
0
0
0
0
0
0
0
0
0
0
0
0
0
1
1
8
0
0
3
-8
-6
0
0
-2
0
0
3
0
-1
-3
0
-27
0
0
-5
16
36
0
0
11
0
-1
-4
0
-2
0
0
0
0
0
0
0
-1
0
0
0
0
0
0
0
0
0
0
1
0
0
0
3
-1
0
0
-1
0
0
0
0
1
0
0
10
0
0
6
-8
-3
0
0
0
0
0
3
0
-3
-6
-5
5
0
0
2
5
69
0
0
-15
0
-4
-12
0
-5
0
0
19
0
0
10
-15
-8
0
0
1
0
1
5
0
-4
0
0
-1
0
0
0
0
0
0
0
1
0
0
0
0
0
-5
-3
34
0
0
21
-27
25
0
0
-11
0
-1
-1
0
-9
-1
-1
18
0
0
9
-12
8
0
0
-5
0
0
0
0
-4
0
0
-20
0
0
-3
16
4
0
0
21
0
0
0
0
0
0
0
-1
0
0
0
2
2
0
0
0
0
0
0
0
0
2
1
-3
0
0
0
4
-3
0
0
6
0
0
1
0
2
0
0
-10
0
0
-2
9
1
0
0
11
0
0
0
0
0
-3
-2
11
0
0
8
-9
38
0
0
-9
0
-2
-6
0
-6
-2
0
-19
0
0
-5
4
28
0
0
-1
0
-1
-3
0
-3
0
0
0
0
0
0
0
0
0
0
0
0
0
0
0
0
0
0
-1
0
0
0
3
-3
0
0
5
0
0
0
0
1
0
0
-12
0
0
-1
10
2
0
0
13
0
0
0
0
0
-2
-1
-11
0
0
-6
10
52
0
0
-13
0
-2
-8
0
-3
-4
0
-45
0
0
-10
3
25
0
0
5
0
-1
-6
0
-7
0
0
0
0
0
0
0
0
0
0
0
0
0
0
0
0
0
0
-7
0
0
-1
6
-1
0
0
7
0
0
0
0
1
0
0
-8
0
0
-2
2
11
0
0
1
0
0
-1
0
0
4
2
7
0
0
0
0
-8
0
0
0
0
1
3
0
2
-2
0
-25
0
0
-4
25
30
0
0
30
0
-1
-3
0
0
2
1
3
0
0
0
0
-6
0
0
0
0
1
2
0
1
0
0
-8
0
0
-2
13
9
0
0
9
0
0
-1
0
1
-4
-2
32
0
0
18
-22
12
0
0
-9
0
0
1
0
-7
0
0
0
0
0
0
0
0
0
0
0
0
0
0
0
0
6
2
0
0
0
-2
8
-6
0
0
0
0
1
3
0
5
2
2
42
0
0
24
-39
-6
0
0
-10
0
2
12
0
-11
0
0
11
0
0
6
-13
-1
0
0
-4
0
0
2
0
-3
0
0
-9
0
0
-1
11
10
0
0
12
0
0
-1
0
0
0
0
0
0
0
0
0
0
0
0
0
0
0
0
0
0
0
0
-14
0
0
-2
11
3
0
0
14
0
0
0
0
0
0
0
-5
0
0
0
7
6
0
0
7
0
0
0
0
0
-3
-1
38
0
0
21
-31
8
0
0
-10
0
0
4
0
-9
0
0
4
0
0
2
-3
-4
0
0
0
0
0
1
0
-1
0
0
-6
0
0
-1
5
9
0
0
0
0
0
-1
0
1
1
0
-7
0
0
-1
5
-1
0
0
9
0
0
0
0
1
-1
0
1
0
0
2
0
0
0
0
4
0
0
1
0
-2
-1
0
-14
0
0
-2
16
16
0
0
17
0
0
-1
0
0
-3
-2
10
0
0
7
-8
34
0
0
-7
0
-2
-5
0
-5
4
2
10
0
0
2
0
-12
0
0
3
0
1
4
0
2
0
0
-2
0
0
0
1
0
0
0
2
0
0
0
0
0
0
0
-13
0
0
-3
21
14
0
0
21
0
0
-1
0
2
2
1
2
0
0
0
1
-3
0
0
0
0
0
1
0
1
0
0
0
0
0
0
0
0
0
0
0
0
0
0
0
0
-1
-1
9
0
0
5
-8
10
0
0
-4
0
-1
-2
0
-3
0
0
-5
0
0
0
4
0
0
0
7
0
0
0
0
0
0
0
-12
0
0
-3
13
16
0
0
7
0
0
-2
0
1
0
0
11
0
0
6
-11
-2
0
0
-2
0
0
3
0
-2
-6
-4
31
0
0
18
-26
31
0
0
-12
0
-2
-4
0
-10
3
1
-2
0
0
-2
5
-2
0
0
0
0
0
0
0
3
0
0
-12
0
0
-1
9
-1
0
0
14
0
0
0
0
1
0
0
-2
0
0
-2
8
1
0
0
0
0
0
0
0
0
-6
-3
56
0
0
33
-46
18
0
0
-17
0
0
3
0
-14
4
2
0
0
0
0
3
-4
0
0
0
0
0
1
0
2
0
0
-4
0
0
0
3
0
0
0
5
0
0
0
0
0
0
0
-5
0
0
0
3
-1
0
0
7
0
0
0
0
0