-14
5
3
-3
0
1
0
4
0
0
-1
-12
0
0
2
6
1
1
0
-4
6
0
0
1
10
6
0
2
6
2
0
1
6
0
0
2
7
0
0
1
0
34
-5
0
0
1
0
2
0
1
3
5
-1
-1
0
-1
1
0
3
0
3
-3
0
0
-13
3
2
-2
0
0
0
2
0
0
0
-12
0
0
1
3
0
1
0
-4
-3
0
0
0
7
-2
-1
1
3
1
-1
0
5
0
0
1
3
0
0
0
0
26
-6
0
0
0
0
0
-1
0
1
3
-2
-1
0
0
0
0
0
0
2
-3
0
0
25
19
1
34
-26
8
-1
0
0
6
34
15
1
0
15
-11
-6
-1
-11
7
-120
0
0
3
90
-34
13
-13
-34
-20
-13
-5
12
0
-1
8
-36
-1
0
-6
6
94
-6
13
1
0
0
-15
28
-10
3
16
8
-7
0
-30
2
0
-25
-9
11
-1
0
-15
0
0
0
0
0
0
0
0
0
0
0
0
0
0
0
0
0
0
0
0
0
0
0
0
0
0
0
0
0
0
0
0
0
0
0
0
0
0
0
0
0
0
0
0
0
0
0
0
0
0
0
0
0
0
0
0
0
0
0
0
0
0
0
0
0
0
0
0
0
0
0
0
0
0
0
0
0
0
0
0
0
0
0
0
1
0
0
0
0
1
0
0
0
0
0
0
0
0
0
0
1
0
0
0
0
0
0
0
0
0
0
0
0
0
0
0
0
0
0
0
0
0
0
0
0
0
0
0
22
4
-2
10
-12
0
-1
0
-1
-4
10
16
0
0
3
-7
-3
-1
-5
6
-52
0
0
-1
18
-41
0
-5
-16
-6
-7
-3
2
0
0
0
-19
-1
0
-3
0
19
0
5
0
0
0
-15
16
-5
0
4
5
-4
-3
-31
-4
0
-13
-4
1
0
-2
-15
0
0
-1
10
12
-8
0
1
0
1
7
3
0
0
5
5
9
0
8
0
112
0
0
10
-3
82
4
7
3
9
5
-1
-5
0
0
0
42
5
0
5
-2
-3
-2
-1
0
0
1
14
-4
6
5
0
1
0
-2
28
2
0
17
5
3
-1
-2
13
73
-24
-7
88
-8
11
1
0
-3
2
50
60
2
0
-14
-23
-6
-5
-8
20
-63
1
0
-19
4
-33
-6
-6
-18
-16
0
-4
-25
0
0
-10
-38
-10
1
-3
-9
-49
16
7
1
-6
-3
-19
63
-11
-18
-25
3
2
-6
-8
-7
0
-12
0
-22
10
-6
-2
0
0
0
0
0
0
0
0
0
0
0
0
0
0
0
0
0
0
0
0
0
0
0
0
0
0
0
0
0
0
0
0
0
0
0
0
0
0
0
0
0
0
0
0
0
0
0
0
0
0
0
0
0
0
0
0
0
0
0
0
0
0
0
0
0
0
0
0
0
0
0
0
0
0
0
0
0
0
0
0
0
0
0
0
0
0
0
0
0
0
0
0
0
0
0
0
0
0
0
0
0
0
0
0
0
0
0
0
0
0
0
0
0
0
0
0
0
0
0
0
0
0
0
0
0
0
0
0
-10
-5
3
13
15
-13
0
0
0
-5
5
-6
0
0
-4
8
6
1
3
-5
95
0
0
0
-28
53
-12
10
14
11
7
-1
0
0
2
0
29
0
0
5
-6
-66
-4
-11
0
1
2
23
0
6
3
0
-13
-2
-1
33
4
0
32
5
0
-4
0
21
0
0
0
0
0
0
0
0
0
0
0
0
0
0
0
0
0
0
0
0
0
0
0
0
0
0
0
0
0
0
0
0
0
0
0
0
0
0
0
0
0
0
0
0
0
0
0
0
0
0
0
0
0
0
0
0
0
0
0
0
0
0
0
0
-5
3
1
-1
0
1
0
1
0
0
0
-4
0
0
1
2
0
0
0
-1
-3
0
0
0
6
-2
0
0
1
0
-1
0
3
0
0
1
2
0
0
0
0
17
-3
0
0
0
0
0
-1
0
1
3
0
-1
0
-4
0
0
0
0
2
-1
0
-1
-13
9
2
-2
-5
0
0
2
0
-3
2
-10
0
0
3
2
-1
0
-1
-4
-21
0
0
1
16
-12
0
-1
-3
-1
-5
0
9
0
0
3
-3
0
0
0
1
49
-10
1
0
0
0
-4
0
-1
3
9
-1
-5
0
-15
-1
0
-6
-2
6
-5
-1
-6
0
0
0
0
0
0
0
0
0
0
0
0
0
0
0
0
0
0
0
0
0
0
0
0
0
0
0
0
0
0
0
0
0
0
0
0
0
0
0
0
0
0
0
0
0
0
0
0
0
0
0
0
0
0
0
0
0
0
0
0
0
0
0
0
-9
0
18
-2
9
11
1
2
3
10
0
-19
0
0
-9
25
-2
8
-6
-7
54
0
0
-11
6
-3
-10
6
40
3
0
4
16
0
0
7
-6
-6
0
5
-3
16
-9
0
1
0
1
14
-8
5
-7
7
-14
1
12
44
18
0
19
5
3
-3
5
18