-2.285559
2.979761
-4.271041
-2.889195
-0.871584
-1.265578
-0.667026
-0.728852
1.752633
-0.843778
-0.082267
-1.539616
-1.237446
-2.070964
-0.705410
1.066681
-1.226332
3.367785
-0.114070
-3.212528
0.231851
0.636385
-1.316055
-2.394286
-3.168484
-1.026839
0.447591
1.351639
-2.405368
-1.938202
-1.031295
-0.903928
-0.616411
-3.962765
-2.809222
-2.048152
-1.564523
-0.754874
-1.519410
-1.953452
-0.175439
-0.321595
0.669983
-1.086401
1.886967
-1.464488
0.355015
-0.649617
-2.290230
-1.727210
-2.621107
-1.206595
1.834992
0.690839
0.929133
-0.420959
-0.240643
1.123580
1.235403
1.281016
1.331713
-1.461790
-0.343760
-0.051315
-1.044884
-1.511991
2.116921
0.269457
0.236620
-2.560155
-0.161689
-1.039726
-0.278627
-0.861057
-0.573310
-2.379780
-1.385247
0.264783
-1.390872
-0.368336
-2.062361
-1.838967
2.971132
-0.920792
-0.067035
-0.028677
2.334430
-3.267857
-0.479159
-0.932246
-1.805022
-0.641080
0.021415
-0.977767
0.434893
-2.198335
-4.229593
-3.522412
-1.059219
-2.089598
-3.509157
-4.952894
-0.308136
-1.506253
-0.669884
-5.103807
-0.294618
-2.350637
-0.774376
-0.521013
-3.317003
-1.395623
2.028728
1.489985
3.379166
-0.817990
-2.458677
0.540936
-1.180594
-2.107549
-3.545399
-2.729113
-1.117311
-0.340102
0.765842
-1.611439
-2.707608
-2.730507
-2.877458
-3.448020
-0.465283
-0.312509
-0.743914
1.746793
-1.176717
-0.825468
-1.103713
-3.161790
0.701070
0.310759
-0.203490
1.573912
-0.374299
-3.034264
-3.428230
-1.220962
-4.661993
-3.277903
-4.307149
-4.479022
-0.693233
7.146301
3.482005
0.820530
3.765996
0.146789
1.009049
4.011508
2.569102
-0.855361
-2.398952
-2.161271
-1.227933
-0.491800
-2.920000
-3.630278
-4.092475
-5.044443
0.575843
-5.022638
-4.759642
0.476364
-3.277987
1.979119
-1.647387
-2.589801
-3.643913
-4.524037
-2.685114
-1.337139
-0.976628
-4.570621
0.150015
-2.378839
0.631048
3.507282
6.235132
4.148284
-1.855387
-0.506666
-2.665061
-2.693150
2.754861
3.647308
-0.968251
0.952928
-0.710892
-1.021003
-2.263476
0.799904
1.586882
1.850222
-0.087529
1.860034
1.262976
-2.113674
-3.242866
2.006723
-0.829055
-2.112900
-4.285767
0.744873
-5.788912
-0.094853
-1.874134
-1.257720
-0.945652
-3.335997
-0.760151
-0.002128
1.589661
-3.169078
-2.199008
4.731576
0.972485
0.081489
0.577303
2.034109
-4.091662
-3.372085
1.396467
1.904277
0.977737
-0.959705
-1.801524
0.403224
-1.984706
1.244514
-0.064186
0.167998
1.636144
-0.423471
0.041745
-1.256366
-2.200237
2.526634
-2.371380
-2.814818
1.952910
0.343461
1.339822
-2.118328
1.429982
3.689372
-0.915191
-0.934065
-1.133044
-3.237882
0.855117
9.216768
1.990301
0.748545
5.021283
7.889620
3.611220
0.988754
-1.298365
-3.658830
0.000362
-2.729352
-0.841286
1.627857
1.640041
2.909223
5.600097
-3.556572
-1.588629
9.890881
9.246660
3.366273
6.965340
8.251987
10.787807
6.677902
3.908603
8.093204
1.549275
8.042452
1.036108
0.028480
2.045460
0.603511
3.847526
0.805967
-1.990164
-0.695830
-2.325473
-3.749015
2.817808
1.640659
-2.104388
-1.272767
-2.622373
-1.311425
-2.407797
-1.861616
-0.747749
-2.722443
-0.756199
0.379971
-1.309169
1.012400
0.809250
2.158627
0.872278
0.791089
0.924379
-1.402762
-0.308460
0.212252
1.076260
0.350755
0.268607
-0.226376
-0.635796
-1.780995
2.455249
1.980093
-1.220956
1.048660
2.231890
2.720506
0.538001
2.642878
-1.646334
3.239753
-1.117319
-2.210024
-1.110401
-2.354797
-2.323452
0.425250
-1.464128
-4.042861
-2.814104
-1.725095
-3.630938
-4.057444
-5.603952
-5.116395
-3.100290
-5.300663
0.054762
1.350895
-6.821668
-0.775764
7.013250
3.094495
3.017306
1.617098
0.189542
-0.187344
-0.265072
-0.476525
-4.409129
0.220967
-2.560803
-2.641706
0.298883
-2.652448
-2.155449
-0.104003
-4.048978
0.518515
-0.712303
-5.432086
-1.915812
-0.267816
-1.154762
-2.401082
-0.229917
-0.599726
-0.078505
-0.376147
-0.296242
-4.141026
-5.006777
3.564320
-3.300433
-2.036328
-0.493559
-0.706111
-3.065684
-1.206824
-3.451606
0.558486
-2.923875
-4.943736
0.792933
0.469515
-0.493746
-1.795746
-0.122718
-3.472740
-2.642972
0.501423
-0.475678
-2.178323
-2.850548
1.978179
-2.625458
0.573582
4.451148
-0.319169
2.153109
0.026922
-1.364904
-0.244517
1.180188
4.824667
-1.255075
2.711349
0.357535
-0.115235
-2.160805
-2.066537
0.362570
1.806020
2.265735
2.364819
-0.065116
-0.437403
-0.909549
0.420144
3.322588
2.140484
-0.608251
-3.060933
2.871039
-1.465958
1.701779
1.947848
1.099494
0.468019
-1.460573
-1.252742
1.030328
-2.155879
-0.269923
0.320904
-1.928492
-1.331360
-0.252070
1.994123
-0.285785
-0.335780
-0.198367
0.947895
-0.695673
-1.652171
-0.545660
-2.723643
3.105515
6.028105
1.234010
-1.420191
-3.275088
-1.616653
-0.272427
1.344209
3.104185
-0.269864
2.563715
2.828386
-0.324170
-0.998501
-4.021758
0.618081
5.840110
1.828480
-0.378935
-1.289603
-0.728113
-1.762688
1.657296
0.825830
-1.045969
3.692432
-0.184352
-1.782555
-3.348239
-3.407342
-0.039754
-0.897643
1.519857
0.313617
-0.127183
-0.450371
-0.109590
1.238049
-2.724195
-0.389062
2.257613
2.677299
3.267636
1.166928
0.877189
-0.232340
3.914578
0.001664
-0.521003
-3.272066
2.018060
0.754689
3.172303
0.160857
0.702716
0.204049
0.472098
2.255760
0.030423
0.925982
2.512406
1.503716
-1.591193
-3.514257
2.583124
3.141786
-2.085206
-0.541528
3.914783
-0.420983
1.572139
-0.204748
3.683379
-0.547909
-0.856898
-3.457626
-2.608205
5.113620
-4.121213
-0.742358
2.525891
3.622320
0.495462
0.879261
-0.758901
-3.658535
1.694060
0.035348
-0.179512
1.161895
2.344249
3.204402
-2.637058
-2.694913
2.820417
-1.926581
-0.780985
2.011569
1.286652
-1.154851
-0.994460
0.741315
-1.930070
-0.868804
1.253139
-0.909261
-4.943207
-2.188713
-0.087115
-2.141474
2.479370
-1.865956
5.788060
-1.771826
-0.060203
1.064047
1.641592
0.881369
-0.980265
-0.334098
1.999582
1.366879
-0.123075
-0.268354
-2.095661
1.356809
3.426500
-0.608519
1.149541
1.239165
2.341301
1.458633
-1.047325
-3.893654
2.319932
-0.597958
3.199595
0.288282
2.728733
-0.485947
-1.109613
-3.579346
0.510755
1.685410
3.586895
2.365546
4.523445
-2.832921
0.799398
4.662611
-1.500184
-0.512806
2.165956
-0.355562
-1.787148
-0.294939
1.152810
1.519653
5.269551
0.641265
4.521847
-1.057554
-0.032744
0.674603
1.516378
-2.042605
-1.051283
-0.529128
3.692206
3.776127
3.812786
-0.250085
-1.917633
0.444651
-0.034511
1.144227
1.184753
0.204287
-0.543353
-3.233100
-0.997777
-0.615800
0.446396
-3.923239
0.850185
2.380540
0.737352
-3.227507
0.626065
1.941745
-1.184277
2.400760
-2.259967
1.205805
0.042569
0.273441
0.669736
1.917912
-1.172617
-0.254101
1.548522
-2.243356
3.862783
-1.043844
-0.220908
0.408715
-3.417384
0.270972
-0.820045
-1.188149
-2.341566
4.263959
3.269328
-2.392346
3.172523
2.561782
0.360839
-1.117600
2.644586
4.648577
-0.036001
-1.478391
0.400921
-2.888801
-0.724698
0.236309
-1.147330
-1.384697
-3.681145
-1.939817
2.398832
0.269527
-0.755911
-2.733269
1.334191
0.854448
-1.835903
-1.407515
7.921186
-0.926198
-1.546637
0.459470
-1.022589
-0.882938
0.184289
-0.848539
-0.179597
0.376064
1.867533
3.487971
0.923474
0.759662
-0.198715
-1.977182
0.476954
-0.960153
0.284076
1.757614
2.545919
1.956119
5.237472
2.540465
0.448609
2.356813
-2.077036
-1.745145
5.114206
0.964189
-0.816796
1.417732
-1.966288
1.237769
-5.397904
-2.352351
1.956175
1.469781
1.413809
-0.922805
-0.483601
-0.005342
4.517823
-1.174946
-0.239568
2.118010
0.480516
2.844188
0.043918
1.020748
2.347648
-1.175841
0.849643
2.624985
2.897243
-0.974655
2.187910
1.073186
1.734322
-0.687454
1.765278
6.195075
0.975428
0.988151
0.274825
1.363352
0.795038
1.630668
0.809439
3.265537
2.933496
-1.438865
3.406623
1.858447
0.162758
1.101067
-1.900190
-0.633061
4.355929
-3.674054
-0.553770
-0.088637
4.439492
3.416276
1.552368
-2.119493
2.582700
-1.104259
0.035709
0.811806
0.515516
-0.190672
1.302352
-0.678915
1.394447
-0.537883
-0.738508
2.195318
-1.823705
1.901697
-0.121686
-1.632729
-4.139588
-0.753136
2.560557
3.312078
1.437179
-0.458599
0.859278
2.404894
0.284264
3.598237
0.131080
1.880354
-2.016776
1.400425
-1.447659
-0.575645
3.430364
0.378409
-1.674631
-2.311105
-2.520772
1.031888
-0.487593
-2.203757
-0.648704
2.308908
1.158702
-0.209695
0.836563
2.763558
-1.965402
-0.636885
-1.108225
2.604490
0.499681
0.200232
2.443634
-0.559965
3.663351
2.701351
-0.907252
0.161422
-0.085288
2.305322
2.430575
-5.068225
-0.059369
-0.670459
-0.066276
5.061459
5.709680
-3.472461
-0.505016
2.559266
-2.997236
-1.864037
-0.005876
4.492044
-1.058711
2.458653
1.664561
-1.763532
-3.005177
-0.443273
-0.812580
-1.034487
0.337929
-2.916167
1.107014
0.378225
0.700443
-3.055897
-2.760097
0.694138
3.387750
-0.835041
-1.541749
1.429315
0.280549
0.350896
3.319710
5.041973
-2.778374
1.546336
-0.156825
-3.078183
-2.047242
0.464269
-1.684451
1.487880
2.735444
-0.678652
0.565600
-1.187619
1.665561
3.750646
4.125326
3.283007
-2.455141
0.151236
0.769662
-1.144137
5.558720
0.167753
-1.466415
2.349569
-1.006835
0.689290
1.352921
-0.902900
-0.953418
0.889143
1.604536
-3.808921
2.266088
-0.743466
2.076936
-0.366896
-0.787960
-0.110441
0.507051
-0.569469
0.499191
-0.626065
-1.387756
-2.099877
-1.114045
0.046198
-0.679424
0.594824
2.547927
-2.380693
0.020015
-0.871090
-1.088658
1.810190
0.025384
1.450897
-0.886612
-3.295630
-0.423850
1.744030
-1.917830
0.068650
-2.168249
1.568637
1.996314
0.920425
3.070904
1.545590
-2.045138
1.031374
1.110546
-1.294641
-2.444222
0.772443
1.157112
-2.094631
-0.278889
0.857134
0.155654
-1.533613
-1.841898
-0.279114
2.410748
1.656120
4.139071
2.660269
-1.461365
1.375531
-1.764527
-1.052430
-1.163402
1.994204
-1.039008
2.387482
1.064855
-2.656750
-2.327588
-0.483701
-1.348667
-3.118395
-0.107085
-0.450799
-3.482833
3.602989
-0.226999
-4.132085
-1.324308
0.749717
0.615472
-0.576877
-0.502615
-2.150748
-1.260744
-0.732488
3.067247
5.645893
