-2.292840
2.984333
-4.291821
-2.903116
-0.859579
-1.255157
-0.676345
-0.727061
1.745712
-0.840646
-0.092286
-1.551393
-1.254637
-2.088453
-0.706072
1.063998
-1.234712
3.348621
-0.098028
-3.230985
0.222755
0.656497
-1.312856
-2.391001
-3.166141
-1.025847
0.457639
1.355676
-2.390732
-1.952913
-1.033135
-0.911681
-0.623918
-3.969456
-2.803317
-2.068110
-1.555477
-0.771440
-1.515746
-1.947299
-0.184386
-0.320261
0.681035
-1.100384
1.893187
-1.454442
0.362239
-0.656689
-2.309661
-1.731946
-2.610995
-1.223682
1.851740
0.709414
0.938057
-0.409577
-0.233582
1.113614
1.244388
1.299996
1.331841
-1.450499
-0.352909
-0.047694
-1.035845
-1.489289
2.104042
0.258005
0.240706
-2.561541
-0.170939
-1.026384
-0.272944
-0.863544
-0.580161
-2.372252
-1.388955
0.271683
-1.381518
-0.355009
-2.073513
-1.825771
2.982254
-0.966502
-0.085094
-0.030511
2.333443
-3.266735
-0.481600
-0.913073
-1.812331
-0.649794
0.028771
-0.988304
0.422962
-2.213044
-4.224549
-3.541371
-1.081327
-2.106801
-3.520942
-4.970026
-0.309191
-1.483698
-0.658398
-5.118778
-0.296429
-2.350297
-0.794283
-0.539842
-3.338111
-1.365665
2.021430
1.490340
3.389278
-0.850338
-2.473296
0.530762
-1.182921
-2.111126
-3.543695
-2.742809
-1.125480
-0.366506
0.755679
-1.622118
-2.712878
-2.731771
-2.873963
-3.438460
-0.486873
-0.316741
-0.751587
1.761434
-1.192317
-0.844939
-1.110904
-3.175661
0.701178
0.296236
-0.212511
1.574616
-0.385019
-3.031314
-3.448432
-1.229781
-4.658025
-3.296960
-4.326880
-4.484740
-0.694736
7.140921
3.456933
0.832752
3.757300
0.147055
1.018922
4.006907
2.561710
-0.856651
-2.408518
-2.149984
-1.206339
-0.494669
-2.928167
-3.636229
-4.101027
-5.071260
0.571212
-5.011058
-4.752012
0.492243
-3.270110
1.983788
-1.643254
-2.595989
-3.657912
-4.531987
-2.666268
-1.346134
-0.978301
-4.574008
0.155050
-2.392146
0.635637
3.523036
6.223632
4.148852
-1.861562
-0.501783
-2.671466
-2.685387
2.764611
3.642633
-0.977418
0.971329
-0.709276
-1.006897
-2.269558
0.805322
1.577205
1.854024
-0.089598
1.878705
1.273460
-2.112310
-3.251969
2.005901
-0.835040
-2.096509
-4.292686
0.756409
-5.787295
-0.102014
-1.875158
-1.254083
-0.948069
-3.314898
-0.755332
0.001432
1.587608
-3.180309
-2.205115
4.756519
0.954245
0.097336
0.583597
2.042934
-4.112554
-3.361363
1.386433
1.900285
0.985212
-0.963639
-1.804705
0.388860
-1.968540
1.252897
-0.061507
0.190153
1.625442
-0.423916
0.040545
-1.260416
-2.198573
2.532187
-2.380574
-2.804572
1.946848
0.335577
1.341481
-2.107049
1.428725
3.671903
-0.908842
-0.948146
-1.137173
-3.235876
0.861564
9.220230
1.995300
0.745594
5.014739
7.897532
3.610998
0.987858
-1.291935
-3.665183
-0.024379
-2.735274
-0.818524
1.616867
1.638702
2.901978
5.590244
-3.574232
-1.589775
9.887543
9.227620
3.371119
6.959130
8.275466
10.766798
6.666152
3.925988
8.108745
1.558508
8.042097
1.029041
0.017935
2.036876
0.596159
3.850494
0.797507
-1.994160
-0.693444
-2.338376
-3.754614
2.820539
1.653435
-2.111794
-1.276207
-2.632463
-1.313126
-2.429202
-1.836517
-0.745495
-2.721861
-0.768476
0.373099
-1.314214
1.017286
0.827373
2.186208
0.889382
0.801870
0.927940
-1.414402
-0.296705
0.208326
1.063287
0.328163
0.240466
-0.234024
-0.653434
-1.802029
2.436914
1.971298
-1.215042
1.044969
2.229267
2.712866
0.535340
2.640976
-1.650365
3.232557
-1.100205
-2.222934
-1.126994
-2.359023
-2.328738
0.424578
-1.468809
-4.060807
-2.819070
-1.720486
-3.625499
-4.071546
-5.599067
-5.121824
-3.097996
-5.294198
0.051049
1.347563
-6.819637
-0.788219
7.012983
3.092724
3.027675
1.624328
0.185503
-0.173240
-0.267356
-0.474223
-4.411192
0.210881
-2.566664
-2.642392
0.287967
-2.641411
-2.159837
-0.113564
-4.057835
0.535849
-0.711688
-5.442723
-1.919734
-0.277646
-1.153412
-2.397141
-0.249744
-0.607218
-0.075507
-0.366799
-0.322840
-4.148471
-5.004301
3.548385
-3.314320
-2.052020
-0.498993
-0.694012
-3.089821
-1.229432
-3.474138
0.547572
-2.941972
-4.951979
0.795174
0.480529
-0.501740
-1.789894
-0.107556
-3.484165
-2.664411
0.505515
-0.490533
-2.191184
-2.866960
1.964830
-2.621811
0.580615
4.461896
-0.300814
2.160707
0.020187
-1.344067
-0.253930
1.195161
4.833444
-1.265154
2.705595
0.361628
-0.095549
-2.144303
-2.057829
0.344781
1.805833
2.269370
2.378368
-0.074137
-0.433053
-0.906035
0.422277
3.299516
2.140723
-0.602735
-3.072375
2.863694
-1.470880
1.706767
1.958941
1.102359
0.466065
-1.440657
-1.224362
1.046626
-2.151111
-0.247425
0.335376
-1.936406
-1.324522
-0.258291
1.999103
-0.285391
-0.344691
-0.185441
0.964816
-0.696066
-1.629743
-0.549319
-2.712272
3.108990
6.036145
1.264788
-1.426165
-3.282448
-1.625900
-0.271310
1.334602
3.112545
-0.269664
2.555218
2.834411
-0.328696
-1.013336
-4.049611
0.613122
5.829573
1.826292
-0.377083
-1.289464
-0.731293
-1.761104
1.649157
0.819486
-1.054456
3.719244
-0.188992
-1.774566
-3.370724
-3.390648
-0.037627
-0.886654
1.530288
0.320422
-0.131810
-0.461379
-0.090555
1.241174
-2.734575
-0.381854
2.260429
2.677160
3.268481
1.162847
0.897334
-0.227830
3.909670
-0.014978
-0.513441
-3.264657
2.015301
0.765812
3.161434
0.165761
0.711689
0.188151
0.466364
2.265511
0.015966
0.921286
2.517585
1.523997
-1.608258
-3.536586
2.576352
3.150395
-2.099865
-0.520114
3.933336
-0.427673
1.582002
-0.198635
3.678916
-0.552321
-0.872742
-3.451790
-2.604235
5.118317
-4.130492
-0.749407
2.528368
3.635115
0.488909
0.877978
-0.757741
-3.670725
1.683452
0.042674
-0.182454
1.155839
2.336192
3.209527
-2.640809
-2.697190
2.807410
-1.915981
-0.789736
2.030849
1.286271
-1.157567
-1.004763
0.746672
-1.948364
-0.865325
1.242406
-0.886101
-4.950580
-2.192792
-0.088532
-2.138123
2.470449
-1.872522
5.805849
-1.771876
-0.058890
1.071827
1.641956
0.884158
-0.979222
-0.347987
2.008063
1.371309
-0.126740
-0.284199
-2.108822
1.379369
3.434554
-0.598779
1.145973
1.225350
2.328399
1.485685
-1.046501
-3.899487
2.320992
-0.584101
3.192430
0.297361
2.730103
-0.459585
-1.106736
-3.577258
0.506409
1.683658
3.589869
2.372085
4.528451
-2.832522
0.813827
4.644609
-1.507090
-0.515574
2.165032
-0.349519
-1.772780
-0.291371
1.152420
1.499642
5.280597
0.641561
4.534955
-1.021287
-0.026083
0.669077
1.528968
-2.024616
-1.058188
-0.514987
3.701245
3.777837
3.827813
-0.248471
-1.919707
0.432118
-0.009448
1.141837
1.184350
0.179320
-0.563413
-3.234727
-0.993861
-0.621192
0.478191
-3.925642
0.888864
2.365015
0.745876
-3.214282
0.643126
1.940646
-1.175819
2.416218
-2.238549
1.221628
0.055127
0.278210
0.669636
1.931817
-1.157587
-0.265581
1.558690
-2.240430
3.881752
-1.025259
-0.209515
0.415069
-3.433835
0.251337
-0.815433
-1.166288
-2.330041
4.288347
3.278701
-2.405966
3.162481
2.602759
0.371694
-1.122826
2.652272
4.662301
-0.020025
-1.459949
0.414190
-2.903001
-0.711197
0.232927
-1.154572
-1.406933
-3.698543
-1.941251
2.431489
0.253351
-0.761505
-2.716761
1.338666
0.843181
-1.835052
-1.407379
7.934859
-0.935585
-1.559631
0.479630
-1.010095
-0.899482
0.188421
-0.855456
-0.183443
0.384674
1.872200
3.499531
0.926969
0.766787
-0.187084
-1.981736
0.500144
-0.975606
0.290715
1.770052
2.556593
1.937170
5.251948
2.541496
0.445715
2.350938
-2.078748
-1.763603
5.112481
0.970555
-0.829744
1.434439
-1.958988
1.238597
-5.414364
-2.352556
1.960862
1.467044
1.425884
-0.920768
-0.479916
-0.014830
4.499180
-1.166004
-0.233641
2.124568
0.479767
2.837034
0.046070
1.040114
2.340223
-1.183268
0.860757
2.629954
2.895231
-0.977728
2.193526
1.051252
1.756014
-0.681930
1.760889
6.207624
0.966989
0.998364
0.300640
1.370663
0.786257
1.649280
0.801860
3.283213
2.939449
-1.438913
3.421818
1.870769
0.182138
1.092394
-1.891104
-0.624599
4.342182
-3.681613
-0.566478
-0.088735
4.460032
3.420231
1.564901
-2.123882
2.579410
-1.117250
0.032178
0.825196
0.493946
-0.191130
1.308755
-0.682547
1.395564
-0.552635
-0.735312
2.197069
-1.825025
1.904228
-0.140630
-1.640761
-4.143517
-0.751113
2.565471
3.315566
1.426879
-0.462508
0.857020
2.392500
0.262786
3.590424
0.148211
1.887863
-2.021904
1.397123
-1.446503
-0.573803
3.436373
0.371018
-1.680500
-2.304828
-2.510588
1.046594
-0.474202
-2.188451
-0.643164
2.282717
1.181165
-0.227483
0.839483
2.774087
-1.974717
-0.639564
-1.080822
2.594957
0.516237
0.212023
2.481317
-0.555063
3.668720
2.714517
-0.890172
0.167945
-0.074753
2.329885
2.435677
-5.070479
-0.056017
-0.674761
-0.065303
5.055855
5.729545
-3.472058
-0.517805
2.575783
-3.017956
-1.869486
0.008949
4.509619
-1.065228
2.472056
1.661122
-1.772958
-3.004066
-0.455910
-0.826724
-1.025299
0.363579
-2.912657
1.109635
0.372707
0.719165
-3.060246
-2.779677
0.700252
3.388163
-0.828055
-1.560124
1.458716
0.296722
0.358278
3.320469
5.053141
-2.778501
1.584947
-0.165049
-3.094158
-2.046539
0.463523
-1.700713
1.484282
2.754569
-0.664036
0.561219
-1.181178
1.674255
3.759715
4.152899
3.285646
-2.459651
0.148105
0.780853
-1.123229
5.549247
0.176502
-1.456488
2.359854
-1.016588
0.694107
1.358051
-0.885343
-0.964974
0.882750
1.610886
-3.814222
2.245799
-0.767576
2.076993
-0.342846
-0.768359
-0.124965
0.512771
-0.577419
0.475618
-0.645354
-1.402854
-2.107810
-1.134394
0.064035
-0.664463
0.592537
2.553862
-2.399030
0.018515
-0.888795
-1.085465
1.798988
0.016822
1.443312
-0.882804
-3.300189
-0.437006
1.733644
-1.930393
0.076017
-2.164821
1.558354
1.991850
0.926416
3.074924
1.547634
-2.035427
1.020917
1.102570
-1.300474
-2.454978
0.769769
1.151955
-2.117617
-0.285186
0.857192
0.144808
-1.545204
-1.861655
-0.277678
2.423992
1.670766
4.137775
2.663398
-1.469881
1.390748
-1.762317
-1.054917
-1.149642
1.998482
-1.016919
2.409332
1.068536
-2.654939
-2.308713
-0.486314
-1.333506
-3.129100
-0.094069
-0.440294
-3.484201
3.600504
-0.223979
-4.131341
-1.323687
0.739742
0.599747
-0.609787
-0.510488
-2.176434
-1.265554
-0.742844
3.066678
5.636429
