505
-1163
-1205
-1863
740
1365
-2543
-1224
874
1958
973
-1068
152
2138
2676
-58
-321
2018
25
-151
-1286
-1394
-2235
255
584
-189
2120
2190
910
-290
-975
-592
-372
-546
-330
-1806
1499
-378
1513
1792
-2726
-2825
320
-1573
487
-2515
-2294
-874
-2569
-442
2445
1985
4764
4167
2201
2741
2295
249
1393
1601
-689
-869
-1655
-2181
-1271
-2953
-586
-2944
-2309
-1251
-3257
-3685
-1899
-828
-1091
-161
-1786
-1970
164
414
-1855
-313
1918
1891
1760
81
2718
2487
1661
-71
756
654
-1026
243
2957
903
585
-292
2284
1592
-1426
-2813
-2924
-2117
-1266
-266
-2925
-541
-1164
570
-2896
-150
-2489
766
2584
-927
-1449
-1065
-716
2415
-226
-1356
-626
2988
3761
1751
-868
1245
1338
-1383
900
-1441
-1227
-1293
971
-2206
-2210
-2301
-1443
-2731
-429
-1095
43
-1401
-334
-841
-650
-2118
-2304
-1095
-1481
-1325
-502
-826
894
-624
-1470
-1442
909
511
-244
829
1675
-379
1871
2582
-987
2926
3484
-1273
-847
1963
2579
3194
2138
-1258
-63
-1927
-246
-1842
1696
413
-316
1210
-2139
1178
1855
640
-2160
-323
1709
-385
1832
-744
-2102
256
1834
-1804
-2465
836
694
2874
1364
1393
1675
-170
90
-26
-676
177
-2464
-1462
789
527
-1673
-2743
-168
-2273
1425
-1552
-2054
-373
-1456
399
-70
-834
188
-1580
-734
-775
-2946
-2727
-2925
2335
2447
-3253
-685
999
3525
-980
1121
3939
4013
1009
514
2601
3585
-625
574
-2369
-579
-900
-2641
-342
-1386
1040
855
-3407
-1992
10
-735
2394
-2000
-789
-2013
2048
4594
3966
333
1943
-798
-133
3414
1033
1324
2434
1415
-456
-2329
-1980
-3109
-3504
-1844
-3133
-2364
-3023
-2278
-839
1288
1670
1728
322
688
758
1782
390
312
987
-452
1420
-571
1970
391
-1505
-3376
648
-474
-1740
-3202
-778
3741
4088
-106
447
792
2081
5025
3985
-318
-1765
1446
3430
1753
1306
733
-2817
-2202
2922
2380
-201
-3415
-655
2326
4034
-975
-3288
-1290
1955
4020
-1203
-1458
646
3269
1206
261
-1953
-930
2382
2199
-1017
-174
-1445
1304
-1839
-2348
369
-987
1161
-110
-1246
756
-1391
-505
-1241
-237
-1280
1719
513
-2261
929
487
2643
1136
-475
2491
-1984
-1582
1962
2574
-779
-306
1787
3308
851
-249
619
3316
895
-2540
-1183
943
2088
-1825
-1147
356
-1034
876
-2314
-1349
-2187
1901
-11
579
2668
2502
1753
925
2150
1599
-1019
3115
1684
-1001
-119
-2534
1108
-953
-3051
426
-2451
-1803
-537
295
455
173
30
1176
3841
3823
1113
-1025
1502
1883
2974
3886
1260
-994
-1031
-2165
-1649
-1059
-1211
-307
-2186
-1654
626
-1982
-2674
-3376
-2494
1916
-2182
-1592
-2064
-2217
566
-1950
-519
-1193
1391
1734
-436
-449
2578
2785
-1174
-2121
-1020
2187
1093
-1594
-2437
1445
-695
1392
-478
-265
-2747
-1520
-2444
1042
-834
625
-3202
-3642
1943
-65
-42
-397
-2944
-519
545
2301
1588
-1231
2162
1781
2820
4544
3888
