9
3
6
6
30
1
16
25
20
23
5
-5
25
-25
21
15
15
30
-6
13
18
2
22
25
11
8
-9
12
17
20
-11
28
-1
9
13
-5
6
13
-13
-14
15
4
-23
-9
18
-22
22
5
-1
16
7
-23
7
21
20
-18
18
-4
-31
17
-13
14
-16
7
14
3
20
15
14
-28
11
15
-31
-9
14
-18
-12
16
-15
1
1
-21
-11
-22
7
-17
-16
-28
11
9
-16
8
-32
-26
-15
-12
-24
-26
16
5
-21
-20
-6
15
15
15
-11
-11
12
22
25
10
-21
3
4
-6
-23
10
16
-12
-15
10
8
-19
0
-2
-16
5
-17
-27
16
-18
26
-24
5
1
5
-28
16
-15
-15
-8
-8
6
19
-9
-20
-22
12
3
-21
7
17
7
16
-8
-27
9
22
1
-23
-21
5
-24
-22
22
-14
27
8
0
-21
10
-22
-21
13
16
-15
-22
15
-14
11
14
5
-12
-9
8
-21
-18
20
-22
-10
-11
-24
13
-16
18
-1
-35
-9
-1
6
-10
8
-24
-37
-15
3
-29
-28
-21
-25
-16
-25
-3
-1
15
-4
-11
-3
-24
1
11
21
-9
-25
3
-9
-21
-9
-2
-13
0
8
18
-17
14
25
9
25
24
6
8
-13
19
18
9
21
12
20
19
10
0
23
18
23
5
5
22
-24
-19
11
2
18
2
-18
2
-20
-14
5
-12
-11
-3
25
-18
8
21
-17
7
-7
-10
1
-22
-18
5
-9
22
-13
-29
11
-6
-22
24
9
17
19
12
3
19
25
7
-21
-22
-24
12
-5
-8
5
0
-4
-23
-14
-1
-8
-7
8
-7
-3
24
-19
-4
15
-14
-6
-9
24
0
14
22
-10
12
-8
-19
20
-16
-19
-6
6
-22
-12
20
-4
-15
20
-14
-26
6
1
20
-18
13
5
12
6
1
14
-10
-14
-22
10
15
-22
-19
25
-4
6
21
-9
-14
11
-6
-11
-24
-2
9
24
-21
15
-10
-15
15
-27
17
-22
14
-4
-5
-13
24
-17
13
1
12
8
-4
19
-11
3
23
-14
-24
0
20
0
14
-14
-10
1
-10
0
4
-16
1
-2
9
3
-5
-23
9
16
-2
4
-8
-18
-23
3
4
-2
3
22
-12
19
22
-23
18
-25
-2
-18
14
-5
-26
12
-7
10
-2
4
-8
22
-8
-22
-24
5
7
24
-25
8
-18
-21
11
12
-12
0
15
2
10
-3
-1
23
-28
-4
1
-29
16
13
14
-18
-18
-18
5
16
2
17
-5
-8
-15
19
-23
10
-2
9
-11
-1
8
15
22
-25
5
1
-19
14
-5
-1
-20
-28
-23
8
14
16
19
-4
8
-12
-2
-11
9
-19
-11
-15
23
6
-26
12
-21
11
-23
3
-22
4
-22
-5
-15
18
-12
-18
-1
-16
2
13
-21
2
0
12
27
13
-12
-2
13
-12
12
0
5
13
24
3
2
20
17
-6
-15
3
-7
-7
24
14
13
26
12
26
7
20
-10
28
-17
15
-10
7
25
-7
-12
2
24
7
9
1
16
27
-22
-3
-16
15
24
-16
-25
21
-6
10
-2
-4
-6
6
-24
10
-24
-23
20
-11
-24
23
-3
20
10
5
-14
6
18
-12
19
-24
15
-16
0
-20
-6
7
6
25
5
-2
15
-19
-16
19
-23
14
7
-25
-8
5
3
-7
2
5
-8
-16
-8
10
20
-20
3
-14
0
9
-1
-19
-3
4
2
6
-12
19
11
7
-14
-24
-2
-1
-23
25
17
20
-21
-21
18
-10
7
-6
-23
20
-16
-16
-9
1
-1
-16
-10
2
-9
6
1
4
2
-1
7
-29
11
-10
-5
16
22
-13
-30
14
1
21
6
6
-22
6
-15
15
19
-15
13
16
-23
-10
1
-22
-25
-5
-9
-15
-4
10
-2
1
21
-26
3
-19
-25
18
1
-22
-27
-9
-21
-6
-22
-27
-9
-23
-6
22
9
-17
-29
3
13
12
-5
-9
-20
-18
20
-30
4
17
8
19
-15
-3
-11
24
8
-11
2
-22
9
13
8
25
-27
11
-16
-13
3
-8
-18
0
-7
1
15
2
2
-17
-12
-11
20
5
-29
8
9
-2
-11
-14
-17
3
-6
5
-13
4
3
10
-14
-21
24
-8
7
-16
-5
14
-27
4
-20
4
-6
11
5
14
14
23
-1
1
19
-14
-21
10
22
-25
-11
17
-23
15
20
-22
-18
22
-17
4
-10
-8
-20
7
24
16
6
-5
-7
-16
12
-20
-23
-4
-25
0
-17
-10
-19
4
17
-24
-21
14
12
12
0
-9
5
19
5
20
21
-11
18
3
5
-2
-23
-22
-12
-6
17
4
-5
3
-28
0
-29
-26
-8
9
-17
18
10
-15
-6
10
8
-30
-16
-31
1
12
3
10
-24
16
12
15
-11
11
3
-16
21
-23
0
-22
21
-19
-3
13
-7
6
10
19
7
10
16
-7
-16
-7
2
6
-6
11
12
1
9
11
-15
21
20
-10
2
5
19
-10
16
13
-15
-7
28
-10
3
-2
16
-1
-19
13
9
-3
-1
21
0
8
-20
0
16
0
-22
-7
-6
21
-18
-1
12
-14
0
8
-10
6
15
-9
-3
-18
5
3
-13
17
14
-12
-7
4
7
-22
0
-7
-5
-15
-5
17
14
18
0
-16
-19
-17
-5
13
9
-9
-1
-14
-4
-26
-11
4
-24
-24
-15
17
14
-9
-20
11
12
-23
-1
-15
0
-19
21
23
0
-22
-23
16
13
12
5
17
22
-1
22
-22
4
2
-11
-21
15
-25
-12
-13
-25
-7
25
-26
-14
-6
6
-13
-12
-1
13
22
-25
-24
-2
-16
-13
-5
4
23
-10
10
3
-13
-21
5
5
5
-14
-13
-10
-24
-19
13
-18
-18
6
8
1
4
1
-8
4
18
-3
-4
3
-23
16
-11
-18
26
0
-2
3
17
4
-7
3
-15
-15
-5
-8
12
20
-13
17
-15
-3
12
-11
-17
17
-9
-1
-5
-4
-16
5
7
13
17
31
27
-2
-14
-22
-3
5
6
12
-19
18
-7
-16
-2
21
16
-13
-11
-10
-25
16
18
20
-17
-28
-14
19
10
-5
17
-18
-12
15
-28
-17
21
-14
10
9
-32
-9
-2
-16
-16
-25
-13
-10
-19
10
-28
-8
5
8
3
-28
-32
2
-9
-30
-29
-27
-31
-7
-19
0
-10
10
-20
-24
-21
10
0
-6
-9
-10
-3
-5
-13
-9
-14
11
-14
-15
-34
4
9
5
-7
-26
-35
6
-27
-65
-80
-94
-69
-50
8
-41
-27
-66
-83
-24
-10
-11
11
-19
-1
-21
-18
-30
19
7
4
7
-27
-6
-18
47
43
46
26
26
-5
10
32
44
60
55
53
6
30
46
71
79
63
48
23
44
9
-10
-17
24
13
-11
-19
-10
18
22
24
15
-15
-1
6
7
11
13
16
7
-4
15
-10
-13
5
13
-15
11
-6
-16
-23
2
-8
-3
14
0
15
17
-24
16
-14
-4
3
-7
17
15
-14
-24
-34
6
-16
-32
8
-3
-18
13
9
9
-1
-3
18
-26
-23
-13
21
-18
-15
-27
-16
7
0
21
-20
-8
17
-15
10
-9
-22
-3
-15
-2
14
16
5
-5
-15
-7
-14
-16
-8
21
16
4
17
12
19
23
-21
-1
-28
9
-23
9
-7
-27
6
-24
-17
-10
-22
4
-20
-16
-15
2
-4
-20
12
17
8
3
-29
16
-24
-5
16
-24
17
-8
-13
23
-17
21
-25
-4
6
10
14
19
-22
26
8
25
12
-3
-5
12
-22
10
-15
-31
-10
-7
-20
-26
-9
16
-14
6
17
-20
-11
-25
-30
-1
-12
16
18
-2
16
6
-25
21
19
5
-12
-7
-5
-22
14
-1
22
5
-10
4
4
-20
-13
25
27
17
6
-10
-16
3
-22
5
-23
5
-12
-12
2
-6
-1
6
5
-32
-5
-8
6
14
-21
-19
0
6
-5
11
-22
-7
5
10
-14
-6
2
4
19
-17
-26
7
14
4
-21
19
-6
12
-7
14
10
19
-24
19
11
16
23
5
-20
20
2
16
4
-24
-9
4
3
8
-12
9
-9
-18
-3
-1
-22
23
21
-20
24
-25
4
16
-3
-7
23
18
23
14
24
-17
21
8
-24
-6
-18
18
4
-5
-5
-25
-22
5
5
-14
-7
9
10
-18
16
4
25
-1
15
10
13
13
-5
19
10
23
-24
-20
5
-20
-5
5
10
15
-4
-12
1
4
-31
2
-11
-24
-3
-22
13
-13
24
18
-12
-34
-25
-32
-20
-7
17
-25
-28
-14
-25
-10
2
14
-7
11
-13
3
-13
8
-19
-25
-19
-12
-25
-6
14
10
16
-10
5
-14
20
19
-17
18
-13
-19
15
-11
22
14
-4
-2
-15
-12
-23
-21
23
-3
-10
-21
9
-24
-23
-20
20
22
-3
-26
-21
-7
-9
-23
-5
-16
-22
16
-25
8
-18
18
20
13
0
15
-1
22
-23
1
21
1
-3
17
-3
-14
-26
-15
0
-8
-17
15
-18
-17
-5
-23
-24
16
23
-22
-10
12
18
-24
0
10
7
-16
-8
-24
-1
20
-3
7
16
11
21
-19
15
-17
16
-13
0
22
-27
-10
-13
-13
22
-13
-20
-15
-9
11
-9
3
13
-5
-5
11
-18
-10
-12
0
21
6
-20
0
-30
-11
-5
17
-9
10
-25
-20
-11
9
1
1
5
-40
-1
-11
-6
-31
-23
-34
-34
-33
-24
-35
8
-35
-31
-36
-12
-18
-37
-34
15
-1
12
-26
10
-11
-13
-16
-18
19
19
-27
9
24
10
24
-24
3
13
22
8
16
28
9
26
-4
26
10
16
-3
7
4
-2
18
-13
-24
15
-10
6
13
-15
-4
-25
15
-1
-2
1
-18
21
-28
-25
-21
9
-15
12
-3
-9
21
-6
22
-8
-4
21
-22
23
1
12
-14
8
-17
-23
12
-24
-7
-1
-15
-2
-8
-25
11
-23
9
20
10
-9
-16
25
10
22
-17
-15
-15
18
-15
-19
-2
-20
8
18
-12
24
-13
25
11
13
22
4
-2
-2
-10
-8
-14
-2
-17
6
26
-26
17
-7
-15
-5
5
-22
-25
-5
-6
20
12
0
22
-20
-19
12
-18
20
4
-21
3
12
19
-25
-21
3
13
-22
1
-5
-26
-20
-17
4
-5
0
5
11
20
-21
-17
2
8
11
20
-13
-17
-7
-20
-5
-23
-1
18
-6
23
18
11
-16
13
24
-18
-22
24
4
-6
-19
3
21
-11
19
20
6
22
14
-9
-23
4
21
-15
13
-2
11
0
-9
18
-23
-25
-25
9
-21
-24
-12
8
3
21
-8
-3
-16
-25
-7
10
16
10
19
5
-1
-18
-30
30
75
57
58
73
58
17
49
61
35
37
56
4
41
11
15
41
65
5
10
-26
-14
4
12
-4
26
10
-7
-2
-10
-19
9
5
-7
-39
-44
-13
-28
-3
-22
-29
-32
-61
-47
-69
-72
-61
-49
-69
-11
16
-6
15
6
2
18
-25
10
-3
16
-23
10
-18
3
2
-19
14
1
5
9
10
-21
-11
10
-13
-16
-8
4
14
4
-6
12
23
-12
8
13
8
-4
-8
13
19
14
11
5
-14
-12
7
16
10
19
5
-4
-5
17
1
21
-20
-4
7
4
-1
5
22
3
14
26
1
10
11
10
24
2
-3
15
-3
-19
-2
17
-14
-5
6
-5
19
-20
10
-24
4
-19
20
-4
-29
-8
-5
-8
-22
11
4
1
-11
-15
-5
2
-5
-21
7
23
-12
24
-4
8
8
-1
-1
-9
8
-21
-25
-15
15
16
-25
15
6
8
-21
-22
21
-17
12
2
5
-11
19
7
-17
11
4
-21
-4
-25
3
-17
9
16
-9
10
-21
-6
23
-16
-16
0
13
-10
-16
-3
-4
-6
12
-15
-19
-16
4
-12
4
-24
23
-3
2
-12
15
4
6
7
17
-11
-5
3
-12
-5
-5
0
25
-7
15
-6
-18
-19
-23
15
15
25
2
-11
19
-13
-13
20
-8
5
-3
-16
-11
10
6
-16
-16
-25
-6
3
13
-3
-13
-7
-8
16
1
10
-23
-2
21
21
19
24
-11
-19
-4
-4
-4
-19
-8
4
3
20
7
-17
23
-25
1
-5
7
-14
12
16
-22
-11
-28
-42
-22
3
-41
-1
4
-12
-31
7
-35
-27
3
-25
-5
6
-24
-31
-5
12
8
-9
23
-21
-11
-1
-19
-26
-19
11
27
-13
-8
-10
-8
14
32
21
34
21
5
9
-5
8
31
34
42
-21
11
-7
25
-7
9
-2
12
-23
-23
-10
-12
2
7
25
-8
-9
-4
22
-26
2
-23
-24
7
-7
-22
-7
-13
-20
-19
13
-15
-17
8
20
-25
-16
-12
-25
5
14
19
7
-21
21
17
-8
-13
16
-10
-22
-23
3
3
-7
-1
-12
18
-31
5
-17
0
-14
4
-19
-27
-3
-17
10
26
26
-10
20
18
-20
26
0
6
-17
-9
-11
8
1
-9
5
24
3
-15
-15
-13
18
1
12
3
-17
25
1
-6
-5
29
8
1
11
-13
8
26
-3
-22
15
-2
-24
12
7
0
20
-3
2
-10
11
11
16
2
14
-15
-13
-19
11
-13
-8
16
-19
9
-14
-6
17
-9
-15
-7
19
-30
15
-5
-16
9
1
-17
-19
1
14
22
8
21
7
-20
-5
-24
5
-3
18
20
11
-19
11
-22
-4
-18
19
-28
-15
-10
-5
21
10
-26
3
20
21
-23
7
-9
-3
12
-26
2
-8
-25
-14
0
-26
-10
14
-7
-30
-28
9
-29
8
6
15
13
-9
-2
0
-21
8
-17
25
9
-2
6
8
20
4
2
9
19
13
14
15
-3
2
13
13
-15
2
-9
-11
3
1
-22
7
16
10
4
-10
-14
-8
-24
5
3
-23
-16
5
-11
16
19
-27
-18
1
6
-10
15
0
13
0
2
-12
21
-13
-12
16
20
19
-8
-15
-17
-17
-4
-23
-20
-10
13
-26
-19
-28
7
8
10
-16
23
20
21
-10
-7
8
-14
11
-13
11
-4
5
13
1
5
-19
-21
-21
22
-2
-1
12
15
-8
18
4
-26
4
18
-13
-15
6
24
-24
-12
-13
-13
20
8
25
8
21
3
23
-14
6
14
-10
0
17
20
-25
14
-3
-14
-7
16
-16
-27
-19
-24
-27
13
15
-7
-14
-38
-66
-62
-21
10
-23
-41
-57
-48
-51
-29
13
3
-37
-52
-44
-31
1
44
20
-3
-30
-11
-1
36
57
23
-20
-6
-29
-4
36
53
2
22
13
25
-15
20
55
-19
18
33
15
10
46
49
-4
9
4
-16
15
17
-10
-12
17
-6
-29
-28
-4
14
-20
15
-21
-4
5
-16
10
-29
-5
-3
6
8
2
15
-10
-6
-7
24
-3
20
28
-28
-25
-17
3
-3
-13
-6
-2
-11
2
18
11
16
-13
-21
-3
26
-25
-17
-10
-10
0
-2
7
-20
-10
14
-25
-16
-12
-3
7
-23
21
14
5
2
9
-13
19
-22
-12
-18
-20
18
-14
19
17
-23
10
13
-22
18
-24
13
14
-14
11
-13
-17
2
18
10
-25
-39
-17
-12
-26
-13
6
-32
-21
-11
7
-22
-12
-6
-25
-28
11
-24
5
-8
10
-8
-31
1
-27
-18
6
25
-4
-28
-25
-7
6
-20
20
18
17
14
19
-9
30
12
4
3
0
11
5
7
3
-25
-13
-11
0
-4
-13
20
-29
7
17
17
-13
6
-5
-27
19
4
-29
14
13
-11
-21
5
-11
-29
-21
22
10
-10
5
-11
-11
-3
22
-21
15
-22
-3
-12
18
-15
-15
13
15
5
-3
15
20
-8
17
6
-1
-16
-25
-18
-11
4
15
10
0
19
-26
12
-27
6
20
19
14
1
-4
4
20
4
0
12
-24
18
-28
-10
-7
-21
21
-27
6
20
-10
-26
-1
9
-21
16
13
-10
-7
-27
-28
-20
-26
17
-22
16
-11
19
7
-4
-7
16
-7
-2
6
-5
-7
-23
19
-4
17
12
-20
9
11
-3
-8
-21
6
4
-5
16
-3
14
-12
12
-6
21
16
-14
-24
-9
15
-12
-18
-4
0
17
5
7
16
10
24
-15
-25
16
-12
26
-10
-16
-4
25
-22
-18
-25
10
-13
-5
17
16
-9
-1
23
-16
9
22
-6
-6
25
19
3
1
17
26
-16
-3
10
-10
1
1
-19
-8
11
-18
-20
1
6
-6
-4
6
-4
-35
-21
-44
-16
2
1
-24
-2
-27
-21
-39
2
-9
12
8
11
-30
-14
-7
-25
13
-33
1
-6
13
-1
-8
-17
-27
-10
4
-6
-4
25
4
-19
18
9
25
-12
18
26
-18
13
0
27
25
11
18
