-14
6
3
-4
1
2
1
4
1
1
-1
-12
0
0
2
7
1
2
1
-4
7
1
0
2
11
7
0
2
6
3
-1
1
7
0
0
3
7
1
0
1
1
35
-6
0
0
1
1
3
-1
1
3
6
-1
-2
0
-2
2
0
4
0
4
-3
0
0
-14
3
2
-2
1
-1
1
2
1
0
0
-12
0
0
1
4
0
1
0
-5
-4
0
0
1
8
-2
-1
1
3
2
-2
1
5
0
0
1
4
0
0
1
0
26
-6
-1
0
1
0
1
-1
0
2
3
-3
-2
0
-1
0
0
1
0
2
-3
0
0
25
19
1
35
-26
9
-1
1
0
6
35
15
2
0
16
-11
-6
-1
-11
7
-121
0
0
4
91
-34
14
-14
-35
-21
-14
-5
13
0
-1
9
-37
-2
1
-6
6
95
-6
14
1
0
-1
-16
29
-11
3
17
9
-8
1
-30
3
0
-25
-10
12
-2
0
-15
0
0
0
0
0
0
0
0
0
0
0
0
0
0
0
0
0
0
0
0
0
0
0
0
0
0
0
0
0
0
0
0
0
0
0
0
0
0
0
0
0
0
0
0
0
0
0
0
0
0
0
0
0
0
0
0
0
0
0
0
0
0
0
0
0
0
0
0
0
0
0
0
0
1
0
0
0
0
0
1
0
0
0
0
2
0
0
0
0
1
0
0
1
0
0
0
0
0
0
0
1
0
0
0
0
-1
0
0
0
0
0
0
-1
0
0
0
0
0
0
0
0
0
1
0
0
0
0
0
22
5
-2
11
-13
0
-1
0
-1
-5
10
17
0
0
3
-8
-3
-2
-6
7
-52
0
0
-2
19
-41
1
-6
-16
-7
-8
-3
3
0
-1
0
-20
-2
0
-3
-1
19
1
5
0
0
0
-15
17
-6
0
4
5
-4
-4
-32
-5
0
-14
-4
1
0
-2
-15
0
1
-1
10
12
-8
1
2
-1
1
8
3
0
0
5
5
9
-1
8
0
113
1
0
11
-4
82
5
8
3
9
6
-1
-5
0
1
1
42
5
0
5
-3
-3
-3
-1
-1
1
1
15
-5
6
5
-1
1
-1
-2
29
2
0
17
6
4
-1
-3
13
74
-24
-8
88
-8
12
1
0
-3
3
50
61
2
0
-15
-23
-6
-6
-9
20
-64
1
0
-19
5
-34
-7
-7
-19
-17
0
-5
-26
0
-1
-11
-39
-10
1
-4
-9
-49
17
8
1
-6
-4
-20
64
-12
-18
-26
3
2
-7
-8
-8
-1
-13
-1
-23
11
-6
-3
0
0
0
0
0
0
0
0
0
0
0
0
0
0
0
0
0
0
0
0
0
0
0
0
0
0
0
0
0
0
0
0
0
0
0
0
0
0
0
0
0
0
0
0
0
0
0
0
0
0
0
0
0
0
0
0
0
0
0
0
0
0
0
0
0
0
0
0
0
0
0
0
0
0
0
0
0
0
0
0
0
0
0
0
0
0
0
0
0
0
0
0
0
0
0
0
0
0
0
0
0
0
0
0
0
0
0
0
0
0
0
0
0
0
0
0
0
0
0
0
0
0
0
0
0
0
0
0
-10
-5
3
14
16
-14
0
1
-1
-5
5
-6
0
0
-4
8
7
1
4
-6
96
0
0
1
-29
54
-13
11
14
11
8
-2
0
0
2
1
29
1
0
5
-7
-66
-4
-12
-1
1
3
23
1
7
4
1
-13
-3
-2
34
4
0
32
6
1
-4
0
22
0
0
0
0
0
0
0
0
0
0
0
0
0
0
0
0
0
0
0
0
0
0
0
0
0
0
0
0
0
0
0
0
0
0
0
0
0
0
0
0
0
0
0
0
0
0
0
0
0
0
0
0
0
0
0
0
0
0
0
0
0
0
0
0
-6
3
1
-1
-1
1
0
1
0
0
0
-5
0
0
2
2
0
1
0
-2
-3
0
0
1
6
-2
0
0
2
1
-1
0
4
0
0
1
2
0
0
0
1
17
-4
1
0
0
0
-1
-2
0
1
3
0
-1
0
-4
0
0
0
0
2
-2
0
-1
-13
10
3
-3
-5
-1
0
3
0
-3
2
-11
0
0
3
2
-1
1
-2
-5
-22
0
0
2
17
-12
-1
-2
-3
-1
-6
0
10
0
0
4
-4
-1
0
-1
2
49
-10
2
0
1
0
-4
0
-2
3
9
-1
-5
0
-16
-1
0
-7
-2
6
-5
-2
-7
0
0
0
0
0
0
0
0
0
0
0
0
0
0
0
0
0
0
0
0
0
0
0
0
0
0
0
0
0
0
0
0
0
0
0
0
0
0
0
0
0
0
0
0
0
0
0
0
0
0
0
0
0
0
0
0
0
0
0
0
0
0
0
0
-9
0
18
-2
10
12
1
3
3
10
-1
-20
0
0
-9
25
-3
8
-6
-8
54
0
0
-11
7
-4
-10
6
41
4
1
5
16
0
1
7
-7
-7
0
5
-4
17
-10
0
1
-1
1
14
-8
5
-8
8
-15
1
12
44
19
0
20
6
4
-3
6
19
