0
-4
0
1
-4
0
-2
3
27
5
0
29
12
-5
-1
-2
-4
22
3
0
-2
-3
15
0
0
-2
0
-2
-9
-1
-6
22
0
-4
15
6
-4
0
-4
-3
23
0
-2
-2
1
-6
20
-2
-1
-8
-1
0
9
-1
-5
3
29
-3
-3
-3
38
-1
-1
-1
1
0
0
0
3
-23
4
2
11
-18
-3
-1
-7
3
1
5
16
-1
-1
-5
0
-51
-20
-6
0
-6
-3
10
7
-19
0
-4
0
-15
6
1
-1
0
-19
0
8
0
8
-6
15
-1
0
-1
-3
1
6
2
17
0
2
2
-10
2
0
-8
-1
-13
0
10
0
-7
0
5
-9
1
-1
4
-27
8
0
3
3
-4
-1
1
-4
-9
-6
0
0
-3
-20
-8
0
-2
-2
5
-15
4
-6
6
0
3
21
5
-7
0
-3
-4
11
2
-2
0
0
-10
-8
6
-1
-12
2
0
-1
-1
-7
6
-1
0
-2
-4
13
3
-1
-1
0
0
0
1
-2
-6
-2
39
1
-16
22
-4
-6
1
0
-4
-3
7
1
-4
-3
47
0
-1
0
-3
-1
-2
-15
-9
0
0
1
-13
1
0
0
0
-6
1
0
0
-1
27
-2
20
0
-4
-2
6
-2
1
-6
0
-1
1
-12
0
1
-3
-1
-35
0
-14
0
1
0
0
1
0
0
0
-3
0
0
-2
-1
2
0
1
1
-2
0
0
0
1
-2
1
0
1
0
0
2
0
1
-1
0
0
0
0
1
0
1
0
-1
0
0
1
0
1
-1
0
0
2
0
0
-1
1
1
0
-2
0
1
0
-2
0
0
1
2
0
0
0
7
1
0
0
7
1
0
1
0
2
1
0
0
5
4
0
3
-7
-4
-1
0
0
0
0
1
1
1
1
1
-1
4
3
0
0
-1
0
4
0
0
0
7
3
0
1
0
0
0
3
0
0
0
0
1
-1
0
0
0
4
0
1
0
-3
0
-1
-7
0
1
-1
15
-2
0
10
4
-6
0
-2
-3
9
-2
0
-1
-3
6
-6
0
-2
-1
-1
-8
-1
-3
7
0
-1
-4
0
-3
0
-4
-2
5
-1
-1
-2
-1
-4
8
-2
0
-5
0
0
4
-2
-3
-2
11
0
-4
0
11
0
-1
-1
0
0
0
-1
-4
9
5
-22
2
83
-6
15
4
0
0
12
13
-1
-2
-2
0
-8
-29
-13
0
-3
1
8
4
12
0
-1
-1
-10
0
-2
1
0
33
-1
1
0
7
0
4
-7
0
-2
0
-5
4
-1
18
0
1
2
5
-6
-1
15
-1
-21
0
33
0
14
0
-2
20
0
-2
-2
-24
-1
1
-28
-13
20
1
5
11
-17
6
0
4
13
-8
18
0
8
4
-1
33
-1
10
-22
0
-1
-14
-6
13
0
14
8
-21
0
3
9
2
19
-15
2
2
21
0
0
-9
7
10
-3
-28
-1
14
1
-36
-1
5
7
7
0
1
0
34
17
-2
-4
31
-8
6
2
-1
-1
1
-4
-8
26
22
3
14
-13
-40
-1
0
3
-1
-4
8
-6
7
6
4
0
19
20
1
0
-10
0
14
0
-4
6
29
23
-1
7
2
-1
-2
11
-9
0
-1
-1
17
-10
0
-2
0
71
0
5
0
-4
0
-4
-2
-1
-3
-3
30
-6
-1
12
3
-10
-1
-5
-5
20
7
0
-4
-6
21
0
0
-5
0
-6
-9
-4
-5
5
0
-8
-10
-2
-4
0
-7
-2
1
-3
-1
-6
-1
-6
18
-9
-1
-9
-3
0
5
-4
-4
-3
16
-5
-8
-3
6
-3
-3
-4
-2
0
0
0
-8
-1
4
15
6
-16
-9
-5
-18
-3
-1
5
20
-8
-6
-2
-14
31
-32
-9
0
-3
-1
13
-11
-46
-2
-3
-1
15
3
-6
-1
0
-36
0
3
0
7
-5
11
-13
-1
6
-1
1
6
-2
19
0
3
3
24
-7
2
-6
1
55
0
16
0
-4
0
-2
-12
0
1
0
44
-2
0
32
15
-11
-1
-2
-3
26
1
0
-2
-6
28
-12
0
-3
-2
-3
-9
-1
-4
25
0
-2
1
4
-3
0
-7
-2
20
0
-2
-4
1
-5
23
-4
-1
-5
-1
0
11
-3
-4
-1
35
-1
-6
2
39
-1
-2
-2
1
0
0
1
-1
-16
1
-10
3
-32
2
0
11
5
1
4
9
-4
-7
4
-2
-50
52
10
0
4
-2
4
49
28
-1
-6
-2
9
1
-5
-1
0
0
0
4
0
4
-2
6
-8
2
-1
-3
-2
5
0
13
0
1
0
-28
17
-1
5
1
-26
0
15
0
-1
0
0
-2
0
0
1
11
2
0
10
4
-2
0
-1
0
8
0
0
-1
-1
7
-3
0
-1
0
-2
-2
-1
1
8
0
-1
7
1
-1
0
-1
0
9
0
0
-2
0
-1
7
-3
0
0
-1
0
3
-1
-1
2
10
-1
-3
0
14
-1
-1
-1
0
0
0
2
-2
-1
-5
17
-2
-12
-17
-5
6
-1
1
-9
-13
-3
-3
1
-3
51
20
11
0
3
-2
-12
-32
20
0
-3
0
-6
0
-3
0
0
13
1
0
0
-12
-17
-2
-7
0
-7
-3
1
-5
1
-11
0
-3
-6
-20
2
-1
-9
0
-26
0
-38
0
0
0
0
0
0
0
0
0
0
0
0
0
0
0
0
0
0
0
0
0
0
0
0
0
0
0
0
0
0
0
0
0
0
0
0
0
0
0
0
0
0
0
0
0
0
0
0
0
0
0
0
0
0
0
0
0
0
0
0
0
0
0
0
0
0
0
0
0
0
0
0
0
0
0
0
0
0
0
0
0
0
0
0
0
0
0
0
0
0
0
0
0
0
0
0
0
0
0
0
0
0
0
0
0
0
0
0
0
0
0
0
0
0
0
0
0
0
0
0
0
0
0
0
0
0
0
0
0
2
0
0
2
1
2
-2
-24
-3
0
-18
-8
3
1
3
2
-15
-1
0
1
2
-11
1
0
2
0
4
5
2
4
-14
0
7
-6
-3
2
0
3
1
-13
-1
3
3
-2
3
-13
4
1
5
3
0
-6
1
4
-1
-20
4
2
2
-23
4
0
0
1
0
0
0
5
20
-1
12
3
20
16
3
1
2
1
-1
-2
14
6
0
10
52
5
-2
0
-1
1
-2
3
11
2
4
2
-3
2
5
1
0
17
0
1
0
-3
22
3
29
0
-1
2
0
-1
1
-4
0
-1
-1
2
-3
0
2
0
-17
0
5
0
10
0
-5
26
0
-1
-7
48
-12
0
-3
-4
-5
2
-2
-1
20
28
0
-2
-3
44
27
0
-2
10
-3
21
-2
4
-9
0
-3
-26
-7
6
0
-3
4
-18
-4
8
-3
-2
10
18
-4
0
7
-1
0
1
-3
12
-7
3
-2
-4
1
-21
-1
-2
-3
-3
0
0
-1
-11
2
0
-16
-7
7
-1
15
14
0
0
3
2
-10
-12
1
-1
-5
-13
6
0
3
-2
1
3
26
-3
-7
-3
-21
-4
-10
0
0
30
0
-5
0
1
-2
-7
-9
0
2
-1
3
2
-3
5
0
0
1
-5
-3
-1
17
-1
-5
0
16
0
12
0
-4
24
0
1
-5
13
-9
0
-24
-11
8
3
0
6
-3
16
0
-1
4
22
26
0
3
7
-1
24
-1
10
-22
0
1
-24
-8
10
0
6
6
-28
-1
6
0
0
15
-3
-3
1
15
-1
0
-6
0
14
-6
-19
2
3
6
-42
-1
1
0
-3
0
0
0
-11
-16
-2
5
-15
-25
2
0
0
-5
-1
-6
-6
-7
-7
5
-11
-5
-7
12
0
6
0
0
2
-4
-2
-1
-1
26
-8
-7
0
0
-8
1
-11
0
0
0
-20
-1
0
9
-1
0
-1
-4
-8
0
0
-1
-2
-1
0
-3
1
45
0
-1
0
1
0
-1
3
0
0
-1
17
-3
0
4
1
-3
0
-1
-2
9
6
0
-1
-2
14
6
0
-1
2
-1
0
-1
-1
2
0
-1
-6
-1
0
0
-2
0
-1
-1
1
-1
0
0
8
-1
0
-2
0
0
2
-1
1
-2
7
0
-2
0
1
0
-1
-1
-1
0
0
0
-4
-16
1
-6
-3
-11
0
-1
-2
1
0
1
2
-1
-4
2
-2
-41
-1
0
0
0
2
3
13
-10
-1
-1
-1
33
-2
-3
-1
0
-15
0
-1
0
4
-1
-3
0
0
3
-2
-1
2
-1
3
0
1
2
-6
4
0
2
1
12
0
9
0
-10
0
8
-17
0
-1
11
-1
18
0
34
16
-3
-2
-2
-2
11
-15
0
-1
-2
-12
-17
0
-1
-6
1
-21
2
-6
31
0
-1
45
12
-7
0
-2
-5
38
4
-5
-2
3
-11
10
2
0
-10
0
0
9
-1
-11
12
30
-2
-3
-4
56
0
-1
-1
2
0
0
2
4
-12
4
17
9
-3
-11
-3
-3
2
1
6
13
0
1
-6
3
-3
18
-5
0
-6
-2
6
1
1
0
-4
1
-5
5
1
-1
0
0
1
8
0
5
-13
16
-2
1
-7
-3
1
5
2
17
0
1
0
-26
6
0
-7
0
-43
0
3
0
2
0
-4
4
0
0
-6
-22
-9
0
-29
-14
1
1
1
1
-16
1
0
0
1
-9
2
0
1
1
-1
5
-1
3
-25
0
2
-24
-9
2
0
1
1
-28
-2
2
1
-2
3
-14
-2
0
4
0
0
-9
0
3
-6
-29
1
1
1
-44
1
0
0
0
0
0
0
0
22
0
13
-3
42
10
3
-6
-1
0
0
-1
9
1
-3
3
67
-40
-7
0
-4
1
-1
-7
-7
0
1
0
-12
-1
0
0
0
11
0
-3
0
-2
21
-5
21
-1
0
3
-2
-1
0
-1
0
-1
-1
25
-7
1
2
-1
17
0
3
0
0
0
0
0
0
0
0
0
0
0
0
0
0
0
0
0
0
0
0
0
0
0
0
0
0
0
0
0
0
0
0
0
0
0
0
0
0
0
0
0
0
0
0
0
0
0
0
0
0
0
0
0
0
0
0
0
0
0
0
0
0
0
0
0
0
0
0
0
0
0
0
0
0
0
0
0
0
0
0
0
0
0
0
0
0
0
0
0
0
0
0
0
0
0
0
0
0
0
0
0
0
0
0
0
0
0
0
0
0
0
0
0
0
0
0
0
0
0
0
0
0
0
0
0
0
0
0
