0
0
0
0
1
1
0
0
0
0
0
0
0
0
0
0
1
0
1
0
0
0
0
1
0
0
0
0
1
1
0
1
0
0
0
0
-1
0
0
-1
0
0
0
0
1
0
0
0
1
0
0
0
1
0
0
0
0
0
0
0
0
0
0
0
-1
0
3
0
-2
2
-1
0
1
1
0
-1
1
0
2
1
1
2
0
-1
1
0
-1
0
2
0
-1
1
1
-1
0
-1
2
-3
-1
-1
-2
0
0
0
-5
-1
1
1
0
0
2
0
-1
-2
0
1
3
0
-2
-1
-1
2
2
0
-1
0
1
1
0
0
0
0
0
0
0
0
0
0
0
0
0
0
0
0
0
0
0
0
0
0
0
0
0
0
0
0
0
0
0
0
0
0
0
0
-1
0
0
0
0
0
0
0
0
0
0
0
0
0
0
0
0
0
0
0
0
-1
0
0
0
0
-1
0
-1
0
2
-1
1
1
-1
-1
4
0
1
-1
2
1
1
1
1
1
2
-1
0
-2
-2
1
0
0
0
0
3
-1
2
-1
1
-2
-1
1
-2
-1
5
1
-2
0
1
3
0
1
1
-2
-1
-2
0
0
1
-2
-1
-1
0
1
1
0
-3
3
-1
3
0
0
0
0
0
0
0
0
0
0
0
0
0
0
0
0
0
0
0
0
0
0
0
0
0
0
0
0
0
0
0
0
0
0
0
0
0
0
0
0
0
0
0
0
0
0
0
0
0
0
0
0
0
0
0
0
0
0
0
0
0
0
0
0
0
0
0
0
0
0
0
0
0
0
0
0
0
0
0
0
0
0
0
0
0
0
0
0
0
0
0
0
0
0
0
0
0
0
0
0
0
0
0
0
0
0
0
0
0
0
0
0
0
0
0
0
0
0
0
0
0
0
0
0
0
0
0
0
0
1
-2
-4
13
9
-4
-2
5
1
-1
4
-3
-6
-1
4
7
-3
7
2
0
-4
1
6
-1
0
5
0
9
9
0
13
0
-1
0
0
-8
2
1
-6
0
-2
1
-2
12
5
1
3
13
-2
0
0
8
-5
2
2
8
-6
0
0
-1
3
-5
-4
-14
-3
41
-10
-4
20
-7
-10
9
11
7
-9
19
10
25
5
13
16
9
-6
13
-14
-20
18
21
0
-4
-3
19
1
7
-10
24
-24
-5
2
-11
-1
14
8
-37
-11
13
17
-1
5
20
-8
-9
-11
9
11
27
-1
-9
3
5
24
27
-1
-18
15
-3
13
0
2
3
-2
6
3
2
1
2
-2
-4
2
-1
1
-1
6
7
2
9
0
0
0
1
5
-1
-3
0
0
4
11
-1
10
-1
1
3
1
-1
-1
0
-1
-1
5
0
4
4
-1
-1
1
5
-1
0
3
2
0
-1
-1
-2
5
-2
0
0
1
6
0
-13
6
0
-6
-16
1
-7
-10
-10
-4
-20
14
-3
11
1
-1
13
12
-7
6
32
13
-12
-9
23
3
-7
-17
-4
9
-3
-3
10
-19
-7
-18
3
-4
-11
-8
6
-9
-10
-8
0
1
8
-3
2
6
24
2
12
2
-7
-7
-3
3
5
-4
-3
-12
-10
-5
0
0
1
0
-1
-1
0
0
0
0
1
0
0
0
0
-1
-1
1
-1
0
0
0
0
0
0
1
1
0
-1
-1
1
-1
0
0
0
0
0
0
0
0
0
1
0
0
-1
1
0
0
-1
-1
0
0
0
0
0
0
1
1
0
0
0
0
1
0
-1
0
-1
1
6
0
-1
-1
2
1
2
0
2
-4
0
0
-1
-2
2
-5
-2
2
-1
-1
-2
-4
1
-2
1
-2
2
2
-1
6
-3
0
-1
0
6
4
5
-2
-1
3
0
-2
-1
-2
-2
-5
-3
0
-2
-7
4
1
-5
-1
-2
-1
-5
6
0
2
0
0
0
0
0
0
0
0
0
0
0
0
0
0
0
0
0
0
0
0
0
0
0
0
0
0
0
0
0
0
0
0
0
0
0
0
0
0
0
0
0
0
0
0
0
0
0
0
0
0
0
0
0
0
0
0
0
0
0
0
0
0
0
0
0
0
0
0
0
0
0
0
0
0
0
0
0
0
0
0
0
0
0
0
0
0
0
0
0
0
0
0
0
0
0
0
0
0
0
0
0
0
0
0
0
0
0
0
0
0
0
0
0
0
0
0
0
0
0
0
0
0
0
0
0
0
0
0
0
0
0
0
0
0
0
0
0
0
0
0
0
0
0
0
0
0
0
0
0
0
0
0
0
0
0
0
0
0
0
0
0
0
0
0
0
0
0
0
0
0
0
0
0
0
0
0
0
0
0
0
0
0
0
0
1
0
0
0
0
0
0
0
0
0
1
-1
1
1
0
-1
1
1
1
0
1
0
1
0
0
0
1
0
0
-2
-1
0
0
1
0
0
1
-1
1
0
1
1
0
0
-1
0
2
1
0
-1
0
1
0
1
1
-1
-1
-1
1
0
0
-1
0
1
1
0
1
0
-2
2
0
1
0
0
0
0
0
0
0
0
0
0
0
0
0
0
0
0
0
0
0
0
0
0
0
0
0
0
0
0
0
0
0
0
0
0
0
0
0
0
0
0
0
0
0
0
0
0
0
0
0
0
0
0
0
0
0
0
0
0
0
0
0
0
0
0
0
0
0
0
0
0
0
0
0
0
0
0
0
0
0
0
0
0
0
0
0
0
0
0
0
0
0
0
0
0
0
0
0
0
0
0
0
0
0
0
0
0
0
0
0
0
0
0
0
0
0
0
0
0
0
0
0
0
0
0
0
0
0
0
1
5
-14
6
12
7
29
-8
3
8
8
6
5
-20
1
16
15
-22
20
2
1
15
4
10
3
0
13
0
12
26
2
20
1
-4
-3
-4
20
8
1
17
6
-21
1
20
17
8
5
3
11
1
1
0
9
23
2
18
7
-1
10
2
1
3
-2
-15
12
-6
10
-15
-4
10
19
18
0
20
-2
49
11
24
1
7
5
-14
-7
25
31
-19
24
-25
7
10
-15
0
12
42
-18
9
5
50
21
-54
6
16
-13
-1
58
-22
-7
-4
-4
-20
-3
9
-8
12
52
-14
-2
7
6
23
38
-8
12
11
7
-19
5
8
0
0
0
0
0
0
0
0
0
0
0
0
0
0
0
0
0
0
0
0
0
0
0
0
0
0
0
0
0
0
0
0
0
0
0
0
0
0
0
0
0
0
0
0
0
0
0
0
0
0
0
0
0
0
0
0
0
0
0
0
0
0
0
0
0
0
0
0
0
0
0
0
0
0
0
0
0
0
0
0
0
0
0
0
0
0
0
0
0
0
0
0
0
0
0
0
0
0
0
0
0
0
0
0
0
0
0
0
0
0
0
0
0
0
0
0
0
0
0
0
0
0
0
0
0
0
0
0
0
0
0
0
0
0
0
0
0
0
0
0
0
0
0
0
0
0
0
0
0
0
0
0
0
0
0
0
0
0
0
0
0
0
0
0
0
0
0
0
0
0
0
0
0
0
0
0
0
0
0
0
0
0
0
0
0
0
0
0
0
0
0
0
0
0
0
0
0
0
0
0
0
0
0
0
0
0
0
0
0
0
0
0
0
0
0
0
0
0
0
0
0
0
0
0
0
0
0
0
0
0
0
0
0
0
0
0
0
0
0
0
0
0
0
0
0
0
0
0
0
0
0
0
0
0
0
0
0
4
3
-3
21
14
-1
2
9
2
2
5
-2
0
0
12
14
3
13
2
1
-3
2
9
0
1
5
1
17
19
1
17
0
2
5
2
-8
2
1
-5
1
7
1
2
10
4
2
2
22
4
1
5
8
-4
2
3
6
1
3
0
7
6
4
0
-21
5
15
-11
-15
7
-6
-13
-17
3
-24
8
-2
11
12
0
25
53
-1
44
51
9
-19
-39
33
31
4
-20
-6
-24
4
-5
11
-25
-5
-8
9
-4
-11
-3
-24
-12
-27
-11
1
39
22
8
3
3
13
17
18
32
-4
0
-19
3
1
-9
3
-8
1
-5
-1
-1
5
1
3
2
-9
6
1
0
3
0
1
8
2
-4
-2
10
-9
0
-1
-3
-2
-3
-1
1
-7
1
4
-9
-2
-7
0
4
4
3
1
-1
-2
-2
0
8
-1
-5
2
-6
-2
0
4
5
0
3
0
-5
-3
0
-7
4
1
0
5
1
2
8
7
-7
-2
4
7
-7
0
-6
-6
-1
24
-16
-3
5
-5
-2
-7
5
-9
14
-16
6
4
-47
-15
31
-8
37
-9
-33
-14
12
-9
24
5
-12
16
0
-21
-8
6
5
-3
-20
-1
12
-2
5
20
27
-12
0
-7
7
-12
1
-21
-2
-4
-4
-6
-13
20
5
3
1
-8
1
9
6
7
-6
3
11
9
5
0
-13
1
1
-2
-12
1
2
1
3
1
1
1
1
20
0
6
-1
2
0
2
-4
-5
-3
3
11
4
3
7
-13
3
4
8
17
8
3
9
0
0
-4
7
4
8
27
22
-5
11
3
0
2
-6
-10
19
-14
19
-21
13
26
-2
-14
9
23
34
-9
33
18
7
1
-6
-4
19
5
-21
-47
-12
28
-7
39
11
28
23
-15
8
0
20
29
16
21
-21
7
18
29
-7
-27
23
24
-1
5
15
-14
-32
-17
5
0
4
-21
17
22
16
11
12
14
-27
22
19
18
0
0
0
0
0
0
0
0
0
0
0
0
0
0
0
0
0
0
0
0
0
0
0
0
0
0
0
0
0
0
0
0
0
0
0
0
0
0
0
0
0
0
0
0
0
0
0
0
0
0
0
0
0
0
0
0
0
0
0
0
0
0
0
0
0
0
1
0
0
0
0
0
1
0
1
0
1
0
0
0
0
0
1
0
0
-1
0
0
0
0
0
0
1
0
0
0
0
0
0
0
-1
0
1
0
-1
0
0
1
0
0
0
0
0
-1
0
0
0
0
0
0
0
1
0
0
-1
0
0
1
1
-2
9
6
-8
-5
-2
10
-4
1
2
-2
7
12
-1
-5
-4
14
-4
-1
0
0
0
-2
5
9
-1
-1
-7
-4
7
-4
2
4
12
5
4
-1
0
2
0
16
-1
0
-3
-2
1
-1
-9
-7
0
10
-3
0
-1
-4
-1
8
1
0
-8
-2
9
12
14
-9
-8
4
19
-4
11
3
-4
14
-11
-7
-5
-22
-10
-5
-9
-10
-14
-18
-21
3
-2
21
-20
-44
7
-18
-5
-3
-16
33
-4
10
31
-2
43
18
-3
3
41
-3
3
-8
-3
-34
-9
-3
11
28
-16
-8
-4
-22
37
57
6
-8
9
4
-3
14
-19
-19
-2
-1
32
-8
-11
-5
-8
20
-1
-24
-32
-4
-8
37
-7
-4
-6
45
-1
-1
0
-4
0
-3
-6
-22
-13
-1
-10
-1
-12
-7
-7
16
20
14
-4
-17
-3
-6
-15
49
-1
1
-14
-9
-10
-2
-11
-21
0
17
-4
-7
-5
-40
-18
28
-28
-4
-19
-2
30
29
-6
12
1
25
-31
-12
3
9
4
-10
-21
0
-5
-46
0
3
4
-7
0
-16
6
60
12
-62
3
-49
-24
-47
0
0
-7
-1
-8
-20
5
-59
17
-1
-8
-6
-7
-2
-33
-2
0
-28
-5
2
31
41
-6
-10
-6
4
-19
-30
-12
-6
-1
-7
5
-19
-14
-4
2
-1
5
5
-5
-3
2
3
-2
7
9
-1
5
5
1
-3
-5
7
-3
0
0
2
0
-3
3
7
9
-1
-5
-5
4
-7
2
2
5
2
4
4
2
2
4
9
1
3
-5
7
4
-1
-5
0
0
3
-2
2
4
10
10
7
7
1
0
-1
8
4
-2
1
-10
12
30
4
-7
-4
0
14
14
7
10
-22
-6
-5
-6
-8
11
-17
-15
20
-2
-3
-11
-15
13
-8
0
-17
13
10
-5
47
-23
13
-13
5
29
30
39
-14
-2
8
0
-2
-7
-12
-16
-29
-17
-2
-14
-45
34
18
-30
-7
-9
-5
-29
36
0
-1
0
0
0
0
0
0
0
0
0
0
0
0
0
0
0
0
0
0
0
0
0
0
0
0
0
0
0
0
0
0
0
0
0
0
0
0
0
0
0
0
0
0
0
0
0
0
0
0
0
0
0
0
0
0
0
0
0
0
0
0
0
0
0
0
0
0
0
0
0
0
0
0
0
0
0
0
0
0
0
0
0
0
0
0
0
0
0
0
0
0
0
0
0
0
0
0
0
0
0
0
0
0
0
0
0
0
0
0
0
0
0
0
0
0
0
0
0
0
0
0
0
0
0
0
0
0
0
0
0
0
-2
0
2
1
2
-2
0
3
3
1
0
-1
1
0
0
-2
-1
0
0
1
0
0
0
-2
2
0
2
-1
-1
-1
0
-1
-2
-1
2
2
0
1
2
-3
0
1
3
0
1
0
2
4
0
-2
1
2
0
8
-1
-1
4
1
3
0
-1
-2
5
-2
-3
4
-11
3
3
0
-3
4
0
0
-3
5
-4
0
-3
0
-3
4
-6
-2
3
-9
-4
21
-4
22
-4
-9
-5
-1
2
9
-1
-8
-6
1
-8
0
0
-3
1
-9
-1
-1
1
0
-4
1
2
0
-2
-2
-3
6
0
-3
-1
1
-3
-5
15
-3
0
-1
-1
-1
1
1
-3
0
2
1
3
1
-1
-3
1
-1
-2
0
-1
0
0
-2
0
-1
0
6
3
0
1
-2
2
-1
1
1
0
1
-2
0
1
-3
0
1
2
-3
0
4
1
0
2
-1
0
-1
1
-3
2
0
8
0
1
0
-1
1
-2
0
-9
-2
9
-4
35
5
-13
-11
22
-3
36
-6
16
-1
7
2
-1
1
16
-12
-8
-9
-10
3
-3
2
-1
19
17
-15
10
-3
8
20
-17
3
-19
-6
24
7
-4
-6
3
19
1
9
9
-8
-8
-27
-9
3
3
-21
4
-3
-15
10
1
-4
-27
16
1
32
0
0
-1
-2
4
3
-3
-2
2
-1
-2
2
-2
-2
0
1
1
-1
1
1
0
-2
0
1
-1
1
1
0
3
1
0
2
0
0
-2
0
-4
-1
0
-3
-1
-2
1
-3
3
2
-1
1
4
-1
0
-2
2
-3
1
-2
3
-3
-2
0
-1
1
-4
-2
-6
-3
22
-4
7
6
-8
-10
28
0
8
-5
15
0
13
6
5
9
15
-9
1
-19
-15
6
4
-2
1
-3
21
-7
14
-7
12
-14
-9
6
-16
-4
30
7
-16
-1
2
21
0
6
13
-10
-6
-20
-2
5
10
-14
-5
-8
-5
12
9
-1
-22
19
-4
23
0
0
0
0
0
0
0
0
0
0
0
0
0
0
0
0
0
0
0
0
0
0
0
0
0
1
1
0
0
0
0
0
0
0
0
0
0
0
0
0
0
0
0
0
0
0
0
0
0
0
0
0
0
0
0
1
1
0
0
0
0
0
0
0
2
-1
0
-1
0
0
0
1
1
1
-1
0
1
1
0
0
-1
-1
0
-1
-1
-2
1
3
-1
-2
0
-3
0
2
1
2
0
-1
3
0
2
1
1
0
2
0
1
1
0
-2
-1
0
0
2
0
0
0
0
2
1
2
0
1
1
1
1
-1
-1
0
0
0
0
1
1
0
0
0
0
0
0
0
0
0
0
0
0
0
0
0
0
0
0
0
0
0
0
1
0
0
1
0
0
0
0
0
0
0
0
0
0
0
0
1
0
0
0
1
0
0
0
1
0
0
0
0
0
0
0
0
0
0
0
0
-1
3
-1
0
1
0
-1
1
1
1
0
2
0
2
0
0
1
1
0
0
-3
-1
0
0
0
0
0
1
-1
0
0
1
0
0
0
-1
0
1
1
-1
-1
1
1
0
1
2
0
-1
-1
0
1
1
-1
0
0
0
1
1
0
-1
1
0
1
0
0
-1
1
2
1
0
-1
1
1
1
1
1
-2
0
0
-1
-1
0
0
0
0
0
0
1
2
3
0
1
-1
1
0
0
-1
-1
0
0
1
1
0
1
-2
1
0
1
3
1
0
2
-1
0
-1
1
0
1
3
4
-1
2
0
0
0
-1
-1
2
-3
5
-4
7
5
-2
-5
7
3
4
1
8
0
3
2
-1
-1
6
0
-5
-14
-6
-1
-3
3
3
-2
6
-6
6
1
5
10
0
-1
-6
0
10
6
3
-6
1
8
0
2
4
-5
-8
-7
1
1
0
-10
6
4
2
2
3
2
-11
9
-1
5
0
0
0
0
0
0
0
0
0
0
0
0
0
0
0
0
0
0
0
0
0
0
0
0
0
0
0
0
0
0
0
0
0
0
0
0
0
0
0
0
0
0
0
0
0
0
0
0
0
0
0
0
0
0
0
0
0
0
0
0
0
0
0
0
0
0
0
0
0
0
0
0
1
0
0
0
0
0
0
0
0
0
0
0
0
-1
0
0
0
0
0
0
0
0
0
0
0
0
0
0
0
0
1
0
0
0
0
0
0
0
0
0
0
0
0
0
0
0
0
0
0
0
0
0
0
1
0
1
-2
2
22
-5
-11
-7
-2
11
-1
-16
-25
-6
-6
27
-3
2
1
30
4
-2
0
0
0
-1
-5
-22
-17
1
-7
6
-11
-2
-7
15
11
8
3
-14
-3
-1
-10
33
-1
4
-13
-12
-10
-3
-11
-3
0
10
-9
-2
-5
-22
-19
24
-21
-2
-2
-1
23
18
9
12
-11
31
-31
-34
17
26
20
-21
-20
-7
-10
4
-12
14
-3
-16
6
-1
1
46
28
15
-2
-1
-9
-18
-5
21
-17
-6
-11
-33
12
-20
-5
0
-1
-3
-18
1
-24
-5
1
-17
-21
16
26
21
-8
-9
-19
22
-9
-18
25
-28
-30
-2
25
-18
8
2
0
0
1
-2
-4
-4
4
-1
-3
6
7
0
-2
2
2
0
2
1
3
0
0
2
0
2
-1
-2
1
0
-3
3
-1
4
1
1
-1
-1
2
3
0
2
4
0
0
4
4
-1
1
0
-5
6
0
-1
-2
3
0
15
-1
4
6
1
4
-2
3
0
-6
4
-14
7
-11
-9
3
3
-9
-11
1
-11
-11
27
-8
-3
-1
-10
-12
-34
-2
21
9
72
9
-6
-11
67
-4
19
-15
-10
11
-2
-9
21
-15
1
-13
-12
-20
-1
39
-5
0
-22
-2
-2
3
-7
-8
-5
11
-17
-14
5
12
7
4
0
11
-19
18
-10
0
0
0
0
0
0
0
0
0
0
0
0
0
0
0
0
0
0
0
0
0
0
0
0
0
0
0
0
0
0
0
0
0
0
0
0
0
0
0
0
0
0
0
0
0
0
0
0
0
0
0
0
0
0
0
0
0
0
0
0
0
0
0
0
0
0
0
0
0
0
0
0
0
0
0
0
0
0
0
0
0
0
0
0
0
0
0
0
0
0
0
0
0
0
0
0
0
0
0
0
0
0
0
0
0
0
0
0
0
0
0
0
0
0
0
0
0
0
0
0
0
0
0
0
0
0
0
0
0
1
5
-4
-2
-1
3
2
-2
-4
-8
1
-3
2
-3
6
9
5
13
0
1
0
2
8
0
0
3
-2
-2
16
0
17
-1
2
4
2
-4
-3
1
-2
-4
8
2
4
5
5
0
1
-3
-10
0
4
1
0
3
-8
8
6
-6
-1
-9
-1
8
1
-17
9
6
-7
-14
6
-7
2
4
2
-26
4
8
35
9
5
14
-1
0
-26
23
17
-4
41
30
-40
-16
-65
9
43
10
-3
14
-36
6
-33
3
-2
12
-5
-5
0
6
15
0
-23
6
-3
5
9
13
-2
28
9
-11
-15
24
13
28
0
5
9
-43
1
0
0
0
-2
3
1
0
-1
0
2
3
1
-2
1
1
1
2
0
2
0
0
0
0
2
-1
-3
1
0
2
2
-1
3
0
-1
-1
0
-2
2
0
-1
2
0
-1
0
5
-1
0
1
3
3
0
-1
1
-1
-1
7
-3
-1
3
1
3
0
-1
-1
-2
0
-3
7
-14
4
1
-1
-6
1
-5
-6
-5
6
-1
-1
2
5
-5
-3
1
4
2
2
5
10
-5
27
-3
-5
-6
-7
9
1
-8
-6
-12
1
-10
-3
-19
-2
9
-6
0
-5
5
-2
-4
-10
2
1
8
-7
-10
6
-1
2
7
0
-2
-11
14
-9
