0.046480276
0.021152098
0.27459964
0.2864292
0.008891757
0.0362306
0.013146575
-0.14197844
0.12734401
-0.2586645
-0.07589952
0.11779133
0.097923726
0.07616551
-0.12074547
0.07822361
-0.01878611
-0.24730158
-0.22002949
-0.25241855
-0.29206613
-0.22996835
0.029669551
0.18855648
0.16600879
0.11630167
-0.26255426
0.30214664
-0.091895744
-0.26979777
0.0044644107
0.12488677
0.25333488
0.18312538
0.26540262
-0.123863086
0.09464487
-0.2916307
-0.0967933
0.14071484
0.15852924
0.23580366
0.06806454
-0.2685854
0.3009822
-0.1845137
-0.075210415
-0.10625593
0.26380867
0.18115497
-0.21459958
0.05729988
0.17381327
-0.09560249
0.21148802
-0.16421564
0.007907549
0.06568032
-0.2890713
-0.305088
0.17281206
0.15433234
0.01589797
-0.16358171
0.16217157
-0.19464223
0.24678892
-0.1744657
-0.04079425
0.18184975
0.08696523
-0.19003011
-0.22064818
0.20112191
-0.082702085
0.12662011
0.24104783
-0.16993214
0.13746364
0.20031011
0.13384071
0.15114474
0.27300048
-0.0971913
-0.034519237
0.041557882
-0.26922297
-0.21857874
-0.12345771
-0.0066151093
-0.2684553
-0.09640289
0.3049172
0.07717431
-0.0073533417
0.00030564552
0.18786523
-0.22374727
0.0053954325
0.2490129
-0.18889295
-0.13811761
-0.060958423
-0.046864875
-0.0582777
-0.12903582
-0.00083914865
-0.09996858
-0.27996254
0.121147685
-0.21705171
0.2990403
-0.22073725
0.010962524
0.14512496
0.2519977
-0.27950013
-0.17858809
0.05099047
-0.121422954
0.2821768
-0.27203143
-0.011686949
-0.078162044
-0.10204831
0.05425161
0.26088402
0.11354619
0.09737172
0.060312483
0.10283153
-0.08169023
0.07525219
0.21443406
0.25807804
-0.2033504
0.15155809
0.039768256
0.1971393
-0.15267481
-0.22526686
0.041638337
-0.23762786
0.06279181
0.0049837977
-0.19803956
-0.29970112
-0.19291815
0.29762933
0.2874848
0.052102502
0.01874821
-0.022808274
0.11101532
0.29800162
-0.111611724
-0.0012334161
0.10701186
-0.24505307
-0.1768468
0.22755803
0.24416189
0.22120386
0.25585648
0.03718489
0.15866333
-0.011168954
-0.14682345
0.23985472
0.30284357
0.27206424
0.09098678
0.122590065
-0.008065387
-0.008140635
-0.2985135
0.15457867
-0.1325661
0.08408475
0.10320613
0.047708914
-0.25489306
-0.140955
-0.2638101
-0.0042058346
0.23821534
-0.19261721
0.060737696
0.28361368
-0.18254595
0.14291191
-0.2735455
-0.1579919
-0.25387198
-0.024752717
-0.068189144
-0.23331952
-0.11818824
-0.19811487
-0.2656529
0.040708993
-0.07202858
0.02210763
0.0058459276
-0.03348351
-0.28252637
-0.19491662
0.2063731
0.20190105
-0.26689765
0.11299099
-0.16658291
0.15944432
-0.29120097
0.11564845
0.27075177
0.28844997
0.20625259
0.2041205
0.00800538
0.25804538
-0.30119842
-0.1749886
-0.13748561
0.1949457
-0.124147564
0.06258656
0.088145845
0.1366865
0.094098955
0.057633124
-0.20919995
0.13227387
-0.06450638
-0.0062216064
-0.19305721
-0.17135029
0.09525633
0.09703015
-0.020105325
0.20357057
-0.26478192
-0.24973713
0.1128316
-0.12906168
0.16857387
0.08151726
0.021052063
-0.2089907
-0.30265313
-0.08464589
0.0062233135
-0.28705925
-0.11801208
-0.0061660837
-0.2695392
0.1900758
0.23726633
-0.19418664
0.18411042
-0.20497836
0.14501578
0.029116806
-0.157197
0.28097522
0.075572394
-0.086748905
-0.039480194
0.11966405
-0.19111168
-0.29315707
-0.1913145
0.16590223
0.06673858
0.049613867
0.068694055
0.29768154
-0.21731633
-0.10873748
0.056898165
-0.28582445
0.25882313
-0.22212015
-0.26944727
-0.10980292
-0.08062982
-0.023557672
-0.03652765
0.031636193
-0.12129642
0.2561058
0.21550007
0.14275002
-0.24200726
0.13746591
-0.2221248
-0.15440558
0.076609045
0.23342544
-0.24137509
-0.16561078
-0.14656895
-0.27448818
-0.21014987
0.20701234
0.14027919
0.17710735
-0.22553608
0.22236823
0.1992692
-0.21451569
0.21859887
0.12174959
-0.26017523
-0.2112103
0.0034309116
0.10799047
0.035584092
0.11191026
0.09989082
-0.1009791
-0.09118503
-0.27816603
0.27514443
0.09916865
-0.21179165
0.07532628
-0.1762132
0.24868286
0.25091085
-0.10355596
0.1282731
-0.25737837
-0.10986104
-0.18335477
0.21893102
-0.07826136
-0.061756697
0.09544197
0.26692495
0.089068815
0.19012474
0.10921324
-0.05303143
0.2094789
0.12003205
-0.21529971
-0.27996683
-0.27800676
-0.13378759
-0.2825804
-0.2608277
0.067620195
0.1471854
-0.2696896
0.2531639
-0.18071225
0.25130564
0.17657849
-0.16315275
0.02479143
0.116312146
-0.034541454
-0.25112972
0.08260147
0.149099
-0.036573853
0.2721186
-0.11657775
-0.04788377
-0.13110673
-0.2640947
0.2727889
0.09547406
-0.07157231
-0.08147499
-0.024439747
0.22695564
0.087442614
-0.096838854
-0.03718523
0.00034082393
0.2914838
0.19153166
-0.21300618
-0.115580104
-0.16272202
0.15259844
-0.24218744
0.043951716
-0.24086209
-0.20369561
0.26698557
-0.22755055
0.19934958
-0.28836566
-0.020300508
0.25419927
0.22668889
0.17224169
-0.15287618
0.0021054754
-0.18092571
-0.011335505
0.16504228
0.249324
0.11399673
0.1636269
0.15858194
0.1820332
0.048759803
-0.20815493
0.2494393
0.28255808
0.20149362
0.2800455
0.14234741
0.16112088
-0.13285437
0.00088505336
-0.22347665
0.12771766
-0.21443929
-0.10502286
-0.09811533
-0.012248275
0.1369376
0.067035034
0.049955826
-0.1414494
-0.03020555
-0.0025326011
0.20360997
0.053888362
0.013065225
0.091123566
-0.27206624
0.19179727
0.30372542
-0.3026139
0.07624809
0.18965915
0.24270059
0.27354696
0.055601418
-0.22273661
-0.10973475
0.17120272
0.18165335
0.03898815
-0.10974435
-0.20718601
0.13836344
-0.13106498
0.08915618
-0.1587849
-0.10466667
-0.19248308
-0.1349783
-0.20312992
-0.2569129
-0.14087434
0.2801886
0.06647151
0.29311973
0.06794143
0.22706151
-0.07186645
-0.19347669
0.28740874
-0.21135141
-0.053047586
-0.11804585
0.1797351
0.16108496
-0.15054774
-0.25289673
0.28288403
0.11762285
0.06944998
-0.09910287
-0.23643795
0.19700387
0.20207633
0.24779338
-0.1171521
-0.036393885
-0.08701649
-0.109560184
-0.22541256
-0.0120198745
-0.18044564
-0.27874082
-0.019784471
-0.21783163
-0.2958534
0.23830587
-0.028888157
0.16476369
-0.13441959
-0.07623845
-0.13561606
-0.14756319
0.20898706
-0.053128697
0.13879843
0.2402023
-0.21578123
0.18857834
0.2741631
0.27428964
0.090874836
-0.19375473
-0.008212086
-0.026728036
0.22951223
0.2040689
-0.2046386
0.040585574
-0.11979718
-0.20999071
0.23848492
-0.13829647
-0.24767959
-0.26074517
-0.22780523
-0.21694355
-0.10744382
-0.10424506
-0.23190539
0.22259246
-0.29500663
-0.22896892
-0.04072275
0.1432773
-0.17994358
0.09374153
0.14817856
-0.17700475
0.19973938
0.19200027
-0.07337544
0.2602607
0.21526836
0.22472613
0.0051503754
-0.22462957
0.10117224
0.17946938
-0.27524686
-0.23409666
0.1100384
0.301292
0.0705424
0.1542108
-0.27367872
0.16601172
0.13687846
-0.15854539
0.1222045
-0.023185901
0.15110165
0.2518512
-0.23657207
-0.109972745
0.0020190713
0.1025743
-0.17463365
-0.24706067
0.03575062
0.22526787
-0.11343625
0.19683956
-0.2666196
0.119809106
0.2805043
-0.2886355
-0.011382653
0.06983884
0.2467233
0.102495804
-0.1055118
0.14717042
-0.2712783
0.2480386
-0.109351575
0.2056249
-0.269673
-0.16783372
-0.20930712
0.022224274
0.23466209
-0.24223028
-0.14184204
-0.29278278
0.27448627
-0.1870724
0.24640246
-0.08689953
0.26532945
-0.27781987
0.059049226
0.15109244
0.28312096
0.1354292
0.112536415
0.28808454
0.23074871
0.23814225
0.00092088373
0.16096915
0.019648764
-0.27053002
-0.12896664
-0.12920514
0.24408321
0.25649324
0.094873525
-0.0917354
0.16625658
-0.2778428
-0.27465004
0.30143017
-0.059162453
0.25497538
-0.2900249
-0.22728617
0.033847954
-0.23858961
-0.24849546
0.13801697
-0.29806292
-0.18551241
-0.21182881
0.10961862
0.2961094
0.023518397
0.2953599
0.1136554
-0.28890142
-0.16210325
-0.020605268
-0.09651561
-0.21289004
0.10857334
0.18635675
-0.14153859
-0.21497922
0.1307159
0.26730266
-0.04324767
0.06699375
-0.07052613
0.26706538
-0.079102084
0.10386673
0.28242
-0.14808829
-0.030962378
-0.2931896
0.120301574
-0.104980074
-0.16326505
-0.15338814
0.046604894
0.22169003
0.2372041
0.018758874
0.23432252
0.22783695
0.076330535
0.04678493
0.029926624
-0.17883542
-0.30385068
0.15988144
-0.2896722
-0.27497464
-0.26018122
-0.28657353
-0.10342115
0.031062102
-0.15340339
0.16646262
0.09965496
-0.26135918
-0.10361174
0.1856065
-0.03950783
0.18911414
0.14520483
-0.072732
-0.29340908
-0.009031767
0.28755835
0.012441329
0.14983766
0.027299412
-0.13519324
0.047668006
0.1434419
-0.025252124
0.28447565
0.18786477
0.04279496
-0.27797866
-0.20647492
0.000989877
0.08607744
0.23258321
0.031122822
0.24437413
-0.15076265
0.27348945
0.08244523
0.06450163
0.10898269
-0.12942971
-0.08435442
0.029754506
-0.27207342
-0.14705439
0.25580668
-0.13938896
-0.10491932
-0.30196536
0.03502
-0.17546389
-0.077682115
-0.121561036
0.102470376
0.20308535
0.061455544
-0.13296597
0.045443196
0.15200926
-0.2167442
0.19279774
-0.09083584
0.15409872
0.17469104
-0.008094752
-0.30089065
-0.009698715
0.19610043
-1.648047e-05
-0.0008799344
-0.29241762
0.056215942
-0.15622401
0.094216116
-0.053777777
0.0013216198
-0.05921635
-0.019827852
0.12141458
0.023783166
0.070847526
0.16564083
0.071830615
0.09302034
-0.12898387
0.21751902
-0.21000852
-0.097874194
0.1270392
0.10236189
0.048433796
0.17944844
0.014024798
-0.09066267
0.0279962
-0.19161303
0.098853305
-0.15933682
0.26575172
-0.044139713
-0.25016358
-0.20422646
-0.15747948
-0.27180058
0.07863163
-0.2791421
-0.15816884
-0.19358528
-0.078116916
0.060950108
-0.17007782
-0.14046498
-0.15256342
-0.19792524
0.011889742
0.2335291
0.18835057
0.04050804
0.0019306327
-0.22175518
0.08428628
-0.01863671
0.23305441
0.09797544
-0.26607138
-0.27603278
0.2079452
-0.19168665
-0.15925509
-0.20843707
-0.26839143
0.036304113
0.1629496
0.30016848
-0.16489804
0.055106074
-0.054116216
0.0706133
0.22534628
0.17229466
-0.058865204
-0.27189258
0.044349395
-0.23581831
-0.101901084
-0.17245476
0.11481487
0.2880276
-0.20516367
0.12708113
-0.06910806
0.10817658
-0.26168686
-0.05193737
0.21236746
0.16094
0.29611486
-0.031461712
-0.06563761
-0.012475122
0.011456097
-0.0077350265
-0.20330128
0.24488722
0.11415713
0.11481343
-0.044495653
-0.26748523
0.2821073
-0.05212199
0.035451137
-0.059024505
0.15808472
0.25256735
-0.26637414
-0.19613028
0.18793136
0.0036271394
0.23192884
0.24597965
0.29383194
0.14032178
0.024839198
-0.012587757
0.21906838
0.22448874
-0.10805782
-0.033957615
-0.28081745
0.10727646
0.28465614
-0.025310023
0.07404489
-0.23571013
0.117662326
-0.22352265
0.17518964
0.10983536
0.07538326
-0.005470597
0.15635352
0.04817858
0.026584674
0.14484371
0.017796282
-0.29093003
-0.25423872
0.28545323
0.024340669
-0.2103419
0.21020932
0.15864274
-0.2543992
-0.28026018
0.02844227
0.118744
-0.22427927
-0.14830332
-0.07618988
0.00056303764
-0.21295017
-0.12314792
0.15612203
0.03278693
0.029152464
-0.057881393
-0.06423911
0.2695447
0.25563464
0.23028196
0.2714981
-0.13496307
-0.14318703
0.016092291
0.05326327
0.023082761
-0.04990687
-0.081925355
-0.25803438
-0.026120257
0.08404517
0.20457709
-0.24011523
-0.2017395
0.258576
-0.14281112
0.20555961
0.2148598
-0.13082345
-0.23582724
-0.2833207
-0.069088645
-0.30192092
0.19082469
-0.21331415
0.13126966
0.1628876
-0.14715762
-0.25367892
-0.079181276
0.081794396
0.07383523
-0.06578528
-0.13592999
-0.18835115
-0.05948933
-0.20139046
-0.031252526
0.18304485
-0.07213724
0.1724902
-0.16183987
-0.28039703
0.21901226
0.15271336
-0.03929479
0.060615756
-0.3005349
0.12389106
0.15925492
0.21728048
0.13830371
-0.27190444
0.25936815
-0.13589309
0.10589518
0.26740402
0.28893536
0.15932946
-0.22067213
-0.041487716
-0.06265952
-0.23092967
0.046399597
0.06643235
0.24684133
-0.072025016
-0.24236923
-0.14428896
0.19802815
0.19107631
-0.050477102
-0.26884264
0.24889821
0.14614685
-0.1487247
0.06753539
-0.13642588
0.27548233
-0.10827909
0.02279955
-0.033184998
0.18730702
0.13814351
-0.12270489
-0.08658714
0.24990982
-0.19256498
-0.072649315
0.27698725
0.21237385
0.12009246
-0.008330083
-0.0048795575
0.24740687
0.2866222
0.053733625
-0.18738748
0.17694843
0.279605
-0.10120473
-0.049710855
0.15747693
-0.13086711
-0.24657077
-0.21919878
-0.25804877
-0.199718
-0.29433665
-0.11051647
0.059762828
0.06611591
-0.13951367
0.20592393
0.0801712
-0.10670651
-0.18783431
-0.04697344
0.23881668
-0.2044625
-0.00024543348
0.021303542
0.19751704
-0.07127978
0.19737521
-0.12835488
-0.13197097
0.20603366
0.07807543
0.026734034
0.09122872
-0.15859689
0.140651
-0.17759947
0.045695513
0.17984302
0.16719021
0.123395644
0.21339838
0.25650737
0.056069534
0.16971335
-0.19523345
0.044488404
0.17642358
0.06857371
0.12332828
-0.13275637
-0.15918146
0.08292629
-0.046435267
-0.15939249
-0.19061518
0.28945297
-0.106963865
-0.21578431
0.16561827
-0.25643933
0.24904197
-0.14103702
0.09250699
0.03759248
0.28628162
0.15231259
-0.069436766
-0.20149828
-0.21762344
-0.19564906
-0.0065525826
-0.05944525
-0.0826422
0.29433462
0.021590408
0.03003592
-0.1838717
-0.14728986
0.009930462
-0.14693901
0.045845352
0.2736094
-0.15343946
-0.29209536
0.123550735
-0.26361057
-0.29292834
-0.27020293
0.27190706
0.28889012
-0.0047196145
-0.14548042
0.15190509
-0.14911224
0.2594241
-0.27137688
0.097951405
0.09790784
-0.118819915
-0.2230439
0.12487727
0.011136598
-0.084302425
0.28547013
0.013712964
0.11720427
0.15479995
0.0056585334
-0.21382658
0.13900048
0.10804933
-0.2694324
-0.07397048
-0.20998414
-0.14549582
-0.21799293
-0.26564676
0.25682205
0.12371526
0.2716054
0.022460828
0.017058656
0.2491099
0.112949505
0.2172399
0.2559753
0.1257308
-0.28083882
0.003294374
0.0790892
-0.20647584
0.01545605
-0.29940847
-0.27514446
0.18014608
0.11322496
-0.011896124
0.2736577
0.22584732
0.08970706
-0.12748724
-0.20515865
-0.12715018
0.23596776
0.1186058
-0.057940535
-0.082418695
-0.28248525
0.10430243
0.06325332
0.2042416
0.21058135
0.24891204
-0.26636988
-0.084331736
0.20116106
0.14819998
-0.25787598
0.05665726
-0.12749662
-0.22173025
0.06991813
-0.10397283
0.2235114
-0.08535297
0.26413217
0.016506387
0.03561569
0.02011669
-0.267541
0.17464869
0.13188513
0.12509573
0.19685255
-0.07857925
-0.20612226
-0.29452983
-0.28423887
0.031204341
-0.16855589
-0.3003281
-0.15389296
0.07821744
0.21993355
0.09041721
0.13138421
-0.26777354
-0.11095538
-0.24396403
0.11899274
-0.065034755
-0.189124
0.23092788
-0.28602877
0.15485522
-0.1613415
-0.28664756
-0.211878
0.19141857
0.15177406
-0.08210552
-0.25198704
-0.08679813
-0.28778642
0.1867579
0.18784606
0.0806084
0.15609367
-0.23775817
-0.24386008
0.04805876
-0.07101032
0.28013676
-0.07327058
0.03135316
-0.24291462
0.30189332
0.035347212
-0.18991128
0.09622288
-0.12653917
0.0092539145
0.020255323
-0.027560074
-0.08965647
0.21950194
-0.13388914
0.290872
0.29440054
-0.060922004
0.08448885
0.13415784
-0.0377399
0.22307622
-0.1971202
0.19775157
-0.13012409
-0.057232957
-0.24624237
0.22161527
-0.12884769
-0.09362116
-0.25148505
-0.048622116
-0.09572554
0.111633085
-0.14633676
0.22825819
-0.12328441
0.12452396
0.16358642
-0.06590703
0.092289865
-0.24660215
0.23984101
0.26433444
-0.30045596
-0.133504
0.29845557
0.084056854
-0.11211282
0.293617
0.24891132
-0.051411465
-0.024068018
-0.10561219
0.03831241
0.275548
0.19004777
0.032768674
-0.2969844
0.26486567
0.029846428
-0.20211245
0.2800868
0.26562276
-0.081983134
-0.14272809
-0.28752908
-0.030870853
0.2683936
-0.074871495
-0.16695474
-0.17193204
0.30093408
-0.23001541
-0.03072348
0.1829328
-0.06880173
0.17851454
-0.018908009
-0.023542067
-0.21471676
-0.16884139
0.2684032
-0.036971226
-0.22420496
0.033521738
-0.032366905
0.20756444
-0.22420792
-0.28962746
0.15539765
-0.29750243
0.014224862
-0.26871437
0.15967453
0.09310429
-0.11984597
0.1455273
-0.07548004
-0.18560657
0.22159252
-0.26173413
0.3030572
-0.28112212
-0.12440125
0.047539253
-0.008687414
-0.21289328
-0.15791981
-0.06939129
-0.24831624
-0.18268672
0.09894765
-0.18106727
-0.28755388
-0.04574135
-0.07667273
-0.06486246
-0.26634175
-0.26365638
-0.13178378
0.03886883
0.07112745
-0.09349864
0.18071179
0.25100303
-0.21328628
-0.08694414
-0.044452507
-0.10161262
0.047333445
0.078351386
0.15933226
0.13317291
0.09686033
0.2504701
-0.16413945
0.21898514
0.15363562
0.20212519
0.1625404
0.2515834
0.22485924
-0.017672751
0.044880845
0.24096344
0.073832676
-0.21978599
-0.20002668
0.27746505
-0.24569093
0.028069643
0.2565437
0.1007725
-0.061899252
-0.16414352
-0.18786433
-0.2697346
-0.0012339032
0.13322859
-0.24258864
-0.028455082
-0.046106167
0.12008856
0.22253329
-0.0071522463
-0.30187035
-0.16880582
-0.23893712
0.13795795
-0.1864796
-0.13667007
-0.017775755
0.14796294
0.034757078
-0.121355444
0.098165326
-0.07490507
0.049294055
0.24531478
-0.22932428
0.120875835
-0.064227596
0.14932589
0.09173037
-0.13604009
-0.24204147
0.10818887
0.09286394
0.2117224
-0.28242075
0.2547287
-0.034573484
0.1679357
-0.22387925
-0.26788256
0.11455544
0.27074882
0.14343122
-0.20238183
0.18944761
0.2812606
-0.2965129
0.049535174
-0.28408596
-0.061336707
0.28813612
-0.0045755804
-0.2168356
0.049590997
-0.23670608
-0.22407962
-0.08771086
0.0015356764
-0.07475244
0.026196117
0.14282666
-0.027879648
-0.055303212
-0.0013049194
0.1905349
0.23086326
0.21397409
-0.12279064
-0.16515426
0.19047171
0.11530458
-0.14755496
-0.1612233
0.15865079
0.30136916
0.2081725
-0.2539413
0.13324705
0.15796481
0.09355039
0.05767217
0.16765156
-0.14732888
-0.17771612
0.2916719
-0.13839781
0.08984604
0.18424678
-0.07354063
-0.077172555
-0.20842598
-0.12003323
0.07561805
0.0018281224
-0.18712543
0.18143259
-0.11057306
0.12530145
-0.2818364
0.1723569
0.11811446
0.212515
-0.035006672
0.25232092
0.122925706
0.17236154
0.17671487
0.19170907
0.20301607
-0.031131191
-0.109689325
-0.19426611
-0.12924798
0.29340887
0.22777815
-0.07561185
-0.22014652
-0.05378141
0.2948322
0.18283845
-0.08506042
0.15423408
-0.13319017
0.11015823
-0.11075195
0.09459622
0.0029410878
0.14574535
-0.08608928
0.17651261
0.2283982
0.015526309
-0.10568785
-0.009563085
-0.10787906
0.17264093
-0.18364418
-0.19910066
0.15567103
0.057228986
-0.23366162
-0.11326156
0.10976298
0.05435496
0.2453711
0.17992781
0.2568254
0.21227247
-0.20675851
0.21886292
-0.112683244
0.20484836
-0.10401867
0.20986459
0.19119446
-0.20004754
0.11331151
0.017861912
-0.13958825
-0.29766378
0.25112945
-0.13064322
0.2243933
-0.17411391
-0.29860473
0.18557511
0.082859546
-0.12284517
0.10154714
-0.17776859
-0.22011743
-0.2603475
0.26764828
0.23263544
0.21172945
-0.23333919
-0.012813449
-0.1285183
-0.17671439
0.2712283
0.046968207
-0.06649985
-0.0075931665
0.25741613
0.26021564
-0.008984429
0.11715939
0.0011769158
-0.18317933
0.045130253
0.22551937
-0.07672724
0.12190798
0.048566114
0.036672343
-0.25681767
-0.29803267
0.024684392
0.066405214
0.043749817
-0.016768984
-0.09222323
-0.3000131
0.12285684
-0.20458741
-0.18639585
-0.1615245
-0.089369625
-0.28976563
0.27371022
-0.30379567
0.2701614
-0.13529482
-0.22306502
0.23134182
0.19471185
0.023479857
-0.25168243
-0.24492517
-0.24864681
-0.19869666
-0.052000605
0.060173377
-0.16747631
-0.27398694
-0.09198115
0.2982693
0.264776
-0.12980613
0.26752955
0.0025973683
-0.289187
0.18984975
-0.14137527
0.20262659
-0.069590375
-0.28194827
0.14111292
-0.22454879
-0.17237654
0.21380419
0.2799463
0.04803995
-0.18782885
0.070943825
0.17792274
0.22855975
-0.18891646
0.08219686
0.18510194
-0.082548
0.046803135
0.21366294
-0.008487242
-0.16552444
-0.271289
0.12938862
-0.2841029
0.19994244
-0.12110878
-0.27489582
-0.16554758
-0.05453797
-0.26877388
-0.14578138
0.26260555
0.17860974
0.3025363
0.052264422
0.12920633
0.19506142
-0.049946308
-0.0155676985
0.10636498
-0.28393155
-0.2333555
0.098034956
0.14549379
0.0177253
0.02289452
-0.21533348
0.09023329
0.09950315
-0.030363426
0.11196181
-0.29664448
0.003280604
0.12534916
-0.16641814
-0.120364204
0.08382433
-0.15974146
-0.13698606
-0.01012535
-0.19155915
0.1813325
-0.1598782
-0.284386
0.07128625
0.07740597
-0.057581075
0.1350132
0.15705155
-0.0878166
-0.0857222
0.276999
0.07718586
-0.09094301
-0.0562378
0.29709733
-0.30374232
-0.2666721
-0.008595685
-0.23158929
0.11820957
-0.045123205
-0.015987031
0.09037218
0.2657154
0.22210446
-0.26719853
0.021242917
0.22892174
0.14255106
-0.024279995
0.14502594
-0.18118192
-0.29826525
-0.11642692
0.027600514
0.0700861
-0.20682287
0.16652353
0.18164195
0.26952064
-0.09918693
-0.26609257
-0.20838189
-0.012218684
0.13084929
0.09117632
0.2104659
0.28772262
-0.05429356
0.14518128
0.13974667
-0.036880244
-0.29093134
-0.24573141
0.21224399
0.2896188
-0.2390251
0.020051477
-0.29529506
0.20906778
0.10715614
-0.18068247
0.19205399
0.2876567
-0.10293693
0.16082689
-0.21978079
-0.27965143
0.17058931
0.2712092
0.30495676
-0.030213017
0.25873366
0.09489689
-0.16804409
-0.23553759
-0.026906863
-0.0117146345
0.0015229173
0.2026385
-0.18145047
-0.07639108
0.0024755176
-0.22644703
-0.11696642
0.04614812
-0.26032722
-0.212733
0.20488445
0.09755548
-0.05444147
-0.16287716
0.0020834557
-0.14468017
0.12751406
-0.25585604
-0.08997893
0.17768739
-0.17503981
-0.13686813
-0.030468678
-0.29077432
0.003429218
-0.06466195
-0.0042066877
-0.26260045
0.18018281
0.11258251
0.070896715
0.17834009
0.22141828
-0.30131403
0.2407427
0.27432278
0.26377752
0.2657167
-0.01841069
0.0895568
0.09817714
0.031128218
0.04677158
0.23189019
-0.28751537
-0.06158997
0.18965472
-0.17563988
0.24767299
-0.20155254
-0.13091972
-0.037677858
-0.16651154
0.1783019
-0.19253999
-0.048433464
-0.12652367
-0.19980897
0.28336194
0.14986637
0.036571693
0.19401097
0.11586402
-0.16538963
0.19887084
-0.2016642
-0.2644791
-0.009389738
0.21753584
-0.20164888
0.08127653
0.18414658
-0.043039564
-0.24259819
0.080428466
-0.23561952
0.05903125
-0.07576618
-0.034736045
0.055416208
-0.03673802
-0.14117576
0.017278666
-0.29444158
-0.15687151
-0.01806208
-0.2501884
-0.024305869
0.20033808
-0.27325174
0.17047195
-0.23754214
-0.25739935
-0.22724847
-0.059594866
-0.05096872
-0.012433206
-0.03568361
0.281651
-0.18325044
-0.19885723
-0.076890916
-0.2633021
0.10379597
-0.27617675
0.12767763
0.28103387
0.0054834746
-0.1809272
-0.0053290036
0.19923654
-0.1921148
0.093160726
0.15791766
-0.008564541
-0.14520504
0.21013924
0.079497725
0.21139975
-0.20793802
0.30436367
0.22537333
0.13042387
-0.2826605
-0.013592287
0.11896253
0.02875745
-0.076514564
-0.23321399
0.27929553
0.14290622
-0.22020136
-0.07852453
0.1374607
0.3027444
0.058491983
0.20249657
-0.21998248
0.021709312
0.115533724
-0.1528025
-0.0013833292
-0.17047736
0.071428865
-0.15053737
0.0076671927
0.08339989
-0.29306293
0.094427764
-0.030869745
0.14769252
-0.1289727
0.19122644
-0.111215934
0.25178465
0.067067765
-0.23027456
-0.23560831
0.09796192
0.03901712
-0.036416728
-0.18961568
-0.04764993
0.13757749
0.12213489
-0.17742568
0.03743027
-0.09168474
0.11214312
-0.15539113
0.29856548
0.013258082
-0.16293877
-0.3024898
-0.04445546
-0.012920655
-0.08242857
-0.15382281
-0.16081992
-0.03501522
0.12365045
0.23029202
0.30081502
-0.29282057
-0.19784917
0.20315921
-0.19205551
-0.23864809
0.015129586
-0.1972368
0.27251893
-0.24018799
0.009387315
0.17956258
0.25977364
-0.20883766
0.19072759
-0.27474517
-0.12957862
0.12419784
0.09151514
-0.21336603
0.18262665
-0.106809296
-0.120895796
-0.25382653
0.28145063
-0.030192077
0.16636895
-0.113347694
0.11548222
0.19014451
0.08421949
0.29190812
-0.3009452
-0.20128265
-0.10983885
-0.1085127
0.23813601
0.013530671
-0.06386139
-0.17791386
0.13428342
-0.1949536
0.27786782
0.22638512
-0.15795624
-0.10785648
-0.12880681
-0.26035228
0.14101686
-0.0118271485
-0.01998262
0.041565605
-0.23329109
0.19401328
-0.0012833907
0.20321588
0.185701
-0.29335257
-0.04541991
-0.04017359
-0.21846959
0.041338954
-0.11911291
-0.2919185
0.13593212
-0.14201257
-0.015601661
0.0037715682
-0.15811281
0.19224417
0.1480257
-0.29215494
-0.16977888
0.117372125
-0.23426339
-0.2559178
-0.16199955
-0.0501866
-0.03097228
0.015595895
-0.14060085
0.14548117
-0.045444082
0.055808794
-0.29252288
-0.017973548
-0.19988799
-0.0745316
-0.23473117
-0.01880073
0.051778182
-0.06648526
0.17888574
0.14413895
-0.23790364
-0.27815795
-0.2731242
0.14672518
0.11113369
-0.21296135
0.19388486
-0.05363042
-0.057263553
0.033329196
-0.124828614
0.03576307
0.019168247
0.24894488
-0.0857661
-0.11160538
0.012736602
0.13647869
0.2932035
-0.01814573
-0.115930505
0.26270506
0.1281967
0.04778446
0.15749267
0.17837472
0.3034388
-0.23114152
0.0012356065
0.14763714
0.014796445
0.031148689
-0.14506628
0.042911705
0.24460483
-0.12471017
0.11052805
0.20350221
-0.27975664
0.07984662
0.29473415
-0.028653633
-0.14974931
-0.111983314
0.11743536
-0.30339292
-0.1668503
0.101279736
-0.19316852
-0.18403392
0.19444188
0.23894489
-0.18104245
0.11346357
-0.24437614
0.109884955
-0.096529454
0.20854151
-0.26909348
0.112227835
0.04134393
-0.14821327
0.13054115
0.12073404
0.29142675
0.008394458
0.21879858
0.2769704
-0.0802821
0.06521157
-0.05458503
0.15758044
0.092896365
-0.109568074
-0.064224474
-0.022353755
-0.020160964
0.29847673
-0.04925059
-0.12557742
-0.01372172
0.20496148
0.08497976
0.2545844
0.13942145
-0.20914212
-0.06924878
-0.15199111
0.28602862
-0.07338917
0.0614343
-0.06051177
0.11823103
0.18135187
-0.0036868306
-0.18219537
-0.15623254
0.0058941357
0.19103886
-0.2066526
-0.0836292
-0.30364314
0.11389724
-0.06372185
0.021092521
0.26909432
0.22090614
0.29028264
0.11622551
0.018007573
-0.22623335
-0.21333244
-0.23573633
0.103585295
0.16187593
0.20292386
-0.19636391
-0.18717067
-0.21427326
0.21600656
-0.19068731
0.12124379
0.098407865
0.18839426
0.20187011
0.17082176
0.07118931
0.062116176
0.08700703
0.016546605
-0.09397882
-0.24105702
-0.23644322
0.12468841
-0.05015666
-0.29031378
0.12516396
0.17207915
-0.03676062
0.1448958
0.2442738
-0.1560762
-0.02560096
-0.07898468
0.25271
0.2959221
0.19352728
0.20805974
-0.004817141
0.18833722
-0.23810369
-0.14068705
0.13401648
-0.054435898
-0.1586317
0.022147426
0.11921036
0.1843087
-0.06492532
-0.22493184
-0.15731184
-0.1158056
-0.12282698
-0.0062592886
0.020291926
-0.16448352
0.2705108
-0.15326402
-0.1546502
0.13303107
0.30014715
0.030356934
-0.29488242
-0.2806599
-0.0935723
-0.22838789
0.041223116
-0.1566403
0.1574629
0.28870958
-0.08533831
0.2162636
0.30891883
-0.13120386
-0.244852
-0.06384654
0.22383074
0.13776825
-0.20531982
-0.1482548
0.27790117
0.017251829
0.30071595
-0.052938696
-0.021303609
0.027050858
-0.07057087
-0.05640031
0.059164926
-0.19668634
0.1753672
0.17708215
-0.014875791
-0.2225474
-0.18069348
0.09841327
0.070235975
-0.28348398
0.13038008
0.050063863
0.19023377
0.10844348
-0.16636936
0.2965809
-0.2970265
0.041962843
0.2974305
-0.2854798
0.23655829
0.16036744
-0.01821179
-0.21254243
-0.28339124
-0.008219136
0.29393503
-0.0024983147
-0.16429088
0.18876348
0.1395949
-0.09294587
-0.1200407
0.24056856
-0.08399934
0.07094761
0.05943593
0.18974967
0.29430276
-0.23589993
0.011596296
0.23163995
-0.117365085
-0.12157073
-0.23611292
-0.2102855
0.28398967
0.10723599
-0.12080461
-0.29561794
-0.18338655
0.12324344
0.15988362
0.2180323
-0.102057576
0.12840325
0.011248088
-0.20029715
-0.26190984
0.29417884
-0.20594674
0.07760117
-0.20368974
-0.06926739
-0.12923259
0.27299306
-0.26606214
0.16794176
-0.12057128
-0.23041075
0.11605844
0.2970984
-0.11247983
0.2875935
0.012544187
0.08316944
-0.27343452
-0.21636222
-0.24545239
-0.068589576
-0.14346732
-0.15109608
0.25266486
0.24240465
0.16937953
-0.23812869
-0.15494196
0.13473694
-0.2763144
0.044981662
-0.11180792
-0.065673314
-0.048638813
0.012631097
-0.28662696
-0.09355255
-0.0793754
-0.046499826
-0.01357179
0.20703287
-0.1814604
0.022895599
-0.11971827
0.24869403
-0.14144564
0.02190465
0.19856648
-0.16928457
0.14120696
-0.11185441
-0.112601236
0.02996618
0.017333968
-0.08448277
-0.069181554
0.25473183
-0.1484112
-0.0954285
-0.052366477
0.26861253
0.2549472
-0.2680566
0.17975849
-0.12531017
-0.24309354
-0.092520624
-0.16562098
-0.041594617
-0.025474226
-0.018957593
0.10138709
0.22256118
0.09030853
0.29847243
-0.07952427
0.17915133
0.12491001
0.15664703
-0.12895018
0.111068316
0.069944575
0.18518777
-0.23761262
0.03342622
0.14847247
0.20589714
-0.28230518
0.13642508
-0.19846387
0.03640973
-0.007208185
-0.21897352
-0.022426376
-0.022142684
-0.21910916
-0.28911486
0.15562871
0.20373797
-0.25085133
-0.12603922
0.19063812
0.1735338
0.1996063
-0.22169222
0.09847581
-0.014108567
-0.12407107
-0.07215916
0.23383719
0.0704169
0.20769772
-0.27332988
-0.21046712
-0.30322844
-0.23393388
0.123404905
0.1226083
0.08732271
-0.2077567
0.2126943
0.08535122
0.0004289209
0.06784901
0.082804404
0.08527219
0.23408349
0.1477869
-0.03321608
-0.16754742
0.07975945
-0.28155488
0.1189998
0.114372455
0.30052185
-0.25641572
-0.07697594
0.23160774
-0.07238805
0.00082230323
0.24791591
0.16953897
-0.033939544
0.22498277
0.12968348
-0.040885072
-0.07000096
0.124078706
0.08036107
0.29510146
0.07013094
0.2959179
0.26893362
0.2236362
0.083754845
-0.19191256
-0.113815196
-0.19899178
0.044709563
0.09233911
0.02097953
-0.2637482
-0.1780211
-0.17156942
0.22710563
0.2982236
-0.17261626
-0.20093258
-0.2632518
0.15971401
-0.1548301
-0.18717565
-0.21828248
0.061922565
-0.22941057
0.11173534
-0.15173699
0.14511235
0.05477437
0.10245186
-0.26048332
0.18417676
-0.052224066
-0.07554453
0.15415302
0.1679917
0.17091095
0.0017212268
-0.25431928
0.22278607
0.07229398
-0.08458717
-0.059820544
0.14876918
0.18110643
-0.2537914
-0.0395489
0.0980848
-0.1660578
0.21700995
-0.12224204
-0.264975
0.16379708
0.1429097
-0.2572785
0.2590612
0.26383045
-0.19863571
0.18984865
-0.08214129
0.27264887
0.074352644
0.050620694
0.19767411
0.09573643
0.19041005
0.23324262
-0.1521762
0.016025962
0.079604864
-0.052661747
-0.12816
0.20235504
0.12631674
0.29559445
-0.12298728
0.092151925
0.03739567
0.22508977
0.25436214
-0.24259423
-0.27945435
0.074005805
-0.13168322
-0.24834946
-0.23209354
0.049339995
0.03626038
0.050422154
-0.016411232
0.1009491
0.012650019
0.08485164
0.19992971
0.22558694
0.087411046
0.036083844
0.048992816
-0.22287774
0.16833559
0.14718324
-0.19313955
-0.104547136
0.29992735
0.26041076
-0.25210112
-0.16524583
-0.20652823
-0.0676394
0.11402302
0.15763079
0.25255978
0.27739087
-0.0028343317
-0.17689759
-0.06864113
-0.09656623
0.11151965
-0.20348358
-0.06989094
0.026054114
0.23742804
0.085351914
-0.054562237
-0.15803398
-0.03122572
0.28084162
-0.20228124
0.13478746
0.02598847
-0.050976127
-0.12679459
0.2366965
0.29517063
0.2238285
-0.048003443
0.14805749
0.28792542
0.21930276
0.11613832
0.24793755
-0.030785922
0.2952939
-0.14611991
-0.15192631
-0.06919295
0.224372
-0.17890699
-0.061436467
0.030389516
0.17063388
0.013403872
-0.13429423
-0.05207947
0.124989085
0.19837287
0.013061976
0.10048944
-0.2729272
-0.24391055
0.065358505
-0.17570266
-0.10313013
0.050846413
-0.011118301
0.19725229
0.13634174
0.010281451
-0.00898511
0.24922393
-0.15457375
0.22883432
-0.15124989
0.26536486
0.008213504
0.13658296
-0.052866634
0.15683745
0.24981451
0.059813775
-0.29520395
0.25377265
0.2523351
-0.0037896566
-0.28333834
0.2946383
0.109967366
0.097226605
-0.20614175
-0.116412215
0.29989475
0.30100697
0.19394836
0.28792676
0.036767513
-0.22456157
-0.13891228
0.2280567
-0.030470062
0.13338716
-0.2690347
-0.06208607
0.22265914
0.20588924
-0.15045863
-0.23966332
0.29137105
-0.12666647
0.25773758
-0.06820989
-0.24197151
0.10708608
-0.12853453
0.2193197
-0.17479484
-0.21852218
0.020193724
0.0032609005
0.08117348
0.26345652
-0.12879813
-0.1302135
-0.18287043
0.23615377
-0.20346032
-0.25274783
-0.10063827
-0.28935793
-0.022458728
-0.100741416
0.035331886
0.045077387
-0.16076373
-0.0954388
0.103762515
-0.13027541
-0.21648401
-0.11765189
-0.035528604
0.24398251
0.08071531
-0.08233579
-0.28986195
-0.1682473
0.24695827
0.041912038
0.23391628
0.135351
0.017742975
0.13149978
-0.12237884
0.022718217
-0.25271842
0.058993667
0.08855586
0.17460547
-0.19351596
0.21233363
-0.25158256
-0.005484916
0.2880657
-0.09337763
-0.20032403
0.064897
-0.10934103
-0.27928522
-0.25867873
0.18426628
-0.27077973
0.18354326
-0.04261438
0.039972916
0.24183497
-0.24368338
0.04838481
-0.2680085
-0.13882548
-0.13054875
0.20760413
0.13594525
-0.17070708
0.18247792
0.16492274
0.07787
-0.19728798
-0.052067567
0.042601593
-0.094358996
0.15585323
0.19268411
-0.053100456
0.2760179
0.13052325
0.3035837
0.11067639
0.089067854
0.22264072
-0.0023228296
0.07677296
-0.13511209
-0.28074655
0.058326364
-0.27479756
0.03890799
0.29636714
0.11898341
-0.24651745
0.23365101
0.27992824
0.1603355
0.28886598
0.2018682
-0.02473282
0.200735
0.005326304
-0.0815015
0.17292736
0.09785469
0.07457465
0.03918289
0.15743533
0.059634127
0.22404264
-0.056652922
0.12807147
-0.10487116
-0.0739472
0.0868986
-0.29774463
0.1519419
0.3017039
0.29186675
0.13358557
0.096733645
0.08365373
-0.16498156
-0.27528772
0.15236498
-0.05518692
0.03664542
0.13870576
-0.20652208
0.22693062
0.05483221
0.16271651
0.2903997
0.089794435
0.26492155
0.01806396
0.10464428
-0.1400795
-0.13305876
0.2391366
-0.11912862
-0.10400315
-0.17914867
0.07799154
-0.23807961
-0.04733535
-0.14035192
0.029317275
0.15337197
-0.07758339
-0.24932282
0.20538597
0.29263607
-0.023886744
0.012501381
0.16634461
0.23789464
-0.2930604
-0.040364657
-0.26811287
0.2767022
0.05430747
0.056169637
-0.23810929
-0.051216424
0.2467025
-0.29368222
0.15829213
0.1720175
0.02174959
-0.23049198
-0.06695952
-0.20706491
0.13919573
-0.2748208
-0.21111313
0.08387825
-0.11720016
0.081152536
-0.25037065
0.19377695
0.0053953226
0.26394856
-0.021194994
0.2927211
0.22487767
-0.14747524
-0.16556121
-0.2622831
-0.27636427
0.016360288
-0.10933535
-0.03366478
0.13028269
-0.19252512
0.29498708
0.29011503
0.13312514
0.094157115
-0.27912223
0.17404594
0.099906564
0.083499566
-0.27779147
0.25672668
-0.053838488
0.17512923
0.18529515
-0.2941619
-0.020536881
-0.24143201
0.04660061
0.074888304
-0.09892586
0.03723351
-0.19578058
-0.12890117
-0.055457525
-0.06590339
-0.1315464
-0.28585553
0.1971347
-0.12417143
0.0041883215
0.014081191
-0.18677752
-0.10021338
-0.26225883
-0.12967654
-0.14828616
0.095547356
-0.09726178
-0.16687512
-0.1490392
0.22081496
0.2920844
-0.28529558
-0.25749165
-0.3014164
0.1498237
-0.19913217
0.16257986
-0.006792864
-0.23047292
0.00011678563
0.10977013
0.22204344
0.15724611
-0.010798575
-0.28711572
0.28552625
0.15116964
-0.057326455
0.16172203
0.2367038
-0.2430962
-0.25646514
0.1723493
0.03167763
-0.17582628
0.23309036
0.27065518
-0.18131277
0.08895871
0.060859457
0.07109536
0.24998885
0.14450347
0.049588695
0.15206233
0.248151
-0.05179152
-0.020485554
0.16098577
-0.114108205
0.08533787
0.23280574
-0.20850308
-0.053909726
-0.06627676
-0.2534125
-0.25820142
-0.22894329
0.29886016
0.051725764
0.29561728
-0.11505963
-0.007826592
0.094830886
0.021680063
-0.16524294
-0.0006560148
0.2891825
0.19747683
-0.26667163
0.1326671
-0.27449647
-0.023984738
0.17537802
-0.055365805
-0.18072146
-0.2730219
0.20391388
0.016529385
0.045891594
-0.18459916
-0.049842384
0.09483054
0.23345195
0.09383873
-0.28238657
-0.022253716
0.10940779
0.096739404
0.15412335
-0.14742121
-0.2840172
-0.10036598
0.09715562
-0.197428
0.16719832
0.051394854
0.091581315
-0.26203015
0.05323026
0.19655381
0.15338999
-0.09836769
0.27651688
0.29489103
0.23989095
0.28061113
-0.13031986
0.26473117
-0.007878834
0.00076256157
-0.009430916
0.0423623
-0.24538058
0.21866624
0.11028043
0.21671505
0.22580497
0.02356629
0.089241564
-0.081786655
-0.11327033
-0.28677443
-0.09247008
0.12085563
-0.13053787
-0.21517809
0.16276439
-0.2255899
0.11847048
0.24554425
0.01053353
-0.16866548
-0.06361721
0.29082626
0.08772031
0.29385084
0.06345056
-0.15490621
0.17813158
-0.19650295
-0.23622909
-0.06877044
0.26018286
0.21762758
-0.18758604
0.15653566
-0.10243158
0.09079912
0.15555337
-0.064368755
0.12997784
-0.15342554
-0.009410058
-0.120577574
-0.0803965
0.11318994
0.23276857
-0.19924575
0.09761158
-0.24840955
0.12045304
0.13087438
-0.07383295
-0.14349219
-0.26247784
-0.26148316
0.06338791
-0.112350546
0.015802246
-0.06769185
-0.26893073
-0.076767474
-0.20385161
-0.10430103
-0.16862522
0.1373809
-0.27565145
0.035758898
-0.1908047
0.099865206
-0.24417998
-0.2524047
-0.18721603
0.2190001
0.023501432
0.1994408
-0.16331057
-0.1415316
-0.08240159
-0.18741456
0.027381504
-0.125609
-0.22957097
0.24275708
0.26641756
-0.070956536
0.27341062
0.045277245
0.084756255
-0.21161526
0.11290921
-0.17246358
0.004040929
-0.30514106
0.28661487
0.20261163
-0.17564744
-0.03056723
0.2771016
0.17253093
0.22912571
-0.0032016034
0.08233051
0.29524687
-0.06166977
0.091491036
0.1410822
-0.12201051
0.10438812
-0.031248495
-0.052536916
0.26741347
-0.22536889
0.25003365
-0.01394458
0.029627396
0.18793997
-0.038624704
-0.17742042
-0.045605816
0.18567066
0.2833072
-0.120509565
-0.10885998
0.1257682
0.28829047
0.26909193
0.2922899
0.25608796
0.25200546
-0.21638113
0.20201889
0.1626163
0.0020930702
0.22261985
-0.27831167
0.20691179
0.12267406
0.19119753
0.03331481
-0.103694476
0.15193412
-0.011693617
-0.033020563
0.19824585
0.27919015
0.11747882
-0.010384183
-0.14407127
0.12436431
-0.20187646
-0.011514923
-0.086839974
0.09415301
-0.11565652
0.123507716
0.18158747
-0.14121549
-0.26205087
-0.20627204
0.07387764
-0.23897707
-0.07223788
0.106357515
0.13907176
0.10037168
0.2669879
-0.1942768
0.19413827
-0.2906203
-0.27289295
-0.30159634
-0.040393695
-0.29535297
0.1600256
-0.17957
-0.05114754
-0.042681664
0.18505074
0.21632025
0.18140034
-0.07909663
-0.12076451
-0.07627
0.0220198
-0.03269962
0.02142513
-0.11448933
0.09777542
0.20810425
-0.023390828
-0.20241
-0.1263474
-0.20696215
0.11052487
-0.21231155
-0.09166753
-0.2926712
0.27259895
-0.20726426
-0.10830866
0.30280098
0.2436515
0.17474382
0.1731175
-0.0038175248
-0.19914573
-0.13128723
0.2636153
0.052569382
0.21241425
-0.16651076
0.2836984
0.15789796
0.2757957
0.08462347
-0.11836991
-0.24925867
0.04009468
-0.17445323
-0.05195342
0.08176872
-0.22525223
0.27416092
0.2389202
0.11566422
0.18052684
0.011879797
0.21592994
-0.2938787
-0.19898082
-0.024455326
0.24790221
0.005757776
0.19880946
0.20617074
-0.2424428
-0.089758776
0.104415685
-0.13059786
-0.2999078
0.1740453
-0.0792475
-0.08438281
-0.029822286
-0.1582108
-0.06840856
0.22855158
-0.028583363
-0.013562854
0.1399501
-0.20843397
0.27847224
-0.1856674
0.19216003
-0.08099348
-0.15246038
-0.067336135
-0.13261765
-0.22580914
0.11984546
0.111347735
0.15634938
-0.19155206
-0.203348
-0.04628295
-0.20285238
0.18141356
0.07956226
0.25716466
0.10432304
0.09974367
-0.14508884
0.16387272
-0.2801021
-0.2372997
0.09048802
-0.064677484
0.29459202
0.039577983
0.19730245
0.1406195
-0.048194077
0.055093825
-0.22337975
0.11877296
-0.1474241
-0.11215839
-0.09806561
-0.25381556
0.26964664
0.020239074
-0.18175629
-0.02961867
0.28346357
0.07576414
0.07362415
0.017000215
0.29152
-0.23464128
-0.18306881
-0.049927104
-0.052596606
-0.18927374
-0.21368735
-0.017565446
0.014553442
-0.104834884
0.23640344
-0.1706981
0.105688885
0.09587935
0.26966298
0.050418217
0.24893087
0.10289198
-0.25879225
-0.1471977
-0.2650765
-0.091944
-0.18393807
0.26712143
0.042563383
-0.28893435
-0.30008975
0.022533445
0.26641917
-0.01825746
-0.2556302
0.06710429
0.198055
0.064559706
0.009739824
-0.26215056
0.209884
0.0348901
0.22270444
0.026632592
-0.038538557
0.24374476
-0.18578614
0.110534646
-0.053365555
0.17824756
0.22658817
0.23507199
0.16891941
-0.06581066
0.2896608
0.11619934
0.11089711
-0.14016756
0.11176789
0.2924482
-0.048312817
-0.23283035
0.26116958
0.2639493
0.03861519
0.2828527
0.24157909
0.13463272
0.073999636
0.14668585
0.13313335
0.1530848
0.1757268
0.1220399
0.06019209
0.27907002
-0.110864855
-0.047493532
0.102000795
0.264763
-0.048319712
0.061074354
-0.2625869
0.11866991
-0.05328966
-0.075510666
0.3020082
0.21001424
0.16022912
0.05160462
0.14087138
-0.20880081
0.18738571
-0.15551491
-0.05820302
0.28841692
0.0029821103
-0.16969441
0.01783932
0.29379076
-0.16126986
-0.097628556
0.12701476
-0.13037881
0.029447865
0.20720851
0.07107102
-0.26332524
-0.18756379
-0.18211864
0.17131142
0.09489857
0.038511552
0.21086416
0.008599486
0.119680926
-0.059182767
-0.1121855
-0.20086043
-0.16211502
0.076894246
-0.21050127
0.011807878
-0.059401322
0.07123845
0.16035482
0.09332608
0.13550222
-0.20257507
-0.14496851
-0.030802745
0.18051423
-0.16306013
-0.08071705
0.15995862
-0.043362573
0.26257935
-0.14485608
0.06446774
-0.09153352
0.2799085
-0.002511491
-0.09322635
0.29546845
-0.14582366
0.26430613
-0.2767444
-0.068024695
-0.24071528
-0.00056417886
0.16743864
-0.1428162
-0.20945075
-0.2275177
0.0049591064
-0.14316599
0.158044
0.16960172
0.15226139
0.011109125
0.016923118
-0.04893136
-0.1264929
0.22984192
-0.27881572
-0.13112229
0.08349508
-0.054815914
-0.20663555
-0.28512278
-0.09902299
-0.15840709
-0.11922807
0.021437362
0.04403075
0.06846295
0.30010924
-0.2957807
-0.20846415
0.023762206
-0.23906195
0.12832062
-0.18512784
-0.058896214
0.27794585
-0.19061671
-0.08268328
0.100784086
-0.052070934
0.10650691
-0.007569278
0.026621668
0.16830325
-0.14796104
0.110994905
-0.106884554
0.14317961
0.28246975
-0.12046585
0.1506588
-0.25940558
-0.3020145
0.15583143
0.03892954
0.2328312
0.11006117
-0.29327923
-0.19788344
0.21873643
0.011059131
0.15111019
-0.21900655
0.07076019
-0.15780412
-0.07720564
0.05458707
0.20239888
0.10265192
0.2076195
-0.101898275
0.18357557
-0.101292185
-0.29078177
0.12191242
0.22570196
0.08925755
-0.10800136
0.25965008
-0.1343893
-0.06822522
-0.063507415
0.27313873
0.059148207
-0.10182122
-0.24226682
0.2683299
0.024796968
0.27307448
-0.2509737
0.06055065
0.25673306
0.011682563
0.014576273
-0.06315646
-0.07925331
0.2905371
-0.09705197
0.031673454
0.20924072
0.0653534
0.030235374
0.22225195
-0.018624619
-0.049086664
0.08982707
-0.0935928
0.22983754
0.29028243
-0.12341834
-0.08137973
0.24458528
0.011904435
0.058407415
0.26979992
0.1309782
0.2982053
0.101828136
0.157894
0.22597075
0.10310512
-0.11434561
0.17984876
0.27788457
0.008284272
-0.09458485
-0.14009617
-0.12273698
-0.2509366
-0.27947676
-0.2209954
0.010899318
0.0043982556
-0.03789805
0.095274985
0.15485583
-0.047141496
0.30461183
-0.13377799
0.0676993
-0.24108762
-0.22542793
-0.234294
-0.1470737
0.27301666
0.2183644
0.090806216
0.13466458
0.06469634
-0.2930151
0.15895073
-0.17697673
-0.0770088
0.019413639
-0.14713667
0.09757533
0.16688865
0.29786578
-0.15857936
0.09024714
-0.2479833
-0.16825387
-0.22590846
0.20488673
0.127307
-0.2642274
0.0056930664
0.08789273
-0.1784353
0.2738075
-0.25424063
-0.041586686
-0.12615786
0.1314772
-0.17369336
0.2769874
0.21605548
-0.048740022
0.105267696
-0.28186247
-0.27347997
0.12823036
-0.006308565
0.19443265
-0.10771575
0.1936754
-0.23197265
-0.2939425
-0.26764455
0.19803455
-0.022777306
-0.08430214
-0.017840805
0.30026525
0.1421632
-0.1760007
-0.0617547
0.060294405
0.06366116
-0.18435319
-0.06940224
-0.014776391
-0.13497259
0.20058078
0.107907526
-0.28832394
-0.2989195
-0.10839005
0.23082842
-0.20330302
0.014299352
-0.27217963
0.034750026
-0.024982348
-0.23113859
0.21440698
0.023914265
0.09845319
-0.2029662
-0.21196477
-0.15706265
0.14056481
-0.13949841
0.28969574
0.2688542
-0.23713909
0.08280081
0.30521554
-0.21995625
0.100418724
-0.1534939
-0.13050433
-0.22635336
0.26813316
-0.05586875
0.030010995
0.07153377
-0.027785705
0.23562568
0.07587555
0.21063903
-0.08007998
-0.062538
-0.07311968
0.008788485
-0.2528845
0.1198384
-0.27342102
0.19933541
0.26543242
-0.15404575
0.02915701
0.13315158
-0.2629011
-0.06324827
0.2483666
-0.19207618
0.27867416
-0.2239513
0.11282223
-0.25278398
0.30234572
-0.05950535
0.27844498
0.30212995
0.25322917
0.21509412
0.11683326
0.033960685
0.069462515
-0.18203153
-0.15290312
0.23494878
-0.18807495
0.053893216
-0.24568298
0.11202945
0.05551362
0.034551766
0.030002326
0.08229656
0.18591091
0.13993365
0.071223594
-0.14484583
0.09715495
-0.08531741
0.061806284
-0.09228822
0.24923247
0.04208955
-0.029994166
-0.11539348
0.2691613
-0.19766645
-0.199852
0.2836178
-0.19990845
0.20231259
-0.258276
-0.032470357
-0.24845384
0.26997885
-0.17012446
0.27622584
-0.16117832
0.019034253
-0.09751126
0.03738067
-0.09605147
-0.28460285
-0.25718287
0.19876754
-0.23813684
0.15824884
0.15205207
-0.1902779
0.20618293
0.1643529
-0.26994282
-0.23773015
-0.2699035
-0.19204952
0.0026341777
0.18634884
0.23693909
0.028970083
0.26339358
0.040090937
-0.24362004
-0.24675414
0.092539914
0.07753116
0.15448233
0.2996694
0.08589763
-0.009759808
-0.15579669
-0.12759542
0.120444156
-0.22166826
-0.023367163
0.047651824
-0.19139363
0.018978775
0.13752383
-0.035571776
0.22757983
-0.26654354
0.29858828
-0.008366454
-0.071294904
0.26845774
-0.23370185
0.28258598
0.104896404
-0.22423291
0.17442818
0.068167806
0.28464743
-0.3025323
0.04739097
0.19663602
-0.13809857
0.024782848
0.12969308
-0.26949075
0.15928528
0.28048992
-0.14532349
0.2750902
-0.20261958
0.23736267
-0.21130617
-0.20433928
0.21369825
-0.25095928
-0.009622717
0.13793522
0.009162336
0.0038368087
-0.20436123
0.03126663
-0.25554472
-0.25262278
0.09103433
0.06759048
-0.0032027655
0.14898573
0.08417039
0.17147346
-0.24132362
0.265734
0.22280857
-0.18787932
-0.20619951
-0.04965617
-0.24221338
0.039144415
0.17397885
0.10744025
-0.04079859
0.16214779
-0.26256263
0.063524686
-0.09511926
-0.18984522
-0.07399731
0.104578145
0.28944805
0.010572616
-0.3009781
-0.26491106
-0.21691859
-0.17345388
-0.23891494
-0.1602017
-0.10371833
0.022982929
-0.17706943
0.0802621
0.1675308
0.16170834
0.041446526
0.27278137
0.084990874
-0.04024455
0.21238466
0.105700925
0.04751919
-0.3014615
0.20872213
-0.12639496
0.18882819
0.19829439
0.30238992
-0.018488085
-0.07835954
0.2994571
-0.12110823
-0.27568185
-0.12750694
-0.06057857
-0.20592707
-0.29406032
0.047284193
-0.10984877
0.23879015
0.140766
-0.16994923
-0.15563855
0.024337824
-0.12801708
-0.050993
-0.13927121
0.03804037
-0.19338213
0.16145855
-0.101692654
0.16470055
-0.036921717
0.08887543
-0.25386137
-0.0809945
-0.14427274
-0.047543157
-0.15428993
-0.18353577
-0.034950834
-0.032972347
0.2506938
-0.06889964
0.08237855
0.16315494
0.20495898
0.19748744
0.25281185
0.04670788
-0.10932186
-0.07425848
0.18101244
-0.25326145
-0.17754957
0.19061318
0.09770603
0.04392406
0.07454829
0.2999326
-0.06002961
0.20092395
-0.06482554
0.17446518
0.1684098
0.24264303
0.053810284
-0.1154699
0.28726196
0.17371438
0.19599524
0.28868866
0.12320495
0.1630023
-0.13426119
0.2636098
0.12712276
-0.24021481
-0.12545234
0.27191487
-0.07401043
0.2159673
0.2831143
-0.20897555
-0.0025180946
0.16637298
-0.049731694
0.27016193
-0.04014518
-0.13166931
0.1714433
-0.056326143
-0.13093488
0.219107
0.18918227
-0.060080603
0.03941888
-0.22091201
0.045944
-0.14183757
-0.08293847
-0.25987548
0.23312064
0.2013339
0.07141806
-0.021320345
0.291771
-0.29210436
-0.063364185
-0.08494426
-0.30365223
-0.0069188457
0.14082831
0.052540958
0.25311583
-0.101931706
0.14572315
0.09579317
-0.19902368
-0.014887332
0.1299062
-0.018947095
-0.051339187
-0.049685966
-0.14669879
-0.276015
-0.18861677
0.21324855
0.2532322
-0.13998659
-0.09713798
0.16163103
0.2447501
-0.010640207
-0.062407594
-0.040511396
-0.14593725
-0.26729283
0.036679048
-0.081555635
-0.0056534563
-0.23286252
0.16430907
-0.021310173
0.1932066
-0.0065768943
0.012031582
-0.04634164
0.2566905
0.069863565
0.123075716
-0.12776662
0.2124744
-0.061991934
-0.25653052
-0.06449801
0.19473152
0.11344775
-0.13377011
-0.035758168
0.056939647
-0.029679382
-0.26189947
0.038682498
0.25076526
0.0028471397
-0.3051033
-0.27886078
0.11632332
0.024949547
0.084133506
0.15700579
-0.16929026
0.09354463
-0.25398386
-0.28032708
0.049510878
0.09657574
0.11229836
0.17080587
0.26710233
0.29483697
-0.19683367
0.13558976
0.27686706
0.031156683
0.25734165
0.28858697
0.23735827
-0.16822676
0.07056678
-0.21798736
0.21258193
0.17401564
0.016131818
0.0036558206
0.1187161
0.072153814
-0.22168921
-0.16750759
0.22788636
0.27727264
0.16726251
0.04918893
0.0400041
0.050873667
-0.08685536
-0.0940277
-0.26065895
0.12562981
0.19109237
0.111573994
0.0048547704
0.075830944
-0.1583321
0.15270548
-0.17038932
0.12416407
0.16749066
0.20587584
-0.021160256
-0.181091
-0.28609654
0.14792717
0.11406122
-0.068677
-0.14972554
-0.12540479
0.1461606
0.25436544
-0.30218685
-0.13727297
-0.17119429
0.2037443
-0.18390445
0.04132669
0.086741254
-0.069321364
0.22006637
-0.25718588
-0.21979843
0.29445428
-0.009521836
-0.03156771
-0.0675215
0.030553395
-0.28167814
