-0.07205994
-0.092331156
0.1256566
0.11326653
-0.09590112
-0.07292179
0.19391824
0.19387418
0.00301834
0.07490871
-0.1609747
-0.16342726
0.19824904
-0.06963081
-0.1687902
-0.11703052
-0.1856079
-0.120758146
0.08364606
0.06738345
-0.14170863
0.14885747
0.066325374
0.20259577
0.1667858
0.019676717
-0.06539597
0.16468348
0.020043762
0.12205586
0.0039280746
-0.15734704
0.15810943
-0.13192943
-0.1398887
-0.12528922
-0.13760673
0.107437015
-0.16707475
0.117851414
0.21759188
-0.09846856
-0.11490857
0.14899528
-0.046386577
0.027463093
-0.10157951
-0.07347782
0.01898163
0.008343426
0.09576177
-0.18454184
0.18091412
-0.17564692
0.07483182
-0.12928125
-0.08865335
0.12531953
-0.10145372
-0.13309827
-0.119214125
-0.121566474
-0.017213589
0.011046286
0.025497593
-0.029435426
-0.05078731
0.15603028
0.21387304
-0.053731542
-0.16212898
-0.049623452
-0.10960112
0.19094226
-0.1720631
-0.056980476
-0.20907684
-0.07304624
-0.05534552
0.14074668
0.05283768
0.13600759
-0.03474477
-0.039730195
-0.018416448
-0.08446213
0.041150916
0.1045068
-0.026200054
0.15509738
0.124101974
0.057996284
-0.09512114
-0.08133069
-0.16181335
-0.118831694
-0.102410905
0.041449513
-0.13048135
-0.016604174
0.19135055
-0.04911664
-0.08047063
-0.03838722
0.043780513
-0.12529801
-0.019068608
-0.19752418
-0.20988113
0.09185654
-0.20239127
0.011722529
0.18428499
-0.07608983
0.086626634
-0.039491575
0.09366458
0.010740349
-0.06174013
0.073040955
0.010671264
0.03497731
0.086493544
-0.09538994
-0.00042904008
0.035271417
-0.102324724
0.15671857
0.17245592
-0.20276532
0.038376093
-0.06856306
-0.17967083
-0.024721004
0.10885347
0.06612711
0.12977153
-0.12011834
-0.10838785
0.093126275
-0.10803276
0.05111701
-0.017453501
-0.11692695
0.12583889
0.01978983
0.1739444
0.13387552
0.099456355
0.02355488
-0.03068301
0.11334683
-0.07106528
-0.18599579
-0.005095936
-0.021540292
0.20976444
0.08394199
0.04490149
-0.005944161
-0.16858311
-0.044773094
0.20411937
-0.012704252
-0.1385262
0.17239322
0.0770442
-0.045674786
-0.07687942
0.07763177
0.08385105
-0.026420426
0.13778986
0.056474704
-0.049422905
0.06693006
-0.21444513
-0.12140938
-0.21095677
-0.14087628
-0.09779378
-0.08177202
-0.074474245
-0.028732315
0.016268043
-0.18329906
-0.024137208
-0.108728744
-0.027678054
-0.16506872
-0.04555836
-0.20272999
0.01342742
-0.003892537
-0.07293453
0.0128008565
-0.059814673
0.031338714
-0.1826172
-0.12927791
-0.20303792
-0.15991814
-0.2163407
-0.06087223
0.053081334
-0.048085704
0.11144938
0.10380499
0.17768675
-0.059559755
0.15895577
0.015565132
-0.120161615
-0.17337918
0.16437
-0.15785663
-0.14293818
-0.050282713
-0.10912473
0.07539826
-0.18930735
-0.16067995
0.19279799
-0.1642095
0.06751064
-0.036210086
0.013305208
0.11206295
-0.12029904
-0.17558123
0.031934872
0.021601472
0.045560025
-0.16558486
-0.13518824
-0.16119741
0.09213377
-0.059507273
0.08745907
0.16649786
-0.032585766
0.14191586
0.098245256
-0.16901395
0.1810252
-0.18185131
-0.1767958
-0.033076912
0.14396319
-0.14872749
0.21349281
-0.0021004044
-0.13830027
-0.10091874
0.07052779
-0.122729205
-0.11721365
-0.1649912
0.14343427
0.013066014
0.028984122
0.10688588
0.16794537
0.14888299
-0.20476964
-0.20075323
-0.15850052
-0.17152236
-0.036060117
-0.10243776
-0.20196773
0.082752295
-6.8783105e-05
0.18719867
0.15796423
-0.16811225
0.04916249
-0.109334074
0.074617386
0.0059507536
-0.01788942
0.1043081
0.1588867
0.19499761
0.03883882
0.1529006
0.086882025
-0.057756513
0.082762055
-0.024778562
-0.107073866
0.024918493
0.084586315
-0.10250494
-0.17587267
0.12019325
-0.11673185
-0.09871281
0.04651178
0.07601805
0.17514482
-0.023833279
0.08751075
-0.17973499
-0.08277749
0.0069554118
-0.13881437
-0.01729075
0.13329163
0.049479913
-0.031705786
0.16659003
-0.13714038
-0.19921315
0.06618274
-0.09891179
-0.053070776
0.038852073
0.16288061
0.010078487
0.15449339
0.0981803
-0.005808258
-0.12941653
-0.030274635
0.11741193
-0.05944842
0.010826255
-0.15455027
-0.00028803156
0.008267861
0.07780745
0.21269277
0.08566757
-0.050425865
0.033593792
-0.0069442084
-0.04461465
0.1335319
0.018809598
0.16911104
-0.0857269
-0.12750196
-0.032197352
0.07097516
0.03573334
0.08006708
0.15400587
-0.18301359
-0.20194986
0.031358402
0.13222486
0.13600507
0.10317215
-0.17621414
-0.18683447
0.026668573
-0.12971765
-0.048836518
-0.029160885
0.0049557304
-0.20655198
0.12512343
0.18787621
0.07905269
-0.09811807
-0.15133433
-0.11508233
0.050995346
0.060722474
-0.15275197
-0.067752756
0.0243209
-0.13408111
0.024839368
-0.0079892725
0.17304097
0.1250288
-0.21418679
-0.1511826
-0.03622838
0.15862869
0.038865525
0.121679485
-0.148174
-0.11805415
0.021439688
0.114529915
-0.059127327
0.045425083
-0.10807652
0.20468369
-0.10575465
-0.11659584
-0.037997026
-0.089252844
-0.19838305
-0.2136814
-0.13033968
0.04972406
-0.08239979
0.012957732
0.10133823
-0.028510746
0.17255375
0.1622886
0.060161725
-0.19797096
-0.034219693
-0.04331815
-0.17172123
-0.14807723
0.15125181
-0.079621345
-0.16234434
0.17939638
-0.1572837
-0.016174939
-0.044666577
0.17725089
-0.1669091
-0.19385163
-0.03968307
0.09311418
-0.07167445
-0.13641228
0.088162035
-0.12273515
-0.13134478
-0.030109296
0.16996488
-0.07747061
-0.017875994
-0.12804672
0.09939658
-0.13898262
0.06651227
0.2094899
-0.19976233
0.006281634
-0.11827233
-0.17385378
-0.09565701
0.13673206
0.15332745
-0.16179097
0.13668205
-0.0413485
-0.12648906
-0.17603068
-0.122519016
-0.0067620054
0.102671735
-0.01875377
-0.15114546
-0.20144835
0.08361103
-0.21333745
-0.18782763
-0.0942194
-0.012148634
-0.018751826
0.0884433
0.11880525
-0.0403112
-0.072028376
0.16376474
-0.021706896
-0.10045905
-0.2006289
-0.021859966
0.11551151
-0.024934493
0.13410093
-0.111290574
0.18170412
-0.04985897
-0.13309197
0.18378817
0.09926692
-0.11518494
0.089874335
0.19231729
-0.16179273
0.043449637
0.14457323
0.06301486
-0.065505914
-0.038928226
-0.17439398
0.066215605
-0.08924074
-0.05959506
0.090093225
0.13478452
0.08819314
-0.050736398
-0.10420755
-0.06799503
-0.18175599
-0.048961453
-0.18249114
0.08526686
-0.12413982
0.20170286
0.090324335
0.06524316
0.052293997
0.03659575
0.055742744
-0.01787096
0.21514139
-0.08731601
0.042450614
0.043656476
-0.018756956
0.2140804
-0.040151175
0.020138556
0.063215315
-0.15958367
0.050055105
-0.10471004
0.11069808
-0.16144878
0.05316499
-0.13751301
-0.02245762
0.090370454
0.080299415
0.120699316
-0.10666218
0.18260211
-0.05233825
-0.21007532
-0.16624863
-0.106375925
-0.17691611
-0.18188483
-0.19593033
0.11261787
-0.19958293
-0.1813697
0.052804302
0.12392697
0.05867452
-0.21460941
0.026502976
-0.02819043
-0.047349717
-0.18309946
-0.07093621
-0.20510037
-0.07405575
-0.15328084
-0.20602347
0.19901186
0.19801503
0.013365383
-0.048804197
0.17937177
0.054720838
-0.17757377
0.21549089
-0.15879357
0.15814042
0.0032761134
-0.054851245
0.15092517
-0.15159078
-0.03267948
-0.20408012
-0.11102591
0.16690297
0.06927298
-0.11963875
0.15113287
-0.06739262
-0.20728983
-0.019540425
-0.14908053
0.1999054
0.21423747
0.017331613
-0.21213394
0.0097307265
0.14924122
-0.19174725
0.11493435
-0.06593814
0.23144975
-0.020238465
0.04297428
0.18300611
0.050180294
-0.17969835
-0.088318065
0.015488747
-0.049570765
0.16288209
-0.074250184
-0.154293
0.08262464
0.053345494
-0.11353127
0.070169844
0.061617084
-0.17941171
0.1658068
0.046484772
-0.06621684
0.022919163
0.16746204
-0.17256515
-0.17960504
-0.12359071
0.006042408
0.2079277
-0.14519547
0.034183916
0.05612916
-0.07091903
0.060076095
-0.21056478
-0.07627486
-0.008177491
0.20026663
0.13554509
-0.09022259
-0.1353975
0.16950475
-0.14927319
0.116664074
0.1983756
-0.15842855
-0.06454204
0.027201885
-0.021425514
-0.060890924
0.012042529
0.032329537
-0.14389773
0.2078876
-0.045062315
0.111214675
0.1069265
0.07901779
0.06628183
-0.17631577
0.0923242
-0.04272699
-0.13612145
0.19438718
0.18911526
-0.050520465
-0.035830714
-0.039384127
0.11404492
-0.16760671
-0.19599897
-0.19462338
-0.1923204
0.20369478
-0.14910863
0.09805235
0.18654212
-0.1729769
0.2108369
-0.04199281
0.20933975
-0.19949776
-0.0065285475
-0.002189008
-0.090513624
-0.12959054
-0.13304672
0.12177319
-0.034540705
-0.117605664
-0.048183944
-0.06387413
-0.024001598
0.15976642
0.019337209
0.055463064
-0.167739
0.17625077
-0.0924401
-0.13612215
0.19237092
-0.08825757
0.08165477
-0.20964752
0.11539847
0.06735377
-0.08972165
0.085478425
-0.063514836
0.2035366
-0.2036583
0.20277138
0.20919597
-0.010959625
-0.08851275
-0.10583678
0.03374206
0.14621307
-0.14999521
0.06498052
0.13620229
-0.20148769
0.05477291
0.12100746
0.091007374
0.19398509
-0.19965948
0.07794832
-0.0972584
0.060557947
-0.080995634
-0.022649372
0.17024256
-0.029107574
-0.13655148
-0.053487398
0.20965743
-0.0019765305
0.19924241
-0.08206909
-0.19033001
0.10177247
-0.03761511
0.0022703444
0.17542021
-0.1588293
-0.06109393
-0.11100741
0.20441334
-0.16016221
-0.14277014
-0.21210219
0.13644587
0.1609215
-0.13474526
-0.17689121
-0.050413482
0.17074938
0.008112429
-0.15477535
0.1714811
0.027778976
-0.11267561
0.14875673
-0.003842913
0.123289675
0.11250446
0.07494058
0.16992877
-0.21575437
-0.022557536
0.13805526
0.092145786
-0.07608767
0.09075427
-0.0032272642
0.14297277
-0.17651391
0.057687752
0.160461
-0.13426623
-0.19421846
0.095924206
-0.18828782
-0.20104983
-0.15776768
-0.1111699
-0.114783734
-0.10882765
-0.124732964
0.2125924
-0.108623855
0.10396603
-0.13485935
-0.1018649
0.1786889
-0.19729848
-0.13292217
-0.17055078
-0.19146343
-0.041799482
0.15464753
-0.07287896
-0.15221868
0.15742797
-0.021011123
-0.20383097
-0.015123773
-0.022476528
-0.18983547
0.070468
-0.21043538
-0.009733961
0.07383259
-0.037051737
-0.1894557
-0.094756104
0.2026738
-0.08925387
0.15020959
0.20670575
-0.19408402
-0.08135504
0.009166722
0.10482476
-0.024942555
0.20965926
0.15831946
0.0051072044
-0.13911
-0.14254773
0.20600405
-0.027686177
0.16416213
0.028522862
-0.18102784
0.0026553732
-0.012705296
-0.10874054
-0.17421696
-0.063665554
-0.12711354
-0.18084179
-0.062082432
-0.002907589
-0.06601511
-0.16266927
-0.07936654
0.13769063
-0.17995198
-0.1872549
-0.07485338
-0.037773225
-0.0627363
0.06109737
0.055626035
-0.10771096
0.18726163
0.121101655
0.21156327
0.027959824
-0.07331812
0.06317708
-0.09827097
0.20683287
-0.112238996
-0.043348
0.07770061
0.09661051
0.11099548
0.031383675
-0.16134647
-0.03810701
-0.016517771
-0.20518748
0.19465967
0.018754605
0.16592449
-0.09087408
0.11242876
-0.11866888
0.12392529
0.042202145
-0.10764845
0.061225437
0.08005846
0.19442712
-0.06602458
0.1178234
-0.18697058
0.18393168
0.19238171
0.12330272
-0.008046354
0.036203995
0.10519487
0.0034712898
-0.1725329
0.18999374
0.13480736
-0.19524969
-0.101118155
0.0656522
-0.03876912
-0.110770784
0.02491448
-0.106454626
-0.07774856
-0.1975405
0.17075308
-0.07684386
0.102828056
0.20216008
-0.13078819
0.17735933
-0.10528282
0.18278624
-0.07002707
0.023420889
-0.016719779
-0.1619808
-0.21225
0.16860922
0.20095824
0.18307512
-0.11102407
-0.09290326
-0.15916607
0.05516323
0.17856562
0.12661459
0.026919745
0.18150471
0.21187136
0.16879612
-0.13332179
-0.06017243
-0.16534966
-0.14879043
-0.16835427
0.18802725
-0.15092202
-0.20107827
0.17965695
0.008641351
-0.11801175
-0.114519194
-0.06946037
0.08736491
0.0011652727
-0.16607122
-0.016734313
-0.20086853
0.12453072
-0.20498155
-0.004660173
-0.114245355
-0.18335502
-0.13763756
0.18739203
-0.019153045
0.09244272
0.024433654
0.027210474
-0.18263693
0.19003281
0.08601145
0.12869428
-0.07864557
0.08086208
0.04803527
0.049532875
-0.16145271
0.057685677
0.14172754
0.025433676
0.035923652
0.1434997
-0.21076107
-0.05627751
-0.10301897
-0.14703226
-0.13980636
0.20372556
0.07393012
0.14086202
0.115663245
0.18109062
0.19457795
-0.12642908
-0.19013686
0.122270584
-0.06489797
0.18704967
-0.07147886
-0.15183885
-0.14155549
0.012837189
0.05566251
-0.08800083
0.016083827
-0.14349589
0.21292591
0.17801842
0.08742759
0.029150639
0.19774708
0.11024869
-0.08187
0.17936349
0.16226584
0.2172135
0.19761376
0.0648151
-0.08614034
0.21182863
-0.16861583
0.0638548
0.016367141
-0.16971256
0.20482364
0.16387838
-0.09324429
0.13987432
-0.03925606
-0.18182287
0.15243539
-0.17119844
0.054875027
-0.12812854
0.19041619
-0.10354905
0.15064436
0.08262904
-0.1371995
