-0.027118808
-0.044256702
-0.07977996
0.09277196
-0.0006534052
0.11041711
-0.01404126
-0.069635056
-0.13998716
-0.09046264
0.13827561
0.107666
-0.10333733
0.01736625
0.01515648
-0.0047146096
0.12686054
0.03524288
0.025335709
-0.11082856
0.11854795
-0.05745128
-0.06278363
0.012547571
0.08797416
-0.090227604
-0.0952302
-0.024297956
-0.08111648
-0.14152463
-0.09938699
0.05850202
-0.006485017
0.10285018
0.07454292
0.04562767
-0.11981655
-0.12726079
-0.0783246
0.06654394
0.010896068
0.068879016
0.12180821
0.14112447
-0.14638571
0.056185152
-0.074198104
0.10663939
-0.087847695
-0.08527883
-0.089626595
0.12655465
0.0471456
-0.11613667
-0.029376531
-0.13184686
0.0071689114
-0.052828006
-0.080162555
0.002358065
0.035318736
-0.06283339
-0.032584127
-0.11849874
-0.017801195
0.14433812
-0.10969506
0.09459083
0.04984346
0.03396118
-0.1495512
0.08835895
0.07544108
-0.052093256
0.016009899
-0.080497086
0.12038317
-0.10090013
0.14856015
0.07658326
-0.026062405
-0.007811101
-0.14400172
0.033366963
-0.026166303
-0.111093625
-0.05865595
-0.11874015
-0.11485552
-0.043207757
-0.030993618
-0.10996497
0.08182655
0.15062636
0.030636799
-0.07159324
-0.054920655
0.06452961
-0.15040968
-0.09233628
-0.03283003
0.11246763
0.05947869
-0.0033833801
-0.07225445
0.032642886
0.10975485
-0.13444668
0.080205075
0.04209455
-0.06946244
-0.043965705
0.05827065
-0.034070577
0.03663694
-0.07726362
0.1489725
0.015097011
0.06339788
-0.11154279
-0.02972413
-0.097783014
-0.041858166
0.11966403
0.030081665
-0.051755767
0.1297616
0.13690557
-0.0059520314
-0.097504124
0.10864311
-0.12502803
0.10230658
0.09997159
-0.14297053
0.041673146
-0.10317718
0.03369309
0.0869576
0.015958354
-0.054078866
0.005932477
-0.12018837
-0.007470888
0.10602295
0.010793921
0.14831161
-0.018584253
-0.052304845
-0.15070917
0.0801424
0.086419046
-0.012749825
0.14784223
-0.047733232
-0.00967379
-0.07320151
0.11107049
0.11595617
0.11478606
0.14968455
-0.021295264
-0.004554489
-0.0075104195
0.06100126
0.13827986
-0.12239681
0.112267025
0.12881353
0.023147201
-0.11968005
-0.019879458
-0.030283317
0.05961763
0.048030686
0.13965766
-0.033326026
0.09158383
-0.09728743
0.073679075
0.029805204
-0.090475895
-0.09863404
-0.13393939
0.053005684
-0.054650452
-0.06176449
0.10469624
-0.07948379
0.065665506
0.137211
-0.06336847
-0.08783074
-0.051166117
0.025417736
0.08270464
0.15987316
-0.029882975
0.116196275
0.10514919
-0.046437655
0.12615219
0.019267151
0.12121879
0.018211538
-0.07776686
0.13427089
-0.09261545
-0.02875792
0.10029751
0.023085793
-0.11537574
0.08549942
-0.07310461
0.018385127
0.06796514
-0.0023617672
-0.117025055
0.086314015
-0.042817548
0.0312981
-0.098621465
-0.033354364
-0.04347871
-0.043821868
0.14931047
-0.14998554
-0.113695495
0.14490119
0.05947265
-0.099775076
-0.02631898
0.0004319266
0.06538813
0.045103837
-0.060227837
-0.019253822
-0.089490436
0.005914524
0.053628553
0.032976456
0.023764128
0.032330472
-0.1110617
-0.009702488
-0.053317264
-0.12382925
-0.0012137148
-0.09725482
-0.0057536047
0.12384322
-0.0016126549
0.12407737
-0.11080049
0.103962876
0.03821053
-0.12530881
-0.08366676
0.11131777
-0.14745185
-0.14084974
-0.14102705
0.08101563
0.1472675
0.040035773
0.14571328
0.13802955
0.04889841
-0.0055954657
-0.08737551
-0.13238527
-0.067318365
-0.08985845
-0.12997879
-0.12837166
0.12417216
-0.08018984
-0.01188314
0.016731227
0.0073801987
-0.08878144
-0.13053337
0.030083958
0.12665609
0.12430188
-0.107490025
0.026930662
-0.10762961
-0.032271914
0.11515968
-0.061423235
0.012967826
-0.045184646
0.06411945
0.08155563
-0.13105051
-0.04629628
-0.025487397
-0.060260367
0.14407164
-0.10832101
-0.13314192
-0.150823
0.0075133117
0.118169695
-0.00044478558
0.04594038
-0.1383905
0.050944816
0.09322835
-0.018598333
0.09532559
0.028821057
-0.014368097
0.08685024
0.036062457
-0.0389806
0.09818322
-0.11842873
-0.044073217
0.018142771
0.12397247
0.022431592
-0.11421889
0.13940482
-0.018906878
-0.02753415
0.010896816
-0.029541228
0.0010020061
-0.07541139
-0.11832974
-0.07864336
0.115690745
-0.123965725
0.057497997
-0.01908727
-0.05904426
-0.08533342
0.04355008
-0.0016134335
0.06622441
-0.08040869
0.022502512
0.039447892
-0.016615607
-0.039793205
-0.06608501
-0.07995157
-0.0056643537
0.0019519558
0.0666007
-0.076013304
0.11782987
-0.08648453
-0.021537183
-0.13708831
-0.0030808137
0.10609243
0.13326022
-0.008605023
-0.0077203615
0.12431973
-0.03556361
-0.054120224
0.072118066
0.061052367
0.05070067
0.029664885
0.034415424
0.028254464
0.028475065
-0.069033034
-0.05350565
0.015893606
0.0678941
0.13775656
0.05291804
-0.0509083
0.053691838
0.09030319
-0.09761786
0.099474385
-0.04468732
0.0036083672
0.029659892
-0.06086573
0.14326511
-0.015647005
0.06878506
0.14235511
0.040353652
0.108133554
0.08617515
-0.06841952
0.018621765
-0.03675432
0.103575766
0.13840023
0.13476671
0.081727475
-0.11986209
-0.09109478
-0.019632991
0.12020072
-0.02420962
-0.14775209
-0.05653208
-0.024364345
0.09462055
0.054056186
0.01391691
0.059503615
-0.13726163
0.04859238
0.10536282
0.14865214
0.13304637
0.066236086
0.08523461
0.12459085
0.097939305
0.081935965
0.032719795
0.07814298
0.12742296
-0.11979615
0.08222604
0.119723246
0.1472221
0.06241402
-0.03597631
0.1352086
0.051140573
0.15211998
-0.049217816
0.1304984
-0.112291835
0.10188317
-0.043383274
-0.028850965
-0.060013466
-0.073833995
0.026860671
-0.1290927
0.079384804
-0.09330281
-0.027257297
-0.09841542
0.13599618
0.14696024
0.1085549
-0.043595035
-0.0047002886
-0.037816323
-0.14021672
-0.024898032
-0.074382454
-0.1154109
0.07868768
-0.08388054
-0.04634759
-0.0740474
-0.0044107856
-0.13210925
0.062466353
-0.0846691
-0.09067349
-0.0030175662
-0.061234225
-0.03718582
0.013894279
-0.1043343
0.12792286
-0.08108207
0.11616086
0.14735577
-0.05239223
-0.1072942
-0.032141685
0.109550804
0.12567526
0.016288906
-0.12691389
-0.13272496
-0.13331302
0.050688867
-0.14923027
0.05003805
-0.04941811
-0.13912632
0.023042388
0.10022399
-0.11885119
0.15030129
-0.03227766
0.109312125
-0.038656104
-0.108831815
-0.071903475
0.0877811
0.15173154
0.105567396
-0.08100094
0.14565277
-0.035638172
0.10363408
-0.10211693
-0.12496632
0.09933805
-0.060822025
0.014183875
0.06269055
0.10507875
0.0641115
0.12138148
-0.07689214
-0.12789664
0.08308709
0.14954594
-0.07323434
0.100103356
0.14712381
-0.061769195
0.12493817
0.09862079
-0.06362489
0.0194583
0.11159477
-0.09517426
-0.019079812
-0.040660143
0.025039835
-0.02944808
0.12176925
0.116489545
-0.010104161
0.1374833
0.07957321
0.07084822
0.019491816
0.09379107
-0.038239088
-0.030038515
-0.112867065
0.13461874
0.07278353
-0.02922042
-0.1266438
-0.079936534
-0.05172572
-0.04277132
-0.029766561
-0.05844301
0.03049722
-0.07674898
-0.052272096
-0.057492185
0.09616998
0.10023851
0.029380694
-0.09938763
-0.010670933
0.085532986
-0.11545198
0.007151201
-0.13425295
-0.09729889
0.011585654
-0.03801707
0.11714655
0.08661514
0.109392695
-0.12856269
-0.009196282
-0.14711846
-0.031725205
-0.11844434
-0.10681336
0.0531766
0.15172964
0.10842788
-0.06433625
-0.12719758
-0.013681348
0.089813046
-0.09293853
-0.065667495
-0.15055227
-0.08214545
-0.02987742
-0.07583356
-0.12928568
-0.05113207
0.034028895
-0.003080855
-0.14738224
0.13773634
-0.062205836
-0.056644853
0.15137514
-0.0880776
0.060410004
0.0015888645
0.0068387906
-0.0062038098
0.03168235
-0.04250513
-0.0034878126
-0.0006257871
0.089017905
0.006757024
-0.013656372
-0.01332735
-0.1087437
-0.10885615
-0.11861306
-0.122982465
-0.027169107
-0.033375967
0.038343865
0.058512222
0.0482544
0.018977625
-0.106670424
0.106869146
0.031013789
-0.021948632
-0.1044155
0.01621717
-0.13053937
-0.12585106
-0.06454961
0.103888646
-0.09025611
0.0026057553
0.03100216
0.12638041
0.08292024
-0.10630875
-0.014434096
0.15162483
-0.050532244
0.06366182
-0.06189004
0.048994705
-0.058709208
0.04456262
0.041199155
-0.14718994
0.13340728
0.029662346
0.13336237
0.10849815
-0.054876454
-0.15033112
0.07759093
-0.14197814
-0.14544877
0.13515705
-0.07414041
0.041090533
-0.14084153
-0.06394195
-0.03503184
0.11169079
-0.029636458
0.15196294
0.08433739
-0.033337798
-0.031940408
-0.068545
0.10096782
0.0036008896
0.06532973
0.045122556
-0.10821061
0.07325121
-0.09500422
0.10164682
-0.050181944
-0.14313523
0.021731265
-0.14242706
-0.08660039
0.055704795
-0.009356288
0.036711287
0.07148431
-0.109705985
0.030340392
-0.09518713
-0.12652981
0.13289006
0.014868419
-0.080259174
-0.14637852
-0.11843477
0.035929807
-0.087192625
-0.041905656
0.07230872
0.036580227
-0.028114805
-0.13335343
0.12718317
0.15147239
0.031602345
0.087592036
-0.10351324
-0.13768958
-0.14162862
0.01010485
-0.14678358
0.04108629
-0.025282335
0.09530956
0.08048887
0.060983296
0.1031232
-0.07171527
0.15007564
-0.044610385
-0.009614972
-0.11511256
0.040767148
0.010080429
0.14815554
0.0049491962
-0.027699843
0.016747134
-0.13316332
0.10377922
0.092900656
-0.055127945
-0.10061214
-0.10724546
-0.1490149
0.060136583
-0.035040643
-0.041479096
0.12692498
-0.03323776
-0.014889441
0.042207293
0.056745514
-0.09575955
0.114673786
0.06734866
0.05883859
0.10622955
0.030534653
-0.08759628
-0.034111913
0.113277085
0.12939386
0.10129824
-0.019096125
-0.0739316
0.012642212
-0.043551695
0.027981455
-0.03884429
0.073237225
-0.106589116
-0.010183812
0.073932745
0.08586431
0.0022216032
0.105429865
-0.11480764
0.055604964
-0.0104257325
0.001872291
0.09532215
-0.10141284
-0.07205833
0.11141528
0.016287869
0.058156524
0.01638485
0.0523541
-0.12334565
-0.022579588
0.11983027
0.069214955
0.13262656
-0.07194635
0.037855078
-0.14663477
0.11685203
0.08007864
0.13009882
-0.114825234
0.0600748
0.04830093
0.09152367
0.061836787
-0.1385208
-0.12482293
0.11720227
0.04833844
-0.001583255
-0.041761328
-0.1282407
-0.15266173
0.036799006
-0.11851489
0.15371642
0.030860627
0.10522894
0.034807324
0.042636987
-0.015700098
-0.08587723
-0.03158479
0.06922385
0.005637071
0.03953921
-0.035807975
0.12929474
0.085136704
-0.08206268
0.038436238
0.093948245
-0.020543896
-0.042196933
0.13444158
0.08016565
-0.025262794
-0.104670115
0.11638244
-0.057427544
0.021492423
0.11337911
-0.032312576
0.13175523
-0.047550894
-0.07562898
-0.15053113
0.041550975
-0.12783891
-0.11046132
0.07440562
0.0013096185
0.10394862
0.075260416
-0.03228772
0.04462235
0.083608225
0.11783999
0.056350604
0.05150733
-0.039510123
0.00013049877
-0.14215519
-0.13076434
0.01352239
0.0011841662
0.12287781
-0.07756576
-0.03797913
-0.09475699
-0.114941545
0.13891083
-0.043715324
-0.073022276
0.066323474
-0.12511201
0.13986363
0.1062297
-0.12022309
0.06951961
-0.10238583
-0.058248423
-0.047472846
0.09962836
-0.055711124
0.14043857
0.0019452544
-0.08748018
0.14022356
-0.12337524
0.084986016
-0.0045676893
0.026270095
0.011331749
0.1443552
0.038585026
-0.1303993
-0.12907526
0.120700486
-0.122388095
-0.14785801
-0.02516209
-0.11171385
-0.04729953
-0.08383976
-0.059587862
-0.1292419
-0.09791448
-0.09219769
-0.039714642
0.067877285
-0.07415925
0.12201104
0.12779324
0.0793827
0.050685313
-0.12607723
0.1400579
0.08937489
0.029793875
0.103312545
0.10952999
0.1455689
-0.01067139
0.099909216
-0.12796202
0.1278739
-0.045425303
-0.07548784
-0.10204603
0.042237908
-0.01157386
0.0814919
0.08987932
-0.09270824
-0.016928336
0.12381305
0.093409374
-0.09276847
-0.15180442
0.022332802
0.0518729
0.05800377
-0.027054267
0.10708166
-0.12618504
-0.15148361
-0.06809651
-0.021269305
-0.015187334
0.037942886
0.12067964
-0.1101004
-0.033073306
0.072139636
0.12056901
0.14337137
0.014235311
0.04407745
-0.12466132
-0.09142658
-0.074629635
-0.032815408
-0.08150385
0.117780246
-0.07416369
0.12350297
-0.07105061
-0.07855708
-0.073772326
0.004931607
-0.033179313
0.14151436
0.061060604
-0.09125113
0.10659829
0.14785232
0.03048527
-0.12776467
0.014790548
0.11496241
-0.15105881
0.011511976
-0.10333255
-0.006263286
0.10288599
0.010607785
-0.11544171
0.0069323946
-0.13797045
-0.030054327
0.062057275
5.90954e-05
-0.12500298
-0.06231323
0.11878974
-0.041358832
0.0858404
0.102247104
0.03562623
0.039020877
0.102000974
0.040922865
-0.03459797
-0.099813975
-0.073071904
0.08458105
0.045140322
0.10563587
0.024914818
0.056120038
0.091295265
-0.124342315
-0.058923364
0.111116916
-0.034527496
0.10643559
-0.06897058
-0.03330743
0.09011281
-0.078221545
-0.114798345
0.017009398
0.07713533
-0.12570247
0.0878671
0.028337141
0.008116717
0.026952175
-0.02095325
-0.012128228
0.12808986
-0.029507427
-0.071432576
-0.07313394
-0.055745922
0.07773289
0.014145845
-0.13422003
0.04527148
-0.057856116
0.022280922
-0.075711735
0.030501582
0.08405211
-0.10068308
-0.09695684
-0.06388697
-0.14253011
-0.1038476
0.05050176
0.013442387
-0.042498145
0.13117589
0.05214327
0.101471476
-0.0014446413
0.024810493
-0.108319595
-0.004186649
0.015460606
-0.056731746
-0.05002548
-0.00627202
-0.07023386
0.025905501
0.14257398
-0.044742834
0.095068626
0.10238757
-0.13159801
0.14380848
-0.14331071
0.12567852
0.14875601
-0.14652848
-0.10972077
-0.085097715
0.022730611
0.07486021
0.06447028
0.11772606
-0.09155456
0.080743834
0.07131029
-0.09582704
-0.07562355
0.04640972
0.00819045
-0.04008773
-0.12971331
-0.024323683
-0.022180462
0.0890639
-0.041325677
-0.04374082
-0.02936292
-0.09974376
-0.08641851
-0.0010641197
-0.069370955
0.12611747
-0.08845371
0.020335734
0.0497199
0.065805756
0.1194652
-0.021740425
-0.010121753
0.08552523
0.07655098
0.024759974
-0.13135946
-0.05724998
-0.12445295
0.121331654
-0.11747081
-0.07419504
-0.008250939
-0.09629726
-0.010003896
-0.10251768
-0.112234555
-0.023824962
-0.14526567
-0.09410789
0.11889463
-0.069947
0.09938672
-0.11594377
-0.031225894
0.10271787
0.12006406
0.027639434
-0.0054109287
-0.0149918245
-0.05765036
-0.14898
-0.0004530521
0.028376592
-0.0046653496
-0.12563534
0.02463837
0.05204405
-0.091687456
-0.12721537
-0.08653117
0.058565304
0.08528298
-0.12530243
-0.15083896
-0.034721598
0.1244717
0.10745883
-0.03258926
0.0094863465
0.08616348
-0.1452694
-0.079028666
-0.0479446
-0.12807511
-0.0021793898
0.084448144
0.029266005
0.048100896
-0.122248344
0.14741036
-0.085467935
-0.06526577
0.1186131
-0.022520179
0.09696668
0.14121413
0.13745992
-0.0356503
0.13024324
-0.06997126
0.018635547
-0.008676811
-0.15006132
0.041251156
-0.038821097
-0.027270773
0.15039992
0.018837558
-0.14912592
-0.021974698
-0.10051433
0.0032788538
-0.09152547
-0.06984605
0.09331234
0.013783647
0.0816205
0.08907566
-0.10296618
-0.108465165
-0.13385971
0.069586694
0.14090848
0.10256354
-0.13966338
0.061463855
-0.067662984
-0.0022709693
-0.10484688
-0.12853473
0.111644916
-0.12572508
0.02103798
0.09238421
-0.070014186
-0.066267535
0.03830925
0.05828738
0.04028473
-0.080495544
0.052307144
-0.12110039
0.079721965
-0.10657981
0.1290462
0.0041164197
0.1222621
-0.124172725
0.0050070295
0.045873497
-0.090310365
0.09326719
0.10950498
-0.118609644
0.11868496
-0.04816473
0.111495726
0.039844695
0.10977567
-0.006554327
-0.09363062
-0.02729192
-0.012807097
0.022285908
0.13867736
0.046610408
0.099032156
0.04960071
-0.019414298
-0.03166805
0.09831028
-0.039504305
-0.03314646
0.1520984
-0.14757718
0.018596444
-0.1008807
0.0050891344
-0.012398906
-0.0016966314
-0.028305748
0.10252284
-0.007661881
0.147299
-0.055853646
0.08101661
0.14774098
0.039451044
-0.04853328
-0.09340489
0.06439788
0.061153516
-0.07040733
0.052256715
0.055340998
0.08447311
0.07182868
-0.13641474
-0.016969467
-0.012395471
-0.008297326
-0.03743083
0.093284
0.12352654
-0.08365464
-0.10420612
0.13486522
0.09075261
0.13039951
-0.06226833
0.10908208
0.05302276
0.109805085
0.020509338
-0.08468872
0.056961276
0.06410986
0.018098949
-0.049047943
0.12049387
0.0015037801
-0.10932217
0.115226686
-0.03182738
0.028121313
0.06478219
0.14510033
0.10415022
0.011345809
0.08753295
-0.15102644
0.11530594
0.072500326
0.060492456
0.03998468
0.12317396
0.022375725
-0.1309196
0.08160617
-0.042639546
0.13411902
-0.026300164
0.037705075
-0.11732915
0.1511594
-0.012299424
0.07293567
-0.01762828
-0.09504797
-0.10452299
0.063147515
-0.029027894
0.10063489
-0.13309398
-0.12981714
0.1202847
0.055802356
-0.1308159
0.025978386
-0.08396958
-0.058417268
0.07843716
0.07635767
0.09260355
0.026204787
0.01594825
-0.13254336
0.059608646
0.017976748
0.1256305
-0.0006697264
-0.02359994
0.046609275
0.14792724
0.10983008
-0.08720373
-0.14090627
0.005544307
-0.071188584
0.055325948
0.079256445
-0.14697412
-0.053475052
0.07610271
-0.035210356
-0.106511
-0.05060902
-0.12576589
-0.016581984
-0.11647707
0.035283756
0.05423483
0.08473283
0.040105317
-0.070712246
-0.056064367
0.11336462
-0.0013181536
0.072550625
0.12597416
-0.098360054
-0.026682436
0.04802238
-0.051472448
-0.07015201
0.00869517
-0.01072458
-0.094842136
-0.11673236
-0.12583652
-0.091267556
0.14507991
0.025186338
0.03484847
-0.11976829
-0.031448927
-0.04932875
0.11231609
-0.0017164334
0.036861073
-0.04402903
0.07850858
-0.048216537
0.11625695
-0.046784088
0.09001918
0.115514986
0.073300496
0.14406383
-0.080093704
0.13654877
-0.13581379
-0.096270226
-0.056654956
-0.09709877
-0.12338811
-0.029234199
0.09808372
-0.082566686
-0.14504242
0.10796925
-0.11965767
0.03228984
-0.065591425
-0.08686822
-0.0019040279
0.05645945
0.081570126
0.06960614
-0.08831964
-0.09210865
-0.024802892
0.054802895
-0.1401047
-0.050348554
-0.053498663
0.077644914
0.13598596
0.10415573
0.10619896
-0.056567084
-0.063963056
0.03680138
0.05732931
-0.072924316
0.103432536
-0.14459229
0.055069573
0.14281361
0.11402524
0.01959196
-0.088799834
0.0010773409
-0.101035714
-0.083433785
-0.08478153
0.05821763
-0.0573285
0.08469044
0.0851789
-0.08284638
0.044126347
-0.053856444
0.053663775
0.09359398
0.044972572
-0.05597595
-0.058786847
-0.010714372
-0.0035698728
0.14385356
-0.1222192
-0.1488243
0.03168736
0.056033406
-0.08331298
0.11284175
0.09998447
0.014809547
0.017976351
0.103883184
0.06303097
0.15169096
0.03353803
0.009995691
0.005721509
0.11028514
-0.09348139
-0.015996583
-0.037376553
0.10889404
0.13025999
-0.098001935
0.018087037
-0.061479386
0.13719828
0.10567178
0.007181708
-0.081891745
-0.07406146
0.092825785
0.04717156
0.01704402
0.029156838
0.079554185
-0.09704732
0.02411141
-0.12160791
-0.12220846
-0.03898013
0.07879317
0.122565426
0.04413213
0.04370607
-0.14157766
-0.09080329
0.050221227
-0.070862114
-0.10259055
0.017738635
0.055271693
0.028597353
0.11867881
0.13243087
0.063773066
-0.031365916
-0.033841696
0.10817935
-0.1460777
-0.09657136
-0.15172656
0.09546601
5.674066e-05
0.12416342
0.07190277
-0.072180405
-0.12780139
0.060089625
-0.1112342
-0.11940064
-0.10755156
0.028776335
-0.061569743
0.051554944
0.06905474
0.10901145
-0.11120826
0.08577578
0.0024695285
-0.008948464
0.016872002
0.04039265
-0.08958722
0.04308928
0.13448788
0.104739025
-0.012612631
0.00562155
-0.061480794
-0.094425075
-0.01122916
-0.13530618
-0.0718728
-0.088446885
-0.13771476
0.041144542
-0.065476045
0.098757364
0.09678444
0.117893726
0.083534494
-0.024282273
-0.018924996
-0.08146348
-0.011137007
0.03663545
-0.102133214
-0.120473966
0.112249784
-0.08547814
0.13884158
0.001540354
-0.08113014
0.009453264
0.009620099
-0.10768521
0.044389557
0.12145752
0.09622445
-0.07789601
-0.0682267
-0.07715969
-0.0011846526
-0.099809654
-0.03883812
0.12308234
-0.12850544
0.045930464
0.057876714
-0.0043369564
0.05415593
-0.13995424
-0.05113407
-0.14950149
-0.1423433
0.071399264
0.06421859
0.088206045
-0.014314381
-0.12122728
-0.120898426
-0.031754438
-0.02376597
0.03991663
-0.012415495
0.07964564
-0.124358244
0.034428358
0.063071676
0.019717695
-0.14876592
-0.06163467
-0.1016634
-0.07815357
0.13050722
0.039163977
0.11124246
0.045825686
-0.007276192
0.026330383
-0.13651337
-0.09621211
0.10335182
-0.06274244
0.111689165
-0.07937649
0.053030297
-0.019830128
0.111595094
0.024268983
0.036856603
-0.03282578
0.08441372
-0.14917195
0.14640783
0.064453855
0.0334444
0.044352643
-0.12190367
-0.052289553
-0.04135619
0.051638488
0.089852884
-0.15047716
-0.025915971
-0.14242083
0.13206823
0.032065723
0.034086872
0.1404605
0.053602204
-0.10760975
-0.102236815
0.048030112
-0.012916757
0.07326453
0.05259364
-0.08388866
0.03522623
0.018130045
-0.10979367
0.11021295
-0.043741815
0.12160529
-0.092587896
0.07018233
0.11873277
-0.13788621
-0.0075394507
0.12800546
0.15228938
-0.045162108
0.14048806
0.100486696
0.003774829
-0.1408899
-0.055392306
-0.14206891
0.08682771
0.098398425
-0.08668215
-0.032777905
0.035709076
-0.047511294
-0.064512834
-0.047856055
0.1373007
-0.06324155
-0.11337618
-0.023026759
-0.07179206
-0.04888361
-0.0751325
-0.060712166
0.13703369
-0.005765616
0.120269716
0.035453945
0.12749128
-0.04398354
0.12795517
-0.061774123
-0.14931917
0.072808824
0.024780268
0.091497935
-0.04566215
0.028937364
0.0024474896
0.027075887
-0.025489898
-0.08591168
0.06195262
0.042998184
0.10306766
-0.08568225
0.07435385
-0.070027046
-0.020989895
0.13976818
-0.0068414425
-0.0937791
0.022921676
-0.04020864
0.05979873
0.06079575
0.081516854
0.010421481
0.02239996
-0.13948546
-0.113232866
-0.14393614
0.050967477
-0.018959654
-0.0990478
-0.012386618
0.03671384
-0.05819419
-0.008406996
0.112264894
-0.0842162
-0.105178185
0.04923286
0.059192207
-0.14996475
-0.13216212
-0.019402215
-0.054867808
-0.11231511
0.13682656
-0.02605799
-0.10874558
0.011856914
-0.12532568
-0.11456677
0.046477564
0.007946207
-0.1446257
0.10051813
0.10800135
-0.06708283
0.024594136
0.004924216
0.13238305
-0.029516071
0.072850555
0.03610867
0.052065894
0.10216872
0.052316587
0.017309137
0.08532467
0.046933405
0.12253415
-0.11008124
-0.14309843
0.06728271
0.024055753
-0.059941716
0.04243723
0.12173956
0.149968
-0.09609755
0.0924389
-0.088867486
-0.035985287
0.118845716
0.06730325
0.058849405
-0.004352293
-0.0830389
-0.10917911
-0.122121714
0.052886225
-0.062373377
0.02470311
-0.023260914
0.11121432
-0.10523757
-0.14877723
-0.057327956
-0.04702128
-0.055467986
-0.0015822388
-0.122408696
0.13665584
-0.021193575
-0.06690423
0.03549565
-0.060629934
-0.064970605
-0.048543498
-0.1436943
0.01837082
0.13122886
-0.12341696
-0.0996416
0.08348059
0.15113263
0.12554401
0.0821733
0.11021493
0.0054843333
-0.1518094
-0.117219634
0.08332933
0.027680146
0.022451654
-0.07724487
-0.10239232
0.12251854
0.08410256
-0.061378237
0.06961779
-0.0843326
-0.09719781
-0.14688912
-0.14381808
0.12881233
0.033054434
0.06997942
0.041380987
0.098458014
-0.06789688
0.0812115
0.11709323
0.07387911
0.11209589
-0.043331906
0.1171364
0.13787892
-0.026923131
0.023285145
0.10309441
0.12115559
0.03657645
-0.049692996
-0.008111962
-0.119839944
-0.0058920872
-0.102901205
0.052270666
-0.10379819
-0.08960454
-0.14736612
0.0070378203
-0.06812637
0.13408981
-0.11737926
0.079604074
-0.10589156
-0.01653615
0.057587244
-0.036709193
-0.040133536
0.06972832
0.07183076
-0.14499828
0.03448046
-0.09514743
-0.094933495
-0.13868107
0.008013735
0.05252007
-0.10098479
0.10154429
0.028040724
0.055558637
-0.120677195
-0.06822171
-0.06526078
-0.09375681
0.05463205
0.022890467
-0.019660642
-0.004040537
0.07665214
-0.055587094
0.014996589
0.08619082
-0.123953775
-0.11259138
-0.12690967
0.084484145
0.1274595
-0.056068085
-0.09320341
-0.03334319
0.06939292
0.032822184
-0.015217336
-0.022932276
-0.01626073
-0.06370312
0.103657536
-0.007231936
0.076870814
-0.05409009
-0.096997246
-0.006371532
-0.07038171
0.031999413
-0.0004470103
-0.11216016
-0.07045864
-0.013862834
0.085833326
0.1338482
-0.034731027
-0.14231512
0.1305465
0.025741354
0.15673932
-0.093295336
0.09018675
0.014481401
0.14338866
-0.0004672771
-0.08630908
0.14159967
-0.14488319
0.09530326
0.012775348
0.051984556
0.008052389
-0.11366183
0.045610994
-0.008345205
-0.06304596
0.13521914
0.08578905
-0.007326492
0.056011647
0.15095519
-0.056924917
-0.04809957
0.07265289
0.02495464
0.06217305
-0.0053084632
0.069941424
-0.015298114
-0.054441277
0.15732448
-0.048230007
0.10709124
0.12401719
0.1073604
0.117377825
0.10070451
-0.075011924
-0.12376161
-0.072238706
0.10413944
-0.026543818
-0.045880612
-0.12511459
-0.09130863
0.0860294
0.058655377
-0.103605844
0.10514977
-0.0362662
-0.06291441
0.06004144
0.00503193
0.09375688
0.10370206
0.11269814
-0.11655438
0.054426666
-0.010887514
0.10254296
0.027866263
0.076142855
-0.008008056
-0.04070399
-0.12729748
0.069464676
0.059535425
-0.01932883
0.07222814
-0.021794952
0.073243015
-0.07767035
0.0003945367
0.121597566
-0.13280746
0.099420354
-0.0074431933
0.06925019
-0.051457
0.14616024
0.08125633
-0.097964816
-0.08391185
0.112755336
-0.08061474
-0.09596449
0.04467638
0.14044195
-0.0033255662
0.13081504
0.019651968
0.09028494
0.11270782
0.15746954
-0.052486174
-0.040546093
-0.04811235
0.02943483
0.16057056
0.12096734
0.123310395
-0.09642863
-0.14045575
-0.13336869
0.08712283
0.02204002
0.013003494
0.08619453
-0.06038617
-0.12638873
0.022167271
-0.14047232
0.12886277
-0.11452589
-0.016535038
