-0.32009202
-0.04063461
0.32536846
0.19757438
0.09117376
0.24047169
-0.2642361
0.40468788
-0.09506307
-0.017270349
-0.28772292
-0.08064695
-0.22200727
-0.3097581
-0.046598643
-0.18157104
0.16023211
0.35749152
0.15264323
-0.20092839
0.08949093
0.1690028
-0.02008112
-0.0030214111
-0.06511912
-0.20945281
-0.25600046
0.11605001
-0.23708273
0.17864284
0.27314022
0.30821255
0.26774666
0.40942612
0.12597781
0.073177084
0.2412693
-0.18885826
-0.12351991
0.27361134
-0.2512634
0.1893408
0.022829894
-0.347036
-0.20948404
0.080944225
0.04913854
0.36331123
-0.13437949
0.17153461
-0.2231146
0.16274966
-0.22990456
0.12924807
-0.08887871
-0.08047305
0.19527873
-0.15123908
-0.19102825
-0.17687899
0.0051721837
0.06473173
-0.17087278
-0.10574269
0.26331833
-0.1671178
-0.29586494
0.401893
-0.18512791
-0.25441858
0.2637941
-0.013638441
0.38288343
-0.36069274
-0.32960087
0.24968505
0.08978282
0.1385131
-0.1993487
0.16798171
0.26917246
0.21992844
-0.13409784
0.07262414
0.01965298
-0.40903288
-0.34338254
-0.18915905
0.27081215
0.042273685
-0.018154927
-0.23693877
0.035756126
0.10694883
-0.066772155
0.3612689
0.25014618
0.13755366
-0.044898953
0.20981617
-0.13531582
-0.058372762
-0.42185253
-0.35211584
0.11094814
-0.37915996
-0.22065714
-0.14451055
0.2650178
-0.021487711
-0.06352078
0.21661946
-0.38697687
-0.31074378
-0.25377592
0.4104848
-0.35488775
-0.010551516
-0.19425194
-0.2583376
0.039010856
0.38244486
-0.02820936
-0.22705895
-0.09403242
0.32844406
0.11927488
0.4286325
0.20237611
-0.3202203
0.41219208
-0.24069041
0.20172644
-0.419832
0.30017018
-0.04527325
0.11947026
-0.38893968
0.2607701
-0.3996763
0.25235575
-0.23005657
0.33328426
-0.28135335
-0.35482866
-0.4032758
-0.003329807
-0.13462876
-0.2588119
0.1324426
-0.12540396
0.3606445
0.15815544
-0.37561077
-0.37657452
0.1197438
0.2934392
-0.018718997
0.2575874
-0.2904885
0.10916963
0.051025767
0.15614302
-0.077245705
-0.13988745
-0.21198818
-0.27236614
0.27844074
0.22793394
-0.3525671
-0.35719016
-0.09035466
0.17063825
-0.3255125
0.1944719
0.40613136
-0.1646561
0.15204912
-0.35146424
0.27216986
0.06612158
-0.18517525
-0.229077
-0.045272265
0.2833232
0.3619146
-0.07302474
0.095059216
0.3783191
-0.24056552
0.065764576
-0.32510865
-0.12067737
0.40602458
0.424006
0.29270387
0.28246185
0.13421074
-0.19400577
0.07639626
-0.060554907
-0.26097235
0.17627174
0.20688151
-0.32673538
-0.23390315
0.14094536
0.3104365
-0.08665796
0.102016866
-0.20550764
-0.23476735
0.22520955
0.15412869
0.14408056
-0.4314336
0.1901835
-0.391516
-0.29446793
0.094273455
0.05312068
0.29534483
-0.39404884
-0.19804695
0.07777947
0.19235085
-0.4247826
0.17066053
-0.06709624
-0.23828761
0.30271778
0.39223933
-0.25690925
0.13586865
0.09192431
0.17679828
-0.14493495
0.03798576
0.061103802
0.12367053
-0.37857056
0.38712776
-0.07109679
-0.30713692
-0.33995494
-0.37889096
-0.19117984
0.20683795
0.05264472
-0.06614505
0.35200128
0.35869208
0.2199243
0.02114688
-0.12912607
0.2211203
-0.27466813
0.103579484
0.3251943
-0.29422098
0.42744258
0.25958967
-0.40634972
0.37920764
0.26933956
0.3186139
-0.14490752
0.27994853
-0.07444099
0.19232546
0.123434514
-0.07551919
-0.31718636
-0.26739886
-0.011377176
-0.4161142
0.094404325
0.43166173
0.27151242
-0.11070059
-0.14521244
0.07227197
0.40027273
-0.18313858
0.075884275
0.4054803
0.047445726
0.41228104
0.37880448
-0.17993088
-0.3357035
0.078614615
-0.23953122
-0.32246774
-0.39709878
0.19447556
-0.2671175
-0.3661976
-0.2083179
-0.04016587
-0.26148483
-0.068042524
-0.018937914
-0.12151961
-0.14372417
-0.09183037
-0.40450314
-0.2766708
0.023535961
0.30539054
-0.4037447
0.095995784
-0.121711604
-0.061532415
-0.33337045
-0.09162759
0.40557244
-0.11555859
-0.3347069
0.108694084
-0.07706255
0.33321258
0.08079067
0.346363
0.25441
-0.043450247
0.07176717
0.3209764
0.022665773
0.20175289
0.012845935
-0.2599827
-0.01959192
-0.31321666
0.42249438
-0.41130376
0.1766194
-0.37000126
-0.30397624
0.19289069
-0.37697092
-0.1910891
-0.27499965
0.26832932
0.35226876
-0.23225108
0.30995727
0.14922921
0.27895153
-0.24414353
0.16030483
0.08360134
-0.25430533
0.066073656
0.23575403
-0.16020414
-0.13624872
0.088951126
0.061436903
0.17237987
-0.39221412
0.07404877
0.23403285
-0.35981578
0.22970384
0.21466792
0.42723405
-0.1970901
-0.00534697
0.21779625
-0.09893319
0.10625314
0.07400743
-0.17602918
-0.18044713
0.098891556
-0.28957894
-0.19574136
-0.012081456
0.20824875
-0.22620456
0.2218933
0.25513518
0.06925839
0.30373576
0.20506948
0.22253864
-0.25803837
0.2113242
0.29989672
-0.0035917994
0.04290431
-0.026658898
0.16693829
-0.18127754
0.24273622
0.016105298
0.3387615
-0.13783444
0.30416137
0.17797
0.11496414
0.021761272
0.22672972
0.2108361
0.1704893
0.07275986
-0.2619405
0.23951973
0.20638917
0.30829236
-0.083745204
-0.42188138
-0.27885374
-0.11803701
0.06753806
-0.26779398
0.05310616
-0.3999043
0.22458741
-0.2852343
-0.1649496
0.01312751
0.21905439
0.15371236
-0.38988334
-0.0762263
-0.28723305
0.18933892
0.14518794
-0.16127735
-0.044278983
-0.3920196
-0.39644665
-0.4222422
0.30190852
-0.28610095
0.16509672
-0.014088232
0.07951642
-0.22005567
0.019563163
0.046900716
0.1840169
0.2690499
0.32679924
-0.3209443
0.2723601
-0.266002
-0.18031551
-0.098582596
0.06776292
0.03175472
0.10127708
-0.14108364
0.26844665
0.34202603
-0.16542952
-0.3100555
0.3731812
0.34672788
-0.18672545
0.08701185
-0.030783825
-0.08055436
-0.27192655
0.36788705
-0.2896181
-0.061152123
-0.13506873
-0.21217813
0.1625338
-0.22513655
-0.02205471
-0.11140621
0.38975546
-0.4307207
-0.24021617
0.11747534
0.07836522
0.18755491
-0.32640684
-0.2189292
0.20632583
0.20183401
0.23230928
0.012341154
-0.14332145
-0.2988313
-0.3993161
-0.037204403
-0.14825873
0.35529453
0.27027777
-0.16947219
-0.3271754
0.27317902
0.2625884
-0.3950565
-0.27371174
-0.29501095
-0.12989807
-0.3862767
-0.36086792
-0.3460963
0.242844
-0.38043123
-0.026907818
-0.41860032
0.38089257
-0.30222648
-0.28251886
0.17543474
0.10509309
0.17869185
0.17779826
0.119854555
-0.10917084
0.1976574
-0.427947
0.3505236
0.4263472
-0.17624587
0.37062234
-0.26025185
0.34108177
-0.0022138816
-0.20634641
0.3176079
0.11143559
0.18852241
0.29863873
0.30116054
-0.1500381
-0.16735627
0.15886743
-0.37320513
-0.3443383
-0.09234762
-0.0709914
0.36528718
0.25634503
0.18139897
-0.004452163
-0.10348742
-0.10306323
-0.018025963
0.22766224
0.2935761
0.15597348
-0.27712736
-0.05492032
0.31190848
-0.4295709
-0.00919951
0.37986228
0.21818216
0.12344047
-0.39693972
0.25687686
-0.30658758
-0.2807991
-0.20194979
0.27022564
-0.11815338
0.1729722
0.062729895
-0.26184863
-0.21801193
0.36513796
-0.038040746
0.07631554
0.19421506
0.32191762
0.37637693
-0.047561735
-0.017226456
-0.27716026
0.20532481
0.3129779
-0.3244399
-0.34127647
0.0221935
0.014040605
0.17625935
0.20598431
-0.060567193
-0.28001162
0.23874016
0.08257213
-0.14493051
-0.2875259
-0.02761745
-0.29566336
-0.089238964
0.18117198
0.3605984
0.23219198
0.07026208
-0.27202946
-0.13146032
-0.27358937
0.037385553
-0.14942753
-0.4134096
-0.31141084
0.32364798
0.3259227
-0.19538152
0.064567804
0.25285453
0.37035933
0.008204075
-0.4006838
-0.36695147
0.22609052
-0.14358574
-0.32631353
-0.08494115
0.3917252
-0.077383384
-0.36748403
0.3450679
-0.2013083
0.1286145
0.27203935
0.14988494
-0.24280469
0.42568192
0.08766581
0.35437703
-0.11145253
0.23191229
-0.3160562
0.2677304
-0.2692338
-0.19455472
0.25971976
0.16337174
0.12321897
-0.08477214
0.16497216
0.085503556
-0.33829415
0.23987697
-0.35246453
-0.08729485
0.07933399
0.17015754
0.36821023
0.21033552
-0.24559872
-0.39209095
0.1279438
-0.14402325
0.3606501
-0.005834276
0.16845088
-0.28396887
0.3199001
0.38468096
-0.022935893
0.13175519
-0.2706194
0.37033302
0.10916235
-0.07834787
-0.1318994
0.040384304
0.23526157
0.043668997
0.41907305
0.02804889
-0.15018868
0.1608769
0.365838
0.42892757
-0.13863425
0.28910446
0.2500038
-0.39376196
-0.3722408
0.0069778594
0.42377988
-0.3670484
-0.28361973
-0.028983397
0.07943112
0.41997075
-0.10716578
0.021124013
0.3726034
0.27269194
0.41005385
0.38902223
0.34059808
0.12998496
-0.28575724
0.38451833
0.2881651
0.19938885
-0.38351002
-0.2907422
-0.06405697
-0.09004307
0.15849183
0.14263757
0.31995264
-0.21002959
0.0013237197
-0.02988408
-0.11470472
0.39777026
-0.37537804
-0.0941836
-0.3415564
0.21810955
0.14913806
-0.055607773
-0.14360324
0.14279257
0.30366945
0.17370912
0.3304737
-0.26712018
-0.2995068
-0.09314454
-0.18907426
-0.3908826
0.16995135
-0.38361567
-0.32255158
-0.19988038
-0.02369562
-0.27049094
-0.4129326
-0.15715128
-0.05366891
-0.00071911333
-0.37900814
0.362942
0.03184079
0.17756581
0.10007411
0.03286439
0.37459186
-0.31366688
-0.065198354
-0.30191317
-0.23434028
0.2907542
0.3458121
0.18376707
-0.38002414
-0.2922372
0.37938723
0.20367213
0.004352796
-0.018023755
0.08291366
0.40560865
-0.3164788
0.30823186
-0.23282835
-0.33455604
0.13014093
0.049530953
-0.37690014
-0.39311403
0.038419392
-0.033227112
-0.40060344
0.01606796
-0.37711832
-0.33583152
0.342813
-0.20729154
0.36774424
-0.07366337
-0.30764773
0.21763694
-0.38200867
-0.13817948
-0.1246942
0.018267913
0.012856977
-0.20200594
-0.40889242
-0.29616037
-0.11015155
0.0064262813
-0.24432398
0.350082
0.25735316
0.3517001
0.16430157
-0.10125706
0.10871836
-0.047018405
0.15169498
0.30261606
-0.14449108
-0.23156707
0.16258772
-0.42532524
-0.32701346
0.24973191
0.35293978
-0.09976236
0.08113219
-0.12071683
-0.20159642
-0.27740648
-0.3772146
-0.39759517
-0.018610355
-0.14155006
0.23475328
-0.2835661
0.041046966
0.29851845
-0.1468778
0.26646435
-0.3593504
0.13227494
0.037599392
-0.34612072
-0.39311606
-0.1402374
0.18819389
-0.085758425
0.10844062
-0.20324452
0.18744537
-0.03823899
0.043089524
0.10123485
-0.34271273
-0.0839303
0.0450733
0.16668999
0.3278898
0.28198323
-0.3683408
-0.36857757
-0.08821895
0.3976617
0.33395982
-0.044615608
-0.19842009
-0.16233748
-0.18536621
-0.29451615
-0.20222361
0.29902658
-0.32160667
0.15166715
0.13311897
-0.19414775
-0.00548293
0.26396176
0.110205315
0.1503561
0.14171329
0.16754107
0.2892287
-0.33388495
0.27530652
-0.15155815
-0.013566089
-0.0443182
-0.35103896
0.27540275
-0.40637183
-0.006664568
0.21382055
-0.24479347
0.2691453
0.005330298
0.02631889
0.18600075
-0.16695105
0.22789338
0.086216025
0.19308394
0.007830629
-0.05316539
0.12598379
-0.17124069
-0.23096958
0.3117955
0.22802545
-0.39893076
-0.19147734
0.2669942
0.31351784
0.04541543
-0.025655398
-0.14545079
0.38652462
0.08588663
-0.29378435
0.38552344
0.36918452
0.16278704
0.41680196
-0.42022017
-0.1407298
-0.26787776
-0.26777002
0.36018124
0.35600275
0.068266824
0.0094450945
-0.29775414
0.09077505
0.27083784
0.38380274
-0.40410483
0.24782914
0.3559151
0.14677408
0.40813252
-0.38890842
0.08283373
0.37867948
-0.039899535
-0.15482034
-0.16093126
-0.052874625
-0.024255455
0.08666607
0.22036648
0.13650022
-0.2878884
-0.13639048
0.31826264
-0.18258686
0.37755194
-0.11129049
-0.24049403
0.2519446
-0.27000794
-0.29127324
-0.31114408
-0.2843851
-0.2513515
-0.2971587
0.08953073
0.24648437
0.17715591
0.34390536
-0.10430481
-0.123669475
0.023383124
0.15723135
0.102889456
0.3189626
0.11386808
0.41216785
0.20084628
-0.34116313
-0.088590264
-0.37059683
0.23738067
0.3764028
0.42803803
-0.19127029
-0.3828724
0.3343175
0.3040612
0.16161115
0.14108022
0.30676088
-0.19914547
-0.36368623
-0.22153705
-0.17164735
0.28880334
-0.07179658
0.057876375
0.07292462
0.17268004
0.14998245
-0.29094794
-0.13659859
0.42048132
0.22640382
-0.2654241
-0.42516372
-0.052446928
0.2248873
0.09641233
-0.2841286
0.36919242
-0.30326512
-0.40163162
0.08375376
0.31236878
-0.37795004
-0.40917477
0.051732525
-0.3958627
-0.018974245
-0.19902173
-0.017886685
-0.2342948
0.22664759
-0.115567364
-0.25925535
0.37101334
-0.009405316
0.03289546
0.3817862
-0.28523692
0.34276402
-0.12915942
0.13881245
-0.35071245
0.4288638
0.08909286
0.3045199
-0.09901456
-0.009991969
