0.06968151
0.15808304
0.043305155
0.2270203
-0.083981656
0.037030905
-0.26092762
-0.29925528
-0.03150705
-0.00030660164
0.16421615
-0.17878483
-0.23529893
0.14151429
0.09703348
-0.21883231
-0.18917617
-0.107454
0.2530305
0.12311334
-0.20837247
0.053853344
0.020475311
0.01585388
-0.024251591
-0.30182222
0.17391536
-0.113135345
0.18842037
0.15287097
0.047157146
0.1004839
-0.018556666
-0.2715755
0.24139583
0.15374985
-0.17961733
-0.16235396
-0.119499944
0.13022715
0.15399554
0.14266287
-0.23321149
-0.2184057
-0.11584602
-0.12301775
0.27641562
0.027238693
-0.2275533
0.08397008
0.2604568
0.101169586
-0.06746218
-0.24282338
0.28667596
0.013469224
-0.09284969
0.08313797
-0.15984616
-0.03013476
-0.23200275
-0.08806907
-0.23434097
-0.06963066
-0.12509522
-0.08888154
-0.2531678
-0.23156758
0.1695122
-0.031196166
-0.009747248
-0.23738566
0.07266792
-0.17448133
-0.2330902
0.25290585
0.094129026
0.051236734
-0.11488993
-0.08672882
-0.25375816
-0.14916877
0.1164007
-0.12811434
-0.10586268
0.015277438
-0.048577998
0.06290686
0.15623857
0.17717826
0.2880439
-0.16233853
-0.2930217
-0.061294816
0.027999254
0.26806843
-0.093928084
-0.24773204
0.021626396
-0.1617212
0.014817922
-0.031103272
-0.15114598
-0.18653288
-0.30170622
0.054632086
-0.2779903
-0.25897327
0.17628494
-0.046019748
-0.20307764
-0.09482735
0.045920465
-0.2624732
0.30075654
-0.011512195
0.104457736
-0.29788107
-0.039861117
0.30225593
0.08971091
0.014922082
-0.17411265
-0.035714056
-0.30395907
-0.21683094
0.05220169
0.21844156
-0.2256124
0.054916132
-0.045447346
-0.023249784
0.122320585
0.074299775
0.0513814
0.25323477
-0.115519404
-0.02580175
-0.086371854
0.13660696
-0.26223776
-0.046217844
-0.17083302
-0.053479165
-0.19351749
-0.26233578
0.111547776
0.19015448
0.032035615
-0.2632769
-0.28537595
-0.09361937
-0.028413575
-0.11562433
0.20563188
0.24717808
-0.18133543
0.14732347
-0.1394368
0.12435488
0.294161
-0.029764302
0.035505146
0.21687841
0.11465843
0.19152103
0.29368863
0.02880403
-0.09726341
-0.17072245
0.0946448
-0.11332836
-0.27212682
0.063654
-0.13780397
0.028476054
0.11565924
-0.22601488
0.09531689
-0.003580702
-0.18989393
-0.24916051
0.2687524
-0.15239863
0.11948349
-0.17645465
0.25161228
-0.20300485
0.0783961
-0.18032683
0.08903699
0.18784124
0.046126656
0.12789793
0.08158052
0.24790484
0.23258574
-0.028927518
-0.012508942
-0.26601952
0.1643605
-0.28107905
-0.09591226
0.08702227
-0.03022078
-0.10678882
0.12720773
-0.122961715
0.26054353
0.2259608
-0.090878405
-0.057923615
0.22866848
0.21752939
0.2713936
-0.25102514
0.18365183
0.30142292
0.2550911
0.16413108
0.22164951
0.07030413
-0.27931836
0.10806441
-0.1206206
-0.21659675
0.2702623
-0.083263576
-0.007877563
-0.20853303
0.10726192
0.08561202
0.22782728
-0.2824576
-0.20344707
0.023742585
-0.005219488
0.15503067
-0.17413831
0.28271604
-0.1345719
0.03991272
0.24812333
-0.18011656
0.19551685
-0.21300805
0.27008408
0.011501714
-0.10495829
-0.08662542
0.29115447
-0.2892854
-0.1576981
-0.05628163
-0.095881045
0.0038449622
0.025798453
0.23009461
-0.24231124
0.105874255
0.053465784
0.033300787
-0.25347355
0.09462379
0.19327764
0.075685956
0.1308264
-0.07696381
0.3047121
-0.0067726336
-0.03842103
-0.0981948
0.05847163
-0.012002881
0.27968806
-0.21218465
0.08950099
-0.24443667
0.043809034
0.17495498
0.008713259
0.26100212
0.10436215
0.24167073
-0.25926015
-0.20668215
0.22727261
0.2302522
0.2669663
0.032345593
-0.21373542
0.14253503
0.15962741
0.29076663
-0.049453285
-0.25774452
0.10044741
0.064609095
-0.0025020859
0.16875136
0.27660874
-0.20059231
-0.0768055
0.1706836
-0.007692893
0.013213442
-0.29824093
-0.034543965
0.21061328
0.2157382
0.14016882
-0.25841495
-0.2266403
-0.088617034
-0.10768112
0.10421593
0.16976543
-0.11790855
-0.004897313
0.27383763
-0.02781177
-0.19571823
-0.23252407
-0.113374814
-0.024912618
-0.07090629
0.0045902724
-0.07702753
-0.19943283
0.3075166
0.115552716
0.0439471
0.24017267
-0.00269848
-0.23382872
-0.15703449
0.014492887
-0.3019015
-0.19937925
0.20164603
0.2813324
0.07648261
-0.20781578
0.13449873
-0.27840537
-0.2894161
-0.284771
0.23879477
0.091517575
0.2199956
-0.026051516
-0.19462046
-0.17065078
0.06551037
-0.2853918
0.14789908
-0.25819862
-0.29500675
0.00469828
0.26834053
0.15749477
-0.21873346
0.0086721
-0.13836165
-0.045578346
-0.10570469
0.29520908
0.19970375
0.12050943
-0.06647501
-0.119801536
-0.17167537
0.13279231
0.23045518
0.19876583
-0.106915206
-0.024320273
0.24141255
-0.26529977
-0.0368422
-0.25265878
0.15834318
-0.04309367
0.024963189
0.19323008
-0.28719342
0.27593255
-0.19810118
0.07422336
0.15742697
-0.23116928
0.13149612
-0.11610807
-0.29491878
-0.034090836
-0.11953942
-0.10776231
-0.2930407
-0.110024475
-0.27796158
-0.07507529
-0.029646711
-0.059719
-0.26255548
0.23903243
-0.0051417775
0.010688996
0.08678646
0.0422895
-0.18932508
0.066241644
-0.30183116
0.16129301
-0.06992954
0.0073066386
-0.2695345
0.2702103
0.0023230505
0.17125063
0.16538207
0.29659724
-0.16342406
-0.29293197
-0.16072772
-0.2591924
0.14528903
0.11788249
0.028241806
-0.24578294
-0.089703225
0.078785636
0.27010846
0.22607046
-0.2491786
-0.25429836
0.22388463
-0.012870791
0.07379858
-0.15736467
-0.23362355
0.3034263
0.17482762
-0.17391014
0.0035380765
0.052802004
0.21175063
0.08470491
-0.21551181
0.2505516
-0.09446205
-0.013907762
0.01649675
0.22297911
0.043864585
0.054541826
0.18040507
-0.16024725
-0.20824534
-0.07565366
-0.050634608
-0.16772294
0.27516857
0.043534357
-0.11139107
-0.29402754
-0.22697574
0.10295509
-0.25236034
0.29556954
-0.19276811
-0.032760713
0.24834678
-0.1570835
-0.23783872
-0.076122455
0.1687032
-0.22805633
-0.304291
0.112896636
0.0035598385
-0.03722978
0.004534984
-0.110255055
0.30101153
0.15851904
0.25859308
-0.16261742
-0.2815121
-0.24327244
0.12960261
0.08351296
-0.22816367
0.06433565
0.22177891
0.10019454
-0.0010231489
-0.0061741327
0.042962495
0.1558091
0.299667
0.18296453
0.007851665
-0.03233022
0.25892463
-0.14369255
-0.21934378
0.29169396
-0.042089548
0.23488176
-0.26890585
-0.031239653
-0.10618809
0.055543754
-0.02305298
0.19065322
-0.0389479
0.044451755
0.09966898
0.04744298
-0.030811572
0.24514167
0.29257256
-0.26885548
-0.24768706
-0.17238002
-0.30074334
0.025260232
0.03898375
0.050854646
-0.1623316
-0.06294168
-0.16477005
-0.10766141
0.20973028
0.28718734
0.2738361
-0.25151512
-0.13876939
0.17959526
-0.0034185052
-0.27698871
-0.0822852
0.15764925
0.26830047
0.10654187
-0.12673233
0.27161062
-0.14748651
0.22853056
0.04315486
-0.2539788
0.05281294
0.041556887
-0.21456753
0.090710945
-0.1730389
-0.039699525
0.14543448
-0.20015153
0.23482946
0.1412837
0.23537743
0.21431941
0.094591185
0.097437486
0.27447763
0.06734802
0.049576685
0.29365197
0.12756637
-0.022399321
0.100884564
0.24623644
0.20431401
0.06370129
0.050103728
-0.06609837
0.018300075
0.0049813963
0.10093062
-0.25199345
-0.10657576
0.18282412
0.02590055
0.29179254
-0.15480396
0.034069203
-0.031951025
-0.08439305
0.09574366
0.16851525
-0.12634298
-0.19520076
-0.09733325
-0.017196793
-0.040963516
0.092765465
-0.06849491
0.22958086
-0.26384428
0.24978667
0.11589412
0.11307162
-0.25445926
0.087562904
-0.15396553
0.2851741
-0.12189295
0.14888865
-0.21529706
0.27273282
0.17210753
-0.044713594
0.0902431
-0.29744488
-0.30195788
-0.288204
0.21885006
-0.06611551
-0.07219351
0.24699958
-0.21569422
-0.21590629
-0.037224486
-0.085628964
0.185902
-0.053467162
0.24516644
0.11174594
0.14676914
-0.25016376
-0.011061299
-0.18609862
0.1795831
0.23515177
0.19846037
-0.12878975
0.13137038
0.2780316
0.24780053
0.27006334
-0.027586054
-0.020900263
0.25447273
0.12189388
-0.23552437
0.08317034
-0.06732801
-0.0627163
-0.10508545
0.07928479
0.12919901
0.1926978
-0.27127972
0.015904047
-0.25278234
-0.15900245
-0.09155326
-0.23154993
0.26945806
-0.13088354
0.29001498
0.22098427
-0.19441071
0.18791987
0.26807004
-0.27569357
-0.23652185
-0.2967728
-0.30113837
-0.0031165632
0.18001033
-0.14802964
-0.021932283
-0.20430493
0.097456
0.018921096
0.008856555
-0.14815788
-0.09650049
-0.054596473
-0.21603857
0.29039568
-0.28301895
-0.11875198
-0.14347018
-0.087484956
0.1399822
-0.23500338
0.288922
-0.2125994
-0.145086
0.1903685
-0.0036333452
0.28167897
-0.2604428
0.10834091
0.28584704
0.13751206
0.10790095
0.2972085
0.20425385
-0.19356927
-0.18568791
-0.14953987
-0.03783002
-0.08685762
0.013260689
0.034911416
-0.06885205
0.27187595
0.07853161
-0.0556548
-0.085742734
0.12848565
-0.22071676
0.013725353
-0.19497281
0.11650085
-0.10133043
0.16946732
-0.031370517
-0.0626811
-0.11180094
-0.18456703
0.18075806
-0.10424322
0.06174349
-0.2503174
-0.27359167
-0.22767094
0.16527653
0.3041022
0.047601573
0.17857386
0.12981255
0.062483557
-0.1922152
0.0388733
0.21647315
-0.02368272
-0.13737635
-0.27076173
-0.28621894
0.15107219
0.016055945
0.2859469
-0.015475053
0.08666638
0.1313561
-0.030604722
0.17065307
-0.2519437
-0.034636475
-0.27518314
-0.07322718
0.19903775
-0.26738724
0.251212
-0.05030256
-0.05143417
0.29177833
0.14420219
0.26146537
-0.28562215
-0.009177072
0.23305166
-0.25658914
-0.06945384
0.089939184
-0.12245335
0.040881332
0.043922935
0.026410056
-0.11066008
-0.028134273
0.16437106
0.043673787
0.028122393
0.10494706
-0.12228254
-0.059199713
0.20144747
-0.004147454
0.26829833
0.284312
-0.26445666
-0.11361135
0.27977392
0.0013017971
-0.10649915
-0.26909795
-0.13941577
0.268758
-0.25377834
-0.14413033
-0.18834692
0.28002226
0.046853304
-0.09204465
-0.29392868
-0.031145308
-0.102858685
0.0568721
-0.27121547
0.16867
-0.23147886
-0.18342073
0.2767926
-0.25985965
-0.116425775
0.13743885
0.22304736
-0.26353705
-0.043896083
-0.22052185
0.22695671
-0.087735154
0.27816597
-0.2646298
-0.26873714
0.2619548
0.18642808
0.22622624
0.13344647
0.04752723
0.07057553
-0.037288643
-0.002008743
0.06900267
-0.27334976
0.15580337
-0.1296148
-0.10584547
-0.062681414
0.27874398
0.13437115
0.0014720295
-0.19775614
0.08485787
-0.07910512
-0.04745523
-0.054492068
0.2386352
-0.016850222
-0.279484
-0.13454536
-0.0889636
-0.2539955
0.035882454
-0.09367459
-0.24502882
-0.2592719
0.17271234
0.30453828
-0.037739888
-0.13463706
0.0395762
0.11973033
0.109433405
0.27617848
-0.26525077
0.10293335
0.25432616
-0.23180655
0.064447515
-0.0010660228
-0.2583776
-0.044818643
-0.30282152
-0.03845679
-0.1502165
-0.03081493
0.06901648
-0.02322334
0.27653256
-0.06964404
0.23930687
0.09744361
0.13308522
0.039412387
0.21581608
0.1484803
-0.04316163
0.108355306
0.16699448
-0.22682133
0.1673037
-0.20364186
0.19910951
-0.12424096
0.043100227
0.14875607
0.02717484
-0.2614007
-0.1902505
-0.17715836
0.21266289
-0.13341002
0.25331655
-0.27716994
0.21664517
-0.24862094
-0.25227845
0.025756493
-0.2704455
-0.096648626
-0.2945573
-0.30163398
-0.034922887
0.123786956
-0.15809831
0.04980921
-0.067731164
-0.22265431
-0.08948773
-0.21109848
0.30230394
0.26337373
0.2671621
0.010945551
-0.010657714
-0.23316844
0.030581081
0.003973011
-0.009645887
-0.2785234
0.2615076
0.15932219
0.19473118
0.111439586
0.033314586
0.25869933
0.29958972
-0.060826927
0.072312795
0.15752165
0.21371718
0.041799
-0.0022415875
-0.007986409
-0.16083792
-0.034292925
-0.1944099
-0.27303103
0.23097529
0.16778627
0.05424062
0.054704983
-0.0048551066
-0.03531767
0.018058065
0.06423144
-0.29662216
-0.27327845
0.0914341
-0.16419889
-0.21868801
-0.28894582
0.20725954
-0.040265564
-0.20045845
0.18106474
0.10873023
-0.21186127
-0.24744521
0.20187147
0.29283503
-0.30354005
-0.25242564
0.078784056
-0.11505996
0.21362479
0.05729783
0.07872472
0.17120843
0.15882877
-0.10009212
0.22500457
-0.15354134
-0.21763171
-0.041124515
-0.07133951
-0.04285699
0.2721799
-0.0556167
-0.2019813
0.2504409
0.07421551
0.23126689
-0.06864227
0.14298669
-0.24405152
-0.15734524
-0.11507049
0.033672128
-0.009285927
-0.28347054
0.27460158
-0.20024444
0.09293354
-0.22171222
-0.105640635
-0.09133711
-0.22684407
0.13475993
0.2234107
-0.014971454
-0.26146668
0.13432272
-0.009856413
0.02799582
-0.05655895
0.24991044
0.24062516
-0.18280838
-0.21428257
-0.24244452
0.057815053
0.06353547
0.2919068
-0.023478989
0.041481808
-0.065930404
-0.19903935
-0.08529143
-0.23436528
-0.23798613
-0.15597785
0.067853205
-0.12473658
-0.114416376
-0.24877508
0.17322539
0.0008658562
0.05097701
0.06595425
0.081407
0.2550718
-0.17894176
0.2452159
-0.29669383
0.19221431
-0.20775428
0.1520215
0.13987093
0.070347354
-0.30360976
0.028269304
0.17835361
-0.18893632
0.16980095
-0.29815876
-0.14199673
0.24423711
0.27948186
0.18313532
-0.13496314
0.03773526
0.017295705
0.044089977
-0.057218987
-0.11548693
0.23766452
0.14650019
0.036890727
-0.18105914
0.00775159
-0.1302493
-0.13840917
-0.092981935
0.04147978
-0.038373884
0.2619222
-0.0019664832
0.2282197
0.103788935
-0.14964107
0.2235781
-0.05126451
0.28789702
0.0030849313
-0.2494681
0.19445933
-0.21320222
-0.053237163
0.1123738
-0.22069745
0.023100395
-0.16018286
0.14716598
-0.05246619
0.22105257
0.2912625
0.13499956
-0.18929543
-0.25223145
-0.025217302
-0.09833313
-0.021224212
-0.1835731
-0.2754148
-0.0005747306
0.057223354
0.0991459
-0.010030055
-0.1394461
-0.19401057
0.12652548
-0.117340334
-0.28234446
-0.056505684
0.21910447
0.12482033
0.22307332
0.26444438
-0.3022796
0.0071995733
-0.027144114
0.009975726
-0.3042355
0.13341151
0.21830499
-0.13300723
-0.16837816
0.1487609
0.066363774
-0.08074098
0.24521424
0.23606987
-0.11538508
-0.26954767
-0.03960634
-0.22730212
0.12535056
0.20812932
-0.23144503
-0.25761718
0.15795371
0.10069905
-0.11318628
0.0357001
-0.14990439
-0.2354839
0.10862814
-0.28790933
-0.19270942
0.03643174
-0.29547527
-0.19586457
0.06438437
0.2091097
-0.25938523
0.23436958
-0.15035741
-0.17242151
-0.16017807
0.1058283
-0.1767724
-0.2733494
-0.06784575
0.28616115
0.08340899
-0.19614327
-0.23477295
0.13987654
-0.27119142
-0.15511048
0.2047105
-0.21494335
0.01632206
-0.07846076
-0.09480953
0.13417718
-0.15436347
-0.28814957
-0.2316387
-0.27214354
0.047017112
-0.2605452
-0.011663821
-0.2060771
-0.17625505
0.17596148
0.26678383
-0.1717384
-0.20324132
-0.18089397
-0.14126953
0.10447717
-0.087997384
0.14725542
0.2785395
0.18183355
-0.23967324
-0.12383653
-0.025206579
0.20140211
0.0770989
-0.19606419
0.27280673
0.25159112
-0.28105077
0.0643479
0.051278003
-0.1341117
-0.10069257
-0.065246224
0.20208605
-0.16741793
0.22597092
0.038298655
0.015716672
-0.113664664
-0.20333433
-0.27389348
0.29706576
0.184753
0.30189875
0.21373296
0.21434495
0.14181976
0.25710943
-0.08918031
0.1407299
-0.024674041
0.22808796
0.14324683
-0.16639926
-0.030957708
0.06919692
0.007396538
0.22225392
0.018778026
0.035129853
-0.051661532
0.046778325
0.17942403
0.25677744
-0.1949154
-0.12718365
-0.16088708
-0.16992769
0.009501365
-0.20326756
0.088585
-0.1628426
-0.05726051
-0.081924155
0.02492882
-0.23563835
-0.09290785
-0.3008127
-0.025659624
0.2571278
-0.062257834
-0.18189925
-0.22049963
0.02065818
-0.18955842
0.22321598
-0.09924044
-0.09218653
-0.17196237
-0.2154194
-0.034465417
0.010148457
0.28039172
0.117263734
-0.08529349
-0.09805052
0.16585052
0.11202298
0.09862483
0.08223908
-0.20696075
0.10642952
0.031308755
-0.280245
0.09919808
0.031231377
-0.091975205
-0.06700249
0.22614054
0.0069550877
-0.23668228
-0.059756555
0.22958663
0.15811637
-0.2729217
-0.27549824
-0.17587297
0.23943728
-0.065700896
0.12327139
-0.10774639
0.18382888
-0.22879368
0.22915724
0.24834651
-0.18707196
-0.19041987
0.20327768
0.022052953
0.0063330918
-0.28975478
0.14638989
0.23374964
-0.016070485
0.041062124
0.047665596
-0.13277718
-0.1006105
-0.26664644
-0.29899225
0.04823097
-0.058395002
0.22014049
0.067674026
-0.21547468
0.021614766
-0.24765831
0.258464
-0.017563017
-0.0022401838
-0.23347555
0.14652608
0.014040552
0.008363579
0.14949976
0.053372063
-0.1488758
-0.13900901
0.13463238
-0.2623703
-0.081071906
0.19526543
-0.0031661892
-0.051039323
0.051468544
0.17066427
0.17143017
-0.014177003
0.18562433
0.04134524
-0.08337118
-0.13018528
-0.04188259
0.20023905
-0.06521655
-0.08642344
-0.032841958
0.20165576
-0.24481484
-0.17599419
-0.025038429
-0.072317645
-0.1898897
-0.09323709
0.19853312
0.21963814
-0.14182475
0.11799807
0.14786747
-0.073742166
0.13684557
-0.18663102
-0.17825477
0.17041256
-0.09263495
-0.008848386
0.28540483
0.19014804
-0.045613438
-0.22080573
0.23247121
0.13075648
-0.1417028
0.00653802
-0.24122103
0.015909398
0.11993425
-0.06420631
-0.011319949
0.15708128
-0.089607336
-0.15599754
-0.13190728
-0.19079416
-0.27776363
0.011445246
-0.25239903
0.06581383
0.0647488
0.14838092
0.120580405
0.048181098
0.24028367
-0.03009481
-0.07168272
-0.040952533
-0.09739715
0.29113492
-0.154356
0.014293415
0.12858525
0.05643391
-0.046419475
0.08939045
-0.2513335
-0.24197237
0.10810678
-0.20328924
0.16472515
-0.04709128
-0.20186664
-0.22798589
0.1514303
-0.006684468
-0.1842681
-0.10816882
0.0822252
0.13085313
-0.22287436
-0.073027074
0.08408576
0.20333502
-0.11794041
0.1031635
-0.09067944
0.13315353
0.011508703
-0.19623873
0.2953977
-0.06965668
-0.030212024
0.27052534
0.0048802486
0.09623426
0.29591474
-0.16638497
0.14021946
-0.15080485
-0.15531111
-0.22085279
0.26323366
-0.15781249
-0.10408476
0.040452432
0.17282718
-0.13310553
0.2929787
0.28843412
-0.115004785
-0.26783168
-0.13686074
0.1326027
0.20523182
-0.20366986
0.109832674
0.16053231
0.0048803203
0.096128985
0.17266217
-0.09290807
0.19906785
-0.19699813
-0.0132583575
0.013067086
-0.27031428
0.19090082
-0.14072934
0.0058771903
0.24972567
-0.14434975
-0.27153072
0.21293414
0.2456619
0.30402693
-0.3013171
0.2955078
0.13837802
-0.2828951
0.06048244
-0.0005192837
-0.2441261
-0.3037404
0.3010566
-0.2626986
0.20312957
-0.24229753
-0.014177507
0.2080168
0.18701465
0.039380744
0.030469052
0.29128662
-0.12672968
-0.2639431
-0.14885722
-0.284985
-0.21960513
0.06260465
0.15601043
-0.028284512
-0.11231458
0.05578223
0.30082312
0.14977613
0.103736006
-0.12655738
-0.22895682
0.004094091
-0.2982349
-0.07881318
0.088969484
-0.05752132
0.098650664
-0.18291967
0.12184444
-0.24117604
-0.05719125
-0.28872216
-0.040995505
0.047087796
-0.18087147
0.16051967
-0.14462209
0.23294422
-0.19479339
-0.28608373
-0.14566632
0.058392428
0.2515397
-0.24385664
-0.24671736
0.2495903
-0.27887976
-0.27484107
0.20064077
-0.005763535
0.19480273
0.26726925
0.0048161894
-0.21915887
-0.20621079
-0.1339079
-0.09312819
0.18194687
-0.2002276
-0.04450606
-0.03109532
0.18645702
-0.06454175
0.1572545
0.102374434
0.29207778
0.2190888
-0.15634109
0.23405723
-0.005190458
-0.26741406
-0.087175585
0.20216806
-0.20746014
0.054769143
-0.043482553
-0.25846633
-0.18037334
-0.18004072
-0.12204525
0.2122219
0.2576167
0.09086193
-0.096184224
-0.055487696
-0.096290834
0.12427144
-0.28784493
-0.13624623
0.28125215
-0.1522125
-0.1927203
-0.08434164
-0.09166206
0.009430648
0.0615485
-0.07433106
-0.30215555
0.19722393
0.29699427
-0.1238741
0.12990513
-0.2495082
0.24110411
-0.023458451
0.008511448
0.12765399
0.11674657
0.012819377
-0.108121514
-0.23235254
0.07631367
-0.09241397
0.120222725
0.2908933
0.12572855
-0.18454233
0.025902245
-0.01017447
-0.050401237
0.26509658
0.29930252
-0.1045958
-0.086116165
0.14420545
0.040377
-0.26804227
0.14686416
-0.14507332
-0.1735241
-0.051107276
-0.29577813
-0.27607888
-0.21829595
0.019615663
-0.08092525
0.3012903
0.13617346
0.14210595
0.26316878
0.09596532
-0.2648864
-0.05526988
0.29980487
0.21042365
-0.08313697
0.02711412
-0.18329656
0.1014746
-0.15648954
-0.23553182
0.15012978
0.17437133
-0.13362212
-0.2676476
-0.11266356
-0.25577608
-0.12438738
-0.28959534
0.09742311
-0.24658644
0.25016558
-0.014989638
0.025873657
0.10868171
-0.05906424
0.13121055
0.116896965
-0.16625562
0.11956315
0.095099896
-0.0012940591
-0.21774167
-0.21120286
-0.20344141
0.18863466
-0.115075395
-0.08910074
0.002513724
0.2698084
0.19900334
0.042155683
0.06535368
-0.031399913
-0.12560761
-0.0633528
0.20770846
-0.2265247
0.01616699
0.21277116
0.073236935
-0.27097774
-0.0985592
0.22730261
-0.09434485
0.117094636
0.15740572
0.0120359985
-0.1496713
0.2282351
0.26457354
-0.24512261
-0.2622047
-0.24135427
0.10032741
-0.26953414
-0.14468251
0.04223768
0.036680114
0.04811933
-0.1440895
-0.07407129
0.05681099
-0.23966345
0.2132899
-0.299549
-0.26858863
0.25557283
0.035721403
0.0551026
-0.27622542
0.15980722
-0.11037555
0.016697772
-0.12564546
0.07482267
-0.18213575
0.25011262
-0.118432686
-0.29357505
0.13384001
0.2901487
-0.096328914
0.12568471
-0.15631734
-0.0018064382
-0.059358157
-0.27163687
0.21713063
0.18749738
-0.09892228
-0.23308063
0.30071503
-0.038691856
0.16343257
-0.3031986
0.13524887
0.008078095
-0.11698957
0.18225221
0.28940794
-0.24366567
0.15933491
0.2536953
0.24469374
-0.2262442
-0.021901708
-0.26275942
0.13186428
-0.07901936
-0.11412403
-0.26054287
0.1922194
0.20514244
-0.11008658
-0.096560925
-0.059655886
0.22093989
-0.06235938
-0.06959773
0.003283092
-0.24863239
0.24448721
0.28353244
0.09571572
-0.30025122
-0.22367674
-0.099640556
0.29954922
-0.00092589355
0.25279728
0.12649152
0.061645776
-0.08570568
-0.27492675
-0.23458904
0.30510148
-0.251263
-0.21608159
-0.17769827
0.27684218
-0.30029288
0.1537761
0.2934129
0.16972715
-0.04677468
0.29147506
-0.09674131
0.28295752
0.27468947
-0.1280734
-0.2618712
-0.25110805
0.19988027
0.20774408
0.2278651
-0.26256073
0.082004465
0.16139916
-0.17265585
0.13220152
0.19270906
-0.18246302
-0.15141037
0.28118023
0.24881473
0.20862971
-0.08964681
0.02522142
-0.032527234
-0.16669275
-0.3035032
0.18084311
-0.043177288
-0.064131394
-0.018184995
-0.23547404
0.041077584
0.20824969
-0.05047346
-0.14884034
-0.02845378
0.25336996
-0.19185592
-0.15665446
0.061317567
-0.11837579
-0.19744842
0.0722376
-0.04205879
0.14513718
-0.2559361
0.2022283
-0.16889931
-0.23622423
-0.20109175
-0.19935349
0.17077464
-0.17294736
-0.06382666
0.094553284
-0.06602008
-0.049228624
-0.26300043
-0.042697478
0.30387104
0.27373046
-0.008726581
-0.028768953
0.13427097
0.18475574
0.07348166
-0.19103904
-0.072602116
-0.22606763
0.115927
-0.29848635
-0.2463833
-0.25637734
-0.20397712
-0.20561968
-0.27052522
0.018175289
-0.1174711
-0.28224653
-0.1310295
-0.08090631
0.15877338
0.15034984
-0.1694167
-0.12051501
-0.28776613
0.11332113
-0.2625876
0.10513165
0.0005306895
-0.2860683
-0.09246666
-0.048154276
-0.010216602
0.16385935
-0.056626398
-0.10139905
-0.01166627
-0.21573018
-0.2328925
-0.28230962
0.26661605
-0.12488181
-0.30498523
-0.0038117357
0.16651244
-0.021599557
-0.12288767
0.026271457
0.025736606
-0.2886539
-0.19329648
-0.27353492
0.079535164
-0.15647858
-0.28615355
0.29721874
-0.19905372
-0.20234208
-0.10061639
-0.29774672
-0.20346652
0.2663455
-0.20652516
0.24061018
0.009552688
0.026546376
-0.28655082
0.16156375
0.24798915
0.037048522
-0.22752087
-0.046738252
0.16396974
-0.16405968
-0.14069337
0.21460322
-0.122252636
0.034040704
-0.027021816
-0.01608306
-0.25997525
-0.30202898
0.0369594
0.15443219
-0.15749724
0.013724889
0.11889386
-0.14907409
-0.08386222
0.26375508
-0.2817935
-0.12997945
0.2835521
-0.3029541
0.26252988
-0.2484417
-0.120183125
-0.19967283
0.093153454
0.28545162
0.04349931
0.29705408
0.26554173
0.12760279
-0.25653636
-0.23085739
0.06485178
0.13537857
-0.23085983
0.08866933
0.2595055
0.11197018
0.14576945
0.1931865
0.24411923
-0.19945626
0.25783613
-0.13534394
0.07955651
0.044615522
0.25310254
-0.030846152
0.25641087
0.0060657305
0.22525075
-0.043112673
-0.18881881
-0.18126301
0.1768643
0.19311956
-0.2407588
4.3271204e-05
0.06085815
-0.06631092
-0.1685156
0.015938634
0.057205
0.22590882
-0.22156207
-0.28115156
-0.110506564
-0.023405174
0.18177746
-0.11420713
0.20964643
-0.016412074
-0.08491913
0.11887991
-0.15280469
0.029122492
-0.21531451
-0.21499246
0.15578686
0.077897616
0.051946584
0.024463426
0.07370514
-0.14418034
0.003064185
-0.18892917
-0.008279731
-0.25943652
0.29864842
-0.0059644864
0.24939206
0.28129447
-0.13224764
-0.16087344
-0.14687327
-0.25077438
0.053523913
-0.040080354
0.26645774
-0.25539368
0.15502584
0.06174486
-0.18225889
0.028397426
-0.122939974
0.25196084
0.13777527
-0.2790435
-0.13486399
-0.25289506
-0.23077318
-0.2628082
0.17174374
0.059571885
0.18989995
0.1644304
0.23574379
-0.22086355
-0.0364884
0.06782753
0.14585696
0.06830375
0.27907413
-0.04643408
0.22325619
-0.039053462
0.21522288
-0.04270132
-0.20320097
-0.25222334
-0.19605593
0.0024381825
-0.037466463
-0.09552145
0.033006683
-0.18064241
0.22923344
0.04423848
-0.29318747
0.14601408
-0.121832035
-0.09997679
0.25267288
-0.18306921
-0.12294857
-0.15179351
0.26793844
0.08651732
0.108666845
-0.2961004
0.12652875
0.25634593
0.058652226
0.21544135
-0.04831324
0.15949269
-0.22743376
-0.23063092
-0.060333356
-0.016984062
0.18015577
0.00877135
-0.1685851
-0.1152269
-0.09207321
0.09534254
-0.09261159
-0.05705115
-0.094670884
0.25377718
0.036102828
-0.22819315
0.10431481
0.17187381
0.11954046
0.18778935
0.30203548
0.016972622
0.30433783
0.27079716
0.022953462
0.040907037
0.26576108
-0.17966646
-0.23528245
-0.13142419
0.1342363
-0.15603662
0.23554212
0.19061399
-0.17916581
-0.024512904
-0.09990751
0.25888956
-0.0002162996
0.008524798
-0.16898657
-0.27205423
0.10896707
0.13039905
-0.21239504
0.28140527
0.12860642
0.024564235
0.17290877
-0.2549591
0.2808719
0.24137342
-0.025226584
-0.17587353
-0.19165091
0.03540111
-0.2676499
0.04788041
-0.047832604
0.18222061
-0.037802458
-0.14921468
0.087241836
0.016078195
0.006008298
0.20915289
-0.058715247
0.0771763
0.1539739
-0.07258776
-0.23360227
0.26325142
0.29665202
-0.0010637024
-0.056966033
-0.158306
0.03292567
-0.18894757
-0.10371852
-0.22076385
0.13122632
0.1570825
0.11489416
-0.117945455
0.022431923
-0.2501013
0.22884
0.09852714
-0.011096359
0.21670933
0.06025059
-0.20668586
0.020177275
-0.07359331
-0.08817813
0.22355399
0.15781967
-0.028239625
-0.23134452
0.06369455
-0.16823769
-0.21534581
0.020550588
-0.24266809
-0.27058718
0.2934137
0.10387573
-0.014871216
-0.281485
0.15491234
-0.17762886
0.23180324
0.20535871
0.28242147
-0.22847821
0.014653636
-0.14650594
-0.17573072
-0.26036593
0.042488083
0.20957872
-0.30218047
-0.052047126
-0.21368065
-0.3044733
-0.10743828
0.14274919
-0.25917596
-0.15947333
-0.17040938
0.16269769
0.0035624912
0.011140892
0.07240697
0.15835562
-0.18781744
0.14031444
-0.2649188
0.25452876
-0.1293299
-0.18565616
-0.2798255
-0.1494426
0.102959685
-0.16261381
-0.13111721
-0.08967171
0.27361658
-0.28061798
-0.20952998
0.026422605
-0.016003238
-0.15796903
0.23919822
0.16075812
0.26652327
-0.29990414
-0.13084517
-0.25937706
-0.2388899
0.14279042
0.17180212
-0.09928565
-0.28258744
0.1505222
-0.18566261
0.2723509
0.15178421
0.15671629
-0.1514019
-0.28384444
0.0052503184
-0.2738676
-0.15987264
0.25341687
0.30201402
-0.15362957
-0.16567126
-0.015471043
0.24287745
-0.079186864
-0.1750368
0.19151786
-0.20329693
0.14697805
-0.16485406
0.29692194
0.194144
-0.23109886
-0.16422155
-0.15538016
-0.22663695
-0.03281987
-0.21023043
0.11203929
-0.30469897
0.14302538
-0.28406256
0.11602627
0.2737878
-0.023487462
0.30321586
0.27339897
-0.1649274
0.13534787
0.29803154
-0.11582926
-0.21263549
-0.18117319
0.22917728
0.1795477
-0.014019715
-0.100951515
0.048100006
0.27619413
0.19490422
0.21881974
0.13989101
0.05902662
0.26884782
0.1859927
0.28794783
-0.26211336
-0.11224201
-0.20692092
0.22511622
0.15799718
-0.2837429
-0.29489717
-0.296507
-0.14767368
-0.008125376
-0.20957017
-0.21675928
-0.04346198
-0.055664677
0.18605691
0.066090666
-0.038771015
-0.26204592
0.14995006
0.12975398
-0.18765096
0.30041298
0.082585216
0.23838253
0.061913285
0.29814547
-0.28274027
-0.1966457
0.175876
0.16784745
0.008229746
0.18268125
0.24791081
-0.1618414
-0.099807136
0.19640441
0.019277679
-0.10926229
-0.12524372
-0.1064455
-0.17468175
-0.053017203
0.18700959
0.2736642
-0.18345281
-0.2769952
0.25627786
0.08696702
-0.046118338
0.18962502
0.2775257
-0.15991564
0.25892493
-0.11835251
-0.074419156
0.14706858
0.0539385
0.25831184
0.021480963
-0.12771493
0.19042608
-0.093171
-0.114756726
-0.1465791
-0.117260985
0.048901375
-0.17338237
0.043575075
-0.037350796
0.10847385
-0.15105475
0.05335574
-0.20921862
-0.03324772
0.055894013
0.08842443
0.25633228
-0.23879327
-0.21885075
0.18437783
-0.109686784
0.18755071
0.06795835
-0.2398258
0.2876676
0.19805552
0.14279799
-0.08790238
-0.15116316
0.16233455
-0.16344605
0.2879023
-0.10688698
-0.28263712
-0.10813635
0.22301024
0.20373525
0.01901609
-0.09238934
-0.13100332
-0.15984446
-0.12733835
0.09683516
-0.22655824
0.030722374
0.017885875
-0.20802207
-0.2116808
0.1626281
-0.06819584
-0.04730813
-0.030319316
0.28913233
-0.036077555
-0.0481571
0.28096044
-0.1228009
-0.14800733
-0.20365402
-0.13535218
0.047124147
-0.17895369
-0.25582916
-0.24603172
0.22038525
-0.28062624
-0.14231713
-0.2887888
0.08068048
-0.079249404
-0.25603914
-0.19416328
0.22835377
-0.031100165
0.15283395
-0.24402244
-0.1855215
-0.066775866
0.17663223
0.2806041
-0.13310556
0.25508562
0.24535356
-0.16890092
-0.024487307
0.22711337
0.26867604
0.00458486
0.16310447
0.2631061
-0.07229192
-0.28113776
-0.13566124
0.10820085
-0.06834513
0.07782848
0.19352247
-0.22728848
-0.23848026
-0.18133554
0.08962
0.10520866
-0.2279075
-0.28709927
0.18542968
0.10894801
0.18400542
0.15634622
-0.08206725
0.028653966
0.23031577
-0.13532394
0.27340123
0.03822545
0.09090431
-0.16001697
0.13493697
0.13860282
-0.12082708
-0.05973202
0.013601532
-0.25216007
0.25179708
0.021846829
0.2707917
0.1959001
0.049509615
0.2284057
0.15196177
-0.23372087
0.2538253
0.11822006
-0.13985384
-0.237763
-0.13945587
0.09649793
0.2580161
0.019926088
0.20396456
0.19003174
0.2845437
0.08991886
0.28458324
-0.30110326
0.044972807
0.056249052
-0.13555892
-0.068020865
0.07088433
-0.22377439
-0.0550358
-0.036864195
-0.17180023
0.2830258
-0.20202608
-0.11483004
0.10953984
0.015498004
-0.09344378
-0.25209868
0.17613997
-0.0028011904
-0.17089787
0.13241322
0.07707446
0.08730024
-0.084622875
-0.16572182
-0.039667644
-0.13055432
-0.08685775
0.2456132
-0.110261224
-0.064563006
-0.26505375
0.27821422
0.14082026
-0.16513377
-0.0023716164
0.30379713
0.008680958
-0.23499215
-0.18484783
-0.18763988
0.085936934
0.04784176
0.29792953
0.11668509
0.014375501
0.0054462515
-0.053989816
0.2932369
-0.29076806
-0.24969389
0.29106215
0.3021444
-0.10409136
0.26896715
0.080525115
-0.158554
0.27569064
0.12979797
-0.04366216
0.13742867
0.08336952
0.078101926
0.21138628
-0.14758769
-0.10954867
-0.15379106
0.23042715
-0.29012322
0.2896039
-0.2656274
-0.06353194
-0.18891446
0.047683123
0.24386895
-0.05257372
-0.032815386
0.18939742
0.25578484
0.23015422
-0.007884996
0.26032475
-0.05257734
0.09872582
-0.010711942
0.10358279
-0.2864152
0.20208532
-0.196457
0.29412565
0.092461534
0.24022938
-0.16106504
0.12200006
0.05655435
-0.113613345
-0.027440967
0.23853761
0.20817263
0.116254665
0.09736471
-0.2316591
0.12937242
-0.1500204
-0.04754989
-0.075839356
0.09332025
-0.055015177
0.084815904
0.111888744
0.038849372
0.015585589
-0.10777634
0.033786308
-0.1885158
-0.11032493
0.083448276
-0.17102624
0.095136166
0.16503568
-0.09581601
0.0031968972
0.20328765
-0.075219825
0.17904042
-0.25663358
-0.04207819
0.29605153
-0.14207347
-0.04385869
0.0075517646
0.17216429
0.24970336
-0.09619272
-0.25248587
0.20471802
0.18391596
-0.20464922
0.086884394
-0.23318784
-0.12024825
-0.14066347
0.21200818
0.08073645
-0.2217094
0.048488736
-0.12202848
0.22770253
-0.10538034
-0.092699096
0.26837698
0.114820026
-0.22834429
0.04576672
-0.16616713
0.16896214
-0.023223123
-0.18520506
0.07471246
0.09351823
-0.083083965
-0.1000363
-0.13991335
-0.3036788
0.13490629
0.26834708
-0.069732174
0.2168378
0.068946645
-0.055316374
0.03306853
-0.07145221
0.08105349
-0.26951212
-0.28614432
-0.15976997
-0.070551075
-0.058833953
0.124457076
0.081294276
-0.06402245
0.021321809
0.052221496
0.11538625
0.009886084
0.27986085
-0.12565182
0.060465537
0.13872816
0.21913365
0.12987186
0.041680846
-0.09158823
0.28541288
0.28357017
-0.2473377
0.19014071
0.29145396
0.012950197
-0.29708576
-0.29457805
0.07278152
-0.11175602
0.03593584
0.086121805
0.21618548
0.2738001
-0.0023752176
0.041296463
0.23250365
0.26145133
0.0014452699
-0.1033022
-0.16792475
0.24212532
-0.15843809
-0.15820657
-0.08538304
-0.080402866
0.29541358
-0.15372169
0.108141996
-0.19448642
-0.29128304
0.2917807
0.18448387
-0.2934329
-0.04488635
0.19419171
0.25432774
0.1520157
-0.15709442
0.14144643
0.1911169
0.25187594
0.1860741
0.19251552
0.0958633
-0.27237064
0.043149114
-0.042439725
-0.003316698
-0.24934915
-0.09729486
0.22577205
-0.06028478
-0.18492685
-0.28014237
0.11635514
0.27785036
0.2729022
-0.21905854
0.10751497
-0.1387152
0.269639
-0.0009122066
0.042834647
-0.0011738498
0.114080645
-0.15264045
0.19968596
-0.16660674
0.2267639
-0.066123255
0.13940738
-0.14750041
-0.006374396
-0.057457548
0.05516135
0.101780415
0.09247498
-0.060489353
-0.06506984
0.23001888
0.24537522
0.11960541
-0.07289986
-0.0906131
0.20426889
-0.03625037
0.033786304
-0.20859848
-0.20063655
-0.2172377
-0.2376492
0.0035308672
0.11021351
0.04163008
0.23059778
0.2372571
-0.10319406
0.20466197
0.0868633
-0.022760002
0.029322347
0.21886168
-0.03108814
0.23216718
0.21861003
0.23847483
0.2821692
0.17240943
-0.27654192
-0.25518984
-0.19739592
0.043427866
-0.2688868
0.0067103463
0.2764136
0.29053038
-0.29398808
0.25116292
0.0020432444
0.087533124
0.2036742
-0.08841776
-0.21345215
-0.24486382
0.20919636
0.16060026
-0.2636025
0.19438145
0.20355435
-0.23172422
0.29973978
-0.14684848
0.060029
0.28581142
-0.240578
-0.1552588
-0.027286766
0.008758783
0.27446508
-0.23278494
0.24285553
0.12065805
-0.23714028
0.0131540755
-0.07824589
0.27157566
0.294787
-0.017969051
0.042785697
0.07216854
-0.19421601
-0.22029455
0.16347797
0.051782295
0.058088146
0.06279285
0.22885926
0.13757913
0.097507946
-0.2395705
0.005368273
0.13937755
-0.19352433
-0.24023363
-0.036621824
0.15612859
0.18980817
-0.032086518
-0.26071873
0.011372004
0.08228256
0.20108716
-0.15766197
0.16961738
-0.06671995
-0.033336252
-0.26222575
0.18218483
-0.037143476
0.056049448
-0.17076373
-0.010670245
-0.10856655
-0.14420417
0.28509092
0.23090312
0.00083848316
-0.059158146
-0.050925434
0.016417926
-0.11426833
0.08507521
-0.24559046
-0.22968899
-0.074014224
-0.26458597
0.06007385
-0.10316957
0.07028084
-0.005400122
0.1854663
-0.2723177
-0.17133112
0.07083428
-0.11005933
-0.021363778
-0.042824056
-0.052086234
-0.18341656
0.29711348
-0.18789904
0.21428917
0.16511641
-0.21517421
-0.033270165
-0.049436655
0.2373479
0.2929368
0.01892502
0.29156548
-0.032969773
0.27875242
-0.2655674
0.1995476
0.2132309
0.21039931
-0.09139002
-0.043263745
0.24716449
-0.10262306
0.1421813
-0.22163977
0.15329218
0.009872085
-0.17437609
-0.2688257
0.27291968
-0.07665016
-0.040778544
0.120314986
-0.17976038
-0.24930942
-0.16416338
-0.12633002
-0.2603039
0.17971979
-0.1519026
0.0543864
-0.069083415
-0.18521531
-0.14789645
-0.29956773
0.19430582
-0.067677654
-0.1288545
0.11115392
-0.30284187
-0.014353946
0.27649486
-0.097732715
-0.29667
-0.2980878
-0.29973274
0.26653793
-0.07175321
0.22171986
0.0103241345
-0.20873195
0.23942292
0.2503017
-0.19624127
0.10279291
0.11751808
-0.28789115
-0.17909028
0.1002661
-0.18065275
-0.12665181
0.0693385
-0.21783537
0.28296182
0.18296874
0.16006221
-0.16441517
0.080678575
0.18036412
0.17328727
0.21356325
-0.08827563
0.21882926
0.14051302
-0.09897461
-0.08172497
0.27669576
0.2527213
0.042398658
-0.12774715
-0.26593688
0.06852692
-0.05035455
-0.27198717
0.18812646
0.29544148
0.10104366
-0.20834045
0.03865849
0.2589635
0.116970934
0.13195775
0.011947104
0.1927503
0.12520948
-0.28864905
0.026954623
0.25612834
0.13114803
-0.1820222
-0.023443073
-0.034280002
0.025616644
0.03919262
0.03964878
0.028647626
-0.07059467
-0.022616588
0.22054839
0.11754931
0.26974046
0.11178938
0.29483837
-0.016246552
0.113073945
0.20926246
0.2823242
-0.04675621
0.014585062
-0.06122403
0.28066987
-0.2984188
-0.1472936
0.055834863
0.20529073
-0.031664167
0.069510676
0.28642508
0.27990824
-0.16561979
0.15540327
-0.027383033
-0.23189653
-0.009099343
-0.06810892
0.023090236
-0.06327707
0.2808717
-0.032684498
-0.02297579
-0.16793588
0.27478975
0.25157726
0.0867989
-0.1414527
0.27919456
-0.16936325
0.04710825
0.012617707
0.015202932
-0.28460667
-0.25566345
-0.27156818
0.26077506
0.26011482
0.2750227
0.23512588
0.019501714
0.10491677
0.0118111735
-0.002466003
-0.012039965
0.10255871
-0.28350088
0.21215636
-0.09919638
-0.092879094
-0.10330927
0.27491805
-0.20985742
0.17277417
-0.17066081
-0.20426211
0.25574064
0.18248054
-0.09640382
0.17594804
-0.237278
-0.13698266
-0.13822837
0.26732183
-0.2783459
-0.14799595
-0.07856281
-0.30074304
0.18149
-0.18292752
-0.16561665
-0.19586332
-0.17279336
0.06678666
0.28507653
0.2546759
-0.22857869
0.098583676
-0.16825974
0.19228247
0.24534933
0.26860896
0.22571336
-0.20135523
-0.035103913
-0.02879046
-0.2865159
0.19186077
0.106400624
-0.010437907
0.1298484
0.07642232
0.30358097
-0.2642064
-0.071524166
-0.21893299
0.29546946
0.127953
0.07791007
0.19893855
-0.026442677
0.23824264
-0.21692578
-0.17858523
0.19100209
0.21704552
-0.16427788
-0.29531026
0.17399566
0.017747115
-0.036828462
-0.03849552
0.056820005
0.02673931
0.24008608
-0.14127506
0.066479616
0.23000763
0.2783285
-0.015699865
0.14275411
0.13422132
-0.10718066
0.05173359
0.21587418
-0.12513514
0.13797086
0.052335426
0.19086108
0.11602399
0.15703848
-0.21420363
0.010835392
0.14280786
-0.056418292
0.12743384
0.060211852
0.12366921
0.08145294
-0.17111525
0.19168364
0.15270893
0.23768723
-0.26751196
0.041949596
0.10321173
-0.28169334
0.25636724
-0.088877365
0.12918262
0.16458972
0.25324085
-0.14152434
0.1836192
0.2498158
0.064947635
-0.2162593
-0.06712087
0.2414659
0.014606993
0.18711576
0.054849125
0.12432679
-0.2560002
0.04147295
0.20398298
-0.28493264
-0.1021176
-0.28823203
0.017935565
-0.2885769
0.23925611
0.1711283
0.09981648
0.22980092
-0.06710995
0.19132096
-0.059209738
0.15076026
0.06264391
-0.25808322
-0.016619598
-0.019478684
-0.04326019
-0.14067447
0.2565612
0.06722584
-0.28665045
0.15971273
-0.10562775
-0.29135326
0.28649327
-0.12377582
0.21477202
-0.2430438
-0.1084801
-0.05203566
0.20187262
-0.023928994
-0.008770108
0.23738042
0.044302307
0.030621529
0.28054577
-0.23172326
0.0145777
0.081115834
0.10897514
0.069823086
0.22954315
0.08573857
-0.13084197
0.05488493
0.18402237
0.23670946
0.24662295
-0.09596534
0.01982212
-0.15336642
0.19295783
0.28608984
-0.15726934
-0.26109698
-0.15722644
-0.14663306
-0.03745796
-0.2938798
-0.28696588
-0.07140594
0.1577461
0.10726168
0.25276124
0.20793942
0.10005107
-0.29426822
-0.12987453
0.014709673
0.166305
0.27371046
-0.057483416
0.1601202
-0.099302396
-0.08386275
-0.038408525
0.06421875
-0.20470312
0.019397216
-0.2234969
-0.03971386
-0.28693235
-0.055960607
0.06404388
-0.033216655
0.110523716
-0.2082793
0.038868517
-0.10561094
0.17849195
0.14468828
0.12231382
0.004845602
-0.23166189
-0.05636426
-0.24582401
0.104426764
-0.22823997
0.012553132
-0.072849356
-0.25213996
0.29294217
0.29437858
0.052069843
-0.082860164
-0.17175496
-0.0423867
0.28587615
0.29573506
0.29918063
0.10798204
-0.071823075
-0.13864043
0.00090723386
-0.28780022
-0.16423135
-0.18272609
-0.04713019
-0.21391672
-0.16064303
0.28041857
0.17574674
0.20722698
0.17177601
0.13348052
-0.19435517
0.0399825
-0.28601184
-0.27472585
0.052628256
-0.057746373
-0.25609255
0.2265851
-0.28677598
0.1560068
0.08135443
0.14615557
0.03350177
0.112569
0.26128036
-0.19514802
-0.22062558
0.042751398
-0.26629534
-0.0935159
-0.11729981
0.1773442
0.22890875
0.10585628
-0.19127266
0.053733215
0.20067048
0.2279213
-0.2524048
-0.08755658
-0.02238131
0.2192073
-0.11521944
0.28273848
-0.07662731
-0.12575655
0.10317671
0.25808588
-0.117009506
0.16632085
-0.2575672
-0.16965859
0.2850634
-0.06294645
-0.2383802
0.27204347
0.24481836
0.0128538655
0.24334618
-0.23944077
0.017145155
-0.23251203
0.16958292
-0.03156095
-0.16207348
-0.02079683
0.004457687
-0.23417373
0.047861326
0.17238818
0.26538298
-0.2056665
-0.2328271
-0.23610574
-0.2986804
-0.2871112
0.026983092
-0.22586833
0.21759398
-0.061135057
-0.16343383
0.032587938
0.07181707
-0.15621541
0.11022091
-0.23772757
0.022366913
-0.22124381
0.29875058
-0.2648457
0.26108176
0.027026623
-0.23188658
0.18262789
0.017291114
-0.076769255
0.13328002
-0.027271869
0.07871446
0.2320383
0.1576097
0.20029601
-0.2260355
-0.08047325
-0.036661677
0.1799298
0.022448078
-0.19078428
0.18091498
0.15860991
-0.1816559
-0.08494973
-0.25665203
0.28797626
-0.2903764
-0.03344286
0.046194345
0.25435796
0.10261249
0.1096443
0.27528843
-0.08879291
-0.11692106
0.30389544
0.09355368
-0.023550643
0.23900454
-0.15171048
-0.18164104
0.0769667
-0.17579128
-0.18346383
0.121091284
0.2728083
0.20581469
-0.07687387
-0.020183757
0.17118075
0.1989165
-0.119550705
-0.22693965
-0.07644276
0.07557324
0.20855445
-0.2058052
-0.011756469
0.26195207
-0.02562391
-0.119127154
-0.2566603
-0.2643161
0.21952574
0.17392002
-0.24262187
-0.035280757
-0.015121735
0.07251121
0.29546255
-0.114499
0.004291047
-0.2476546
0.03448954
-0.050363444
0.1386832
0.018897304
0.073736615
0.008903806
-0.15510462
-0.0859994
-0.05773369
-0.18923706
0.05937891
-0.28906044
0.09104758
-0.020847412
0.21766189
0.2661713
-0.0794616
-0.079389445
-0.28954974
-0.23091772
0.23469666
-0.035039138
0.06112101
0.21378933
0.15547223
0.09260533
-0.08800359
-0.27221948
0.17912444
-0.06876808
0.2768697
-0.13057937
0.19347632
-0.30466056
0.077575676
-0.2466665
0.032244064
0.20433031
-0.26898113
0.106491424
-0.20024055
-0.22973858
-0.25746727
-0.0008520034
0.17773306
0.22270292
-0.19798164
0.2643949
-0.19229649
-0.013720185
0.05076082
-0.1444887
-0.05347358
0.09013155
0.20325612
0.009860864
0.00015067772
-0.053731162
0.086715855
0.09223979
0.059632853
0.07090227
-0.10802542
0.16217855
-0.20195988
-0.099453285
-0.09989996
0.25610468
-0.076290704
0.17174228
-0.2532248
-0.064685255
-0.1773545
-0.056127355
0.12133564
0.29399616
0.14991252
-0.16881786
-0.018786239
-0.019343225
-0.20449018
0.057586454
0.24146877
-0.015292189
0.010069441
-0.03495074
-0.21959144
-0.27064827
-0.24030572
0.07669232
-0.05389707
0.23020115
-0.15235595
-0.07064287
0.060360715
-0.2638701
-0.03846505
-0.2880055
-0.28769767
-0.28440207
0.2284667
0.16241214
0.045884997
-0.25003046
-0.27259806
-0.30118003
0.23865427
0.22599992
-0.024465375
0.102890715
0.20129296
0.29247954
-0.2389646
0.072680585
0.11771284
-0.19439512
-0.23998322
-0.2816827
0.1425906
-0.023388458
-0.04759247
0.15794712
-0.041921932
0.17639256
-0.24075384
0.25386053
0.27579662
-0.07209573
0.22989939
-0.06928248
-0.028510833
-0.29123768
-0.21468663
-0.26052
0.11907402
-0.24583764
-0.18894482
0.22039549
-0.15881336
0.03529958
0.21036395
-0.19014356
0.10493831
-0.20077908
-0.15088011
-0.1754531
-0.18558407
-0.08356743
-0.28262576
0.12001103
-0.0829972
-0.20689902
-0.23788503
-0.26307297
0.232996
-0.15595895
0.048538785
-0.25962028
0.06013378
-0.20603676
0.16766118
0.10672712
-0.22602881
-0.21385905
0.15236787
0.16549301
0.17999484
0.14907658
0.14442976
0.08446841
-0.16039293
0.032887407
-0.037226442
4.932148e-05
-0.102598265
0.04454884
-0.29302907
0.26061085
-0.039528027
-0.18575892
0.01207497
-0.2985889
0.11036465
0.014954234
0.26270282
-0.1370736
0.11753536
-0.007127349
-0.2804798
-0.043622434
-0.1771441
0.06383046
-0.046499755
0.043276474
-0.26457572
-0.1356778
0.15991478
0.11492727
0.07087253
0.07202878
-0.005307933
0.25458568
0.17345548
-0.02287509
0.24543841
-0.2764838
-0.23714396
0.20978516
0.07361206
0.08680319
0.05398759
-0.28611517
-0.039841257
0.19480556
0.03901574
-0.067600116
0.16992134
-0.13832957
0.24559547
-0.10125791
-0.18568681
-0.004957825
-0.18764918
-0.01056663
-0.022489808
0.10347775
-0.28861526
-0.16469623
0.13315539
-0.080227956
-0.14151295
-0.21337853
-0.2049846
-0.051930755
0.0033888647
-0.054466225
0.10137861
-0.18764076
0.04336764
-0.11029847
-0.174517
0.16928408
0.01002169
0.28910238
-0.006203446
0.2115619
-0.2605293
-0.22828281
0.09569788
0.0009902647
-0.14338654
0.00402805
0.014700108
-0.2958235
0.011787844
-0.1386041
0.2741371
-0.25186917
-0.27523974
0.013655067
-0.2617162
0.21588294
0.10901894
0.26680768
0.10599255
-0.11878275
0.2857182
-0.1330122
0.24312444
0.122316316
-0.21751146
0.11764151
-0.13193455
-0.29824325
-0.15401678
0.29239568
-0.08588341
-0.30402154
0.07791719
-0.07935635
0.23615855
0.25990245
0.11481377
-0.23572631
0.079839654
0.1470012
-0.0649115
-0.22695169
0.20414886
0.045639206
-0.06979262
-0.21272115
-0.14288859
0.09740923
0.09261482
-0.13859545
0.1035657
-0.16792533
0.26729742
-0.189699
-0.15786569
0.22408304
-0.22990619
-0.24699438
0.18938968
-0.3029526
-0.16969533
-0.26166922
0.26991612
0.15198453
-0.23312438
0.1564042
-0.26219097
-0.05470248
0.24185355
-0.06990901
-0.25781137
-0.21370059
0.110310346
0.19135854
0.008505447
-0.14630713
-0.050396133
-0.24848595
0.08730189
-0.2832488
0.041215513
-0.0132757975
0.21588448
-0.2165448
0.057659652
0.17728429
0.17255554
0.017399875
0.2180276
-0.12767802
-0.048944708
-0.25118554
-0.11230477
0.05996555
0.071024105
0.27761373
0.24155575
-0.120636195
0.06271145
0.18388936
0.22403812
-0.01188135
0.054302845
0.25927547
0.16161208
-0.27891797
0.20911984
-0.03329328
-0.24191412
0.25975555
-0.1896749
0.1836983
-0.25513503
-0.052684624
-0.16800152
-0.024257025
-0.076043695
0.031036256
-0.046062324
-0.28831446
0.14275563
-0.0068628667
-0.008569302
0.27283883
-0.09371016
-0.21167168
0.20406704
-0.29362273
-0.24217106
0.22102521
-0.19265063
0.090192236
0.17722279
-0.2152069
-0.0827309
-0.13120337
0.18758021
0.054440495
-0.0009905704
-0.13717218
0.25866383
0.27643746
-0.23196661
-0.15448281
-0.26931283
0.26171672
0.0050186184
-0.16528632
0.202896
-0.24689664
0.29980135
0.20906134
0.29564804
-0.044469196
0.26667804
0.11974058
-0.21096413
0.12291255
-0.06628867
0.17653987
0.12539427
0.26079232
0.12226882
-0.18465917
0.01620212
0.20617098
0.04775614
-0.1973284
0.1565089
-0.013189281
0.24036874
-0.14509921
0.29339212
0.161897
0.15352471
-0.21454279
0.105693
0.06093136
-0.29298234
0.15779307
-0.26849905
0.153148
0.086948775
-0.1877471
0.10982705
-0.22276412
-0.26577204
0.24710357
-0.24482886
-0.08302885
-0.25438336
-0.19865437
0.04651338
-0.2413165
0.29104587
0.005407016
0.014277504
0.15374464
-0.086079404
-0.27307454
-0.1356203
-0.16898865
0.29641372
0.09703896
0.17632827
-0.05096035
-0.17269833
0.08418362
-0.21792006
0.16643651
0.13009603
0.3027231
0.21321909
-0.22103035
-0.2388884
-0.2711167
-0.0103604
-0.20573133
-0.18290895
0.29557204
0.122299954
0.19557522
-0.28960386
0.21922837
0.08828334
0.29449263
0.26380688
0.06655787
-0.076982364
-0.1988717
-0.08804677
-0.13300873
-0.07331204
-0.11146801
0.20377624
0.21174689
0.2078773
-0.25866356
-0.109248035
-0.05310996
0.23364098
-0.07943588
0.019081315
0.12273278
0.13050215
0.26743212
0.18347047
0.079989776
-0.29259595
-0.2902902
-0.23296115
0.086005084
0.26767012
-0.29372978
0.020247333
0.05144087
0.20933692
-0.009949614
0.18459806
-0.25476077
-0.23363249
-0.0632997
0.14835471
0.25759673
0.29651576
-0.050278325
-0.088411115
-0.19716346
0.23997092
-0.009081702
-0.032026123
-0.16279818
0.27629286
-0.20874052
0.2720167
-0.20668939
-0.0368314
0.15136522
0.16894935
0.27179953
-0.30080774
0.073170334
-0.03973485
-0.057325833
-0.0135654835
-0.29302984
-0.0581485
-0.08945187
0.24328284
0.29697615
0.06397375
0.3018655
0.06961171
0.19689159
-0.10892531
0.1627612
0.10258929
0.17739265
0.20605274
-0.25760734
-0.12616771
-0.13836357
0.2047268
0.12284629
-0.15949328
-0.2169286
-0.121406026
-0.22389154
0.1202929
-0.14337496
-0.056120228
0.08686441
0.28405857
-0.1341447
-0.280598
-0.09877547
-0.04625249
-0.009201672
0.13825138
-0.17373933
0.17189105
0.26876086
0.08096736
-0.2237591
-0.23550928
0.11959035
-0.13563669
0.015555106
0.03562603
0.121992335
0.2794384
0.15500925
-0.0039510983
-0.3006996
0.08369967
0.049174327
-0.11625824
0.0022957658
0.16518022
0.08528068
0.087356806
0.2888646
-0.04299843
0.18790439
-0.28913665
0.02622527
-0.0021495763
-0.21479796
-0.18112268
-0.039000295
0.08011754
-0.13199796
-0.11970027
0.29847988
0.20939434
-0.21567748
0.16337042
0.07781655
-0.29902574
0.0078143645
0.22244069
0.30254582
-0.09737367
-0.032253098
0.18641903
-0.124650046
-0.13886705
0.16979218
0.005827126
-0.074506596
-0.08692997
-0.082983464
-0.23880528
-0.2552259
0.092274114
