-0.060997132
-0.07136971
0.04024505
0.0017998677
-0.00021019178
-0.022347888
-0.08914694
-0.03750044
0.07247254
-0.029523237
-0.063185394
-0.09513134
0.101887055
0.026206432
-0.014271121
0.03133037
-0.011353161
-0.0073002204
-0.021581184
0.054097235
-0.08544886
-0.043171722
0.035517868
-0.02999615
-0.03588809
-0.032001544
-0.0071932115
0.004888353
0.022514954
0.006691511
0.03311473
-0.053422663
-0.10287889
0.08057582
-0.09565275
0.07219159
0.08691249
0.0600467
0.008234519
0.09498965
0.045253634
-0.081482135
0.09965162
-0.034508415
0.10276718
-0.013168905
0.034135584
0.026758302
0.050071176
-0.040978882
0.10662195
-0.08729947
-0.09866099
0.081556246
-0.0063233427
-0.09755064
0.101196736
0.026085315
0.054803383
-0.10129552
-0.015184194
-0.06815397
0.04205179
-0.002741835
0.04375258
0.045234405
0.07921559
-0.048281383
0.054194868
-0.0878432
-0.005623997
0.013969308
-0.029334554
-0.04796332
-0.005702297
-0.026539365
-0.025430782
-0.065816864
0.039988976
-0.08852267
0.08796744
-0.09872024
0.027612904
0.073288895
-0.0821175
-0.013580496
0.08133269
0.006408954
0.04089099
0.10536818
-0.09804911
0.10778961
0.028035047
-0.018194469
0.0076816827
0.07479311
-0.09644116
0.009106918
-0.0668302
0.084597155
-0.047148645
0.057081003
-0.10544991
0.103739165
-0.024260838
-0.07664123
-0.06318521
0.0738361
-0.009308171
-0.045330018
-0.01399414
0.082250886
-0.07515752
-0.084380046
-0.09414636
-0.07674418
-0.028900271
-0.05668224
0.01265646
0.061253343
0.030779207
0.011900364
-0.09170914
0.0038840503
-0.100884415
0.044294823
-0.10456587
-0.05784419
-0.034772832
-0.054044507
-0.09074456
-0.044475142
0.095786944
-0.047087215
0.017695444
0.039857443
-0.0453859
-0.10748191
0.03722766
-0.020469291
-0.08171424
0.047678087
-0.002030925
0.0107964305
0.106191784
0.082861684
0.08212317
-0.036132883
2.816841e-05
-0.028078755
-0.073356315
-0.045384973
-0.06960402
-0.027469575
-0.077088535
-0.059574887
-0.017223872
0.0865777
0.00091725314
-0.085860714
0.008326318
0.05447235
0.010728303
0.056975365
0.054936003
0.086218275
0.046656124
-0.046501487
0.012485439
-0.009649704
0.09081362
0.043597095
-0.06477954
0.061033726
0.09817825
0.031940956
0.10769303
0.09446046
-0.037501115
-0.092781305
-0.025505688
0.0013960777
-0.07891669
-0.08092497
0.08250085
0.009929264
0.022437513
0.02264716
-0.08828782
0.08493284
0.06316916
0.01824794
-0.03505848
-0.08820608
-0.07377768
0.015109239
0.031361092
0.004220165
-0.105545595
0.0732195
0.049398657
0.017681425
-0.03333631
-0.03472344
-0.050651487
-0.06599709
-0.049811352
0.06217861
0.023430701
-0.07669936
-0.06807268
-0.02317262
-0.06578639
0.03978188
-0.0669717
0.05914648
0.07003586
-0.05599413
-0.04545425
0.09903064
0.07647176
-0.10202193
0.042563297
0.064112455
0.07240274
0.042223793
0.010021756
-0.047970504
0.017236091
0.08001451
-0.041675836
0.06585682
0.056860607
0.065307274
-0.09116754
-0.08311578
0.103154734
-0.058734883
-0.07695426
-0.014288375
0.059322234
0.008953133
0.071817726
-0.10555727
0.10249139
-0.038164403
-0.0075369664
0.09385375
0.08097844
0.10312435
-0.045176275
0.053201288
-0.09918073
0.047028966
-0.049333267
-0.009677408
0.07549129
0.086487785
0.0010043203
-0.10075322
-0.06284715
0.028503833
0.029447535
0.066070855
-0.046827745
0.10546737
-0.05240766
0.089900404
0.06825634
-0.069369376
0.032757755
-0.019468302
-0.10140051
-0.031049415
-0.026595343
0.01389069
-0.09952181
0.007963383
-0.06660849
-0.03738892
-0.05581509
-0.04436903
-0.030489229
-0.07242892
-0.08548139
-0.026330259
-0.021485863
-0.09851064
-0.032168884
0.045778483
-0.009721449
0.028469803
0.061613858
-0.02468437
0.09551809
-0.04824601
-0.0448305
0.00245718
0.032954697
0.09587235
0.027151477
0.09918319
-0.0979665
0.09269938
0.0587728
0.018241795
-0.06781304
0.10736967
0.06660683
-0.03956048
-0.008145062
-0.087337814
0.02903966
-0.010136863
0.07889694
-0.08230623
-0.10009119
-0.10005311
-0.011555519
0.06646883
0.070695385
-0.08682558
0.020829206
0.08255538
-0.022697717
0.038402487
0.009396151
0.08288348
0.012727422
0.05224884
-0.08237676
-0.07087539
0.06479545
-0.07741968
0.008588359
-0.08883711
0.012459207
0.0990627
-0.07581236
0.071575694
-0.06602895
-0.014269495
0.06905577
0.07407355
0.051575746
0.073639765
-0.057941295
-0.05440544
-0.06773712
0.035161417
0.023670249
0.026930558
0.025568105
-0.036802858
-0.013185196
0.09514597
0.009042106
-0.010681531
-0.021333799
-0.07282016
-0.03813366
-0.10110908
-0.060619503
-0.015909432
-0.08732719
0.0825858
0.06276085
-0.06078814
-0.09176895
0.066628315
0.10741186
0.102010615
0.102966875
-0.06573684
-0.026084093
-0.029667148
0.057651393
0.04229369
-0.10294282
0.0100892745
0.04899797
0.07727392
-0.009924814
0.043908272
-0.06981788
0.018950906
-0.040057175
0.07619876
-0.086381115
-0.059822205
0.10272654
0.038576998
-0.057754397
0.056933887
-0.010150933
-0.08025772
0.104991294
-0.05990247
0.07904319
-0.10353209
-0.07126309
0.03594834
0.01390345
-0.00035822447
-0.061863814
0.009917236
-0.0078009726
0.010777364
0.042442095
0.0110313315
0.08511248
-0.040092327
-0.07272371
0.054473873
0.08998455
0.0005478609
0.08494158
0.10723694
-0.10208304
-0.007951213
0.045375876
0.1066046
0.08181595
-0.009918067
-0.039426733
0.0059990985
0.017567957
-0.07094463
0.07068686
0.007132709
-0.03283616
-0.07589388
-0.04999626
0.06770763
-0.10744312
-0.07194892
-0.0853905
-0.09929373
0.07707984
0.033974867
-0.07002769
-0.0027388853
0.058198307
-0.10366805
-0.05091772
0.057815477
0.00039844276
-0.06737853
-0.08807113
-0.056978703
0.06657047
-0.079386376
-0.037294615
0.02853108
0.08616116
-0.08593706
0.0522098
0.029007772
-0.041777816
0.06951492
-0.06075952
-0.058902834
-0.030724036
0.015285084
0.04095964
0.10147744
0.0764732
0.08999811
0.041510884
0.048752464
0.09240545
-0.05739018
0.101772115
-0.041341435
0.10721801
-0.044319298
0.028776532
-0.009348585
-0.07891186
0.011062371
0.039587684
0.07098613
0.10587762
-0.018970544
-0.015038099
0.07121322
-0.0719037
-0.09702186
-0.044952184
0.03995992
0.10087569
0.015572307
-0.014783844
-0.05762212
0.0320792
0.069234096
-0.069904245
0.031056708
0.02274624
-0.09254586
-0.105837554
-0.014043259
-0.07165572
0.04771361
0.058746703
0.049529467
0.04270288
0.074844785
0.09780327
0.091046765
0.0075630615
-0.0013163855
0.09763106
0.001291259
-0.09808818
-7.6263146e-05
0.09941603
0.104422495
0.056827046
-0.06676901
-0.09932892
-0.05090515
0.022661097
-0.10192317
0.10079414
-0.018571315
-0.097631775
0.09018157
0.10234542
-0.02783954
-0.075741366
-0.062205758
-0.0006910047
-0.05548247
-0.06918663
-0.08476379
0.00073130016
0.056822542
-0.02581714
0.10791629
-0.090032466
0.088989146
-0.047725294
-0.05081233
0.10387876
-0.035581138
0.059976593
-0.008909897
0.09937049
-0.10231063
0.1023279
0.06719358
0.061428327
-0.045771778
-0.018542755
-0.0660443
0.10389891
-0.03072714
0.061688595
-0.07898379
-0.0066293217
-0.05131621
0.07786026
0.068665035
-0.0990567
0.0059885583
0.085662596
-0.05127688
-0.04898529
0.031852074
0.0051830476
-0.049213745
0.07812809
-0.012782363
0.06699734
-0.0766869
0.039605975
-0.08205919
0.008249892
0.04511575
0.065391354
-0.030139517
-0.012032276
0.012207051
0.102851056
-0.0022862544
0.06840105
0.058609996
0.09392411
0.095513344
-0.086981416
-0.10744386
0.0513501
-0.07198161
0.07457165
-0.071050614
-0.05796962
-0.033813804
-0.09184066
-0.07642839
-0.102972865
0.047880348
0.041585
-0.09667177
-0.08903146
0.09273438
-0.008924832
0.03443604
0.026369197
-0.0729963
-0.00015256698
0.071436614
0.06201067
-0.0320646
-0.097112335
0.08793487
-0.01167211
-0.02536125
0.06957996
0.032732423
-0.06891682
0.041892253
-0.0036037206
0.059880346
0.048585616
-0.08471365
-0.065823264
0.015922694
-0.078929074
0.070445
-0.036415197
-0.09340886
-0.09362809
-0.08955025
-0.07040149
0.061397262
0.10576866
0.027641809
-0.07511933
-0.018207528
-0.09437784
-0.018923221
0.043421246
0.10198498
0.068321265
0.017558804
-0.07148451
0.09553149
-0.0059098983
-0.0028233195
-0.024980292
-0.08834011
-0.08472687
-0.081103586
-0.05871864
-0.10094264
-0.06354114
0.0030794241
0.08450995
0.03756106
-0.04360903
-0.025446905
0.008797583
0.09510168
0.025857002
0.0023847122
0.07873024
0.058872726
0.062244203
0.09449581
-0.012543662
-0.1060197
-0.08154654
0.05466682
0.08688546
-0.056135107
-0.07326637
-0.049636845
0.09783915
-0.057295073
0.095741875
-0.02114042
0.084739424
0.03357977
-0.03106772
-0.049230102
0.07615349
-0.00020934435
0.08474867
0.06575577
-0.068121366
0.08409263
0.09617767
-0.025081743
-0.08248618
0.046097383
-0.0854712
-0.006427714
0.06252543
-0.03208696
0.05600051
-0.05674609
0.013791767
0.10183112
-0.007701832
0.021624284
0.06846073
0.030542925
0.018338393
-0.01870317
0.015848184
0.05128562
0.017732194
-0.05090876
-0.04345907
-0.03623461
-0.053228687
0.038433913
-0.036987603
-0.06515036
-0.0016071419
-0.07405865
0.07589628
-0.09505122
-0.08476116
0.043642316
0.03719887
-0.10567323
-0.08669245
0.057264034
-0.05617634
-0.036355343
-0.0020623738
0.09661146
-0.02674364
0.02015379
-0.08404428
-0.055944983
-0.092909016
-0.03679392
-0.050493967
-0.040691163
-0.030265767
-0.008608406
0.021624831
-0.09175008
-0.04565046
0.033310972
0.035839397
0.053110223
0.084518746
-0.015863886
-0.08147748
0.036846753
0.0040783705
0.08413231
0.022843152
0.029796094
0.008795156
-0.008503092
0.078900434
-0.012675748
-0.020356337
-0.08986847
0.07918919
0.054566287
-0.07163954
0.07234654
0.07116097
0.0629759
-0.020214139
0.042528626
-0.08537995
-0.090629674
0.024190858
0.01222753
0.00956081
-0.025067637
0.026050681
-0.085851684
0.07945717
0.041793156
-0.038771097
0.089526035
-0.0927195
0.013933063
0.069843724
0.014934538
-0.02886167
-0.05254154
-0.010551379
0.0072046714
-0.07236685
0.04623492
-0.09463182
0.041913636
0.102772504
0.086622916
-0.0876313
-0.09226845
-0.035078526
-0.025608752
0.050021697
0.028585456
0.049030986
0.09952357
-0.10339408
0.075378515
-0.01267708
0.03398778
0.021746427
-0.057161376
0.055950865
0.019347327
0.10275378
0.0104960725
0.07932549
0.003718415
0.07565795
0.045345027
-0.05661759
0.0438082
-0.028517636
0.07068719
-0.086589284
-0.021994824
0.0029639697
0.011895692
-0.013670314
-0.07648078
0.022049265
0.052009754
0.0056008645
-0.065609604
0.033172254
-0.009094273
-0.055112526
0.0032267151
-0.043119855
0.10342474
-0.08623804
-0.04002877
0.037813913
-0.08314325
-0.015650328
-0.033158712
-0.10134035
0.00045156566
-0.00026662255
-0.062419645
-0.081264146
0.0077235047
0.01657512
-0.060271002
0.09266773
0.03384975
-0.025416631
0.03418695
-0.013274692
-0.021349354
0.070932604
0.013710311
-0.097494334
-0.08401306
-0.057271324
-0.102676876
-0.059044674
0.08783651
-0.050658148
-0.10197679
-0.05626421
0.020150013
-0.03901279
-0.022892829
-0.022496928
-0.012546932
-0.098197825
-0.017182222
-0.0818944
0.09667166
-0.09990513
-0.032143213
0.0414654
0.07423366
0.08744297
-0.057528857
0.0035042176
-0.046497565
0.05005479
0.0034202135
0.023077147
0.10657412
-0.084127486
-0.06329963
-0.023321811
-0.09894643
0.1019186
0.03967455
-0.056362275
-0.0107969465
0.024576109
0.08430632
0.07406618
0.07811784
0.014771619
0.0969096
-0.03346712
0.08614342
-0.047082424
-0.01598739
-0.035597585
-0.029544288
0.022673367
0.06311496
-0.036185816
-0.044155657
0.030407315
-0.023977498
-0.10385837
0.034860734
-0.054948974
-0.026578125
-0.005881699
0.009288348
0.06292271
-0.076498576
-0.09935047
-0.08035446
-0.001993676
-0.042109992
0.07680087
-0.04316752
0.099212684
-0.097957164
0.06149561
-0.028288921
0.0029345886
-0.09124435
-0.05675797
0.018897347
0.07733614
0.07900032
-0.055272896
0.02626426
0.03575316
0.004425309
0.064120136
-0.095549755
-0.056154147
-0.093779504
-0.040064506
-0.026735777
0.10468761
-0.099478334
-0.067066975
0.031230472
0.0866956
0.05430436
-0.046936717
0.02029553
0.029997187
-0.019074015
0.016120806
-0.03518176
-0.09849485
0.025885021
-0.011587742
-0.047032192
0.068275705
0.029305264
-0.049965445
-0.10558894
-0.02446089
-0.072052866
-0.0799208
-0.05678593
0.09363646
-0.04097574
-0.106542185
0.07597966
0.075314365
0.08232295
-0.023284541
0.07124079
-0.06270591
0.097255245
0.011512235
0.024818989
-0.09408156
-0.06724238
0.053834293
0.05679538
-0.04752113
2.6591006e-05
-0.058048654
0.04895985
-0.08252034
0.047878023
0.09383913
-0.041549776
0.063565746
0.08817918
0.06300138
0.06072505
-0.0044496004
-0.029785104
0.089837424
0.076966785
-0.052066844
-0.039625436
-0.1003896
0.10414697
0.012268006
0.03442273
-0.013347906
-0.0032495211
-0.04547124
0.04986171
0.097351626
0.07427168
0.0014068027
-0.051592454
-0.10432781
0.057306014
-0.014747711
0.00064503564
0.045702446
0.050702143
-0.075713806
-0.103383325
0.0007092416
0.0783032
-0.087109394
-0.09841521
0.00013097771
0.028964384
-0.10271106
-0.10006949
0.008387186
0.015323127
-0.038088962
0.07272409
-0.098160826
-0.083283216
-0.055744175
0.04618672
-0.09147809
0.07271671
0.10822156
0.09185304
-0.062802844
0.06633718
-0.09536196
-0.04287145
-0.106927685
-0.07820259
-0.00900876
0.08477356
0.02401667
0.04260858
0.05343813
0.10404627
-0.060878146
0.014584555
-0.053731613
-0.04937688
-0.038882744
0.007932268
0.07931363
-0.035428256
0.0906528
0.09937865
-0.06400971
-0.07177467
-0.07270231
-0.003853645
-0.09977803
0.07371863
0.10048952
0.082222864
0.053625148
0.050734982
-0.022181328
-0.02774053
0.01779492
-0.011292374
0.025312254
-0.01971131
0.008731915
-0.06708407
0.10107576
0.04298584
0.06703523
0.060867984
0.080492266
0.039720986
0.0076124226
0.02440023
0.046780586
-0.037286896
-0.046769045
-0.052654114
0.039326273
0.0009588455
-0.04403327
-0.05078805
0.062152263
0.107378565
-0.07716076
-0.02185754
-0.10152775
-0.032374617
0.10721355
-0.0425341
0.01871751
0.07733173
0.09905058
0.09330989
-0.04668298
-0.022845417
-0.010958695
-0.020228766
0.018682465
0.030851515
-0.09437894
0.103360154
-0.010028813
0.024756119
-0.09786631
-0.088401325
0.07713421
0.10164066
-0.088101916
-0.030320209
-0.021136958
-0.047077548
0.021030262
-0.040956996
-0.056467313
0.003048066
-0.060963884
0.013314396
0.06502219
0.008812152
0.033254683
-0.041713074
-0.023486441
0.051655464
-0.02099302
0.09447502
0.023127748
0.07759084
-0.012653131
0.027528899
-0.04879698
-0.019856365
0.08907929
0.010102988
0.06162706
-0.10264374
-0.02650054
-0.007593276
0.027804658
-0.060538094
-0.061305635
-0.035764113
-0.02081648
0.06009272
-0.045686487
-0.08630732
-0.10176481
0.060280666
0.019170888
0.028054979
-0.0085720485
-0.07675387
-0.03341866
0.10769052
0.082394734
0.056463815
0.064872384
-0.009657703
0.037366204
0.10523262
0.09257502
-0.043404296
-0.011268281
0.08430387
0.060769815
0.077293314
-0.0034080502
-0.017583102
0.06863508
-0.09686165
-0.018626062
-0.03303922
-0.07289785
0.086784065
0.090333715
-0.06454889
0.019106071
-0.08657929
0.028820459
0.0860168
0.095850274
0.07239459
-0.042578448
0.07025413
-0.0014141354
-0.10446829
0.012573453
0.042689707
0.038124096
-0.07634942
0.03927042
-0.049839366
0.09644282
0.053158645
0.061829887
0.056956016
0.081030585
0.08116058
-0.053265806
-0.076912545
-0.036241047
-0.037495896
0.014447386
-0.053512305
-0.01665891
-0.08806129
-0.06491779
-0.057308167
0.018942405
-0.022613572
-0.07407977
0.0115235625
0.063114665
0.061210107
-0.026054159
-0.07253718
-0.07084793
-0.10018561
-0.07741754
0.09274104
0.06788226
0.01622299
-0.020605396
0.0017938057
-0.0957162
-0.10245225
0.09313497
0.079898626
0.07213042
0.04365497
0.024966076
0.0022895504
0.10727814
-0.07842842
-0.07090471
-0.07910316
0.06562873
-0.012055928
-0.027616924
0.032081828
0.0423447
0.025060108
0.008641189
0.06770541
-0.06704836
0.040705085
0.065308705
-0.038619336
-0.06061685
-0.054019958
-0.10717442
0.09905887
0.061701674
-0.10484731
0.04941094
0.09455905
-0.08125541
0.020148015
-0.02556201
0.099500984
-0.0031974986
0.017730908
-0.048083577
0.08178183
0.09723442
0.0071454644
0.100643486
0.059583884
0.096991226
-0.018282168
-0.10705153
-0.09874947
-0.09720471
0.09126907
-0.07714283
-0.001872164
-0.08466825
-0.0052436967
-0.03019992
-0.028264472
0.0805286
-0.012726575
-0.05572733
-0.054809406
0.010235736
0.006065822
0.10584411
0.07764034
-0.040810637
0.037318613
0.07846483
0.08873314
0.015922835
0.07761635
0.07939473
0.06360863
-0.018941782
0.03934585
-0.07482716
0.054421008
-0.024506344
-0.045239087
0.028139584
0.08104973
0.06587669
-0.053970736
-0.050293364
-0.08565272
0.0826144
-0.048635546
-0.0574383
-0.002802118
0.029263575
0.022117017
0.021974126
0.039166275
0.06808835
-0.03805627
-0.034552652
-0.06590161
0.0908903
-0.094985254
0.07621113
-0.097698875
0.0014635168
-0.010195507
-0.09495466
-0.08881378
-0.060534514
0.021861145
-0.035793852
0.05620577
-0.079969786
-0.024754394
-0.015976425
0.07439926
-0.041314676
-0.09956526
-0.05346286
-0.075382255
0.03784134
0.10696479
-0.026101852
-0.0037213112
-0.022539143
-0.05263892
-0.080093734
0.053423725
-0.081062086
0.019540835
0.04756519
0.10228746
-0.08421156
0.06096426
-0.050094355
0.03134398
0.07779512
-0.05245469
-0.042755518
-0.06951014
-0.059712365
-0.08118233
0.0035923803
0.09321374
0.09295547
0.023262985
-0.05332006
0.055163633
-0.04663627
-0.038187694
0.0030475818
-0.036229245
-0.018712772
-0.07312538
-0.051380206
0.09361812
-0.05916841
0.008998009
-0.042358126
-0.07490787
0.101628065
0.082983695
-0.07560215
0.021761427
-0.08576917
-0.09811217
0.048911076
-0.083564565
0.04362289
-0.05871303
0.0065813684
-0.028387686
-0.010292765
-0.026376553
-0.09417227
0.0708097
0.073974624
0.021425696
0.00064682955
-0.051465526
0.04646271
0.01953116
-0.027716363
-0.09181561
-0.0041981344
-0.048702013
-0.0018683282
-0.035980016
0.105755724
-0.058638107
-0.095116615
-0.05904739
-0.0449272
-0.08049533
0.056079913
-0.07162438
0.045262642
0.09935203
-0.09427756
0.018204842
0.081062645
0.014109745
0.016822802
-0.09250694
-0.06779364
-0.077466294
-0.052667614
0.0798671
-0.059219323
-0.04865938
0.08724978
0.10659629
-0.007951357
0.025067858
-0.10543217
-0.094975896
-0.10197086
-0.01650321
0.029448494
-0.004613182
0.01389032
0.06307007
-0.0018535354
0.09975522
0.0033075067
-0.04064283
0.09757446
0.04573793
-0.09231578
0.059833724
0.10019984
0.10759059
0.039700087
-0.007907678
0.03543009
-0.038142942
-0.057615552
-0.10549265
-0.048342887
0.022451937
-0.074468695
0.04225604
-0.034665562
-0.038437564
-0.09740503
0.0049064187
0.07631847
-0.05389206
-0.055907764
0.08459178
0.0025099872
-0.08315638
0.06357063
0.019707568
-0.084172904
-0.015365747
-0.05317538
0.04604889
-0.014779002
-0.10030575
-0.058154423
0.09005286
-0.095627695
0.07417126
-0.10119984
0.09580599
-0.08989224
-0.010065263
-0.05893901
-0.025200816
0.053672615
0.07621023
0.00044405874
0.029594148
0.068254255
0.02021515
-0.048100036
-0.056309327
0.024301792
0.0511178
-0.02347871
0.026219465
-0.10572835
-0.06855074
0.05671632
0.03614381
-0.029940868
-0.04732175
-0.107145324
-0.072049126
0.06966885
-0.06586696
0.07520705
0.10718338
-0.056417618
-0.057354257
-0.071889095
0.037022695
0.10125153
-0.095032364
-0.047921307
0.03081052
-0.017834587
0.019916693
-0.10513654
-0.011133079
-0.06919805
0.027112022
-0.084417626
0.075566106
0.05580273
0.071322605
-0.08185772
0.067278564
0.06451325
0.07285955
-0.08189275
-0.04790931
0.1003523
-0.0035643994
0.039651398
-0.10173162
0.013782392
-0.02026932
0.067426875
0.07432383
-0.08947968
-0.007930956
-0.08706819
-0.02251038
0.084362894
-0.05626819
-0.07619475
0.044275686
0.02504408
-0.011851037
-0.041018866
0.051579654
0.051493615
-0.009324213
-0.0024104856
-0.08502265
-0.106422
0.024960948
-0.066704676
-0.046756
-0.034120858
-0.0024974968
0.025502216
-0.013696711
0.051787086
-0.07529437
0.087648444
0.042599134
-0.02916859
0.06553125
0.0131998975
-0.035790294
-0.022291347
0.06724416
-0.08593237
-0.031031905
0.10639968
-0.0006068494
0.07437415
0.007410123
0.06830373
0.076212935
-0.06551254
0.06967148
0.054759067
-0.011874182
-0.043550275
0.021555731
0.06763403
0.07004092
-0.058266662
0.063051224
0.009754793
0.010271162
0.101143815
-0.08328842
-0.022974184
-0.077646375
-0.09758855
-0.0802344
-0.088974304
0.037779085
0.08074103
0.0040065125
-0.009580554
-0.0062350095
0.045721214
-0.08598861
-0.055991594
-0.04441711
-0.074103646
0.040249716
0.0076309456
0.09410643
0.06301055
-0.014801759
0.06780151
-0.07349933
-0.0006234038
0.034952275
0.07468395
-0.058090482
-0.004939966
0.053174663
0.07866486
-0.01944439
0.07062074
-0.0290985
-0.003915335
0.042484254
0.030425232
-0.05361257
-0.09190222
0.0037045544
-0.012626471
-0.019194713
-0.057047598
0.08641858
-0.038693227
0.0457118
-0.09035127
-0.09268639
-0.087557934
-0.0026306894
0.018786795
-0.049759284
-0.08795226
-0.05601671
0.088932425
-0.001458966
-0.050254866
0.097350754
0.07585146
0.020064788
0.101920255
-0.08132095
0.04362631
0.06984917
-0.107210815
0.071411304
0.09062226
-0.09925878
0.002211334
0.07741925
-0.006297311
-0.024086712
-0.103175655
0.049574364
0.010227155
0.10518547
0.08799595
-0.029658644
-0.077289596
-0.018103309
-0.020960933
0.053161424
-0.061368812
-0.070688814
-0.05578634
-0.030260392
0.10424508
-0.0106397355
-0.008728977
0.049393974
0.0039045743
0.04466773
0.07252733
-0.02502341
0.08940342
0.09680345
0.053393845
0.047721315
-0.054062348
0.0014889274
0.07188043
0.06349708
-0.10752589
-0.093275875
0.045581985
-0.0544946
0.06524293
0.035320725
0.03845469
-0.07981614
0.08243496
0.1048625
0.08753694
0.028888263
-0.07049049
0.03031879
0.010506876
0.021652497
-0.09669401
-0.043302033
0.032970235
-0.07942771
0.0066201817
-0.067395665
-0.050388716
0.018530687
0.09172129
-0.047281943
-0.045333035
-0.028236067
0.09781607
-0.107375
0.046555378
0.076417945
0.06018779
0.07646804
-0.07164965
-0.056643996
0.004524404
0.009988027
0.10481458
0.061902184
-0.040766016
-0.100932166
0.07293307
-0.01394865
-0.1075535
0.060746294
0.028419796
0.09479781
0.028373672
0.08152741
-0.072174095
0.021768928
0.041591205
0.081376694
-0.023625007
-0.044925228
-0.090462044
0.05194334
0.10291268
0.0026198027
-0.011579909
0.024757978
0.07895109
0.10616541
-0.09513732
0.014755481
-0.040686216
0.06814185
0.060731098
0.07693274
-0.015270705
0.05975163
0.074663445
0.10522456
0.010051762
-0.06886591
-0.09778925
-0.10043285
0.098680764
0.101917095
0.05697658
0.00051771995
0.0873553
0.043073162
-0.006337688
0.0105802715
-0.05390498
-0.07292476
-0.08805941
0.020127187
0.05947779
0.09649519
0.09073257
-0.053324413
0.101474725
-0.00975794
0.097453676
0.039432254
0.07859916
0.026951458
0.03599604
-0.0648095
0.004267283
0.035996232
0.021769298
-0.07435739
0.08167237
0.028073896
0.05958263
0.044417266
0.023824114
-0.000604299
0.06382478
-0.06664186
-0.040141787
0.0915927
-0.02200227
-0.07399105
-0.03617675
0.023485819
-0.08087001
-0.038981903
0.05086798
0.08411127
0.054766256
0.10650449
0.093350284
0.06763706
-0.015860738
0.064057514
0.030589642
-0.09469145
-0.0194463
0.10490443
0.045819182
0.09189291
-0.06265717
0.07186578
0.012628327
-0.061095607
-0.06697762
-0.043373782
0.050519183
-0.06720025
0.025725197
-0.0815545
-0.08286887
0.031133933
-0.007518264
0.06805692
0.07299944
-0.0036274388
0.04006171
0.09557236
-0.09127014
0.03000109
-0.09316074
0.010288271
0.058409143
0.029399496
-0.10043084
-0.041882154
-0.015074236
0.07110873
-0.027958645
0.005213483
-0.08014969
-0.039775155
0.017028976
-0.014378679
-0.0675707
-0.035366576
0.01703974
0.052693438
-0.08762244
0.1024189
-0.014362766
-0.08661887
0.091300055
0.045275338
0.08884752
-0.07549597
-0.08963885
-0.09583179
0.059842624
-0.06629793
-0.068161316
-0.005560856
-0.063927
-0.060632363
0.09919935
0.08684106
0.036615387
-0.035860293
-0.093231626
0.04229454
-0.030695967
0.09031023
-0.004778297
-0.06944709
-0.10257789
0.032308325
0.06870653
-0.04779198
0.06581557
-0.10735444
-0.102231316
0.103048034
0.042513046
-0.06389965
-0.017428672
-0.015032658
0.021868741
0.059917912
-0.06251311
-0.05295173
-0.061001692
-0.097555004
0.014329842
0.071724355
0.0066410555
-0.09171119
-0.057008076
-0.10687372
0.053815227
0.09282324
-0.037611276
0.07857926
-0.01770798
-0.09030111
0.08433628
-0.051729094
-0.013043937
-0.088016026
0.074465364
-0.04163014
-0.033982493
-0.017759468
-0.0035289444
0.026668666
-0.048895348
0.04447547
0.08013611
0.03505494
0.015400267
-0.03651158
0.051419467
0.06501226
0.07070458
0.07782167
0.095440455
0.08868122
-0.07784924
-0.048699915
-0.09699412
0.025457082
-0.041002743
-0.07845951
0.06393583
0.03387547
-0.07061978
0.09285794
-0.069503516
0.09505378
0.026999101
0.048421826
0.10587884
0.046007995
0.054776013
-0.07681045
0.096200086
0.012361783
0.052123275
0.093152605
-0.07932081
-0.04263164
-0.07191967
-0.024256598
0.08425707
-0.004815685
-0.06961255
0.05606671
0.056956325
-0.07018227
-0.049191043
-0.031235185
0.08227885
-0.00028405097
0.082115956
-0.016677812
0.036207642
0.08258399
0.05942254
-0.021689756
0.06467688
-0.046806253
-0.092053436
-0.052059464
0.060491327
0.0149853
0.07453861
-0.059276093
-0.035516355
-0.034042664
-0.06863203
0.049154077
0.05464952
-0.085112356
0.024491357
0.037649203
-0.104144044
0.051969808
-0.077890255
-0.061493542
-0.031969663
0.020356387
0.070752956
0.07371606
-0.04908661
0.07811958
0.057727233
-0.015602504
-0.039721187
0.09363721
-0.057529703
-0.10465821
0.049316082
0.09912172
-0.016264826
0.09119021
0.083301075
-0.08290928
-0.051991783
0.006031089
0.06243785
0.02740625
-0.0529687
-0.043950662
0.091089085
-0.08530585
-0.0942857
-0.054131582
0.004325985
0.04941718
0.014276987
-0.1060929
-0.066987075
0.030220537
0.104135536
-0.09674752
0.06881273
0.023883713
-0.019546876
-0.106692374
-0.0278692
-0.05809217
0.011375737
0.026048936
0.024251068
0.04001242
-0.08176245
0.06838975
0.079971224
0.05919567
0.013825974
0.07297541
-0.0024286276
0.002850668
-0.005971778
0.08824145
0.027931573
-0.009664326
0.057014573
-0.03860892
-0.015903747
0.08306801
0.0010941973
-0.09027198
0.051172756
0.10313748
0.0053911945
0.06374166
-0.0016404837
-0.04214155
0.076551445
-0.03664008
0.021440659
-0.02487163
0.10255872
0.020405637
0.034899823
-0.03343369
0.032969665
0.0853146
0.074559964
0.046886582
-0.095385
0.022461947
0.060167268
0.020775547
0.014900956
0.020871133
-0.020333903
-0.1035941
-0.011055637
0.031044284
0.054321006
-0.08909334
-0.021558007
-0.0789033
-0.06933484
-0.07299583
0.0738807
0.09714486
0.059551865
-0.085370764
-0.07635241
-0.028337838
0.10128101
0.08189634
0.08257989
0.099392444
-0.06600542
-0.06480974
0.056592334
-0.024230406
-0.085485645
-0.04763322
0.07651361
-0.08894452
-0.049358476
0.06172241
0.035241697
0.008350563
0.025545709
0.03628959
-0.052856795
-0.047905315
-0.0028795705
0.008437172
0.093093485
-0.021990275
-0.0658369
0.0982723
-0.10751228
-0.109047934
0.031325396
0.026901526
0.101496376
0.041022334
0.060822576
-0.0929734
0.085179426
0.09489002
-0.08272241
0.013645099
0.08691358
-0.036074318
0.06987251
-0.076339714
0.0025489305
0.0927806
-2.8673285e-06
-0.09416989
-0.01381287
-0.071113534
0.070411816
0.09851526
0.031211311
0.06673954
0.021355692
0.0011935176
-0.006195577
-0.0037951984
-0.042948857
-0.07595115
0.008042986
-0.019426117
-0.0778268
-0.0037177799
-0.043492552
0.090741344
-0.036293548
0.106535316
-0.036355224
-0.022284174
0.00019243953
0.025512734
-0.020185329
-0.09300475
0.035087805
-0.08861937
0.07799605
-0.035594456
-0.09006867
-0.020129213
0.040408723
0.041060224
0.041684646
-0.009031074
-0.10181367
-0.09516262
0.082413636
-0.09139854
-0.048425157
0.0187356
0.011207428
0.06691449
0.010289461
0.04000304
-0.105915725
0.08930588
0.10453282
0.09764583
-0.04052782
0.04536518
0.07951662
-0.028271021
-0.053853456
-0.07144781
0.05427677
0.032704476
0.08183303
0.103648104
0.061894514
-0.028746035
0.07657916
0.023350025
-0.10520891
0.07984607
-0.011334813
0.09119468
0.03940081
-0.070361145
-0.003058211
-0.09076339
-0.09475863
0.0056575146
0.07217846
-0.08675202
0.010332524
-0.033028957
0.071132734
0.005902881
-0.09025003
-0.105921835
-0.036367945
-0.082046
0.0009515763
0.05667446
0.08617669
0.040492725
-0.0012837792
-0.06480092
0.04088301
0.07513314
0.054019414
0.09813248
-0.014807528
0.05621126
0.1004488
-0.022776565
0.09494819
-0.006034886
-0.00020839328
0.10328055
-0.077620104
-0.072514884
-0.028055625
0.060885046
0.07453238
0.0024322693
-0.024122477
-0.022741333
0.014927594
-0.037037335
-0.08042347
0.06203014
-0.06158088
0.021509727
0.06322542
-0.039731447
0.080759235
-0.054986574
-0.005558928
-0.05099286
-0.009338242
-0.0990732
0.020540446
-0.069785684
-0.008372308
-0.08838531
-0.10264203
-0.060045402
0.09667054
-0.0083987685
0.013082878
-0.021300592
-0.008085554
-0.03831855
-0.088116966
0.09963294
0.009065126
0.015058845
-0.090011045
0.051647972
-0.07718744
-0.10374441
0.054115877
-0.051850867
-0.022341082
0.015604697
-0.06094809
-0.0076315277
-0.08999736
0.100575216
-0.055677984
0.09095748
-0.023487879
0.10683479
-0.08251448
-0.09589208
0.043212116
0.103040665
-0.04638875
0.03241364
0.07628514
-0.02309301
-0.021037672
0.026359852
-0.070354804
0.03058054
0.08772475
-0.043513898
-0.06399212
-0.041243695
-0.03854485
-0.014420013
0.09608412
0.07383564
0.008656428
0.046790946
0.02135247
-0.087433115
0.05448449
0.029386029
-0.104488924
-0.08470227
-0.036577906
0.02816774
-0.08762697
0.011473055
0.026403217
-0.03307197
-0.004690256
0.08122219
0.0027464153
-0.08649859
0.09751586
0.047979698
0.050387938
-0.0540212
-0.01681517
-0.01683255
0.046122294
-0.10878042
-0.00058060896
-0.06419086
0.09415005
0.048068993
0.041026354
0.052720115
-0.095004745
0.09923747
0.08634206
0.06741138
-0.031902526
0.06146542
0.032229144
-0.010177985
-0.035397157
0.06088058
-0.06525494
0.09547941
0.037285138
-0.1002402
-0.03571755
-0.08893832
0.09381733
0.05386035
0.015083164
-0.0005946263
0.06578644
-0.012203119
-0.032252435
-0.08334959
-0.02077842
-0.10098014
0.0523111
-0.0018303894
0.038550787
-0.0025937527
-0.0053496943
-0.0137326475
-0.033853788
0.021961149
0.100006565
-0.051106695
0.1000835
0.0784787
-0.07833621
-0.004065796
0.030877298
-0.026665775
-0.037327617
0.053559322
0.0924502
0.07801502
-0.09123057
-0.032858185
0.061847463
0.0022225555
-0.08012054
0.10528954
-0.0612043
-0.027429335
0.09325516
0.003556564
-0.01798898
-0.0145750595
-0.06280872
0.032103274
-0.10116573
0.02970079
0.075421035
0.09716062
-0.09109422
-0.034710668
0.08842964
-0.07994039
0.06519219
0.04743429
0.059702016
-0.02479748
-0.05101296
0.098327376
-0.011318445
-0.09939447
0.081581466
-0.051510308
0.061345972
0.03050647
0.008090269
0.06667372
-0.01660433
0.026819061
-0.0068481974
0.10282223
-0.07808262
-0.031064466
-0.006093922
0.03213454
-0.074242875
-0.09035907
-0.016858734
0.05540485
0.010096365
-0.024680842
0.007874736
-0.047996078
-0.048336472
-0.027745584
-0.0037610035
-0.044733383
-0.024198374
-0.08961553
-0.07365709
0.048600316
-0.06428214
-0.02515717
0.106734425
-0.026676007
0.055569865
-0.03632217
0.08205499
0.035061058
0.03875212
-0.05067249
-0.0913298
0.10121516
-0.09977002
0.0072360756
-0.08672325
-0.037021693
-0.0041999915
0.04294727
-0.028387222
-0.06036741
0.09934183
-0.071025014
0.057171
0.07170422
-0.022090893
-0.014130349
0.027435683
-0.0998181
-0.041677903
-0.061663557
-0.08200201
0.059005745
-0.033749282
0.06903283
-0.013584354
-0.09826329
0.07837647
0.055263367
0.050202183
-0.0032599103
0.020849517
0.040688973
-0.09843899
-0.10520414
-0.07996344
-0.0017606982
0.033558674
-0.07163366
-0.0992018
0.033799525
0.019036207
-0.046367582
-0.089232326
0.101221174
0.0996903
-0.025035052
0.09312312
0.08554845
-0.09480208
-0.010014483
-0.07957292
-0.024423188
-0.06994951
-0.02370607
0.030808672
-0.089168
-0.05079763
0.02107182
-0.06639188
0.10264278
-0.0666779
-0.097658716
0.08713544
-0.010882526
-0.066749625
0.09949218
-0.026600113
0.021132166
-0.104059406
-0.101292714
0.06129049
0.08836255
0.002182549
-0.017852068
-0.03334341
0.03981288
-0.058798943
0.016878452
-0.03952079
-0.026912332
0.003533049
-0.022101277
-0.09129389
0.04363875
0.048132926
0.037832905
0.0047199135
0.09650679
-0.093784556
0.0073178145
-0.07718553
0.09907155
-0.079811566
0.023508247
-0.0073523843
0.04538442
0.0779327
-0.08803953
0.10060234
-0.0425207
0.027950037
0.026662357
0.1044435
-0.03212654
-0.08047943
-0.0026776919
0.071222454
-0.0071768695
-0.0064190296
-0.014507083
-0.08084602
-0.072481364
-0.10361974
-0.017292079
0.094821066
-0.05876916
-0.07093546
0.03226214
0.1026565
0.09294472
-0.06084217
0.068524145
-0.0029936384
0.075308025
0.0825416
0.005729365
-0.09134951
-0.04969989
0.044547696
0.0737252
0.023583004
0.07207336
-0.08395179
0.025556307
-0.059707493
0.033845887
-0.03899791
0.0071199588
-0.017409632
-0.04577924
-0.09858825
0.09339761
0.10466214
-0.10805189
0.049632717
0.024702651
-0.0137946615
-0.021379147
-0.091323905
-0.043598693
-0.108654514
-0.04048873
-0.09918758
-0.054131716
-0.015546171
0.100870095
-0.07513235
0.016236553
0.038254905
0.099906206
-0.10167562
0.045852408
-0.08620602
0.09984652
-0.042576585
-0.061234996
0.011529424
-0.005849048
-0.07603294
-0.08628772
0.042903554
-0.050646916
0.014611064
-0.020170055
0.0023941523
0.0699999
0.10153596
-0.01847903
-0.009255928
0.088529676
-0.08577006
-0.0028081797
0.10344049
-0.04394276
0.046914358
0.076114096
-0.048852295
-0.0076835784
0.01851626
0.040077496
0.037450165
0.084928766
0.016812248
0.05439809
0.100692235
-0.01889595
0.087169334
-0.005099177
-0.027902018
0.055597693
0.042510733
-0.07265774
0.09358213
0.009997995
-0.039765388
-0.08878891
-0.08012999
0.00062064093
0.044329636
-0.103566214
-0.016121484
0.05588195
0.02929198
0.01881196
0.07227279
-0.09002025
-0.018733012
0.07978323
0.09753525
-0.079095215
-0.10725894
0.034153216
0.07680442
-0.057439134
0.07014422
-0.051667593
-0.10538621
0.006799635
-0.0020642926
-0.03137221
0.08718126
0.08866536
-0.0178093
0.07437469
0.011553525
-0.020915268
-0.008006297
-0.06971345
-0.06485365
0.07305086
0.033294357
-0.09748035
0.07697808
0.019871313
-0.036957763
0.017619975
-0.021407267
0.06329887
-0.103280514
-0.04657432
-0.06895225
-0.06575381
-0.106605425
0.014910279
0.00031906666
-0.057112347
-0.06889652
-0.07947651
0.044096153
-0.01720195
-0.10421082
0.041597717
-0.0029464636
-0.06364364
0.100290455
0.040226556
-0.09988438
0.10155532
-0.05227631
-0.093423694
0.10214607
-0.0039846
0.04740468
-0.003968787
-0.08597563
0.03081197
0.10116643
-0.09407227
0.06075837
0.016235609
-0.036307316
0.10086609
0.04965533
-0.0070034135
-0.06275993
-0.02324141
0.057215046
0.008044199
0.09980886
-0.0750442
0.045189556
-0.0028449486
-0.049857423
-0.05077743
-0.071212366
0.107010305
0.016815167
0.0834774
0.020411687
0.05421455
-0.005741692
-0.09598792
0.06363842
-0.024012262
-0.012789324
0.095942505
-0.097770505
0.09747008
0.032169573
-0.10145207
0.02101294
0.005265736
-0.100187585
0.09366279
0.1012972
0.029101262
-0.059466995
0.05327424
0.01659844
-0.033439606
-0.088313356
0.1053002
-0.068190746
0.010646286
0.020587701
0.06971168
-0.10495267
0.084232
0.05692151
-0.093941234
-0.04208625
0.047735076
0.06251597
0.105645984
0.044030033
-0.034781586
0.03617055
-0.05709324
0.042330537
-0.028631344
0.087290384
0.087657265
-0.10571584
-0.099712
0.08447772
0.0037859627
0.094308674
0.012840235
0.07562021
-0.004711683
0.0096405735
0.028681172
0.10303965
0.039496426
0.078630395
0.030345319
0.06622045
-0.10301517
-0.09238335
0.031657554
0.08819286
0.06854434
-0.00065841706
0.029345958
0.062286183
0.10229111
-0.08312233
0.020937165
0.043226305
-0.0031639135
-0.0931973
0.09382223
-0.03107661
-0.10223554
-0.093965925
-0.008549
-0.010380309
0.08238761
0.009533639
0.063081175
-0.006298405
0.036946803
0.04704559
-0.046845663
0.046841178
0.07570997
-0.011642066
-0.09276872
0.009465712
-0.04061036
-0.08476776
0.014955237
-0.066468805
-0.06787108
0.06048683
-0.044897918
0.04681854
0.084394515
0.04900256
0.009480267
0.055595133
0.07626792
-0.020325076
-0.052552044
-0.035211813
-0.07534397
0.075539365
0.02268842
0.02827664
0.06170325
0.03451616
0.04710022
-0.048812546
0.08790273
-0.030587042
-0.029190533
0.09611528
-0.07344209
-0.104431614
-0.07001994
0.07539405
-0.08031922
-0.019408906
-0.065437965
0.03144298
-0.10733122
0.033333037
-0.10390298
-0.10841008
0.09489328
-0.09217047
0.04543806
-0.033330925
0.0907497
-0.0678554
-0.050864182
-0.0007917251
-0.068122305
0.0040816255
0.029554458
0.011240577
-0.08239462
-0.032263827
-0.054025516
0.09527338
0.08382457
-0.045303047
-0.022925397
0.09079695
-0.041799106
0.04476552
-0.09668964
0.017675534
-0.0035296474
0.0023985908
-0.08914233
0.07963924
-0.061660208
0.06466287
0.043941468
-0.013226412
-0.1043538
-0.036252283
-0.07464894
0.08115709
-0.010910124
-0.0046741962
0.08227191
0.029936336
-0.057330035
0.05508396
-0.104658395
-0.08978671
0.061464068
0.10488814
-0.06427196
-0.04753311
0.06555371
0.065109834
-0.055045478
-0.030087244
0.047274712
-0.03747587
-0.080914065
0.07293505
-0.016354874
-0.04829894
0.0017950076
-0.07405915
-0.07156815
-0.04296914
0.02897721
-0.06330307
0.03330203
-0.035192758
-0.07035757
-0.09627116
-0.028962215
0.022063183
-0.044875797
-0.006928343
0.03572429
0.034896433
0.10693663
-0.066167064
0.030830463
-0.037097856
0.053691093
0.067193896
-0.03822073
-0.07910596
0.0604458
0.021166625
0.0559271
0.09253554
0.09940751
-0.004233538
0.075868495
-0.034764297
0.05343242
0.01086787
0.009210464
0.043329816
0.013634183
0.07798333
-0.033538993
0.020619683
-0.070104256
-0.015529869
-0.06301771
0.09898241
-0.06328142
0.08733217
-0.07424989
-0.076003
0.0477825
-0.102657825
-0.06380256
0.10037897
0.018437218
-0.00058165926
-0.021930901
-0.062283557
0.023414165
0.0012583724
-0.08512182
0.018809691
0.09992901
0.09491391
0.08634998
0.061728176
0.04854259
0.013540973
0.034730047
-0.055696696
0.00941871
0.09254345
0.0056190705
-0.06805692
0.025232676
-0.027202033
0.09978672
-0.06110993
0.09461256
0.011229054
-0.028768016
-0.029233865
-0.04775288
-0.047616716
0.045941357
0.011363169
-0.016569048
-0.015710076
-0.0395611
0.047066245
-0.0035748968
0.0004908474
0.042164393
-0.101926655
0.080197826
-0.020905746
-0.034726705
-0.009140804
-0.01673433
0.10448721
0.06902799
0.09501894
0.08613364
0.02823661
-0.005848188
-0.059422966
-0.0865663
0.041573804
-0.059632394
0.031013949
-0.044221513
-0.0638574
0.08092925
0.06279945
0.093490444
-0.09535496
-0.100416735
0.056224722
-0.04405655
0.025897581
-0.03432521
0.0619244
0.10704925
0.065331414
0.014178144
-0.0808766
-0.008469691
0.071885765
-0.07383352
-0.06078432
-0.08432749
-0.10649335
0.09901763
0.082267195
-0.022872204
-0.0092140455
-0.03691331
0.00034876363
-0.0721173
-0.096999355
0.037393622
0.019918807
-0.0705956
-0.09375393
0.057065997
0.033637907
0.022737825
-0.09469998
-0.077063195
0.00772836
0.013978033
-0.08628449
-0.0012481578
0.030178944
-0.025694257
-0.054881837
-0.009526353
0.08574852
-0.05671251
-0.087972365
-0.012288483
-0.03005236
-0.028819917
-0.10767414
0.03992147
-0.039963916
-0.005783757
-0.04619372
-0.03311864
-0.066086486
0.040776886
-0.05861584
0.025970368
0.023726242
-0.046553247
0.104483694
-0.09329237
-0.030308416
-0.04814008
0.042766545
0.10184562
0.053495742
0.037112754
-0.099825986
-0.09729532
-0.021140857
-0.09842945
0.039271593
-0.08044897
0.052814003
-0.025880614
-0.043421116
0.10439351
0.10302937
-0.011949359
-0.04774746
0.07259885
-0.00010929768
-0.052550945
-0.03918394
0.012168035
-0.0068469825
-0.08082707
-0.04645467
0.07817853
0.06315135
-0.05424321
-0.04270474
0.03577461
0.100524105
-0.026841253
0.08113413
-0.056091886
0.068408966
0.10202917
0.094352625
0.00759688
0.09733785
-0.102674805
-0.093200594
0.0039149127
-0.105695084
-0.06440912
0.085752815
0.051703032
-0.042155147
0.078655675
-0.02059597
-0.01204332
0.05620156
0.0589124
-0.06260679
0.07864689
0.06087099
0.09134943
0.0847052
0.0018014463
0.012819055
-0.005027068
-0.008706372
0.09762565
-0.10339453
0.08452347
-0.048185095
0.08329087
-0.04030216
-0.015396891
-0.022749202
-0.017003424
-0.04705567
-0.0037073193
-0.0638774
-0.07083198
0.07220373
-0.025156088
0.0035561975
0.010446489
-0.03284475
0.0888463
-0.007423877
0.0052613164
-0.015867772
0.019388948
-0.023855189
-0.017504597
-0.045323767
-0.05726175
0.028494509
-0.054598067
-0.057821497
-0.025711598
-0.05883407
-0.029636482
0.0036747828
-0.10626797
0.078126706
0.102422014
-0.052649904
0.0713337
-0.080998905
-0.042387128
0.056008633
0.058486428
0.10585483
0.106932335
-0.06716071
0.045416307
0.094124585
0.030438192
-0.038572896
0.018533006
0.06496603
-0.019383736
-0.014945255
-0.05975002
0.08025562
0.069744945
0.09737226
-0.04512598
0.06478457
0.09595584
-0.014635109
-0.014015023
0.024911296
-0.026046284
0.05551695
-0.047183253
-0.091612756
0.07252548
0.044203896
-0.011034674
0.09885523
-0.0835265
-0.08492064
0.10556926
-0.030719243
0.0709034
0.02305779
0.040710595
0.026757812
0.013217979
-0.059772022
0.059276156
0.0503422
-0.03826199
-0.06097304
-0.057073377
-0.095313534
0.07522999
-0.034849945
0.08664803
-0.08683128
-0.080045424
-0.09752169
0.02363892
0.10340709
0.084351026
-0.04565256
-0.10192278
-0.059384998
-0.03264405
-0.08317246
0.009239924
0.09503022
0.030285344
-0.024252737
0.09312434
-0.022615256
0.075391896
0.035259247
-0.09148896
-0.090906814
0.034931064
0.028712077
-0.053010885
-0.07951129
0.026258746
-0.021173589
-0.023402601
0.059717555
-0.0019460014
-0.070047945
-0.030085946
0.031952817
0.06509891
0.10670206
0.10351434
0.043940008
-0.058391526
0.011863393
-0.0863044
-0.084259115
0.04534516
0.013294521
-0.10149311
0.081509314
-0.044757433
-0.09776061
-0.005915072
-0.058209043
0.05017597
-0.09944103
-0.09946532
-0.09669874
-0.0011639568
-0.0023912806
-0.055063315
0.09186712
-0.030512836
-0.03394922
0.036608033
0.09940982
0.037749667
-0.10595721
-0.00138265
0.059631687
0.048508815
-0.008489529
0.1068293
0.010004756
0.017805308
0.016268704
-0.10466464
0.08081389
0.09636897
0.10300689
0.014471518
0.03521082
0.013816099
-0.06541678
0.081294775
-0.09254623
0.067141846
0.0547324
-0.053112287
-0.019607045
-0.082837395
0.09321895
0.007505949
-0.05680376
-0.07742108
-0.011056096
0.045957476
0.09012804
-0.10475452
0.096685715
-0.011826992
0.013442462
0.074028745
0.037287865
0.088126875
0.012739414
-0.0076865815
-0.07926305
-0.0632439
0.10651751
-0.005177554
-0.09564927
0.042713214
-0.09669487
0.008795699
0.019805916
0.029513432
-0.049834102
-0.05620585
-0.069729805
-0.059269715
-0.07491244
0.06072186
0.028282046
0.093338296
0.070700906
-0.04129011
-0.06507831
0.09879514
-0.08299437
-0.102889076
-0.09442297
0.08654501
0.08828886
-0.037053324
-0.04721254
0.09179009
0.025670864
0.035292
0.03593234
-0.005428982
-0.09484023
0.039438087
0.035226867
0.02709368
0.03880441
-0.10248545
-0.039420415
-0.0870702
0.061059564
0.022228682
-0.06638401
0.10236217
-0.10152321
0.054308973
0.079680875
-0.09457882
0.040827956
0.05781625
-0.04293069
-0.07964636
0.10445458
0.030561792
0.10466947
0.07097787
0.0789163
-0.018136594
0.053933047
0.04518883
0.0852761
-0.011878688
-0.05218574
-0.033445317
0.05040837
-0.023495443
-0.050663874
-0.06407066
0.10295369
0.062607564
-0.012059587
-0.0682979
0.10416756
0.05093548
-0.10285812
0.091130964
-0.08293193
0.09041703
0.083583206
0.085520245
-0.029082166
0.08214892
-0.061898768
0.06807523
0.03201431
-0.10586637
0.079437695
-0.105421625
-0.081610076
0.035489053
-0.091066845
0.09069535
0.02579612
0.0816485
-0.05600139
0.095929295
0.10117232
-0.09367764
0.005250096
-0.019062204
-0.005683143
-0.08475211
-0.030006258
0.049559344
-0.04132809
-0.091820985
0.0015902156
-0.067339286
0.045495
-0.0021972377
-0.08566155
-0.08829062
0.052113142
0.05118109
0.09619804
0.065036006
0.03874193
-0.061403714
-0.0012242462
-0.104747936
-0.03630037
0.029715618
-0.020402817
-0.081736974
0.08374168
0.06060551
-0.0914679
0.08065526
-0.048375845
0.05901743
0.05683828
0.08742441
-0.098311566
-0.06743261
-0.035579633
0.058539342
0.023265306
-0.017418768
-0.08955183
-0.0156004
-0.06372295
-0.06571012
0.0720996
0.044742957
-0.06205886
-0.057581805
-0.08732639
0.029963557
-0.06629071
-0.053637225
-0.003957467
0.014041063
0.09261182
0.047877405
0.0876878
-0.04531248
-0.09971051
-0.05273703
0.06683175
0.07678281
-0.039053544
-0.048978623
0.05639378
-0.052982684
-0.020588828
0.041116554
-0.036672186
0.021040643
-0.034511562
-0.08031025
-0.061080758
0.04638303
-0.021655777
0.01577831
0.09630916
0.042600203
0.02315923
-0.048626643
-0.04362781
-0.08715761
-0.106159545
0.047051534
-0.025653675
-0.028653437
0.019046994
-0.028080694
0.07863653
-0.00038187992
0.07344127
-0.00343546
0.033251952
0.06791269
0.0523708
0.06333321
0.08599044
-0.06886898
0.010286738
-0.003818626
0.09603218
-0.10221241
0.015451033
0.018175356
0.06660589
-0.009612069
-0.035662085
-0.0099335415
-0.029670753
0.05244309
0.047214925
0.013641347
0.0915784
0.008258632
-0.104692675
0.060447264
-0.04892495
0.0077799
-0.015506752
0.08991049
-0.021282425
0.09194263
0.035185274
0.10530502
0.04016753
-0.081379496
0.05664967
-0.040735126
0.026565373
-0.04198461
0.024405792
-0.051259194
-0.046641007
-0.012081858
0.10492943
-0.097440384
-0.050037403
-0.047996018
-0.005958938
0.04368357
0.05177553
-0.09911957
-0.024097806
0.03342064
-0.063371345
0.002958267
0.03820413
0.01646581
-0.062187035
0.05309942
0.02405599
-0.07181383
-0.0999942
0.0797908
-0.0010140209
-0.10133349
0.10276844
-0.105064206
-0.072805464
0.069926664
-0.06130685
-0.053716574
-0.09496168
0.083999254
0.080818795
0.033186607
0.05273946
-0.011279125
-0.0076650544
-0.024802785
-0.09626167
-0.04878705
0.07807576
-0.03775504
-0.06789899
0.06074209
-0.081508204
-0.028010774
-0.04755751
0.0060951877
-0.10390463
-0.071650736
-0.102206364
0.10251015
-0.032449443
-0.05863819
-0.07983051
-0.09995413
0.10269799
-0.010797664
0.058550693
0.06634657
0.055615243
0.06871988
-0.10484272
-0.06272417
-0.03335325
0.086188085
0.032543495
0.03094463
0.08279207
-0.04139979
0.054346316
0.008695151
-0.07053742
0.07218682
-0.016995665
-0.013377322
-0.027620938
-0.033954367
0.10338123
0.1058425
-0.050415173
-0.013384054
-0.02536386
-0.08132922
-0.074352495
0.052348495
-0.08085253
-0.10386977
-0.108051494
-0.031221127
0.068579786
-0.08317024
0.0016427959
-0.087072164
-0.054717004
0.057764456
0.008264844
0.0964663
0.04450089
-0.0595246
-0.025929531
-0.08778889
0.07285144
-0.09400963
-0.006490913
0.020837974
0.10585224
0.086783744
-0.051912706
0.077176355
-0.045166813
0.015069977
0.05850606
-0.053789463
0.087351725
-0.078711726
0.06119202
0.043601587
0.04364075
0.084847495
0.07627397
0.002806212
0.007881973
-0.0043477737
0.0024598953
0.030038038
-0.10425986
0.034618493
-0.015758784
-0.011808673
-0.07374717
-0.06543158
-0.06287486
-0.0030233285
0.01779272
-0.057971347
-0.009488246
0.072013125
0.05782496
0.025941946
-0.0002716921
0.10413973
-0.09724927
-0.1060821
-0.032363757
0.004212707
0.10351242
-0.029231735
-0.036739487
-0.07492107
0.07985408
-0.08551341
0.041403744
0.06412487
0.09374572
0.061849874
-0.022304766
-0.028232602
0.042209215
0.017514335
-0.07569168
0.083568506
0.10026674
-0.050151076
0.005290812
-0.010812251
0.01806502
0.061520003
-0.060296994
0.025796864
-0.08532973
0.03285584
0.052062936
0.08654244
-0.03252257
-0.034254447
-0.102098726
-0.03197877
-0.006906912
0.08748189
-0.103694715
-0.070523195
-0.037210196
0.05704074
-0.025477687
0.049440797
0.06603718
0.09211551
-0.098301284
0.022331722
0.0655243
0.073948294
0.07843363
0.08423401
-0.07633479
-0.05688831
-0.029452061
0.0914963
-0.057730693
-0.058229543
-0.051159866
-0.033838008
0.042270415
-0.10335184
0.009004762
0.010556858
-0.09188228
-0.08447597
0.008443134
-0.021841915
0.077175416
-0.008736172
0.01802776
0.09244864
-0.01522042
-0.04380043
0.083292276
0.03568035
-0.094685756
0.04133804
-0.09936516
-0.033022474
0.06959003
0.05294459
0.09358261
0.03529784
0.02258063
0.09876496
-0.04798366
-0.06567981
-0.07136426
0.059847057
-0.02856877
-0.0049896147
0.061377827
0.0929077
-0.08946015
-0.08519717
0.10640647
-0.024830898
0.02515652
0.09490565
0.09746796
0.05805829
-0.021108363
0.024987372
-0.021950357
-0.09685873
-0.014946421
0.07364618
0.06732491
0.06404858
0.065976046
-0.095143676
-0.10182698
-0.031111784
0.09796994
-0.060598038
0.040519293
-0.012845248
-0.100345984
0.0988233
0.07100757
0.033419542
0.07136245
-0.047202334
0.1001163
-0.08302891
0.056879442
-0.05233711
-0.1023443
0.10103186
-0.019052982
0.076210245
-0.014032769
-0.050849676
0.011358136
-0.106032975
0.0005271489
-0.0928534
-0.07566335
0.02261473
-0.004941534
0.020019103
-0.02022651
0.042592265
-0.06545337
-0.039526254
0.06511339
0.08869091
0.09727376
-0.07737817
0.044919863
-0.046184186
-0.080544375
-0.05430029
-0.0402013
-0.02365026
0.061718628
-0.10018301
-0.09644713
-0.07290546
0.049359486
0.04932862
-0.015972482
0.06746056
0.08262628
-0.049369548
0.06280219
-0.014057388
-0.043840155
0.09288261
0.0025909732
0.100289255
-0.032374635
0.016746143
-0.09814204
-0.085607566
-0.0031867588
0.026533114
0.035703707
0.036952022
0.08838276
0.048948582
-0.052630756
-0.07986742
0.10345998
0.03096505
-0.006750038
0.08443034
0.10578451
-0.0025581757
-0.023879722
-0.03441194
0.09892043
0.10209789
0.035889152
-0.08684389
0.087028265
-0.0016283571
-0.04561025
0.074918255
0.06460959
0.099208586
-0.088928126
-0.027295724
-0.071093336
0.05773226
-0.039230473
-0.0069507654
-0.07103483
-0.072401404
0.081184514
0.03446649
0.09017739
-0.09758431
0.010863899
0.03893882
0.039898712
-0.06879802
-0.07476336
-0.04083394
0.03635454
0.0031652534
-0.08508697
0.09050203
0.007256645
-0.020051967
-0.07015521
0.035125718
0.071772076
-0.087414466
-0.0020229123
0.010621469
0.050291657
0.0584232
0.02677725
0.032757156
0.1045296
0.048374575
-0.068425566
-0.10028556
0.062658094
-0.027537476
-0.10506158
-0.009450666
0.06721622
-0.10409309
0.08287929
-0.10803621
-0.03154739
-0.011134953
-0.08549832
-0.1014434
-0.027800817
-0.0036579266
-0.08130948
-0.016537195
0.06927672
-0.03658905
0.031496745
-0.013754208
-0.087565966
-0.02893031
-0.034991868
-0.022490133
-0.07861227
0.013738901
0.05539436
0.07648469
0.10046263
-0.08146511
-0.006882967
-0.05855396
-0.01272361
0.10049248
0.024895076
0.06926978
0.0119748
-0.10417684
0.055846892
-0.0036206406
-0.06127484
0.09715674
0.07787195
-0.013445676
0.018487211
0.021990884
0.09212223
-0.01919136
0.10766953
0.035490505
0.036630027
0.08746626
-0.09362046
-0.006786821
-0.06523655
-0.017275231
-0.05709831
0.0244223
-0.001805156
0.020686492
0.048672993
0.10352289
0.08432629
-0.08882992
0.08116372
-0.08782098
0.07249126
0.028487142
-0.09232756
-0.10169753
-0.056376666
-0.014698617
-0.086838044
-0.032205842
-0.090072595
-0.06262038
-0.00035379364
0.04540237
0.011359738
-0.05571232
-0.07510858
-0.03549277
-0.103287406
-0.089848615
0.030516459
0.004664186
-0.05480298
-0.08775094
0.0795299
0.104265675
0.06342558
-0.1037672
0.069984704
-0.023863113
-0.01984669
-0.07456045
0.009953243
-0.09176476
0.04486661
-0.036952652
-0.0781838
0.045363154
-0.05822924
0.107884645
-0.03968635
-0.0017321126
-0.061504204
-0.030777398
0.05325297
0.0788557
0.06739608
0.027275952
0.10770398
-0.010384272
-0.05190449
-0.013846889
-0.06597054
-0.02447329
-0.021952135
-0.051985357
-0.022893138
-0.030975267
0.048938632
-0.10439107
-0.06347038
0.023087637
-0.003310563
0.0006714077
0.09287151
-0.1069989
0.039136283
0.010788311
0.038027316
-0.005055681
0.10251745
0.08775794
0.007095493
-0.01908029
0.016263962
-0.01960299
0.035111398
-0.03232286
0.044780947
0.05971639
0.027740976
-0.05150221
-0.098267585
-0.057490688
-0.06133161
-0.03692048
0.081574544
0.0618809
-0.07686669
-0.020369012
-0.05479249
-0.09013533
0.07103767
0.10194136
0.010808502
-0.037192788
0.07142956
0.04926064
0.089283645
0.0421948
0.107236974
-0.063302785
0.020370245
-0.04419597
0.09892186
0.050514307
-0.101602644
0.07747464
0.07811836
0.04981793
0.05819985
0.04448267
-0.085865
-0.06673144
-0.08251866
-0.057716712
0.02786057
-0.053181715
0.09176439
-0.030350195
-0.09010791
-0.030439604
-0.04666892
0.056094743
0.046214234
0.034078654
-0.030914672
-0.0879963
-0.09924707
0.0741183
-0.027669469
0.05624075
0.08906599
0.020055115
0.009376545
-0.09297588
0.056692034
0.05848243
0.06989758
0.10792873
-0.05888053
-0.02659152
0.0710985
-0.07518121
0.09769147
-0.0044576493
-0.09730627
-0.09786484
-0.010051255
0.07220515
-0.0055951667
0.022065522
-0.07694082
0.055626918
0.107494965
-0.09464023
0.032390423
0.027973808
0.053195257
0.03814405
-0.021324338
-0.00027851315
-0.09557889
0.015803142
-0.040579926
0.09054214
-0.013695587
-0.011426775
0.10516472
0.09431964
0.07909218
-0.06835126
-0.024652727
0.05317861
0.055600483
0.08623666
0.025077472
-0.107287444
-0.07287346
-0.07119874
0.069798976
-0.042016186
-0.10724952
-0.1030268
0.094843395
0.025221093
0.024624195
-0.091767505
-0.08980627
-0.03203809
-0.009437496
0.016656613
0.029183531
-0.041168492
-0.09480917
-0.063234195
-0.03375027
0.08807194
-0.030018201
0.060829215
-0.08408947
0.06653558
-0.031948637
-0.07169047
-0.02352693
-0.021850994
-0.08797892
-0.05734724
-0.09714684
0.058052685
0.021634636
-0.028891906
0.03537454
0.08457648
0.004451659
0.03920594
0.048852652
-0.052434053
0.10186212
-0.02568435
-0.089192204
0.006415451
-0.036632642
0.090199165
-0.03678575
-0.09538418
0.0013688225
0.05447988
0.00824657
-0.0645218
0.018109906
-0.058814004
-0.072692916
-0.0061925924
-0.009240086
-0.015951334
0.08393642
-0.081415914
0.03243436
0.024424447
0.034289077
0.005039924
0.072199196
0.04486548
-0.0004933653
0.0057651433
0.07867372
0.0996902
-0.08762275
0.028802792
0.105089605
0.09409014
0.10300299
-0.082608745
0.032026485
-0.054079693
0.069583885
0.07191299
0.05733465
0.046444226
-0.0520199
0.08443313
0.060536202
-0.080534965
0.024488201
-0.0062395902
-0.070259884
-0.033575602
-0.033524353
0.016822165
-0.06792288
0.08724872
0.073879614
-0.06275571
0.10285042
0.05084358
0.07425564
-0.09952344
-0.104042724
0.05420082
-0.0070359176
0.057492085
0.058478463
-0.093448356
0.0031315933
0.059054848
0.063821115
-0.06902107
0.054846
-0.09924567
0.056102
0.058446173
-0.07498575
-0.102579586
0.02310958
-0.05125207
-0.05283311
-0.07894712
0.00042391988
0.10123092
0.063436344
0.049796935
0.09717857
-0.069631554
0.0959407
-0.00021705848
-0.030857902
0.08735856
-0.076590784
0.09112979
-0.019873042
-0.0075204275
-0.014546466
-0.09954628
0.09653638
-0.09217369
-0.037055045
0.050675433
0.06496925
0.0401315
-0.061022352
0.045118753
-0.06526665
0.070160195
-0.08423015
-0.054073133
-0.020114265
0.03749096
0.077682294
0.062134475
-0.102449395
-0.08766551
-0.025111565
0.09049252
0.0560756
-0.05086555
-0.066689536
-0.061462432
0.09218766
-0.029550971
-0.052943464
0.06335198
0.019192742
-0.087680064
-0.09662635
0.015350333
-0.05724023
0.07219556
0.0022361318
-0.03602346
0.08712927
-0.028101537
-0.051060986
-0.000976582
0.016658684
-0.09615423
-0.03111672
0.067359954
-0.10400258
-0.10572251
-0.02366099
-0.011613734
-0.019356536
0.03268501
-0.0116467485
-0.0005362083
0.006159536
-0.0061327326
0.003257057
0.009771715
0.093326256
-0.046869848
-0.097956926
-0.02289066
0.07630141
-0.07577007
-0.07855332
-0.03151097
0.10727405
0.060449038
0.049485106
0.052790456
-0.032306015
0.023463259
-0.009868303
0.009417044
0.01737563
-0.037445117
-0.08446972
0.03639255
-0.030205062
-0.10363114
0.037178025
0.044064898
-0.032272168
-0.025798883
-0.04924338
-0.043257624
0.065277494
-0.019383136
0.018615039
0.03744436
0.0256101
0.013946751
0.035297897
-0.04297819
0.028953563
-0.043709174
-0.024709327
-0.07283538
0.027115483
0.011450569
0.08870949
0.09226889
-0.06081073
-0.04552263
-0.05676822
0.06691822
0.012760944
-0.047764603
0.006676806
0.0033116334
-0.030551786
0.028418522
0.09874419
-0.012380913
0.052563015
0.090609744
-0.07845654
0.08901267
-0.057351634
-0.010883584
0.091358475
0.0537989
0.08382939
-0.06565797
-0.06129157
0.038043275
-0.09268862
0.06964878
0.013038901
0.03541767
0.02413464
0.008605348
0.009308436
-0.051681902
0.03379331
-0.09615403
-0.09917851
0.0010083696
0.07993421
0.08395929
-0.05498344
-0.05769986
0.07518215
-0.034897108
-0.08979244
-0.06424609
0.057549655
0.067085944
0.0392079
0.0068505337
0.04796908
0.07806456
0.03576158
0.060415402
0.07244495
-0.009407229
-0.08209148
-0.10663268
0.026207812
-0.07470924
0.08860928
0.05328954
0.10295635
-0.08892362
0.0012934371
0.100745626
-0.091139644
-0.054968692
-0.021526095
0.018614443
0.00051741453
0.08764114
-0.063152716
0.073363595
-0.050186053
0.059329532
-0.09080782
0.08937804
0.013711468
0.08978347
0.012783076
-0.05336885
0.050896067
-0.1038892
0.10325249
0.076059654
0.06476708
-0.048618708
0.085412085
-0.10466803
0.05853356
-0.09125291
0.0597853
0.0041719144
0.074738584
-0.015276097
-0.09599232
0.056272477
0.02894765
0.01293208
0.09511042
0.085210785
0.016184999
-0.038585436
-0.04251103
0.05642095
-0.072079144
-0.076519765
-0.040809847
0.09632347
0.0238499
0.03973632
0.08778544
0.057903446
-0.012942977
0.06940265
0.082341544
-0.007855469
0.0017487648
-0.08300526
0.017645966
0.087946355
0.06710639
-0.030843144
-0.04334402
0.024707258
0.07164033
-0.09109854
-0.019306881
-0.07595551
0.018802099
-0.08530371
0.0627974
-0.082012974
-0.034321327
-0.040211502
-0.02111146
-0.104740396
0.060979836
-0.042339355
-0.05848732
-0.045746278
-0.10293253
0.08156436
0.0730662
0.046054404
0.096769854
-0.021007778
0.025467655
0.016108787
0.06503386
-0.024492403
0.07309394
0.09038825
-0.09051877
-0.033214048
-0.09519864
0.081942044
0.015769562
0.030342244
-0.072738186
-0.07813125
-0.08305249
-0.10649716
0.065337665
-0.09590273
0.08197357
0.090679504
0.058516957
0.061835013
0.084301755
0.037013877
-0.07286576
0.025009153
0.001400432
-0.071075365
0.006460589
0.042791422
-0.055829376
0.060841206
0.094416305
0.08452302
0.032312017
0.09057919
-0.032594513
0.003601653
0.046881612
0.08843495
0.07809018
-0.06446213
-0.018322546
0.030569939
-0.08059946
-0.052206695
0.07323764
-0.08775087
-0.05389689
-0.019450719
0.067386255
-0.07976827
0.013008286
-0.09801334
0.025673507
-0.04594513
0.04028227
0.06735195
-0.067227975
0.100651674
-0.041960295
-0.006958068
-0.025561005
-0.033947002
0.06445142
0.052569985
-0.021355689
0.0624098
-0.004226742
-0.09108626
-0.037884478
0.051828153
-0.07675074
-0.102693036
0.073305316
0.05879284
-0.031616393
0.040636994
0.015418032
-0.037295144
-0.03559129
0.073465645
-0.02953658
0.10292745
0.005459231
0.057617713
0.051726896
-0.033424202
0.059449032
-0.01450046
0.07258696
-0.09155926
0.06899289
-0.0023771229
0.019649483
0.06858882
-0.08912332
-0.011039009
0.10495415
0.10460363
-0.07685885
0.0974346
0.09952723
-0.06548471
0.09445013
0.010236002
0.07051438
0.013126642
0.039832503
0.047783237
-0.07602121
0.106750034
0.019746631
-0.09014327
-0.027865961
-0.024189668
0.022646178
0.06872286
0.035815213
-0.038109656
0.058760878
-0.05198083
0.08452373
-0.091171704
0.060544524
0.041150205
0.04486721
-0.0036891524
0.06672447
-0.07501131
0.056078188
-0.039705727
0.08056582
0.078608744
0.10781075
-0.11170661
0.042834193
0.015837211
0.09973824
0.05563511
0.0011909656
0.079820566
0.06519685
0.048580475
-0.05544089
-0.05825943
0.008136643
-0.10573521
0.08831142
-0.106194824
0.012186852
0.013840847
-0.07778055
0.032540854
-0.10686516
0.04662181
0.023048155
-0.052197225
0.07867216
-0.008315501
0.027171673
-0.043328192
-0.08206526
0.04593347
0.09671664
-0.100465946
0.009902732
0.020958323
0.10838463
0.10474717
0.014371848
-0.062636085
0.1019362
0.038392488
-0.023051584
-0.011023958
-0.017666522
0.067189574
-0.021542452
-0.073904924
-0.008989592
-0.10178422
0.1019854
-0.06712105
0.0079780435
-0.08869958
-0.09402542
0.102894895
0.004166055
-0.10157827
-0.092716955
-0.035677496
0.038128138
-0.10270656
-0.0964755
-0.05474546
0.00939475
0.076621234
0.09740054
0.10514337
-0.06357578
-0.07787126
-0.012611165
-0.10101461
-0.017803606
0.04219992
-0.018758029
-0.027443215
0.009593418
0.06122574
0.022270907
0.004374865
-0.00506238
-0.055662833
-0.057652596
0.10538616
0.032021243
-0.010590695
0.078280054
-0.09914161
0.017804101
0.032368235
0.0024712097
0.08353577
0.06117092
0.0320596
0.094860785
-0.052153528
0.08815301
0.09613706
0.10016144
-0.066912405
-0.052886322
-0.012698024
0.061264727
-0.046403542
0.036067743
-0.0608729
-0.090985335
-0.06858709
0.09191938
-0.10601236
0.08162413
-0.07881173
0.08047721
0.01376704
-0.06576994
0.053809553
-0.069258176
0.08110627
-0.067035176
0.043888435
0.01892639
-0.030258235
0.068593755
0.03723289
-0.02634385
-0.103550486
-0.028208788
0.06856826
0.06225725
0.0125147905
-0.0075551984
0.08854831
-0.10090633
-0.0005181477
-0.09795387
0.01097741
-0.026218789
0.026305052
0.090638846
-0.08759069
-0.010892827
0.050597906
0.08349416
0.03409454
0.06452412
-0.026242692
0.052238233
-0.086150266
-0.018548751
-0.052911434
-0.042838577
0.043282397
-0.0013586682
-0.018114375
-0.030185917
-0.06366512
-0.028155057
0.014682995
-0.03722524
0.074985795
-0.096199155
-0.010274216
-0.04767344
0.05388136
0.10527253
-0.02534887
0.016198212
0.1096155
0.003714639
0.07402538
-0.066375874
-0.045542926
0.038977705
-0.09807592
-0.060230564
0.038460433
-0.06534357
0.059688132
0.03639862
0.096901245
0.09195538
-0.008374972
0.10021377
-0.0077136653
0.01007447
-0.04505276
-0.08638037
-0.03820501
-0.057327703
0.10362589
-0.087499775
0.018111123
0.08955961
-0.1019917
0.1012175
0.015217676
0.067152716
0.081397206
-0.06806035
-0.09800815
0.0963042
0.08670112
0.06947377
0.07691265
-0.0100261895
0.08446401
0.05210605
0.036621902
-0.016095594
-0.05444752
0.0494763
0.06754754
0.04671852
0.045679197
0.027596436
0.02772489
-0.011318862
0.0022370263
-0.011202407
0.0015909314
0.036321573
0.06882779
0.04918279
0.02922266
0.021789268
0.047992505
-0.07716913
-0.043765515
0.10052856
0.05656654
-0.028391758
-0.045053992
0.05797863
0.05525123
0.011056577
-0.096339166
0.0108881965
-0.057312332
-0.046645653
0.089130774
0.020793835
0.076785855
-0.03381587
0.06239855
-0.019821577
0.0120246
0.033442564
-0.027012318
0.041172802
-0.02105814
0.074060634
0.00043144135
-0.05339371
0.09894351
0.07319565
0.010100884
-0.03946615
-0.07596704
-0.05871782
-0.022325262
-0.057847276
-0.01786772
-0.098722555
0.04519655
-0.056487244
0.07502996
-0.010787396
-0.0438195
-0.071603954
0.056832146
-0.074170046
-0.020475525
-0.07013047
0.057604924
0.02099962
-0.016832164
0.07704372
-0.040835038
-0.05405708
0.029864393
0.08590886
-0.071095124
0.099499054
0.09438969
-0.076339
-0.039849322
0.037111487
0.09353184
-0.017292818
-0.09497541
-0.054633547
0.046508472
-0.09059383
-0.032175317
-0.08297144
-0.056111936
0.029997975
-0.055404905
-0.033267032
-0.07570052
-0.020828087
0.07747671
-0.061936747
-0.04736148
0.023259602
-0.03192793
0.10556164
0.08879879
-0.0048127514
0.06957532
-0.03862353
-0.06893424
0.008334734
0.076983966
-0.0638368
0.011534818
0.050877612
-0.016087266
-0.08246039
0.0022957863
0.052445278
-0.08057718
0.02438124
-0.058645085
0.03866662
0.10363115
-0.03201891
0.081651725
-0.031017361
0.02932635
0.0495113
-0.016421419
0.015172663
0.05693133
-0.0235334
-0.03633917
-0.06862498
-0.0018858992
0.04397356
-0.010992438
-0.020823516
0.027901102
0.025077855
0.037150826
0.039977826
0.0035722596
0.04769528
0.09903654
-0.03390815
0.027398877
-0.008270019
-0.042824462
-0.031546593
0.04319379
-0.024665244
-0.083497465
-0.06337222
-0.067499205
-0.048671752
-0.042405486
0.09160648
-0.03576991
0.072717085
-0.101343445
-0.08199214
0.09387439
-0.05737076
0.010810619
-0.086948104
-0.08853542
-0.00042508572
0.103369124
0.0069500585
0.051194303
0.04050851
0.0052203336
-0.098272756
-0.08977164
0.06537162
0.06318284
-0.06064128
-0.071494795
-0.08981461
-0.041903462
-0.040515684
0.057303134
-0.012864786
0.07581753
-0.017339114
0.022646252
0.028649377
0.0029476362
-0.06343366
-0.08628633
-0.10022179
-0.08346475
-0.040138304
0.057930116
0.03297603
0.02523425
0.063710004
0.083669305
-0.06684965
-0.080222465
0.03991159
0.091283016
-0.09399112
0.015534502
-0.04103548
0.041167013
0.03805158
0.07530254
0.09564938
-0.051909618
-0.06283499
-0.041343424
0.06282542
-0.0002444348
0.039610438
0.07210759
0.027686333
0.03284894
-0.03575616
-0.05558831
0.018111378
0.07490986
0.033785257
-0.032536898
0.005651384
0.000985925
-0.03803985
0.08579496
0.008333504
-0.035385594
0.03273364
-0.011769604
0.0224497
0.092330575
-0.07962689
-0.07976546
-0.053989444
-0.05441962
-0.10422944
0.08391911
0.03759416
-0.06398639
-0.0037133591
0.06978475
0.031126516
0.09082471
0.054991115
0.024792973
0.05945181
0.029341746
-0.060329724
0.089713216
0.09689492
-0.091967896
-0.096883625
-0.09820105
-0.0042612758
0.06749307
0.044079892
0.024805114
0.012202831
-0.068956256
-0.1034015
0.02310026
0.08399849
0.028171282
-0.08600691
-0.006602416
0.086743206
-0.040267345
0.03406508
-0.017530957
0.06759157
0.08375423
0.010182998
-0.04758507
0.014869943
-0.076435946
0.020194149
0.04945649
0.08506969
-0.017192526
-0.032264862
0.017045025
0.07390151
-0.005563318
-0.00759392
0.04013256
-0.06598615
-0.10471003
0.034297604
-0.043049213
-0.028724948
-0.04481465
-0.06131841
0.09185576
-0.07255687
-0.084062144
0.022887073
0.06812078
-0.018415753
0.0046432833
0.013133438
-0.033263426
-0.016400283
-0.06373542
-0.09312598
-0.05881496
-0.09212149
-0.081270605
0.058673084
-0.040010963
-0.03727607
-0.10271978
0.025678061
0.03616392
0.055083074
-0.10127239
0.054573376
-0.04037157
-0.032031327
0.08763086
-0.10427746
-0.06470475
0.098496
-0.022245208
-0.08021014
-0.010459483
-0.03222295
0.050079025
-0.0398033
0.07545617
0.09632051
-0.095432386
-0.071795374
0.049511883
0.040874578
-0.03685518
-0.012885655
-0.061483033
0.05102742
-0.041217707
-0.0007617929
0.07121796
0.049474128
-0.036949497
0.073254175
-0.03960789
0.0114897825
-0.04180298
0.05217435
0.050334983
-0.08837972
-0.061852746
-0.048489552
-0.0262468
-0.033914994
0.028901814
0.0995098
-0.034916688
0.07059649
-0.02858143
-0.027822109
0.05566009
-0.033812948
0.04824779
0.10125102
-0.06447395
0.06659434
-0.10126826
-0.002991981
0.08945174
0.024510065
-0.034819894
0.09866814
0.008430297
0.0065810857
0.06618156
0.07126731
0.071990855
-0.061936017
-0.034026332
-0.0014883322
0.044400617
-0.07522034
0.049123198
-0.0003472375
-0.045902524
0.006355647
-0.0037109558
-0.07844113
-0.056137096
-0.04545112
-0.099941015
0.045348234
-0.035310987
-0.07664843
-0.054593176
0.10240509
-0.035619777
-0.09216318
-0.07472184
0.07756429
-0.05071149
-0.06999273
0.055256404
-0.006280804
-0.10271381
-0.0039022672
0.00540336
-0.039707642
-0.020643333
0.0063718106
0.031511687
-0.040136095
0.082626715
0.03740751
0.0006746742
-0.03285549
-0.056857284
0.03754158
-0.027596988
0.07724255
-0.032076307
0.08433044
0.0064278045
0.031863887
0.06435515
-0.0102189565
-0.017539833
-0.09341313
0.098370254
0.08358617
0.037374053
-0.04337819
-0.09142426
0.029797379
-0.093584865
0.015172998
-0.009556726
0.103514075
0.07346077
-0.07925951
0.02119783
0.046610497
-0.0053809467
-0.021906793
0.046679743
-0.017361762
0.044645812
0.02606869
-0.027549194
0.108405635
0.100315064
0.06593776
-0.003354359
0.089468
0.0105595235
0.01728407
-0.048838668
0.089727
-0.022777986
0.027300548
-0.08945448
-0.041855298
0.046346087
0.053605214
0.08996798
0.014915243
0.07782416
0.061419364
-0.03216373
0.021744113
0.0043319464
-0.07496144
0.097267866
-0.027778832
0.04265231
0.021078892
-0.06413197
-0.068147466
-0.09572012
0.019745994
0.10311172
-0.047142535
0.026735116
-0.040600378
0.03860163
0.0385823
0.09409884
0.04437434
-0.038513996
0.08805444
-0.016036352
0.046098124
0.07901772
0.047342762
-0.1023824
-0.0066170925
0.0353273
-0.06144402
0.004311915
-0.08615209
-0.02044805
0.068210356
-0.021826101
0.056999937
0.030987708
0.07753234
-0.086771354
-0.051557425
-0.08738896
0.10785078
-0.010119667
0.09555366
0.012107546
-0.080883056
-0.07360504
-0.015090699
-0.02841745
0.005727094
0.045398276
-0.03827781
-0.07556952
-0.065315135
-0.049723424
-0.088754214
-0.003316453
0.029216789
-0.07822974
-0.008280696
-0.102707595
-0.010396747
-0.09639527
-0.05236724
0.037190612
-0.07646285
-0.104001686
0.04748601
-0.035816573
0.01944845
-0.023186427
-0.09226677
0.033535633
0.09940644
-0.016931273
0.0049538845
0.069141254
0.077366024
0.0039383825
-0.06357981
-0.039377414
0.103405006
0.030940155
-0.039186586
-0.023826778
8.103057e-05
0.044756904
-0.093282096
0.041127287
-0.0076428396
-0.023605991
0.061929338
-0.048217714
-0.0031210596
-0.06651316
-0.024946783
-0.08489136
-0.101515085
-0.058113597
0.01537713
0.09999734
0.04655024
0.02512301
0.09573636
0.08637599
0.086049706
0.06303347
-0.053457443
0.023309104
0.033765808
0.058970533
0.032271095
0.014883206
0.060778935
-0.04377351
-0.007854537
-0.036201585
-0.10347425
-0.019054728
-0.029711157
-0.036337893
-0.01237056
0.029641312
-0.09146138
0.012548136
0.104960755
0.08260565
-0.088129774
-0.017142136
0.10480691
-0.038371656
0.034373324
0.11260594
-0.102465235
0.019328194
-0.082617395
0.050425187
-0.007854343
0.022978682
0.044724237
0.082357146
0.08383494
0.06036212
-0.0661569
0.031794835
0.03169157
-0.08509195
-0.09483737
0.059820086
0.037910912
0.0690337
0.027252614
-0.006507753
0.0040205726
0.10557049
-0.078197055
-0.083158106
0.028616408
-0.0060886648
-0.034109272
0.07965061
0.0034822593
-0.053577073
0.10423144
-0.026136167
0.11195539
-0.04842719
-0.106370285
0.08755551
-0.038701113
0.032687396
-0.026404567
0.04034962
-0.09522892
0.06772424
0.10594655
0.011141248
0.08171873
-0.10168176
0.0061842604
-0.09614512
0.07378691
-0.10512107
0.080131255
0.03512802
0.01698602
-0.018081432
0.10316626
-0.030012457
-0.062195897
-0.030727545
0.003952678
0.05732009
-0.039607957
0.0113985725
0.06810494
-0.023123557
0.10378069
0.021102149
-0.101575755
-0.0065394617
0.101165816
-0.10023792
0.014603454
-0.013452419
0.120055065
-0.031878043
-0.08317067
-0.028407622
0.043611813
0.039335195
0.05374793
-0.08698352
-0.0864468
-0.08047381
-0.058047403
0.09232199
0.093385704
0.09183672
0.033654775
0.050838538
0.1017786
-0.032714006
0.07203664
-0.084601276
0.06852676
-0.008798061
-0.083868265
-0.0019380592
0.024241526
0.038172424
-0.08926834
-0.04753931
-0.05214005
-0.027259843
-0.051895525
-0.0935998
-0.047912516
-0.056941748
0.074674144
-0.084090166
-0.09280884
-0.08751455
-0.088565946
0.02456367
-0.07684568
-0.00763882
0.03175525
-0.04657965
-0.055020604
-0.08094713
-0.0023814186
-0.06933515
-0.031207267
0.10751568
-0.040282488
0.06780397
-0.10771069
-0.0434356
0.1040261
0.09687473
-0.045645703
0.03510567
-0.059387214
-0.10290832
-0.03398191
-0.025155777
0.106944434
0.05229303
0.013426367
0.09283365
-0.10438489
-0.08131189
0.036268815
0.107183576
0.026835516
-0.038699083
0.0049514594
-0.022422854
0.07527306
-0.0052211364
-0.026954845
-0.05049705
-0.0073058577
0.02324546
0.04278297
0.08895954
-0.024532545
-0.086980894
-0.104822814
-0.022118427
0.025086043
-0.015228519
-0.0315412
0.004352373
0.03265846
0.0010904912
0.0596104
-0.09593929
-0.008824856
-0.024280258
0.0490864
-0.08607483
-0.07128151
-0.022029303
-0.10115461
-0.06792696
-0.017259642
-0.022526382
0.033014413
0.07104736
0.047090504
-0.05564975
0.0028302623
0.027248126
0.07105994
-0.028059725
-0.09962986
0.054847356
-0.0515723
-0.001319678
0.10222913
-0.013629093
-0.07416824
-0.081390284
-0.044900794
0.04094365
-0.0848421
0.021688493
0.008184183
-0.040683102
0.10398
-0.009091606
-0.05179859
-0.02744498
-0.05745318
-0.10146414
0.0017409764
-0.09528901
-0.048978455
0.07510882
0.0038957438
-0.07730045
0.059524834
-0.083310634
-0.0943305
-0.019970743
-0.058137137
0.036033206
-0.031420425
-0.055318546
0.029523833
0.09841856
0.051885735
0.045141883
0.058497507
-0.07717493
-0.007459365
-0.03077863
0.096641295
0.04234059
0.10870105
0.0491549
0.05523272
0.07434861
-0.017133987
-0.08029612
0.08253829
-0.047759034
0.051919397
-0.08950021
0.09357404
-0.04833135
0.049501497
-0.06842652
0.043010138
0.08662882
-0.03331308
-0.023219995
-0.02827068
0.03518246
-0.05414943
0.059315927
-0.022603596
0.061373215
0.0812663
-0.09099741
0.077684104
0.09599823
0.014981206
0.11522214
-0.0016773589
0.017729446
-0.0149840955
0.013631002
0.07552743
-0.019170884
0.064590715
-0.043653622
-0.095051706
-0.015648566
0.097038314
-0.09848496
-0.02081287
-0.09339831
-0.031122841
0.0856165
0.106347196
-0.057022583
0.0057053855
-0.08866133
0.103752546
-0.02998521
0.09998752
-0.061801765
0.03553752
0.05846834
0.0123403855
0.055030134
0.076854534
-0.012441107
0.082161546
-0.0045450605
-0.10128527
0.0053540044
-0.0031235002
0.03133471
-0.06627596
-0.10059893
0.08842089
-0.008772795
0.022938628
0.012590906
-0.10403834
0.049973957
0.067085326
-0.009905958
0.08447882
-0.03303789
0.10136837
0.024276946
-0.10743586
-0.0015167502
-0.018703153
0.020701244
0.022123804
0.037392575
-0.057717048
0.037394095
0.018012404
-0.089655414
0.09245914
-0.04866194
0.0028778308
0.10477084
0.008623845
0.10081833
-0.0055764294
-0.050993748
-0.10525508
-0.059081644
-0.01913127
0.039253026
0.098204255
0.040480316
0.0200998
-0.038544804
-0.050655216
-0.056159813
-0.0644943
-0.088503376
-0.08819193
-0.08360784
0.09966524
0.05054286
0.09008949
-0.016447088
-0.024789285
-0.06247562
0.09797272
0.012083188
-0.09224951
0.026835695
0.10399433
0.06653408
0.040971275
-0.07565741
-0.011480173
-0.10746349
0.061596848
-0.06460054
0.05607305
0.05010001
-0.016885335
0.07619739
-0.08194383
0.06874528
-0.025471253
-0.08196665
0.0042297146
-0.004611206
0.07991148
-0.081236914
-0.006952432
-0.081435986
-0.05080907
-0.02445967
0.06818822
0.03406606
-0.102241755
0.107256085
-0.08906518
-0.049436066
-0.024526354
0.06529413
0.08871088
-0.012479944
0.01342113
-0.08562109
-0.06705343
0.091576286
-0.0040093083
-0.08419048
0.08898444
0.07477493
-0.104716815
-0.017894806
-0.048153322
0.09611197
-0.026628308
0.07452968
0.09726226
0.040414315
0.04206439
0.0012518198
-0.04056885
0.10735531
-0.017425653
-0.0054185204
-0.10401551
-0.057196423
0.033378918
-0.051826444
-0.034563843
0.007822925
0.04616365
0.041957438
-0.022870634
-0.02570707
-0.056215953
-0.02256828
0.02337563
0.005019378
-0.05950755
0.092692025
-0.07416881
0.05564352
-0.04601406
-0.00055965915
0.04685918
0.08040444
-0.0006048004
0.07782532
-0.105546564
0.09663841
-0.035229158
0.10764507
-0.077533185
-0.10323338
-0.10226074
0.028354697
0.03524952
-0.011429687
0.07837625
0.021324042
0.033130907
-0.09201975
-0.029360577
-0.035411067
-0.090418935
-0.004037309
0.040641554
-0.0018732785
-0.0928555
-0.050316583
0.08372584
-0.039447967
-0.08935835
-0.03878864
0.10100769
-0.0021211298
-0.02274871
-0.008491511
0.023342924
0.09243602
0.04652994
-0.048429053
0.101544775
-0.005618551
0.07258145
-0.0735322
-0.07960912
0.04944106
-0.046723746
0.07168937
-0.10326236
-0.0883116
0.02145825
-0.064445406
-0.09244106
-0.0067069195
0.090800405
-0.10533144
-0.05886014
0.08059641
0.059555855
-0.022140848
-0.10594437
0.042773426
-0.07846161
0.07396233
-0.023280129
-0.032429088
0.03467182
-0.092588566
-0.08993136
0.04188308
-0.07490954
-0.032882906
0.08305222
-0.003914432
-0.065494366
0.06560225
-0.0612339
-0.03321451
-0.08363235
-0.07838224
0.058843866
0.070055276
-0.085343964
0.0010052028
0.07914372
-0.08244984
-0.061546415
0.028584152
0.043565627
-0.044791378
0.0071172644
-0.033519194
0.055151213
-0.10501584
-0.027081272
0.022667224
0.04098554
0.03957348
-0.032016512
-0.087822974
0.011108365
0.02031326
-0.088001624
0.023959167
0.026938818
0.0793675
0.043968245
0.06471059
0.07621847
0.051139552
0.08239184
-0.033463668
0.0896919
-0.018143265
-0.063578814
0.07236145
-0.04304734
0.049429607
0.095340334
-0.060272343
0.00029003876
0.07135324
0.0071545695
0.01100202
-0.08047292
-0.044562325
-0.05640167
-0.055894956
-0.09029327
0.040056735
-0.040840402
0.07207965
0.05668455
-0.05099206
0.05323934
-0.017891541
0.051853724
-0.08342116
0.09522432
-0.09715327
0.05132802
0.06994822
0.042980492
-0.10006684
0.105692916
-0.03368646
0.08437035
-0.071923524
0.002041085
-0.013998036
-0.01695438
0.014733664
-0.0036383993
-0.051483452
0.05155006
-0.105970114
-0.05743101
0.041433897
-0.09996088
-0.090625055
0.059085857
-0.1041754
0.03771688
-0.08724391
0.053713936
0.07519641
0.08995731
-0.10474682
-0.10463671
0.07211853
0.033876877
-0.025922436
0.0073129977
-0.026314989
-0.055327766
-0.036567386
-0.0155616235
0.01517529
-0.011354303
0.0791646
0.04763253
-0.055892374
0.07908554
-0.00018649353
0.05235517
0.012266691
0.10118574
-0.033823542
-0.014456026
0.06990026
-0.022873245
0.022683218
-0.071076356
-0.01972085
0.02444359
0.06351367
-0.038499206
0.09592421
-0.03881622
-0.058618158
-0.10781793
-0.09487303
-0.10003939
-0.0709059
0.044289593
-0.08859794
-0.07548402
0.061833017
0.10577516
-0.09595073
0.079623364
0.078029245
-0.0067128134
-0.10058914
0.0032053972
-0.027286597
0.059248086
-0.03129374
0.0390798
-0.07918991
0.02529381
0.10477681
-0.08277287
0.015212194
0.10642746
-0.06841194
-0.024484895
-0.013604893
-0.06901891
0.054500617
0.008769048
0.107895136
0.05929663
0.0714475
0.09410133
0.020649718
-0.09698453
-0.03251267
0.08908868
0.08785223
0.013155606
-0.09047399
-0.018022394
-0.08765067
0.019127464
0.013243926
-0.05718419
0.10767948
-0.06837636
-0.09089905
-0.016609589
-0.022875648
0.0124587985
0.10244044
-0.07095429
-0.039265092
-0.08840989
0.05054943
-0.014234376
0.0827517
-0.047785
-0.024447192
-0.075599514
-0.021129746
-0.07913818
0.04919372
-0.030385064
-0.07059969
-0.0014643227
-0.015168506
-0.08360919
0.0017953493
-0.08499065
-0.05958007
0.10446826
0.00062966044
0.0803974
-0.08509786
-0.0044289995
0.016644552
-0.032043215
0.030436657
0.055603284
0.052473757
-0.0059919534
-0.07509607
-0.07476289
-0.068010084
0.013118104
0.1085417
0.034010448
0.0567634
0.10084978
-0.08322095
-0.0055202697
-0.043619882
0.07187096
-0.10665322
0.005444835
0.034162164
-0.09564614
-0.08828091
0.07941376
0.070092365
-0.009532139
0.088258915
0.059878454
0.023847483
0.0890186
-0.014690512
-0.06743097
0.044806007
-0.0012340939
0.05724443
-0.032906912
-0.07456073
-0.092248015
0.0837772
-0.044752154
0.029533047
0.008046234
-0.06403587
0.014085745
0.0047109947
-0.053659845
0.0528197
-0.09280137
-0.008057145
0.0072106565
0.057401188
0.08390073
0.04967283
-0.02223829
-0.040380627
-0.052689638
-0.016100958
-0.06741025
0.06304446
-0.037664928
-0.018697811
0.07232275
-0.01778351
-0.060784783
-0.054501507
-0.06976931
0.10179847
0.09832548
-0.0554364
-0.102299206
-0.04011039
-0.014136636
-0.07693849
0.09028097
0.104345836
-0.016867574
0.009559313
-0.033695955
0.08809245
0.004351432
-0.004713072
-0.07112385
-0.09147716
0.09617937
0.0182441
0.010605212
-0.062270917
0.0021311727
-0.077076636
-0.060373142
-0.04219669
0.0017283217
0.093248315
-0.02375835
0.10684345
-0.08991217
-0.0015510895
-0.08485301
-0.070934385
0.10697927
-0.0842873
0.036694553
0.10757609
0.102215454
0.060368985
0.07884221
0.054967865
0.08789804
0.09197968
0.005000268
-0.103288844
0.042898886
-0.0140466485
0.047464162
0.042122066
0.027457912
0.05617132
-0.0059689432
-0.10028933
-0.08337988
-0.066553816
-0.08056446
-0.10584772
-0.06697561
-0.04700847
0.05327444
-0.019318879
0.043770805
0.06917452
-0.036086757
-0.032202464
0.06035617
-0.04479951
-0.06589765
-0.009289553
0.014918502
-0.043371778
-0.09104028
-0.07580376
0.09142034
0.0054409723
0.08168448
-0.10599776
-0.023606995
0.014621245
-0.04106768
-0.036744393
0.022696791
-0.023214724
-0.06254403
0.010562209
-0.050657317
0.0612841
0.0023545513
-0.03900368
-0.011507035
0.08437774
-0.09434999
-0.008080513
-0.07668877
-0.014446038
-0.05640439
-0.06426063
-0.10562099
-0.018414784
0.057019487
-0.09264117
-0.081247546
0.08590654
0.04243836
-0.09463542
-0.08089895
0.0061179777
0.08716677
-0.013685454
-0.014244124
-0.10430586
-0.030274538
0.065755084
0.0032109423
0.031884603
0.10563688
0.024270862
0.08771017
0.10434624
0.0154441325
-0.10359424
0.0112914955
0.09867625
-0.040588465
-0.0004495913
-0.00068377034
-0.052246083
-0.022662023
0.039087236
-0.040214963
0.07607271
-0.033006623
-0.09656676
-0.0051823207
0.107881926
0.021447115
-0.007376737
-0.007611797
0.071437284
0.022413276
-0.05787074
0.0838412
-0.107894205
0.010048601
-0.0257917
-0.014421608
-0.09041249
0.106282175
0.06219069
0.05988641
-0.03208829
0.036368586
0.02085758
-0.04240362
-0.042256538
0.00021503255
-0.0059470395
-0.063322976
0.0011748307
0.038953677
-0.0246186
0.025204903
0.10431341
-0.06593545
0.103691265
-0.016511314
0.10517248
0.106570914
0.00591815
-0.097064584
0.0060322997
0.029314078
-0.0074223774
0.10757421
-0.08791553
-0.0643766
0.04895643
0.07088911
-0.017164713
-0.073593006
-0.0006183228
0.0033059241
-0.030906424
-0.055699397
-0.09091201
0.09696309
0.026507307
0.04465377
0.089592665
0.08297659
-0.05386028
0.033223577
0.071191765
0.081315555
0.016028143
0.025052132
-0.09521165
0.07558299
-0.06894185
0.062842
0.053868566
-0.06669027
0.030994507
-0.019759119
0.07195565
0.054836717
-0.006366139
-0.004151385
0.0062810257
-0.08738184
0.04399532
0.05684947
0.058863405
0.067467205
0.081563465
-0.040969145
-0.07682295
-0.044943605
-0.052446548
-0.024076665
-0.07090623
-0.06780613
-0.046599083
0.0060689496
0.003958174
-0.09293811
0.05888582
-0.061788872
-0.030457623
0.10782658
0.08251757
0.09982269
-0.105319306
0.058335364
0.092966124
-0.041184947
0.022154385
0.062315434
0.030329527
-0.033008773
-0.10545658
-0.08941645
-0.021369215
0.06248083
-0.027586205
0.049280487
0.036623225
0.043413684
-0.0033245035
0.10551848
0.025634995
0.056921825
0.07389855
0.022945153
-0.040304508
-0.07248596
-0.08625292
0.0981708
0.022101056
0.09647844
-0.054086864
-0.023616947
0.060419485
0.06879563
-0.1014204
-0.027140575
-0.06395489
-0.037270032
-0.062438738
-0.06363195
-0.07464174
-0.08454417
-0.02113046
0.09855967
-0.003150849
0.036959372
-0.106584996
-0.037204675
0.03395637
0.040124193
0.07186762
-0.07340669
0.06168555
0.0015257143
0.066565104
-0.099329576
-0.0647931
-0.06756379
-0.0010347222
-0.09853035
-0.05394872
0.09087161
-0.06328844
-0.072025955
-0.0668916
0.07548836
0.05367441
0.020083155
0.0363594
0.067638695
-0.08943621
0.10830024
-0.0804797
0.031217048
0.023300579
0.0550428
-0.0758851
-0.0791055
0.0393658
-0.042821385
0.07149079
0.06149845
0.037925415
0.107606776
-0.0814685
0.039354943
-0.07901212
0.02050896
-0.073593155
0.07865809
-0.0064363843
-0.08855763
0.022626353
0.08758104
-0.009315688
0.10185666
-0.061442196
0.026960805
0.03137903
0.031696215
0.09746934
0.018530883
0.10895974
-0.047610857
0.082745746
0.036737125
-0.0535561
-0.0799452
-0.07768729
0.02292999
0.08061619
0.101296574
-0.108607866
-0.016687192
0.010648527
0.029750604
0.049133055
0.016926048
0.02197763
-0.04673992
-0.06564535
-0.10101548
-0.06777886
-0.029639853
0.04599237
0.05433777
0.07097231
0.013986892
0.04031274
0.02217494
0.037886366
0.08128371
-0.08549018
0.09505674
0.0762767
0.067973405
0.015119156
-0.019705255
0.10317949
0.052862596
0.107975945
-0.014396215
0.011989981
-0.03433146
-0.024186833
-0.08050762
-0.05348752
0.059107102
-0.00041726223
-0.07731968
0.06809835
-0.08061227
0.014449146
-0.10432077
-0.050045032
0.033199556
0.09238765
-0.05050136
0.076090306
-0.029429365
-0.0012500124
0.10714313
-0.03835056
-0.041857205
0.03985382
0.007510988
-0.07273786
0.07507078
0.08250119
-0.007227042
0.009987856
0.021160457
-0.073787875
-0.02581193
-0.0828915
0.031051673
0.053645898
0.054523777
0.07850898
0.049375705
-0.04504486
0.0951456
0.019995403
-0.06965862
-0.047328915
0.0733289
0.0673442
-0.0012670626
0.080614604
-0.0630625
0.08335051
-0.0042053694
-7.653969e-05
0.025394412
-0.031642556
0.04647636
-0.10544388
0.08521595
0.0320924
-0.039837167
-0.021300009
-0.093355775
-0.07514237
0.08663081
-0.02499465
0.082067475
-0.09597794
0.047850583
0.036194146
0.063692436
-0.060698796
0.039544858
0.046042904
-0.075782135
0.07630485
0.0066826204
0.09051496
-0.10629247
0.06077776
-0.08039202
-0.008978463
0.013167418
-0.09337902
0.061900787
0.022774784
0.065903105
0.044759076
-0.03385571
-0.0011008596
0.04567218
-0.09898732
0.058490988
-0.043569487
0.004271494
-0.10659222
0.005405331
-0.06993989
0.07408365
-0.028978247
-0.079218976
0.0639956
-0.07366407
-0.08705862
0.046174325
0.09528982
0.09768773
-0.042936135
0.051105715
-0.08772655
0.004672024
-0.021178616
0.068920754
-0.07809131
-0.008818665
-0.01656408
-0.0048866374
-0.043955795
0.103287175
0.014213532
-0.072431624
-0.011898682
-0.08771903
-0.031914897
0.032620206
0.09425837
-0.09562081
-0.023717124
0.07336046
0.07524201
0.09279621
-0.08107596
0.043952104
-0.011335955
0.05381869
-0.011459923
0.044249475
0.0011834003
-0.035398643
-0.010372898
0.08334567
-0.07927918
0.029633658
0.02033327
0.0135846855
0.0056759636
-0.095650725
-0.022916151
-0.022695316
-0.06981246
0.10570563
0.10580674
0.012230938
-0.030920759
-0.076295346
-0.045704868
-0.021294435
0.042686306
0.09322726
0.07198836
-0.051414065
-0.100268826
-0.02475335
-0.0530638
0.016233612
0.010614995
0.09904484
0.09685443
0.089042224
0.015813587
0.03440165
-0.012982977
0.09474196
-0.075601436
0.038088556
-0.054385692
-0.06678383
-0.045465153
0.08936975
0.012771251
0.04616089
-0.019083021
0.106931075
0.021039564
0.007735773
-0.048255604
-0.024594756
0.02940043
0.07551824
-0.09835229
0.10194978
-0.07303025
0.048612695
-0.044299036
-0.054972712
0.03394109
-0.09482844
-0.102089964
-0.03875959
0.02453613
-0.05136391
0.07519313
0.10671572
-0.08336011
0.05019588
-0.0689896
-0.001767414
0.025316253
-0.012453207
-0.0959271
-0.017656427
-0.023745323
0.09804722
-0.105681084
-0.08528492
-0.04007454
0.076846264
-0.099800035
0.06592249
-0.026093904
0.005593195
-0.044864595
-0.0050304774
0.103558615
-0.008962376
-0.06928534
0.09993295
-0.07227905
-0.065557115
-0.053703267
-0.00376147
-0.09322072
0.036690857
0.0908585
0.054452647
0.010914011
0.10294036
0.048395507
-0.014205013
-0.044873107
0.0018392444
0.016875945
-0.104807265
-0.060335558
-0.102660336
-0.06799234
0.04024893
-0.10307801
0.089333825
0.031071037
0.025841866
0.09396393
-0.059108898
0.04887886
0.043797404
0.01810667
-0.07357283
-0.100584544
-0.0650009
-0.07341809
-0.01953301
-0.010312443
0.107018955
0.021647241
-0.0380158
-0.0095755095
0.08144646
0.05772311
0.037433382
0.107694395
0.06583593
-0.0892028
-0.028955353
-0.08502446
-0.0596079
0.08002199
-0.07924709
-0.059685636
0.014631061
0.02363594
0.05853492
0.073508196
-0.08536282
-0.0021454904
-0.08589495
-0.04713844
0.064747795
-0.048921224
-0.004088262
-0.09702825
0.02560696
0.0474347
0.009065562
-0.09216658
0.07766926
0.015953014
-0.10750161
-0.10393078
0.06444995
0.07935721
0.05166637
-0.06813258
-0.07584791
0.106889
-0.04156502
-0.087788284
0.10159014
-0.02938623
-0.06670186
0.03304393
0.08111032
0.044919744
-0.046266887
0.00904524
0.022038959
-0.076504834
-0.08142481
-0.035440933
-0.07949667
-0.075262174
-0.06063135
-0.03423379
-0.005511407
-0.106610194
-0.100572236
0.06930298
-0.03932818
-0.069194965
0.041815534
0.020216241
0.018103221
0.028088829
0.049170878
0.0530793
0.07639892
0.04461169
0.024960538
-0.005224127
0.021677608
-0.06826505
-0.021627558
0.10032483
-0.043319687
-0.102531545
0.036150567
0.07336942
-0.028307384
0.04370202
0.106305204
-0.10446459
0.095265456
0.10151496
0.101369746
-0.020784464
0.083323516
0.05351516
-0.08080887
-0.099262655
0.023126155
-0.08362908
0.021687971
0.076132275
-0.10490317
0.059439868
0.10153971
-0.029524038
-0.06448982
0.019202596
-0.09680813
0.0023308992
0.054387342
-0.0470331
0.05796973
0.0076340297
0.0126846135
-0.07786943
-0.020410834
0.027299916
-0.06020318
-0.011097118
0.0012401511
-0.037279867
0.09345911
-0.02449714
-0.10144149
0.014143736
-0.05150293
0.0035242145
0.09366387
-0.08203479
-0.088210136
0.09730213
-0.09320743
-0.100375995
0.08520735
-0.04724937
-0.051654905
0.03440916
-0.09119793
0.09018765
0.060016517
0.018950282
0.05198536
0.09958071
0.0534203
-0.042481504
0.00036664374
0.040963463
-0.09043839
0.060523424
-0.102953576
0.007939656
0.030672904
0.0982063
0.031036276
-0.08276411
-0.098869964
-0.10542979
-0.07178245
0.01654237
-0.053813834
0.040445283
0.06012121
0.09777916
0.08346061
0.03243956
-0.015623472
-0.06220799
0.0715932
0.10046668
0.10414908
-0.043531913
-0.092887156
0.0829513
0.09826971
-0.106079794
0.105798
-0.09684702
0.09901065
-0.08143907
-0.071806945
-9.1559945e-05
-0.0073179672
0.01294224
0.06832821
-0.07314206
-0.0916773
-0.010397777
-0.04251341
-0.0022159123
0.0868816
-0.04252321
0.032305207
-0.005833506
-0.06426912
-0.058185548
0.08966885
0.06457829
-0.07478328
-0.10004842
-0.0026426301
0.071500674
-0.069047496
0.098759554
-0.08135709
0.10840632
-0.0059240144
0.013345415
0.10482157
0.07553171
0.0945136
-0.072430186
-0.013781442
0.07371046
0.049386524
-0.09502116
-0.063843496
-0.061275445
0.10139137
-0.062377166
-0.050520163
0.05280199
-0.05816935
0.107403636
-0.051078405
0.028500505
-0.017134337
-0.10360654
-0.0005799485
0.061989162
-0.07005763
-0.08172878
0.048976816
0.013600414
-0.06562281
0.05094593
-0.06675779
0.043824777
-0.080744155
-0.09174545
0.034822922
-0.04075225
-0.05851136
-0.042595603
-0.041663226
0.0722021
-0.05198463
-0.04855425
-0.07013578
0.05491803
0.020668903
-0.09782216
-0.079034224
0.108187325
0.062575534
-0.013547006
0.03158182
0.028496882
0.052904118
0.054814458
0.08442707
0.1040775
0.0267933
0.06250331
-0.06750795
-0.044185568
0.10006145
0.04223995
-0.016730754
0.02581932
0.057826545
-0.025844345
0.057123296
0.033818606
0.04409181
-0.017014159
0.09794002
-0.023937212
0.06597908
0.008114351
0.099334024
0.0831907
0.06869077
0.101669505
0.048544038
0.09534359
-0.0020886625
0.0047455034
-0.10328825
-0.07670566
-0.094379984
-0.054893717
-0.008636515
-0.05285186
0.021964636
-0.04401628
-0.011906986
0.09270389
0.05977421
-0.07018642
0.053759035
0.05934461
0.0892872
0.0054254024
-0.10010107
0.057596248
0.041226473
0.0869981
-0.09505465
-0.10279605
0.060472492
0.08043623
0.10616817
-0.02961968
-0.028916663
0.014602986
-0.08190555
-0.06765416
-0.07569217
-0.07100248
0.046862397
-0.088031344
0.0057960222
0.041572124
0.04411164
0.026127605
-0.03649139
0.07855739
-0.08424754
-0.08440277
-0.013624558
0.05913021
0.10228885
0.074912556
0.02457375
-0.0742582
-0.0054408847
0.052164733
-0.101665474
-0.061504837
0.035656847
0.038407333
-0.026348049
0.026583694
-0.054784168
-0.011989199
-0.09427934
-0.014392228
-0.006235411
0.07959866
0.049304463
0.03158267
-0.044248063
-0.073572434
0.041088827
0.014198837
-0.04364119
-0.03425944
-0.054222465
-0.052919928
-0.03318111
-0.0850249
-0.092060804
-0.10694878
0.016901407
-0.056687072
0.049139325
0.06707991
-0.05751409
0.077079065
0.06647743
0.07954869
0.091890514
-0.049653605
0.025927763
0.00083529676
-0.0010472107
0.10146538
-0.08943876
-0.06706316
-0.003014573
0.0023966131
-0.052775685
0.09096637
-0.02685391
-0.052449897
-0.07474575
0.033030897
0.0036354484
-0.07400152
-0.039131414
0.04973232
0.031674728
-0.086013824
-0.06147189
0.09687891
-0.092563756
-0.099992506
-0.100459754
-0.04380182
0.10398946
-0.022099493
-0.033973143
0.017643776
0.008266398
0.090109855
0.0064183776
-0.059390105
-0.07970233
0.07473352
0.030417455
-0.053884536
0.103484854
0.024995118
0.037158925
0.017585665
0.08677221
0.06668841
-0.03916812
0.022797292
0.08071127
0.078690454
-0.040673506
0.09324819
-0.06644649
-0.10887241
-0.039200544
-0.009000716
0.06906319
0.03743575
-0.033550896
-0.0997967
0.039256442
0.07143606
0.045613125
0.033952434
-0.07147015
0.0046099573
-0.0048969714
-0.045536947
-0.07955965
0.056799006
-0.008340524
-0.012538485
0.021230647
0.027465861
-0.0711676
-0.009326402
-0.07539894
-0.034941003
-0.034891333
0.1036678
0.085439526
0.0663511
-0.0776075
0.068591304
0.072534114
-0.060429696
-0.07999933
-0.04853187
0.038094528
0.01957113
-0.067882024
0.08878644
-0.101147875
-0.10334026
0.07846759
-7.135357e-05
-0.018280497
0.09134658
0.09055544
0.06784215
-0.06966848
-0.09649345
-0.04975195
-0.003699076
-0.02426265
-0.0979974
-0.08998523
0.0639818
0.00096527126
0.035460033
0.052327488
-0.059810504
-0.099335834
-0.02375814
-0.02076492
-0.03822926
0.08916169
-0.06122365
0.0020025822
-0.02250786
-0.027550148
-0.011888414
0.025021492
0.093263164
0.097317845
-0.050441295
0.097469404
0.052601688
-0.06209668
0.04887647
0.034086987
0.021197638
0.00422844
0.049520764
0.027812975
-0.07897795
0.030664336
-0.043588854
-0.08139904
-0.023878919
0.046829466
-0.04109034
0.019264447
-0.08602786
0.05096958
0.09369943
0.09778529
0.07576402
0.0407432
0.0058297645
-0.049507823
-0.0011554981
0.04717811
-0.021064049
-0.03108207
0.0825524
0.076670706
-0.103638336
-0.022570483
0.0640393
-0.010544681
-0.102890216
-0.04648045
-0.06732874
-0.103859715
-0.07439641
-0.08905567
0.0066826637
-0.02741473
0.055986185
0.09541427
-0.06159189
-0.01908371
0.09113176
-0.089028895
0.042329922
0.10373496
0.0843906
0.08439929
-0.03998467
-0.041367467
-0.01745741
-0.065722555
0.035879232
-0.091846064
0.009624442
-0.020527177
-0.0010228558
0.059277054
0.059268873
-0.0168497
-0.038941234
-0.012909484
-0.038593028
0.06694437
0.011106925
0.062435236
-0.097415164
-0.10832436
-0.06270464
-0.022709068
0.07142017
-0.10290319
0.037862804
0.06170135
-0.03985222
0.097729474
0.028697496
-0.08957682
-0.07225385
0.08022181
-0.04704922
0.04741386
-0.0011328899
-0.08904371
-0.029086456
0.078019805
-0.09272886
-0.02598092
0.015454865
-0.10331212
-0.07288967
0.0864458
-0.0011080736
0.070326656
0.018839533
-0.019964885
-0.0440135
0.096973866
-0.022588026
-0.03363707
0.05623897
0.0043022777
-0.037829526
0.073018
-0.060099367
-0.082295105
-0.0486224
-0.0042290697
0.034849152
0.03953584
-0.09863566
0.049541097
-0.03348762
0.038881075
-0.0129116215
0.0067331917
0.045627758
-0.07921244
-0.01159144
-0.010378761
-0.034226045
0.048286103
0.07722878
-0.027838454
-0.104103535
-0.07043343
0.019838313
-0.071093164
-0.039812095
0.07726808
-0.084256835
-0.10571703
-0.03267795
-0.07692608
0.030118337
0.07501266
-0.09180109
0.08213076
0.0021669087
0.005812303
-0.100678585
-0.034559414
-0.06204214
-0.09090553
-0.08184732
0.015828574
0.06662992
-0.094789155
0.05444366
0.031179233
0.04608663
-0.034678753
-0.10378997
0.015094731
-0.050556444
-0.042143222
0.07119014
-0.0032830948
0.024651447
0.072714224
-0.10135618
-0.07206007
0.057184182
0.013504097
0.020100832
-0.050729558
0.05205059
-0.09982079
0.10220821
0.10694275
0.10598546
-0.09780692
-0.08474651
-0.03790018
0.018445343
0.014285415
-0.042380653
-0.0937376
0.030614011
0.09500559
0.06493911
-0.05007519
-0.09175371
0.033330005
-0.011966692
-0.08841881
-0.08432192
0.092632115
0.07903477
0.05896847
0.07431694
-0.058847155
-0.06224301
-0.0023889854
-0.017524507
-0.080551684
0.009847251
0.095884725
0.09085354
-0.020833677
-0.101646416
-0.016626358
-0.055007372
-0.031051919
-0.07886388
0.03566241
0.048179578
0.09622209
0.08417628
-0.083295785
-0.029238038
-0.08728733
0.09354582
-0.051443864
-0.05068622
-0.09137554
0.051307034
-3.6677957e-05
-0.0955732
-0.09630588
0.079261065
-0.073646985
0.0023406744
-0.06656655
0.043672614
0.09653737
0.015845861
-0.08693363
0.011762228
0.011254611
-0.106955096
0.008182217
0.099841274
0.04019078
-0.10465277
0.039273545
-0.08348995
0.00738824
0.025273804
0.053232994
0.093280755
0.025208246
0.10619308
-0.078490674
-0.005055647
-0.09481201
-0.054092966
0.06729462
2.8842765e-05
0.012774252
0.054490183
0.013007259
0.106109664
-0.04221372
-0.055641323
0.061857358
-0.024997974
-0.07275696
0.021337677
-0.100000374
-0.0020922003
0.079036854
-0.07614652
-0.10753526
0.013675428
-0.09054299
-0.06280681
0.053299244
0.10049764
-0.08123973
0.018694341
0.05663333
0.084476955
-0.014947787
0.04877311
0.016087651
0.0772333
0.10468165
-0.06296457
-0.008457906
-0.047839437
0.05859265
-0.034347214
-0.10692752
-0.04287882
0.0934417
0.030270621
-0.10653543
-0.043626975
0.10530521
0.09207678
-0.06725768
-0.04639695
-0.039865263
0.063922904
-0.0018344384
-0.03168545
-0.10043796
0.04736653
-0.08527278
-0.046201468
-0.076412655
-0.0757099
-0.040933307
-0.034244977
0.012496581
-0.0306213
0.055564743
0.06195248
0.08282105
-0.037626486
-0.08520004
-0.093411334
-0.09509423
-0.08821256
0.05179136
0.10026062
-0.06435451
0.07342027
-0.03593506
-0.00052878034
-0.105849564
0.02702291
0.10531697
-0.0975953
0.02262491
0.0018388268
0.051915087
0.06515052
-0.06041679
0.02875871
0.059950404
-0.034668393
-0.030185431
-0.09328781
-0.067933545
0.07965925
0.01953244
-0.05449102
0.017482936
0.06893938
-0.083349265
0.04287338
-0.09268397
-0.04912705
-0.10282429
-0.04908334
0.004828392
0.05489124
-0.10313679
0.0159478
0.059911724
0.104883924
0.08619634
-0.0022550572
0.01941664
0.039616123
0.07820517
0.06335547
-0.08519964
0.0015008865
-0.04477735
0.039230436
0.04895125
0.03684817
-0.0310611
0.002097481
-0.047941536
0.095934026
-0.08700381
-0.06738034
0.080555186
-0.032899857
-0.065549806
0.07725234
-0.031565335
0.016766133
-0.013855887
0.030933188
-0.013221281
0.021982659
-0.08882458
0.011764555
-0.012288417
-0.033231776
0.09830581
0.048716214
0.0073038
0.02955491
-0.046748005
-0.10378811
-0.024863822
-0.041030567
0.052445203
-0.06973462
0.060087226
-0.0431058
0.009800171
0.07072301
-0.08309457
0.024407813
0.07060952
-0.07395026
0.06431396
-0.041189786
0.028623153
-0.04406082
-0.048830476
0.10380081
0.014221659
-0.07173573
-0.07368522
-0.10109253
0.09668931
0.042798128
-0.03792666
-0.08198048
-0.061221644
0.009709212
0.07529037
0.038261134
0.07430563
-0.007875618
-0.10739519
0.08702219
0.05867302
-0.06975932
-0.011371103
-0.059246425
-0.032991376
-0.04339693
-0.05558023
-0.031098532
-0.042047955
-0.0045451317
-0.10497033
0.09097821
0.007155615
-0.04807559
0.071087435
0.104744926
0.0019985957
-0.09598424
0.046738863
0.0024760435
0.056898434
-0.028627155
-0.10361879
-0.022060823
-0.072893016
0.02860561
-0.018191572
-0.03848328
0.04200757
-0.09960018
0.03769033
-0.075339824
-0.03928561
0.029950706
0.08367934
0.015408508
0.036673494
-0.022843491
0.08560839
0.09100118
0.10601574
0.041705616
0.09940077
0.09736592
0.07800597
-0.03982104
-0.06291509
-0.04428228
0.0032995278
0.0910669
-0.061019618
-0.0071453527
-0.019727757
0.089103036
-0.026646921
-0.027138375
-0.05214535
0.0024912187
0.06943603
-0.06515996
-0.06860455
-0.015550961
-0.032081913
-0.04071994
-0.035833467
-0.058959723
0.06703251
0.0601248
-0.062301602
-0.019557463
0.08249504
0.064555705
0.08112823
0.034883384
-0.067119054
0.071953446
-0.07907533
-0.053267572
-0.028758423
0.0065228324
-0.05330292
-0.0054191006
0.032988645
0.09688208
-0.093385465
0.048999075
-0.10464051
0.03525812
0.05485165
0.104386434
-0.017945722
-0.09108927
-0.034767296
-0.05966578
-0.032119613
0.028755283
-0.055006023
-0.07548529
-0.015598265
0.021005869
0.00467154
0.07511666
0.07500412
0.029707527
-0.044924937
-0.106219135
0.072496764
0.08207666
0.07761933
-0.05117619
0.024144547
-0.055090044
-0.044647224
-0.08564714
-0.0019234557
0.10741349
0.01911637
-0.0020141278
-0.014194643
-0.107774384
-0.08776547
-0.06648823
-0.037207663
-0.08240945
0.09148187
-0.07476336
0.10406122
-0.101800285
0.09623507
0.06162195
0.007783967
-0.045553066
-0.059990328
0.06995393
0.10510022
-0.027438391
0.014906932
-0.060125697
0.042987965
0.030986018
-0.022051247
0.065366186
0.034723606
-0.020144923
0.039142903
0.039592292
0.037579075
0.025726132
0.087856844
-0.040183
-0.04401865
-0.03659293
-0.026200645
0.09020036
-0.011499273
-0.06969678
0.0047895834
-0.09498162
0.042669814
0.10020665
-0.073807895
-0.033221643
0.03331571
0.09144268
0.08594801
0.06815793
0.02512309
-0.084560804
0.049820535
0.06697406
-0.0029650233
-0.05328823
-0.10648827
0.0773096
0.10220322
0.058569677
0.09686958
0.01400542
-0.09848483
0.06438101
0.039740138
0.069120176
-0.029992612
-0.03964802
-0.10606863
-0.08885175
0.022490153
-0.01121308
0.033415888
0.07335275
-0.03822725
-0.07053573
0.0886234
-0.025529686
0.073809125
-0.03573036
-0.029240143
-0.027728794
-0.053243306
-0.051467318
-0.03659916
0.08755748
-0.027653962
0.06603037
-0.009726999
0.102043144
0.06913561
0.040319584
0.037162147
0.012703897
0.07883651
0.04220716
-0.05703811
0.07230323
0.08924658
-0.059496917
0.063045874
-0.01710356
0.09190125
-0.024077332
-0.07917845
-0.056924697
-0.05079827
0.041647125
0.09038075
0.069447935
-0.06943978
-0.06422423
-0.068378635
-0.03013804
-0.04488648
0.06031393
-0.05565326
-0.07821786
-0.024527993
-0.014627449
-0.030860731
-0.08769626
-0.0605917
-0.04902513
-0.05698573
0.015597299
-0.023185957
-0.06054325
0.009126858
0.070662454
0.037906386
-0.068083405
-0.0017058378
0.026301704
0.04893152
0.029715726
-0.09014006
-0.08404427
0.009804957
-0.022020042
