-0.26686925
0.4166361
0.09266624
-0.26124486
0.42459348
0.08725682
0.26671177
0.33914906
0.31127352
-0.30010712
0.059728026
0.2739554
0.2719597
-0.17950214
0.31444752
0.33771345
-0.22359239
-0.12104427
-0.0047845896
-0.33139765
0.33274376
0.28630444
0.11504875
0.078546576
0.31569564
0.08491857
0.29461235
-0.36012584
0.039363116
-0.1303472
0.15058285
0.0066282516
0.2034946
-0.23076594
-0.012936639
-0.0074325954
0.426645
0.41275054
-0.19949085
0.35890728
0.3083936
0.23847586
-0.40828595
-0.32875308
-0.045469362
-0.40501463
-0.4174775
-0.35127643
-0.057537682
-0.2824935
-0.2202042
0.12052932
0.09226203
-0.10596016
0.21711856
0.30582058
-0.14561516
0.24332345
0.34638378
-0.013997168
0.18133286
-0.18867859
-0.11047338
-0.104090184
0.016226081
0.016941424
0.16874143
0.0890815
-0.019596642
0.41958714
-0.37431568
0.06967726
0.36340028
0.08507805
-0.16678134
0.122146286
0.15639673
-0.13715927
-0.33066773
-0.14703447
0.3714785
-0.16424677
-0.15924013
0.3930594
-0.0010691229
0.12457468
-0.29562652
-0.036366854
0.41431865
0.08887033
0.045737885
0.36831146
0.23452452
-0.33873034
-0.09689871
-0.16492955
-0.39691913
0.3378225
0.0832416
-0.34437984
0.073157445
-0.37414953
0.15762122
-0.33100292
-0.13881102
-0.25518873
0.24313341
-0.17656346
-0.094750434
0.406479
-0.028103607
0.4167978
-0.01042068
0.2638092
0.2251931
0.41875494
-0.16971472
-0.18466885
-0.27820003
0.4275289
-0.24442771
-0.12059859
-0.2749127
0.1416874
-0.30775467
-0.17963192
-0.08264821
-0.281424
-0.26269555
-0.27173856
-0.2570938
-0.42788273
-0.21440282
-0.21292402
-0.39247012
-0.33961907
-0.32873932
-0.34861857
0.37361458
0.3388235
-0.352816
-0.08910605
-0.3434678
-0.23824619
-0.2524932
-0.2751213
0.3671081
-0.37693852
-0.063568324
0.19564061
0.3545505
-0.31388044
0.2613746
-0.41003358
-0.13138713
-0.14578962
-0.37964886
-0.16878024
0.42930785
0.20269637
-0.032998532
0.22328167
-0.03548029
-0.42894685
0.19916944
-0.17949323
-0.10916733
-0.018778566
-0.40509278
0.20392837
-0.14003566
0.050691452
0.41083884
0.048980612
-0.13682714
0.10315758
0.25201598
0.17886315
-0.42646837
0.1271689
0.2709432
-0.4271644
0.42879874
0.41191638
0.2333416
-0.14367478
-0.2024049
0.07015616
-0.2543441
-0.1508337
-0.39647076
0.3364952
0.009015459
-0.19093707
-0.28151053
0.07303518
-0.29549134
0.39649478
0.23543626
0.08062581
-0.13924183
-0.35360387
-0.22854967
-0.22880448
0.25098556
0.30339605
0.23440059
-0.018051315
-0.013865272
-0.2219033
0.22950585
-0.15670246
-0.15964647
0.27209485
0.14058352
0.41434994
0.049021162
0.29990584
-0.26393488
0.32800624
-0.27585742
-0.27126166
0.13740815
-0.1412916
0.2062053
0.40114892
-0.38713822
0.08244103
-0.1561038
-0.048789814
0.35887298
0.15920855
0.3821266
-0.28055176
-0.21077259
-0.3765886
0.2104702
-0.06917425
-0.039265137
0.3727784
0.33272058
0.42884198
-0.10834354
0.3471432
-0.09126827
0.21037696
-0.0057151997
0.06539232
-0.3559561
-0.2590936
-0.09892868
0.28610706
-0.20164803
-0.14050479
-0.10531815
-0.38569447
0.414623
-0.15790085
0.13674678
-0.027841495
-0.08407296
0.39070296
0.2894265
0.32271615
-0.054212566
-0.004489791
-0.096866556
0.35901815
-0.020123491
-0.1854626
0.22616974
-0.40659192
-0.32894966
-0.30388308
-0.42334253
0.21459186
-0.42892638
0.06453233
-0.37229237
-0.15184346
-0.39081654
-0.30584458
0.34002277
-0.22920316
0.17952336
0.23165506
-0.42852336
-0.23946966
-0.37388945
0.15854067
0.41921934
0.14656116
-0.017943721
-0.09576031
0.38980576
-0.36096862
0.21238048
-0.39173052
0.22287741
-0.17222092
-0.09031253
-0.20991218
0.12773147
0.29698163
-0.2222416
0.06704062
-0.021158764
-0.20840149
0.3343123
0.4310494
-0.27576303
-0.071150266
0.23331206
0.327589
-0.384438
0.43374437
0.13437627
-0.012022399
-0.3529509
0.38771737
0.42116073
-0.35910112
0.17236827
0.08647788
-0.20918049
0.047559272
-0.037357144
-0.07700219
-0.26426396
-0.17360826
-0.3961772
0.035134573
0.2855142
0.34141782
-0.13766867
0.07723078
0.046378504
-0.16495085
-0.06826758
-0.4140402
0.28147188
0.1485297
-0.36773285
-0.006932604
-0.12265922
0.013621605
0.060548376
0.23380569
-0.34193128
0.118619725
-0.250495
-0.33285
-0.27155608
-0.3128981
-0.010358535
-0.04273009
-0.0785929
-0.084446006
0.15468888
0.009967701
0.07220083
0.34335884
-0.36654425
0.3680762
0.01876741
0.25732505
-0.0667853
-0.4057242
0.18179584
-0.3196698
-0.1976137
0.29806778
0.37253368
-0.25739023
0.05751453
-0.11785736
-0.16114578
-0.2727799
-0.16641237
-0.19718143
0.3554577
0.14384057
-0.008089618
0.41105515
-0.012919911
0.39392564
-0.16109528
0.22383648
0.032426644
0.14375517
0.32308194
0.13841905
0.36186466
-0.10927585
0.0338538
0.3690678
0.1017058
0.23696871
0.01683105
0.095603146
-0.24012184
0.18756689
-0.053128615
-0.27993253
-0.2871403
-0.40989375
-0.26745623
0.3220425
-0.26675078
0.3095133
0.4171158
-0.15659052
0.38902682
-0.1980772
-0.14127266
0.07426773
-0.083064
0.20138824
0.21538284
0.07426019
-0.036991764
-0.076983556
0.12370068
-0.26433173
0.14435641
0.29502657
0.06744911
-0.28432232
-0.27614892
0.19585815
-0.33382916
-0.1009019
-0.16344613
0.008526688
0.16825643
-0.3477437
0.24677017
-0.19034548
0.22552101
-0.12601697
0.39034164
-0.18324763
0.22431946
-0.077573694
-0.21461913
-0.3741527
0.15771355
-0.09877917
0.078927785
-0.42800498
-0.0017494429
-0.29366904
0.34305626
-0.05886247
0.07264146
0.061630286
-0.19713914
0.28677288
-0.112906925
-0.21049298
-0.036248043
0.24128695
0.28550526
0.3077362
-0.06537042
0.1525454
0.40782753
0.37896577
0.08910921
0.20037541
0.20185594
0.12825781
0.044734832
0.1628631
-0.11893095
-0.32000658
-0.42097363
-0.36239383
0.039922137
-0.14568396
0.08227479
0.08111231
-0.16016832
-0.17494668
-0.1051844
-0.13416661
-0.16048196
-0.31604877
-0.042629536
-0.29480472
0.01720368
0.003159595
-0.2590549
0.19136533
-0.1599231
-0.3924796
-0.33265966
0.23392604
-0.351898
-0.31126845
0.17211638
0.26972693
0.3811425
0.3412046
0.10407804
-0.30381307
-0.07758886
0.2051031
-0.21869804
0.38064638
-0.1663913
0.36884195
-0.16673793
0.34832442
-0.36157748
0.27669877
0.118271925
-0.2326951
0.34196442
-0.069900714
-0.061610725
-0.25889573
0.16117817
0.091053836
-0.08756372
-0.236822
0.04488899
0.015277372
0.16029312
0.13902931
-0.25980684
-0.37613425
-0.14452004
0.26151958
0.028309116
-0.28812566
-0.03783028
-0.1171
-0.22245575
0.41619503
0.014151719
0.11680893
-0.22818165
-0.29356036
0.1688349
-0.25479716
0.0699363
-0.19189328
-0.11907548
0.3988955
0.32296723
0.13937624
-0.22178693
0.25637612
-0.39206335
0.12206709
0.05454995
0.19435643
-0.27186492
0.24732645
0.11850509
0.37912193
0.30036116
0.12452594
0.112066075
0.070650265
-0.2830582
0.42890808
0.41296285
0.24742043
0.09918134
-0.3663117
-0.22516002
0.23090672
-0.13501309
-0.4207691
-0.12947406
0.42156214
0.17309892
0.2158638
0.16807537
0.15060411
-0.29195273
0.066548616
0.29705426
-0.2511761
0.05911987
-0.037001073
0.4002941
0.1993339
-0.021840062
-0.07702717
-0.10911571
-0.3597568
-0.2814435
0.052529685
-0.3136043
0.025603574
-0.38723692
0.19870074
-0.3082132
-0.3567335
-0.052610874
0.13393606
0.30475613
0.19977956
-0.029833887
-0.41039506
0.23303315
0.16872501
-0.20671387
-0.35432482
-0.1541528
0.24796073
0.10032791
0.12749334
-0.23269472
-0.23679093
0.23402487
0.1655456
0.14386846
0.09771867
-0.092291705
-0.34299126
-0.29724306
0.28824586
-0.053350944
-0.2555559
0.12072743
0.07783177
-0.42980263
0.38792604
0.33824098
-0.18623184
-0.056949105
0.09180987
-0.18630506
-0.1427847
0.0044385996
0.0859414
-0.08125651
0.09765024
0.1692083
0.08158389
0.20419693
-0.13639565
-0.28862894
0.0014020418
-0.12362742
0.19242892
-0.18950802
-0.14877383
0.13957937
0.20101692
0.036858305
-0.11051581
-0.10537226
-0.10154584
0.43111852
-0.21306644
0.06222798
0.33801463
0.14689387
0.3024465
-0.29470566
-0.20327796
-0.19499126
-0.22926876
0.2276587
-0.2730895
0.088065214
0.30169898
0.12723787
0.34212786
-0.08896197
0.2519609
0.252935
-0.2736013
0.29493982
0.40101564
-0.08785541
-0.29704708
-0.17359892
-0.41944134
-0.07307311
-0.38880777
-0.021194981
-0.37408063
0.016101392
-0.07607116
0.0753583
0.3382966
0.21357459
0.24394065
0.039068267
-0.13036141
-0.00807758
0.3461522
0.07450316
0.42646766
-0.29663682
-0.1294414
-0.19747955
0.38020724
-0.25551194
0.16491388
0.19150917
-0.28774902
0.3851311
0.18971807
0.13897625
0.09733263
-0.012170123
0.32913387
-0.2617869
-0.0375044
-0.018194666
-0.3889564
-0.3203832
0.37339717
0.42672902
-0.19636703
-0.2090138
0.24922293
0.35127962
-0.32116002
0.050677225
0.30598897
-0.31974667
-0.012685796
-0.41973513
0.103322595
-0.2699652
0.39782798
-0.08449681
0.03354895
0.40206054
0.3257362
0.08038669
-0.21666822
0.1455581
0.13720024
-0.2762524
0.00027057834
-0.03671733
0.03476547
-0.08621087
-0.3850055
0.36833757
0.2883562
0.17761211
0.41954434
0.07533761
0.19115943
0.26643395
0.060764022
0.25289825
0.32698053
0.16320263
-0.17792632
-0.30945817
-0.1945451
-0.27120858
0.3399377
-0.032647897
-0.021484625
0.31641808
-0.12414369
0.15493056
0.36361593
-0.3047831
0.42259187
0.32651392
0.11422639
-0.31438273
-0.4145153
-0.120044015
-0.29801872
-0.113250434
0.40788138
-0.38500476
-0.2470231
0.20268135
0.19827579
0.22116883
0.0034931432
-0.38564265
0.10449558
0.15807281
0.14481463
0.33419353
0.3842528
-0.13099684
0.18276262
-0.32913053
-0.144722
0.1551618
-0.20540793
0.15731588
0.16687167
0.18267697
0.08893336
0.3014331
-0.3221482
-0.1271447
-0.37916926
-0.074123554
-0.096804574
-0.34953907
-0.07049501
0.067933135
0.2604785
0.4105351
-0.42098734
0.064701274
0.14315687
-0.3156253
0.011839371
-0.16376583
-0.37457958
-0.17978026
0.24147892
-0.42314538
-0.4268011
0.2466131
-0.057832804
-0.16007777
0.17964229
0.26328135
0.26349685
-0.20884176
0.11937824
0.39191943
-0.3559629
0.040888343
0.2812555
-0.20691206
-0.29301775
-0.3719121
0.25567925
0.14975555
0.27948886
0.09475365
-0.049439766
-0.11794852
0.09852496
-0.1673012
0.24245428
0.38055435
0.22504821
0.3419612
0.37018216
-0.42224154
-0.25334015
-0.11285982
0.16743375
-0.24155495
0.24330753
0.41957393
0.37865254
0.34578574
0.08713248
0.2602373
-0.19138749
0.15849127
0.13203083
0.12786786
-0.36665908
0.28931245
0.11577679
0.33669257
-0.08085402
0.07931374
-0.25050232
-0.0056741065
-0.3451875
-0.25863585
-0.11865134
0.2711349
0.30640224
-0.3021814
-0.061589736
-0.3576849
-0.09919756
-0.087617464
0.4100133
-0.26238492
0.07003889
0.27622366
0.118602894
-0.17115876
0.1304658
-0.023094522
-0.041279368
0.26249215
0.3800331
0.30153045
-0.27692032
-0.23156376
-0.38287213
-0.2725784
-0.3138464
0.12539001
0.09786283
0.32335782
-0.009910772
-0.15893129
0.035844095
0.13311929
0.23940553
-0.3652343
-0.08035314
0.32338572
-0.36167884
0.18469846
0.40218046
0.37063235
0.13621151
-0.2658683
0.31612653
0.3214189
-0.4284991
0.40853187
0.21851328
0.2198028
0.13291244
0.063631214
-0.14522967
0.22596024
-0.012409461
-0.3756241
0.3609298
-0.36598387
-0.28336892
-0.0018212254
0.32094267
0.3429284
-0.18356107
0.40892625
-0.386889
-0.15692812
-0.25439322
0.2113209
0.09804358
-0.31342715
-0.41294503
0.13053833
0.100370154
-0.16407458
-0.20701876
0.11635005
-0.43124917
0.046177823
0.040720616
0.035216514
-4.9473754e-05
-0.023149006
0.29140788
0.34952354
-0.010833383
-0.23455903
0.17507961
-0.12934972
0.10672534
0.17274888
-0.27018762
-0.3036077
-0.39510468
-0.2052418
-0.26761973
-0.25156525
0.28607073
-0.39437836
-0.33601362
0.3209437
-0.28941768
-0.38879973
0.32659113
-0.3424366
-0.049210735
0.39851257
0.34089878
0.03658196
0.116257705
0.22815634
-0.10249117
0.0073281275
0.10759777
-0.37084413
0.15242952
0.05610989
-0.3862093
-0.07597283
-0.38434064
0.0014477436
0.01836872
-0.2150397
-0.39958307
-0.21150994
-0.3586727
0.32309642
0.29143462
-0.06738896
0.10363615
-0.083531074
0.266989
0.08214557
0.13436358
0.30059406
-0.074007586
0.28317773
0.07290822
-0.2493457
-0.086425565
0.26323733
-0.16267715
-0.16178496
-0.06520729
0.16453478
0.14230518
-0.1236237
-0.1064882
0.25149012
-0.41796678
