-0.547278
0.911402
-0.157760
0.226039
-0.053225
-0.843703
0.163052
-0.359711
-0.735648
-0.265653
0.517342
-0.307194
-0.522602
0.095052
-0.150722
-0.359100
-0.968519
-0.655653
-0.377742
-0.542606
0.005288
-1.113615
-1.237930
-0.486083
-1.127468
-0.897933
-0.618815
0.257889
-0.717868
0.382111
-0.519576
-0.382444
-0.030473
-0.314327
0.975934
0.235051
0.107352
-0.002921
0.441528
-1.472983
-0.478173
0.088561
-0.234314
-0.172338
-0.829830
-0.241832
-0.408657
0.180461
-0.862496
-0.356116
-0.810560
-0.071829
-0.317352
-0.824786
-0.227117
-0.780334
-1.086346
-0.893998
-1.018503
-0.193593
-0.644850
-0.596556
-0.261729
-0.967331
-0.578087
-0.771757
0.144265
-0.117262
0.295214
-0.038671
0.162530
-0.184257
-1.061830
-0.386448
-1.301826
-0.717671
-0.500481
-0.477405
-0.494388
-0.473805
0.037248
-0.077248
-0.171446
-0.311417
-0.037738
-1.104849
-0.190961
-0.386998
-0.205721
-0.473262
0.097322
-0.945768
-0.267648
-0.741439
-0.348310
-0.141694
-0.813577
-0.393506
-0.086563
-0.966551
-0.464235
-0.890394
-0.046417
-0.160550
-0.796837
-0.826463
-1.075868
0.051707
0.741249
0.920393
0.544325
0.110236
0.433025
0.749751
0.670182
0.646854
0.392886
1.013592
-1.084891
-0.002080
-0.178211
-0.807238
-0.632936
-0.072524
-0.806424
0.019420
-0.430264
-0.496132
-0.213395
-0.631614
0.151905
-0.326181
-0.054461
-0.624301
-0.567342
-0.688749
-0.547072
-0.368821
-0.822368
0.203337
0.749635
0.066099
0.094451
0.198158
-0.436042
0.097397
-0.312384
0.407644
0.694804
0.245587
0.414189
0.136535
0.591380
-0.056423
-0.214473
-0.400086
-0.924545
0.749789
0.795664
-0.204970
-0.904811
-0.758927
-0.667386
-0.704691
-0.380937
-0.198637
-0.172553
-0.196787
-0.568688
-0.096857
-0.423704
0.193161
0.315763
-0.265022
-0.330981
-0.738238
0.262337
0.130260
-0.661676
-0.300030
-0.589909
0.017270
-0.951548
0.236395
-0.708796
-0.936077
-0.680884
0.044768
-0.636637
-1.131666
-0.258811
-0.892369
-0.569358
-0.426911
-0.540517
0.122850
-0.671829
0.047356
-0.368945
-0.151268
0.030241
-0.196653
-0.692998
-0.247388
-0.047571
-0.557033
0.458306
-0.239371
-0.391555
-0.972275
0.177124
-0.550049
-0.380709
-0.503056
-0.528431
-0.581939
-0.629246
-1.003966
-0.914448
-0.599784
-0.972839
-0.153453
0.345914
0.020638
0.042797
-0.861870
-0.237150
-1.032297
0.047010
-0.495132
-0.486346
-0.380879
-0.221482
0.100842
-1.108165
-0.852635
-0.529628
-0.575799
-0.976295
-0.927705
-1.131434
-1.056284
-0.294193
0.208478
-1.081096
-0.016335
0.456745
-0.422240
-0.197481
-0.459273
-0.683616
0.071125
0.082326
0.408122
-0.423003
-0.855940
-0.338122
-0.825773
0.265273
0.236300
-0.646418
0.031748
-0.908405
-0.489286
-0.859483
-0.142105
0.006323
-0.022111
0.476925
-1.504743
-0.978005
-1.157299
-1.164647
-0.528277
-0.933106
-0.974541
-0.852301
-0.894276
-0.003340
-0.327086
-0.458488
0.697299
0.658901
0.060714
-0.669522
1.022891
-0.753459
-0.252470
0.375952
-0.016442
0.734913
-0.652348
0.202995
-0.674502
-0.913992
-1.137236
-0.667270
-1.266593
-1.389223
-1.414029
-0.190325
0.317077
0.293643
0.294044
0.267984
0.282915
-0.048530
-0.062287
0.198879
0.176846
0.313878
-0.022756
-0.257156
-0.146061
-0.069128
0.025464
0.723207
0.243722
-0.060413
-0.729154
-0.445224
-0.496901
-0.186471
0.859562
0.215767
-0.060292
0.306811
0.845327
0.978263
0.683426
-0.059126
-0.019728
-0.432702
0.213190
-0.091646
-0.586419
-1.263803
-1.069399
0.186474
-0.616516
0.172642
-0.227094
-0.856706
-1.802627
-1.015276
-0.033689
-1.060625
-0.694163
-1.139108
-1.723817
-1.635446
-0.394413
-0.224535
-0.381527
-0.528699
-0.943733
-0.736750
-0.432849
-0.463163
-1.048918
-0.533114
-1.001797
-1.108822
-1.078088
-1.094676
-1.296611
-0.935803
-0.872175
-1.400336
-1.220807
-0.811699
-0.904784
-1.172025
-1.456094
-1.079491
-0.881305
-0.374796
-0.742425
-1.557106
-0.801473
-0.968198
-1.607539
-1.641005
-1.516772
-1.057961
-0.443760
-1.575136
-0.568493
-0.921527
-0.413281
-0.505278
-0.604548
0.660879
0.724817
-1.010200
-0.474717
0.031203
-0.047252
0.097620
0.049593
0.568754
-0.106293
0.900720
-0.070396
-0.133206
0.483845
0.002838
-0.539651
0.276405
0.538726
-0.100067
-0.518215
0.251929
-0.182450
-0.378141
-0.676203
0.367518
0.247671
0.959485
0.144979
0.065238
1.033615
1.158316
-0.251954
-1.074867
-0.244271
0.481711
-0.461558
-0.275281
1.589428
0.807931
0.712988
0.272092
0.193581
0.570635
-1.058735
0.288233
0.362895
-0.521539
1.082870
0.438107
0.822848
-0.050897
-0.082762
0.715208
-0.026179
-0.086860
-0.214473
0.341405
0.328717
-0.043726
0.065124
0.544805
0.328107
-1.041644
0.699376
0.557492
0.598286
0.239874
0.412282
0.596918
0.485341
0.595749
-0.300020
1.294557
-0.576441
-1.112979
-1.386184
-0.225552
0.055146
-0.290346
0.532870
0.229731
0.621355
0.970752
-0.193813
0.279023
-0.493247
0.051047
0.764027
-0.917998
-0.322806
-0.452722
0.418953
0.083077
0.134424
0.842703
0.362354
0.382054
0.012367
0.884183
-0.508904
-0.365926
0.158998
1.492513
-0.162946
0.079848
0.866035
0.032988
0.029065
-0.362867
0.487891
1.376754
0.327690
0.597714
0.575131
1.052970
0.209066
0.729031
-0.392867
-0.560066
-0.807222
1.148919
0.112111
0.254334
-0.780549
0.776935
0.909127
0.665457
0.025291
0.046048
-0.048627
0.822953
0.449028
-0.024787
-0.307226
0.725702
0.549989
-0.288331
0.319800
0.489002
0.075111
0.023311
1.183924
0.488066
-0.252987
-0.110804
-0.438095
0.401561
1.047214
-0.818479
1.626783
1.373547
1.483648
0.315774
0.101917
0.153208
0.226231
0.121794
-0.075980
0.142754
0.902129
0.035655
0.415339
0.153958
0.131259
-0.146380
-0.260565
0.465109
0.445163
1.208527
-0.496648
0.515306
0.751081
0.868758
0.056977
0.973842
0.164958
-0.281098
0.268318
0.237104
-1.039911
0.897339
0.259044
1.319310
-0.537451
-0.109031
0.831625
0.665029
0.221213
0.480673
-0.130973
-0.131277
0.702816
1.144503
-0.014448
-0.123005
0.233762
-0.405531
0.369997
0.303838
1.063384
0.731926
1.241836
0.251503
0.102440
0.622666
-0.088192
-0.081655
0.901563
0.781467
0.332412
0.685309
0.326904
1.036146
0.726426
1.213848
0.865546
0.607429
-0.043858
0.373617
0.482923
0.380675
-0.118275
0.583925
0.294829
0.482383
-0.039080
-0.343284
0.414184
0.431660
-0.304048
0.578488
0.581118
-0.146025
0.600384
1.030050
-0.259402
-0.135267
0.406419
0.805487
-0.180904
0.689739
0.292884
0.094086
0.214182
-0.177089
0.513368
0.403503
0.727725
0.821881
0.962213
1.131129
0.683028
1.098740
0.108011
0.502529
-0.568679
-0.948195
-0.442351
0.708096
-0.343411
0.309864
-0.548459
-0.195514
0.239008
-0.437900
-0.025387
0.591611
0.242131
0.001211
-0.011913
-0.203431
0.614066
0.567861
-0.291891
0.146280
0.285668
0.008397
-0.725122
0.092064
-0.748696
0.720934
0.765912
0.437297
-0.290783
0.875648
0.831313
0.880370
1.085525
0.150445
0.955218
0.102671
1.029422
1.242718
-0.193488
0.027255
-0.107441
-0.221549
0.351631
0.457527
-0.027708
0.283598
-0.257817
0.576120
0.212044
0.435753
0.387651
0.552769
1.071001
0.749311
0.368724
0.820551
0.584470
-0.255011
0.189328
-0.044227
-0.604398
0.078216
-0.405186
0.086283
0.603205
0.214490
-0.519635
0.473160
0.616568
-0.585546
-0.098825
0.141498
0.312301
0.307638
0.333072
0.827316
1.811949
0.431031
0.282594
-0.151255
0.383761
-0.206107
0.614580
0.538673
-0.115471
-0.159647
-0.150903
-0.671341
0.665227
1.122191
-0.036078
-0.099863
-0.788039
-0.272663
1.178252
0.218995
-0.171040
-0.028630
0.035979
1.183641
1.094188
0.084934
0.735592
0.664054
-0.634825
0.617221
0.855454
0.090602
0.169876
-0.952715
-0.006892
-0.296928
0.287155
-1.185894
0.700934
-0.495275
0.218620
-0.455644
-0.208914
0.222772
0.294730
0.846548
0.144443
1.101465
0.318948
1.105842
0.483447
-0.220055
0.519036
0.091998
-0.027592
0.287570
0.464618
-0.147520
0.510972
0.605508
0.459245
0.124634
0.101210
-0.163394
0.352772
-0.515072
0.604775
-0.744250
-0.255125
0.368758
-0.745321
-0.332116
0.327351
0.185320
-0.080073
-0.231908
-0.194006
0.786517
-0.343666
-0.016541
1.084755
-0.154287
1.110906
1.142257
-0.110943
-0.037206
-0.530653
0.545983
-0.059966
-0.058373
0.247541
0.645333
-0.035122
0.462497
-0.708458
1.283880
0.890128
0.772635
0.462333
0.619853
0.656888
0.494829
0.612649
0.279030
-0.175467
0.029796
-0.078836
0.748672
0.847542
-0.469308
-0.277510
0.637869
0.463865
0.321947
0.170935
-0.015350
-0.505277
0.177023
0.802913
0.196264
0.563766
0.572915
-0.372412
0.827059
-0.304553
-0.321088
-0.022021
-0.083854
0.473568
1.360071
0.136914
0.709828
0.217469
0.457842
0.153541
0.210921
0.312356
-0.546992
-0.760097
1.125498
-0.220563
-0.012989
0.005946
-0.248127
-0.327456
-0.013634
0.306489
0.181233
-0.510447
-0.291745
0.858166
-0.430019
0.014450
-0.975531
-0.096760
0.128173
0.128534
-0.330779
0.565740
-0.127556
0.381817
0.000923
1.550242
-0.990809
0.458926
-0.469117
0.427160
-0.198123
0.491786
1.067475
0.122129
1.040209
-0.068478
-0.393033
-1.114588
0.203451
-0.142774
0.048765
-0.008920
0.742318
-0.196871
0.429814
0.644316
0.728898
0.287069
0.208009
-0.199382
0.161515
1.116631
-0.683887
0.051252
-0.088823
-0.513999
0.328588
0.305362
0.987092
-0.050490
-0.444210
0.471590
-0.582793
-0.106578
-0.162918
-0.489346
-0.409240
-0.136986
-0.307404
-0.149115
0.152607
0.946387
0.481521
-0.439287
-0.118657
0.296879
0.614467
0.519174
0.654290
0.654022
0.902451
0.952417
1.117166
0.261608
0.804826
0.566697
0.439173
0.521762
0.754126
0.178237
0.537701
0.598324
1.312284
0.125124
1.362499
-0.071985
0.915153
-0.264666
0.219612
0.131932
0.074627
0.929400
0.134170
-0.414472
-0.322367
-0.388489
0.983014
1.027214
0.342196
-0.234262
0.118713
0.328656
0.378051
0.793273
0.106129
1.015688
0.500055
1.098419
0.961339
0.335438
1.158740
1.147158
-0.161167
-0.069567
0.064790
0.398810
0.282792
-0.506386
1.026907
-0.169194
0.783114
0.962608
0.084222
0.272732
0.718088
0.306283
0.063475
0.630793
0.313341
-0.221295
