-0.036835812
0.11704982
0.041726667
0.12562232
0.033938024
0.234822
0.14369014
0.12947237
0.041421
-0.0020194277
0.16567135
0.06736488
0.067379996
0.12022676
0.2338467
0.08624698
0.2080696
0.015543998
0.0858103
0.20332727
0.030316362
-4.1050374e-10
-0.080924205
0.0967723
0.13542165
0.14566705
0.049950346
0.193706
0.13428545
0.09598256
0.0893022
0.094608694
0.02235247
0.048396934
0.06274592
0.1347056
0.14583284
0.35007417
0.14917982
0.17034566
0.051329225
0.10435115
0.07668377
-9.3446324e-08
-1.2141414e-10
0.13895898
0.035414577
-0.05575257
0.27291077
0.21352348
0.054914393
0.109828465
-8.75584e-08
0.14157537
0.15992203
0.056290053
0.07962065
0.15989332
0.2460202
0.1110358
0.14662522
0.102800265
0.1553667
0.13107644
0.105653405
0.15092851
0.15120932
0.18615098
-0.03410321
0.20942947
0.11319548
0.14763965
0.06778724
-0.05551253
0.043833636
0.14768153
0.12698615
0.073736206
0.11354003
0.09453792
0.1746424
-0.015265756
0.011085485
0.15869479
0.010842767
0.11289538
0.17307022
0.14551534
-1.1287048e-06
0.105946
0.1879761
0.1924662
0.17748716
-0.03463577
0.13304007
0.17083965
-0.0065387776
0.07314983
0.1418465
-0.032061063
0.13599463
0.101910874
1.917833e-09
0.107350126
-0.04441341
0.11721549
0.17684275
0.1857154
0.09789085
0.2454871
0.13902055
4.0279535e-09
0.059233967
4.677764e-09
-0.0053293393
0.17715906
-0.0021231743
-1.7234173e-08
0.007729773
0.071547985
-3.4453468e-08
0.009490602
0.035739906
0.14798467
0.10059644
0.18342409
0.15718046
0.08329081
0.09514224
0.026745116
0.11122128
0.11668026
0.10185263
0.14372484
0.0010456396
0.14778967
0.15963294
0.14974082
-0.011426603
0.14108214
0.012931318
-7.95955e-08
0.15577675
0.12909879
0.012848388
0.14603749
0.16731422
-2.3816452e-07
0.1805548
0.1077853
0.20212585
0.19366714
0.01361929
0.011681826
0.111139186
0.03808865
0.1666027
0.13958314
0.091030665
0.08603672
0.019783473
0.27638823
0.12012707
0.16161102
-0.011983847
0.3348747
-0.01923064
0.020719483
0.12160439
0.1558969
0.018991847
0.20311241
0.18761468
0.19078031
0.15123011
0.110400714
6.392403e-10
0.23312594
0.036007877
0.14079995
-0.09563617
0.13754362
0.16236596
-0.020454101
0.20034568
0.1020999
0.04757723
-1.3258153e-08
0.15354888
0.18109676
0.0055521354
0.18948998
0.1820953
0.12156589
0.18474814
0.018801847
0.13928223
0.22114424
-0.063093014
-0.0574558
0.17157914
0.115066595
0.123390906
0.1975485
-0.020126745
0.05995428
0.1689896
0.22752059
0.025109671
0.11872408
-0.0992067
0.111821756
0.16091675
0.14328748
0.004880556
0.122893594
0.11115185
0.14219652
0.021723354
0.01515284
8.279763e-11
0.02347557
-7.135708e-08
0.08112985
0.06414624
0.19039808
-0.04995231
0.12628429
0.2643038
0.032246497
0.12504451
0.025997045
-3.9956805e-05
-9.370955e-07
0.16651729
0.15187459
0.15060212
0.09603544
0.13827662
0.16757502
0.2032432
0.19019611
0.057954434
-0.024317611
0.23239952
0.18416966
0.10618802
0.18516082
0.15201436
-0.014276507
-6.409369e-10
0.2195169
0.14663649
0.17060135
0.21376
-2.3546619e-07
-2.390645e-09
0.037879094
-0.020234415
0.19534625
0.18175599
0.10033449
0.1462319
0.15735103
0.1388383
0.06842689
0.14267349
0.20351414
0.2023671
0.17103559
0.21331173
0.0060766
0.20865822
0.10316152
-4.515185e-07
0.015992835
0.1574442
0.020976145
0.15250339
0.045161806
-0.054852057
0.119272046
0.014864933
-0.107514165
0.12970245
0.051521104
0.121880285
0.11853774
0.11521715
0.118572965
0.073679514
-0.02389758
0.1843778
0.19156238
0.01262765
0.074749
0.1430779
0.026009593
0.03906545
0.20360689
0.11572235
0.13501914
0.15948045
0.048386462
0.14936195
0.23455141
0.025876394
0.14136906
0.15562446
0.19274294
-0.008862174
0.07491515
0.15535188
0.03740367
-1.59682e-08
0.06951076
0.14003888
0.21242294
0.15468197
0.08733941
0.09030898
0.10994066
-1.7267748e-10
0.08326986
-0.045708798
0.04368648
0.06855707
-0.038738083
0.24621765
-0.002900155
0.025894383
1.934521e-09
0.044147052
0.16756041
0.14300045
0.07362934
0.18982096
0.1520859
0.18621135
-1.1690784e-07
-0.0717864
0.0013714103
-0.03091289
0.087538496
0.098617174
0.2130752
-1.9982287e-10
0.055542417
0.14791673
0.1266775
0.2130976
0.13481836
0.17279314
0.092966236
0.15972358
0.12482203
0.17141734
-0.040142242
0.025355048
0.16675587
-2.5495264e-09
0.100323305
0.119233035
0.14803603
0.19871677
0.19180517
0.13090554
0.16627091
0.18325336
0.23208037
0.04790261
0.08678617
0.106086515
0.102476984
-7.170043e-08
-0.07984566
0.024848284
-0.024618257
0.1645932
-0.046534773
0.13973033
-0.0034479445
-0.0057701766
0.079815365
0.062247723
0.061816096
0.04159554
0.17944601
0.15552665
0.1708351
0.20647952
-1.2431834e-05
0.16895323
0.13772777
0.15827405
0.3058433
0.004009396
0.14396805
0.097678974
0.14466746
0.053049162
0.08786149
0.057454024
0.25437307
-2.5715582e-07
0.17125323
0.041025497
0.038961515
0.20807223
0.05375198
-0.041213367
-0.029205102
8.656192e-09
0.13755555
0.14590043
0.19508626
0.13490734
0.025026977
0.16731328
0.09014402
0.18328558
2.358407e-09
0.0766763
0.16418913
0.20638512
0.15062913
-0.04112118
0.046337135
0.23945281
0.040351328
-0.03256871
0.20471056
0.14475562
0.17006294
0.007794386
0.07999583
0.1205
0.12077583
0.14093104
0.14543605
-3.1658485e-07
0.2019021
-0.028071055
0.1647634
0.1067609
0.18437321
0.11255208
0.022079496
-0.033478644
0.22216721
0.15667735
0.067668915
0.06673718
0.030675774
0.029707305
0.12893717
0.11056271
0.010507656
0.17352667
0.14734237
0.1628046
0.14387019
0.034575548
0.069398224
0.16999443
0.03168057
0.15411857
-7.325925e-10
-0.022507176
0.054116428
0.19565366
0.23289558
-3.1976276e-07
0.16005273
0.19381604
0.10094786
0.040497497
0.22093661
0.0024791376
-0.019329831
-2.5053132e-10
0.061012678
0.12491966
0.10773683
0.13148242
0.14377518
0.22082861
0.16194378
0.17753051
0.19692503
0.08287912
0.2031794
0.169313
0.07307915
0.14558758
0.04680688
0.027190605
0.056027178
0.12612602
0.22539322
0.08923708
0.16701299
0.21508183
0.10085847
0.15897392
0.22492278
0.17790951
0.16139287
0.108017735
0.12983683
0.17158002
0.2097746
