-0.05406421
-0.114891425
0.047606673
-0.22464839
-0.1790136
0.3236725
-0.08848692
0.010595551
0.24874724
-0.013929348
0.08348321
-0.053934805
-0.05324426
0.20312169
-0.053162895
-0.034556728
0.1525939
-0.04314357
-0.031048086
-0.14771576
-0.08466177
-0.2145898
0.82396376
-0.14934394
-0.09087433
-0.05503591
-0.12507229
-0.031675916
-0.08825205
0.043186877
-0.08325433
0.39955887
-0.038792297
0.06022508
-0.06941689
-0.08915698
-0.012510194
-0.15331629
-0.06334115
0.003264529
0.5418698
0.017186226
-0.05498892
-0.12700419
-0.07156981
0.028562125
-0.049343668
0.012475047
-0.064343795
-0.19872507
-0.15396962
0.0024988633
-0.095049486
-0.028819298
0.024501486
-0.06919252
-0.015831957
-0.10974235
0.48611066
0.029558167
0.008075318
0.008380368
-0.0031749485
0.0041370494
-0.033313487
-0.0053807064
-0.04106735
0.3630224
0.02314882
-0.0054657077
0.015517788
-0.003783252
-0.030062798
-0.01844556
-0.02125709
0.095879994
0.32229224
-0.18385792
-0.038803793
0.07126658
-0.03307967
-0.09094936
-0.05146708
0.25849828
-0.10862548
-0.21885876
-0.011306336
0.19295308
0.091048636
-0.3010854
0.025525266
0.027884869
-0.072282426
-0.05302378
0.28787988
-0.11054237
-0.012371235
-0.2727839
0.2093016
6.643945e-08
1.9319187e-07
1.07325974e-07
9.500582e-08
-2.3805384e-07
-3.2408732e-07
2.4623105e-07
-3.1937917e-09
-1.6106665e-07
-0.0566636
-0.25599864
-0.11790688
0.023157073
0.42946446
0.19227977
-0.042605486
-0.16400029
-0.12766309
-0.03019578
-0.037989594
-0.063182384
-0.073852375
-0.06795934
-0.086433604
-0.05132331
-0.11510329
-0.015764752
-0.068581775
0.0372908
-0.09668831
0.0020295081
0.3092424
0.16717169
-0.02060174
0.13173962
-0.008971206
-0.017353194
-0.025974648
-0.024639482
-0.08036513
0.31524578
-0.053190004
-0.02414893
0.024094976
0.035150338
0.043382183
0.10679205
0.0362328
-0.007901178
0.23250885
0.095078535
-0.12163365
-0.21795629
-0.08837516
-0.034174476
0.007846337
-0.015895333
-0.26118168
0.054887544
0.28684288
-0.070789665
0.0032570595
0.05485364
-0.052514628
-0.017302975
0.05437649
-0.13495326
-0.14436273
0.32281518
-0.07752143
-0.12779866
0.14092237
-0.03231342
-0.1361607
-0.09387344
-0.11596456
0.74468625
-0.014598793
-0.08009964
-0.0027854878
-0.06034901
0.018072017
-0.05416021
9.8818244e-05
-0.056509145
0.28075376
0.038457446
-0.022342514
0.046732817
0.02141309
0.0005264541
0.019755011
0.005237981
0.009459119
0.23987319
0.08829458
-0.04010107
0.107987106
0.040371537
-0.06859117
-0.08894012
-0.056809593
-0.11030455
0.30374563
0.15489267
-0.062578686
0.1452565
0.12949029
-0.0044641737
0.012269761
0.0004930534
0.031403117
-0.47067556
-0.07964104
0.022260549
-0.117576934
-0.000545226
0.16080497
0.2309831
0.0006785796
0.1861051
-0.1409195
-0.2110012
-0.045821834
-0.21220483
0.079359986
-0.036042385
-0.039914772
-0.052552983
-0.046892006
0.25978577
0.063289344
-0.052622374
0.107656315
0.043402
-0.028283212
-0.01776386
0.0004072203
-0.018172171
-0.22267072
-0.069294624
0.021565132
-0.08843728
-0.047110092
3.9616445e-08
2.2790964e-08
1.7278106e-08
3.547993e-08
6.845967e-08
-2.3833579e-08
7.515223e-08
-3.095857e-08
-2.109226e-08
0.07610884
-0.28362048
0.07652927
0.05688072
-0.24673536
0.07253924
0.08154029
-0.23017031
0.06671489
-0.016759533
-0.12336308
-0.10690519
0.17573906
0.06689674
-0.16877608
0.049341507
0.14766562
0.017345695
-0.019130578
0.0050904145
-0.019937357
0.031598497
0.29005313
0.10697263
-0.044367228
0.1149969
-0.01822859
0.0043329783
-0.07927328
0.034823548
0.08630874
0.020673342
0.03889379
0.06358797
0.16506943
0.065623775
-5.4365916e-09
-6.394107e-08
-1.7218342e-07
-8.0720184e-08
-9.845807e-08
-4.731174e-08
-1.9051932e-08
-3.102962e-08
-1.0172199e-07
0.03675356
0.046215564
0.04805802
-0.077239946
-0.42611614
-0.07791991
0.0076866187
0.013207531
-0.06359326
-0.062890396
-0.037733495
-0.053620815
-0.01756293
-0.049749453
-0.0542232
-0.049031895
-0.048613608
-0.10573505
-0.025385726
-0.08658114
-0.044992507
-0.103070304
0.004926663
-0.086171225
-0.07562169
-0.0742297
-0.11421169
-0.09119279
-0.18221077
-0.14614418
-0.15679203
0.75416195
-0.019550566
-0.13776308
0.012952278
-0.14254144
-1.2049543e-08
-5.5927114e-08
-2.2776284e-08
1.2055992e-08
1.7949572e-08
-4.4392895e-08
4.9745708e-08
4.1716337e-08
-6.436705e-08
0.14714743
0.35202563
0.11275558
-0.077269
-0.16894796
-0.16096514
-0.06760375
-0.17582496
-0.0063960003
-0.022641705
-0.039939843
-0.0156962
-0.03108207
-0.19346233
-0.1092821
-0.043165967
-0.055328034
-0.060296744
0.041029964
0.0722243
-0.066100895
-0.09310944
-0.34802195
-0.03216174
-0.033274353
0.34647578
0.084426545
0.05940724
0.1804026
0.108547665
0.11843878
0.0005619016
0.049682677
0.051018745
-0.07717089
-0.011154476
-0.04356472
-0.028509444
0.020207684
-0.19749653
0.0057557416
0.25576007
-0.11308195
-0.0051984796
0.11318536
-0.043344468
0.06453996
-0.02963338
0.04074743
0.18765755
0.090467244
-0.0132227745
0.09993514
0.006461833
0.013597995
-0.06531363
-0.015916415
-0.051368482
0.3582235
0.054233983
-0.0282354
0.100281924
-0.0118388785
-0.00053599506
-0.06613238
0.0025975287
-0.049946886
0.39389214
0.045152087
0.0077115134
0.04724025
0.022561805
-0.006821605
-0.15819137
-0.01833291
-0.10380182
-0.15603997
-0.14505777
0.08072159
0.38580546
0.14070408
0.02100263
0.118748285
-0.029169455
0.15170936
0.12924242
-0.08874783
0.001620296
-0.09352522
-0.23997268
-0.0343312
0.09994022
-0.013385852
0.15028426
0.3052187
-0.24264333
0.022888541
-0.08794375
-0.15467593
5.0960063e-09
-5.533069e-08
-1.59831e-07
-3.8507544e-08
-3.797443e-08
-9.158734e-08
-4.975192e-08
-4.338473e-08
-3.644457e-08
-0.007982746
-0.012547123
-0.01871778
-0.016093837
0.31964386
0.14839956
-0.010906356
0.14863424
-0.03813439
-0.07533514
0.0635951
-0.052006718
0.017560184
-0.23034656
-0.068819426
-0.04467718
-0.1034541
-0.046492912
0.007753701
-0.016940674
-0.093067855
-0.03734956
-0.09760057
-0.12083525
-0.025544075
-0.09279887
-0.11637933
-0.0031870883
-0.13060442
-0.104942895
-0.04606646
0.5589808
-0.1274199
-0.10627163
-0.0075716157
-0.06841374
-0.02494479
-0.047574025
-0.07232643
0.017732088
0.32875407
0.101024285
-0.11121184
0.06275347
0.0120310765
0.0058780937
0.15359278
0.08475766
-0.13950087
-0.2702588
-0.2763599
0.074897245
0.19069749
0.083829425
-0.106017984
-0.098671794
-0.16248204
-0.11233516
0.66110027
0.015700988
-0.15801536
0.03879545
-0.15390228
1.2981963e-07
1.485954e-08
-2.0550246e-08
1.1562244e-07
-6.90206e-08
-1.062048e-07
-7.823634e-08
1.6582039e-08
-1.04011136e-07
-0.07424321
0.06734722
-0.038533114
-0.00027730069
-0.2036946
-0.032472085
-0.018231887
-0.052040976
-0.03766108
7.6785284e-08
-7.786001e-08
4.8674956e-08
3.812754e-08
5.8670334e-08
2.2373595e-07
-1.4945644e-07
-1.6699668e-07
-1.600441e-08
-0.009293223
0.10679607
-0.02609569
0.06629824
0.09059031
0.06074271
0.017123496
0.079781756
0.043712668
9.564465e-09
1.5115123e-07
-2.7995827e-07
8.561155e-08
-3.6450822e-07
-1.2546532e-07
2.925313e-07
-7.01552e-08
-2.8090105e-07
0.051200844
-0.011626713
-0.02925997
0.021997493
0.44766927
0.052442618
-0.0749468
0.12361481
0.033288546
-0.010253999
-0.09649061
-0.026698403
-0.115304664
0.61173725
0.027597332
-0.047250308
0.060677517
-0.049384814
0.10870895
0.31384453
0.1574805
-0.04126966
-0.052838862
-0.059277635
-0.062025707
-0.24412344
-0.1315422
0.005730178
-0.09382453
-0.04910227
-0.082296394
0.5458201
0.124856815
-0.044746898
0.066853486
-0.028775962
0.13966928
0.31818494
0.17501773
-0.027256047
-0.072806075
-0.09282968
-0.050187115
-0.25238234
-0.1460858
0.06496833
0.32112485
0.16235101
-0.18137754
-0.069484174
-0.09233013
-0.039090514
-0.081931025
-0.09923131
0.035082612
-0.0071159983
0.050138142
-0.021590633
-0.46675932
-0.07664138
0.07774623
-0.12823778
0.009434723
-0.012884457
0.14050043
0.060123544
0.0703018
0.2265192
-0.013296257
-0.06252348
-0.28970644
-0.09365762
-0.06492885
-0.04451614
0.0416172
-0.022902813
0.35843632
0.0072962884
0.019159878
0.057815872
-0.13412954
-6.7061094e-08
-1.7717088e-07
1.4865866e-07
2.2769505e-07
-1.7875543e-07
-4.8966683e-08
2.1944383e-07
5.2390085e-08
-7.813918e-08
0.016010815
-0.23770218
-0.105728425
-0.057336666
0.56139505
-0.01713713
-0.08819315
-0.21841083
0.00078786846
0.008894608
-0.13171303
0.059195932
-0.0858506
-0.20580906
0.32763496
-0.05210358
-0.1481797
0.22816335
0.017592477
-0.11482654
0.0059308885
-0.0310356
0.34168372
0.06369069
0.012374248
-0.0034033055
-0.0125919655
-0.024029797
-0.032934166
-0.05289782
-0.076467596
0.29650223
0.17464228
-0.010654134
0.10258064
-0.043971553
-0.08907995
-0.069233894
0.03085874
0.113838315
-0.12717064
-0.27312538
-0.032764737
0.32757774
0.1265134
-0.06706821
-0.05598553
-0.015693055
-0.053872034
-0.036900092
-0.053600766
-0.039131932
-0.043865733
-0.10106458
-0.0059966967
0.14651835
0.11577759
-0.19378652
-0.04120778
0.24442255
-0.07652743
-0.26840973
0.013544579
0.041067097
-0.052001216
0.001486514
-0.034683555
0.35337722
0.09594248
0.020769114
0.09658446
0.015725942
5.33244e-08
-4.339557e-08
2.0642965e-08
-6.058544e-08
-5.9172933e-08
-3.8114468e-08
-4.663004e-08
8.917885e-09
6.248894e-08
-0.086616315
-0.04740211
-0.09664865
-0.039419174
0.4714228
0.05692743
-0.077538006
0.097994514
-0.09301359
-0.007577157
0.14312205
-0.041659515
0.119020544
-0.0221831
-0.3006755
-0.06508965
-0.27058446
0.13462828
-0.07230786
0.013013205
0.04645944
0.010410386
0.29510614
-0.21986896
0.07327885
-0.26069793
0.06144391
1.9440166e-07
2.4648355e-07
1.8728758e-07
3.865078e-07
8.398572e-08
1.1737927e-08
5.552478e-08
2.4104793e-07
-8.833761e-09
-0.03244162
-0.112135805
-0.066003785
-0.07820934
-0.19107366
-0.14170893
0.07847219
0.3152362
0.17669395
0.005871991
-0.01435045
-0.08634408
-0.04133087
0.31000805
0.09993664
-0.046509407
0.084446855
0.048379943
-0.08244169
-0.14415704
-0.0016868296
-0.1911883
-0.17129035
0.18601388
-0.043161135
0.13838711
0.23499097
0.003076726
-0.08064761
-0.061859537
-0.11308813
-0.07336388
0.40830034
0.15782464
0.07223477
-0.21781474
-0.017108217
-0.13376379
-0.060482822
-0.12442203
-0.2398563
0.019373963
-0.007582749
0.22790866
0.29822505
-0.037609227
0.0039327103
-0.04680408
-0.0390901
-0.19474712
-0.095864624
-0.015735565
-0.07730331
-0.02515322
0.020460766
-0.06433218
-0.09263339
-0.071284965
0.026485948
-0.110412285
-0.11705589
-0.05356677
-0.001216103
-0.033900958
0.02759463
-0.0059275595
0.0467039
-0.26884538
-0.12770525
0.014967469
-0.1270355
-0.008790667
-0.028230356
-0.017158428
-0.042275444
-0.030133845
-0.14609583
-0.08670654
-0.031066084
-0.14356825
-0.043100942
0.07298186
-0.054169357
0.08497582
0.01593782
-0.42099243
-0.0851186
0.09605892
-0.13821143
0.07133727
-0.0032887436
0.04545637
0.0043691946
0.038606312
-0.40582034
-0.10658423
0.027980072
-0.10222017
0.0039628944
0.012257349
0.015518364
-0.018727668
-0.034202322
0.57870686
-0.1054636
-0.02424753
-0.19137765
-0.037478928
0.01059195
-0.118757986
-0.056977496
-0.11157048
0.5204145
-0.15116242
-0.04553371
-0.087578334
-0.029990882
0.21714477
0.019799134
-0.082250305
0.08388762
-0.16535926
-0.14196923
-0.1090752
-0.1924137
0.47094542
0.012560342
-0.10345805
-0.026361989
-0.033430647
0.599717
0.03627064
-0.0458927
0.167049
-0.074586235
0.03819497
0.0406633
0.044087816
0.02970953
0.15728806
0.079211384
0.047667246
0.082357615
0.04190482
0.0042357794
-0.1603691
0.12327979
-0.09101381
-0.04950781
0.023681022
-0.1321094
0.3822372
-0.106071785
0.07674313
-0.009220245
0.066456474
-0.10504638
-0.4371877
-0.10416773
0.07864734
-0.10559296
0.009900706
0.12638581
-0.004940775
-0.038733937
0.3046159
-0.034228463
-0.2454668
0.1290386
-0.14305222
-0.10959983
0.0008828325
0.023309182
0.0094948495
-0.049551617
-0.29262814
-0.034585834
0.052902184
0.286537
0.014866223
0.024924072
0.03930799
-0.08980662
0.004752196
0.31553343
-0.28134355
-0.03660821
0.1488585
-0.10614206
0.055485364
0.0057126237
-0.039255507
0.33252388
-0.010345
-0.32604107
0.14850403
-0.06880858
-0.12329078
-0.010015065
-0.06459031
0.03511097
0.049086258
-0.20159627
0.27164122
0.011377596
-0.15367614
0.15170854
-0.026478097
-0.1078063
-0.04645177
-0.09286097
0.36170006
0.117632605
-0.0711483
0.081336975
-0.024697991
-0.082899846
0.025560914
-0.060410433
0.09380313
0.23226239
0.13196659
-0.05628614
0.1218665
0.005265287
0.017092494
-0.048393097
0.021128278
0.0144468555
0.2690637
0.09517518
-0.01809149
0.07124126
0.014949731
4.4930157e-08
-3.007147e-08
7.9133116e-08
5.83655e-09
-3.4379607e-08
1.4786559e-08
3.54398e-08
-5.212827e-08
4.678786e-08
0.03226127
0.008805688
0.07384782
0.048422474
0.13503265
0.09227594
0.06358419
0.05715465
0.11931879
0.011627924
0.038768433
-0.0032502522
0.0036686882
-0.38366157
-0.119206674
0.032723576
-0.12080227
0.033525947
-0.054807622
-0.086409494
-0.0882089
-0.06260851
0.12726954
-0.046777878
-0.07953209
-0.06055539
-0.11951979
-0.14796434
-0.0931453
-0.0024085368
0.124688275
0.4393591
0.086553074
-0.015324324
-0.04642055
-0.19518933
0.0048997058
-0.014640705
-0.0696611
-0.000235082
0.3724835
-0.2978817
-0.0064466065
-0.014738963
0.017302454
-0.04154072
0.055294342
-0.022672376
0.09187843
-0.50541097
0.07852301
0.009418862
-0.014390842
-0.0066025616
-0.03862754
-0.08584668
-0.05626115
-0.08084585
0.023574542
-0.07956412
-0.03519438
-0.07435268
-0.07341738
0.04621908
-0.00047816872
0.058522314
-0.012446908
-0.38579735
-0.13339655
0.04220799
-0.097270094
0.031987846
-0.0006588553
0.1220216
-0.0055401535
-0.12063439
0.17276405
0.15323548
-0.17240636
-0.19644228
0.059706103
-0.0022482998
-0.14555135
0.10154389
-0.12400211
-0.028689452
0.23650205
0.08610492
0.24244304
-0.34236884
-0.040490746
-0.14651872
-0.097207576
-0.0076476946
-0.20831798
-0.1964979
0.107985415
0.38988948
0.16839285
-0.04848867
-0.14390688
-0.02764158
-0.162919
-0.17835712
0.14847466
-0.027395563
0.20510171
0.23120813
-0.04124339
-0.16616847
-0.07723959
-0.12653308
0.5335519
-0.05320851
-0.08833271
-0.028300835
-0.07967986
-0.07272813
-0.033104345
-0.047945343
-0.07182131
-0.004099278
-0.09779359
-0.04954385
-0.10867611
-0.09332586
-1.0271395e-07
3.6010363e-08
-7.541684e-08
-4.0611987e-08
-5.690432e-09
-8.860899e-09
6.6390676e-08
-2.3656025e-08
1.077249e-08
-0.031751145
-0.2486283
-0.117807806
-0.045738272
-0.10371169
-0.021883518
0.044176914
0.37392783
0.14056729
0.041105352
-0.096052855
-0.049034294
0.32147822
-0.4043572
0.10855692
0.007471135
-0.041911695
-0.031266447
-0.0025256437
-0.11774495
-0.15959793
-0.12904379
0.59361446
-0.054685563
-0.14317653
-0.057453793
-0.074085034
-0.045276545
-0.024476483
-0.032825716
0.20735238
0.19427346
0.030760467
0.004481543
0.09374179
-0.016203124
-0.009451924
-0.093781576
-0.045980863
-0.006416115
0.41505814
0.084145024
-0.027555272
0.11122824
0.031552773
0.0006224465
-0.049439445
0.03937143
0.44676116
0.046471555
-0.3471906
0.102838814
-0.13246943
-0.09155055
-0.072434194
0.0066350945
-0.04045522
-0.0034906184
0.26763982
0.04688905
-0.06511682
0.18541802
-0.018777166
-0.05479583
-0.066724256
-0.08853247
-0.07756267
0.055433057
-0.08346372
-0.066943206
-0.08831609
-0.09895655
0.022123236
0.11497205
-0.15262698
-0.0674229
0.3933881
-0.08233926
-0.16406722
0.0505926
0.08771673
0.031565223
0.046397764
-0.13684891
-0.06073748
0.3217991
0.072785795
-0.07499524
-0.061802387
0.08312977
-0.033606097
-0.01593741
-0.031751864
-0.029043432
0.29618263
0.104927495
-0.02322906
0.08702004
0.0055137784
-0.034850076
0.006043712
0.0028892956
0.005342194
0.22006615
0.10749355
0.00821101
0.08036549
0.024839755
0.010310721
0.0110506965
-0.0019102975
-0.04333082
0.3696023
0.07338545
-0.0484275
0.13563195
-0.015881583
-0.051376063
-0.20524193
-0.052556597
0.025786906
-0.14624745
-0.15802181
0.10836683
0.3617736
0.12826936
-0.06900785
-0.032138597
-0.019579785
-0.018173404
-0.097395465
-0.08808386
-0.086284414
-0.05265287
-0.07871029
1.1939046e-08
2.7229195e-08
-2.2600117e-08
-3.2672084e-08
4.6523677e-08
2.9038334e-08
-2.3484914e-08
-5.9071564e-08
-6.50796e-08
-0.034013312
-0.038345005
-0.06744554
-0.06695623
0.40093508
0.06406774
-0.03757604
0.07906917
-0.016822524
-0.034812827
-0.084577665
-0.090830274
-0.089428574
0.045402937
-0.10447317
-0.059575576
-0.10186016
-0.08321356
-0.07549067
0.20347182
-0.003771807
0.11539744
-0.58291435
0.20712556
0.032199632
0.12119177
-0.058284845
-0.03743307
-0.05385322
-0.040502
-0.02799606
0.39371923
0.06637425
-0.03760502
0.064705245
-0.016658206
-0.11081649
-0.14964327
0.022709351
-0.21155149
-0.10476878
0.21030532
-0.050024867
0.10865008
0.23374258
-0.0032648537
-0.07219223
-0.021671627
-0.03271435
0.5016771
0.0458978
-0.043013632
0.021321708
-0.012702753
0.036906544
0.044703737
0.056984615
-0.09572208
-0.3471961
-0.20498304
0.029474651
-0.03144464
0.046015687
-0.088287964
-0.04882984
-0.11690833
-0.041238267
0.06479206
-0.016491227
-0.11136887
-0.052068964
-0.14195418
-0.022211596
-0.011090157
-0.038312458
0.018190842
0.3471608
0.06384871
-0.037249524
0.16635713
-0.004334654
0.058806803
-0.18025875
-0.04485168
-0.13647442
0.52484465
-0.15702784
-0.06097781
-0.19369636
0.04874228
-0.029177189
-0.07758806
0.074152835
-0.1888631
-0.14702618
0.35154712
-0.04430098
-0.21537533
0.18665956
-0.009223701
-0.12478475
-0.04997446
-0.095219724
0.6323771
0.032117296
-0.08452782
-0.0043215654
-0.035221886
-0.022122875
-0.18098511
-0.06522368
-0.15600935
0.5449137
-0.08646856
-0.07117864
-0.08794277
-0.09016265
-0.054433893
0.005679717
-0.043648727
0.02788075
0.29460567
0.09949502
-0.05384514
0.10566981
-0.014213573
-0.004144124
-0.23152709
-0.07576835
-0.060320072
-0.1524357
-0.13556841
0.052612662
0.41267702
0.18470322
-0.012991383
0.122485265
0.046982143
-0.15278909
0.12627238
0.34731737
-0.021867054
-0.3572854
-0.067076534
-0.0026476583
-0.15279551
-0.025976738
-0.06843281
-0.138116
-0.19387154
0.053647563
0.3177948
0.16714858
0.0056589767
0.022952953
0.00863071
0.058991265
0.13501953
0.108720645
0.029385433
0.10801073
0.05928089
-0.011469137
-0.04493024
-0.025368895
-0.012778812
0.37222114
0.08461429
-0.04107448
0.07879996
-0.017011438
0.025904441
0.004203815
-0.057473753
0.033677336
0.2720434
-0.03951165
-0.10671964
0.09467814
0.09242723
-0.0069639324
-0.0043404927
-0.081748426
-0.08040124
-0.18811285
-0.060576566
0.026255144
0.2745757
0.17356072
0.03773315
0.5094357
0.07107626
-0.061958373
-0.15874246
-0.08679432
-0.013172908
-0.25490588
-0.01930977
-0.028063267
0.0089651095
-0.030109907
0.020415863
-0.21958274
-0.08134874
-0.04492447
-0.07278986
-0.06383175
-0.009129898
-0.060575895
0.0007450263
-0.013068686
-0.19340959
-0.09317073
-0.027052395
-0.08858164
-0.10995205
-0.018289687
-0.141724
-0.048442315
-0.15562122
0.5443679
-0.072570466
-0.056857754
-0.0369239
-0.06939302
9.350769e-09
6.0036056e-09
-1.8108128e-08
5.0953144e-08
-6.188594e-08
-6.9206266e-08
2.99579e-08
-6.567231e-08
-1.3530863e-08
-0.03569373
-0.017824445
-0.0436769
0.017599793
0.29926297
0.10310216
-0.042147532
0.11816466
-0.013283305
0.009749303
0.064798266
0.012179357
-0.031872902
-0.30595624
-0.08831883
0.022215214
-0.1083505
0.006155103
-0.010049881
0.03442762
0.012602942
0.049909353
0.12880066
0.09890017
0.012946644
0.06952595
0.0704834
-0.028309975
-0.08355173
0.06775842
-0.02735173
0.4367372
-0.21578471
0.016759316
-0.24744006
0.017510906
0.0391618
-0.034444124
0.0026810325
-0.16944587
0.0520879
-0.16213436
-0.07317947
-0.0034920885
-0.045581594
-0.0069821305
-0.16136093
0.007982419
0.12046204
-0.16676466
-0.19363213
0.2016517
0.2046579
-0.06617412
-0.030006409
-0.10780233
-0.20643836
0.104417495
0.22128412
-0.07437018
0.023538874
0.13141492
0.040153958
-0.02432396
-0.0076595712
-0.021855297
-0.013056774
0.3125253
0.049725007
-0.019297048
0.069651924
-0.015261731
-0.034837916
0.00713871
-0.0022957649
0.0054326756
-0.3308351
-0.03499311
0.045566313
-0.13780786
-0.042468537
-0.011791621
-0.1616517
0.028907286
-0.05168226
0.39555725
0.07546701
0.01786788
-0.091458075
-0.17831625
3.252536e-08
1.3295542e-08
1.6764584e-08
1.7777829e-08
-3.3752592e-08
2.0915165e-09
-1.795072e-08
3.0559953e-08
1.5742131e-08
-6.973043e-08
-6.290438e-08
-5.9331953e-08
-4.548982e-08
-2.8033236e-08
-4.530558e-08
-2.3149433e-08
-2.768816e-08
3.6222232e-08
-0.12034374
-0.06807074
0.19645448
-0.10965274
0.2779474
-0.007886909
0.1681718
0.08671013
-0.22701506
0.031877473
-0.016954774
0.04740403
-0.015456016
-0.3129231
-0.10436055
0.05091733
-0.13000579
0.01853201
-0.045190416
0.09205173
0.045045417
0.08520604
0.26883286
-0.11370364
0.07046938
-0.09108137
-0.19996583
-0.0046051424
-0.16282211
-0.08962793
-0.1490064
0.43546838
-0.18671559
-0.07310414
-0.13207264
-0.11515976
-0.028094424
0.07012596
-0.008076183
0.042134304
-0.35576385
-0.06999497
0.011197181
-0.102437995
0.005815253
0.071123116
-0.047798295
0.057452388
-0.0191974
-0.4454631
-0.21003519
0.04291429
-0.17707708
0.068363346
0.0010914986
-0.07661536
-0.029779773
0.07588139
0.23003417
0.17940131
-0.06545394
-0.10292002
-0.08552664
-0.047610067
-0.053302653
0.03389297
0.13077036
0.19575126
0.004036224
-0.14753987
0.01017641
0.13199808
7.723259e-08
-2.7085052e-08
1.156829e-09
-6.618749e-08
-5.0135074e-09
6.210397e-08
-7.788966e-08
-3.9348656e-08
2.8516817e-08
-0.002626058
0.12020661
0.09828777
-0.15214685
-0.031924114
0.3105821
-0.09077162
-0.30097088
0.036592484
0.10809483
-0.13932982
-0.07885117
0.14612406
-0.2144697
0.045618437
0.042076174
-0.28834605
0.15188038
-0.0021905173
0.011099477
-0.022940567
-0.00836071
0.21657509
0.11093934
-0.015350641
0.079428576
0.047403526
0.034483362
-0.019770471
-0.14862391
0.12724003
0.21768312
-0.2550747
0.00030556213
0.16586943
-0.09669757
-0.02280394
-0.052797515
-0.07265527
-0.03659444
-0.07918651
-0.060381692
-0.050211627
-0.05841479
-0.07202946
0.036303278
-0.13293435
-0.05407335
-0.13585863
0.5296564
-0.17551276
-0.06609123
-0.1631012
0.10705592
-2.908894e-08
1.4393526e-09
-4.091572e-08
-4.6615963e-08
1.38186085e-08
5.0305333e-09
-4.8139306e-09
-9.034726e-09
-4.2425473e-08
0.011073356
-0.08634712
-0.023825813
-0.0862806
0.40070325
0.04340359
-0.012221825
0.05383843
-0.017094038
-0.019565638
-0.10021957
-0.07284298
-0.067361705
0.2544289
0.08614381
-0.07738679
0.050479587
0.016744263
-0.018362084
0.03460941
0.04471702
-0.17652242
0.30262223
-0.13873655
0.012892812
0.1519938
-0.14533272
-0.06765828
-0.0907922
-0.086761035
-0.10551348
0.6023159
-0.04008331
-0.067634806
-0.04597026
-0.03696235
-0.059139688
-0.034921534
-0.05632837
-0.012550012
0.41521806
0.0869561
-0.044673644
0.11366438
-0.033661846
0.0049321447
0.22021529
-0.15830298
-0.16093227
0.0074404995
0.25678408
0.040886667
-0.23318198
0.082672365
0.057022966
0.0010069355
-0.03904928
0.007172658
0.39678362
0.06278691
-0.036908384
0.08247354
0.06700359
-0.01837872
-0.10909952
0.035399996
-0.089794144
-0.1032773
0.279951
-0.106827766
-0.033586822
0.19162555
-0.047544442
-0.013349504
0.1181118
-0.21607806
-0.054630835
0.30845284
-0.12287329
-0.14885752
0.13873917
-0.07648904
-0.15823051
-0.07007542
-0.07455458
0.29015282
0.06491612
-0.07739845
0.109392375
0.05143141
-0.012699596
0.084000945
0.007587768
-0.06811408
-0.23720315
-0.15661779
0.03389064
0.19857831
0.15311272
-0.16510165
-0.095523864
0.20769894
-0.044929083
-0.04614035
0.1145588
0.21290912
0.12433758
-0.3420364
-0.05749311
0.0023763205
-0.014841168
-0.0063287946
0.27782828
0.035901546
-0.0060428423
0.12771946
-0.025399245
-0.00045229628
-0.036114767
0.015193576
-0.010144514
-0.22895302
-0.15033801
-0.057871275
-0.09942429
0.0057888217
0.09901646
0.03250159
0.14709081
0.048484065
-0.19228807
-0.01643922
0.11079352
0.02642525
0.15019567
0.03330957
-0.04502556
-0.029199565
0.028967492
0.29656664
0.12007105
-0.072337486
-0.2628207
-0.07302941
-0.026960298
0.0013873474
-0.053175684
-0.03263496
-0.11823522
-0.074333064
-0.05844609
-0.06091475
-0.07278715
-0.013208215
-0.059474643
0.0013778533
0.12181789
-0.26959708
0.18393372
0.02147587
-0.14188777
0.101739466
-0.013774376
0.024065074
-0.01830028
-0.27400753
-0.14650096
0.5400807
-0.012033639
-0.19948421
0.12315772
0.0022058
0.16474159
0.0010409474
-0.022733891
0.25548238
0.005630041
-0.034897145
-0.32664344
-0.10650378
0.09773298
0.12834097
0.10789514
0.09099108
-0.69971716
-0.06555951
0.13367559
-0.05105378
0.13975336
0.013867671
-0.08638121
-0.052955057
-0.0653653
0.41526842
0.010411757
-0.04863791
0.097435705
0.054072093
-0.02221777
0.012223988
-0.008063221
0.0239704
0.18448617
0.10928865
-0.005601819
0.12061139
0.01891309
0.03360179
-0.038332716
-0.075678855
-0.097645275
0.40319908
-0.21350715
-0.11813156
0.18824904
-0.021800898
-0.026901612
0.014685356
-0.047263775
0.06693448
0.2716762
0.24052031
0.0084954025
0.046033148
-0.034280106
-0.0030977232
-0.010507034
-0.09858865
-0.091601275
0.39272442
-0.06489423
-0.14603664
-0.047760427
0.07060992
-0.031900704
0.07458582
-0.03230649
-0.09315569
0.4374028
-0.25975263
0.012268896
-0.016560264
0.011252458
-0.007099684
0.12049221
0.016420808
0.059541844
0.40581182
-0.18034448
0.03284362
-0.24100183
-0.16977805
-0.01860078
-0.06299741
0.000586798
-0.031646866
0.35989955
0.02848672
-0.026899587
0.069410585
0.013101127
-0.008585026
-0.16524045
-0.058480922
-0.1616165
0.41847232
0.025595471
-0.09272693
0.077093065
-0.019862441
-0.06278843
-0.06466736
-0.028717298
-0.04487164
0.36616358
0.15497105
0.0016251304
0.09335695
-0.103305675
-0.04389089
-0.05435809
-0.066987604
0.026992911
0.2975851
0.16159262
-0.040309574
0.06883292
-0.0072874227
-0.0837178
-0.02124639
-0.020427695
-0.03551138
0.3643768
0.08011287
-0.015220753
0.10740541
-0.07487572
0.056164935
-0.0058888798
0.044436216
-0.04585144
-0.34272718
-0.11099595
0.07272178
-0.15715484
0.027098522
0.010609156
-0.13467155
0.040513255
-0.037495233
-0.35109326
-0.1819239
0.010133805
0.56538266
0.09078597
-0.057492826
-0.07818886
-0.020167071
0.10436891
-0.060737744
-0.20009115
0.029688658
0.25293413
0.100763105
0.13654533
-0.12228915
-0.054419633
0.2873978
-0.09952677
-0.16155383
0.17282198
-0.19895992
-0.06134844
0.049584534
0.18162745
0.11044446
-0.014741399
-0.014556016
0.13226148
-0.029175343
-0.15532956
-0.00010957516
0.0071487436
-0.021621209
0.0055814288
-0.07757864
-0.1543705
-0.14669353
-0.0017631776
-0.09906875
-0.045678023
-0.012293184
-0.02602751
-0.023295091
-0.08176635
-0.089033686
-0.08441155
-0.025818478
-0.09125618
-0.17368141
-0.06687205
-0.17535904
-0.07902362
-0.1314538
0.8005934
-0.043161083
-0.1120412
0.009259402
-0.10431534
-0.036291797
-0.057491694
-0.07419436
0.07429866
0.37231568
0.093934976
-0.08417804
-0.06836836
-0.06673531
-0.03483657
-0.07655118
-0.038662292
-0.054333773
0.37302038
0.056240577
-0.029431377
0.032595325
-0.013448108
-0.055160467
-0.0034086518
-0.056921236
-0.0152091645
-0.12528284
-0.043479573
-0.07339074
-0.06254202
-0.1250805
-0.0066976743
0.0018589176
0.023776446
0.007834199
-0.43486226
-0.11633105
0.010198727
-0.047194585
-0.020205876
3.0740054e-08
5.2367636e-08
-6.262524e-08
-4.077396e-08
2.7230955e-08
6.183044e-08
-4.7305935e-08
2.532588e-08
-2.0071086e-08
0.008598984
0.2456184
0.08016996
0.082857326
-0.57093805
0.030359095
0.09378693
0.10468112
0.10379332
-0.08433628
-0.0029311245
-0.031901263
0.059616357
0.3035797
0.09990769
-0.07387364
0.16400519
0.0048313485
0.009707588
-0.16340746
-0.028460633
0.16993663
-0.043523137
-0.22991483
0.12629957
0.2600884
-0.09886467
-0.09123529
-0.05224904
-0.033213943
0.34363693
-0.27667612
0.26172754
0.08501572
-0.34638616
0.08515846
0.04289473
0.025902899
0.07359164
0.07532805
0.20990278
-0.07646277
0.0482447
0.052559238
-0.030079182
0.0039245496
0.018298123
0.027331691
-0.105979934
0.12867841
0.2750455
-0.12493798
-0.009266103
0.068709195
-0.0004327113
-0.013947075
0.017395126
0.01274312
-0.2998063
-0.08403622
-0.005988997
-0.08991658
-0.045864154
0.016059631
-0.032766573
0.05248505
-0.16173084
0.3396517
-0.037963297
-0.009877051
0.11602991
-0.12138433
-0.025401099
0.032659855
-0.036096014
0.011143169
0.2602084
0.04082345
-0.023380933
0.2570275
-0.004120177
-0.033100132
-0.029423703
0.03462085
-0.053564325
0.32668668
0.068541184
0.039473936
0.10566961
-0.1027631
-0.01781222
-0.11847971
-0.07032452
-0.07161173
0.45179975
0.056227222
-0.08518686
0.13447627
-0.027567953
0.017069003
0.031523086
0.02950401
0.33508217
-0.5162044
0.23422863
0.07005954
-0.114240065
0.0974012
0.08083497
-0.09606246
-0.04215247
0.32215598
-0.048277315
-0.30436212
0.15984249
0.019488936
-0.10783263
