0.13138881
0.18691474
0.19218718
0.17594077
0.10757519
0.11946361
0.11442022
0.12895326
0.23826204
8.555552e-07
0.14249608
0.24006362
1.3889575e-06
0.22298394
0.13773207
0.16094539
0.1559894
0.17286287
0.12396853
0.14408766
0.18409692
0.22746699
0.23361784
0.115202144
0.19410053
0.13673626
0.19425657
0.20828375
0.1758783
0.106418826
0.20994139
0.2245608
0.15288194
0.20630793
0.13525334
0.18764836
0.21857417
0.20043753
0.3208293
0.115311354
0.18168032
0.20632385
0.17010088
0.14573254
0.15096112
0.264781
0.2512034
0.25595868
0.1622892
0.18215275
0.1603693
0.16780066
0.16905877
0.10578603
0.1353173
0.21538338
0.19015266
0.2378203
0.10989009
0.00019407751
0.21481109
0.14329202
0.16814977
0.1909598
0.11752281
0.1761773
0.13885123
0.26387736
0.12652567
0.15443692
0.12739474
0.1687448
0.47573233
0.1906813
0.22545533
0.13051388
0.27692643
0.14841649
0.17088428
0.11463996
0.15345652
0.1906615
0.113323115
0.35809368
0.17541471
0.121986836
0.14680797
0.22503713
0.18482038
0.28062168
0.20673756
0.1164592
0.13892335
0.11488412
0.12883714
0.19542564
0.115522295
0.17842652
0.31818834
0.14717488
0.23526151
0.20282446
0.2784785
0.16538349
0.17458372
0.11703855
0.18965231
0.1671475
0.12048449
0.18115607
0.18755293
0.21022095
0.20168354
0.17811543
0.19501567
0.1133609
0.12022322
0.124154165
0.17868419
0.16529685
0.14043386
1.4362618e-06
0.17542334
0.16963907
0.13696556
0.16173401
0.17546523
0.13722134
0.13054569
2.0441971e-06
0.24770051
0.18636878
0.30774012
0.16104533
0.23066139
0.13684058
0.17638214
0.16909933
0.19483264
0.15505125
0.11315758
0.12776002
0.09643185
0.15099037
0.17523946
0.28004625
0.16754918
0.17216629
0.120028846
0.20153104
0.27856156
0.20905216
0.19076009
0.23661788
0.18246433
0.24073017
0.15328547
0.1518164
0.13027173
0.11311839
0.112030156
0.60277367
0.25431737
0.17684083
0.30784395
0.2752686
0.15665041
0.21289486
0.11748924
0.15246184
1.679733e-06
0.1435093
8.327827e-08
0.12506124
0.20812917
0.21024452
0.14589457
0.11710994
0.19682725
0.24631771
0.18898161
0.17910647
0.12849292
0.32150838
0.15667917
0.23172615
0.33658677
0.31808838
0.12650014
0.2371849
0.16175167
0.14760502
0.2528089
0.23423587
0.12991783
0.16827984
0.43782642
0.19332123
0.27131125
0.14798543
0.27242607
0.16528028
0.19201227
0.11558098
1.6169686e-06
0.11653925
0.1412281
0.28041387
0.18849128
3.2004261e-06
0.19047175
0.19806765
0.24078739
0.16737093
0.26190737
0.10832778
0.1551606
0.17514344
0.32831624
2.8781185e-06
0.35672858
0.21513808
0.29054123
0.15098903
0.30448323
0.3291279
0.4013124
0.11383143
0.2211064
0.11184937
0.1976355
0.3090221
0.18994233
1.7727351e-09
0.21437381
0.12447431
0.11280391
0.10844384
0.17162678
0.17635357
0.296651
0.23862699
0.14705363
0.13288446
0.14591584
0.18862203
0.17986384
0.33421957
0.23157221
0.12433675
0.21604879
0.347479
0.18775392
0.16245773
0.14998332
0.39117217
0.19796002
0.19116664
0.2003455
0.17526089
0.13414288
0.11702716
0.18358155
0.2536159
0.19516425
0.19814155
0.20812263
0.11293893
0.1378997
0.28722662
0.22393027
0.20882612
0.22496244
0.19284165
0.23296557
0.23378226
0.2580573
0.20086974
0.27352908
0.17948563
0.16049972
0.10742989
0.26847205
2.8546156e-08
0.15035677
0.14181988
0.15743087
0.15377009
1.4383261e-06
0.12914622
0.106696256
0.11600595
0.18856624
0.123737544
0.1181315
0.16974667
0.26889175
0.1545567
0.21252237
0.23726352
0.26485786
0.1765516
0.13312395
0.14649001
0.20891662
0.23843709
0.11657715
0.3261227
0.14332432
0.19519699
0.6588997
0.14612867
0.19243579
5.9741683e-06
0.112876445
0.21196252
0.15713084
0.123747535
0.20940323
0.17855181
0.15907735
0.19647595
0.24116635
0.12899208
0.1381124
0.21184349
0.24127443
0.24862525
0.13569866
0.57580066
0.13161373
0.2279151
0.3229127
0.11740532
0.15604019
7.206089e-09
0.1385792
0.14929593
0.15093674
0.15181836
0.19503798
0.14723033
0.24296111
0.17262629
0.2013819
0.13285032
0.1955909
0.15437017
0.17428264
0.16710986
0.32292125
0.17260225
0.2098776
0.2191097
0.14028835
4.5108375e-10
0.22515847
0.2000479
0.15280059
0.21258774
2.8451016e-06
0.17935729
0.17677797
0.17626183
0.29190427
0.23769292
0.18600345
0.121563666
0.16440602
0.16549994
8.569575e-09
0.18345775
0.10697001
0.26733536
0.12792712
2.8925788e-08
0.15991825
0.25085053
0.17036879
0.13385142
0.39134666
0.19662133
0.15573142
0.25950485
0.14269806
0.1406236
0.16584378
0.28306764
0.18734951
0.28671807
0.15411067
0.1552455
0.1730514
0.17972155
0.31110546
0.1966548
0.1685767
0.14144626
2.786713e-07
0.21202953
6.945574e-08
0.20100328
0.2720301
0.21540074
0.24010304
0.19887075
0.17258437
0.25885594
0.25514036
0.13684855
0.16657454
0.20434946
0.21085647
0.34790164
0.22834036
0.21659271
0.1679849
0.12057873
0.2513449
0.13855152
0.21119249
0.12046068
0.22934964
0.409368
0.20576736
0.10763805
0.2736033
0.13794258
0.14490646
0.20446032
0.38232714
0.11957886
0.14851882
0.21336152
0.17685139
0.12720314
0.2848497
0.25988784
0.29174066
0.15264522
0.19929625
0.18681544
0.1411559
0.14013793
0.20911999
0.17444594
0.19734715
0.2911553
0.16463508
0.18987311
0.11441512
0.16318391
1.3985635e-05
0.23030816
0.16232954
0.17015298
0.33397904
0.12656908
0.2504346
0.19588858
0.18041342
0.16518085
0.10074726
8.2171744e-07
2.4757996e-06
0.16400923
0.14834858
0.17975575
0.17722148
0.14357628
0.21831767
2.2792017e-06
0.27047655
0.15114795
0.18041165
0.11261897
0.11604914
3.285298e-05
0.2282266
0.1770614
0.20530659
0.14249423
0.15322705
0.21066208
0.1197685
0.22128825
0.13524303
0.22534265
0.14736316
0.22275905
1.1900116e-06
0.28796223
0.25734055
0.14345784
0.16184354
6.3379315e-07
0.18434143
0.12956038
0.13993913
0.120271094
0.17382237
0.21495542
0.15714248
0.14384396
3.9223037e-06
0.14208587
0.14706293
0.26979518
0.19806106
0.36489475
0.14151956
0.37293717
