0.012227419
0.04890794
0.029197479
0.2738815
0.049900703
0.015072145
0.03033658
0.027736494
0.022534074
0.028051067
0.11975597
0.011304254
0.16681808
0.10772987
0.30011508
0.08827257
0.028455961
0.025856644
0.033523835
0.016215906
0.016866364
0.058263592
0.03535855
0.03958401
0.02849545
0.045575857
0.07135625
0.065875456
0.11855296
0.032969538
1.6549284e-13
0.02501985
0.05964998
0.07208161
0.08716542
0.036252085
0.02133877
0.08534111
0.09455816
0.23099111
0.022911245
0.22142452
0.05654553
0.07494681
0.02819534
0.016589819
0.18852429
0.030975372
0.03231479
0.059172805
0.076426074
0.042899143
0.022315219
0.03555635
0.09671434
0.036813173
0.026356338
0.03785345
0.0791913
0.143136
0.11113889
0.01921558
3.3475395e-13
0.079864234
0.026459059
0.021815775
0.032803766
0.17846857
0.03818623
0.03693681
0.1525766
0.052918736
0.085515074
0.07041182
0.025586817
0.0460766
1.4376978e-13
0.08408383
0.10645346
0.039841007
0.025663733
0.07149275
0.068468854
0.057355244
0.3328202
0.021740252
1.5076945e-13
0.056051802
0.060328208
0.072147794
0.023601811
0.04341519
0.13724509
0.02341834
0.022743843
0.019276345
0.022779375
0.05279059
0.019944876
0.043183267
0.0417774
0.07324488
0.040570345
0.09735581
0.03813353
0.042174283
0.071030274
1.7468396e-13
0.043406468
0.026630087
0.060218386
0.034387115
0.025477415
0.06014577
0.19304498
0.014136814
2.2219967e-13
0.063304305
0.07017746
0.06595153
0.031510673
0.0935263
0.038339145
0.088841945
0.10352316
0.21771131
0.08375919
0.059487008
