0.014109245
-0.011763674
-0.08377167
-0.016804222
0.19954757
0.09684062
0.15610579
0.04910585
-5.157187e-07
-0.043058358
-0.112997085
0.017176123
-0.014796922
-0.047178097
0.21522065
0.05464222
-0.09679629
-0.0076840413
-0.034027506
-0.0036955075
-0.027871693
-0.050573077
-1.9601467e-09
0.12440527
-0.03611857
0.08490348
0.14323708
-0.090234295
-8.66936e-05
-0.04719578
-5.8056884e-08
-9.77581e-12
-0.036746904
-0.07519751
-0.057247758
0.1207686
-6.7181127e-06
0.22734109
-0.01997562
0.015365426
-0.009252789
-0.07703014
-0.00864001
-0.13480073
-0.04501612
0.22011018
0.15220286
-0.03811224
-0.00754103
-0.07615064
-0.023340879
-0.020718295
-0.06639166
-0.092562035
0.056461185
-0.09547831
-0.008938731
-0.02864953
0.0020946132
0.053850804
0.13032918
0.023184698
0.014860729
-0.0009145449
-0.005466119
-0.05230567
-0.06069293
-0.07263703
0.11239831
-0.07112737
0.009499377
-0.0950796
-0.06274224
-0.027178807
-0.08868621
-9.8978585e-09
0.13620365
0.002767451
0.042031653
-0.028879993
-0.012043469
-0.046371292
-0.005416363
0.06313318
0.15395093
-0.07105182
1.9976103e-10
-0.032108862
0.025301233
0.0077631203
0.14695515
0.14160964
-0.052016653
-0.09890211
-0.049111724
0.15480949
0.0031234259
-0.048409954
0.20842217
0.17492783
-0.003673912
0.08209946
0.21737051
0.12985437
-0.018933045
0.13291113
0.03916192
0.22394644
0.007228421
-0.04992784
-0.022167118
0.21279229
-0.082117476
0.22065884
0.09291825
-0.031333048
0.1814773
-0.057967875
-0.06534451
-0.10682795
-0.00684609
-1.6665208e-06
-0.0017078219
0.08004122
-0.030057874
0.018928835
-1.2347898e-07
-0.22796662
-0.097892575
-0.08002931
-0.017990787
-0.16827361
-0.0037802376
0.08832314
0.032611154
-0.04358328
0.21744947
0.09083942
0.031600058
-0.17605916
0.10613378
0.04115975
-0.072954826
0.114895575
-3.3785984e-08
0.10277965
-0.127085
0.015512084
0.1402996
0.11701483
-1.115641e-05
0.092247054
-0.0028632013
-1.6564373e-06
-0.3026316
-0.056499895
-0.07409776
0.17335132
0.12709156
-0.072451115
0.055101357
-0.020225842
-8.480929e-10
0.09264612
-0.049831375
0.06526688
-0.19506525
-0.009436228
0.028210457
-0.031594526
-2.6185523e-08
-0.07177201
-0.04365911
-0.008338282
-0.055500448
0.101811916
-0.09404454
0.043629482
0.14806448
0.12654272
-0.021535512
0.032495458
-0.039818637
0.06314583
-0.017099164
-0.04698218
0.02490538
-0.13585699
-0.024858728
0.008342445
0.02184911
0.07226037
0.0069770236
0.0944199
-0.087996595
-0.01132857
-0.015051887
0.06822548
-0.044994887
-0.047942396
0.0133356
-0.011207313
-0.009442944
-0.00023790932
-0.05479686
-0.04570563
-0.0982919
-0.0069323443
0.15927128
0.07832173
-0.025147486
0.051190775
-0.024409812
0.017539613
-0.072100416
0.19174646
-0.027036544
-1.5058477e-07
-0.0003716783
-9.795376e-08
0.14035255
-0.0105599305
-0.022450948
0.09116495
-0.020833004
0.098184116
-0.027359098
0.090594895
-0.054178238
0.10625087
0.057307657
-4.1922615e-07
-0.029140217
0.018999135
-0.04936408
-0.018615432
-0.012606195
-0.120048136
-0.08194807
0.038263008
-0.064990595
0.22193754
-0.032693814
-0.062481802
-0.036439944
-2.8266397e-13
-0.012910233
0.077610955
-0.033135574
-0.09539843
-0.099741854
0.009529971
-0.011812222
0.027218947
-0.065160364
0.009462651
-0.116655484
-1.0506653e-09
-0.035597
0.07499516
0.017307688
-0.03437304
-0.013919904
-0.04243189
0.16544537
-0.088642985
0.09371197
0.0703369
-0.065228164
-0.029396543
-0.014503484
-0.064796686
-0.012435973
-0.037320305
-0.028957298
0.049376663
-0.033274576
-0.08123918
0.07952032
-0.065270245
-0.091925584
0.18423155
-0.12331174
-0.00661384
0.031016324
-0.03472285
0.00054822705
-0.055938326
0.014478883
-4.6308553e-08
0.16935942
-0.092520945
0.16159184
-0.09962292
-0.0043440997
-0.015163822
-0.031397883
-0.001281021
0.12790811
-0.0618478
0.010003871
0.12611537
-0.024034591
-3.0889318e-08
-0.082976155
0.019176513
0.055462096
-0.08688871
0.02926264
-0.048629913
-0.011004812
-2.4875646e-08
-4.9792716e-06
-7.392894e-11
-0.0065864665
0.06589075
0.07501791
-0.06432813
-0.072716996
0.05058723
-0.06574415
-0.05858921
0.06172927
0.008885452
0.0458936
-0.091079235
-0.012010651
-0.06530022
-0.11447483
-0.09542593
-0.026321163
0.21158987
-0.0268407
-0.032882906
0.12677188
-0.11758927
-0.1190197
-0.07937515
0.1250095
-0.03683893
-0.058247995
-0.100646965
0.081532694
0.017562896
-0.111693196
-7.14425e-08
-0.059184812
-0.08926238
-0.011214783
-0.08282574
0.20120807
-0.052803583
-0.025291245
-0.009531616
-0.110575944
0.02989364
-0.0693406
-0.062071193
-0.03727551
0.021545071
-0.07017123
-0.011343105
0.05505932
-0.01338827
0.037005965
-0.052425526
-0.05406149
-0.08502835
0.09076622
0.048106384
0.024974305
-1.6417533e-06
-0.092933476
-0.07564001
0.16738452
-0.027638111
0.07224118
0.17119493
-0.028968094
-0.031446707
-0.056530997
0.052503776
0.016520089
0.010735367
-0.005496219
-0.05268595
-4.6517915e-11
0.04564787
-0.040479872
-0.011767128
6.5474747e-13
-0.014969408
0.06944828
-5.260402e-08
-0.032745477
0.019711891
-0.033015687
-0.020952856
0.012590806
-0.05668841
-0.009148849
-1.2219292e-06
0.0031522748
-0.07272378
0.117551245
-0.06569229
-0.06558843
-0.013678662
0.030622227
-0.034480102
-0.031819977
-0.102656126
-0.00046797044
0.015374924
-0.004191029
-0.07766053
-0.12638862
8.817786e-05
0.10491284
-0.029760862
-0.016111868
0.017872728
-0.013051619
0.16542953
0.15265448
-0.04725066
-0.06981342
-0.07240069
-0.030328741
0.04044956
-0.071225576
-0.026003614
0.08961605
-0.032727975
0.1853442
0.07061984
0.20313099
-0.0012857484
-0.075863644
0.091241926
0.20635003
-2.6352374e-09
-0.027879901
-0.023497736
0.028400173
0.19184963
-0.043757636
-9.35811e-06
0.07594404
0.034942027
0.20195577
0.21078981
-0.04797122
-0.09462405
-0.0138868615
-0.10148233
-0.015032953
-0.08071814
-0.04305004
-0.062072843
-0.09533403
0.14650331
0.014447037
0.0744502
0.050935514
-0.00916823
-0.09740438
4.1086176e-10
0.047818698
-9.2318845e-07
0.07861131
-0.0041149384
-0.069805354
-0.0711791
0.38268426
-0.068532765
-0.007834552
0.23374492
0.14006014
-0.024792083
0.0405619
-0.0023429897
0.0025330056
0.04586521
-0.13656595
-0.0108421855
0.1754136
0.025142841
-0.05110809
0.005926951
-0.011186731
-0.02721198
-0.02084362
-8.698213e-10
-0.01708073
-0.09393829
0.038496308
-0.031971775
0.10625052
-0.07711473
0.010953302
-0.056725655
-0.025882535
-0.07491205
0.0839126
-0.07215765
0.19382544
-0.002727324
-1.0032574e-07
0.065831356
0.09403698
0.09022492
