0.20523506
0.26522687
0.32307622
0.24311952
0.23314297
0.19809788
-2.1136524e-09
0.22299246
0.32426667
0.18747087
0.19266127
0.15149501
0.19811156
0.3209174
0.2341959
0.2106001
-8.352252e-09
0.24400695
0.20227729
0.23981799
0.2797357
0.20470208
0.1379625
0.23085107
0.31062546
0.15350255
0.26216957
0.20181851
0.12764749
0.35480136
0.21161184
0.15831482
0.2180067
0.18836062
0.19295014
0.16119233
0.2352506
0.26207155
0.2475332
0.22184746
0.20368432
0.18712212
0.22963071
0.23201102
0.043643437
0.22693671
0.18724124
0.18847969
0.19889617
0.28456247
0.23099375
0.14841071
0.1749236
0.21901236
0.23473531
0.22758988
0.13233179
0.16960597
0.29814088
0.1871729
0.22323751
0.27534038
0.1988087
0.22660191
0.21656911
0.17523631
0.21229544
0.21111955
0.2820649
0.17000555
0.16660231
0.18502076
0.20600455
0.20669176
0.13572657
0.2355337
0.16407737
0.20357704
0.25072092
0.29113552
0.3466551
0.22710867
0.2101987
0.21763623
0.14253461
0.15387362
0.17592531
0.09465355
0.25184894
0.21787497
0.16019276
0.24733019
0.21166532
0.2548903
0.20747404
0.21184969
0.4151488
-2.0585155e-08
-2.6351316e-08
0.20471945
0.14631823
0.38279235
0.20951085
0.2434299
0.21986198
0.20412976
0.19005385
0.26093057
0.25704148
0.17899396
0.18475059
0.28379142
0.19959302
0.17232975
0.14572018
0.15065154
0.176532
0.20823146
0.22084877
0.18766712
0.25328434
0.1995735
0.19175209
0.19752686
0.21220307
0.23316728
0.16412975
0.21487147
0.27275604
0.16241863
0.2080065
0.2139883
0.280901
0.2086183
0.27598992
0.19454004
0.2219697
0.20819338
0.24067512
0.19517472
0.2955028
0.20658109
0.28435028
0.20561501
0.16855542
0.23432912
0.19008754
0.17917725
0.2425575
0.14463831
0.39549723
0.15678318
0.15042484
0.2770029
0.19272715
0.17043988
0.16290773
0.24625842
0.23211332
0.270691
0.17851755
0.18975785
0.2142417
0.20497721
0.21557005
0.19050804
0.26450998
0.2399445
0.17630662
0.14326864
0.24082655
-1.9027462e-08
0.1998787
0.30224276
0.17717399
0.21134523
0.22296269
0.28520316
0.22694404
0.22225982
0.2579918
0.060204066
0.30081064
0.20418842
0.1312105
0.3381528
0.25604874
0.16257542
0.23736924
0.21827361
0.19537178
0.23549904
0.24768467
0.17011766
0.21859547
0.24876633
0.1933674
0.21970107
0.1918661
0.22575328
0.2930211
0.28046772
0.40976903
0.299076
0.18533057
0.14423981
0.24055785
0.23260903
0.18795921
0.209307
0.2425993
0.17445593
0.19700418
0.16824298
0.25485983
0.158086
0.22634855
0.13693821
0.12339885
0.22689717
0.23922382
0.23941916
0.19440262
0.20663083
0.1680197
0.23447041
0.15153971
0.30033827
0.22789313
0.20296206
0.24684604
0.18111572
0.25473195
0.3234858
0.3069716
0.26791805
0.23974973
0.24751398
0.21838236
0.20938368
0.16513515
0.21299452
0.28965253
0.22880964
0.19223051
0.22545315
0.26145175
0.2052123
0.3118857
0.23929903
0.16395538
0.50684214
0.25526565
0.28104925
0.36312032
0.2513885
0.17906903
0.1298014
0.2966999
0.26502466
0.20498773
0.27658248
0.29082438
0.079075105
0.21922077
0.23163563
0.22540477
0.16662362
0.17096268
0.17843318
0.22542267
0.19971162
0.16846359
0.23893537
0.19147308
0.22293447
0.16019678
0.18033306
0.1771385
0.20876428
0.2013587
0.20079875
0.3113455
0.20264459
0.24657862
0.29117227
0.20394316
0.19538864
0.16258268
0.21413407
0.26462713
0.22021979
0.13800943
0.27801424
0.21204987
0.24483043
0.21923754
0.28274617
0.3424875
0.18046024
0.23877116
0.2450951
0.27249056
0.21865095
0.22434738
0.1674971
0.22063541
0.123546794
0.24658614
0.19080728
0.19589461
0.33778602
0.19440053
0.2071768
0.1448644
0.20813493
0.1847378
0.20536648
0.23439491
0.20773278
0.2632365
0.14445756
0.25004777
0.19577812
0.25167355
0.3063965
0.296035
0.21198444
0.17973046
0.046240095
0.2693912
0.18927498
0.23578426
0.1875932
0.07633835
0.29058847
0.11785291
0.2196252
0.25675797
0.26532674
0.21049212
0.2103256
0.29173186
0.21517482
0.26520938
0.22367017
0.253806
0.20714657
-4.515757e-08
0.21853192
0.20294869
0.21058172
0.20852067
0.18072826
0.17792447
0.16789979
0.13872568
0.19349207
0.32434526
0.22197369
0.28492287
0.1681087
0.2088952
0.17116223
0.2352862
0.19075988
0.26782024
0.1545348
0.20802054
0.2863154
0.24656485
0.25600934
0.24453712
0.14659719
0.21413943
0.20420778
0.2947083
0.42650557
0.25849688
0.19759229
0.19244833
0.22749875
0.22755894
0.19165973
0.24406116
0.08962233
0.123310894
0.12623233
0.28746697
0.15391198
0.16229494
0.28376472
0.12556048
0.18106198
0.24189375
0.2022275
0.16319613
0.22301373
0.17928892
0.21319962
0.17372069
0.23012827
0.19414194
0.112734385
0.2313697
0.24562502
0.17168975
0.20961659
0.26108527
0.13807656
0.21765256
0.14161132
0.20671256
0.222543
0.21803087
0.19939208
0.21096534
0.25332725
0.14705627
0.4087173
0.16350745
0.3855294
0.17871374
-1.1757863e-08
0.32696417
0.2125398
0.16557224
0.12922065
0.18505025
0.219597
0.19992864
0.18746974
0.19846244
0.3091952
0.3029287
0.34487814
0.17148556
0.2504729
0.18792166
0.2858995
0.05593271
0.2285008
0.294377
0.21406528
0.19700837
0.20151885
0.17972893
0.26817468
0.19519222
0.20144156
0.21979208
0.18543173
0.18709391
0.027240189
-2.8683596e-08
0.10204586
0.16412376
0.2508701
0.35980186
0.11939408
0.19339477
0.18614541
0.24703342
0.16864355
0.17578472
0.25158945
0.21583197
0.23640867
0.23247513
0.17770067
0.18443486
0.14489293
0.23654442
0.17983845
0.06173114
0.2048976
0.2634281
0.18615514
0.25915053
0.22310868
0.22421268
0.14497736
0.18409845
0.13032377
0.23664111
0.17642234
0.27033606
0.1881996
0.18376029
0.16051798
0.30957547
0.24935777
0.1891128
0.23567945
0.09484153
0.18653801
0.1805911
0.2592049
0.2779735
0.23262626
0.21265906
0.32076967
0.22848032
0.20272867
0.1842124
0.32272398
0.23115249
0.21951608
0.1454064
0.23949029
0.16218193
0.26444197
0.19857645
0.15992318
0.35659966
0.21749692
0.16854657
0.19277626
0.17850004
0.2407013
0.25632602
0.21027553
0.09530504
0.24148282
0.19358025
0.16551676
0.25326172
0.15249951
0.23820072
0.27087265
0.27123907
0.33379844
0.27201062
0.30456877
0.26387024
0.2167132
0.23977531
0.20689376
0.24637146
0.16922319
0.23998916
0.21203053
0.24627884
0.15124035
0.1996893
0.18880762
0.2358313
0.25567105
0.2953466
0.1622809
0.17578101
0.22569926
0.19567028
0.2726682
0.23067527
0.18071777
0.22769335
0.14501221
0.2122179
0.22443539
0.2857759
0.15414165
0.17745474
0.07051304
0.26067546
0.1764982
0.16173953
0.30433926
0.082544915
0.17624569
0.24527083
0.26423144
0.25254846
-4.26037e-09
0.20272326
0.24489428
0.17746364
0.17638636
0.2408305
0.27752292
0.24809048
0.1820033
0.24713375
0.16339876
0.20721163
0.10884454
0.20465444
0.32857051
0.17991345
0.30049363
0.25936052
0.17973185
0.20862944
0.18413061
0.33859462
0.17964639
0.14368328
0.22602138
0.14649741
0.24670707
0.1954437
0.20026338
0.2275522
0.24946268
0.21530181
0.33630255
0.21856555
0.24585462
0.21886158
0.22447066
0.2179037
0.19335349
0.20962363
0.15380941
0.20971327
0.18489735
0.18334562
0.32055262
0.11023008
0.21293272
0.24219367
0.21050659
0.41137093
0.26831904
0.33102918
0.33241424
0.19100094
0.21973231
0.19500932
0.14573957
0.25162318
0.21195167
0.1664752
0.20849124
0.18917646
0.26141047
0.20719463
0.2096754
0.2663239
0.16863191
0.1642291
0.18987253
0.33948678
0.2489966
0.18688853
0.1764687
0.1265215
0.17285533
0.19197671
0.1891644
0.120711066
0.30851746
0.25678685
0.24410982
0.16618097
0.17836669
0.26039532
0.24896748
0.21596056
0.18650563
0.22159788
0.10669859
0.17138425
0.0915007
0.25450587
0.25942087
0.14932734
0.11069075
0.332905
0.20114022
0.22508195
0.17110173
0.2676202
0.26084146
0.27755296
0.19068612
0.35628462
0.21953645
0.1709376
0.17433782
0.3398275
0.23600157
-3.429899e-08
0.24090981
0.23303661
0.26022616
0.16570927
0.13119088
0.1888563
0.29631
0.1958807
0.15141188
0.18198606
0.21331483
0.1980465
0.20821306
0.20324056
0.23949847
0.1390392
0.1736569
0.23185503
0.22338179
0.2783123
0.17044772
0.29673746
0.22657996
0.19648238
0.27308556
0.24774511
0.16334063
0.20472711
0.1617655
0.21346195
0.2771033
0.17440987
0.10299358
0.2312098
0.29972413
0.24479988
0.19877686
0.15280975
0.29574472
0.21530765
0.09970286
0.2516553
0.17176479
0.25961295
0.19932197
0.20736125
0.21445729
0.24251114
0.20193166
0.23653205
0.21083301
0.25170368
0.20557198
0.2301303
0.23277369
0.17925917
0.2718185
0.1761176
0.15445687
0.18245849
0.2385928
0.14968473
0.16016288
0.24750857
0.3132527
0.15983202
0.17331268
0.1765057
0.20687728
0.21582623
0.22187647
0.2951077
0.17449166
0.1623131
0.23170103
0.2109722
0.22772634
0.21007787
0.21226364
0.17153874
0.20915793
0.26690257
0.21143219
0.15546514
0.20179544
0.21160884
0.1758156
0.15802532
0.1358928
0.1804497
0.21117109
0.24657215
0.24783535
0.32977134
0.15548307
0.261102
0.2628056
0.16858678
0.16769347
0.23838031
0.12872037
0.19111219
0.15617499
0.24035804
0.15239424
0.22046906
0.17156893
0.23909466
0.25630382
0.20607768
0.17634076
0.15579993
0.16751151
0.3060697
0.20124039
0.2520848
0.17689125
0.2749756
0.25673234
0.22168195
0.20787627
0.19433807
0.26914087
0.35522747
0.16578081
0.22517702
0.17656355
0.1512637
0.17359124
0.22074908
0.21992192
0.24061723
0.21637979
0.1692411
0.25693998
0.1765763
0.26338
0.21335517
0.21197388
0.23301016
0.24539196
0.19957364
0.25501335
0.16863185
0.2159398
0.18954536
0.19317642
0.29077932
0.2229267
0.17523672
0.20892107
0.21012856
0.17448127
0.19648434
0.13795368
0.124457315
0.12323985
0.24314955
0.110823125
0.15961404
0.25746197
0.36421686
0.12907301
0.22111146
0.21922772
0.19360352
0.26393852
0.26256126
0.23552011
0.102889955
0.35697824
0.16402143
0.2690899
0.22673228
0.20195544
0.21907397
0.1763595
0.20662034
0.33365527
0.1474604
0.18297264
0.1872592
0.2324215
0.21834318
0.26077023
0.21196054
0.19036901
0.23999576
0.20457104
0.1717573
0.19724037
0.20074666
0.21874003
0.2720378
0.22100236
0.18930921
0.17614008
0.23011133
0.21660627
0.23945804
0.23673555
0.13417035
0.20799135
0.1316056
0.04009453
0.2718305
0.22158445
0.15804835
0.1489457
0.21703306
0.19733737
0.13179661
0.32580957
0.22791533
0.22835372
0.2533675
0.21652913
0.23791562
0.13876098
0.25503102
0.14459452
0.332198
0.20271629
0.18738732
0.22747867
0.18173495
0.3515237
0.25725484
0.21858793
0.2618379
0.20345956
0.29569337
0.18968733
0.2322762
0.20447515
0.211162
0.26870587
0.3023528
0.16232553
0.29615748
0.18821825
0.25476697
0.18228082
0.18687935
0.15943667
0.23681334
0.10792092
0.21317826
0.25548628
0.23038274
0.1955906
0.16538687
0.14399536
0.28898954
0.26586407
0.22145525
0.19258131
0.19602093
0.17311932
0.2854717
0.19528277
0.12244004
0.22821495
0.22041059
0.33004075
0.18264683
0.18249728
0.21734864
0.37963933
0.053793516
0.22519076
-3.1912634e-08
0.3548805
0.38372204
0.24488878
0.17459711
0.2319842
0.235595
0.18854405
0.25666198
0.19010155
0.3020127
0.27198207
0.15403306
0.12597065
0.21636191
0.44443318
0.19758146
0.22026743
0.14995736
0.16410908
0.24460635
0.2085608
0.09653891
0.23005722
0.14631511
0.28241572
0.21018028
0.2140156
0.3109922
0.12970015
0.1390009
0.17957087
0.18531884
0.22310624
0.17889367
0.30675632
0.10547617
0.245866
0.23115255
0.23594594
0.3143884
0.16926067
0.39296347
0.18298748
0.17955896
0.2720412
0.22931111
0.2056342
0.17860979
0.15016477
0.22128049
0.20394707
0.27791744
0.17563704
0.40634215
0.09709956
0.20354697
0.15592363
0.24251126
0.06359813
0.22397049
0.16738912
0.23051547
0.312048
0.20827983
0.16386059
0.105995856
0.2111868
0.22737403
0.26768637
