-0.010075612
0.17802876
-0.15240917
-0.11291134
-0.12916365
0.098679796
0.15715636
-0.1362805
-0.11707254
0.1425637
-0.043373175
-0.025270108
0.13766147
-0.08794281
0.16427408
-1.8632802e-08
-0.10737638
0.1701598
-0.10851443
-0.12268508
-0.02763389
-0.13514976
-0.00056221255
-0.004285841
-0.10613683
0.10718021
0.17869563
-0.07477636
-0.00013246312
-0.045858987
-0.075545564
0.036233228
0.0055871923
-0.102369316
0.105589025
-0.14065343
-0.054385766
-2.9391222e-08
0.1784803
-0.07920727
-0.04704936
0.11622752
-4.0028035e-06
-0.08049615
-0.04137463
-0.16725492
-0.0012443386
-0.09681278
-1.8757702e-07
-1.5049945e-08
-0.12989803
-0.042565487
-0.10748932
-0.11385357
-0.07696471
-0.07337984
-0.057845216
-0.15689173
-0.042934716
0.17882493
-0.13949312
-1.3028935e-05
0.087674335
0.17844927
0.18588856
0.17129606
0.01013637
0.030595807
0.18654363
0.0074670273
-0.10456245
-3.3796905e-08
-0.11270059
0.07785752
-0.011729356
-0.07132578
-0.10872404
0.14531389
-0.055307113
-0.10477535
-0.06849983
-0.091833234
0.074998796
0.13213162
-0.08398121
0.005743862
-0.152837
-4.8483784e-10
-0.058396935
-0.09764341
-0.025955345
-0.085933834
-0.06387804
0.19569212
-0.11257638
-1.1306483e-07
-0.12179255
0.0050214073
-0.10148194
0.14689973
-0.019354079
0.04627053
0.16129573
-4.2775378e-07
-0.08277606
-0.07087306
-0.11166125
-0.10533718
0.052358925
-0.09130153
0.18836187
-0.09913974
-0.06282448
0.05078654
-0.03789005
-0.15100221
-0.0919761
-0.010075475
-0.086023785
0.16489923
0.15892924
-0.09767542
-0.031197427
0.18641992
-0.04080585
-0.14563616
-0.1099473
-0.008597958
0.14397064
-0.056096926
-0.08797383
-0.035087306
0.1478902
-0.091200285
-0.020543952
-0.10409407
-0.099590525
-0.12179605
-0.08011631
-0.10079296
0.22647299
-0.052987605
-2.9969756e-11
-0.02941748
-0.120569475
-0.1729456
-0.051193397
-0.097637944
0.061984535
0.19358696
0.13632146
-0.016954325
-0.03767759
-0.08658924
-0.12512398
-0.06253416
-0.054188963
-0.09069942
-0.1381187
-6.4966302e-06
-0.049753815
-0.120156586
-0.14269209
-0.14714035
-0.106635354
-0.07118208
0.15679123
-0.07529848
-0.091597915
-5.0142925e-09
0.181098
0.14913486
-0.052570913
0.04598967
-0.10248963
-0.10734968
-0.1055355
0.013239399
0.11414549
0.13928178
-0.046850387
-1.5921483e-08
-0.1170627
0.047663108
-5.6517877e-07
-0.024504239
-0.043004666
-0.097752385
0.17196235
-0.04685406
0.013289868
0.18173714
-0.14638413
0.17223276
-0.09765117
-0.014404326
-0.11608811
0.1174034
-0.05050306
-0.059463196
-0.00717362
0.1645813
-0.08558366
-0.110254124
-1.5158952e-09
-0.08564777
-0.033607334
0.15834014
-0.09664711
0.018244468
0.20656198
-0.18509457
0.034942124
-0.12575023
-0.09529341
-0.15707333
0.19992216
-0.0010978346
-0.10554938
-0.014435023
0.16001652
-0.10315083
0.16719025
-0.091538414
0.1564957
-0.07119235
-0.071356274
-0.118132755
0.18016234
0.15449232
-0.17019257
0.03468805
0.09107911
-0.118748024
-0.082595125
-0.050935313
-0.123134926
0.16012876
-0.040713254
-0.11909974
0.2069186
-0.047952484
-0.097505145
0.07251953
0.03753896
0.039727464
-0.06755155
0.11423438
-0.08995232
-4.4704964e-09
-0.13271362
-0.07416839
-0.073550336
0.047399934
-0.023604624
-0.080761015
-0.12383339
-0.07276239
-0.0420146
-0.055867735
0.19021557
0.15694481
-0.027520476
-0.14759053
-0.12718421
-0.09119094
0.08415365
-0.10224081
-0.07401224
-0.14631836
-0.011313306
-0.11227385
0.0045468705
-0.09328597
0.1968644
0.11376193
-0.013532263
0.093419395
-0.11315529
-0.09654047
-0.12557572
-0.11247261
0.21588072
-0.11317011
-0.119227715
-6.383078e-09
-0.043896813
-0.010428983
-0.109717846
0.0034303835
0.14517911
0.04641175
0.0055290377
0.011710294
-0.032315783
-0.1255566
0.010205498
0.15717287
0.1464137
-0.113719024
-0.061510976
-0.063291386
-0.087933354
0.15915938
-0.108196996
0.05728785
-4.82757e-08
-0.11132987
0.04729651
-0.055570383
-0.088231854
-0.085881785
-0.102363445
-2.064954e-07
-0.09570826
-0.027530633
-0.11286106
0.17899698
-0.086006336
0.14374574
-0.1027432
-0.14922893
3.734329e-09
-0.112396225
-0.083321564
0.18447432
-0.10008983
0.1666939
-0.11855869
-0.09976102
0.14283282
-0.045084212
-0.09422335
-0.11579879
-0.01497552
-0.012347202
-7.422909e-08
-0.016664488
-0.02499595
-0.08520189
0.20258026
-0.113225274
-0.07671651
-0.061825324
-0.12867531
0.0074770674
-0.07317341
-0.045413177
-0.14782739
-0.024582718
-0.0022911448
-0.020895593
-0.10465614
-0.08213712
-0.024035713
-0.118945576
-0.06689443
-0.1302089
-5.7364396e-06
-1.9469885e-08
-0.047808964
0.10863399
0.19638091
-0.06878451
0.011120721
-0.029670382
-0.08874992
0.17593208
-0.11237885
0.16542496
-0.027861428
-0.10172518
-0.107803084
-0.023725474
-0.07728041
-0.119146876
-0.048735276
0.18101317
-0.09573343
0.06873581
-0.008673409
-2.4923784e-06
-0.11497429
-0.06405856
-0.051908746
0.027875341
0.1902563
-0.097542115
-0.09878852
0.110791534
-0.15055804
0.009222678
-0.08536225
-0.13373278
-0.02575157
-0.09307131
-0.0705799
0.097982675
0.21455611
0.2064517
0.17392541
-0.10587916
-0.045298383
-0.036510725
0.1627437
0.17372279
0.16017772
-2.349279e-06
-0.09963801
0.09520846
-0.081461534
0.18008852
0.14443071
-0.1662796
-0.049576413
0.038518224
-2.7764932e-10
-0.008991985
-0.083632566
0.029299581
-0.05544158
-0.1523998
0.015228319
-0.063417666
0.17636827
-7.0314314e-07
-0.087045245
-0.1414552
0.11002553
-0.053001437
-0.10949368
-0.10280131
-0.0070986603
-0.07634157
0.10648129
0.045434706
0.16468641
-0.039017692
-0.1231474
-0.050509997
0.1629555
-0.06910459
-0.14074422
-0.12155385
0.03502499
-3.849206e-06
-0.06001349
-1.7735965e-07
-0.10276827
-0.12163027
1.0331587e-12
0.045501947
-0.028261138
0.16620672
-0.05901589
-8.215523e-09
0.09478474
-0.10336159
-0.058597784
-0.07425534
0.07348448
-0.04811327
-0.040388662
-0.08097664
-0.11816323
-0.11750482
-0.07660482
-0.10394948
-0.06183438
0.1939392
-0.13187839
-0.13723223
0.19209325
-0.06404073
-0.03808688
-0.06828326
-0.04537115
-1.7226172e-08
-0.10606162
-0.00016052442
0.18660985
0.08401989
-0.02864924
-0.008903135
-0.035343327
0.102094896
-0.018654762
-0.09639833
-0.06664456
-0.07803413
-0.12105465
0.17635827
-0.044303834
0.15234871
-0.0998804
-0.07072513
-0.110068716
0.1772408
-0.0746878
-0.14966175
0.12779158
0.096286006
-0.054334786
0.12863412
-0.038204443
-4.1667508e-10
-0.048871208
-0.10119547
0.1605743
-0.015088507
-0.07818758
-0.0491124
