-0.04206246
0.018984
0.1337737
0.15906489
-1.8995689e-08
0.3395843
0.07790316
0.28519017
-0.01309873
0.0056974376
0.0037874074
0.036735985
0.029665608
-0.08899965
-0.000951799
-0.0072750174
0.21659009
0.10322013
-0.069980845
0.33604643
0.029225446
0.29355082
0.33519116
-0.21196668
0.10468923
0.0006223993
0.3309206
0.016318206
0.2490291
-0.03032607
0.31859532
0.24340108
-0.015132964
0.34228903
0.052446183
-0.19243419
0.2002699
-8.733526e-09
-0.055922292
0.0343092
0.033009674
0.10904209
-0.18224332
0.047316197
0.2191963
-0.083672844
-0.06496759
0.028857527
0.22423254
0.3570266
0.06932396
0.05125571
0.0065386174
0.18694036
-0.06979329
0.15503274
-0.031974982
0.28998393
0.00814409
-0.020794766
0.4230162
-0.03568417
-9.474768e-09
-0.08085326
0.12931512
0.28984487
0.18316247
-0.0124664
0.14904116
-0.022632115
0.0027954045
0.28818035
-0.029087778
0.050160363
-0.102310486
0.052766543
-0.026821299
-0.13489608
-0.31708196
0.22851737
0.013298723
-0.0063472916
0.29242653
0.30749607
0.05185543
0.21260844
0.06868693
0.07796911
0.23196754
0.022199033
-0.075521305
-0.0481174
-0.003853762
0.38348642
0.119035885
0.2629704
-0.103826165
0.3043648
0.0035487057
0.045667127
0.15971689
0.0388238
0.12797277
0.03497788
0.036860704
0.09210881
-0.0002291355
-0.08279612
0.05380406
0.1808085
0.07428198
0.097124726
0.024127973
-0.018421661
-0.18846712
-0.16310294
-0.27007833
0.02672812
-0.08608941
0.25741267
0.2023735
-0.015667807
0.04111752
0.32077903
-5.9141506e-08
-0.066517696
0.29788834
-0.1340198
0.056624416
-0.034072198
-0.042638194
0.10247084
0.13446513
0.017712642
-3.68892e-08
0.16084099
0.122029796
-0.025806336
0.22769995
0.05957094
0.17468412
-0.047380693
-0.02568981
9.130506e-09
0.071321145
-0.004738055
-0.0827464
-0.012503205
0.00782848
0.27703843
0.36162865
0.31158438
-0.011804075
0.06006486
0.25599948
0.18150732
0.0379289
0.17173168
-0.0648978
0.25078216
0.21059476
-0.0743292
0.1707942
-0.07132318
0.10361309
0.28155145
0.20322342
0.36209178
0.06919701
-6.0863323e-09
0.3133889
0.15621994
1.3211367e-08
0.19814786
0.07884806
-0.013356994
0.008275792
0.28321826
-0.039110675
-0.053215347
0.2952152
0.3215502
0.15369627
-0.21384527
0.121648416
0.43422818
-0.028746402
0.38626847
-0.00026235322
0.29286894
0.0625326
0.25491607
0.051117387
0.036755037
0.08445789
0.019755587
0.19314794
0.21769567
0.0016753506
0.0943558
0.4623131
0.101657264
0.04806187
0.33949253
0.15544462
-0.10477076
0.3732115
0.25000536
-0.0043882425
-6.638698e-09
0.041277494
-2.3526717e-08
0.16527353
-0.03470998
0.014609935
0.061194394
0.09574849
0.04485326
0.099671654
-0.098481804
0.25616318
-0.02484992
0.0760573
0.0043180697
0.026701126
-0.035901107
-0.16697429
0.0043261605
-1.7440273e-06
-0.013380148
0.008166537
0.05132646
-0.14846066
-5.359585e-07
0.14679068
0.028764449
-0.09954956
-0.2553871
0.09839699
0.3257445
0.30322865
-0.049571365
0.1143842
0.19484687
-0.0363355
0.019962113
-0.17745553
-1.8093457e-08
0.16316062
0.020914275
0.016117627
6.161733e-07
-0.060712326
-0.032066304
-0.056687683
-0.079396896
-0.057748042
-0.259927
-0.08468991
0.25486526
-0.10507208
-0.0060599875
-0.03993521
0.17123148
0.051119205
0.11008714
-0.09301031
0.25179425
0.06120376
-2.6079139e-08
-0.074151784
-2.7136108e-08
0.3468706
-0.0730641
0.07615676
-2.0405063e-08
-0.05058847
-0.089396976
0.23024635
-0.05397826
0.03967193
-0.11793898
0.1427535
-0.20503509
-6.8046626e-05
0.31539112
-0.048885833
0.1527813
-0.10856669
-0.13733838
-5.240058e-08
0.018372437
-0.1336524
0.24796821
-0.103233814
0.20078696
0.25297898
-9.2347676e-07
0.17221428
-9.679186e-08
0.0030378515
0.0860364
0.000281041
-0.07242864
0.3719037
-0.0033165752
0.2262404
0.013723943
0.01769867
0.3162837
-0.2195118
-0.06640908
0.33835328
0.25339085
0.3247533
-0.074740306
-0.09708493
0.28974837
0.07712733
0.119700566
-0.036436856
0.13388962
-0.11904425
-0.12759003
0.08685871
0.40105402
0.04675889
0.24674991
-1.4323295e-08
0.104383714
0.048695672
0.22011125
-0.00051013427
-0.08110202
0.029411135
1.13439675e-08
0.33196875
-0.0068660057
0.22980316
-0.0530856
0.31037265
-0.008617416
0.07781392
-0.016664041
-0.046250522
-0.069084205
-0.05999319
-0.035492867
-0.0067729936
-0.00424986
0.24272972
0.28585425
0.11389971
0.4012025
0.008748113
0.07807631
0.36328113
-0.06385385
-0.22359367
0.2691841
0.15044867
0.28148133
0.038475182
0.03445112
0.037207365
0.11427209
0.45960414
0.10404597
0.2512679
0.04677548
-1.4502187e-08
0.07186684
-0.008957002
0.32095844
-0.018013531
-0.011777057
0.01831622
0.17366914
-0.106381275
-0.0070189675
0.039350536
0.22626138
0.2696004
0.2618836
-0.23676959
-0.07132479
-0.1017452
-0.14802817
0.23367453
-0.25868988
0.04334572
-4.7204836e-07
-0.09641829
0.10884281
-0.030343954
0.13302445
-0.0028127127
0.42493427
0.1828399
0.3471836
0.22646683
-0.011412195
-0.02279593
0.28225163
-0.120108455
0.20781086
-0.016252184
0.34194946
-0.03293381
-0.06245298
0.06088264
-0.11685966
-0.011340523
-0.103458926
0.3034856
0.33811828
-0.1410597
0.40796894
0.12798049
0.08511525
-1.908131e-08
-0.044633977
0.01737574
0.017130215
0.082756825
-0.032428995
0.18257074
0.30473137
0.28321612
-0.019013
0.32857046
0.3175119
0.011980834
-0.0043224413
-0.11416027
-4.6212136e-08
0.21431306
-0.10956263
3.3945105e-09
3.9414452e-08
0.3109194
-0.0142796
0.46053243
-0.122783884
-0.1361227
-0.013151058
-0.102602854
-0.016708817
0.013974804
0.057088584
0.37239754
0.442052
0.060225293
0.043603797
-0.0050614146
0.30302277
-0.013628061
0.0821201
0.12624016
0.04661415
-0.03905364
-1.4452087e-08
-0.011999728
0.028331853
0.11858777
-0.04994426
0.16537344
-0.010430736
0.13693659
0.20326339
0.24033715
0.22276537
-0.072443195
0.32853743
0.12571006
-0.09949691
0.2633183
-0.021786107
0.16710645
0.14249445
0.0014567161
-0.040581524
-8.1098335e-08
0.22314122
0.2917097
0.024838593
0.2753948
-0.00053671305
0.017753053
0.40493608
0.25683713
-0.015624804
0.28694722
0.23677689
0.22387819
0.2548547
0.23958318
-0.11002312
-0.35155424
-0.047668718
-0.034605876
0.07539178
0.25524822
0.0071795965
0.22670811
-0.081096195
0.015266141
-0.0649886
-0.021226674
-0.14106107
0.16794029
0.084638216
