4.4425633e-07
-0.040971763
0.002373913
0.022941293
-0.42789876
0.0039890395
-0.055347633
0.028966723
7.6120233e-07
2.3801654e-07
-3.5401052e-07
-0.16276968
-0.013014099
-3.7992743e-07
-1.7276116e-07
0.010058371
0.011527573
0.024290208
0.011629268
0.0041558426
0.015831046
0.80147606
-1.3230239e-07
0.008478503
-0.09620099
4.5166635e-09
3.9495885e-07
-2.3366778e-07
-0.008845017
-3.7905141e-07
-0.042424154
0.0067461077
1.9435479e-06
0.11835944
-0.6081395
-0.056012508
0.049820304
-0.11368731
-0.0033199086
-0.078061804
-3.126136e-07
-3.3543145e-07
-2.8119285e-07
-0.011506044
0.11770818
-3.2327645e-07
-2.2237971e-07
-0.65193784
0.12042676
0.24336548
-0.040655144
-0.0002055028
-0.07934894
0.04076596
5.5906264e-07
-0.04596032
0.02332603
-2.1640682e-07
2.3201873e-07
5.31678e-08
-0.33720127
3.0025998e-07
-0.025881335
-0.18865156
3.3767117e-07
4.845873e-07
-3.0353982e-07
-4.139546e-07
3.9358645e-07
-4.8502e-07
1.9963912e-07
4.066999e-07
-6.715443e-08
2.788455e-07
2.5526512e-07
1.942391e-07
-3.6349724e-07
-1.4852994e-07
-5.103996e-07
2.6664196e-07
4.0218993e-07
-2.0336451e-07
-2.2323803e-07
7.757885e-08
1.2128048e-07
5.327973e-07
-2.4497598e-07
-5.175741e-07
-2.1357359e-07
-3.650767e-07
-5.7300446e-07
-8.855634e-08
2.866558e-07
-5.254476e-07
3.6786494e-07
-3.345952e-07
-6.445504e-07
0.8957216
0.12208253
0.011677909
0.011186312
-0.04067761
0.15051396
0.087265104
-1.8964626e-07
-2.9968467e-07
-2.2724963e-07
0.017794786
-0.42842895
2.693333e-07
4.062152e-07
0.05344563
0.023473496
0.03679577
0.020920789
0.010133407
0.06450814
0.014009198
-5.061476e-07
0.0066358317
-0.014545787
4.83044e-07
-6.9506336e-07
-3.81959e-07
-0.039329547
-2.3405129e-07
0.0105162095
0.004955576
2.1854414e-07
-0.060124308
-0.004288291
-0.0814667
-0.22146484
0.0065060346
-0.048355974
0.06034559
3.5668003e-07
-3.4005106e-07
-4.7270416e-07
0.19415896
-0.0529568
-5.5571405e-07
-1.19028456e-07
0.015266652
-0.0031036322
-0.0037498437
-0.045818068
0.0060231215
-0.002717544
0.021360174
-2.7503907e-07
-0.008000995
-0.83276284
5.7619343e-07
3.3487095e-07
2.5068977e-07
-0.00032176918
-4.0931866e-07
0.022011574
0.010130717
1.1281868e-07
-0.14007457
-0.37081364
0.0051047844
-0.020325353
-0.57018745
-0.026798612
-0.004586532
7.625533e-08
-5.1403885e-07
2.6578243e-07
0.02001825
-0.09947008
-1.7226223e-07
-2.9225905e-07
0.09178111
0.17057481
0.0048627304
-0.017179733
-0.03198612
-0.0061858245
-0.0056091594
-3.6677093e-07
-0.026825478
0.032770574
-5.09369e-07
2.1875873e-07
-4.7663966e-07
0.53426504
-5.6279396e-07
-0.008050023
0.29872182
-9.548254e-07
-0.04506994
-0.03242226
0.05116363
-0.031355713
0.14295577
0.09205219
0.1038088
3.9747647e-07
-3.201185e-07
2.5234726e-07
0.08862756
-0.13611779
1.158426e-07
-1.2501671e-07
0.02250171
0.01753088
-0.46962568
0.029469002
-0.089765005
0.09945699
-0.015950054
-2.9604587e-07
-0.0061156936
-0.016899373
1.6233962e-07
-1.6531529e-07
-1.8885873e-07
0.09711507
-3.8122292e-07
0.01959844
-0.5958783
-1.2283301e-06
-0.107396685
-0.01295885
-0.010860387
-0.00027156368
0.24154855
-0.08236494
0.15040341
-9.547895e-08
-4.4922217e-07
-5.8448087e-08
0.021111364
-0.048867032
-2.1606093e-08
-1.7199167e-07
-0.15893564
-0.43519294
0.13167292
-0.013949465
0.03504374
-0.004628237
-0.0064126686
5.7855555e-08
-0.46042448
-0.00069235923
6.262699e-08
2.8076386e-08
4.9218045e-07
0.6994982
-4.1937614e-08
-0.00744263
0.018397411
-4.6462907e-07
0.32399014
0.08552926
-0.011213057
0.04660182
-0.016376277
-0.3643894
-0.009793917
-4.407391e-07
-2.6724942e-07
-8.335188e-09
-0.013695207
-0.5589004
2.767075e-07
1.114454e-07
0.028247267
0.0025450788
-0.07288718
-0.0068591405
-0.07554165
-0.13588588
0.017411534
2.3562102e-07
-0.022124479
-0.007108514
4.6179454e-07
-2.6660016e-08
-3.843681e-07
0.018467927
3.715814e-07
0.009571286
0.048084084
9.005203e-07
0.04436774
0.022561703
-0.030741848
-0.024941213
0.013660219
-0.56788516
-0.42298603
3.4523643e-07
-9.0777974e-08
1.0561192e-07
-0.02804314
-0.04309392
-4.7435466e-07
-3.2448213e-07
0.015079406
-0.043177802
0.011829051
0.025029933
-0.13725585
-0.009847758
-0.007935279
-4.8532814e-07
0.00500433
0.028068492
-1.2059107e-07
5.9315954e-07
1.4944753e-07
0.0070742466
-2.0069095e-07
0.035511725
0.038408585
-2.7197798e-06
-0.03652214
0.14147034
0.060798876
-0.0026149952
0.011723484
0.05412836
0.019494245
-1.1168306e-07
1.4827425e-07
-2.0896442e-08
0.009959122
0.006032033
-4.0177713e-07
-8.043973e-08
0.20707344
0.14254434
0.4017551
-0.04880068
-0.10174678
-0.5513894
0.044149697
2.406921e-07
0.16985731
0.02003652
-4.8186826e-07
3.1291577e-07
3.7699508e-07
-0.058078844
-1.6996437e-07
-0.07060908
0.0047395984
-1.854586e-07
-0.0481868
0.4300561
0.023400053
-0.024411904
-0.22460024
0.0060522296
-0.010930387
1.0601001e-07
2.9296086e-07
-3.0383615e-07
-0.005166197
-0.10272237
-1.5544144e-08
2.087103e-07
0.52931595
-0.02852485
-0.07180431
0.013711221
-0.023841156
0.016794497
-0.0065866592
-3.8744227e-07
-0.34269455
-0.0016701344
1.7599095e-07
-2.9376548e-07
-1.9656062e-07
0.05562435
1.2081028e-07
0.0022966657
0.0014603881
-1.2439067e-06
0.0018684799
0.05548166
0.022477496
-0.033812568
0.21297255
-0.07557988
0.106178805
3.88247e-07
-1.9645613e-07
3.3900113e-07
-0.0059482795
-0.007841854
-4.186706e-07
-5.207739e-08
0.049962793
-0.48619384
-0.46019098
0.034531523
0.076212004
-0.04142156
-0.017262032
4.693224e-07
-0.030906154
-0.01392277
4.9088936e-07
-2.8053063e-07
-2.4431293e-07
0.224894
1.924802e-07
0.0064328406
0.4163669
-1.8237502e-06
-0.4898648
-0.07819103
-0.005993695
0.012118038
0.06483926
0.32880884
0.21889184
-3.1773774e-07
-3.4374983e-07
-8.6851564e-08
-0.021153329
0.30681735
3.958818e-07
-6.5115316e-08
-0.043214913
-0.02941018
0.04629678
-0.0042420784
-0.0010631632
-0.0765165
-0.016549356
4.290946e-07
0.0005305283
0.035612002
-5.992646e-07
-5.7249815e-07
-4.1566386e-07
-0.0386736
-2.2222645e-08
0.008565097
-0.023078043
-1.2157644e-06
0.0047977744
-0.13823335
0.0054949047
-0.0046533355
-0.3766594
0.04046936
-0.13596241
2.7489654e-07
-6.3035266e-08
4.3797357e-08
0.03156283
-0.020538133
-1.229762e-07
3.2500506e-07
-0.13386856
0.05519749
0.42840925
0.003966305
-0.10853674
0.0053546545
-0.007517161
-4.447779e-07
-0.021822968
0.012231891
-3.6450282e-07
-4.5326723e-07
5.3814466e-07
0.08185798
-2.0054277e-07
0.0048440453
-0.6277334
-1.0524553e-06
0.18021005
0.006742181
-0.4498125
-0.09163179
0.0411765
0.35700285
0.094680816
-5.5917485e-07
1.0788893e-07
-2.3253972e-07
-0.1830427
-0.12734444
-3.2764942e-07
5.882023e-07
-0.004510479
-0.043542568
0.014359533
-0.017568784
0.10227019
0.041763347
-0.042243283
-1.576802e-08
0.023383418
-0.14126986
2.159113e-08
-2.4023277e-07
-2.1295794e-07
-0.009134767
4.228368e-07
0.020729568
-0.014094977
9.886225e-08
0.0008403027
6.588401e-05
0.009888973
0.006336206
-0.03469483
-0.035101753
0.06675914
-2.8508148e-07
4.9153664e-07
-1.8895861e-07
-0.023192039
0.06974426
2.9942385e-07
4.300711e-08
0.053140353
-0.18370739
-0.0328589
0.01129678
0.0036588197
0.0069143674
-0.009481099
-1.131214e-07
0.0434036
0.024202952
5.659948e-07
7.8243815e-08
-7.790153e-08
0.03523141
1.8807303e-07
0.029233104
-0.47915086
-1.0914816e-06
-0.011600366
0.00123795
0.14055707
0.18625769
0.028861688
0.091739826
-0.10399677
-6.8762444e-07
-2.1049546e-07
-4.3426525e-07
-0.14431557
-0.018121883
3.6823243e-07
4.7196832e-07
0.021224953
-0.020041779
0.011478663
0.16900983
-0.020934805
0.045111176
-0.15836
-5.651384e-07
0.015760452
-0.27663308
1.5542106e-07
6.143413e-08
-6.1796015e-07
0.0101951035
-2.3487394e-07
-0.7703162
0.0034129736
-1.1885687e-06
0.094988026
-0.02635019
-0.020138187
0.08339234
0.017798409
0.08202042
0.6770544
-5.1309485e-07
-5.5511087e-08
-5.243827e-07
0.032446474
-0.12745519
-5.7206705e-07
-4.554527e-07
-0.10858147
-0.023168283
-0.07392308
-0.04271167
0.10206533
0.053444434
0.054779887
4.7175007e-07
-0.040480103
-0.01437401
3.1037143e-07
4.315127e-07
-4.50908e-07
-0.01569766
-4.7803997e-08
-0.027374016
-0.03273155
-3.644087e-07
0.20488735
0.28020823
0.060698625
-0.006877513
-0.22838508
-0.031371128
0.021418864
-1.0513805e-07
-3.287737e-07
3.582887e-07
-0.0021628072
0.094001
-2.739025e-07
4.356178e-07
-0.003003265
0.020350035
-0.06127226
0.040032554
-0.0039545083
-0.009455638
0.003231731
2.691663e-07
0.36867198
-0.0072421217
1.19093e-07
-5.7560822e-08
2.8965457e-07
-0.01975205
-5.015013e-08
0.027484175
0.031549394
2.2908584e-07
-3.6484394e-08
-4.9640665e-08
-2.417067e-07
1.732751e-07
-4.2998073e-07
1.5276727e-07
4.7294222e-07
2.1291838e-07
-3.8913572e-07
-8.4057305e-08
-4.5883237e-07
-6.460614e-08
1.2624132e-07
-3.498004e-07
4.069401e-07
-2.8410983e-07
2.0030907e-07
7.522631e-08
8.369782e-08
-5.466993e-07
3.4538238e-07
-1.2833569e-07
-1.9106983e-07
2.919789e-07
-7.230986e-07
-2.0353052e-07
5.0157547e-07
-3.109331e-07
3.88717e-07
-5.912786e-08
5.7533276e-07
3.52879e-07
-4.1313297e-07
-9.6617256e-08
2.2871434e-07
7.9136214e-07
7.036994e-08
-2.5420516e-07
-5.497825e-07
3.9919215e-07
2.5986608e-07
-2.5298856e-09
-2.706613e-07
2.696994e-07
5.24436e-07
4.479257e-08
-4.112835e-07
-3.9969868e-07
3.07851e-07
-1.3921353e-07
2.3448037e-07
-3.3609788e-07
1.902037e-07
-5.1158956e-08
3.890581e-07
4.5319265e-07
-4.0937624e-07
2.3124025e-07
5.0784905e-07
-4.179814e-08
-4.6339076e-07
-3.5408848e-07
3.7401506e-08
-2.7086847e-07
-5.3398514e-07
5.3555175e-07
3.7516847e-07
3.5172982e-07
-4.071001e-07
-1.4036152e-07
-1.8293989e-07
-3.7197702e-07
3.9896318e-07
7.071936e-08
2.2174163e-07
4.5889882e-07
5.9459587e-08
-3.341773e-07
-4.5792595e-07
-7.7336175e-08
3.7121436e-07
-3.5136284e-07
-3.3220545e-07
8.641302e-08
-4.703952e-07
4.7186407e-07
4.549119e-07
3.3752985e-07
1.399291e-07
1.4073538e-07
-3.7134592e-07
-2.16401e-08
2.6442106e-07
5.535191e-07
6.268387e-08
9.3449285e-07
0.00883216
0.027106578
-0.019075671
0.026321074
-0.01908185
-0.026294343
-0.07475884
-3.9589614e-07
1.0585833e-07
-5.38312e-07
0.014042965
0.021274565
1.5384794e-07
5.088693e-07
0.019907637
-0.00036765527
0.028629113
-0.012683692
1.2656296
0.09419453
0.027740803
-1.792009e-07
0.003958469
-0.007852076
3.9021472e-07
-2.480137e-08
-1.5179795e-07
-0.0282383
4.73277e-07
0.021955762
0.028755711
3.2235863e-07
-3.4849e-07
-6.527552e-07
8.006236e-07
3.474886e-07
-2.4773536e-10
-1.524047e-07
-2.308324e-07
-6.831649e-07
-5.2642065e-07
3.0579596e-07
-1.7431807e-07
-2.6672623e-07
-2.8318468e-08
-5.5393855e-07
-7.0484384e-07
3.4448925e-07
1.0352833e-07
4.1552477e-07
2.0820895e-07
9.569978e-07
-6.9113653e-09
4.440685e-08
-3.3413903e-07
-2.8059645e-07
-2.521349e-07
3.979742e-08
5.394152e-07
-5.065843e-07
2.6064666e-07
-7.0292793e-07
-3.1058389e-07
2.045076e-07
0.04019965
0.035178293
-0.0019359415
0.0027707773
-0.10638026
0.10892375
-0.06467965
3.4791123e-07
-4.0761768e-07
-1.4386754e-07
0.011492501
0.05893924
1.2875249e-07
1.9067375e-07
0.08748865
-0.032355387
-0.10993326
0.027727706
-0.07345428
0.07603609
0.04653566
-4.977014e-07
-0.0052342676
0.0069763865
1.8761139e-07
-4.2184564e-07
8.712772e-09
-0.012827879
-1.3877397e-07
0.026630767
-0.6005366
5.487592e-07
-0.036891486
-0.29687428
-0.0033498812
0.01883411
0.20447287
-0.026878932
-0.040973175
4.6608605e-07
-4.9358056e-07
1.0308041e-07
-0.007071255
0.10821267
-2.2283979e-07
5.5502926e-07
-0.17408244
-0.008403575
0.07390658
0.024265828
0.0162601
-0.01822195
-0.059948623
2.388591e-07
0.16532607
0.0067545013
-1.527184e-07
3.282613e-09
1.6766097e-07
0.01667631
-4.7516278e-07
0.03586192
0.032243267
-1.2058412e-07
-2.4778393e-07
2.082437e-07
1.0275554e-08
1.9700694e-07
3.8233767e-07
3.4353081e-07
3.849769e-07
-2.819167e-07
-5.1078285e-07
1.6101416e-07
9.3299946e-08
1.6646125e-07
2.0222261e-07
2.6686592e-07
4.003711e-07
-1.3202552e-07
4.001601e-07
5.039246e-07
-1.19297745e-08
3.847267e-07
2.942249e-07
-2.7371334e-07
-1.6161836e-07
-3.865624e-07
-2.389539e-07
-3.65869e-07
5.077971e-07
5.641222e-07
-6.051155e-08
2.3687059e-07
-4.2172888e-07
-6.0021034e-07
-7.689362e-08
9.953876e-08
-4.759631e-07
-8.709337e-09
1.0060211e-07
8.464517e-08
5.420797e-08
-1.8924933e-07
-8.025614e-08
5.2911062e-08
-1.3868939e-07
4.5872596e-07
2.9778425e-07
-3.5972434e-07
5.9921274e-07
6.899246e-08
2.285379e-07
-2.9882943e-07
4.606052e-08
1.4833475e-07
-6.5314566e-07
4.061112e-07
1.975333e-07
7.292969e-09
1.2194425e-07
-5.430735e-07
-2.1777822e-07
-2.8774386e-07
4.2887694e-07
7.78193e-08
8.849561e-08
-1.3668154e-07
-0.0029709877
0.048583426
0.0025289576
-0.040133763
0.17492947
-0.061906833
0.024743533
-1.4688985e-07
-3.1396786e-07
3.1230206e-07
0.021829179
-0.08944243
-4.2917904e-07
-5.619659e-07
0.35139826
0.062217113
0.047839686
-2.9934301e-05
0.089744054
-0.20781904
-0.029298045
-2.4806664e-07
-0.25037503
0.08643851
-4.7538894e-08
3.203209e-07
3.102884e-07
0.043957468
3.7967575e-07
-0.02851519
-0.015329226
-1.0222687e-07
-0.01744694
0.021264158
0.009614126
-0.024532475
0.047722533
-0.06684616
0.08721319
7.005447e-07
7.805206e-08
-4.8366024e-07
0.012215825
-0.007952955
-4.1375665e-07
3.8993352e-07
0.004802675
-0.59627235
0.05245207
0.016101766
-0.015213865
0.049167305
-0.026961043
-4.5879844e-07
0.016299548
0.014084536
3.6313185e-07
-1.2592159e-07
4.5122735e-07
-0.07942725
1.5046449e-07
0.007028141
-0.5107149
-2.3330666e-07
-0.101848006
0.39664266
0.00935513
0.012341935
-0.37912396
0.030044049
-0.009000645
-3.2207413e-07
-1.5467654e-07
-7.018891e-08
-0.012769607
-0.10948216
-3.5233776e-07
1.11954584e-07
0.09843014
-0.13963546
-0.42318878
0.024625927
-0.012013056
0.015789537
-0.027218854
-3.1181378e-07
0.5657463
-0.011283309
4.1016972e-07
1.910026e-07
-4.7324835e-07
-0.03328696
9.978987e-09
0.032032866
0.13704091
4.9361614e-07
-0.00052069617
-0.0083981585
0.22361542
-0.37649977
-0.00535201
-0.023285327
-0.018255798
3.0972575e-07
5.2577286e-07
-1.5945777e-07
0.093697496
0.02134873
3.054456e-07
4.766621e-07
-0.012993443
-0.023971101
0.0016285407
0.6665984
0.08737966
0.04075541
0.23864774
1.0938383e-07
-0.023419173
0.26635027
2.9026108e-08
2.2576828e-07
-3.9478903e-07
0.031246476
4.4307365e-07
-0.19734032
0.007832386
-5.110125e-07
4.3941e-07
6.349028e-07
2.4711576e-07
4.295665e-07
8.9776385e-08
2.5343775e-08
1.12932426e-07
2.1454159e-07
-3.3331474e-07
3.3427554e-07
-3.6963576e-07
-2.9435355e-07
4.1598025e-08
-4.5569828e-07
-1.4414194e-07
-4.5096232e-07
2.6352266e-08
5.387381e-07
9.194522e-08
3.8537007e-07
-1.5228028e-07
1.5746383e-07
5.8862616e-07
-4.1979834e-07
-2.7835128e-07
4.7516545e-07
-4.1369705e-07
1.7780234e-08
3.5663322e-07
1.476066e-07
4.5092287e-07
-4.7408756e-07
0.044487815
0.29233024
-0.011669247
0.01309302
0.66970634
-0.11050503
0.1142575
-1.6011043e-07
4.747558e-07
-3.035313e-07
-0.03824874
0.06286486
-4.387324e-07
-3.733753e-07
-0.3318053
0.0701654
0.008825799
-0.011637913
0.019818364
-0.047111996
0.014505463
2.2772663e-07
0.37635157
0.040480897
-1.8308472e-07
-4.6044627e-07
-6.6679337e-07
0.14153227
-5.090062e-07
-0.0030161894
-0.3078873
-9.570778e-07
-0.0017929917
-1.0700529
0.0012312166
0.0077712894
0.23146343
-0.03751892
0.015914947
3.8696396e-07
1.8424988e-07
-3.372733e-07
-0.0007773348
-0.033927917
2.3721945e-07
-1.623154e-07
0.2590405
-0.096902624
-0.07189622
-0.021705614
0.020038597
-0.008992808
-0.0022114343
-1.7024942e-07
-0.12766837
0.05515568
1.6875336e-07
-1.3015114e-07
-3.4335704e-07
-0.007201099
-4.3888397e-07
0.00046967977
0.0032412244
-3.6473546e-07
0.03497648
-0.047532175
0.05081974
0.016088694
0.19359934
-0.063011415
0.014593602
5.791387e-07
2.3789133e-07
8.260461e-08
-0.030418972
-0.06652213
4.2978164e-07
2.1396731e-07
0.39221552
0.11538076
-0.0012789324
0.0219213
0.033824913
-0.07605085
-0.0034015074
-1.8683177e-07
-0.77161276
0.030541768
5.2477898e-09
-1.962259e-07
3.8538354e-07
-0.015020915
-4.4227036e-07
-0.012058026
-0.109884605
1.6568216e-06
-0.61582476
-0.04885302
-0.009262317
-0.013302147
0.016235504
0.032212485
-0.20937458
1.9283902e-07
-3.2158212e-07
-4.9675305e-07
-0.013091235
0.1107702
-2.4102317e-08
2.2314434e-07
0.06701911
-0.0041287155
0.004872227
-0.033302333
0.06277893
-0.14833957
-0.024898937
3.4657205e-07
0.010784848
-0.0025283361
1.3120471e-07
2.793232e-07
3.8951123e-07
0.004216588
-1.6014371e-07
-0.025476763
-0.00089966494
-4.221313e-07
-0.036151852
0.0022975625
0.04744705
-0.038697436
0.06212948
0.015388993
0.06471912
-5.3308736e-07
5.1565163e-08
1.6596874e-07
0.07965969
-0.021793999
-1.7909821e-07
-8.461046e-08
-0.015731988
-0.6969686
0.3421218
0.038475614
-0.02789979
-0.015766889
-0.032737426
-4.8890894e-07
0.13420092
0.01405167
-2.9944795e-07
-3.6387286e-07
-5.48798e-07
-0.042174496
-4.197335e-07
0.020901049
0.033165988
-2.2532168e-08
0.058066353
0.14879048
0.02273544
-0.015058063
-0.26989353
0.06731047
-0.08387373
2.1392721e-07
1.5181026e-08
-5.122355e-07
-0.0049423813
0.02066061
-1.0521789e-07
-3.4246617e-07
-0.18668588
-0.5477544
-0.020486275
0.04917459
0.003595496
0.027008548
-0.01809831
-1.03689494e-07
-0.5474555
-0.01729656
2.9724436e-07
4.5259693e-08
-1.09059656e-07
-0.6914383
5.1759787e-07
0.026535291
0.106376156
5.4587144e-07
-0.009425299
-0.0009018262
0.23095621
-0.058850896
-0.00402897
-0.020332333
0.048253532
1.4121773e-07
1.3539345e-07
3.010143e-07
0.029778732
-0.033870805
4.822662e-07
1.6298542e-07
-0.0094358465
0.012786526
-0.0009887724
-0.52567565
0.041884482
-0.02487884
-0.008363277
1.9726128e-08
-0.004985408
0.05050239
3.1673548e-07
-1.2346302e-07
7.1244114e-07
-0.0068563074
5.5319583e-07
0.7874862
0.007496669
-1.0313847e-06
-0.02407288
-0.0028804457
-0.00038692905
-0.20856094
-0.019598922
-0.06319699
0.10666225
1.1319298e-07
-2.4311527e-07
-4.002958e-07
-0.51136225
-0.035093043
-3.2317223e-07
-2.6291096e-07
-0.00019056069
0.011720013
0.039926253
-0.1405511
0.036942437
-0.022707038
-0.03902618
2.4001415e-07
-0.006859444
-0.6685946
-2.81739e-07
2.1463906e-08
2.5659581e-08
0.002805025
4.4352498e-07
-0.05890829
0.0056768954
-6.0853813e-07
-0.049809773
-0.0054237554
-0.2501845
0.030428428
0.0048170686
-0.017933143
0.06607125
3.7967598e-07
-7.0070996e-08
-4.1630418e-07
-0.05784793
-0.04834071
-4.9752042e-08
1.0684438e-07
-0.00017934866
0.011850421
0.00676756
0.8712099
0.043321718
-0.00066923647
-0.034293223
3.2651585e-08
-0.0071503064
-0.11430578
-4.74786e-07
-5.50053e-07
-3.5985465e-07
-0.00387448
4.086581e-07
-0.59811133
0.011290424
-6.698151e-07
-0.041562226
-0.005193382
-0.050685816
-0.16897683
0.012847781
-0.020893322
0.024243664
3.587437e-07
4.530276e-07
-5.041577e-07
-0.88852847
-0.06334184
4.2785152e-07
4.4109207e-08
0.011541138
-0.007877757
0.009364881
0.000659475
-0.008846214
-0.00599579
-0.06977768
-3.3992535e-07
0.000121247846
0.24608979
-5.6692357e-08
-6.613184e-08
-6.163647e-08
-0.014492564
-3.613886e-07
0.022375042
0.005704502
-1.0027082e-07
-0.007720726
0.28075418
0.021686621
-0.017204512
-0.2501622
0.06360553
0.01976347
-5.0879606e-07
8.070132e-08
-1.447163e-07
-0.043159198
0.0028190631
-3.472943e-07
-3.7048702e-07
-0.009461119
0.014438571
-0.052668363
0.06922653
-0.17720032
-0.09375435
-0.08825915
-2.4342216e-07
-0.18604505
-0.10908991
1.8605174e-07
1.5683713e-07
-3.653536e-07
-0.03317832
-9.860339e-08
0.049274664
0.019243725
1.3246862e-06
-0.013960646
-0.0131824715
0.58436245
-0.0898935
0.021324037
0.08609981
-0.12096605
-3.2950553e-07
-4.4780492e-07
5.2230433e-07
-0.04676977
-0.01020783
-3.595984e-07
2.516654e-08
7.444226e-06
-0.043350924
-0.016955277
-0.64026666
-0.0140143065
0.074527934
0.091691285
4.597592e-07
-0.0036641692
-0.027790662
-5.616346e-07
-1.1588959e-07
-2.415258e-07
0.020954471
-2.2967352e-07
-0.1476063
-0.004501094
-2.5211057e-07
4.3407715e-07
-8.3769926e-08
5.0554655e-07
-5.161661e-07
4.704439e-07
-4.3657133e-07
3.0120424e-07
4.2347932e-07
-7.450778e-08
2.9410063e-07
-7.696994e-08
3.946964e-09
-2.4253762e-07
-2.2985704e-07
-8.085131e-08
1.954138e-07
-2.3511238e-07
3.60444e-08
-3.11061e-07
1.9493639e-07
-4.2196245e-07
7.470073e-08
-4.0419796e-08
-5.385499e-07
-4.714205e-07
4.6995982e-07
-6.4831205e-08
5.599611e-07
1.8297354e-07
5.433845e-07
5.0353467e-08
-5.97787e-07
-0.00038065633
-0.02174743
0.0024241768
-0.011149439
-0.029182898
-1.0603238
-0.71776515
7.432729e-07
-4.234213e-07
-2.2939991e-08
0.013735461
-0.08171674
3.9696985e-07
-2.4953866e-07
0.017633358
-0.13012624
-0.057142463
-0.0018082149
-0.12025764
-0.040046677
0.0014647515
3.4287126e-07
0.033685464
0.009164863
-4.1540025e-07
-5.215307e-08
-2.1779239e-07
0.011045826
-5.438139e-07
0.013447463
-0.027392002
-1.6369615e-06
-0.072757244
-0.03734979
0.018198775
-0.01841672
0.02637068
-0.07009267
0.18368255
-1.9735437e-07
-5.180505e-07
5.350272e-07
-0.014021542
-0.061634984
-1.8048283e-08
5.437626e-07
-0.03456197
0.055981554
-0.2813119
0.005527828
-0.016489446
0.074070275
-0.0027556254
2.5534214e-07
-0.047570877
-0.0013633558
-1.3409181e-08
-2.5436003e-07
4.7048013e-07
0.09400649
4.2933715e-07
0.02323054
-0.2311009
5.515482e-07
6.035812e-08
-4.3209334e-07
-5.188004e-08
1.5423205e-07
4.8331955e-08
-3.1964774e-07
-4.778846e-07
2.1038835e-07
-4.2446476e-07
2.7837157e-07
-4.8040217e-08
2.7907103e-07
-8.299126e-08
1.331532e-07
7.965888e-09
2.700134e-07
9.369477e-08
-1.3950966e-09
-3.2698912e-07
-3.8524902e-07
-3.8283584e-08
5.5548713e-07
2.5722653e-07
1.7039896e-07
-5.2140866e-08
4.913857e-07
-1.6314551e-07
-8.3525215e-08
-2.0963054e-07
8.391311e-08
-1.777494e-07
6.507073e-08
0.018428855
0.033205993
-0.0025881496
-0.021016935
-0.14027825
0.04965543
-0.05423086
-6.797712e-07
3.2745072e-07
-4.2927132e-07
0.029855268
0.04717644
1.2777124e-07
3.534406e-07
0.05946414
0.25316072
-0.1795928
-0.015123292
-0.0086322585
0.0387973
-0.009172357
-4.2593544e-07
-0.06946343
-0.004363458
1.14867085e-07
-3.3542624e-09
-3.0846064e-07
-0.13952911
-1.9173532e-07
-0.011173575
-0.49914235
-3.245058e-08
0.0619795
0.03429193
-0.0052395333
-0.013026837
0.013618318
-0.51742387
-0.15643626
3.6151545e-07
1.3450143e-07
-3.5669095e-07
0.018528076
-0.38864172
-1.2581249e-07
1.6020098e-07
0.0476772
-0.0402571
-0.12517935
-0.044735026
-0.069263674
-0.12762645
-0.002737205
-3.2758564e-07
0.010943613
0.0109570045
-4.1862856e-07
-3.7932455e-08
2.036244e-07
-0.0023915514
3.6535332e-07
-0.027497642
0.078451276
4.9541313e-07
-0.029215192
-0.00063119805
-0.10562296
-0.041669115
-0.043664783
-0.8449043
-0.3105396
-2.1749807e-07
5.4120136e-07
2.7181545e-07
-0.14850292
0.022887908
-3.5527367e-07
2.1588833e-07
-0.021147365
0.033146888
-0.049503837
-0.018408349
-0.057985954
0.070586465
-0.001786262
2.323281e-07
-0.012267423
-0.020417456
4.308103e-07
-4.374215e-07
-4.4181573e-07
0.01655589
5.247913e-07
-0.014099392
0.007920307
-9.389255e-08
-2.0059393e-07
-5.182417e-07
4.0122052e-07
-2.4364272e-07
-3.0078021e-07
4.4559644e-07
3.3393135e-07
-2.687312e-07
-8.993229e-08
-2.4195856e-07
5.1860854e-07
-1.451296e-07
2.681441e-07
3.5482603e-07
-1.4591402e-07
-1.7510882e-07
-3.516874e-07
-3.094455e-07
4.8878553e-07
5.589349e-07
-5.4652105e-07
1.5014979e-07
-3.380468e-07
-3.2572981e-07
-3.2040583e-07
1.9779445e-07
-2.3335348e-07
2.5029613e-07
-5.2190614e-07
3.717971e-07
-2.95491e-10
7.081008e-07
0.015042768
0.005236095
0.022816185
0.05156945
-0.001813007
-0.012011706
-0.069692746
-1.6055556e-07
4.4069395e-07
-5.0677573e-09
-0.73315006
0.00373113
-4.417924e-07
3.0818092e-07
-0.0006595807
0.0036044277
-0.02835274
0.07560964
-0.018249648
0.06270655
0.0059654955
5.20636e-07
-0.013767341
0.20261312
-4.2018834e-07
4.541055e-07
-1.2447201e-07
-0.003299989
-4.662162e-07
0.06253802
-0.012927975
-1.5192305e-07
0.013400468
0.44522518
0.0032207472
-0.0005104361
-0.10502142
-0.04265054
0.037761234
-6.4857515e-09
1.6375596e-07
-4.9716215e-07
-0.014123558
-0.03236839
1.7742467e-07
-3.4528682e-07
-0.89580894
-0.017927783
-0.06155526
-0.012099119
-0.007852979
-0.009798755
0.008938266
-3.5812033e-07
0.3767732
0.010914501
2.1730963e-07
-4.887591e-07
2.8567788e-07
0.0624848
-3.2488956e-07
-0.014280443
0.058431186
-1.4625563e-07
-0.025155935
-0.028421078
-0.002588441
-0.014507547
-0.06915876
-0.0729296
-0.15407898
-4.7589273e-07
-2.7157893e-07
-3.7449162e-08
0.03412134
-0.012017323
3.8853582e-07
4.3277785e-07
-0.06937504
0.24466799
0.09924751
0.0069018593
-0.0154312
-0.08043503
-0.03575444
3.4746304e-07
-0.020599695
-0.0026608454
5.735397e-07
-5.7690846e-07
-5.434302e-08
0.07167803
-1.6188191e-07
-0.0042340453
0.45711687
1.7998248e-06
-0.85609233
0.006255865
-0.057213742
0.0092496695
0.06736565
-0.03654815
-0.049441773
-3.9671448e-07
-8.913466e-09
3.8631796e-07
-6.3550666e-05
0.3164294
5.1798185e-07
2.9336125e-08
0.050393388
0.0055175438
-0.015211181
-0.03570948
-0.010121289
0.042599555
0.008365268
3.2427036e-07
0.004527824
-0.008240912
-4.8901677e-07
1.3335107e-07
-3.2178758e-07
-0.01428486
4.208737e-08
-0.028321471
0.01863497
3.2995135e-07
-0.024352528
0.0009136409
-0.04910535
0.9223276
0.0062812627
-0.04240276
0.050405506
1.7915146e-07
-2.8112157e-07
1.9685731e-07
0.039637476
-0.02393781
5.481326e-07
-2.5521365e-07
0.0037928687
-0.00021771328
0.008553618
-0.03127568
0.034514148
-0.0070871254
-0.54334104
-1.0384817e-07
0.008124791
0.07764446
-1.1987765e-07
7.297637e-07
-6.125736e-07
-0.004578428
4.6142756e-07
-0.090065084
0.0005852892
3.6081738e-07
-0.009279007
-0.0038309896
0.032497447
-0.028690731
0.07487102
-0.10604537
0.18333596
5.004172e-07
3.3597868e-07
-5.6342293e-07
0.05728374
-0.0010478501
2.5357435e-08
-4.335875e-07
-0.018032776
-0.50240207
0.28263524
0.010047244
-0.026790315
0.0061301654
-0.0070261
-3.3922254e-09
0.12592614
0.00027993787
-8.688824e-08
5.5952904e-07
6.0094396e-07
-0.015691254
1.1710867e-08
0.004485567
0.15723585
-3.1165453e-07
-0.016629767
-0.046895158
-0.012676956
-0.007455406
-0.04692963
-0.050332665
0.1344638
5.38406e-08
3.926028e-07
-5.1238633e-08
-0.021277111
-0.04443523
8.2803716e-08
-3.6223804e-07
-0.044431496
0.5854973
-0.38064143
-0.017634852
-0.012835835
0.025807267
0.0172325
1.6844716e-07
-0.055845194
-0.0063837417
-3.6220464e-07
-3.9789947e-07
-5.7096764e-07
0.3024421
6.152663e-08
0.000999918
-0.1428264
-7.142921e-07
0.0072048176
-0.014412626
-0.05893217
-0.7606592
0.0069260243
0.08553793
-0.06290411
-2.2407121e-07
-3.8168473e-08
-1.9378925e-07
-0.12792227
-0.012116552
-3.343588e-09
1.1824974e-07
0.0026849036
-0.014165934
-0.014383458
-0.0005949801
-0.049354225
0.07138331
0.5409158
-4.435127e-07
-0.003667167
-0.21195221
-4.707118e-07
-4.5069675e-07
2.719521e-07
-0.0030075666
-1.8675278e-08
-0.012577554
-0.009423315
-4.0116637e-07
0.6952423
0.09996135
0.0097751785
-0.0069427537
-0.050031148
0.014182389
0.20673245
2.642956e-07
3.920969e-07
-3.0330955e-07
-0.0047369534
-0.8123366
2.8311862e-07
-5.2909748e-09
-0.020158235
0.01550267
-0.024848046
0.0036345911
-0.054266784
0.02896131
-0.0034076264
-1.4000295e-07
-0.039512567
-0.0062902393
-1.828168e-07
-4.473885e-07
-1.3443481e-07
0.004049664
-4.33912e-07
-0.002289206
-0.016854918
4.646226e-07
0.029639494
-0.021944845
-0.038558953
0.03297135
0.07409065
-0.0765658
-0.020698681
8.684471e-07
-1.13834425e-07
-3.8491134e-08
-0.020761115
-0.012672888
4.7627978e-07
-1.2231573e-07
-0.10673461
0.5037755
-0.36228272
-0.02371328
0.04165232
-0.14133903
0.0065150955
3.9287034e-08
-0.15548667
-0.07723276
-8.2293425e-09
1.5076797e-08
-1.8458039e-07
-0.06976585
3.2124603e-07
0.0012765928
0.5262711
