0.14953086
0.19256274
0.21441567
0.14946914
0.19937506
0.12246058
0.121648975
0.054172624
0.0621887
0.17628127
0.2716082
0.080890805
0.3172548
0.279246
0.23064093
0.17929104
0.06792621
0.19449866
0.19477583
0.14839047
0.15704323
0.15687267
0.18838358
0.16765459
0.1853024
0.18319525
0.07271471
0.21800709
0.22513899
0.095970206
2.9751849e-08
0.1478159
0.11398548
0.21828529
0.09557402
0.10209816
0.15330988
0.22719038
0.08144372
0.11979412
0.15028407
0.10838169
0.1414961
0.2377672
0.12602396
0.13575631
0.10798787
0.20631716
0.1665624
0.24903461
0.123145945
0.20668462
0.18021658
0.18449727
0.2631523
0.19392723
0.23542269
0.20678623
0.20675492
0.12208382
0.31353438
-0.087281
1.760306e-06
0.3006869
0.1485772
0.10468978
0.133006
0.31410033
0.055644684
0.06483654
0.22790454
0.19058584
0.3547268
0.2446447
0.14737234
0.12575416
2.8587946e-08
0.14311749
0.22813432
0.16506404
0.21931055
0.28142834
0.19924638
0.26669094
0.1884607
0.09827908
3.1260723e-09
0.1257429
0.11405924
0.25916246
0.17364554
0.214002
0.16334778
0.20997812
0.133779
0.13202499
0.19583328
0.11016083
0.16848457
0.20346648
0.17162816
0.11957574
0.10912369
0.25192723
0.17294125
0.119768724
0.16613102
-3.8808718e-08
0.22667849
0.18703577
0.25362235
0.16045894
0.14082699
0.20379794
0.4260644
0.11726084
2.1632884e-08
0.24079795
0.22746345
0.23029886
0.13080446
0.122037746
0.16765797
0.07921851
0.29569906
0.43541664
0.20989732
0.14877501
