-0.033951886
-0.041698188
0.005676424
0.02759253
-0.06464428
-0.03800846
0.042685483
0.29461247
-0.07448151
0.027289981
-0.116619416
0.020404618
0.23689982
-0.21024533
0.1376037
0.1039358
-0.12013983
-0.013710262
0.08485355
0.006279335
-0.06577129
0.017037917
0.2624258
-0.0021413385
-0.0218258
0.03057913
0.059194922
-0.07874292
-0.062016737
0.0125364475
-0.039095476
0.3542483
-0.066840634
0.004083826
-0.055269685
-0.0060828556
-0.010296237
0.048271682
-0.00026342305
0.053785134
0.24254876
0.033370774
-0.0145922955
0.04950245
-0.0073802103
0.049702466
-0.020373076
0.055610076
-0.12406848
-0.29501635
-0.17822464
0.051644124
-0.055881135
0.06578149
-0.06989406
-0.21013573
-0.07861659
-0.026623951
0.010198124
-0.015328627
0.066296495
0.22533618
0.066424556
0.054995626
-0.023173794
-0.06603058
0.23675443
0.003939043
-0.24819505
0.092205666
-0.014796287
-0.061054517
-0.028324299
-0.1629325
-0.054177072
0.07263285
0.16705474
-0.14903069
0.011153234
0.14883012
-0.02685853
-0.05166913
0.047921997
-0.05835274
0.053647988
0.2426293
0.08274083
-0.04217092
0.07853487
-0.04835616
-0.024043035
-0.058676302
-0.02430594
-0.054330815
0.48587438
-0.07827093
-0.038195703
-0.07402506
-0.06206841
0.01048765
0.011220192
0.009745646
0.011108433
0.26608622
0.029309573
0.006426129
0.03576709
-0.0030202568
-0.013753691
-0.053505678
-0.020620117
-0.026914086
-0.11926241
-0.03899735
-0.043179125
-0.14793171
-0.05192938
-0.0023345747
0.24749012
0.11898645
-0.066914044
-0.0036753064
-0.10345604
-0.017330894
-0.15572804
-0.07459381
-0.08272875
-0.04827856
-0.0435297
-0.056965757
-0.027937531
-0.08552599
-0.05127527
-0.09518087
-0.04482058
-0.13175339
-0.13758777
-0.0013050264
-0.12679717
-0.02724019
0.14583522
-0.008656856
0.08323582
0.1798329
-0.0064729056
-0.26601616
-0.032810442
-0.06517949
-0.08774003
-0.062018562
0.060925893
0.36439973
0.07900327
-0.0042684856
-0.048318747
-0.015687251
-0.035257164
-0.19464074
-0.06001905
0.014293488
-0.042485207
-0.008557411
-0.021015216
-0.10938161
0.015177968
0.050679952
0.26213518
0.025229374
0.010000023
-0.04553861
-0.017392062
-0.046322394
-0.20725271
-0.04079127
-0.072358504
-0.24310923
-0.10988418
0.12787972
0.45756564
0.095416136
0.22854853
0.10124595
-0.071586005
0.09361056
0.028858526
-0.027398862
-0.013816675
-0.24353394
-0.070138976
3.5649034e-08
1.7485839e-08
1.5585421e-08
-3.419243e-08
-3.4336074e-09
5.3911663e-08
4.7919528e-08
6.727467e-09
2.2615279e-08
-0.0009927918
0.0638608
-0.014066351
-0.014376442
-0.2961462
-0.0528988
0.042652573
0.29378974
0.05885856
0.055976674
-0.0040212483
-0.039923567
-0.4081238
0.102686025
0.30629098
0.04411343
-0.013430987
-0.031916957
-0.005917251
-0.013731194
0.010719201
-0.03551622
0.42795262
-0.01038895
-0.011346237
-0.029967595
-0.0135328155
0.094876386
0.006572977
-0.07460491
0.2772161
-0.03652789
-0.21724497
0.06203581
-0.038256075
-0.0676483
-0.008997565
-0.03763786
0.04831563
0.44908535
-0.09220991
-0.285949
-0.009933761
-0.034312062
0.03613425
0.085693166
-0.01933859
-0.09243682
0.28662637
-0.007719395
-0.2261055
0.09535235
-0.04240175
-0.07327369
-0.015077076
-0.013524242
0.016290126
-0.030066375
-0.31181964
-0.06483888
-0.0012954737
-0.0023863406
0.0054653604
-0.08895208
-0.050010335
0.019684674
-0.19860907
-0.019590758
0.18853234
-0.057658367
0.07818213
0.11309061
-0.029071132
-0.06787955
-0.04417345
-0.049624667
0.53442705
-0.086393006
-0.02347956
-0.090990014
-0.040741477
0.007824817
-0.059381448
-0.11203607
0.3071863
0.060024332
-0.3034004
0.14678787
0.018158901
-0.020417316
-0.031012798
-0.045087945
-0.0052581704
-0.00440701
0.3121247
0.010750783
-0.0004608197
0.070931494
-0.028690597
0.0014450465
-0.004567392
0.010337035
0.014184055
0.2717109
0.05383731
0.011567108
0.040601168
0.018870983
-0.03745031
0.016449869
-0.026389468
0.047896124
0.27881223
0.085241385
0.008332756
-0.067104384
-0.017570028
0.0068206647
-0.09608784
-0.037756298
0.27412227
0.005164361
-0.22382653
0.076053336
-0.059263583
-0.032152202
0.102404706
0.3069621
0.09113302
-0.0581493
-0.20067033
-0.061520033
-0.037507057
-0.1122157
-0.051913504
-0.07121144
-0.16046539
-0.13091725
-0.15904139
-0.04593978
-0.14400096
-0.09273132
-0.1785804
-0.072909094
0.062023595
-0.13538213
-0.030924002
0.32553732
-0.24475329
-0.11945118
0.19101697
-0.00584047
-0.052206513
-0.01684221
0.076943696
0.17336488
-0.18826291
-0.100849174
0.29233626
-0.116798446
-0.15562448
0.028167997
-0.05778123
0.010948277
0.04018096
-0.017153176
0.301136
0.035896268
0.031217134
0.10314211
-0.071290225
-0.084744185
-0.03553782
-0.05339009
-0.045885604
0.014937942
-0.040027563
-0.06389224
-0.016292794
-0.08058146
-0.02945449
-0.04336687
-0.17568842
-0.016012494
0.38463652
-0.00027573618
-0.066028915
-0.12815987
0.00891275
-1.0889175e-07
-1.2572153e-08
9.85586e-08
-3.5634887e-08
-1.59793e-08
5.5582092e-08
-2.7123047e-08
6.009533e-08
-4.891204e-08
9.612734e-09
-1.8865245e-08
-1.8361948e-08
-5.697391e-09
2.603635e-08
-1.2325682e-08
1.7799914e-08
1.0841809e-08
3.515797e-08
0.034854252
0.1487378
-0.099647135
-0.17775422
0.18495463
0.12894829
-0.074119374
-0.16105859
0.059719186
-0.054904714
-0.018018708
-0.052551758
-0.04000783
-0.041813463
-0.061960395
-0.06757255
-0.052812
-0.072956
-0.06339438
-0.13338344
-0.021037653
-0.10669273
-0.07148764
0.061960816
-0.009547952
0.03700873
0.3614252
-0.057229243
-0.1621309
-0.061197937
-0.049927913
-0.32897586
-0.03738402
0.12798007
0.5200824
0.06868005
-0.015184698
-0.059136264
-0.021010946
-0.095478505
-0.15463088
-0.091729105
-0.009271511
-0.06101382
-0.01359548
-0.06145212
0.01137137
-0.051567465
-0.037931934
-0.091380164
-0.027124051
-0.05651036
-0.03646607
-0.055393334
-0.053633083
-0.14204231
-0.021937484
-0.19523434
0.11846017
0.11916668
-0.039290458
0.15140808
0.030638283
-4.8760644e-08
-2.3421904e-08
1.0861886e-10
-3.6111715e-08
2.7878284e-09
-3.2942957e-08
-1.1137436e-08
-6.0341485e-08
5.1012886e-08
-0.061721496
0.08648751
-0.061772488
-0.075372055
0.3183872
-0.051088147
-0.07666103
0.09104608
-0.05467683
-0.019302538
-0.07252682
-0.032130808
-0.042916067
-0.19532862
-0.045443933
2.2300545e-05
0.4079996
0.03246038
-0.06586607
-0.037761346
-0.07374646
-0.029825028
0.017640373
-0.04459948
-0.06355943
-0.04716292
-0.068596676
-0.0015181877
0.29907656
0.16799302
-0.058466688
0.012255423
-0.032404114
-0.07710095
-0.25527576
-0.026182855
-0.051368944
-0.14466096
-0.023699058
-0.05613516
0.45159173
-0.08790795
-0.05150912
0.049567524
-0.05056901
-0.08306551
-0.16116902
-0.06641797
-0.0751317
-0.17594014
-0.11257827
0.12315472
0.37260148
0.12951839
0.13924806
0.30472657
0.11540187
-0.05552292
-0.061227866
-0.037593223
-0.09190845
-0.22000061
-0.09216002
-0.053398248
-0.12162774
0.12715593
-0.081468664
-0.17559889
0.2242738
-0.030959127
-0.08908649
0.13544826
-0.025314266
0.049379773
-0.028658656
-0.07941329
0.27167338
-0.03827134
-0.037501488
0.055538554
-0.055693056
-0.004968785
0.020587292
0.0025503433
0.022047475
-0.42910838
-0.024957038
-0.016277833
-0.0119374525
0.0025436548
0.098207325
0.19993313
0.13563463
-0.01195437
-0.114664234
-0.05020001
-0.06735744
-0.14949396
-0.06793469
-0.04202078
-0.04870906
-0.04382554
-0.069376394
0.52895683
-0.06620848
-0.026150946
-0.063649505
-0.041033335
0.087874085
-0.033540297
-0.045482997
0.26231685
-0.10142129
-0.15696377
0.1395663
-0.07293211
-0.09781693
-0.020852393
0.05671316
-0.039968994
-0.025509505
0.49144194
-0.05777989
-0.029397344
-0.17492288
-0.04022958
0.011724754
-0.116436325
-0.024176175
0.19589517
-0.20914255
-0.16816638
0.17992625
0.12196324
0.029197747
0.01261629
0.022255044
0.0053068553
0.0008068693
0.2091512
0.009547459
0.011235025
0.034981634
0.017061768
0.19305132
0.36460096
0.21667437
-0.138356
-0.16347128
-0.16588758
-0.09050565
-0.08863216
-0.072871715
-0.010494743
-0.0058482727
-0.032539982
-0.050468154
0.40378365
-0.020197187
-0.012733808
-0.003441676
-0.023622755
0.045160007
-0.028103363
-0.049485262
0.29223168
-0.10796817
-0.13937451
0.1408921
-0.095795184
-0.048409678
0.0042119846
0.051656857
0.0037847648
0.004590823
-0.2600009
-0.061822485
-0.013695327
-0.087464064
-0.046258595
-0.035485603
-0.0007451273
-0.03905982
-0.112613164
0.12726676
-0.118667774
-0.1004084
-0.014045952
-0.091707334
-0.05376064
-0.035426702
-0.05884094
-0.047444593
-0.07729164
-0.054598853
-0.04806159
-0.033897664
-0.059378497
-0.034770377
-0.06354271
0.16949168
-0.064181425
-0.12954311
0.12681653
0.000133164
-0.03412479
0.20611863
-0.04124481
-0.06588626
-0.054740086
-0.07056
0.5600981
-0.0538685
-0.0363222
-0.07619364
-0.059318066
0.037926164
0.084022455
0.036670227
-0.1052334
-0.21524628
-0.102079496
0.05788557
0.12999429
0.05839865
-0.029641163
-0.031742766
-0.032486886
-0.06350717
0.41696352
-0.019545736
-0.019512663
-0.025030103
-0.024855021
-0.008776085
-0.026070697
0.0055520996
-0.16222808
0.53535616
-0.16545428
-0.023387272
-0.032811627
-0.04726184
-0.02528195
0.039019614
0.12942243
-0.21219234
-0.084636085
0.32471123
-0.114662
-0.12430338
0.052661527
-0.035545398
-0.003442873
0.048743054
0.12899593
0.14325574
-0.029744215
0.05702252
0.014896169
0.019796325
0.034961056
-0.11796974
0.039606687
-0.027387317
-0.3645015
0.06793439
0.091375284
0.15852384
0.09413988
0.047488797
-0.046626512
0.03717725
-0.037983656
-0.32031348
-0.11911498
-0.011491946
-0.09552739
0.052149314
-0.06111382
-0.025888013
-0.07840426
-0.017670648
0.0041993884
-0.03712403
-0.08965949
-0.059296705
-0.092840075
-0.012677604
-0.05767105
-0.010320696
-0.03434802
0.33150354
-0.009687354
-0.033693615
-0.10331283
-0.023479411
0.04198294
-0.05381536
-0.16471815
-0.10218658
0.39087588
-0.031527463
-0.023465514
-0.06603978
0.04992855
0.009435153
0.007104888
0.0081006065
0.008400349
-0.39174405
-0.019803874
0.0020377187
0.002721733
0.01720203
-1.9066134e-08
3.829464e-07
-1.2353361e-07
5.2960655e-07
1.1919199e-06
-3.1153715e-07
1.5299469e-07
-3.3931607e-07
-7.8578336e-07
-0.0068790517
-0.14266914
0.010023256
0.14103493
0.2583355
-0.00087709073
-0.046724822
-0.18577003
0.078822084
-0.08055859
-0.14361462
-0.058083426
-0.029681826
-0.17172492
-0.047916092
0.108841114
0.27634236
0.11543001
-0.0019319832
-0.18709202
-0.0014137976
-0.018954305
-0.2787733
-0.04228517
0.05786425
0.4365556
0.042883355
0.12121345
-0.059197117
-0.046600122
0.35362682
-0.06853024
-0.26801822
0.07023286
-0.075060114
-0.05792735
0.084729016
0.37814593
0.05533288
-0.029291365
-0.07624954
-0.0069198157
-0.05074005
-0.2397103
-0.039750967
0.12165417
0.16594037
0.02982031
0.13145815
-0.26327497
-0.08867146
0.01459864
-0.07086165
-0.009853321
-0.011663835
-0.010053061
0.0026539688
0.019873418
-0.32486767
-0.09368563
-0.0087601
0.052234218
-0.010279435
-0.003338408
0.016557563
0.0015257567
0.018926583
0.3132291
0.0064303004
-0.03382828
0.01169823
-0.035402983
-0.026687777
-0.043705326
-0.15369876
-0.09279634
0.36645564
0.07935233
-0.07158879
-0.06822639
0.0005845581
-0.072739616
-0.07939886
0.023611385
-0.21699359
-0.021689566
0.31372848
-0.0443022
-0.048266064
0.051080957
0.015352594
-0.010266695
0.021995017
-0.008157231
0.2905835
0.009912378
0.003826621
0.005892447
-0.00082293747
0.046934407
-0.15480763
-0.07301112
0.10810275
-0.14196524
-0.14300844
0.22732154
0.11283915
0.0072794226
-0.007439732
-0.045951843
-0.010934375
-0.015872471
0.38105837
-0.012261034
-0.016571341
-0.038157407
-0.0036233044
-6.659555e-08
-7.774241e-08
3.2253983e-08
-2.0510246e-08
4.676318e-08
6.174114e-08
-3.2191664e-08
-5.347791e-08
-4.0978954e-08
0.081198625
0.21827339
0.11453561
-0.023656417
-0.023869054
0.00912309
-0.08412117
-0.19887108
-0.069940224
0.037044834
-0.0010004999
-0.032577757
0.16169262
-0.044228166
-0.042025905
0.09923287
0.07293362
-0.04567672
0.024009712
-0.18385084
-0.02469928
0.03155163
0.28017762
0.048146687
0.028012432
-0.044840537
0.048256386
-0.05158724
-0.054672815
-0.0460487
-0.07962499
-0.021970263
-0.08179564
-0.060562707
-0.06700173
-0.054880556
-0.011491106
0.030441409
0.005803782
0.06427724
-0.44434083
0.033181366
0.0038803222
0.0029817494
0.012881158
-0.07104116
-0.012490787
-0.07769844
-0.0371124
-0.064546354
-0.037620395
-0.05937541
-0.05436229
-0.06834346
-0.050046615
-0.27037042
-0.045693766
-0.13618337
-0.21763209
-0.15037335
0.16131294
0.55061156
0.16018564
-0.004456518
0.0016832503
-0.026030548
0.003249144
0.38100877
0.032044303
-0.012168297
0.014427481
-0.014686264
-5.612258e-08
-1.5995862e-08
-5.809443e-08
-6.1892944e-09
-7.578156e-08
-7.395781e-08
-5.6052163e-09
-3.8244394e-08
-4.451491e-08
-0.03946634
0.009622835
-0.019723495
-0.025206417
0.23211105
-0.042354763
-0.013784226
0.09167024
-0.0052573816
1.0053249e-09
-3.4980886e-08
-6.9221606e-08
-2.3055067e-08
-3.134777e-08
2.1346342e-08
-1.163609e-07
-2.9089795e-08
-2.3589733e-08
0.027903166
0.014554529
-0.00076451176
-0.012563647
0.27193078
0.027803583
0.00750431
0.0358721
-0.00018961646
-0.040486503
-0.03198872
0.104969725
-0.13208395
-0.18942764
0.41515937
-0.009986253
-0.06527914
0.023980115
-0.041026857
0.004379747
-0.025552807
-0.028548548
0.28082678
0.0067266305
-0.008069381
0.049207717
-0.004954056
-2.9533598e-09
5.5444946e-09
2.2554127e-09
-2.9358553e-08
1.4681153e-09
-8.272415e-09
-4.9700444e-09
1.3186942e-08
3.4493276e-08
0.026520137
0.037041668
0.01568926
0.015718594
0.1958015
0.026867826
0.013045437
0.06336794
0.01731131
-0.0132057415
0.043318875
-0.023876406
-0.021995567
0.35122955
0.003670194
0.002738643
-0.0064958497
-0.008916135
-2.9793445e-09
-3.8911555e-08
-2.8204356e-08
-2.9431325e-08
-1.364745e-08
1.4094251e-08
2.6294401e-08
-3.944599e-08
3.909332e-09
-0.0044178227
0.024939358
-0.014053266
0.029221939
0.24511155
0.0816456
-0.021171302
0.029129215
0.038957708
-8.919852e-05
0.015427191
-0.009634268
0.013851672
0.2829167
0.043123752
-0.0017298755
0.004030818
0.0005823884
-0.10718428
-0.13708071
-0.10078454
-0.06529679
-0.057054922
-0.046404008
0.09461843
0.26126096
0.15327407
-0.042215593
0.07223033
-0.026793579
-0.1498015
0.36407882
-0.20114948
-0.024609083
-0.014574357
0.034563895
-0.06081228
-0.2039428
-0.08936666
-0.06092068
-0.097103864
0.002316556
0.114975825
0.33762556
0.045265604
-0.045949098
-0.2044539
-0.059210703
-0.03199597
-0.05381771
-0.020641051
0.061216317
0.31237894
0.095272206
-0.03248328
-0.025249934
-0.021642733
-0.018320562
0.42397666
-0.032071587
-0.053565975
0.014762462
-0.043600157
-0.044914186
0.064281754
-0.021512266
0.07234992
0.24796677
0.07551668
-0.051934555
0.06430135
-0.034955535
-0.0062496536
-0.027350606
0.0057480033
0.048489872
-0.37481433
0.07320543
-0.0141037265
0.11274746
-0.023428818
0.020785455
-0.020145416
0.03945091
0.11027265
-0.4731286
0.13756506
0.016153116
0.16824757
-0.001071077
-0.029124578
-0.04533153
-0.04108407
-0.021615097
-0.14419332
-0.03877825
-0.03551997
-0.05336163
-0.03947381
-0.04344921
0.010206015
-0.045748517
0.009382678
0.37199625
0.03400068
-0.043508362
0.01732687
-0.04005969
-0.081409276
-0.029606678
0.09079782
-0.23824853
-0.030160835
0.29453444
-0.09626079
-0.013932323
0.0807379
0.017289266
-0.01873203
0.0031473585
-0.0030024531
0.2446401
0.007629153
0.009681029
0.044271134
0.011319492
-0.04401423
-0.10514981
-0.06852294
-0.06296288
0.377831
-0.06345993
-0.05701484
-0.051442266
-0.05974529
-0.07347655
-0.18251345
-0.05811038
-0.07826728
-0.008314024
-0.03982163
0.04828334
0.27443612
0.106083006
0.0051940945
-0.0026101666
0.014015248
0.009293856
-0.3858723
0.0013721081
0.025002412
0.0497743
0.021598326
-0.031403083
0.014734591
-0.034544934
0.015804783
0.26003614
0.02169752
0.00868776
0.051297795
0.017090239
-0.030592462
-0.008671644
0.03895972
-0.051218648
-0.2580045
0.2822194
-0.018888492
-0.033983335
0.0677621
0.012547535
0.023279002
0.014457866
0.037367366
0.23235895
-0.006348269
0.037035584
0.05033913
0.022564746
-1.247708e-08
1.9911075e-08
-7.496376e-08
-3.5635207e-08
-2.9713284e-08
-2.876588e-08
-4.550767e-08
4.9730993e-09
9.059801e-09
0.0009929124
-0.208049
-0.042310886
-0.006728352
-0.07786775
-0.055683646
0.062262047
0.33611047
0.028025001
0.13166243
0.13489309
0.18699583
0.002269189
-0.07730698
-0.004868362
-0.0049166963
-0.11033565
-0.03281914
-0.052249666
-0.1140848
-0.071131155
-0.120245725
0.034844436
0.1757354
-0.11646862
0.01977975
0.103267275
-0.023792489
-0.06751124
-0.023417404
-0.16741283
0.3938435
-0.07617662
-0.014240283
-0.10591817
-0.01337989
0.18675953
0.048255593
-0.046270225
0.2994085
-0.08494915
-0.24996562
0.056898974
-0.07203614
-0.13210706
-1.9205002e-07
6.863952e-08
-1.4149147e-08
-1.5151328e-07
1.04597035e-07
-1.902274e-07
-1.0695192e-08
9.065863e-08
-8.8457156e-08
-0.017218068
-0.058389865
-0.036495823
-0.08220911
0.5808361
-0.054408304
-0.0050413837
-0.046756715
-0.005639414
-0.05137627
-0.055225365
-0.054521542
0.062349055
0.27016968
0.057764772
-0.0500643
0.0071002785
-0.055310983
-0.048469804
-0.011925701
-0.051906496
-0.06336948
0.58628935
-0.18993767
-0.007966517
-0.21543239
0.009421394
-0.031593714
-0.080161884
-0.03419792
-0.059962507
-0.069593936
-0.072158344
-0.017316375
-0.10574588
-0.04185087
0.026400715
0.031813372
0.04292793
0.060436755
0.16827255
0.06862552
0.029736644
0.056737892
0.04115563
-0.06669174
-0.06580349
-0.10926188
-0.13755313
0.06509119
0.19116811
0.10631432
0.07362579
-0.0349939
-0.019239217
0.025332453
-0.023757385
0.0064620613
0.34305602
0.056810524
-0.037989877
0.006827976
-0.042633798
-0.07973699
-0.28628775
-0.036106635
-0.034130957
0.07883236
0.041216113
-0.022613857
0.21766685
0.15634562
-0.03452259
-0.039223813
0.04724008
-0.17633976
-0.15104541
0.34940392
-0.05071512
-0.03299336
0.08004149
-0.013066947
0.34372538
0.017916435
-0.060335875
-0.1668466
-0.074328266
-0.0109152505
-0.030377254
-0.02010857
0.025448358
0.06644883
0.03723513
0.0495937
-0.47377655
0.034246396
0.024093982
0.006427165
0.02461906
-0.011193339
-0.00016559871
-0.04587929
0.0005824939
-0.07269798
0.30377978
-0.022490393
-0.071681865
0.063984364
0.020484721
0.024758695
-0.026576132
0.038160935
0.22006838
0.046143968
-0.03897226
0.038676705
0.08872735
-0.046009682
-0.061007738
-0.093088455
-0.061723422
-0.013501735
-0.051597353
-0.08379674
-0.07975487
-0.11201884
0.007026642
-0.05207178
-0.00275252
-0.07117957
0.47074768
-0.046873927
0.010128177
-0.0119481655
0.016462889
-0.08030707
-0.12413427
-0.0932986
-0.05725982
-0.004928916
-0.067150176
0.10214384
0.24715313
0.11880042
-0.010196116
-0.0124858925
-0.013970897
-0.03149104
0.40011233
-0.03149092
-0.0077236937
-0.041717384
-0.011207743
-0.04210647
-0.08178303
-0.055972237
-0.07964003
-0.21690603
-0.09462311
-0.06738192
-0.08702493
-0.023978475
-0.0021131781
0.011902099
0.001041233
0.032185327
0.24090296
0.053689968
0.009625359
0.057353016
0.024763945
0.08169488
0.13500164
0.10166848
0.04380414
0.06480754
0.031435072
-0.048790436
-0.1403319
-0.054157794
0.037646685
0.14060724
-0.0076978435
0.13259152
0.14173363
-0.13628541
-0.03843008
-0.19180764
-0.06676873
0.047653507
0.22022258
0.040523842
0.09606541
-0.1984111
-0.14879094
-0.10026982
-0.030030165
0.065308675
0.058450416
0.036158934
0.05336422
0.031558264
-0.47379142
0.043507528
0.044382654
0.11779711
0.06974905
-0.024463193
-0.14102186
0.1320373
-0.06645042
-0.24853607
0.36311966
-0.06021264
-0.09268831
0.11657937
0.0033919923
-0.06032793
0.0027861993
-0.06567627
-0.18171854
-0.070831954
-0.015882552
-0.05947059
-0.020101467
0.08747137
-0.08082115
-0.032396898
0.3483062
-0.2043449
-0.12621973
0.07159319
-0.11654364
-0.00018902139
0.21175814
0.24245836
0.0074070357
0.10550811
-0.2269891
-0.113497816
-0.022780325
-0.12876177
-0.12196468
-0.0028402132
-0.015031858
0.01951947
-0.24450527
-0.058893546
0.28908908
-0.011817259
-0.044705532
0.034911077
6.213299e-09
-1.4461168e-09
7.930848e-09
-5.097215e-08
2.4530733e-08
9.085402e-09
-2.8077096e-08
-5.432751e-08
2.9514686e-08
-0.09803031
-0.26689416
-0.08773112
-0.041845366
-0.14201768
-0.06622856
0.121444695
0.51316345
0.10389813
-0.0033702378
-0.04300944
-0.0012377789
-0.0357258
0.3818529
-0.016563423
0.009721773
-0.01612771
0.004370257
0.04008659
-0.026623905
-0.09175873
0.19473143
0.03981523
-0.19889778
0.0747317
0.022830028
-0.082707144
-0.017657395
-0.07005896
-0.051548183
-0.05912097
-0.061439138
-0.047399446
-0.053556204
-0.034802593
-0.061069142
-0.04326379
-0.032200813
-0.02043933
-0.007536052
-0.13695927
-0.028370619
-0.007478134
-0.06684052
-0.003824628
0.030616848
-0.16615707
-0.1056917
0.110376306
-0.14224714
-0.13508178
0.17894883
0.20146586
0.039698746
-0.026899662
-0.016956544
-0.03282525
-0.04777467
-0.23846616
-0.018881684
0.0010231809
-0.026261002
-0.018863466
0.10361713
0.3783337
0.09647014
-0.045329962
-0.043843664
-0.038677435
-0.05775893
-0.32224151
-0.061842017
-0.06987285
-0.14405926
0.0461933
0.0923444
0.3636535
-0.056282848
-0.03609861
-0.12556145
0.014301821
-0.005286695
0.030658793
-0.0064300876
0.047845747
0.22397615
0.06673442
0.00064220454
0.05950336
0.015217193
-3.0643506e-08
-1.8810338e-08
-7.4316047e-09
7.4387323e-09
2.3752804e-08
-1.38446685e-08
4.955015e-09
6.3988073e-09
-3.174945e-08
-0.04736298
-0.09520598
0.018642407
-0.101617545
0.33541065
-0.022988476
0.000981751
-0.028507113
-0.077084966
-0.04793152
-0.06274547
-0.049451996
-0.08342344
0.50728923
-0.064930595
-0.040371094
-0.105806425
-0.05111052
-0.03623799
-0.03828999
-0.06742315
-0.009681165
-0.12027618
-0.06155866
-0.06390243
-0.05246932
-0.06854774
-0.053068392
-0.03503098
0.09673777
-0.17334065
-0.058546785
0.33133283
-0.04970379
-0.11182954
0.060302556
-0.020369286
-0.024930345
-0.032684658
-0.10467289
0.54827255
-0.094794005
-0.033561397
-0.16210563
-0.030404432
-0.044423535
-0.115893826
-0.030667195
-0.1019233
0.3352121
-0.07057185
-0.053557403
-0.04129352
-0.027330987
-0.09226645
-0.10528746
-0.084555045
-0.0801681
0.34489632
-0.06279637
-0.07014871
-0.073718615
-0.09229303
-0.01773811
0.0004081878
-0.01964658
-0.00019496273
0.30068433
0.011511566
-0.0280438
0.004970964
-0.010207068
-0.14904769
-0.13574608
0.034052722
-0.15116899
-0.02935942
0.16894981
0.0078106523
0.123913564
0.14282492
0.07290707
-0.025887128
-0.03733617
0.43792054
-0.12156963
-0.29043862
0.05867213
-0.039658483
-0.0381128
-0.01139517
-0.13655482
-0.09783137
0.086047
-0.011981317
-0.13359658
0.32754818
0.07854466
-0.035523247
0.010427558
-0.022145793
-0.0888737
-0.076847695
-0.095701784
-0.064836174
-0.07240396
-0.08031153
-0.07820528
-0.02961362
-0.20881261
-0.032684628
-0.061546657
-0.11255259
-0.060417447
0.056000948
0.3563441
0.06046099
-0.044315524
-0.067633666
0.13181287
-0.12394474
-0.12816872
0.2748328
-0.07164158
-0.07501317
0.09223401
-0.043400656
0.09794352
0.02984795
-0.23115465
0.25877446
-0.09375241
0.072066106
0.03384887
0.0043025254
-0.038707417
-0.016017294
-0.034611475
-0.035429798
-0.18294597
-0.06851532
-0.031779844
-0.045342818
-0.01973487
0.011968626
-0.050176732
-0.0019378846
-0.052996963
-0.16290565
-0.06566022
0.015888482
-0.07344782
-0.011841985
0.005222822
-0.030644944
0.03206052
0.02504644
0.27715957
0.019699456
0.005877591
0.047128953
0.0112482505
0.015804812
-0.13750629
-0.067228064
0.23891108
-0.21132429
-0.09014255
0.2231113
0.0064861868
-0.033160847
0.036927115
-0.0017540497
-0.07760206
0.10639955
-0.315171
0.17136501
-0.07910729
-0.038564794
0.13747779
-0.00999176
0.03220967
-0.0042612245
0.024998182
0.2568693
0.029507916
-0.0042234235
0.013138623
0.011273663
-0.046624444
0.042664424
0.05501111
-0.11127932
-0.15210624
-0.07764547
0.04882583
-0.0036115586
-0.10954496
0.07060168
0.07469303
0.080689676
0.07775011
-0.26830393
0.07598055
0.06671152
0.094061986
0.057586685
0.008641111
-0.02655503
0.018104263
0.021932103
0.24713951
0.021191714
-0.02681201
-0.22072029
-0.0532233
0.097285315
0.3059739
0.11073004
-0.10263119
-0.07344028
-0.109883524
-0.032284062
-0.15763874
-0.046342243
0.026228482
-0.09027013
-0.05568787
-0.05440133
-0.10419256
0.2814768
-0.1132894
-0.08924286
0.17995182
-0.027082413
-0.27231124
-0.15019013
-1.1279373e-05
0.031393174
0.010082884
0.153823
0.275714
-0.032267477
-0.0065254453
0.094681494
0.04031396
-0.09196527
0.22214706
0.06551321
-0.12022396
-0.20323311
-0.03277597
-0.08072302
-0.10482172
-0.08115526
-0.07061157
0.48059618
-0.05331594
-0.066980205
-0.032991417
-0.09221202
-0.07593827
-0.01379045
0.29983062
-0.060940314
-0.167384
0.063953236
0.006173755
-0.024690581
-0.060678437
-0.0042674015
-0.004630871
0.0019710062
0.011790251
0.2667332
0.038158916
0.013818493
0.016014794
-0.007600147
0.008159409
0.02083163
-0.00770116
-0.009104742
0.260983
0.059494592
-0.0035035475
0.027082289
-0.00802618
-1.1249558e-09
-4.684249e-08
4.395483e-08
1.4339523e-09
1.3425756e-08
-4.6799823e-08
-1.5284444e-08
5.9104717e-09
1.5842698e-08
0.014355243
-0.06173368
-0.038986262
-0.06627941
-0.07755262
0.3996295
0.039897837
-0.039429568
-0.059192654
5.9168162e-08
3.341987e-08
4.2146073e-08
-3.530456e-08
-4.120164e-08
2.1088475e-08
-1.944225e-08
-1.8787059e-08
-1.01296616e-08
-0.019723672
0.055156186
0.015036371
-0.012168505
0.26986226
-0.018124813
-0.003906743
0.071905434
0.001606902
-0.001159113
0.033256702
-0.0036718594
-0.005416221
0.34403113
-0.014742793
-0.055644903
-0.12772642
-0.05701984
0.018160902
-0.18378893
0.013902746
-0.076015465
-0.19834219
-0.08252053
0.036121245
0.41744718
0.004929388
-0.035426382
-0.0042670732
-0.054938298
-0.02232031
0.42158502
-0.038965993
-0.049331944
-0.08904919
-0.040941957
-0.025720853
-0.10624589
-0.06204873
0.0377471
0.30543828
0.062471367
-0.01809364
-0.104711756
-0.044729456
0.044847142
-0.14682505
0.062255416
-0.04528537
-0.2382626
-0.024705421
0.07737546
-0.20676012
0.044821884
-0.0015808285
-0.0002491466
-0.009547587
-0.013686554
0.33949044
0.012421266
0.0014392833
0.04694923
0.006569908
0.013433342
0.10600105
0.012783795
-0.06499157
-0.3428224
-0.042213194
0.047619853
0.20887756
0.054592103
-0.038171977
0.019201158
0.049768537
0.0032302705
0.2247008
0.08043259
0.043863486
0.08677355
-0.044694018
1.4208156e-06
1.8941777e-05
4.2781508e-06
-5.249612e-06
6.753142e-05
-1.0071461e-05
-9.208248e-06
-1.605025e-05
-2.0003703e-05
1.4005062e-07
3.4367235e-07
-1.7158118e-07
2.3675736e-07
1.0127986e-06
2.3696096e-07
-1.9792986e-07
8.5777565e-08
-1.7773917e-07
0.026789717
-0.042158015
0.029455882
-0.030576188
-0.20597413
-0.12413422
0.058175836
-0.1277906
-0.055434044
0.0023413093
0.04281741
0.21655817
-0.14718387
-0.1498592
0.2084738
-0.08276208
-0.13543384
0.04275372
0.08367316
0.27733454
0.07422758
-0.008393812
0.0070515736
0.013121035
-0.088250324
-0.26423955
-0.08960103
-0.10467528
-0.0314974
0.012133406
-0.03607987
0.42387977
-0.166821
-0.016159484
-0.008580567
-0.050447367
0.00053301535
-0.01797805
-0.0011496505
-0.008031269
-0.3156443
-0.022072006
-0.009036807
-0.005462143
0.018166408
0.04966773
-0.037880555
-0.04915222
0.28453055
-0.026162786
-0.22098887
0.067639895
-0.006040466
-0.06395844
-0.015127417
-0.03064554
0.06297449
-0.23310003
-0.100187846
0.3301829
-0.050776765
-0.045559168
0.078956276
-0.015259685
-0.08046708
0.09016162
-0.14542961
-0.27996078
0.40749186
-0.007574937
-0.10352681
0.07410727
0.010958216
0.019368207
0.012748193
0.020042676
-0.3843388
-0.014170845
0.031186547
0.018214904
0.026598068
0.052740756
0.101709984
-0.0050569023
-0.10983271
0.17482454
0.0018314659
-0.10486266
0.019532636
0.067660175
-0.07284267
-0.06533095
0.09606877
-0.2700292
-0.051072787
0.34125322
-0.07194781
0.0032194078
0.082386464
-0.0660515
-0.04265604
-0.061465956
-0.07118402
0.64295495
-0.08911186
-0.046708774
-0.11771969
-0.063504465
0.014206788
-0.074511334
-0.027364897
-0.036895838
0.32353452
-0.01176396
-0.008839829
-0.07093215
-0.013070774
0.10260418
-0.07855274
-0.032346815
0.4068032
-0.1014635
-0.28299117
0.071096584
-0.095615864
-0.017393187
-0.015892606
-0.10779379
0.03523489
-0.018443843
-0.23196705
0.35081893
-0.021445261
-0.00029691457
0.048001945
-0.039248984
-0.16976532
-0.058790512
-0.008051412
-0.057493325
-0.01688035
0.021388147
0.28451845
0.06863542
-3.3558972e-08
1.2469526e-08
2.5744766e-08
-4.99109e-08
4.673365e-08
-2.6652794e-08
-5.1511464e-08
-1.3506995e-08
-1.0496018e-08
-0.04784859
-0.13244206
-0.030665057
-0.0064558527
-0.32272226
-0.08486113
0.09277738
0.46232247
0.05216314
-0.038272228
-0.05201578
-0.034880117
-0.089618295
0.544736
-0.09159692
-0.026111402
-0.11683645
-0.037189018
0.009273934
-0.041726056
0.017236914
-0.029297918
-0.22563529
-0.05924152
-0.0031076844
-0.025707668
0.00043136685
-0.032960117
-0.22771361
-0.0107514635
-0.05694102
-0.11650625
-0.10740074
0.09764266
0.3600069
0.07439991
-4.143466e-09
4.717987e-08
-4.1690022e-08
5.2383484e-08
-1.3364775e-07
-1.6126555e-07
8.267045e-09
-2.3917956e-08
2.7525815e-07
3.5470883e-08
-2.369189e-09
-2.9634135e-08
7.139531e-09
-3.2569535e-08
-1.266915e-09
2.9900196e-08
8.080365e-09
-9.903157e-09
0.012952159
-0.035836697
-0.015431739
-0.032512873
0.43887338
-0.06853801
-0.034500208
-0.09557481
-0.014564268
0.040458478
-0.061088637
0.022694554
0.01853799
0.25750792
0.038030975
0.010739018
0.04876712
0.012550886
-0.02534219
0.0049928017
-0.04126698
-0.105313495
0.4116332
-0.10776695
-0.032081854
-0.18604366
-0.031057883
-0.022405999
-0.03398542
-0.016745059
-0.020107355
-0.13626616
-0.06763421
-0.04335669
-0.06603179
-0.03482495
0.014270096
0.07322358
-0.018152473
0.022815999
0.41603985
-0.059396368
-0.04895414
-0.10068122
-0.048700307
0.088259
0.25243616
0.06699103
-0.07831174
0.10808881
-0.0745515
-0.09929065
-0.22044903
-0.10468354
-0.02543905
-0.048416894
-0.016584087
-0.094544195
0.4783624
-0.0598178
-0.020402567
-0.13024716
-0.030248005
-0.14410463
0.010321771
0.12336559
0.30144066
-0.06000666
-0.23174897
-0.049201995
-0.008516521
0.07164741
-0.033361692
-0.017599382
-0.048650585
-0.060245726
-0.04428594
-0.06156344
-0.051485144
-0.064890906
-0.043197047
-0.0181869
0.00035698002
-0.0057268646
-0.0016874023
-0.38296235
-0.020666117
-0.018302511
-0.010283217
-0.003992224
0.103667095
0.4654095
0.11455023
-0.077778086
-0.14770643
-0.10453839
-0.06110596
-0.31021348
-0.053390395
0.14052977
0.5028969
0.11049059
-0.058096357
-0.08657781
-0.10965502
-0.098692715
-0.31034368
-0.07226146
-0.055908363
-0.049059816
0.07031796
-0.23552659
-0.0745868
0.33516192
-0.03480127
-0.018947603
0.0515198
-0.06738649
-0.057313867
-0.06857164
-0.042405557
0.111118644
-0.08299176
-0.064790644
-0.10757997
-0.037867337
-0.017854745
-0.011530166
0.007422262
0.044154104
-0.30631292
0.025594186
0.005974789
-0.026400372
0.021677248
-0.07602113
-0.071033746
0.10348802
-0.19381024
-0.076943085
0.32969397
-0.07339422
-0.05084363
0.100743204
-0.0022751389
0.05559396
-0.020165756
-0.033298843
0.27780715
-0.00837291
-0.041218672
0.08757756
-0.01372788
2.7737283e-07
-1.12481295e-07
-8.8516074e-09
-3.860752e-09
-2.2018737e-07
-1.6305142e-07
-6.090156e-08
-2.395257e-07
-1.8725744e-07
0.0033556866
0.016024716
0.00962542
0.019367177
0.25970882
0.04763706
-0.00218035
0.02163954
0.0043576965
-0.006319734
-0.03555631
0.0054525184
-0.012264659
-0.3737785
-0.023151945
0.002511559
-0.021060223
0.0013353723
-0.008142849
0.05403945
0.006338026
0.052942913
0.18199769
0.06479226
0.0071464237
0.044694196
0.016794775
0.057027504
-0.12650526
-0.05165876
0.11942255
-0.1679684
-0.1261903
0.2760244
0.0094825085
-0.017740747
-0.011791809
-0.00631827
-0.007470812
0.020417327
0.27553248
0.030613545
-0.0064834454
0.022969794
0.012915132
-0.04751598
0.0008170639
-0.09078755
-0.020704124
-0.040689394
-0.038057473
-0.039724562
-0.046696395
-0.064046584
-0.061262354
-0.050774306
-0.059993777
-0.048297867
0.4900718
-0.040916793
-0.056008074
-0.042608887
-0.059726056
0.0103866905
-0.03694774
0.0059452076
0.012854486
0.25333345
0.042583536
-2.2997281e-05
-0.0059813093
-0.00059074414
-0.0034350625
0.008757803
-0.013283311
0.02524933
0.22207856
0.008249873
0.00019852933
0.015374906
0.00817415
-0.05719602
-0.08733433
0.17443721
-0.08054638
-0.085037805
0.29435527
0.031942353
-0.10301743
-0.06344992
-0.10787609
0.27339476
-0.05069503
-0.019762367
0.041788988
-0.014911233
0.11266365
-0.31179538
0.06370439
-0.02058269
-0.06361562
-0.0006547708
0.016537372
0.32499608
-0.01188401
-0.021246433
-0.14790402
-0.051728964
-0.025722435
-0.09543366
-0.008601893
-0.040720694
0.38779896
-0.0587751
-0.010904106
-0.07084526
-0.0075709713
-0.061094895
-0.028258393
-0.056072548
-0.07005675
0.5609622
-0.050494634
-0.07044533
-0.080433846
-0.054968424
0.002547683
-0.049194846
-0.035091683
-0.028630493
0.4104228
-0.027095867
-0.061951544
-0.085472316
-0.019539915
0.14443165
-0.0717643
-0.052082516
0.22829449
-0.16382039
-0.17222291
0.13191782
0.018628111
-0.0551586
-0.039229795
-0.06627974
0.09083779
-0.017463556
-0.11731722
0.17629656
-0.008133425
0.13734691
0.021688363
-0.022782195
-0.02880174
-0.03048651
-0.039773088
-0.1984016
-0.054030616
-0.036771093
-0.04264411
-0.036121942
0.120096646
0.4144209
0.13754898
-0.08384988
-0.18292254
-0.10539959
-0.04488295
-0.17246391
-0.04540656
-0.00033699727
0.00692651
-0.0019709924
0.009266066
0.2487832
0.03241277
-0.007850087
0.022583792
-0.0076530906
0.07303681
0.26841348
0.07920465
-0.065652534
-0.13223618
-0.07147158
-0.040518917
-0.12649411
-0.05104844
0.0033141465
0.023366757
0.02597824
-0.011603529
0.28011146
-0.14484525
-0.000830796
0.075881615
-0.11673091
0.019774085
-0.013814701
0.041144453
-0.02547882
-0.2100309
-0.07151542
-0.0052890056
-0.1213038
-0.015514432
-0.020908127
-0.049915086
0.07816695
-0.14913914
-0.20297049
0.42833075
-0.06739985
-0.02822599
0.054087993
-0.056607667
-0.07809742
-0.075111546
-0.07170227
-0.028216789
-0.07025987
-0.08037222
-0.07659607
-0.083136454
-0.04857115
-0.11989703
-0.089067824
0.0098914215
-0.06320984
-0.045959394
0.08062995
0.22816345
0.06450421
-0.06734557
-0.19483998
-0.085355006
-0.028522307
0.008537184
-0.024340099
0.069910474
0.20642285
0.080073036
-0.00014839807
0.0997158
0.07459453
-0.0715776
-0.21074782
0.25187385
-0.054186285
-0.12855497
0.07675673
0.030983832
0.025439132
-0.040900517
0.002911197
-0.30332467
-0.106211506
-0.057869498
0.12379354
0.073027335
-0.023449963
0.007960332
-0.039194252
-0.12658072
0.3038537
-0.1165851
-0.07770419
0.025024002
-0.03672264
0.13956879
0.45855233
0.15573461
-0.113875926
-0.14686708
-0.1200588
-0.091560625
-0.2290662
-0.080917224
0.039354745
0.0973146
0.035218507
0.00962164
-0.030431347
-0.018128613
0.06903285
0.09673269
0.09984621
0.059561912
-0.101258926
-0.037133086
-0.0017010508
-0.09397311
0.3459109
0.030080209
-0.007745135
-0.12813109
-0.05565448
-0.027446585
0.11265116
-0.1140891
-0.16536686
0.33433288
-0.0007314984
-0.13521774
-0.0030108844
0.056686003
-0.020907817
-0.049766883
0.3278481
0.008377177
-0.30821076
0.053399622
-0.03322697
-0.035921924
0.20960777
0.08231782
-0.023045737
0.13535789
-0.093085535
-0.09435966
-0.077205755
-0.09036384
-0.034929503
-0.036458883
-0.006036019
0.008504353
0.027108151
0.25935367
0.101145044
0.0028078305
0.077123694
-0.0070468117
-0.07486114
-0.060352325
-0.00864623
-0.057855092
-0.118718304
0.07399114
-0.048878092
-0.05508285
0.34857562
-0.008846742
-0.010463555
0.102762364
-0.19320308
-0.046095848
0.3865176
-0.12170519
-0.08850186
0.03166631
3.415791e-08
-3.9731205e-08
-3.5986428e-08
-2.831792e-08
1.8971805e-08
-3.131747e-08
3.2663614e-08
7.370797e-09
1.3858355e-08
0.02859528
0.09995763
0.1046073
-0.16070157
-0.075529724
0.17684811
-0.06266482
-0.09900553
-0.047778934
0.08667081
0.2236501
0.08460601
-0.008175265
0.0071884566
-0.01678301
-0.07735114
-0.2135553
-0.1002379
0.054701943
-0.1748142
0.029150164
0.4336367
-0.14952907
-0.13969253
0.072277434
-0.1745157
-0.0024140528
-0.008088947
-0.02776519
0.010439509
0.0049577137
-0.3700181
-0.021031154
0.009010549
-0.041035686
0.01623165
-0.0043281303
0.02371209
-0.0049874745
-0.012613072
-0.25696522
-0.029695595
-0.020685922
-0.052154746
-0.011284423
0.027024621
-0.31869
-0.0072939056
-0.06524622
-0.052649498
-0.040689457
0.024063516
0.39789006
0.043393668
0.0006525852
0.38854843
0.048805464
-0.0411228
-0.085791446
-0.04031758
0.0049463175
-0.16814506
-0.08794864
-6.915014e-09
7.8266e-11
-2.607909e-08
-1.4110426e-08
-2.2791864e-08
-4.620131e-08
-4.261398e-08
-1.4219491e-08
-4.690668e-08
0.0335206
0.053400528
-0.052299418
0.0815813
0.31656495
0.07109089
-0.04601107
0.019953163
0.016668478
-0.005610678
0.024570718
-0.023334684
0.0043920837
0.23325904
0.024195882
-0.024963882
0.030550443
-0.031121146
-0.011530171
0.04798809
-0.006358817
-0.013314368
0.27223757
0.0052459203
-0.02053874
0.0621702
-0.0033330426
-0.06216271
-0.08520086
-0.06557374
-0.04716705
-0.031456955
-0.049509488
0.15785179
0.22905593
0.14353508
-0.068481475
-0.07425503
-0.05128454
-0.0145184565
-0.13267806
-0.057979546
-0.029733952
-0.033520386
-0.03297378
0.20955881
-0.0991998
-0.116363466
0.380533
-0.20908658
-0.12086451
0.3035425
-0.12170158
-0.15013395
-6.60701e-05
2.880938e-05
-0.0007746813
0.0015934028
0.00032580682
-0.0015063185
0.0013473779
0.0015467667
-0.0014805312
-0.027710287
0.03142996
-0.0069182683
0.04688184
0.31012025
0.029938614
0.0070253536
0.031181578
-0.03618587
3.0670954e-08
7.183871e-08
-2.8337734e-08
-8.167562e-08
-4.4496225e-08
-5.6692273e-09
5.587305e-08
-6.598606e-08
1.3713944e-07
-0.068732165
0.029457083
0.039260436
-0.16924253
-0.08308416
0.09616622
-0.051610414
-0.14997068
-0.027811918
0.10280726
0.29167902
0.07268444
-0.044706475
-0.05262971
-0.0922701
-0.040280975
-0.194305
-0.052719466
0.041759897
-0.005203406
0.015573633
-0.047860384
-0.054852456
-0.048353802
-0.07671739
0.38999003
-0.089425065
-0.028767454
0.017593332
-0.003581419
0.019310744
0.26719642
0.042745534
0.0002167928
0.05622531
-0.015651122
-0.089448944
-0.19641007
-0.04885546
-0.05963518
-0.19358818
-0.018076004
0.047498025
0.38836712
0.073301375
-0.050238244
-0.07508173
-0.030716257
-0.013745996
-0.296975
0.013373853
0.06443655
0.3046975
0.08950734
-0.0018130734
-0.06671235
-0.0022750662
-0.042470235
-0.2519294
-0.055378985
-0.026892537
-0.03172849
-0.0038431366
-2.6042505e-08
-5.2173622e-08
-4.1489802e-08
6.417589e-08
-8.511232e-09
-1.5700545e-08
-3.812154e-10
-1.7867228e-08
-3.3859546e-08
0.048351604
0.038084175
0.034064837
0.0025439085
0.16286667
0.027792681
-0.0010040784
0.008996346
0.013502625
-0.07884023
0.07782202
-0.082652204
0.053997375
0.20794003
0.07108894
-0.048959196
0.099775136
-0.031784955
0.020907138
0.01011144
-0.0038659663
0.0232547
0.28519848
-0.007997327
0.0016206539
-0.0026718231
-0.026132254
0.024504771
-0.08957249
-0.0034030557
0.031348046
0.30104575
-0.05599011
-0.07471437
-0.036709502
0.05513341
-0.0036607184
0.016797952
0.044189386
-0.04265002
-0.3850907
0.06550853
0.041927285
0.09422125
0.0564236
0.06794567
0.38099876
0.0952522
-0.042296216
-0.0735104
-0.038124505
-0.04953781
-0.2875901
-0.06478316
-1.074359e-08
2.5733327e-08
2.2045192e-08
4.3274152e-08
8.363069e-09
-1.1028499e-08
3.395336e-08
1.9616806e-08
2.6056425e-08
-0.05393704
-0.012343577
-0.032931153
-0.023126567
-0.18958123
-0.063346975
-0.021585042
-0.09020061
-0.044364054
-0.111936614
-0.14475124
0.06271663
-0.2078615
-0.11974766
0.23107824
-0.011714171
0.077256136
0.19751157
-0.024603209
-0.04935886
0.0071968264
-0.06450891
0.31431136
-0.16106524
-0.010826639
-0.0533294
-0.005941681
0.028289244
-0.044993114
0.03178696
-0.03701692
-0.29387036
-0.052384574
0.02951096
-0.044025123
0.013534696
-0.051722102
0.051835857
0.025952866
-0.19430535
0.3471879
0.017664015
-0.030933565
-0.20107915
-0.010770015
-0.05372571
-0.2527266
-0.075888485
-0.016246017
-0.07325606
-0.036647867
0.08645793
0.33004
0.08246331
-0.06041214
0.038232367
-0.0477287
-0.11666356
0.45570415
-0.058320962
-0.039523996
-0.11148362
-0.017452408
-0.0062413076
0.0016230958
-0.015214225
-0.14324483
0.38420382
-0.13731268
-0.024439072
0.017912785
-0.039224938
-0.022754755
0.08580712
0.11735947
-0.20421852
0.038028013
0.1345623
-0.12228827
-0.06259615
0.045461215
0.0074605295
0.3096767
0.007682071
-0.018616127
-0.26869106
0.04909712
-0.012780798
-0.022549644
-0.04432918
-0.00881034
-0.032590125
-0.0045156484
0.009415881
0.31021863
0.044734754
0.009689411
-0.032814164
0.0033130639
0.0026312466
-0.010606696
0.0019762428
-0.023164088
-0.04723145
0.26711595
-0.024474228
-0.16528876
-0.024067009
0.17403738
-0.0069972547
-0.030012652
0.2572181
-0.16547737
-0.15777345
0.036066666
-0.1417255
-0.024309644
-3.9558966e-08
-4.220853e-08
-3.723379e-08
-2.6361695e-08
-5.906642e-08
3.2426446e-08
2.395208e-09
-2.1532534e-08
-3.6564533e-08
0.013632583
-0.00031778603
-0.016582875
-0.053943027
0.37297755
-0.018049482
-0.030195246
-0.03322045
0.0063005644
0.08284742
-0.010775702
-0.052453972
0.24540697
-0.09865683
-0.16536453
0.117954224
0.010373688
-0.074240424
0.055895183
0.0064151096
-0.075287975
0.22872478
0.03590286
-0.24222334
0.048622444
-0.0075832848
-0.07416248
0.065776244
0.35963276
0.081688374
-0.018471684
-0.030741274
-0.0099308
-0.069648705
-0.27753103
-0.0716732
-0.013481366
-0.05434066
0.022082562
-0.0379138
-0.33008263
-0.0016446608
0.037608616
0.023882201
0.025829174
-0.03340091
-0.124385916
-0.03201773
-0.09216971
-0.114153504
-0.09520366
0.08340522
0.2662585
0.092264846
-0.08793623
-0.20947413
-0.08503226
-0.02416927
-0.030689402
-0.01669042
0.07270319
0.23739006
0.09614917
0.10430896
-0.028220126
-0.066197164
0.35271356
-0.011733502
-0.31693363
0.07389791
-0.049464922
-0.0691876
-0.062207922
-0.070683345
-0.05284605
-0.16127679
0.5768787
-0.0973764
-0.022735756
-0.12408248
-0.01293587
0.024520779
0.011753099
0.013896986
0.042461086
0.23059332
0.06610261
0.002612668
-0.026224334
0.004652356
0.04968854
0.06223176
-0.025470039
-0.18275666
0.19687125
-0.035858896
-0.04557301
0.13871352
0.037585843
-0.030159703
-0.059329547
-0.0068891225
-0.05734387
-0.0982182
-0.063104086
-0.053540323
-0.054379094
-0.06946299
-0.070210636
-0.21654415
-0.08013992
0.05026557
0.3038119
-0.20931816
0.06707861
0.1319706
-0.03182448
-2.6142489e-08
4.059631e-09
-2.987478e-08
-1.7901295e-08
-3.898811e-08
6.613443e-09
-1.6220454e-08
-2.809503e-08
1.8426242e-08
-0.050405517
-0.04971797
-0.052537523
-0.036255676
-0.110538065
-0.023200454
-0.065143
-0.028057324
-0.054174177
-0.042660613
0.027114961
-0.07280185
-0.059569135
0.4144659
-0.1352468
-0.012989307
-0.15431479
0.009659633
-0.065580845
-0.07721248
-0.045511514
-0.033009857
-0.07391935
-0.06641448
-0.05107686
-0.06784762
-0.041920654
-0.12921472
-0.110657655
-0.009028809
-0.10627034
-0.13824955
0.13864101
0.026974948
0.14570145
0.19168203
0.32182515
0.06528107
-0.026043072
0.10435101
0.0122267725
-0.1572265
-0.022954402
-0.13586825
-0.12974499
0.2270868
0.15092808
-0.08921096
0.066540696
-0.19216816
-0.108016044
-0.03499441
-0.08189755
0.015780218
-0.051076062
-0.06264116
-0.055503096
-0.045877915
-0.016820204
-0.06594194
-0.056392398
-0.064366385
-0.060186133
-0.019577937
-0.04154186
-0.020594269
-0.040003967
-0.1623389
-0.06812893
-0.014147868
-0.06004154
-0.024657944
0.0036740415
0.087844916
-0.07197479
0.021730047
0.3294784
0.048876245
-0.06651386
0.046544988
0.039336175
-0.022798246
0.033401854
0.024292951
0.04905312
0.26054645
0.12491706
0.02070922
0.06747921
-0.09451423
0.0034384031
-0.017367681
-0.011763788
-0.04124057
0.36352298
-0.0065343278
0.00064815645
-0.031716224
-0.0044824095
-0.11385943
-0.017635427
0.0019360819
-0.321895
0.17773567
0.14234754
-0.03529218
0.052328993
0.15249096
0.12837851
0.34211573
0.16801028
-0.029208144
-0.013223255
-0.071240805
-0.07066045
-0.19638315
-0.096944585
-0.05664262
-0.13478869
-0.03873207
-0.078331865
-0.1461136
-0.069540165
0.12713897
0.30083635
0.09360709
0.092836216
-0.044527724
-0.06778268
0.39097795
-0.048575908
-0.324639
0.07562458
-0.041510828
-0.064615674
0.14698894
-0.067517884
-0.09448762
0.36555788
-0.15840453
-0.22048238
0.12593405
-0.073321335
-0.077508464
-5.960707e-06
-4.835455e-06
-1.2956223e-06
-8.205946e-06
3.4317552e-06
8.289301e-06
2.5153946e-07
9.891413e-06
9.548233e-06
-0.033700407
-0.091998376
-0.03499683
-0.096736975
0.5487995
-0.087507494
-0.04213655
-0.13442394
-0.057765458
0.044083763
0.17839818
0.16732463
-0.1324918
-0.17985958
0.06436415
-0.057440396
-0.09111107
-0.0045565334
-0.022559622
0.0034812
-0.014116378
-0.014383366
-0.30933475
-0.026551258
-0.017270103
-0.030072957
-0.012245002
-0.051881887
-0.19942592
-0.06634497
-0.14027569
0.4945594
-0.0977331
-0.06053394
-0.10878008
-0.0683959
0.013215024
0.0064921505
-0.0124629
-0.012534112
0.3129466
-0.017343381
0.00750728
-0.01730736
0.014506427
0.04138627
-0.025834719
-0.05678595
0.3043812
0.07342822
-0.31259495
0.07704508
-0.018119598
-0.072769895
0.07541826
0.05706252
-0.11805011
0.096707895
0.22587879
-0.14891131
-0.00066978106
-0.08564076
-0.062045805
0.07298891
-0.003605688
-0.037983347
0.31363922
-0.12673715
-0.16895805
0.03614311
-0.10498394
-0.024017122
0.05646019
-0.03350004
-0.028976321
0.26818275
-0.13217448
-0.04756232
0.053507138
-0.08485803
-0.03611096
-0.00018256067
-0.023768686
0.021840354
0.002415812
-0.30353943
0.054676488
-0.0039669136
0.008956435
-0.009101596
-0.05314954
-0.25643462
-0.06212309
0.0026414746
-0.05245879
0.02356123
0.03026499
0.333153
0.053651758
-0.13549109
-0.13467222
-0.085233964
-0.11789547
-0.2401369
-0.10207939
0.18968347
0.49866015
0.19090724
8.8630046e-08
-3.3939678e-09
-2.0295563e-08
-4.916805e-08
-1.2241523e-07
-8.097866e-08
-4.0247034e-08
-1.5465069e-07
-9.9729235e-08
-0.0058083404
-0.06759577
0.016270846
-0.048077106
-0.24066396
0.33439916
-0.041584637
-0.07622012
0.047159776
-0.033360068
-0.07803215
-0.02655385
-0.02550737
-0.1354883
-0.009704643
0.030598748
0.27552915
0.016927443
0.0037328184
0.04050187
0.016465625
-0.010720502
-0.32276765
-0.05677245
0.00022871904
-0.062640086
-0.0011945245
0.13607964
-0.04190953
-0.058674242
0.2879597
-0.096621774
-0.2195352
0.1786371
-0.06997622
-0.06501368
0.009122607
0.07264026
0.0062348843
0.030805402
0.19156468
0.03453867
0.02561464
0.07680118
0.005891787
0.011677956
-0.0050431993
-0.008058872
-0.002668593
0.2797597
0.013454239
-0.0051145325
0.019627806
-0.0038467438
-0.014870568
0.062041227
0.35630494
-0.13029432
-0.03341751
0.09650497
-0.09938064
-0.1142519
-0.01701001
-2.417189e-08
-2.8900448e-08
-2.1661283e-08
-7.2113906e-08
1.5675964e-08
9.745109e-08
5.004073e-08
-1.4443143e-08
-9.281183e-08
-0.013706519
-0.026105238
-0.017143236
-0.04845617
0.34994835
-0.09322307
0.0028765427
-0.01431626
-0.026104655
0.095261484
0.30118895
0.09437862
-0.05515231
-0.06211847
-0.060952745
-0.07559367
-0.20934604
-0.06559803
-0.07493725
-0.12327117
0.047650866
-0.12587495
-0.18548304
0.11817928
0.04659118
0.090589665
0.23729317
0.011470518
0.049936727
0.18017077
-0.14372897
-0.1794869
0.2215245
-0.03873953
-0.18085274
0.022776948
-0.026900472
-0.0032466992
0.039217256
0.021945497
0.22805235
0.09989769
0.047465395
0.03186046
-0.032557316
0.016980655
-0.03232109
0.010026308
-0.0010992575
-0.26399955
-0.054850478
-0.031657595
-0.0471399
0.0027873786
-0.059432093
-0.010771767
-0.061057743
-0.030114459
0.4577564
-0.055691656
-0.057171203
-0.060961697
-0.040818106
-0.10094915
-0.10919873
-0.09093603
0.15881695
0.13666105
0.18349643
-0.06129962
-0.104012646
-0.07357318
-1.3027048e-08
3.5051406e-11
-6.5118655e-08
-3.4660754e-08
1.8408267e-08
-2.0962217e-08
-5.7046712e-08
-7.1236286e-08
6.173344e-09
-0.0251466
0.0818746
-0.03594359
-0.035138972
0.420014
-0.030705804
-0.065264
-0.12120056
-0.05486406
-0.075415194
0.0028253691
0.1086991
-0.28229162
-0.051742353
0.370995
-0.07805739
-0.09893231
0.07567195
-0.050956897
-0.061998863
0.08529603
-0.26183903
-0.073060095
0.35501903
-0.044278968
-0.044166937
0.06789828
-0.014086147
-0.120460294
-0.027514864
-0.14541681
0.42640463
-0.084776066
-0.03626484
-0.120741725
-0.042130698
-0.012302552
0.04591401
0.0150853805
0.022289595
0.19919194
0.06884257
0.013091531
0.10090333
0.024665352
-0.016900726
0.04451313
-0.016881717
0.01156478
0.25860077
0.023462374
-0.010223577
0.069238864
-0.01466708
-0.094992355
-0.0510288
0.13293315
-0.21274634
-0.19260329
0.41839132
-0.056396138
-0.04210941
0.12627159
0.0156045165
0.016244454
0.019184427
0.011682502
0.22854504
0.082310915
0.022300702
0.052889463
0.025578648
-0.05692702
-0.005054779
-0.062203184
-0.030069917
-0.09740034
-0.039851543
-0.06949246
-0.027521979
-0.058984943
0.09023078
0.38323134
0.059778873
-0.033321172
-0.11083748
-0.08134107
-0.059321497
-0.17728764
-0.04162313
-0.09238141
-0.05891837
0.14779752
-0.19926514
-0.09358014
0.30645105
-0.114144795
-0.01814004
0.12618098
-0.1397157
-0.1761275
0.054578416
-0.23526593
-0.1046846
0.15637906
0.038107462
0.15937388
0.24447128
-0.053579196
-0.07145411
-0.061335348
-0.08416359
0.51121104
-0.06168819
-0.048202276
-0.03988639
-0.06928928
0.082419604
0.32209834
0.07505084
-0.0368227
-0.027937626
-0.06430163
-0.061525047
-0.24546492
-0.069528796
0.020731062
-0.09639027
-0.09850764
0.12082399
-0.10847047
-0.122776315
0.22413239
0.09139142
-0.007475991
-0.045063592
-0.101396754
0.019029109
-0.01341784
0.43244585
-0.03367074
-0.027958859
-0.083062865
-0.06115074
-0.042257164
-0.06801805
-0.016008409
-0.07209622
0.4056821
-0.077794366
-7.860636e-05
-0.08019189
-0.013209063
0.0063692136
-0.031702954
-0.0022211608
0.35361132
-0.19355561
-0.073071614
0.06979306
-0.10862213
-0.025965778
-7.20254e-08
-1.02240904e-07
-1.5144883e-07
-1.463562e-07
-1.743204e-07
-1.6115679e-07
9.257098e-08
-5.6781357e-08
3.7324792e-08
-0.004663223
-0.08631377
-0.012096179
-0.05995589
-0.1751601
-0.055409446
0.008938826
-0.10691409
-0.0013835693
-0.013028791
0.0059597692
-0.009446857
-0.008893693
0.29698128
0.003142972
-0.009977244
-0.042256124
0.009533133
0.005229141
-0.012657902
0.0055143973
0.015837502
-0.37174237
0.0043468606
0.009630448
0.00014321692
0.021801593
-0.06204905
0.009599842
-0.0025162213
-0.039178457
0.41610423
-0.05580775
0.014212788
-0.056181125
-0.07704535
-0.070281856
-0.23673342
-0.064426705
-0.046717186
-0.04367594
-0.029605648
0.07835831
0.30252475
0.0686355
-0.0006399156
-0.15977922
-0.11167834
0.090496056
-0.059531696
-0.12855928
0.17407271
0.16746946
0.020093298
-0.102692835
0.058657303
0.06941219
-0.15590721
-0.08162696
0.20329896
-0.10355202
-0.08108003
0.062853925
-0.031440873
-0.041852206
-0.023918053
-0.027109126
-0.079964936
0.0053022127
0.07244255
0.25226405
0.061715398
-0.112582706
-0.2734847
-0.12455489
-0.030146427
-0.27246502
-0.07739989
0.18154117
0.49621972
0.20404424
-0.06279543
0.14192767
0.0126867
0.15772781
0.17575088
-0.20222189
0.024515891
-0.1561925
-0.061517566
-0.14819194
0.036633175
-0.1699088
0.012253384
0.28452995
0.038717933
-0.15442888
0.00523761
-0.1742527
-0.021879958
-0.053691313
4.6109475e-05
-0.01980691
-0.13930207
-0.04228428
-0.026617441
-0.030266067
-0.03149222
-0.03871911
-0.07305074
-0.07507577
-0.0012251235
-0.08133618
-0.1354479
0.091394566
0.19883627
0.08101679
-0.057260077
0.023817414
0.009000762
0.042386185
0.233415
0.09150023
0.0065613957
0.04402611
0.017458009
0.006037505
0.012063759
-0.04586493
-0.104677595
0.41777554
-0.07867015
-0.058063
0.03528908
-0.0033088345
-0.048987236
-0.032118205
-0.035033308
-0.05142017
-0.12890314
-0.076167524
-0.047708444
-0.052367523
-0.046344753
0.0049560047
0.11572999
-0.011223278
-0.026596848
0.18632121
-0.18021019
0.007900398
0.09201024
0.07285533
-0.021873506
-0.034186993
0.023459222
-0.26391882
-0.026796367
0.30324584
-0.036533277
-0.0066898544
0.02946474
0.09111984
0.27436796
0.07461366
-0.011732018
-0.029223716
-0.03695929
-0.06081414
-0.21083365
-0.06670254
0.00012262502
-0.02374732
-0.017911062
-0.06166639
-0.22376437
-0.062169697
0.021490132
0.3570076
0.034026805
0.03643248
0.07956888
0.0013633339
-0.0094241835
0.28877822
-0.12274896
-0.10597674
-0.23924732
-0.1347644
-0.008567466
0.043714028
-0.0011044277
0.029607294
0.23781249
0.023513623
-0.028125398
0.0031144884
-0.04580937
0.011848546
0.10477584
-0.017938068
0.066768005
0.05460533
-0.20269729
0.09498308
-0.13570444
-0.16285302
-0.0149440775
-0.0328172
-0.028144263
-0.08122849
-0.2545937
-0.0790413
0.058858808
0.29396224
0.070873
0.004322305
0.047573708
0.0043651015
0.0097657405
0.203971
0.06813184
0.023652205
0.012038586
0.00017609372
0.10583236
-0.061026096
-0.036840413
0.2690754
-0.20002015
-0.11090787
0.13756804
-0.092608504
-0.041940436
4.6985157e-08
-3.0527267e-09
-3.1568646e-08
1.3842978e-08
-1.2405979e-08
-3.2275825e-08
4.228185e-08
-3.3537038e-08
-4.7067562e-08
0.00067981135
0.021555996
0.010587727
0.0047839805
0.286756
0.025113193
-0.021627676
0.017383294
-0.0154246045
-0.041187655
-0.027715094
-0.048414044
-0.0008583722
0.17760399
-0.007478213
0.017326957
0.22524652
0.008561197
-0.030888168
-0.0688376
0.032242324
-0.20392554
-0.10722402
0.36225304
-0.006606951
-0.06502098
0.03252235
0.021633731
-0.058729015
0.048121475
-0.0382086
-0.32507482
-0.06915817
0.02101013
-0.0863052
0.012526051
-1.770991e-07
9.209982e-09
-2.3656844e-07
-2.2286366e-09
1.8398934e-07
-7.07371e-08
-1.2439e-07
-6.534687e-08
-1.281509e-07
-0.037533283
-0.0030040103
0.06720137
-0.21525833
-0.025470722
0.26349762
-0.075273536
-0.034078363
0.061467886
-0.073550165
-0.19352159
-0.0823949
-0.059258774
-0.07091233
-0.029503856
0.090996616
0.2854298
0.11788193
0.0027925659
-0.010352578
-0.011544785
-0.021040656
-0.2946131
-0.018017842
0.0034470768
0.010993755
-0.002410005
-0.02059936
-0.0049930597
0.07678357
-0.0007025041
0.21880916
0.043472115
0.085341826
-0.015068448
-0.09091526
-0.08858273
-0.02709448
0.10873799
-0.29363737
-0.057876978
0.36970377
-0.058146875
-0.054198775
0.07006752
0.09233245
-0.037262134
0.0048529096
0.32604134
0.09487775
-0.24093515
-0.017752124
0.0022423537
-0.15317425
-0.057368483
-0.039021213
-0.042757016
-0.057236273
-0.010409036
-0.066051304
-0.077633105
-0.05553632
-0.08862825
3.2228556e-08
-3.6686107e-08
-1.3629017e-10
3.2175443e-08
3.6828292e-09
-4.3513126e-08
4.474989e-08
1.562628e-08
-2.7030023e-08
-0.031006215
0.011846852
-0.03600686
0.021900728
0.34966213
0.0035870918
-0.022657491
-0.052104898
-0.007838293
0.06938613
-0.040643483
0.012799449
0.3211882
-0.2061093
-0.12109125
0.06929947
-0.07082279
-0.025978586
0.033187307
-0.19187833
-0.022228802
0.18388824
0.008218789
-0.15735029
0.02673727
0.21821119
-0.11433663
0.15737729
0.08185473
-0.009164339
0.18831329
-0.1140212
-0.14989625
0.041649472
-0.1291168
-0.09272719
-0.10038033
-0.028394213
-0.099066064
-0.09757898
0.49120644
-0.071225494
-0.091616675
-0.00788767
-0.07993147
-0.05855429
-0.11046711
0.12353187
-0.19832693
-0.15835665
0.4077294
-0.040723298
-0.07252231
0.11218889
-0.037432976
0.012673672
0.16203256
-0.23834573
-0.13911131
0.38252595
-0.09823101
-0.124027975
0.05291974
0.06308467
-0.00980553
-0.071020626
0.29377073
0.016496787
-0.28562832
0.07568955
-0.024447856
-0.08727061
0.07858335
0.45897233
0.084838934
-0.10571467
-0.075263724
-0.07450686
-0.013658397
-0.34256408
-0.014833854
-0.009026785
-0.03879401
-0.0515697
-0.015473407
0.29897812
0.029656624
-0.013265761
-0.05124805
-0.010423251
0.013176126
0.008185024
-0.07255585
0.3756757
0.058720484
-0.35325867
0.047332928
-0.022593608
-0.05999587
-0.06545101
-0.08706294
-0.07340097
-0.09347674
-0.11424218
-0.12900177
0.120293416
0.21699925
0.19512904
-0.12224237
-0.10555135
0.022510208
-0.11152175
-0.019583995
0.09830059
0.008168201
0.09771854
0.1541835
-0.07015774
-0.120965235
-0.06647461
-0.041051008
-0.15279233
-0.062360357
0.0918814
0.30483976
0.06537704
-0.05566149
0.011846703
0.05739824
-0.21826454
0.06453047
0.25502068
-0.08286821
-0.01117182
0.028536677
0.0054917294
0.009318449
0.024671268
-0.0107841175
0.2161037
0.085621655
0.02531635
0.047520824
0.033620313
0.021955054
-0.050679456
-0.07674004
-0.011293813
-0.17733261
0.023667956
-0.07880042
-0.13921362
0.09975619
-0.05722472
-0.19753963
-0.03727514
-0.009477805
0.3021602
0.07464455
0.013202256
-0.02763666
-0.08530432
-0.09525298
-0.31014124
-0.050180666
-0.036199633
-0.085170224
-0.05848259
0.102174155
0.44308296
0.08486895
-0.001534492
0.010398106
-0.0009303531
-0.009864637
0.40245253
0.018623963
-0.022758018
0.018061623
-0.033167716
0.0050803153
-0.05050349
0.016604133
-0.051943067
-0.23664968
-0.03869723
-0.0012864331
-0.015326801
0.0011689186
-0.04386116
-0.08898197
0.10055904
-0.249668
-0.15217711
0.3916012
-0.012976103
-0.040803708
0.05853146
-0.039975323
0.042238902
-0.06928874
0.0008643728
0.34919643
0.010711326
-0.053878404
0.026920388
-0.057659686
0.065872885
0.24188955
0.073976405
-0.03631868
0.032994714
-0.015941715
-0.06985155
-0.2594568
-0.07030368
0.01857746
-0.07148685
0.014750982
-0.08018952
-0.2857849
-0.107168555
0.018677678
-0.059452634
0.003260414
0.0313765
-0.10246305
0.018688144
-0.060888547
-0.30412543
-0.07478768
0.027698155
-0.083074614
0.009193241
0.01715438
-0.22495326
0.020902988
-0.004370017
0.40422252
0.012378012
-0.011759663
-0.19118027
-0.02768749
-0.011754082
-0.09867242
-0.033498462
-0.12502822
0.34425703
-0.13975236
-0.015051589
-0.1187305
-0.01009655
-0.009202647
-0.066230156
-0.026603878
-0.09364358
0.37910596
-0.12222955
-0.031254735
0.030216586
-0.024253344
-0.07596442
-0.2806884
-0.058289863
-0.03732771
-0.029961864
-0.034644112
0.08808489
0.34438235
0.08244129
-0.056728315
-0.031777307
0.06183296
-0.2536458
-0.09420692
0.40270364
-0.089178935
-0.065460145
0.10004168
