0.00045880637
0.00077938545
0.00076197775
0.000806139
0.0005526501
0.0007180101
0.0014927607
0.0018037324
0.00074933894
0.0008416054
0.0009384031
0.0005676654
0.0011833615
0.0012943626
0.00096051604
0.0011730292
0.0028155756
0.00061918725
0.00049925066
0.0037655942
0.0013534031
5.970869e-36
0.00028619252
0.0021081022
0.00086737855
0.0014166137
0.0019695736
0.0022789093
0.00036764191
0.0013362066
0.0016692622
0.003803143
0.00071215665
0.0007275519
0.00076214096
0.0014437293
0.0018325249
0.008748923
0.0017122006
0.0028101578
0.0012485164
0.0009100402
0.0011133134
6e-45
4.5858844e-37
0.0012879214
0.0011556455
0.0014684047
0.0044831363
0.0008344375
0.0009256034
0.00090146303
6e-45
0.0008428328
0.0012755626
0.00083840947
0.002951991
0.0016039998
0.0031425662
0.0031111818
0.0011064047
0.0006414537
0.00046330094
0.0010431461
0.0021246602
0.0015930244
0.0021555256
0.0020424
0.00028588882
0.0028671874
0.00088146335
0.0020568783
0.0014716713
0.00047232021
0.0011806729
0.001531289
0.0027628592
0.0007168421
0.0010934849
0.0021440103
0.0026436213
0.00024493638
0.0010477401
0.00084221136
0.0021870446
0.0006913841
0.00077359704
0.00030965998
6e-45
0.0006264504
0.003001688
0.002162657
0.0030541075
0.0015647991
0.0011542424
0.00056388235
0.00064094283
0.0010458302
0.0021961238
0.00043622233
0.0015948619
0.00068479445
1.0154509e-32
0.0015252662
0.00028823715
0.0007915759
0.0011423044
0.0006314063
0.0011916307
0.0066559706
0.0012192716
6.4611406e-32
0.00048355423
8.077329e-32
0.0006849847
0.0021982682
0.0005401632
6e-45
0.0004368425
0.0011162176
6e-45
0.0007574983
0.0007391149
0.0023765233
0.001250391
0.0031276133
0.0023413613
0.0015305831
0.0010054433
0.0010714616
0.0010210044
0.0013071402
0.0011453263
0.002271976
0.00035427825
0.0008775684
0.0014984113
0.0012109762
0.00057859306
0.0009356859
0.00047930522
6e-45
0.0018002895
0.001927615
0.00069104315
0.0008663428
0.0029257876
6e-45
0.0023386425
0.00067720696
0.002483292
0.0018315752
0.00070426374
0.00055575604
0.000766514
0.002084995
0.001659825
0.001101296
0.0017296682
0.0008157832
0.0006875628
0.0018519519
0.0012915386
0.002391186
0.0009925936
0.008953449
0.0006004341
0.0004358977
0.0016028696
0.0010052813
0.00094938424
0.0015921239
0.00082033465
0.0014755108
0.0019546635
0.0013087181
5.305003e-34
0.0049484055
0.0011145517
0.0012079832
0.0002298382
0.0006903605
0.0019155821
0.0008496568
0.004175212
0.00091548864
0.0007492171
6e-45
0.00052947336
0.00095408614
0.0010461414
0.0027010518
0.0018025037
0.00077167887
0.001700271
0.00063742255
0.0016446203
0.0032160871
0.0014830307
0.00084556185
0.0023491008
0.0021246877
0.0008384558
0.0006133214
0.0005504007
0.00070869265
0.0017158386
0.0012766344
0.0006035308
0.0007861758
0.00025770738
0.0013571063
0.0024688642
0.001155504
0.0022589448
0.0010227724
0.0012614348
0.00073468586
0.00053099234
0.0004642721
3.0996856e-35
0.0011127872
6e-45
0.0006069191
0.0007670986
0.0015703541
0.0005952752
0.0005652996
0.0014901995
0.0012777098
0.0016914598
0.00076241174
6e-45
6e-45
0.0016887547
0.001519072
0.002799774
0.0013117691
0.0005552182
0.001239757
0.001873036
0.0021893384
0.0011571415
0.00036871704
0.0037090066
0.003182426
0.00049799116
0.0031052611
0.0014316483
0.0005306875
6e-45
0.0028022102
0.0021231133
0.0002806086
0.0022875683
6e-45
6e-45
0.0013794298
0.00060420495
0.001402594
0.0008470956
0.0013821982
0.0019376008
0.0012775765
0.00025466408
0.001264385
0.0007120088
0.0044554826
0.0054828348
0.0018194804
0.0011654617
0.00055265176
0.0038048704
0.0004949578
6e-45
0.00069083297
0.00045055087
0.0005417917
0.0016169894
0.00060122175
0.0003372169
0.0011670087
0.00034809645
0.00018801636
0.0012769408
0.0010279232
0.00068104063
0.0008633266
0.0019410214
0.00085303304
0.0013471063
0.00041550974
0.0010468626
0.0023948292
0.0005350939
0.0010475102
0.0010346618
0.0011864312
0.0016457074
0.0044401158
0.0009768578
0.0014289407
0.0015120072
0.00097298156
0.0006702603
0.004571545
0.00025590428
0.0008086511
0.0016301238
0.0023189753
0.0008691653
0.00094181346
0.001225525
0.0028988484
6e-45
0.0011978317
0.0019466892
0.0020267647
0.00053409825
0.0011349166
0.0032673874
0.0023499317
3.5319874e-35
0.0016930191
0.00022000544
0.00064247596
0.0011467732
0.0008694888
0.005180813
6e-45
0.0010896727
7.726363e-33
0.0011077336
0.001450177
0.0010184225
0.00061449345
0.0030146868
0.0009357991
0.0006525192
6e-45
0.00010005661
0.00074131746
0.00053509796
0.0004976693
0.0008627044
0.0032705453
2.1258662e-35
0.0015742566
0.0021258695
0.00070755614
0.0006260082
0.00097509415
0.0031377506
0.0017096348
0.00082088
0.0008967176
0.0009926627
0.00047397753
0.0006400943
0.0016146289
6e-45
0.0006411083
0.0012278184
0.0014887208
0.003035809
0.0014897732
0.001171767
0.0017658004
0.0034816277
0.002017103
0.0005660901
0.0010012304
0.0015272631
0.0014850138
6e-45
0.0016019819
0.00080789544
0.0006422778
0.0018616266
0.001743992
0.0011087994
0.0013620729
0.0008375513
0.0017528081
0.0013260377
0.0009411247
0.0022681786
0.0036720189
0.00242521
0.003171954
0.0034717117
6e-45
0.0014109325
0.0011858488
0.0005993632
0.002776101
0.0006659416
0.0025662833
0.0011129251
0.0015917354
0.00096452335
0.00078227604
0.0019392717
0.0058445213
6e-45
0.0013804256
0.0008420583
0.0013989323
0.0035619393
0.0006946165
0.0003891802
0.0019741484
5.27647e-32
0.0004984754
0.0019368078
0.0016560595
0.0016275984
0.00075587124
0.0007440513
0.0013862336
0.00063422485
1.2249456e-32
0.0014633046
0.0035291158
0.0022669393
0.0010248338
0.0005972317
0.0006322739
0.004097676
0.0009708784
0.0003221681
0.0025860057
0.0026587795
0.0033419116
0.0018916221
0.0021471975
0.0011271618
0.0012518438
0.0009170497
0.0012144431
6e-45
0.00075149303
0.00042524736
0.00030605152
0.0013727031
0.0025754233
0.0013979918
0.0010558226
0.0004889319
0.009391223
0.0012891311
0.0011273285
0.0012422401
0.0005323548
0.00077598396
0.00097291416
0.001819338
0.00084467244
0.001460957
0.0015637678
0.0009876573
0.0024299354
0.00043373968
0.001072614
0.0011735898
0.00039516657
0.0016304834
6e-45
0.00062414055
0.0008008023
0.0017285364
0.0012383048
6e-45
0.0013588602
0.0025573242
0.0018410246
0.00047719493
0.0033900745
0.0020570254
0.000771309
2.6565532e-35
0.00070877624
0.001997313
0.00219039
0.0014025316
0.0017724313
0.002894518
0.0035285007
0.0027031775
0.003868892
0.0005506862
0.004553694
0.002662041
0.00077506155
0.0019146717
0.0009634991
0.00062207045
0.0013062262
0.00063791656
0.0051146806
0.0015408704
0.00035902957
0.0035053173
0.00089276436
0.0018548844
0.0016513293
0.0091036195
0.0013297702
0.0010456712
0.00082536944
0.0029444222
0.004420579
