-0.064832024
-0.0047634766
0.023029853
-0.10562829
0.03311535
0.02443928
-0.13857055
6e-45
6e-45
0.019060953
1.0228666e-15
0.051671024
-0.13855845
-0.049289938
-0.023442464
0.009689563
0.020069767
-0.16240026
0.020977268
-0.083276324
0.04223933
0.12291506
-0.099383876
0.05757225
-0.05683285
-0.017575042
0.0336854
-0.15098056
-0.009777492
-0.1336958
-0.052277666
-0.046855558
-0.07032029
-0.15057094
-0.055358566
0.022581682
-0.07386008
0.011504238
-0.14876549
0.04350184
0.054895945
0.0069820792
0.05523596
-0.12881228
0.11038128
0.025239328
-0.1594773
-0.030626994
-0.066133864
0.048699655
0.035754297
0.012718647
0.046692934
-0.19572876
0.00395344
6e-45
0.023539597
-0.1343604
0.048640903
0.036977116
0.0153935775
-0.0014131854
-6e-45
-0.14323737
0.0989761
0.016097337
0.11517594
-0.07988703
-0.16620766
0.023227042
0.04866053
0.027367758
-0.070043795
0.04132606
-0.064174406
0.035514332
0.02943025
0.027589776
-0.006686733
-0.13502398
0.08405918
-0.19800192
0.03844133
6e-45
0.025443725
-0.113836646
0.011737246
-0.09507771
-6e-45
6e-45
-0.1773064
-0.09623161
-0.057786424
-0.03925839
0.03010854
0.03441043
0.04090028
-0.196976
0.012230204
0.025606433
-0.04888078
0.012184096
-0.122121796
-0.20480487
0.018494839
0.010626653
0.011196561
0.05648719
-0.15553968
-0.0015462782
0.036192115
0.060674306
-0.08342854
0.0277312
-3.487327e-05
-0.13160045
0.023684556
-0.02341657
0.010758403
-0.14797843
-0.0006201709
0.025727691
0.0029317974
-0.10176887
-0.029735979
-0.07942316
0.036825832
0.049721617
-0.11494248
-0.028414344
0.0737893
0.035284095
-0.02611584
0.05030403
0.025805477
0.021873465
0.06137798
6e-45
6e-45
-0.04517264
-0.003466746
-0.1040144
-0.13682386
0.022357488
-0.083806664
-0.18916866
0.00026607912
-0.10713769
0.031226918
0.059575703
-0.1274832
0.056138728
0.0061342674
0.022193633
0.00056333543
-0.21669103
0.008693403
6e-45
0.00575141
0.062477123
0.00202425
-0.1475204
0.028743014
0.014482213
0.033558086
-0.16475442
0.020157835
-0.056385588
-0.042158946
0.02994545
6e-45
-0.16807449
0.05145732
-1.3429898e-18
-0.15167002
-0.12510271
-6e-45
-0.20574486
-0.18813205
0.052531473
0.033380475
0.023074212
0.14680919
-0.061864484
0.024321664
-0.020125715
0.02291554
-0.051567525
0.008055463
-0.042445675
6e-45
0.033775754
0.049262766
-0.091471374
-0.049175203
6e-45
0.029481087
-0.14684974
0.020653373
0.074239165
0.04482384
0.045207597
0.02305825
0.045490194
-0.19337551
6e-45
0.025816701
-0.062273458
0.03847009
0.008244293
0.030642236
-0.06289613
-0.05290621
-0.07124568
0.042682417
0.047631923
-0.004430554
6e-45
-0.11126354
0.040110882
-0.030381557
-0.12712546
-0.17058644
0.012940504
0.12777518
0.023297835
-0.09543984
0.045105115
-0.07597982
4.0415651e-22
0.031087698
-0.08205682
-0.13633946
-0.021640703
0.0030976501
-0.20555659
-6e-45
-0.040966753
0.034701202
-0.029006576
-0.18318278
0.02437795
0.034684755
-0.018328322
0.14672115
0.016527724
0.01848869
-0.094133474
0.0008752542
-0.15626396
-0.16216157
-0.12381804
-0.11616463
0.059206754
0.066449806
6e-45
