-0.020707449
-0.058179706
-0.052198507
-0.049964342
-0.027418232
-0.048748955
-0.045684863
-0.047291547
-0.068118416
-0.011888277
-0.037564117
-0.020796398
-0.034191668
-0.06689754
-0.063756116
-0.016703168
-0.07949886
-0.07660209
0.024982704
0.06014389
0.059753463
0.06786333
0.09593165
0.07697792
0.04140072
0.08840449
0.08446358
0.014759206
0.05837724
0.05998918
0.05561525
0.079010785
0.07479182
0.04076001
0.07405633
0.06049893
0.012564759
0.06250901
0.05132565
0.051028743
0.12590261
0.104878046
0.049563147
0.100707985
0.07700069
-0.040425036
-0.034509122
-0.05749137
-0.033698857
0.0045066923
-0.056780957
-0.06012349
-0.056599133
-0.071709454
-0.02146154
-0.047516443
-0.04407276
-0.03778292
-0.07788669
-0.07483291
-0.037271164
-0.08304051
-0.0674447
0.03560583
0.058105938
0.053922094
0.03620215
0.08405536
0.0931648
0.06792083
0.08091192
0.080203965
0.030260129
0.06062507
0.050038062
0.043744322
0.087552465
0.08297708
0.048622105
0.08030993
0.06872389
-0.14759415
-0.14499663
-0.16877258
-0.046848893
-0.022457363
-0.029618215
3.146343e-05
0.09145621
0.11297583
-0.015667526
-0.047870185
-0.04549161
-0.03156665
-0.045772385
-0.057980713
-0.03420912
-0.06142445
-0.053952176
-0.025233096
-0.059360944
-0.048738446
-0.045024086
-0.039646015
-0.059151344
-0.046710238
-0.058116693
-0.05742445
0.008372208
-0.013803531
-0.011004434
-0.023594795
-0.10209001
-0.079516575
-0.04041768
-0.12736823
-0.11220038
0.018606042
0.055778097
0.03326447
0.036341682
0.07435223
0.06429553
0.02724149
0.0619447
0.045765374
0.010418681
-0.028155487
-0.019617025
-0.023439791
-0.10638354
-0.07462207
-0.035683353
-0.13618231
-0.0935437
1.7957651e-08
-4.1248533e-08
-9.063399e-09
-4.1202593e-08
3.900782e-08
-1.7402678e-08
-2.7993177e-09
3.3768828e-08
-3.697887e-08
0.023470795
0.04748847
0.038963642
0.04629046
0.063970275
0.07022392
0.034768958
0.070059575
0.05440024
-0.0017719109
-0.028543802
-0.027263463
-0.045161217
-0.0775132
-0.08163238
-0.052876383
-0.12368199
-0.10734825
0.018365925
0.06110536
0.041204743
0.05632112
0.07341717
0.06886162
0.035749894
0.06051181
0.055890344
0.026068464
0.04497359
0.036965314
0.03654721
0.06461549
0.053452905
0.020448292
0.048219234
0.034447253
0.019587701
0.059691433
0.034048434
0.033041295
0.08209843
0.06676163
0.057795417
0.07119482
0.08563351
0.01481531
0.056255616
0.038077094
0.05353091
0.06851934
0.06615358
0.03202993
0.052998763
0.05830879
0.00012177721
0.0002170554
3.9929637e-05
3.1732732e-05
0.00012831682
0.000103641316
0.00010113414
8.195619e-05
0.00017024831
0.052073274
0.02166394
0.038373727
-0.014209
0.13705082
0.11767122
0.078640215
0.107971475
0.077838026
-0.024140198
-0.05872075
-0.054580458
-0.05966282
-0.05855692
-0.07064888
-0.043807402
-0.08144375
-0.08789345
0.11826194
0.14933817
0.18143463
0.012683416
-0.01676741
0.011022987
-0.11843535
-0.17356266
-0.17730738
0.0020398186
-0.056535695
-0.017081559
-0.047397885
-0.08487607
-0.09979056
-0.019960675
-0.09797709
-0.095117606
-0.01019427
-0.064380154
-0.04407201
-0.042410977
-0.062789634
-0.07620979
-0.047103167
-0.06370318
-0.06417832
-0.04041958
-0.05080262
-0.059395295
-0.041821614
0.0021160184
-0.048512213
-0.058436025
-0.047251213
-0.070495315
-0.011563072
-0.0594808
-0.040642135
-0.04811718
-0.050114505
-0.053266298
-0.036756407
-0.055449367
-0.069466814
-0.022350218
-0.044794362
-0.043013144
-0.06720759
-0.025956785
-0.050800003
-0.03468156
-0.048360057
-0.08041768
-0.014135805
-0.04790488
-0.052303117
-0.04869364
-0.0606026
-0.055583768
-0.036711954
-0.059525106
-0.060962975
-0.02505028
-0.04007809
-0.03482749
-0.04432702
-0.055630524
-0.074737765
-0.043715246
-0.059867054
-0.07260969
0.022544693
0.038121138
0.036533922
0.037433878
0.054306466
0.059368756
0.030999808
0.05438588
0.039767426
-0.04584424
-0.062591925
-0.08352037
-0.056897905
0.0098106535
-0.051736508
-0.086885706
-0.09444616
-0.11152272
0.018238595
0.047918074
0.032962266
0.046222962
0.06895854
0.06943082
0.035536695
0.06442619
0.05874494
-0.006815239
-0.060622208
-0.042721726
-0.065562434
-0.0099649215
-0.064936966
-0.062068254
-0.052292496
-0.07505868
-1.2369492e-08
3.5865217e-08
4.4476852e-08
1.1434003e-08
3.084655e-08
3.026993e-08
-2.5691987e-08
1.7905103e-09
2.7024923e-08
0.0046358625
-0.046482675
-0.025058368
-0.03970524
-0.09217286
-0.077975534
-0.03946945
-0.100642115
-0.09791557
0.051644664
0.04953518
0.059464008
0.03569549
0.07860815
0.09336883
0.07266304
0.07036287
0.06922622
-0.009604873
-0.06541959
-0.044136856
-0.050233223
-0.060988523
-0.058654215
-0.02944971
-0.055826437
-0.053720698
-0.001402789
-0.0179952
0.0045609446
0.068805404
0.07413484
0.11228093
-0.05179145
-0.09127334
-0.118336536
6.6513286e-07
1.0484723e-06
8.902407e-07
6.689792e-07
1.3763164e-06
7.3845416e-07
5.855399e-07
4.99244e-07
9.1025544e-07
-0.026445108
-0.05062676
-0.051065966
-0.037410203
-0.059548303
-0.06337168
-0.038956568
-0.053791393
-0.049901426
0.03461632
0.038299903
0.054125555
0.026696444
0.110403046
0.09407948
0.06980703
0.08086397
0.055048633
0.02609155
0.07974515
0.07353463
0.064700864
0.11489299
0.10409912
0.06221618
0.096808195
0.07656402
-0.012704067
-0.0396636
-0.04336454
-0.045784514
-0.058928687
-0.057455447
-0.036661275
-0.06969623
-0.06522472
0.031303335
0.048799198
0.04373764
0.036292646
0.06984504
0.06386418
0.034989297
0.058790937
0.0478794
-2.9573277e-08
-2.2757668e-08
2.701712e-08
8.867347e-09
-8.69739e-08
-1.1044467e-07
4.278939e-08
-4.9648698e-08
4.649794e-08
-4.5929227e-08
7.827772e-09
6.288686e-08
-5.8717813e-08
-1.9539941e-08
2.8071787e-08
-6.25823e-08
-3.454786e-08
2.8767959e-08
0.0329388
0.118401535
0.08305648
0.07213583
0.10552364
0.09759373
0.0398787
0.069507994
0.0695238
0.07027039
0.011868361
0.037460975
0.0043883636
0.12000885
0.108154476
0.08368578
0.09347879
0.07128937
0.01347883
0.054372706
0.0411613
0.038639914
0.048901994
0.05139858
0.028211096
0.041489873
0.041350562
0.01577193
0.05075112
0.042213246
0.041848823
0.07097627
0.06321531
0.044099808
0.061632853
0.05793215
-0.03855283
-0.050979618
-0.058097992
-0.06596835
-0.040091094
-0.06596821
-0.047619034
-0.052016236
-0.06407609
-0.030133313
-0.043077882
-0.05175512
-0.050485466
-0.056514394
-0.0640516
-0.023282588
-0.05783959
-0.04661327
-0.013679081
-0.05216354
-0.049766373
-0.05314953
-0.04971895
-0.05592404
-0.04093143
-0.07111863
-0.053914253
0.014253086
0.045038737
0.03455156
0.04416584
0.055473696
0.051766273
0.029600624
0.04986954
0.032191407
-0.02252972
-0.05633943
-0.04739685
-0.05941245
-0.07532337
-0.07056983
-0.02916795
-0.0676496
-0.06786977
0.015054974
-0.055244282
-0.02095537
-0.033116482
-0.119627245
-0.09391394
-0.033926327
-0.092856035
-0.06701984
0.030280303
0.05775933
0.046840467
0.048600774
0.06339999
0.06717132
0.02924879
0.04964133
0.03744975
3.1147172e-06
4.2302727e-06
2.4169287e-06
3.2755509e-06
2.017027e-06
3.881982e-06
1.5669652e-06
1.3630332e-06
7.574889e-07
-0.021265622
-0.034166094
-0.05246451
-0.050194744
-0.04857142
-0.06101834
-0.042101797
-0.06164265
-0.067103855
0.020079874
-0.04945662
-0.028807595
-0.042611893
-0.099560685
-0.0811105
-0.04371074
-0.09526647
-0.08476207
0.0058307047
-0.050992645
-0.027536225
-0.03755992
-0.09761091
-0.08841146
-0.039844666
-0.09359852
-0.07831989
-0.0011614609
-0.049279522
-0.026966965
-0.040190775
-0.07499608
-0.07933851
-0.039127152
-0.092748225
-0.101318106
-0.022704694
-0.040252827
-0.038081177
-0.03949803
-0.062222388
-0.054690383
-0.035111014
-0.07471831
-0.06094271
-0.12132951
-0.13719684
-0.14740185
-0.03264863
-0.009572662
-0.04523517
0.035415176
0.040000375
0.037385706
0.0072490177
-0.04122842
-0.042928714
-0.044497147
-0.09473631
-0.08020871
-0.041665565
-0.10112654
-0.08587327
0.031599354
0.053115197
0.053398844
0.05252932
0.05251743
0.06104138
0.03978729
0.070972614
0.07755219
0.025024474
0.038543537
0.0370696
0.050025735
0.07569056
0.06781095
0.038150262
0.07020364
0.06780962
8.625519e-09
-3.3256576e-08
-1.5933702e-08
-4.9226996e-09
4.3107097e-08
-2.848286e-08
3.939494e-08
5.1305648e-08
-2.3307349e-08
0.03815316
0.063093066
0.04487636
0.053345863
0.09115149
0.07661339
0.016968204
0.07381411
0.056300472
-0.004288762
-0.024738722
-0.029217605
-0.03832913
-0.07208911
-0.06767634
-0.04882064
-0.08879866
-0.083647974
0.013927873
0.064585544
0.038529567
0.05480195
0.05307344
0.07109984
0.04879476
0.074175
0.07444748
0.012228494
0.036778875
0.017363317
0.040335953
0.09403592
0.06834716
0.038460698
0.09068865
0.084404506
0.035528604
0.0558471
0.0593736
0.039133888
0.0940848
0.082357325
0.066993155
0.061974514
0.07724708
-0.0377368
-0.037268996
-0.060738552
-0.041037045
-0.0073847193
-0.049032465
-0.05341124
-0.055684756
-0.085115105
0.07295956
0.016934037
0.050322764
-0.013575951
0.12244571
0.13291857
0.08724518
0.092630886
0.047704715
0.017789803
0.04024744
0.03753877
0.048907608
0.083487995
0.07394635
0.03280046
0.07111315
0.06412794
-0.028819097
-0.06102592
-0.044652782
-0.05747773
-0.0356056
-0.05923446
-0.035272464
-0.06290431
-0.059707932
0.015219783
0.030528136
0.03766625
0.036277745
0.07136607
0.06452926
0.045587018
0.07512557
0.06933748
-0.16742586
-0.22377494
-0.20678926
-0.008550503
0.053547516
0.021455206
0.09218536
0.18783152
0.17036204
-0.11751434
-0.13486607
-0.1692839
-0.021255
0.016348979
-0.015995301
0.09140704
0.17786987
0.15700491
-0.027626693
-0.057790283
-0.043289464
-0.051380668
-0.045634177
-0.06840564
-0.035620924
-0.060491677
-0.05778923
-0.04311999
-0.049719855
-0.06455317
-0.047194205
-0.022063391
-0.060202517
-0.044994656
-0.068102
-0.065893956
0.020833878
0.057601172
0.038498137
0.04998561
0.095132254
0.07043131
0.0318227
0.068060994
0.06131602
-1.5211004e-08
1.0005025e-08
1.2895459e-08
1.7319492e-08
-1.7948999e-08
-3.3280475e-08
-3.926854e-08
2.9576666e-08
-1.894726e-08
0.0019123299
0.06364375
0.047228765
0.041248895
0.06902434
0.06220102
0.05193197
0.06769155
0.06585787
0.018523173
0.055269312
0.043612234
0.038198896
0.073806986
0.05972789
0.046078313
0.06114588
0.05998484
-0.018719012
-0.05118992
-0.03702941
-0.04658712
-0.0550674
-0.068279035
-0.034806453
-0.05839987
-0.06331098
0.016495975
0.054893523
0.043288887
0.052042015
0.06811792
0.06119656
0.032618944
0.05627773
0.06211755
0.013773143
0.029948488
0.031211741
0.041112766
0.06594301
0.070986174
0.040283646
0.082692854
0.06733613
-0.018992657
-0.05136599
-0.030935422
-0.04573439
-0.08472363
-0.08911013
-0.03523765
-0.08444844
-0.07227469
0.014789865
0.04965005
0.039702922
0.046329454
0.0853627
0.07271775
0.03382073
0.06506882
0.057216607
-9.470093e-09
-8.354411e-09
-6.460652e-08
-1.106674e-07
-3.22493e-08
2.5316806e-08
-1.0833786e-07
2.2131847e-08
4.8793424e-08
0.029775297
0.041138783
0.04365784
0.053982355
0.06388275
0.06605191
0.036623985
0.060299836
0.05119296
0.05465102
0.06482443
0.07670876
0.040947597
0.041990474
0.04661518
0.035385564
0.06640196
0.06390013
0.02201543
0.05131711
0.052304994
0.050517816
0.06839276
0.068801284
0.038568605
0.060173836
0.059557445
-0.012273043
-0.050229877
-0.04694067
-0.051561426
-0.048783917
-0.07234485
-0.037476648
-0.057503685
-0.07020149
-0.03970719
-0.0600683
-0.053167056
-0.046044763
-0.02944574
-0.056974426
-0.025124663
-0.05779246
-0.06546943
-0.037595943
-0.058780905
-0.052853577
-0.037407756
-0.050571036
-0.0524393
-0.033428244
-0.059195217
-0.063556544
-0.01011776
-0.052312553
-0.03477543
-0.040164746
-0.06723254
-0.07789457
-0.040311906
-0.08724408
-0.07482333
5.1487216e-08
9.346351e-08
9.1711e-08
1.3820704e-07
5.3636025e-09
1.6172434e-07
7.273743e-08
1.3471742e-07
1.0134044e-07
0.017154647
0.06361709
0.048872564
0.05053513
0.073033914
0.061268073
0.037813544
0.05414836
0.05417477
-0.019884413
-0.045085855
-0.03530034
-0.04127113
-0.057647053
-0.06762779
-0.047851477
-0.06424406
-0.061094377
0.034770094
0.053621206
0.05415338
0.054057524
0.075012214
0.080533534
0.051356055
0.07778635
0.07756969
0.018937837
0.06879465
0.05097181
0.06996106
0.068607666
0.08576229
0.05805745
0.07996441
0.09837746
-0.008802724
-0.041304424
-0.024689214
-0.04216368
-0.056691788
-0.060307283
-0.0378314
-0.07200539
-0.06723573
0.030624686
0.047326896
0.038465645
0.04538147
0.075877815
0.064139985
0.030170336
0.066688165
0.050744787
0.0013972466
-0.046496
-0.02713898
-0.040871214
-0.10799803
-0.07595861
-0.034751393
-0.09103779
-0.086023815
0.031182306
0.04862306
0.046678808
0.046656966
0.084090926
0.06890593
0.021033222
0.067179315
0.04407852
0.066860475
0.038161755
0.05605
0.00973898
0.10340068
0.08804773
0.058151007
0.09046085
0.07685621
-0.044621743
-0.04828317
-0.07094427
-0.04381006
0.019592747
-0.039413564
-0.056748595
-0.04978095
-0.085201494
-0.018604875
-0.048580945
-0.055790123
-0.044346575
-0.03754284
-0.06612723
-0.05258326
-0.07368079
-0.067182705
0.011815904
0.024439283
0.019639365
0.022388466
0.045465395
0.040270958
0.02020043
0.037772354
0.029619409
0.029027622
0.04782255
0.05333698
0.050928906
0.06554522
0.07151368
0.032640323
0.0520106
0.04859928
-0.024204604
-0.044570245
-0.049798187
-0.05393303
-0.04046283
-0.06438732
-0.036297504
-0.057410154
-0.06468218
0.026871923
0.04629699
0.04994245
0.049955733
0.094321884
0.09022827
0.064207576
0.08196101
0.09052092
-0.028121619
-0.058896277
-0.052508667
-0.047981422
-0.04676324
-0.060109865
-0.033923525
-0.08569282
-0.07400129
0.0057442468
-0.030455565
-0.02755661
-0.031175124
-0.10171444
-0.08318301
-0.052925855
-0.11163218
-0.09252579
0.011854125
0.04738081
0.03515621
0.06118183
0.081153795
0.06899112
0.038467146
0.07121015
0.07355004
-0.030378567
-0.04606389
-0.045528714
-0.04306436
-0.04218393
-0.0669504
-0.029129673
-0.060974434
-0.064945966
-0.010923164
-0.049857616
-0.039232243
-0.046643972
-0.07788816
-0.06986914
-0.037265904
-0.09580626
-0.09347547
-0.032277964
-0.043654844
-0.049984988
-0.049588718
-0.03722908
-0.063805476
-0.038858093
-0.063081644
-0.058774345
0.015832402
0.06325263
0.04388023
0.05142988
0.113604434
0.09185805
0.036243666
0.082210906
0.07065762
0.025781076
0.06538211
0.054548535
0.06400689
0.09339149
0.09188914
0.062455628
0.08098991
0.09095428
-0.032623902
-0.054563787
-0.0499368
-0.03492252
-0.05177289
-0.06969543
-0.040828235
-0.047765862
-0.054903843
-0.0345914
-0.053463195
-0.060622536
-0.04329725
-0.04412597
-0.06287308
-0.05115027
-0.052399058
-0.06782183
0.023170874
0.05473192
0.045299377
0.044344496
0.06621113
0.063740455
0.037052296
0.08142937
0.0705849
0.012467684
0.044135552
0.020948427
0.030674143
0.060360968
0.04765895
0.03509569
0.034812912
0.048966426
-0.013870327
-0.059963636
-0.044831716
-0.04112607
-0.05616964
-0.06387392
-0.03310907
-0.059668425
-0.05884628
0.013676995
-0.049676415
-0.011897553
-0.03895309
-0.08931551
-0.07261569
-0.037542023
-0.109596185
-0.0914235
0.016612805
0.033337772
0.020265695
0.02792568
0.052589856
0.04609624
0.022358008
0.040621538
0.036518827
-0.029817343
-0.045884676
-0.049611423
-0.037865352
-0.06540629
-0.054655142
-0.034005426
-0.057879977
-0.055075046
0.021636251
0.044838443
0.05440584
0.043377515
0.0760331
0.06832876
0.02873318
0.07804122
0.048319254
0.025570694
0.054511983
0.04638692
0.051335283
0.076470435
0.06764214
0.035280835
0.065524876
0.05780393
0.013248814
0.057410702
0.044868708
0.050709873
0.06846999
0.052481003
0.026431972
0.056333587
0.05898438
0.032881696
0.064567976
0.051722985
0.047688644
0.070553325
0.08277888
0.072670475
0.06409457
0.07963415
0.017158302
0.049651686
0.036151107
0.045976616
0.08440337
0.07422693
0.042675342
0.078267016
0.05925313
0.004567866
-0.04023609
-0.0378986
-0.040415518
-0.12336508
-0.08096767
-0.032933727
-0.09729366
-0.08502297
-0.02872695
-0.048108477
-0.05103724
-0.05125109
-0.049369916
-0.05788752
-0.032705322
-0.056598403
-0.06070719
-1.6866501e-08
4.142179e-08
7.908246e-09
4.323468e-08
3.1207872e-08
-3.8366892e-08
4.16658e-08
9.39304e-09
-5.4965072e-09
-0.027150035
-0.053498294
-0.054128386
-0.050768476
-0.033681843
-0.05241529
-0.0473981
-0.052541126
-0.06600313
0.040434916
0.060835674
0.060630728
0.05937324
0.07923761
0.06662599
0.034074485
0.062197354
0.065116405
0.014843334
0.036958415
0.038816355
0.039920043
0.05427787
0.053367473
0.03806266
0.050955858
0.05346642
-0.021834642
-0.03246311
-0.030320156
-0.04770243
-0.04958029
-0.061455723
-0.0408269
-0.062035233
-0.072194874
0.029981427
0.060548753
0.035538375
0.035931878
0.07586833
0.081931785
0.03576325
0.05955159
0.04823928
-0.05040408
-0.065671444
-0.07425176
-0.047260106
-0.020342084
-0.058847073
-0.060781058
-0.077955395
-0.0790973
-0.009513051
-0.05055796
-0.032709036
-0.043370564
-0.08203605
-0.080285564
-0.045780722
-0.0702169
-0.07960971
-0.020425035
-0.05006783
-0.047895428
-0.035446104
-0.08938717
-0.06576193
-0.031096138
-0.07553545
-0.06283576
-0.028521227
-0.040795952
-0.041653566
-0.047821008
-0.016048491
-0.04806202
-0.04730627
-0.043843832
-0.087299004
-0.01680849
-0.04321697
-0.052791744
-0.048296556
-0.054298274
-0.0561173
-0.044255983
-0.064133875
-0.062296465
-0.02826022
-0.059476182
-0.048063904
-0.041017313
-0.050608918
-0.057132788
-0.03641366
-0.0626222
-0.064899586
0.026087282
0.05560515
0.045536317
0.048828848
0.07688141
0.06983679
0.03905745
0.06386474
0.06616931
-0.030671122
-0.03976854
-0.037966028
-0.038960874
-0.057190638
-0.062184773
-0.036160138
-0.06974518
-0.05723674
-0.033861574
-0.04677753
-0.052902948
-0.056371126
-0.04730239
-0.049112063
-0.034779657
-0.051821053
-0.06319995
0.02526739
0.050147995
0.039641317
0.05035763
0.07274006
0.066315405
0.024565017
0.08506949
0.06631389
0.02011734
0.04375232
0.030814787
0.038280927
0.058786273
0.049603898
0.021107862
0.043753676
0.037217002
3.2896799e-07
1.253386e-06
1.0956413e-06
1.6807005e-06
2.2903923e-06
1.7824457e-06
4.2743054e-07
1.9296383e-06
1.6277102e-06
-0.0222702
-0.054357983
-0.050356086
-0.071320266
-0.0002456372
-0.07921863
-0.063566595
-0.04667616
-0.0814542
0.029399017
0.05809566
0.053249955
0.04694645
0.101724945
0.07681174
0.028845945
0.075585514
0.058119807
0.030602938
0.049268283
0.046528418
0.044339944
0.04636018
0.061444372
0.037798762
0.045832206
0.045738824
0.022879267
0.054031342
0.055826154
0.052252304
0.08613788
0.06472489
0.030637054
0.06465505
0.050587825
0.036854472
0.04209389
0.03378279
0.0480031
0.07885869
0.06735616
0.01339348
0.076464474
0.06189392
0.011358928
0.044433966
0.04481686
0.05117719
0.09294064
0.07318937
0.034798674
0.083613075
0.06452519
-0.079468444
-0.0978218
-0.113577716
-0.03994964
-0.07564701
-0.0681021
-0.03317569
-0.013733411
-0.020105138
0.01526024
0.07145784
0.054675188
0.0634786
0.08518568
0.07436269
0.045035
0.082266
0.07562731
0.029496558
0.048534222
0.03509605
0.041401193
0.08440631
0.067557424
0.03651893
0.061294753
0.06636336
3.0449936e-08
1.0309806e-08
-1.3744128e-08
-4.3095394e-08
-3.539202e-08
-3.2025568e-08
-2.1642537e-08
-3.863913e-08
-3.0646568e-08
0.00010117582
-0.04613171
-0.0269324
-0.048154537
-0.09246766
-0.080441
-0.037338812
-0.09138333
-0.09670679
-0.012351616
-0.035366338
-0.022856314
-0.034571815
-0.0724744
-0.07173666
-0.046972923
-0.096806884
-0.09096953
-0.01621813
-0.059630953
-0.051698934
-0.06251249
-0.03413518
-0.06325115
-0.0365821
-0.041475795
-0.06665332
-0.043702442
-0.067112505
-0.0694591
-0.055013124
-0.013416246
-0.053974673
-0.040957946
-0.063516386
-0.066637866
0.025730027
0.04851442
0.033999223
0.04004323
0.07108399
0.06305454
0.026365343
0.057026867
0.05329592
0.015769688
0.049496364
0.052357033
0.055949435
0.080384366
0.06300486
0.03816528
0.06822954
0.053661246
0.020468483
0.057317965
0.042002626
0.05125655
0.06295416
0.07842408
0.03739411
0.07021951
0.051978044
0.02552101
0.030486401
0.03141904
0.031492088
0.054320186
0.053430013
0.042247172
0.08816556
0.077001825
-0.10350112
-0.124171
-0.13699912
0.006677557
-0.004729038
0.00033885206
0.10561807
0.17872724
0.1735062
-0.028843623
-0.057782393
-0.05311145
-0.04537449
-0.06999422
-0.08433837
-0.034536805
-0.05978792
-0.046806227
-0.027978843
-0.050294574
-0.041990153
-0.048954736
-0.047327828
-0.06590807
-0.043695543
-0.049363967
-0.06043763
1.2143214e-08
-2.082389e-08
2.2727666e-09
-4.433587e-08
1.9325059e-08
-2.0405e-08
4.4046033e-08
-8.770813e-09
8.422111e-09
0.028873576
0.053621612
0.050529145
0.0534834
0.09014097
0.070065014
0.03485825
0.068390615
0.06429315
-0.031700466
-0.052010536
-0.0493437
-0.04907223
-0.020376574
-0.052706927
-0.04372653
-0.05060364
-0.07765578
9.465668e-08
-2.10239e-09
4.779677e-08
9.457806e-08
2.4190623e-08
3.1526106e-09
1.863249e-07
1.5983053e-07
1.7642584e-07
-0.029032946
-0.040963538
-0.043993145
-0.036026694
-0.05889251
-0.06460245
-0.047503415
-0.06470898
-0.0675449
0.039247938
0.058538243
0.060453422
0.054647293
0.06083634
0.06914764
0.030859858
0.0739675
0.06736879
0.020773971
0.058843784
0.043137655
0.043047216
0.0895303
0.07017987
0.04107807
0.080290794
0.06940132
-0.009151509
-0.043589313
-0.038803812
-0.036712956
-0.07768141
-0.07694361
-0.035974074
-0.10554675
-0.09585796
0.028663427
0.0562216
0.047471844
0.033173144
0.07461939
0.07828668
0.065051354
0.088360414
0.077166855
-0.037914265
-0.04411317
-0.06615335
-0.054187562
-0.0075515946
-0.059409942
-0.044007275
-0.06429404
-0.06307748
0.007934582
-0.069108844
-0.030521546
-0.04416162
-0.09038796
-0.07902581
-0.040555224
-0.098244555
-0.088773355
0.014054885
0.034053884
0.029004917
0.033245176
0.040172566
0.036254924
0.019496562
0.036433857
0.031192118
-0.017438319
-0.057575755
-0.048375387
-0.044594996
-0.07228086
-0.06200762
-0.038903862
-0.07441532
-0.07152915
0.022608152
0.041076716
0.024254672
0.032212436
0.04292644
0.048429515
0.026812872
0.054536283
0.05151178
-0.028829513
-0.053152766
-0.054616228
-0.04844677
-0.04344895
-0.07294349
-0.04488187
-0.074699454
-0.06869605
0.022557905
0.05391337
0.038074825
0.044515643
0.070572935
0.05747194
0.0315919
0.054651324
0.066264525
0.032502394
0.0028237202
0.03863506
-0.05525963
-0.05822156
-0.047051117
-0.10965617
-0.14641784
-0.12947114
-0.020257704
-0.04909685
-0.037445363
-0.05458134
-0.058528457
-0.06480212
-0.033784136
-0.06865957
-0.058119297
-0.023057641
-0.043617405
-0.027878476
-0.029787498
-0.046644893
-0.060824055
-0.043559607
-0.06418046
-0.058725983
-0.0130645735
-0.055304013
-0.036911655
-0.053461365
-0.058257796
-0.05388802
-0.034372263
-0.06492261
-0.06370342
0.008040025
-0.046499006
-0.014068509
-0.024462745
-0.10219791
-0.08773351
-0.038940568
-0.09173834
-0.09540602
0.01524646
0.03626806
0.0366273
0.05726302
0.07599258
0.06998664
0.038391132
0.08930846
0.07898077
0.031687345
0.03746951
0.043463632
0.045761857
0.06720344
0.065321766
0.028311271
0.06847662
0.056236558
-5.0955205e-08
-3.8521545e-08
1.03003694e-08
-5.683907e-09
-1.2674759e-08
1.6990917e-08
-7.295976e-08
-6.000196e-08
1.4151252e-08
0.031214993
0.059955984
0.04266954
0.04185493
0.09463632
0.08566823
0.052510466
0.08004537
0.076433904
-0.009082835
-0.038410127
-0.033810057
-0.04053614
-0.06285605
-0.058537833
-0.03905
-0.072121345
-0.07115766
-0.00962462
-0.039012056
-0.03711475
-0.0408924
-0.102795355
-0.07238774
-0.038762342
-0.09767828
-0.08388746
0.05153876
0.04608337
0.0522156
0.02743916
0.10572383
0.07975101
0.066693194
0.06968952
0.089346565
-0.019753544
-0.049818367
-0.04511992
-0.042946424
-0.04956327
-0.056872804
-0.046313282
-0.06301467
-0.06488705
-0.0735729
-0.08252564
-0.10690375
-0.03923025
-0.08213379
-0.0714228
-0.01358696
-0.05935495
-0.048779704
0.021179909
0.05920155
0.04000096
0.05014309
0.08632007
0.06776526
0.032861255
0.06271205
0.04537781
0.12344951
0.16361524
0.18713863
0.030666256
0.0103767235
0.031216841
-0.07691995
-0.12910342
-0.107306264
0.018324286
0.055548906
0.04479284
0.043008722
0.094776526
0.07562624
0.04779986
0.074560575
0.072850585
0.03439419
0.05392654
0.04719344
0.049093194
0.07163701
0.0676676
0.026349511
0.08062365
0.06043075
0.024739817
0.042365827
0.045443546
0.039549757
0.07695296
0.06171568
0.03010309
0.05336237
0.048326474
-0.073268116
-0.110213354
-0.13409005
-0.061464228
-0.055981144
-0.07000289
-0.03092145
-0.018984798
-0.016476255
-0.021378696
-0.06009277
-0.064900875
-0.055390883
-0.023868503
-0.04892008
-0.04316342
-0.05047251
-0.057487734
0.012221671
0.05800648
0.039447334
0.046839442
0.10328263
0.085646704
0.05050065
0.09908515
0.084290065
-0.025723863
-0.055492286
-0.05082956
-0.057293333
-0.06576461
-0.048985936
-0.028177647
-0.053118758
-0.07070276
-0.015940959
-0.05657443
-0.05277205
-0.05088673
-0.030495593
-0.06544481
-0.045137573
-0.0564556
-0.07596224
0.034457617
0.059594166
0.053576447
0.04889959
0.068274595
0.068346865
0.026240574
0.04713861
0.046506945
0.0032310667
-0.04399906
-0.0062283496
-0.03252387
-0.074958906
-0.07177647
-0.046911694
-0.10971383
-0.108679354
0.014408014
0.035909258
0.024784073
0.046774775
0.07636453
0.055297192
0.036403082
0.057341397
0.070599005
-0.0028100705
-0.03989482
-0.03546908
-0.04983633
-0.08627052
-0.07908534
-0.026834892
-0.10237369
-0.08993846
0.026006522
0.053048547
0.05621082
0.057848066
0.073371306
0.06810548
0.040745556
0.076770045
0.057206552
-0.016701838
-0.054004557
-0.04720242
-0.053555988
-0.04412481
-0.062442325
-0.051259946
-0.045858476
-0.070382796
0.022046817
0.048286326
0.036881596
0.046238553
0.056182683
0.061718255
0.03437428
0.072904065
0.06521694
0.0019755778
-0.05850393
-0.036134873
-0.045649305
-0.09423309
-0.07352837
-0.029674163
-0.08095979
-0.08556269
0.006292956
-0.050550368
-0.02579649
-0.038712956
-0.09251614
-0.09017534
-0.036501337
-0.07981916
-0.0820503
0.030523093
0.034127254
0.040456958
0.044277485
0.06053829
0.060453538
0.02986969
0.05965498
0.050331213
-0.019650418
-0.025607528
-0.03822182
-0.041287255
-0.052564416
-0.06120089
-0.046517182
-0.079801016
-0.071442686
0.09583232
0.16533576
0.15486056
0.02024026
0.003030325
0.020957783
-0.11274287
-0.13462673
-0.14731467
0.03131523
0.056801837
0.044415988
0.04720123
0.06291837
0.06372183
0.03403734
0.059193164
0.05283571
0.03898011
0.04031077
0.050651446
0.04923398
0.07409129
0.07098709
0.027170362
0.05687634
0.053432602
-0.024406828
-0.055364937
-0.04814819
-0.036755737
-0.057927817
-0.057687324
-0.031506695
-0.0509024
-0.042742193
0.019805422
0.05214994
0.03320746
0.046085946
0.08436212
0.07636137
0.03451824
0.072347656
0.057556927
0.0024630271
-0.035630014
-0.020195523
-0.038310066
-0.08901175
-0.08245783
-0.03210627
-0.104254484
-0.095149934
-0.0100215925
-0.048655834
-0.04686961
-0.04144118
-0.042658407
-0.062550984
-0.049743563
-0.058865868
-0.06150925
0.018311473
0.0508492
0.040369667
0.04115367
0.08154191
0.06547043
0.038551476
0.06520755
0.053946443
-0.0059769084
-0.05846794
-0.047415987
-0.04043482
-0.0694945
-0.0764908
-0.046469264
-0.102231614
-0.093107305
-0.030614002
-0.04907573
-0.044255547
-0.047073826
-0.046293832
-0.062344577
-0.044688996
-0.06373415
-0.06970861
0.031709827
0.06337242
0.046381872
0.042110857
0.0935872
0.07876543
0.0706091
0.077457376
0.103705086
-0.0259455
-0.055183046
-0.059692707
-0.03809617
-0.060741164
-0.05172699
-0.035903584
-0.07002853
-0.05632672
-0.01565791
-0.041523743
-0.04758386
-0.045025088
-0.075134665
-0.070156455
-0.03634027
-0.075005874
-0.06012195
-0.022071175
-0.043764442
-0.046445526
-0.040515326
-0.07496021
-0.06503232
-0.047730304
-0.06697729
-0.057129215
0.019563528
0.066965364
0.046651784
0.04334327
0.081214145
0.06975333
0.041106038
0.07018431
0.06116004
-0.04022637
-0.038141582
-0.050081845
-0.04046847
-0.058598254
-0.058385983
-0.03494116
-0.089183584
-0.05204408
0.022886332
0.06583026
0.041461002
0.039607055
0.06878248
0.07254032
0.03463996
0.06187659
0.054374103
-2.151018e-08
1.9016108e-08
3.442676e-08
2.702868e-08
-2.8414066e-08
1.0611398e-09
-1.5959339e-08
6.6146297e-09
-1.8858422e-08
0.02204958
0.039081164
0.035567537
0.03702826
0.06847719
0.05071419
0.023595203
0.051366013
0.046701144
-0.023705995
-0.056836877
-0.056730606
-0.05972852
-0.038505923
-0.07777009
-0.06334076
-0.05877572
-0.07930071
0.058795232
0.07039721
0.048262656
0.028938038
0.098506466
0.10168249
0.04635232
0.084203705
0.0686906
-0.03677227
-0.05526984
-0.0649454
-0.03525464
-0.005440131
-0.035408817
-0.055725515
-0.050988194
-0.07151737
-0.023915611
-0.034639187
-0.04778552
-0.058317382
-0.01702413
-0.06721594
-0.084177606
-0.06250503
-0.10936357
-0.01403441
-0.06499968
-0.043462954
-0.04022105
-0.04672203
-0.061738838
-0.048450723
-0.04603284
-0.046322215
0.023909071
0.039589822
0.03580025
0.0545084
0.078165814
0.066240676
0.035254795
0.066800505
0.05913818
0.037117127
0.04635942
0.049286555
0.05096817
0.06936314
0.07571961
0.04514009
0.07616611
0.075113684
0.03762542
0.073888
0.039244775
0.051464457
0.050886832
0.08102381
0.051355578
0.057287138
0.057754923
-0.017523017
-0.06282909
-0.05380326
-0.06391581
-0.00686546
-0.05647869
-0.039133783
-0.043505687
-0.06390025
0.004558901
-0.04619655
-0.033381093
-0.05315142
-0.11041539
-0.10304677
-0.025067355
-0.09783213
-0.08479983
0.00018376047
-0.049820714
-0.040130354
-0.033732384
-0.06264689
-0.06754215
-0.04667799
-0.08251352
-0.08484055
-0.037950013
-0.045681376
-0.04919877
-0.046557404
-0.05191184
-0.06109424
-0.0350714
-0.06468891
-0.057279535
0.011825086
0.02588218
0.025284441
0.023614276
0.030283561
0.031877663
0.022104543
0.02867287
0.030341145
0.036668725
0.048569735
0.046758346
0.047075626
0.080733396
0.06758667
0.030640349
0.06317532
0.07134382
0.022361673
0.051183015
0.044348415
0.056756157
0.081795715
0.06906748
0.03873512
0.06467127
0.06281089
-0.04178528
-0.042174596
-0.060850244
-0.038031373
-0.03330311
-0.051099326
-0.040149268
-0.06283412
-0.059615497
0.035745822
0.033860855
0.04279684
0.048791286
0.0462054
0.061465356
0.016843038
0.062499207
0.048935976
0.093372904
0.01711134
0.04306748
-0.030941466
0.17997403
0.124794535
0.08898807
0.09686791
0.061310496
0.024566544
0.055794686
0.04361439
0.060562745
0.08382932
0.063430585
0.03948512
0.068527184
0.05851671
-0.02730781
-0.046719253
-0.044720184
-0.04846302
-0.06628209
-0.06536267
-0.027822716
-0.05421145
-0.052806657
0.027130427
0.039512772
0.04423853
0.03853696
0.06447172
0.05346731
0.024940813
0.04880718
0.0378989
0.06620678
0.032756843
0.034823075
-0.010278223
0.112655304
0.085165456
0.059629753
0.09129102
0.07285837
-0.021433303
-0.060802612
-0.0429133
-0.037244085
-0.05718778
-0.061307047
-0.035979528
-0.055486977
-0.060297567
-0.08736774
-0.13723476
-0.1340863
-0.0007360909
-0.04855297
-0.055343367
-0.0013215217
0.02237244
0.028841868
-0.021932255
-0.04575462
-0.049998023
-0.048757065
-0.059836507
-0.06452453
-0.042753406
-0.060820684
-0.065109424
-0.035092015
-0.048559055
-0.06610276
-0.054061525
-0.019881882
-0.04913157
-0.041712727
-0.055205684
-0.07275634
-0.039195716
-0.057131033
-0.05399807
0.007836515
0.041856162
0.03252004
0.052389063
0.1710668
0.13834353
0.03819676
0.05331847
0.04684346
0.055791914
0.065229885
0.06525157
0.029676482
0.046057757
0.059619993
0.022958964
0.053009357
0.053147074
0.053151157
0.10022447
0.07141284
0.038702503
0.08103135
0.06742367
0.037301876
0.099837184
0.06799911
0.06894187
0.092064045
0.08219211
0.03768242
0.06425745
0.07760351
0.01927473
0.056981802
0.038790822
0.042519365
0.09011019
0.08659456
0.049143467
0.091333814
0.07037819
-0.11293923
-0.027528852
0.09543824
-0.15412594
-0.011190326
0.20337859
-0.19652049
-0.033078898
0.15820086
0.025655787
0.03613492
0.03457164
0.028920494
0.039553292
0.0433292
0.014787758
0.040790375
0.03347027
-0.0029778557
0.04782387
0.06903839
0.05724361
0.13164552
0.07545832
0.070488356
0.098225705
0.08499813
1.1637412e-08
-2.1338757e-08
1.505276e-08
-2.890391e-10
-2.1533435e-08
-9.551318e-09
3.7852736e-08
-4.0511523e-08
-3.2228964e-08
0.05983426
0.043904822
0.049557965
0.03545226
0.09206052
0.12205484
0.07174461
0.11850453
0.109768145
-0.019893544
-0.04213242
-0.04805809
-0.038535826
-0.06339436
-0.058053434
-0.050222646
-0.06868504
-0.05578127
0.024053881
0.040301878
0.03697603
0.043616787
0.0684623
0.06312788
0.029528901
0.06702192
0.050949387
-0.012411068
-0.045193404
-0.03240421
-0.03909673
-0.059663564
-0.057046846
-0.043738663
-0.060459077
-0.064573996
0.0021932968
-0.039847802
-0.029721962
-0.03602264
-0.08372746
-0.057380717
-0.038876362
-0.112129964
-0.09593493
-0.039127517
-0.05057704
-0.060043197
-0.04657488
-0.057893544
-0.059980094
-0.028427571
-0.054877818
-0.06595754
-0.029572474
-0.055916242
-0.044780187
-0.048874907
-0.065243654
-0.07695613
-0.042890027
-0.06260414
-0.063009426
-0.031506825
-0.048683368
-0.054122206
-0.038463
-0.024656937
-0.047542557
-0.05823909
-0.05409993
-0.06839838
-0.016577236
-0.05239108
-0.042375393
-0.04389505
-0.08543358
-0.06546532
-0.03396674
-0.07551503
-0.05198868
0.014255767
0.03985425
0.037471082
0.046819806
0.067181565
0.05779208
0.029862711
0.053880874
0.047631856
-0.03445305
-0.045234337
-0.059754454
-0.043759923
0.01196803
-0.05054184
-0.065522544
-0.044555493
-0.084559955
-0.0023005833
-0.046896264
-0.045831155
-0.055444933
-0.059551034
-0.058476225
-0.03795934
-0.07335707
-0.086873196
-0.0013688981
-0.0451287
-0.048105914
-0.04994284
-0.08443276
-0.08265146
-0.038204215
-0.09034289
-0.0779766
0.025438478
0.048980985
0.04543836
0.05331885
0.09778611
0.078208566
0.036089525
0.08579802
0.061036874
0.132278
0.0033650328
0.069382824
-0.012303872
0.14845651
0.1339922
0.08637686
0.118570544
0.070219025
-0.024120005
-0.050723884
-0.05044061
-0.05215924
-0.055918712
-0.053578194
-0.026087606
-0.058931746
-0.05655104
0.030028665
0.055781323
0.034951724
0.036317308
0.07980082
0.0653247
0.029235777
0.05064641
0.05320723
-0.015343115
-0.057064362
-0.04320996
-0.041119467
-0.057555377
-0.069853246
-0.04936058
-0.078657545
-0.09854704
0.024709377
0.042589888
0.039596383
0.03735042
0.08126778
0.07770264
0.04901838
0.07009336
0.06385971
0.12523969
0.1530373
0.16678561
0.009017756
-0.002431039
0.023938268
-0.11184109
-0.1534085
-0.15753303
2.3525491e-08
-6.177882e-08
-2.5834987e-08
-4.865923e-08
2.5528266e-08
4.7120793e-08
-2.0646905e-08
-4.721535e-08
8.152396e-09
0.035047267
0.0384328
0.041874103
0.0393181
0.08606428
0.07478324
0.03307607
0.077216044
0.07040966
-0.04191877
-0.04651195
-0.055440374
-0.037354507
-0.05497833
-0.060751457
-0.025332652
-0.07324524
-0.05130941
0.024617275
0.059948593
0.054853808
0.056199614
0.07395426
0.068512365
0.036347046
0.07126924
0.067031726
0.014223135
0.049968876
0.038555816
0.049051717
0.075678244
0.06353375
0.040273726
0.0641746
0.063081264
0.022059536
0.038273532
0.035653926
0.035396673
0.08762618
0.084581114
0.047711298
0.08557905
0.059686236
0.014765405
0.04403477
0.03885929
0.052273292
0.09352043
0.07253108
0.045232233
0.07773306
0.07214756
-1.5094346e-07
-8.937221e-08
2.5824157e-08
-7.6080994e-08
-3.422331e-08
3.9214555e-08
1.2724776e-07
9.273721e-08
1.4590401e-07
0.026737044
0.04748388
0.045325622
0.03934474
0.07488428
0.06401937
0.020002281
0.06441725
0.036630366
-0.026930168
-0.055036806
-0.054862157
-0.043830037
-0.028933736
-0.05708906
-0.045917403
-0.04942992
-0.06552928
0.020955494
0.052418716
0.043496568
0.042132217
0.058582433
0.04834932
0.026774654
0.041944984
0.041198786
0.000994268
-0.051598474
-0.027786588
-0.04975427
-0.08850848
-0.07387249
-0.03221253
-0.0908283
-0.08324231
0.026420634
0.06582267
0.053965088
0.055993207
0.08479541
0.07669142
0.029314926
0.073582605
0.07452174
-0.001639856
-0.053746045
-0.038175706
-0.045871522
-0.06005541
-0.06846297
-0.03704536
-0.07611747
-0.08833267
0.02775257
0.054148532
0.028412748
0.048823997
0.08176296
0.07104486
0.042762008
0.07275974
0.079306856
0.02491817
0.053096995
0.05042895
0.05191025
0.07118559
0.06812511
0.043477166
0.060963493
0.07137044
2.503669e-09
4.6617195e-08
8.0942195e-09
4.931681e-09
3.0587376e-08
3.107513e-08
2.1003881e-08
2.7645422e-09
1.2052885e-08
0.021863855
0.07488277
0.05494248
0.07546889
0.073123686
0.08293414
0.054901354
0.06751501
0.09273052
0.002921673
0.053951625
0.036791634
0.048960865
0.094228745
0.06913805
0.04706371
0.07454053
0.075008266
-0.018668825
-0.04907545
-0.040406972
-0.048980538
-0.07455875
-0.0701377
-0.028507583
-0.10485199
-0.08475191
0.03143547
0.04208985
0.028960284
0.03600412
0.085759655
0.06879395
0.03461599
0.058689084
0.056015242
0.008532703
-0.037894897
-0.028138371
-0.037147537
-0.096587166
-0.06425239
-0.04133495
-0.11472445
-0.10313183
0.027623422
0.06802411
0.058038812
0.05670343
0.08891817
0.07919633
0.029699244
0.06823129
0.057922486
-0.013556325
-0.055981617
-0.04773651
-0.06227705
-0.020748373
-0.05579784
-0.043314792
-0.058461793
-0.06870872
-0.018267393
-0.040702157
-0.033806413
-0.04298318
-0.05656381
-0.06528526
-0.034875605
-0.08018305
-0.075675815
-0.030212121
-0.06356307
-0.05323326
-0.055795103
-0.019973151
-0.058666248
-0.04952362
-0.060326222
-0.07320507
0.023920301
0.052316643
0.04929947
0.0446312
0.06689765
0.059234302
0.025016831
0.055825364
0.050597448
0.0278724
0.05153251
0.046472676
0.06515491
0.0943304
0.08168518
0.038114853
0.08800278
0.08157975
-0.026017804
-0.050925735
-0.050992377
-0.041753795
-0.06099432
-0.06831878
-0.039030742
-0.0559007
-0.053247623
-0.025326071
-0.032056782
-0.032229517
-0.050250527
-0.04924142
-0.06769595
-0.032747593
-0.068934165
-0.059590634
1.3606333e-08
5.6052357e-08
6.953554e-08
1.6711292e-08
-7.367712e-08
-1.5669844e-08
-4.1303743e-08
-2.1727146e-08
-8.747814e-08
-0.053606547
-0.059844654
-0.07422827
-0.04714309
-0.03999464
-0.06133616
-0.0038118318
-0.067746766
-0.03331781
-0.03877688
-0.047052816
-0.06856755
-0.052608337
0.01505954
-0.055944495
-0.05915259
-0.060124326
-0.076473415
0.021287393
0.03407677
0.029673656
0.030566694
0.06837703
0.06481119
0.042160064
0.069573246
0.054942686
0.011396145
-0.042349443
-0.031710334
-0.03722035
-0.11552143
-0.084588304
-0.032845046
-0.1254605
-0.09460628
-0.0054626195
0.04698305
0.023594975
0.04411815
0.0900581
0.0763919
0.054281246
0.0714144
0.06715954
-0.021279363
-0.0462402
-0.04520846
-0.04648001
-0.07161752
-0.07403324
-0.039234906
-0.051571254
-0.048441533
0.036345515
0.0368513
0.031417612
0.036890943
0.09793315
0.087680854
0.05344122
0.09199716
0.08403312
0.01977752
0.048854053
0.040180873
0.048026115
0.08135022
0.07136019
0.04421567
0.069287695
0.06453468
-0.15837777
-0.16591118
-0.20868711
-0.0041975915
0.017638473
-0.002482786
0.11407749
0.16224551
0.16209728
-0.018151764
-0.050493337
-0.041777033
-0.049820513
-0.07150341
-0.065059
-0.03508084
-0.05658991
-0.06038549
-0.015780233
-0.04778715
-0.037206452
-0.035676003
-0.03654795
-0.060569026
-0.050263867
-0.060334723
-0.06614986
0.03324355
0.075394325
0.04760561
0.055080067
0.13204876
0.102413766
0.045968775
0.100414634
0.073580235
0.024126401
0.050789908
0.051892415
0.053556778
0.059031088
0.049742
0.03194235
0.08167328
0.06992181
-0.021861037
-0.044212665
-0.049272127
-0.058460344
-0.031704612
-0.05508024
-0.03556617
-0.06451816
-0.07669537
0.043267947
0.03692634
0.06147332
0.033579394
0.09993482
0.077650435
0.047356028
0.08898207
0.073286876
-0.018445369
-0.049112875
-0.03325261
-0.056184474
-0.05354619
-0.07002216
-0.048779737
-0.060808502
-0.06317477
-0.015885163
-0.04492703
-0.045855265
-0.058363505
-0.069304705
-0.072534926
-0.033401225
-0.06986236
-0.072534144
-0.023467474
-0.038004566
-0.04551532
-0.045604426
-0.038749505
-0.060110997
-0.04026317
-0.05165978
-0.06329019
0.022725437
0.045298845
0.035904292
0.054051213
0.0706554
0.06146852
0.03421259
0.067118734
0.06270892
-0.019703869
-0.049679607
-0.060216226
-0.066003054
-0.041080937
-0.061310202
-0.035584368
-0.049359005
-0.067907386
0.03225356
0.039795063
0.03398989
0.03296563
0.07694325
0.065190844
0.029765919
0.062280536
0.047159858
1.781004e-06
1.3020284e-06
7.3237896e-07
1.951871e-06
7.2853426e-09
1.3572837e-06
1.1073158e-06
1.4058678e-06
1.3788655e-06
2.5509205e-08
-3.779487e-08
6.62888e-09
-3.5429974e-08
-3.9138675e-09
4.4912934e-08
-1.834881e-08
1.5338026e-08
1.7227546e-08
-0.019996954
-0.036843687
-0.0385157
-0.045839235
-0.048092205
-0.062473483
-0.04416782
-0.07073792
-0.057824638
-0.034469604
-0.05837781
-0.058747564
-0.051771045
-0.014541948
-0.057208527
-0.052600943
-0.036751293
-0.08570034
0.016218405
-0.041111138
-0.023748498
-0.043937042
-0.098545805
-0.08470784
-0.05058392
-0.11726258
-0.10222789
0.049336307
0.04393374
0.04222505
0.00056672585
0.13830824
0.09722499
0.08188256
0.09047088
0.09161454
-0.016291862
-0.039006814
-0.061125234
-0.060646582
-0.012235827
-0.047819443
-0.0490624
-0.043675683
-0.0781574
-0.020805182
-0.055724863
-0.039343245
-0.045624234
-0.040233128
-0.055088807
-0.035999123
-0.046573453
-0.056001972
0.04380726
0.06867703
0.059916977
0.045701273
0.06440936
0.06645188
0.027374301
0.039517164
0.04103928
0.0017119691
-0.05175204
-0.032386232
-0.0438961
-0.079289615
-0.08289354
-0.036585804
-0.09086228
-0.08816935
0.01775861
0.046741817
0.050237786
0.0485009
0.09047633
0.078639485
0.038246885
0.081354104
0.055837482
0.0051730718
-0.059828795
-0.026795467
-0.052720018
-0.09409189
-0.082390726
-0.040859103
-0.09976146
-0.09235348
0.024082327
0.04473818
0.040980905
0.032875113
0.06303702
0.06538698
0.04952496
0.059912402
0.06256294
0.039443985
0.03870948
0.043819983
0.036667693
0.06324628
0.06410709
0.029152697
0.05347976
0.033767115
0.04124187
0.057468858
0.044154864
0.044778395
0.058763105
0.071161196
0.04254615
0.06549207
0.06378113
-0.029357797
-0.04425044
-0.043613862
-0.04125243
-0.05921966
-0.068251245
-0.042424705
-0.058908917
-0.05976528
0.024468858
0.03940483
0.034961157
0.042521622
0.07191627
0.070119925
0.032761283
0.07625368
0.06175698
0.01734124
0.049303677
0.034498055
0.0478174
0.08487102
0.082631394
0.05294748
0.07861823
0.074505486
-0.03280638
-0.057070915
-0.044827756
-0.042860996
-0.04863702
-0.058874216
-0.042226005
-0.05137219
-0.057781696
0.005506295
-0.040630665
-0.030808264
-0.042924162
-0.11922533
-0.08033437
-0.031972248
-0.10954033
-0.08945127
0.027857373
0.056983348
0.051068444
0.048486333
0.054145876
0.056868885
0.020368982
0.043962643
0.04175359
-0.0051637334
-0.038683575
-0.025199167
-0.031692445
-0.06583907
-0.05625905
-0.043048292
-0.07850271
-0.048118964
-0.011623651
-0.05280397
-0.0479362
-0.044697914
-0.039584484
-0.056686178
-0.04272596
-0.057591278
-0.06719693
7.840474e-09
2.9936996e-07
2.4069308e-07
3.5135787e-07
3.6721815e-07
5.542062e-07
7.3418653e-07
9.499608e-07
1.1815288e-06
0.015874812
0.051191952
0.024304863
0.048244145
0.06970672
0.062273316
0.043951828
0.08493918
0.08055273
0.021862162
0.03912762
0.050883155
0.04611955
0.0763109
0.06263514
0.03248908
0.07089811
0.044136576
-0.023405954
-0.04112814
-0.03433353
-0.044788644
-0.05155765
-0.0580283
-0.02830313
-0.07050091
-0.057389326
-0.045568906
-0.052110992
-0.061300684
-0.033827364
-0.041853745
-0.05890563
-0.03564461
-0.058574248
-0.04928483
-0.025724303
-0.052819528
-0.03379491
-0.046079073
-0.07270706
-0.07557065
-0.033598956
-0.09682416
-0.07211505
0.019139847
0.042817343
0.036301937
0.045824148
0.06994261
0.062395915
0.031661343
0.06325243
0.057808675
0.025240842
0.05275645
0.050468676
0.05467861
0.07889757
0.06271047
0.054028295
0.055016562
0.07977962
-0.009157524
-0.027942643
-0.025591595
-0.04177701
-0.0865799
-0.06310812
-0.040161267
-0.078028925
-0.082895085
0.026664965
0.04076478
0.033566732
0.050244734
0.094778895
0.06863973
0.034753166
0.07616659
0.07006453
-0.051483065
-0.038980395
-0.060998473
-0.03466076
-0.0016246805
-0.04241867
-0.038873103
-0.05334171
-0.068838894
-0.031248799
-0.05721078
-0.046581633
-0.05859047
-0.03918907
-0.07570088
-0.028939726
-0.06517638
-0.058365267
0.019969633
0.0432222
0.04298695
0.042398047
0.06924482
0.05883068
0.027938355
0.06965425
0.052935272
-0.033203624
-0.04847221
-0.06498933
-0.052836962
-0.010711467
-0.051482785
-0.037458565
-0.0594209
-0.0702671
0.025994975
0.052360833
0.04097371
0.050335355
0.07668019
0.07349923
0.037232492
0.07968585
0.06852487
-0.02173976
-0.045533586
-0.044044245
-0.053385958
-0.041951273
-0.064820275
-0.03499697
-0.055026054
-0.049816288
0.11731888
0.15409735
0.17150392
0.008368368
0.004027574
0.00902433
-0.10562492
-0.15366969
-0.15825848
0.012001395
-0.054822143
-0.009977324
-0.035783786
-0.13802329
-0.08851303
-0.019439442
-0.104980856
-0.08849012
-0.090366326
0.02661941
0.083523355
-0.16557883
0.026482193
0.15424325
-0.13957249
0.022712791
0.13592155
-0.007439932
-0.05892779
-0.03571032
-0.043393344
-0.09506435
-0.08173182
-0.021463178
-0.09878826
-0.07571186
0.028714947
0.053962458
0.030857919
0.042797234
0.063985504
0.07139767
0.03474408
0.06569329
0.05802304
-0.0081415335
-0.037056785
-0.035329867
-0.05114113
-0.058418717
-0.061212506
-0.03317882
-0.07732324
-0.06957119
-0.018544115
-0.038889267
-0.047953837
-0.044107806
-0.05237579
-0.05309716
-0.040858418
-0.063876435
-0.07104171
0.00052418304
-0.050852004
-0.029643975
-0.04934995
-0.07330772
-0.07628368
-0.033756513
-0.080512665
-0.09161101
-0.02183837
-0.057707924
-0.03963148
-0.04557952
-0.047719177
-0.0750943
-0.048046637
-0.067957364
-0.074657574
-0.008336421
-0.044687912
-0.03877428
-0.045412622
-0.10246221
-0.077273555
-0.027025098
-0.09657454
-0.080826685
6.7336043e-07
3.51722e-07
4.7639043e-07
6.634998e-07
4.91449e-07
1.0319586e-06
4.580182e-07
2.6572624e-07
3.1233816e-07
0.032020845
0.0582771
0.031279534
0.047579028
0.08315265
0.081851035
0.049878836
0.08335075
0.084705494
-0.11815083
-0.14020687
-0.15499851
-0.0032715008
0.031967998
-0.012161342
0.11294423
0.18901828
0.16638874
0.025945164
0.036918506
0.04080611
0.028000463
0.05672368
0.050173003
0.027650893
0.050188154
0.040054824
-0.0020762119
-0.043678835
-0.030192612
-0.051476292
-0.10648349
-0.08686071
-0.026470665
-0.09933936
-0.09431133
0.0027693012
-0.017112065
-0.014652762
-0.04129842
-0.08750693
-0.07575807
-0.0420622
-0.13165998
-0.12068503
0.038433403
0.09277318
0.06031736
0.08526794
0.100255944
0.10151207
0.051430006
0.092660494
0.07921722
-0.034914777
-0.055594053
-0.055220485
-0.046580914
-0.058629
-0.067995876
-0.03104669
-0.06489914
-0.05252552
-0.024010599
-0.04717755
-0.033885736
-0.040700816
-0.046926346
-0.065058164
-0.034569804
-0.06602193
-0.06550423
-2.6601607e-10
4.208496e-08
4.3273378e-08
4.4384016e-08
1.8738367e-08
-7.1227473e-09
-3.2710837e-08
2.9709362e-08
-1.44433e-08
-0.037009798
-0.045639787
-0.06163526
-0.04519988
-0.058762237
-0.060117483
-0.036860637
-0.05184232
-0.047125887
0.034316905
0.055573635
0.051352322
0.04415066
0.087539256
0.07921435
0.0718071
0.083901435
0.091479756
0.0812759
0.07307197
0.088183105
0.09652316
0.13048011
0.10817315
0.10587197
0.1006649
0.12061484
-0.026066262
-0.058493245
-0.061938893
-0.06112354
-0.035159018
-0.05915247
-0.03689035
-0.06343611
-0.06093709
0.032636054
0.055412665
0.048676845
0.053626943
0.08254201
0.07231915
0.03490198
0.07450624
0.050854336
-0.05132257
-0.05530326
-0.056976665
-0.048113775
-0.0026559108
-0.058790125
-0.04229297
-0.05239139
-0.06793593
0.046807535
0.05400688
0.037098873
0.026068749
0.10786529
0.091298714
0.06127328
0.06664295
0.08441229
-0.016052108
-0.04488571
-0.03896872
-0.036378387
-0.08752037
-0.08621275
-0.04857311
-0.07822072
-0.09204137
1.2078038e-07
1.1222791e-07
1.7639948e-07
8.0125226e-08
3.7877594e-08
2.1085117e-07
1.6745125e-07
1.11305425e-07
2.1687417e-07
0.024812816
0.05030635
0.036328513
0.048215
0.063598625
0.06755701
0.034991696
0.06501224
0.06214627
0.012415677
0.04649408
0.02469056
0.03765168
0.0716118
0.060942594
0.03368897
0.05032993
0.049987685
-0.0019988941
-0.026737526
-0.021982273
-0.035184707
-0.07856629
-0.0632911
-0.05821353
-0.10261033
-0.09216664
-0.029687783
-0.059122674
-0.054431554
-0.04995656
-0.064174145
-0.052648623
-0.020197015
-0.046095192
-0.051838912
0.017012563
0.048327148
0.031999975
0.038917523
0.086691305
0.066430844
0.040470302
0.06674212
0.05492354
0.024876747
0.047051314
0.049474128
0.045237474
0.072605245
0.06811454
0.03934202
0.066397004
0.05475743
-0.030870786
-0.048266236
-0.033288136
-0.04235658
-0.061547097
-0.067809075
-0.04294312
-0.06298148
-0.0661305
0.014617642
0.04129612
0.03816882
0.04100322
0.0933327
0.077200234
0.03545212
0.07916724
0.05911885
-0.030639816
-0.057208516
-0.062275644
-0.035374604
-0.07299851
-0.05932004
-0.02559063
-0.06704979
-0.05170179
-0.02140296
-0.050990254
-0.051307905
-0.04798959
-0.058082268
-0.061338563
-0.045760967
-0.05803547
-0.061978433
0.0029868272
-0.037775934
-0.015998658
-0.038743343
-0.094930165
-0.07891997
-0.029324679
-0.11505503
-0.10932345
-0.014894556
-0.05119271
-0.031773865
-0.038319305
-0.041003484
-0.059129752
-0.05017995
-0.04854718
-0.06760967
0.02261112
0.048006643
0.035607815
0.053027686
0.07986111
0.061326776
0.031061957
0.07147531
0.066223405
-0.028849171
-0.04822255
-0.048604425
-0.049993813
-0.04366785
-0.06718198
-0.03470107
-0.070455045
-0.059555817
-0.024064971
-0.040195435
-0.04355919
-0.050439287
-0.089257665
-0.08196062
-0.03699823
-0.101695985
-0.07227273
0.041912556
0.029503752
0.031703074
-0.0032864474
0.13792379
0.10694127
0.056273155
0.08180166
0.058667675
0.026414657
0.06873209
0.05705842
0.056753498
0.08296404
0.07521943
0.042520545
0.06154204
0.06573875
0.042779278
0.07451878
0.07489087
0.050885357
0.07644366
0.08051095
0.056869708
0.05926039
0.0640351
-0.026386825
-0.05447374
-0.05651049
-0.05007669
-0.005883683
-0.041052323
-0.041504417
-0.0553837
-0.070461504
1.1244572e-06
7.831974e-07
1.559517e-06
4.8896527e-07
-5.127626e-07
2.1303772e-07
9.557302e-07
-1.573151e-07
4.7468504e-07
-0.026645612
-0.05683591
-0.046249755
-0.04564675
-0.05986931
-0.050587643
-0.03295095
-0.0560624
-0.066516414
5.915519e-10
2.947738e-09
-3.0392684e-08
-3.687753e-08
-1.4434824e-08
-1.257077e-08
-5.01925e-08
-3.5984463e-08
-5.3023137e-09
0.023879271
0.05297095
0.04917066
0.04753967
0.08332415
0.07140243
0.039049428
0.05930225
0.05899339
0.02225533
0.04303561
0.03798494
0.043741886
0.09193871
0.06999434
0.030847646
0.07588932
0.06450375
-2.5470996e-09
1.2384951e-08
-2.8711382e-08
4.1169432e-08
3.401582e-08
1.8596971e-08
3.3396148e-09
2.5022645e-08
-8.649935e-09
-0.0027836915
-0.022875156
-0.013303475
-0.04921442
-0.051605146
-0.054166358
-0.058602154
-0.083771
-0.09377183
-0.014616577
-0.042737458
-0.032887276
-0.035964206
-0.05975268
-0.06942272
-0.04966895
-0.067701645
-0.062132265
0.006945889
-0.052879862
-0.03421066
-0.04413745
-0.075571485
-0.06175463
-0.05177976
-0.09311574
-0.088733
-0.023223694
0.012826684
-0.016742747
0.028680071
0.070262656
0.06159271
0.07000071
0.099222794
0.10391001
-2.3476899e-08
1.8176321e-08
8.694241e-09
-4.223771e-08
-6.352078e-09
2.2346036e-08
-4.6210897e-09
1.1233877e-08
-1.08820055e-08
0.109908625
0.12480505
0.14473966
0.0070589017
0.005481026
0.017549407
-0.12576346
-0.14586209
-0.16399331
0.02043454
0.037934393
0.035095777
0.056255616
0.09170507
0.08548204
0.039938595
0.101239346
0.07136983
0.016548768
0.038004465
0.0395816
0.04671896
0.07028195
0.06325273
0.040253423
0.06064226
0.0653161
-0.022673536
-0.065236166
-0.045061313
-0.06522174
-0.028415758
-0.052931778
-0.024697488
-0.05876081
-0.055365786
-0.012366831
-0.031431098
-0.037313808
-0.052785464
-0.05572423
-0.06589162
-0.05893683
-0.067955896
-0.07735508
-0.042561702
-0.064265154
-0.05285099
-0.048810437
0.069720805
-0.05343899
-0.055923678
-0.064583026
-0.07407361
-0.036659054
-0.05307158
-0.059774294
-0.048155144
-0.04831921
-0.05431133
-0.029741455
-0.058559936
-0.0499922
0.039466277
0.049172655
0.061185125
0.048930887
0.0770466
0.073187254
0.029767811
0.05774725
0.041204665
0.02153002
0.042478222
0.035791323
0.04335261
0.05409877
0.055567104
0.043252956
0.058746208
0.06047408
0.023235567
0.04166466
0.038957406
0.041234575
0.07419144
0.06498113
0.036768053
0.06080193
0.051637568
0.029682515
0.0453701
0.03369287
0.033047155
0.06480164
0.067398176
0.052379392
0.08549552
0.08004197
0.012912723
0.035993036
0.026918782
0.03578815
0.0835849
0.06717588
0.038211275
0.07320882
0.05620764
0.037865415
0.06422
0.060190633
0.061623786
0.043836854
0.06467619
0.027837195
0.06858789
0.077247515
-0.007893234
-0.027959742
-0.02835815
-0.033143315
-0.101893246
-0.08357534
-0.030877685
-0.109813325
-0.08791109
0.026140314
0.058666527
0.04276319
0.051179294
0.095551595
0.08021467
0.04312413
0.07623621
0.061363902
0.002782336
0.06327606
0.0344458
0.04456982
0.08631428
0.06703778
0.03430722
0.063971646
0.05725926
-0.012572191
-0.055465147
-0.034031603
-0.035879876
-0.06963625
-0.077499814
-0.04958114
-0.08548407
-0.10123805
-0.025462082
-0.06287936
-0.04765877
-0.047904566
-0.048274353
-0.063797675
-0.040758863
-0.051672198
-0.04810796
-0.023668846
-0.051001906
-0.04785014
-0.03379502
-0.068424016
-0.07009767
-0.04276432
-0.06027171
-0.051248867
0.017907659
0.04823294
0.04197781
0.03845351
0.073007934
0.07254333
0.042590044
0.06776098
0.05500499
0.036551073
0.049845155
0.049629025
0.042401068
0.08805782
0.07286467
0.056810234
0.072182305
0.078893244
2.4427262e-08
-3.4034306e-09
-5.136034e-09
-8.0835e-09
3.3377574e-08
2.2792445e-08
-4.294218e-08
-1.2589343e-08
-5.5377537e-08
0.031105777
0.036429618
0.042617206
0.0382065
0.051088374
0.05211755
0.022715135
0.036470927
0.035900217
-0.024917936
-0.046461172
-0.050909817
-0.0527256
-0.04563949
-0.061071422
-0.044820398
-0.06357861
-0.06657424
-0.014126759
-0.045026932
-0.032100122
-0.03477255
-0.09226715
-0.068828166
-0.0322205
-0.09419116
-0.06918725
-0.12674463
-0.14577235
-0.18296714
-0.017019544
0.0070413244
-0.028509403
0.087914765
0.16896021
0.14951691
-0.037680697
-0.04371697
-0.037960626
-0.049826927
-0.05403439
-0.064788215
-0.039685972
-0.06922208
-0.0618393
-0.02230628
-0.043171454
-0.038492586
-0.041536137
-0.062058423
-0.065967605
-0.0377781
-0.05761283
-0.06311653
0.12406037
0.004016989
0.07222856
-0.028061798
0.12524779
0.116232
0.08936668
0.08732212
0.06635091
-0.012044202
-0.045981884
-0.039048303
-0.045327105
-0.052049473
-0.07015547
-0.03979952
-0.056725014
-0.05994999
-0.026725762
-0.038933653
-0.040571377
-0.05179232
-0.044232838
-0.060649794
-0.030539662
-0.06772446
-0.060597435
0.021406826
0.05409262
0.042776003
0.042581648
0.09298356
0.072598636
0.037755102
0.06633179
0.061359867
-0.030483577
-0.053029444
-0.046943046
-0.045392476
-0.06898981
-0.061772294
-0.027200343
-0.060366668
-0.055476584
0.023071287
0.06902312
0.04508048
0.055711906
0.08303941
0.081909694
0.04181358
0.06205444
0.072703965
0.019832727
0.04118041
0.038210005
0.040752552
0.06323391
0.04806808
0.018712236
0.048240025
0.035376787
0.005397891
-0.051087696
-0.028252313
-0.041379437
-0.085699365
-0.07118467
-0.044996243
-0.09636193
-0.09228634
-0.031080583
-0.056915205
-0.04485212
-0.06284837
-0.01573749
-0.057793584
-0.039299965
-0.06287461
-0.072499245
-0.033711936
-0.06019344
-0.058256056
-0.048977014
-0.031281453
-0.069154374
-0.050923165
-0.05382933
-0.07900104
0.01733934
0.042710442
0.040460214
0.051179625
0.07367139
0.068583466
0.038457267
0.07156733
0.07129496
0.03637323
0.044715304
0.04418871
0.042127788
0.08699233
0.06622461
0.034356523
0.06005376
0.071683
0.011159514
0.04544589
0.040084332
0.049681418
0.055430803
0.060402464
0.031580567
0.053051766
0.0526417
-0.003570054
-0.042736225
-0.020564165
-0.03628751
-0.08110771
-0.08491731
-0.045656808
-0.10299262
-0.099279515
-0.042300448
-0.04665911
-0.049107578
-0.03948075
-0.051545486
-0.056940064
-0.031414468
-0.059137568
-0.05534135
0.0057577314
0.057182863
0.05461592
0.057104483
0.08811751
0.07619617
0.044038117
0.04960222
0.044559304
-0.01788208
-0.03643578
-0.037938986
-0.029371088
-0.078296706
-0.061022382
-0.040299393
-0.08107818
-0.06477548
-0.098209925
-0.12515491
-0.12160378
0.00091655913
0.022342289
-0.0038511062
0.103347756
0.18158984
0.17696124
0.059001815
0.030599613
0.04182741
0.0018800307
0.13694423
0.09592679
0.068865456
0.07594662
0.08524137
-0.0055172434
-0.047531687
-0.04837109
-0.048572104
-0.060363468
-0.058133256
-0.051208384
-0.08188157
-0.07041135
-0.01850682
-0.04520526
-0.049875643
-0.060422707
-0.027277693
-0.059829567
-0.061960407
-0.06292421
-0.0839689
-3.054176e-08
2.9564047e-08
3.2792373e-09
2.6993427e-09
-1.4374479e-08
6.6760637e-09
4.2935007e-08
-3.099881e-08
-5.547002e-09
-0.019539451
-0.056074377
-0.046446357
-0.043497
-0.076905414
-0.07058889
-0.040385455
-0.06415519
-0.052480858
0.014620416
0.06305052
0.043980528
0.059701078
0.07916562
0.07441022
0.030662581
0.07608018
0.06700774
-0.00076866784
-0.02970102
-0.033583432
-0.024283048
-0.10271758
-0.07864478
-0.046944756
-0.09703391
-0.07514415
-0.02784936
-0.051104967
-0.05043815
-0.045573942
-0.050782006
-0.056112524
-0.035225954
-0.05686567
-0.06106909
-0.0005502883
0.045902636
0.034459185
0.056776762
0.068437345
0.060167752
0.04338832
0.08160103
0.07339804
-0.012239211
-0.04673934
-0.037723027
-0.04338567
-0.061565675
-0.081554286
-0.049064767
-0.0637187
-0.059100717
