0.12619758
0.34325558
-0.19578218
0.0065093567
-0.05976294
-0.09576949
-0.007280355
-0.042509902
-0.033993844
-0.0026682473
0.037107836
-0.031507358
0.09063893
-0.05854295
-0.04384543
-0.056301717
-0.060802087
0.30502546
-0.0491476
0.0409569
-0.0005272072
-5.664927e-08
0.2636789
-0.026966015
0.15857534
-0.03959581
0.0006001194
-0.020449223
0.1839764
-0.019951826
0.31790626
0.023554148
-0.01237209
-0.071997
-0.0015147979
-0.1048607
-0.009508714
-0.39995617
0.04750493
-0.019514583
-0.08029824
0.07525858
-0.026370121
1.9377497e-08
-1.3039488e-08
-0.03341263
0.10267274
0.03125489
0.13009638
-0.0054942844
0.024989376
-0.015886297
-3.0220708e-08
0.013853543
0.037505675
0.04913783
-0.0071208715
0.07832605
0.16090171
-0.028898837
-0.027155364
-0.003208294
0.15465866
0.1119577
0.29360455
-0.025982514
0.21225503
-0.05643722
0.011430186
0.07112513
0.14861922
-0.0072087613
0.27960786
0.4035265
0.076951675
0.15725635
0.3544694
-0.009721718
0.25741947
0.32013008
-0.030074693
0.009918467
0.10579111
0.11823169
0.09027355
-0.027303677
-0.013245653
0.078927875
-1.3431004e-07
-0.08900783
-0.0651006
0.1430416
-0.055284996
0.2016325
-0.09977978
0.31873903
0.057851493
-0.008989692
-0.1299462
0.021903312
-0.06357058
-0.017644903
-6.989627e-08
-0.02765684
0.032249767
-0.08850303
-0.04424036
0.22235525
-0.0638795
0.040436376
0.2562451
-1.1262581e-07
0.0071329353
-9.3960914e-08
0.011733546
0.028196847
-0.010476076
-1.07487415e-08
-0.05984284
0.08359377
-1.4225979e-08
0.021672338
0.089673646
-0.021090081
-0.06564475
-0.0060659912
-0.011371261
0.107587874
-0.116071105
0.2660391
0.23266408
0.045650445
0.14834623
-0.023589414
0.02593262
0.13518143
-0.029319804
0.14474998
0.06053274
-0.04156948
0.0037512837
-7.1870225e-08
-0.014413742
0.14907202
0.2804767
-0.08073008
-0.0031215441
-1.7394228e-08
0.18747334
0.018105498
0.31380206
-0.1588829
-0.16732462
-0.12440697
0.18637869
0.0023128963
0.039971434
-0.022890316
0.38671222
0.031861022
-0.14395073
-0.006062959
0.16945702
-0.025051482
0.08741976
-0.4895311
0.016678495
0.014554779
-0.011172484
-0.075112104
0.3506694
0.0021368954
-0.047450192
-0.0910696
0.04077242
-0.062289096
-2.0312804e-08
0.09203899
0.10737368
-0.04275291
0.28898245
0.041720085
-0.04978381
0.43042114
-0.020001091
-0.060862362
-0.04364213
-1.1686595e-08
-0.000510443
0.34721383
0.16655093
0.0066118897
0.3641654
-0.1217603
-0.071473934
0.07365929
-0.036631092
0.0015459566
0.029649142
0.2525101
-0.02425298
-0.043629333
-0.17023529
0.0055935895
0.35271066
0.038694013
-0.07436336
-0.1194997
0.0056456635
0.08285735
0.13609323
0.019980844
-0.07545508
0.0064676553
0.08075777
0.01250396
0.25676286
-0.031600695
0.09561947
-0.027284563
-1.0345043e-08
0.22269726
-2.1347365e-08
-0.0828024
0.24718821
-0.1071791
0.26907167
0.03936435
-0.11880815
0.065305874
-0.07020791
-0.14901182
2.129294e-05
-3.4574188e-07
0.10833577
-0.06030292
-0.022505708
0.028941667
0.13359681
-0.03131702
-0.039872617
-0.003977021
0.34737703
-0.142892
-0.017732479
0.3816967
0.04067823
-0.07645748
-0.02220846
0.144586
-3.774943e-08
0.11460245
0.31569
-0.024004096
-0.037084937
-2.1805183e-08
-1.1516995e-08
0.24621771
0.03235264
0.31131566
0.004757586
0.106471434
0.10421131
0.03784284
-0.080137886
-0.05560381
0.14826402
0.004461246
0.09110804
-0.014274274
0.026766498
0.28507757
-0.01891794
-0.044220604
2.4750333e-08
-0.028620303
0.047579918
-0.121476464
-0.07187143
0.027295245
0.117999196
0.23520696
-0.010060926
-0.025594242
0.028718207
-0.04834629
-0.051436163
0.15129788
0.24178964
-0.06872976
-0.1398033
-0.1547182
0.051695157
0.10314662
0.03262957
-0.037409667
-0.18769144
0.28586864
0.12846558
-0.09900771
-0.045085445
-0.052369673
-0.10916277
0.28604043
-0.12859154
0.045751043
0.030836742
0.3008
-0.104776256
-0.03094852
0.015139435
0.023370763
-0.024813106
0.016675793
-5.411852e-09
-0.0471945
-0.035076737
0.053702407
-0.024245715
0.20716895
-0.011171016
-0.014067322
-1.6670283e-08
-0.07803049
-0.0057928106
0.047243472
0.11338573
0.2348437
0.1823746
-0.00056149886
-0.019278185
-5.938693e-08
0.1824591
-0.038528446
0.27170616
0.05207957
0.019150272
0.100811526
0.010161947
-1.860461e-08
-0.06759423
-0.12029725
-0.03477342
-0.018319208
0.25285837
0.016938146
-1.9970024e-08
0.28494108
0.0040563787
0.14095263
-0.080296285
0.17760055
-0.0027672509
0.056595456
-0.048516687
-0.015844215
-0.08531774
0.075350836
-0.04657108
-0.07863589
-8.1021604e-08
0.012309251
-0.0055013467
-0.055652756
-0.023400018
0.13192257
-0.069827616
-0.030031916
-0.037678257
0.30255443
0.009123465
-0.13309254
0.07063442
0.1151534
-6.476909e-09
0.106184654
0.3688763
0.26658946
-0.058805034
0.064955354
-0.10437862
0.07697774
0.25930154
-0.05596223
-0.13406976
0.10393111
0.017592084
0.031980336
-0.07249655
0.017038772
0.116374545
-8.1483414e-08
0.33477476
-0.06664173
0.04194048
0.33294782
0.07456979
0.06361608
0.029878177
-0.09828886
0.07738366
0.18623872
0.002065213
0.16702817
3.6123744e-08
-0.144806
0.14622776
0.26164004
0.17745635
-0.12824017
0.06560328
0.06068062
-8.120398e-08
-0.07159439
0.053345133
-0.13179232
-0.04425983
-0.025814148
0.03439076
0.04269746
-0.04576435
-8.112037e-08
0.15726109
-0.027478011
-0.029215949
-0.16116224
0.051878937
-0.026972413
0.09914666
-0.14426169
0.22090916
-0.016751625
-0.0387613
-0.04169315
0.35929182
0.07401749
-0.025811443
-0.054398388
0.16787587
-0.0074888994
-5.996324e-08
-0.094003454
0.05082637
0.06533367
0.0041626412
-0.072962865
-0.020734416
-0.029817898
0.11231957
0.20251223
-0.018101154
0.35682175
0.08967565
-0.057205696
0.008513006
-0.014490318
0.042093076
-0.13558671
-0.059347898
-0.02744637
0.024980806
-0.011083733
0.033261944
0.28721043
-0.07192589
0.051947724
-0.015092548
-4.3030994e-08
-0.031678203
0.018849958
-0.14064588
0.019411186
-1.5291718e-08
-0.023490181
-0.0068631535
0.20098536
-0.13660984
-0.015705455
0.048592
0.17303543
-5.719222e-08
0.08155
-0.06413813
-0.014014112
-0.048446756
0.2603648
0.01705841
-0.015523879
-0.026806286
-0.025600348
0.028305773
0.073315844
-0.056671955
-0.04072932
-0.037004557
0.15523688
-0.05631039
0.12821186
0.07131004
-0.0033325213
0.1439983
0.017465899
-0.010379107
0.020946614
-0.012228381
-0.075115606
0.096120425
0.018053016
0.36690444
-0.086646564
-0.006615713
-0.00961837
