-0.010220732
0.024694614
-0.014849606
0.018972553
0.015515025
-0.105263256
0.037472554
0.021475738
0.032681208
-0.036193643
0.005447583
-6e-45
-0.02027543
-0.032552436
0.054612454
0.016397117
0.012107396
0.0034961195
-0.008818144
0.07643305
0.013321631
0.026381917
0.04389723
-0.13402785
0.0080185225
0.013703734
-0.09431163
4.560922e-17
-0.08999499
0.00861323
0.061553966
0.012969291
-6e-45
-0.09317201
-0.030021507
-0.056932595
-0.01920015
-6e-45
-0.0109988395
-0.0855181
-0.008243968
0.024286604
0.0007038276
0.036929905
0.028137317
0.043630306
-9.2080554e-05
-0.0009841227
0.015123408
-6e-45
0.044957545
-0.12783284
-0.034509074
0.0006479034
0.01643372
-0.020378778
-0.008110308
6e-45
-0.04197063
6e-45
0.025433263
-6e-45
0.12231223
0.0585857
-0.0042908355
0.07386435
-0.0036489037
-0.0044367686
-0.10639471
0.006132936
0.023396498
6e-45
-0.022958603
-0.0032907447
0.022270015
0.028631384
-0.00058571686
-0.025358852
-0.01451206
0.074218296
-1.2304726e-17
0.012563089
-0.063473344
-0.007723702
6e-45
-0.010322519
0.021310458
-0.013183314
0.0129254935
-0.009455344
-0.0943352
-0.055443928
-0.07876708
-0.03776085
-0.102079205
-0.092297
0.03758088
-0.006432779
0.013045076
0.08810327
0.030814296
-0.00022224092
-0.11802771
-0.0038970576
-0.00051327766
0.006155575
-0.0064487024
0.014754835
0.01694347
0.035874832
0.026361434
6e-45
0.09800489
-0.104985975
-0.02981089
0.028806431
0.0011688819
-0.07107998
-0.039578162
-0.08756246
0.002970449
0.004871726
-0.010335938
-0.0045608557
-0.016438376
-0.07596345
-6e-45
-0.0041488945
-0.037429236
-0.016221896
0.04333735
0.078329615
0.0033308854
0.012578287
-0.03564252
0.046144523
0.02344405
0.024641441
0.013131152
0.059088252
-0.00023555926
-0.052230757
-6e-45
0.015747674
-0.055030286
-0.008786742
0.026277952
-0.010542696
0.046552666
-0.12198157
-0.1004609
0.068822384
-0.026701724
-0.021794023
0.06225658
-0.042162817
0.035878576
-0.0046904143
0.006164169
-0.011240282
0.06837954
0.031727258
0.021468893
0.0057828464
0.0030070746
-0.055926725
-0.13872378
-0.0053799264
-6e-45
0.037325174
-0.087106034
0.030505652
-0.007877857
-0.027018584
-0.009498107
0.017118335
0.022706445
-0.11047208
0.0071134805
6e-45
-3.0905359e-15
0.029605785
-0.09096252
0.016601557
-0.27657408
-0.08519791
-0.13700439
0.021947168
0.020798115
-1.9976447e-17
-0.0027693566
-0.04982646
0.028795982
0.005742819
-0.037085235
-0.006354881
-8.8658436e-17
0.027058383
0.0036789938
0.01303511
0.007538473
0.06359015
0.0094473045
0.11171019
0.005172668
-0.008766545
0.0043627755
-0.0026557737
-0.0069285897
0.022913381
-0.14528856
0.027642056
0.0015338125
-0.06694171
-0.0096419
0.0032715295
-0.0079244
-0.036809336
0.0334623
0.04254104
0.012476088
0.08625238
0.0031840221
0.02580448
0.008801479
0.032463636
0.0051704156
0.03449456
0.01893094
0.024411296
-0.09705038
-0.0009863159
0.00809932
-0.023663238
0.016854033
-0.0547426
-0.066979
0.033700284
0.01697868
0.025337957
-0.042699352
-0.117238976
2.5549454e-18
0.007442374
0.04662022
-0.00040862884
-0.008024228
0.014301737
0.040103313
-0.08978151
0.035024796
0.07536623
0.033348307
0.04102229
0.015606022
-0.0040679956
