0.020461116
0.018817728
0.0119584445
-0.02069502
-0.07953328
-0.037772745
0.02775837
-0.039910253
6e-45
0.013893456
0.0086841155
0.02242758
-0.0059252465
-0.02002848
-0.100007765
0.010736117
0.006983817
-0.015407304
6e-45
0.025314016
0.01380942
0.0231848
6e-45
-0.05652776
0.0166386
-0.04438459
-0.08588983
0.006126999
6e-45
0.016327595
-6e-45
1.8296317e-19
0.0045982124
0.008740122
0.013233704
-0.043200284
6e-45
-0.09906274
-0.019008812
0.01592969
-0.020361157
0.012180936
0.009729662
0.0031295905
0.016691217
-0.10134899
0.020740215
0.01029384
0.018922318
0.010359425
0.0035969857
-0.021052327
0.011183014
0.006351516
-0.03460437
0.006948549
-0.03254337
0.016375836
0.014313355
0.019500496
0.052481256
0.019144567
-0.035306778
0.025929324
0.01934973
0.005063811
0.006873519
0.009538793
-0.004836417
0.010319598
0.021602344
0.011079738
0.016820395
0.012201623
0.013039705
-6e-45
-0.07703065
-0.025734564
-0.022581186
0.013647498
0.01789331
0.012318462
0.019977408
0.033356756
-0.057764713
0.002607364
-3.697434e-17
-0.022990242
0.0007726391
-0.025868401
-0.059806738
-0.013272814
0.008526532
0.0065387655
0.017617404
-0.039544158
0.010987092
-0.016772168
0.0036747828
-0.07330049
6e-45
-0.042500373
-0.09373416
-0.056833964
-0.023906594
-0.06033445
0.013027234
-0.0998458
0.01670474
0.0141218845
0.0134586925
-0.012776252
0.016499242
-0.09484359
0.005804541
0.022666838
-0.0736284
0.0102631105
0.009883244
0.0010521504
0.01492932
6e-45
-0.022918435
-0.044337105
0.0125036305
-0.030876033
-6e-45
0.0012093369
0.009610365
0.010574911
0.021123063
0.0066223703
0.021615969
-0.046051607
-0.04190953
0.0028895307
-0.009772391
0.05573722
0.018655103
0.0048857713
-0.046332493
0.027087208
0.010631549
-0.045015436
-6e-45
-0.043856736
0.003578506
-0.017922822
-0.057952806
0.027952753
6e-45
-0.04844302
-0.029658029
6e-45
0.008795652
0.007724854
-0.01446066
-0.065003045
-0.053758204
0.015495558
0.015722597
0.009266988
6e-45
-0.056438286
0.010669741
-0.03370089
0.00074841897
-0.023315813
0.0044457433
0.012719926
-6e-45
0.011565579
-0.021896463
-0.024785237
0.009297233
-0.059778523
0.005824721
0.025441412
-0.0755974
-0.050755445
-0.022086712
0.021314874
0.015974393
-0.03636275
0.01842825
-0.021353627
-0.039351113
0.0041812332
-0.019326953
-0.023196705
-0.027780348
0.008499182
0.02553029
0.003955172
0.008239669
-0.014637495
0.018821966
-0.04310811
0.011974569
-0.012218167
0.00061836914
-0.020779084
0.011901833
6e-45
0.013260952
0.015930036
0.00601741
-0.037823584
-0.066139475
0.03712517
0.0041680685
-0.03312431
0.016484255
0.021830121
0.008685969
-0.07746805
0.014451244
-6e-45
0.014181245
-6e-45
-0.007327383
0.01624635
0.013665256
-0.02059186
0.013508308
-0.008370869
0.023239959
-0.05486992
0.015347799
-0.0046515283
0.012452628
6e-45
0.0162303
0.018556567
0.021611365
0.015428682
0.017563991
0.0022972045
0.009648889
-0.028342303
-0.014680657
-0.10805123
-0.021416148
0.012585706
0.012257309
1.9022553e-18
0.017278846
-0.053263985
0.0027531995
0.0049198563
0.0028824445
-0.024748616
0.017135363
-0.036138825
0.007707266
0.020154135
0.0038583784
6e-45
0.013608075
0.034087665
0.017252594
0.015600737
0.015825221
-0.020456761
-0.07265287
0.0100174565
0.0009610105
0.041253585
0.011465074
0.0047611976
0.0139797805
0.011932105
0.0060358928
0.010257018
0.017681716
0.023829259
-0.019610254
-0.01162022
0.02766499
0.010741672
-0.015826382
-0.08555643
0.007859011
0.0068177325
0.023830824
-0.02004444
0.01985645
-0.00882812
0.023097254
6e-45
-0.031017998
0.007194036
-0.009524484
0.0035162629
0.017812679
0.021561671
0.017709948
0.018727083
-0.06576294
0.013383381
-0.025960147
-0.07758082
0.014893791
-6e-45
0.0041042
-0.0008235523
0.027341386
-0.019233387
0.020003935
0.01552833
0.010862421
6e-45
6e-45
-6.581629e-23
-0.018893477
-0.033525813
-0.044001173
-0.015050785
0.008097539
0.02723064
0.009767361
0.009490916
0.029656181
0.010276016
-0.038509425
0.012446781
0.008427434
0.012167814
-0.009830661
0.0032065555
-0.01862712
-0.0786754
-7.5949296e-22
-0.019595524
-0.05090972
-0.015526898
0.0058473595
0.007643936
-0.008574756
-0.01989318
0.007132279
0.009248371
-0.045812193
0.023122303
0.0059107523
-6e-45
0.014710831
-0.009372786
-0.027070962
-0.011258959
-0.09508305
0.0147540895
-0.018117419
-0.0240872
0.0037659327
0.02835745
0.011333115
0.0088254865
0.013176633
0.026344
-0.01176641
0.011793736
-0.04333161
0.01265011
0.02726193
-0.017343005
-0.013861118
0.012876312
-0.026727002
-0.035743717
0.012614215
6e-45
0.008424811
0.00996989
-0.06469807
0.018629067
-0.014695218
-0.07223727
0.006965993
0.017717013
0.009839466
-0.03198118
0.00015281269
0.025435327
-0.025938705
0.005963317
4.7146768e-18
-0.027904887
0.013019845
0.018638449
5.1351815e-18
0.02376952
-0.03530948
6e-45
0.0076071187
0.016020844
-0.01132496
-0.02132775
0.019576954
0.030446187
0.016198058
6e-45
0.019160815
0.0066837682
-0.057830837
0.0072367275
0.011921133
-0.02141279
-0.034500774
6.384145e-05
0.006759908
0.0063252645
0.007503985
0.017934583
0.00081432704
-0.016772762
0.0036681755
0.016251424
-0.03855206
0.015090937
-0.023575097
0.022250243
0.018043457
0.00081783475
-0.062402796
-0.02180833
0.008344603
0.007294514
0.016315855
0.030297404
0.0064922934
0.013130277
-0.046121284
0.025430351
-0.081544034
-0.033308055
-0.08230931
0.015676498
-0.011499821
-0.037394036
-0.099491805
-6e-45
-0.022148585
-0.015529997
-0.034239396
-0.083852306
0.012682568
-6e-45
0.041435625
0.031930108
-0.08910693
-0.05010599
0.013288804
0.003927621
0.015326295
0.0059371754
0.016624512
0.00694492
-0.023047294
0.012380387
0.005065821
0.0037800306
0.018176636
0.040941413
0.029012823
-0.023814103
-0.0113173975
5.1338526e-18
0.0024038125
6e-45
-0.019100392
0.005510582
-0.016974803
-0.012070756
-0.4116357
0.01088361
0.014939469
-0.08836385
-0.0721499
-0.022957152
0.02508172
0.013577323
0.021250308
0.032606382
0.0023524468
-0.0247851
0.024381738
0.017048344
0.014679098
0.017852856
0.019710038
0.01057207
0.021118643
-6e-45
0.01495038
0.0046933373
-0.0024769465
0.016693855
-0.047639944
0.009164574
0.016275508
0.012329098
0.002713288
0.0099783745
0.032218486
0.007016681
-0.08561108
-0.02132266
-6e-45
0.03818228
0.008160795
0.051986836
