0.22940788
0.24338676
0.18565291
0.29844818
0.28516674
0.26217732
0.34273753
0.28921115
0.2877887
0.1730625
0.2641884
0.2328335
0.194398
0.19418806
0.30368263
0.23260148
0.3529355
0.33275285
0.28647682
0.3350968
0.2820443
0.3126922
0.27038944
0.3309904
0.2837878
0.35133752
0.19703464
0.18705781
0.18196975
0.30257967
2.3839573e-06
0.25861728
0.27391827
0.19884104
0.35187405
0.41736913
0.25358075
0.27873978
0.46063277
0.3028538
0.24480931
0.40349513
0.3607651
0.25360426
0.3505095
0.19221017
0.2969705
0.17494625
0.33952296
0.22210044
0.26759997
0.32921636
0.31251872
0.15537763
0.20921008
0.12399948
0.14747487
0.2016869
0.15807885
0.30854544
0.1572015
0.36459658
5.750706e-09
0.30704284
0.32290074
0.30445045
0.31338036
0.40074924
0.16483366
0.31610337
0.26967436
0.25455958
0.2239658
0.19133162
0.34329236
0.25011542
1.7378982e-06
0.23846589
0.27832642
0.24492581
0.10916482
0.19338495
0.23736525
0.17961966
0.25609827
0.35609165
3.7865996e-07
0.18719532
0.3190133
0.10712632
0.22136314
0.21160373
0.259435
0.16680856
0.33632106
0.24158262
0.14922895
0.3516534
0.16205953
0.23408653
0.23212288
0.22779039
0.3224796
0.2356288
0.31170332
0.30699912
0.20897502
3.0631993e-06
0.16809162
0.32424998
0.14528385
0.20249979
0.28884965
0.31634155
0.27024063
0.2657022
1.3770798e-06
0.32432956
0.2226918
0.18041919
0.30962443
0.29042745
0.22344732
0.22148043
0.19449109
0.22554469
0.15561877
0.15185365
