1.5791838
1.5225121
1.6527247
1.6428642
1.595568
1.3618754
-2.6360467e-10
1.523566
1.7487026
1.5592821
1.5717791
1.5964293
1.4754589
1.4577097
1.3241876
1.2858534
2.1944944e-10
1.457908
1.5394585
1.6312212
1.5846409
1.3960295
0.89796704
1.5301144
1.5482553
1.501976
1.429473
1.4337225
0.8596226
1.450153
1.4779598
1.0896497
1.2782955
1.1269655
1.7807455
1.5608218
1.5085566
1.4494579
1.6256944
1.4071282
1.5192021
0.9370477
1.5182714
1.5496045
0.3663346
1.4596068
1.2136672
1.4353914
1.1789376
1.5445784
1.497461
1.3225832
1.6019002
1.5331352
1.5087813
1.4385269
1.640528
1.6401005
1.6090268
1.5238681
1.5569316
1.5524976
1.3992012
1.6349918
1.5444753
1.6464075
1.4861786
1.6227385
1.4059405
1.5206815
1.4002767
1.1386809
1.3904303
1.5011859
1.6888801
1.5968208
1.5802468
1.3893629
1.3903941
1.6584525
1.6988629
1.4608076
1.5511537
1.4921114
0.8290428
1.5998558
1.3981205
0.75360763
1.6866322
1.3276457
0.93515533
1.4264575
1.3481805
1.5412985
1.5026535
1.4889162
1.6651304
3.3595566e-09
4.03554e-09
1.3495077
1.5267104
1.7931012
1.5557349
1.5999138
1.4952819
1.2496575
1.5201561
1.5950311
1.5180825
1.3399545
1.5878001
1.4501464
1.2569453
1.5365286
1.6360811
1.2928762
1.6474761
1.5499401
1.553802
1.4773885
1.569737
1.5232756
1.4947313
1.5604221
1.5378114
1.4081391
1.458675
1.3472909
1.6094742
1.4701841
1.3889863
1.4682322
1.6243103
1.4808173
1.5672508
1.6641896
1.5081903
1.5415593
1.5221511
1.4535816
1.8173789
1.2640936
1.4139591
1.3593653
1.432713
1.5736053
1.4673535
1.6020609
1.4547433
1.7495638
1.5729009
1.3930284
1.4903421
1.5021974
1.4601687
1.2553382
1.5461589
1.450608
1.4326168
1.7037233
1.6262563
1.3092892
1.5327053
1.404302
1.4662039
1.2391338
1.6628692
1.4727598
1.6586361
1.7151548
1.4583008
4.575511e-09
1.4644921
1.7437747
1.4426833
1.634188
1.6923748
1.5949702
1.6007181
1.5946548
1.5208663
0.41346177
1.5632585
1.485011
0.7943862
1.6300218
1.2860893
1.605128
1.5190413
1.4289026
1.618828
1.3039801
1.6272655
0.9287097
1.6853812
1.2433766
1.3487145
1.7068946
1.2409818
1.2136525
1.5843356
1.5776095
1.7098739
1.4173595
1.5470937
1.5677292
1.7936409
1.4731857
1.1659511
1.5854058
1.50677
1.4919713
1.5541978
1.4033166
1.5495597
1.4573392
1.4196457
1.2986596
0.8067475
1.3451936
1.5460948
1.6476139
1.5704193
1.4565965
1.2586061
1.4377142
1.6099119
1.5912741
1.3643717
1.4180119
1.4389498
1.4414372
1.3140002
1.576418
1.651178
1.3596989
1.4303089
1.4503584
1.5021069
1.5106604
1.6278182
1.5247282
1.7130753
1.5633395
1.3530824
1.5193205
1.5839994
1.5703069
1.4720595
1.3782089
1.6454045
1.9541867
1.1869583
1.603588
1.6311425
1.4503055
1.5330081
1.6972336
1.707925
1.5656661
1.4085768
1.5829445
1.529922
0.4228005
1.5591648
1.3497968
1.5296257
1.1958195
1.5882144
1.399061
1.4622434
1.52467
1.6013758
1.5255599
1.3815371
1.6622571
1.5610523
1.5521331
1.5167298
1.4163259
1.4342797
1.4865421
1.6559176
1.6334814
1.4256778
1.6210794
1.4131695
1.0812968
1.7287996
1.4503492
1.4765443
1.5479287
0.98318374
1.6042428
1.5062625
1.5716819
1.5269576
1.5745151
1.5340527
1.4674957
1.6042775
1.575269
1.3158138
1.4444193
1.3787162
1.2146385
1.493801
0.89477164
1.3620682
1.5035667
1.4910983
1.5371901
1.5855901
1.506937
1.2295421
1.6143343
1.4207525
1.2017956
1.7475544
1.517589
1.5959204
1.2793205
1.5582016
1.4504843
1.2976272
1.5809281
1.6122991
1.3406681
1.5857985
0.31063643
1.4862019
1.5620457
1.5584328
1.6504992
0.575382
1.4927989
0.7267736
1.5281386
1.5804346
1.4848754
1.5248817
1.5690799
1.6352898
1.3048171
1.6230834
1.6296985
1.3996323
1.4133945
6.798683e-09
1.3980995
1.1992525
1.6798733
1.4620359
1.3495197
1.5467486
1.1534437
1.5348953
1.542889
1.4844263
1.467635
1.5513059
1.199912
1.5192926
1.6607426
1.3682299
1.2107196
1.6982095
1.1320605
1.4981073
1.5567137
1.719098
1.4502792
1.4793053
1.7040695
1.5211827
1.6635107
1.7206255
1.7221351
1.6011021
1.4412575
1.6280806
1.4728047
1.541814
1.4553862
1.5903789
1.6613728
1.2145854
1.6455133
1.5952983
1.6152889
1.6187514
1.6597549
1.6829497
1.7210447
1.6356288
1.4896561
1.6487896
1.4953804
1.6107008
1.5233202
1.4956502
1.4492174
1.5519072
1.6197155
1.4350063
1.5454135
1.5346944
1.6333932
1.5843072
1.194486
1.3433701
1.6229664
1.5913152
1.4654078
1.172777
1.466668
1.5033462
1.4680003
1.5329899
1.7321877
1.4846343
1.7762339
1.7051091
1.7814783e-09
1.8253837
1.3512707
1.3495004
1.0212611
1.5610212
1.5102983
1.5508432
1.1161956
1.4614611
1.4680468
1.5770476
1.4806364
1.5111454
1.3823003
1.6466535
1.5750766
0.34380075
1.4627813
1.5489025
1.2835476
1.5127497
1.643791
1.5253005
1.6239398
1.5525628
1.5286143
1.5564752
1.5090092
1.1392869
0.21204945
5.9477774e-09
0.694076
1.6123444
1.3490744
1.6347519
0.8134959
1.5545775
1.6861734
1.5500699
1.4699368
1.5541273
1.4835304
1.3699107
1.3384582
1.5669199
1.5247033
1.2344031
1.69639
1.4360425
1.4774163
0.57088906
1.4331695
1.5969492
1.6306984
1.5895466
1.4216895
1.4721457
1.6696075
1.2378223
1.7737355
1.4537263
1.4285232
1.4953475
1.4938793
1.362013
1.2909474
1.6907158
1.6750705
1.5509644
1.5008328
1.6183751
0.9719736
1.5168207
1.5772742
1.5548362
1.6006037
1.6551163
1.6155643
1.5627972
1.5057906
1.5907246
1.7050223
1.4859424
1.6036412
1.4184592
1.5570036
1.4560206
1.6439342
1.7126752
1.0846858
1.6072817
1.5552944
1.3702862
1.4223573
0.9601919
1.4783081
1.3544445
1.4641827
0.5882404
1.434395
1.6591728
1.7263261
1.5454934
1.4634767
1.2238848
1.725948
1.5603423
1.6878504
1.6091403
1.3542233
1.4453616
1.4856175
1.477096
1.5001425
1.541287
1.1047819
1.5756787
1.6812812
1.4607849
1.6535894
1.4672232
1.3150877
1.5300646
1.5425124
1.648632
1.6595308
1.0791496
1.5055319
1.1522709
1.4691349
1.6507996
1.5174551
1.5959382
1.654694
1.7643837
1.4625431
1.7118917
1.6035374
1.6533773
0.5687293
1.5366905
1.1005981
1.379977
1.5686783
1.7593294
1.4287373
1.5233387
1.4244308
1.4506059
-2.590324e-10
1.6189605
1.6320374
1.3637357
1.5936779
1.5958349
1.4840677
1.468514
1.6383435
1.5402281
1.5758078
1.5861354
0.7674205
1.2937998
1.6372774
1.3996892
1.6508472
1.5545353
1.3872843
1.4377745
1.6994823
1.4738001
1.8546149
1.3413229
1.4854496
1.1778742
1.638967
1.5587828
1.4601121
1.5944395
1.3038349
1.4006121
1.7103893
1.50253
1.622511
1.6893886
1.3455765
1.455636
1.2751042
1.3860143
1.4900517
1.5753888
1.5122609
1.26845
1.7114433
0.52290565
1.4063444
1.5049016
1.586822
1.7893175
1.4865891
1.6978469
1.5951914
1.560736
1.403191
1.5861571
1.4427794
1.543769
1.5641198
1.4828084
1.6740665
1.1288837
1.619021
1.2784123
1.3584558
1.6029862
1.5043647
1.1704748
1.6639501
1.7375171
1.6558642
1.592507
1.2762269
1.8274256
1.3740176
1.7099291
1.5777045
1.6276722
1.6689472
1.47848
1.4022329
1.2041701
1.3433775
1.5565693
1.5425401
1.0937235
1.7152361
1.4301143
0.72623104
1.5857753
1.5777113
1.4582952
1.500594
1.5163227
1.4787424
1.6162975
1.4438131
1.5337291
1.4113963
1.6075518
1.4130535
1.5949143
1.4210703
1.7105904
1.6699513
1.5801984
1.5083082
1.7276952
1.4794437
4.81581e-09
1.4052941
1.4764504
1.6319829
1.5728383
1.5675911
1.2803472
1.3819914
1.5933392
1.5636472
0.94558364
1.4669981
1.5052357
1.5013393
1.7061594
1.5392131
1.5386007
1.5574946
1.3920738
1.2866927
1.5202322
1.2511672
1.5924593
1.4030762
1.3921561
1.511345
1.4197929
1.1476221
1.5940452
1.5534565
1.3565652
1.5790824
0.9986376
1.6145308
1.3019438
1.2925164
1.4611216
1.2840016
1.5217465
1.526406
1.3286612
0.76500386
1.6135933
1.6805031
1.4401673
1.66345
1.1750127
1.3934278
1.8771243
1.3357649
1.4507463
1.2023187
1.5885198
1.5449115
1.429819
1.4508593
1.0530863
1.5724556
1.6194096
1.7142047
1.4745512
1.3342166
1.5457892
1.4376247
1.4921457
1.6430925
1.6946397
1.2466986
1.4746319
1.4127785
1.2714881
1.4869246
1.6220924
1.2347089
1.4624339
1.428272
1.4651542
1.4615791
1.4715937
1.6798849
1.3811609
1.1755841
1.7155409
1.6414016
1.5989202
1.7153246
1.5279993
1.1927152
1.6752923
1.552976
1.5530295
1.3294078
1.4698533
1.3353438
1.751593
1.6691141
1.4497238
1.5557415
1.2401528
1.4947832
1.515323
1.6410167
1.4654549
1.4231794
1.6004013
1.6437943
1.4493648
1.5463688
1.4700065
1.4666212
1.559793
1.6779969
1.472054
1.3285165
1.5812515
1.3713174
1.5669682
1.5979791
1.5125394
1.4540337
1.4688867
1.4260067
1.3923702
1.6358726
1.5926137
1.3362099
1.5493897
1.6946685
0.74817926
1.6151702
1.5933348
1.4984208
1.4719164
1.2029116
1.0782951
1.563199
1.6030198
1.5049989
1.4968172
1.7790973
1.6614789
1.6556467
1.2080072
1.7604668
0.96193373
1.679845
1.5634742
1.5324904
1.4882362
1.5260417
1.5036726
1.2689507
1.6356572
1.5802269
1.6905433
1.1120173
1.4928972
1.7142969
1.3111039
1.370737
1.6141351
1.5898491
1.6966066
0.9241825
1.6746161
1.4472071
1.335381
1.6178844
1.5282267
1.4680417
1.651682
1.7211841
1.3758886
1.4438204
1.4878583
1.5219963
1.5061313
1.568992
1.6060581
1.5790594
1.7366561
1.5352149
1.5751477
1.5023754
1.6410053
1.7241434
1.5269538
1.663442
1.5280955
1.5823625
1.4095725
1.5906761
1.6509496
1.4754791
1.7546369
1.3886606
1.5936041
1.6437472
1.5631727
1.7267972
1.6282797
1.4503866
0.9837293
1.5538173
1.104591
0.28664735
1.664966
1.4817683
1.6090835
1.3090981
1.097927
1.6016995
0.9394006
1.7063047
1.6143227
1.357559
1.4727999
1.4038084
1.5659244
1.0438344
1.5474318
1.38736
1.6708848
1.3294914
1.5415982
1.6711429
1.1407856
1.6496544
1.4305975
1.6639585
1.6890789
1.6578333
1.6306673
1.4600945
1.5052215
1.4117038
1.4972115
1.490242
1.5663594
1.5644686
1.5075368
1.3663032
1.5769125
1.1711022
1.4725306
1.582477
1.3476629
0.90096045
1.4490747
1.5316323
1.6294137
1.357937
1.3899976
1.1075997
1.6211659
1.5574192
1.6938134
1.8007959
1.6529393
1.407568
1.7959529
1.43321
1.2263647
1.5569657
1.6111299
1.6925176
1.342648
1.5021595
1.521909
1.4909606
0.2752657
1.5035965
1.9288894e-08
1.5542046
1.8407599
1.3046407
1.3307605
1.4930569
1.5792702
1.5924884
1.5102189
1.6075248
1.2941439
1.4669096
0.9743947
1.6380751
1.3581799
1.7967911
1.5856037
1.5710436
1.5729225
1.193545
1.266703
1.5213904
0.6511847
1.5919466
1.7809125
1.6117965
1.3667265
1.6675439
1.7518739
1.0516735
1.7603083
1.2942961
1.3727642
1.2611297
1.2621938
1.5288614
0.6839437
1.4944596
1.7290643
1.4124954
1.5836138
1.5474998
1.6901188
1.5935425
1.3425157
1.4954572
1.5647218
1.550734
0.98522705
1.4578325
1.3373581
1.4987208
1.5979003
1.5672678
1.7873005
1.3948488
1.5481969
1.5531502
1.1515735
0.3799976
1.4017448
1.826779
1.465688
1.6510748
1.5749341
1.6846668
0.6120946
1.5317379
1.3616209
1.5373712
