0.1489129
0.16796124
0.12456586
0.1269817
1.2334871e-07
0.13726455
0.16013543
0.13570794
0.12621748
0.13399662
0.13530883
0.19171286
-1.285293e-07
0.12330727
0.1847986
0.14896232
0.15899438
0.15686856
0.18036833
0.13481326
0.116907895
0.1233632
0.121536456
0.1429829
0.16963388
0.14051107
0.13646576
4.8129635e-07
0.10105488
0.14780189
0.14134668
0.12652054
0.13120154
0.16526951
4.6272914e-09
0.16191676
0.15217143
0.16158038
0.13951263
0.13645308
0.15147014
1.5004032e-06
0.14260334
0.13062593
0.10463023
0.14027387
0.14230326
0.1850393
0.11752774
0.14026725
0.13738726
0.12954463
0.1277975
0.13021773
0.119533576
0.13364409
0.14801808
0.09020788
0.11887888
0.15284118
0.14355873
0.074215196
0.13436067
0.15351453
1.8898787e-07
4.3306449e-07
0.09626028
0.10113388
0.13468027
0.15128444
3.1044601e-06
0.08189713
0.1393514
0.1481143
0.16440155
0.16231833
0.12922648
0.124464184
3.4840462e-09
1.5052457e-06
0.13311727
0.13977787
0.14188674
0.15408015
0.16367894
0.16138306
0.15369053
0.15270454
0.12978949
0.13223356
0.14407147
0.11681751
0.16350019
0.12351222
0.119830064
0.1512033
1.3898562e-08
0.14350197
0.10005801
0.17024359
0.14955704
2.5493933e-05
0.14740062
0.16770042
0.14551838
0.16176446
0.19720285
0.132031
1.4116296e-07
0.07454024
0.13413942
0.10775124
0.13639268
0.17451718
0.15641777
1.509144e-07
0.14627762
0.13432942
1.2053529e-07
0.17299809
0.12893666
0.12559122
0.103525735
0.119166054
0.15820628
0.1242583
0.13752414
0.0002945509
0.1475042
0.13880792
0.13885558
0.14049524
1.4500114e-07
0.13776262
0.12046891
0.12334038
0.14602488
0.16433938
0.15144722
0.1645456
0.11311797
0.09231742
0.16617645
0.054671675
0.13932501
0.1063355
0.17052883
0.08273878
0.1830446
0.14013463
4.204199e-05
0.14476572
0.11083391
0.13852073
0.16213329
0.16120316
0.12231475
0.15099789
0.15693052
0.15250762
0.11637185
0.14049053
0.12602738
0.1603832
0.111916065
0.12810542
0.1314869
0.14312994
-1.8449393e-07
0.19658035
0.14930664
0.13833302
0.049620748
0.16296346
0.13761829
0.16268219
0.09599578
0.124574654
0.145195
0.15714864
0.17783862
0.16157131
0.10772019
0.13834627
0.1202496
0.13556331
0.09574642
0.12644002
0.17154588
0.13993064
0.13241449
0.16509882
0.12334176
0.12817438
0.15490006
0.14725597
0.11982764
0.14867142
0.12855367
0.15379606
0.14203395
0.15943097
1.8796745e-08
0.14586732
0.1411111
0.1650625
0.15539739
0.10741562
0.09831052
0.15362762
0.13156348
0.15780358
0.1407768
0.17226091
0.13798904
0.13139518
0.13443762
0.101111665
0.13710769
0.14401282
0.09937901
0.12791342
0.1294462
0.15918125
0.09186576
0.12975556
0.16780388
0.14335199
0.09325331
0.14008969
0.14148968
0.13321802
0.14038591
2.1265623e-06
0.14777212
0.14337924
0.12268167
0.15447669
0.14570375
0.12187117
0.1832868
0.17338692
0.14065146
0.18350233
0.15378742
0.15689099
0.1455369
0.110679425
0.11387175
0.14102158
0.16195913
0.14645417
0.14451022
0.134417
0.16527703
0.09990771
0.16367638
0.11943891
0.17208351
0.09072925
0.12539576
0.048165087
0.1404356
0.15903838
0.12564
0.13628243
0.13193174
0.14126316
0.13309604
0.13634288
0.14622146
0.16344774
0.114619926
0.12736794
0.12198997
0.15503234
0.16041659
0.15157688
0.15411817
0.13483192
0.14814785
0.1255405
0.1625227
0.13487431
0.10730759
0.1475554
0.11241591
3.2921517e-07
0.15213412
3.372885e-08
0.14899671
0.16626424
0.15566203
0.1540115
0.17700766
0.12710524
0.15075774
5.3543696e-05
0.13584632
0.0759708
0.09956725
0.15160087
0.13427505
0.15533613
0.1084578
0.0015221187
0.13162923
0.15999545
0.10151364
0.12715738
0.14208381
0.16217571
0.13235459
0.118389145
0.14876676
0.1799929
0.08227402
0.12947659
0.15364344
0.1508088
0.15880595
0.14665827
0.15943626
0.14186718
0.046750978
0.11714893
0.14532137
-3.4987127e-07
0.118567005
0.14695929
0.0880657
0.16180417
0.12951988
0.15208575
0.08320251
0.14184095
0.123324335
1.5422739e-08
0.13104807
0.14322864
0.09847225
0.1282642
0.14428674
0.0014495791
0.12110204
0.14903112
0.11364122
0.16541272
0.14655216
0.16065356
0.15678513
0.13657674
0.14602323
0.12884015
0.14277792
3.9477873e-05
0.12630287
0.13729759
0.15038285
0.14064382
0.10436672
0.1264916
0.13568103
0.106561355
0.15908097
0.1590186
0.14892814
0.11752178
0.16272502
0.13132115
0.15814005
0.13685705
0.1134029
0.13928181
0.11971617
0.16105373
3.8680423e-07
0.1326833
0.1577418
0.12965663
0.14045721
0.054553695
0.15242219
0.1349027
0.17134775
0.15254748
0.15383625
0.15038595
0.11240676
0.047639247
0.13762783
0.16582029
0.13917789
0.098300055
0.1306587
0.1269196
0.14242703
0.15255742
0.14005838
2.1355e-06
0.15786488
0.152105
0.17857052
0.1541562
0.17125697
0.14936787
0.12565641
0.1389834
0.14119689
0.14843683
0.15187615
5.387231e-07
0.13186985
0.13122226
0.14295353
0.11485276
0.12963103
0.13881448
0.13346498
0.1413457
0.14211407
0.1382724
0.15362543
0.13912828
0.13162738
3.8087626e-09
0.13458416
0.16572
0.13853309
0.116667904
0.15059397
0.16223739
0.12920558
0.053400543
0.1280204
0.14461367
0.15989093
0.11190166
0.1663965
0.13262594
0.14200106
0.14391027
0.1291075
0.11908088
0.16107486
0.14933063
0.15826328
0.13238761
0.12925887
0.12548572
0.14857247
0.13679464
0.16527428
0.1504656
0.14779194
0.12485983
0.13400365
0.070085555
0.14158607
0.16137648
0.15717036
0.13550706
0.13339065
0.1284889
0.14488809
0.160752
0.11137605
0.14417827
0.13846491
0.14463282
0.14932404
0.21387862
0.14992985
0.14664346
0.13057114
0.1457367
0.1515137
0.10273719
0.13619336
0.16612862
0.15696175
0.12741858
0.13334996
0.14668202
0.15245344
0.13330705
0.1627
0.14561859
0.20414533
0.11176619
-9.594437e-08
0.11437665
0.15820642
0.12174837
0.14170748
0.15688676
0.13096775
0.0908327
0.13579853
0.13303256
0.113240324
0.15791936
0.10771414
0.15560468
0.13021348
0.1424016
0.13175438
0.13881601
0.10671732
0.1420978
0.14856425
0.10664954
