0.00012632788
4.7460926e-06
0.00028392958
2.9704436e-06
3.3025271e-06
5.095411e-06
0.00036780038
0.00012499718
2.5046804e-06
6e-45
5.9081735e-06
8.190867e-06
2.2045508e-34
3.6759259e-06
0.00014849506
3.5392252e-06
1.2974904e-05
3.9503752e-06
0.00028725172
9.3108465e-06
6e-45
0.00020124402
2.457213e-05
2.7249534e-06
3.7001685e-06
5.079604e-06
0.00032855326
8.590067e-05
0.0001913436
2.287523e-06
0.00021857247
1.7182065e-06
0.00012396571
2.365419e-06
3.2324283e-06
3.9996767e-06
0.00033103215
2.661727e-06
3.1897412e-06
3.2135715e-06
5.7007346e-06
7.0720453e-06
2.2462204e-06
7.649299e-06
2.5628904e-05
6e-45
2.604531e-06
2.4395375e-05
0.000107296146
5.4471757e-06
8.760151e-06
6e-45
1.3175453e-06
4.948885e-06
2.595308e-06
2.2136264e-06
5.442237e-06
3.1958714e-06
2.2054e-06
5.3440667e-06
1.21493385e-05
6e-45
7.691671e-06
4.8877255e-06
0.0003449469
4.388336e-06
0.0002789497
0.0002103022
2.591626e-05
6e-45
9.658738e-06
6e-45
2.6879568e-06
0.00030344803
6e-45
3.7310515e-06
4.515459e-06
2.7283113e-06
1.1932657e-05
2.7976377e-05
7.131823e-06
2.8362276e-06
3.5966582e-06
0.00013412382
7.4997265e-06
3.2328358e-06
3.4959623e-06
3.8402377e-06
2.5647753e-06
6e-45
2.8074392e-05
3.8566627e-06
3.7877849e-06
3.2467328e-06
0.00012674242
6.8417044e-06
3.4406346e-06
2.4667838e-06
0.00050140236
8.479649e-06
0.00018952572
6.28908e-06
2.7099695e-06
6e-45
2.9818966e-06
0.00014108831
6e-45
1.1907451e-05
3.1144345e-06
5.9270474e-06
4.0594823e-06
0.0001294133
2.4659057e-06
4.0352184e-06
1.8780943e-06
2.9799378e-06
3.727559e-06
3.7328264e-06
0.00019389484
0.00031693137
1.3384365e-38
4.935191e-05
3.630136e-06
6e-45
3.6244123e-06
0.00013681901
3.8367707e-06
3.0479027e-06
2.4244569e-06
3.046193e-06
5.9429258e-05
5.5192777e-06
5.795519e-06
2.9522553e-06
7.900914e-06
6e-45
2.6346918e-06
1.35657365e-05
3.528501e-06
6e-45
3.1282683e-37
4.1052126e-06
3.7945852e-06
4.015765e-06
1.1165892e-05
1.5328065e-05
3.2429177e-06
7.2393427e-06
0.00033514947
1.2138393e-05
8.96763e-06
0.00027367257
8.209423e-05
0.0002714964
2.374716e-06
3.8627813e-06
6e-45
1.6865624e-05
7.8971825e-06
9.576393e-28
1.9672868e-06
6e-45
7.6260626e-06
2.1401054e-06
8.585369e-06
3.4695097e-06
6e-45
1.9755405e-06
0.00020636736
2.3916796e-06
7.8467296e-05
1.6912842e-05
6.1073943e-06
6e-45
9.973339e-06
4.658007e-06
7.522021e-06
6.302947e-06
9.16983e-06
2.210104e-06
2.938458e-05
1.8704499e-06
6.101414e-06
7.023566e-06
2.733741e-05
0.00017662415
9.925548e-06
4.2572988e-06
6e-45
9.05485e-06
0.00020996862
5.7086636e-06
3.663894e-06
5.2061787e-06
0.00015516105
3.2697103e-06
4.7295703e-06
5.651407e-05
5.9603512e-06
4.254439e-06
3.838788e-06
7.949243e-06
0.0002705965
8.981513e-06
1.37472725e-05
3.3248873e-06
5.2965383e-06
7.397413e-05
8.190898e-06
0.00018922299
6.988185e-06
3.6734948e-06
3.9478555e-06
9.059178e-06
2.0546186e-05
2.2959002e-06
2.3743161e-05
2.8493034e-06
4.2744596e-06
3.953649e-05
3.768003e-06
1.09899165e-05
2.4029157e-06
7.812738e-06
1.1802256e-05
4.680722e-06
2.9155972e-06
0.00033792132
3.544518e-06
6e-45
2.8365903e-05
3.3516585e-06
3.5480682e-06
3.234168e-06
6e-45
3.0901947e-06
1.0542644e-05
7.1910246e-05
1.5675083e-06
2.458808e-06
1.9234874e-06
5.6816757e-06
2.88235e-06
4.028113e-06
2.7687747e-06
5.8362107e-06
3.4315194e-06
6e-45
8.292554e-06
0.00017208693
4.2106044e-06
5.4083182e-05
3.839133e-06
8.713258e-06
2.6181776e-06
6.021383e-06
5.522536e-06
0.0002592571
0.00024106186
6.0474163e-06
0.0008067367
2.7625779e-06
7.7122095e-06
2.7818837e-06
3.5370165e-06
4.3654104e-06
4.457701e-06
1.1190989e-05
4.5831766e-06
0.00033602677
3.6945698e-06
0.00032175274
1.5691907e-05
4.470514e-06
3.4746006e-06
0.00010708119
1.2932247e-05
7.1513746e-06
3.0979538e-06
0.00043272518
1.7692364e-05
9.063413e-06
6e-45
5.7831394e-06
5.021144e-06
2.8679788e-06
2.7443584e-06
2.97659e-06
7.077805e-05
6.078194e-06
0.002313276
0.00041420208
5.2144505e-06
0.00033670518
6e-45
3.2120827e-06
4.547674e-06
3.966187e-06
9.365539e-06
9.237144e-06
3.1836666e-06
1.112125e-05
4.204188e-06
4.2819142e-06
6e-45
3.650059e-39
1.486303e-05
0.00018495074
2.175559e-06
2.7965325e-05
7.2419134e-06
0.0002852939
4.172978e-06
9.440073e-06
6.1540227e-06
1.6808387e-06
3.451288e-06
1.0840767e-05
4.228611e-05
8.550874e-06
1.3892442e-06
0.00031418714
0.00017638206
2.522979e-06
0.00034755698
3.5216447e-06
2.7680544e-06
0.000114350325
2.3923074e-06
1.26806135e-05
9.5277555e-06
0.00019093261
5.41324e-06
2.6638043e-06
1.7059516e-05
4.3219196e-05
2.6191633e-06
0.00042584236
0.000456577
3.422245e-06
2.7824437e-06
6e-45
3.27914e-06
3.123036e-06
2.3600683e-06
8.981697e-06
9.931303e-05
7.0201118e-06
3.5211087e-05
7.4632044e-06
3.3968468e-06
2.549803e-06
3.5631979e-06
1.1160556e-05
1.3799731e-05
2.9778212e-06
2.5866862e-06
2.397087e-06
0.00029217487
3.463709e-06
0.0002027307
3.8975677e-06
8.710588e-05
9.923931e-06
0.00020577302
1.9998082e-05
3.01709e-05
4.6014366e-06
1.8704471e-06
1.0499203e-05
5.795274e-06
1.3349868e-05
1.1237271e-05
4.086605e-06
2.1513745e-06
4.1706326e-06
6.1210744e-06
0.00023044125
0.00011997814
0.0001940605
6.1725005e-36
2.3372077e-05
5.7044294e-06
4.410891e-06
0.00033245812
1.864795e-06
1.8974248e-06
6e-45
2.0394734e-06
5.8843172e-05
2.2897742e-05
4.1538657e-05
2.9383632e-06
3.9439833e-06
3.884777e-06
5.678186e-27
0.0003901527
2.85845e-05
0.00013881392
2.9488806e-06
4.471116e-05
2.7428016e-06
5.180226e-05
7.518988e-05
4.122781e-06
2.5741867e-06
1.3092789e-05
6e-45
0.00043223365
0.00030871533
1.0296091e-05
6e-45
3.7244704e-06
1.2833298e-05
4.7029528e-36
2.1413593e-06
0.00019183788
4.717256e-06
3.4037766e-06
1.2735159e-05
2.5615934e-06
9.168118e-06
0.00020760257
1.257253e-39
3.383865e-06
4.1613757e-06
7.4653117e-06
0.00025405694
7.432878e-05
7.687772e-06
6e-45
6e-45
4.9578985e-06
2.156181e-05
2.5975423e-06
3.91713e-06
3.940204e-06
9.015185e-06
2.6798834e-06
6.571547e-05
7.309235e-05
3.9336296e-06
5.263167e-06
1.537492e-05
0.0001217752
3.1044424e-06
0.00024578784
1.0721432e-05
2.244715e-06
8.617511e-05
3.3953029e-06
2.5735503e-06
0.00023748301
3.4221e-06
3.6373265e-05
8.877403e-05
5.805421e-05
0.00031383542
5.7336083e-06
2.999947e-06
0.00033041375
3.1332734e-06
9.83237e-06
0.00018307689
2.6138666e-06
3.2098767e-06
8.0338e-06
8.056937e-06
4.6396303e-06
3.3328638e-06
2.8728766e-06
0.00010266991
3.205941e-06
2.860585e-06
0.00018432418
3.1996606e-06
3.1552227e-06
3.4285542e-06
0.00010771611
2.228114e-06
1.2669902e-05
3.0951835e-06
5.808986e-06
3.6593754e-06
3.6115016e-06
6e-45
3.1601983e-06
1.1539106e-05
1.0277208e-05
1.1963907e-06
1.1482335e-05
5.1738048e-06
6.953527e-32
2.698116e-06
3.3503513e-06
8.7059e-06
5.5331525e-06
3.0458107e-06
3.6633235e-06
6e-45
2.9854955e-06
1.7408285e-05
3.0808592e-06
6e-45
1.7522236e-34
0.00016575582
6e-45
2.525608e-06
3.1851753e-06
6.1972582e-06
7.599933e-05
3.8181984e-06
3.986849e-06
4.510686e-06
4.319841e-06
1.3405324e-06
3.4425404e-06
5.6542535e-06
3.848285e-06
0.00011474536
1.0524696e-05
9.620564e-06
1.49163525e-05
5.959002e-06
3.9614692e-06
0.00010619019
3.68076e-05
0.00044765405
7.455207e-06
3.5293667e-06
3.099161e-06
4.585062e-06
2.6202235e-06
0.00037640554
0.0004589319
2.505929e-06
6.574046e-05
2.4219044e-06
4.8725105e-06
4.7211975e-06
4.7420695e-06
6e-45
2.7949293e-06
1.8911207e-05
3.175661e-06
9.023472e-06
3.4579452e-06
1.4174175e-05
6e-45
3.445116e-06
6.1661917e-06
0.00017125525
3.5128116e-06
4.1658227e-06
3.5689468e-06
6e-45
2.2553859e-06
4.1910203e-05
6e-45
0.00016755541
0.0001355614
5.0772974e-06
1.0024376e-05
0.0006798132
0.00028254272
0.00024053444
0.00020301227
1.2857783e-05
1.2592358e-05
6e-45
6.8200984e-06
1.5043003e-06
4.070302e-06
4.136617e-06
7.191135e-06
2.1816757e-06
2.709885e-06
4.7576854e-05
5.2462738e-06
2.5892475e-06
0.0002909455
3.3576416e-06
1.3484988e-05
7.1866474e-05
4.1418434e-06
7.864859e-06
6e-45
3.5890293e-06
7.673264e-06
7.253071e-06
3.9168776e-06
1.7035785e-05
0.00037538502
6.983212e-06
0.00028082755
2.153456e-05
1.8148796e-06
4.3622986e-06
4.247513e-06
1.2497487e-05
3.2489834e-06
4.8299976e-06
8.975633e-06
0.0001442223
0.00044676565
1.975118e-06
2.7651624e-05
4.084859e-05
4.4997278e-06
6e-45
4.4656085e-06
4.499611e-06
2.6405226e-06
1.984089e-06
4.179887e-06
0.000102354395
2.419863e-06
1.6695762e-05
2.4074398e-05
2.1250498e-06
3.2047492e-06
5.7673615e-06
3.72799e-06
6.489633e-06
6.5820564e-06
3.6430743e-06
1.2013144e-05
0.00018049663
9.245188e-06
2.5121733e-06
6e-45
6e-45
4.681174e-06
0.00018588231
6e-45
5.8310634e-06
3.9288625e-06
0.00042635546
5.1031116e-06
1.276556e-31
1.874442e-06
7.736391e-05
2.8764273e-06
0.0001924689
6.299271e-06
3.0347499e-06
9.756689e-06
5.156629e-06
3.912529e-06
2.3732825e-06
0.00031280398
6e-45
2.6718508e-06
6.377568e-33
7.710687e-05
1.1246975e-05
2.7957021e-06
6e-45
2.6576165e-06
0.0001902389
6e-45
5.030472e-06
5.066207e-05
2.6614773e-06
3.2155165e-06
6.142353e-06
1.4389261e-05
0.00033180168
0.00027214564
1.740315e-05
2.1497892e-06
0.00025902034
9.447992e-05
1.744327e-05
0.00044037573
6e-45
7.6165074e-06
5.8180763e-06
5.427577e-06
6.951424e-06
4.9755513e-06
8.20742e-06
0.00024212152
2.6215437e-06
3.738536e-05
0.00027847278
0.00020018294
2.3898234e-05
3.9348965e-06
0.0002481983
0.00032192227
3.102447e-06
0.00014163439
3.180735e-06
2.076668e-05
6e-45
4.193997e-06
4.426236e-05
2.3606275e-05
0.00039622985
2.5535414e-06
5.5359233e-06
0.00025844248
6.9463504e-06
3.0283873e-06
0.0003374628
3.1568395e-06
4.4385847e-06
5.873588e-06
7.323408e-06
3.7529192e-06
0.00025371078
6e-45
0.00046511952
2.7516771e-06
3.9222177e-06
2.606604e-06
0.00042504203
2.9880143e-06
3.6060405e-06
0.0003169559
2.791715e-06
6.240036e-06
0.00041666414
1.1651535e-05
4.0484215e-06
0.00022222726
8.268483e-06
3.6679876e-06
3.6828496e-06
9.246746e-06
1.8815883e-06
8.0072874e-05
6e-45
2.6792395e-05
3.6693527e-06
0.00023411769
5.3347117e-06
8.539596e-06
0.00029285127
5.4444868e-06
2.3040695e-05
6e-45
2.9668931e-06
7.117137e-05
9.47476e-06
3.6767558e-06
0.00055101106
7.095691e-05
5.8415976e-06
5.4744264e-06
6.9674256e-06
0.00025294907
5.704088e-06
6e-45
2.8608936e-06
8.364508e-06
8.734425e-06
2.4554051e-06
1.1072336e-05
1.9791046e-06
6e-45
7.2950625e-06
6.9339844e-06
5.6294025e-06
9.0701025e-05
7.1768977e-06
8.939717e-06
4.0258274e-06
5.420784e-06
0.0002268933
3.4153877e-06
4.2378297e-06
3.3278577e-06
5.31527e-06
8.475977e-06
2.4921972e-06
6e-45
1.7687968e-05
2.405031e-06
2.9000605e-06
5.229065e-06
0.00037156258
2.238492e-06
2.7046146e-06
6e-45
2.1525989e-06
2.902521e-06
8.683668e-06
3.8646644e-06
1.5658248e-06
8.013226e-06
0.00035248804
0.00024089574
2.9545804e-06
5.0402555e-06
5.2980295e-06
4.579438e-39
0.00038515741
0.00040569232
2.6071111e-06
4.981919e-05
6e-45
2.6837424e-06
3.938264e-06
9.126581e-06
6.7688825e-06
0.00012228102
6.650562e-05
6e-45
1.683781e-05
0.000110772664
7.070879e-06
6e-45
1.188448e-05
4.31654e-06
6.3568737e-06
6.1533556e-06
8.286736e-06
1.5154609e-05
7.053306e-06
0.0006802342
3.4501713e-06
0.00034705657
9.05394e-06
1.4729529e-06
2.5419e-06
7.6741735e-06
2.3373752e-06
2.0420666e-06
4.9787755e-06
2.5112713e-05
8.466937e-06
5.677555e-05
1.8482004e-05
3.43554e-05
2.3216653e-05
9.013305e-06
5.8956634e-06
2.022839e-06
0.00026964268
8.5279435e-06
3.5318942e-06
9.3545376e-32
2.5031252e-06
5.6926936e-05
3.283737e-06
8.701739e-05
1.065897e-05
8.135584e-05
2.9962441e-06
5.5077016e-06
3.8205562e-05
1.0289396e-05
3.6156193e-06
3.6016177e-06
2.77978e-06
5.051658e-06
2.3944433e-06
5.188919e-05
6e-45
3.9705865e-06
3.4886655e-06
3.4965633e-05
2.539545e-05
2.9231596e-06
3.550681e-06
3.0681574e-06
6e-45
7.4797954e-06
3.8776493e-06
6.4828578e-06
2.6513608e-06
3.6329072e-06
6.074691e-06
1.1300887e-05
3.2002965e-06
1.0208541e-05
4.7436693e-06
5.7685834e-06
1.1368322e-05
3.4622942e-06
1.9884052e-05
3.1636304e-05
8.590983e-06
6e-45
3.3408653e-06
0.00014236014
4.0835243e-06
0.000119055076
1.4180535e-05
4.2731067e-06
7.356705e-06
3.5798078e-06
5.471468e-06
7.0035853e-06
3.6276692e-06
0.0002836587
6e-45
7.5266153e-06
2.7917708e-06
5.167791e-06
6e-45
0.00030006486
5.6688837e-06
8.029109e-05
4.6191426e-06
1.5058908e-05
2.783902e-06
6e-45
0.0002782281
3.3482409e-06
0.00039560715
3.6986097e-05
2.990138e-06
5.1560273e-06
6.5896193e-06
5.6963295e-06
3.915379e-05
0.000103209204
4.60575e-06
7.143207e-06
6e-45
7.924983e-06
6.42197e-05
9.234803e-05
2.6428456e-06
1.6589525e-05
5.6275898e-05
8.627847e-06
2.6793934e-06
3.4891423e-06
1.11528525e-05
1.1284841e-05
9.404913e-06
2.8659178e-06
1.2333075e-32
3.6344572e-06
8.304144e-06
8.397399e-27
5.378364e-06
1.0072855e-05
1.281029e-05
3.6039876e-06
1.44093e-31
2.7746617e-06
1.2124218e-05
4.252223e-06
1.398474e-05
3.4802833e-06
3.670242e-06
2.6186374e-06
5.5055652e-06
6e-45
3.0654635e-05
2.0656864e-06
5.3381063e-06
9.212077e-06
7.201147e-06
3.4837547e-06
6e-45
9.7075945e-06
6e-45
1.9072254e-06
0.00031036724
2.4080468e-06
3.8436688e-06
6.646654e-06
2.4700378e-06
3.1475463e-06
3.4951995e-06
0.00040258103
3.2507958e-06
1.0960156e-05
1.1405499e-05
4.053171e-06
0.00015803697
5.986565e-05
1.0796602e-05
1.2195393e-05
6e-45
2.1570543e-06
4.379578e-06
2.939264e-06
1.0175982e-05
6e-45
2.6221185e-06
2.8674096e-06
1.69223e-05
3.864792e-06
3.4363607e-06
4.8338543e-06
6.0731472e-06
2.9541939e-06
4.4579847e-06
3.635034e-06
3.629618e-06
6.90003e-06
0.00013033449
2.9474415e-05
7.246325e-05
3.5177325e-06
0.0003887687
2.5332085e-06
4.837613e-06
3.2033722e-06
3.6681938e-06
4.443519e-06
4.23436e-06
6e-45
9.462272e-06
0.0001174074
1.1057216e-05
4.804193e-06
7.2718925e-05
6e-45
3.3241727e-06
3.3041415e-06
3.4925354e-06
2.2216193e-06
6.387242e-06
8.117342e-06
0.00014223228
0.0002598255
