0.20618688
0.1992642
0.30922252
0.10914593
0.1911779
0.15695783
0.26481965
0.18593681
2.6791686e-06
0.1840592
0.19552194
0.26792938
0.16394669
0.140527
0.27398875
0.24047183
0.19004366
0.1345603
0.029894747
0.2253352
0.1936716
0.25656083
7.943155e-08
0.22500236
0.20945422
0.23457594
0.3381641
0.20792031
7.795971e-05
0.23163389
3.052641e-06
3.4998296e-10
0.15502149
0.21579455
0.23884274
0.13966368
1.0224065e-05
0.306855
0.113098666
0.16529441
0.10694483
0.20738971
0.27084416
0.183695
0.2071191
0.28723776
0.25943568
0.1781397
0.20094065
0.21893896
0.19556597
0.17054395
0.22463623
0.20737432
0.20283568
0.21090923
0.2482586
0.25654972
0.19889945
0.2351532
0.21343014
0.15726276
0.23082867
0.22127235
0.20173192
0.16018955
0.17853893
0.16992956
0.20051466
0.1460131
0.25367782
0.19504714
0.19613075
0.184417
0.16935705
1.2725148e-07
0.23176521
0.12277849
0.15197009
0.19224375
0.20045172
0.18280095
0.20250861
0.22451629
0.3983962
0.37674335
3.0766696e-08
0.1452423
0.16245562
0.123144075
0.2885123
0.3354476
0.17570281
0.18807589
0.21471761
0.29356927
0.14609985
0.12324303
0.3087458
0.30883864
0.0037168842
0.18915068
0.29421985
0.16936223
0.11609954
0.20126958
0.15441403
0.28559878
0.22813797
0.1981253
0.18766315
0.24564172
0.17628594
0.2675149
0.17170702
0.2373598
0.2821413
0.19712126
0.24539568
0.124847054
0.20991075
1.5048566e-06
0.11553448
0.22244276
0.18190831
0.1648373
1.7823539e-06
0.23893681
0.22676793
0.1816548
0.2774105
0.17892241
0.1811197
0.26887062
0.22296835
0.18456416
0.38142595
0.26360098
0.19562897
0.1489482
0.17222413
0.21899097
0.24147084
0.15127613
2.1723301e-06
0.14843924
0.18534978
0.15753251
0.21198809
0.20747355
1.47708915e-05
0.25080383
0.21413733
1.5993999e-06
0.62504673
0.18144912
0.113697864
0.1857762
0.26174122
0.14031032
0.23504153
0.15524206
2.060336e-08
0.2816593
0.22663091
0.13340299
0.23109525
0.18100353
0.19849831
0.19746558
3.1695165e-06
0.1406377
0.14681667
0.11853958
0.18122287
0.334112
0.20401077
0.22317879
0.2015884
0.40673095
0.117943175
0.19833013
0.20423329
0.13252431
0.19088179
0.17800166
0.2729131
0.20136948
0.19086269
0.12684186
0.14944284
0.16877763
0.21887463
0.19916672
0.18520632
0.13921577
0.2287688
0.19632214
0.24807891
0.105978884
0.19497934
0.1254758
0.20075472
0.00018298143
0.26826707
0.24618028
0.17770502
0.23790945
0.28009844
0.2335953
0.19908038
0.148352
0.22787383
0.21812573
0.1719976
0.25312456
0.1800421
1.521529e-06
0.16837177
2.577131e-06
0.30282238
0.21152493
0.16876152
0.18381847
0.17807436
0.2051368
0.23937869
0.19591458
0.17445052
0.1558474
0.23436765
1.9650836e-06
0.19852546
0.19703542
0.21146812
0.26859954
0.20562638
0.1381867
0.24438646
0.2218905
0.12908831
0.3146967
0.16241296
0.19402659
0.21937068
5.0414208e-11
0.18514483
0.30139163
0.134471
0.18517232
0.18453343
0.122933775
0.19108765
0.17364669
0.13984719
0.19336352
0.18661441
-6.591666e-08
0.19178723
0.24633485
0.22229399
0.18155344
0.21738628
0.14645363
0.22512943
0.19774929
0.19009434
0.2967395
0.17121725
0.15650827
0.18092257
0.216337
0.13207833
0.1835286
0.18672363
0.16312577
0.12149248
0.10414069
0.20202231
0.22607699
0.11344938
0.26797298
0.16864398
0.14934297
0.19375065
0.11695945
0.19438656
0.19062825
0.21975951
2.278203e-06
0.20350997
0.22734615
0.33861747
0.16800082
0.18873638
0.1895701
0.24717195
0.23827372
0.2575197
0.17167294
0.14293088
0.38256848
0.17511626
2.7930287e-06
0.2486777
0.16657846
0.21248998
0.16318548
0.1880715
0.19678473
0.19615409
2.9546618e-06
3.8268413e-06
3.7243453e-08
0.110356644
0.11014344
0.21205123
0.12432564
0.15202388
0.21613958
0.20933205
0.17408691
0.2468257
0.19335036
0.20131011
0.15999204
0.39239302
0.24537042
0.10857418
0.18493707
0.12277529
0.1595792
0.017707037
0.113252304
0.1333387
0.19930713
0.1751555
0.19320832
0.17884548
0.110666595
0.1519724
0.26365125
0.32353944
0.17443906
0.21925697
8.221303e-07
0.20619604
0.10555996
0.18654917
0.11296389
0.34117615
0.1881302
0.123079136
0.13127472
0.17170066
0.2288948
0.12594472
0.17476752
0.24230124
0.3019211
0.11540429
0.2225238
0.21859933
0.21131308
0.24403667
0.13006172
0.10413742
0.160047
0.22665085
0.19564442
0.15048985
1.8380573e-06
0.1691378
0.19202426
0.18687218
0.2242096
0.2408957
0.21570145
0.18093368
0.22085679
0.20163624
0.15081243
0.13703977
0.19374762
0.12912732
0.15552068
5.5513477e-10
0.13023926
0.20589267
0.18794711
7.78443e-10
0.2667654
0.15933953
2.3945313e-06
0.1838244
0.2351921
0.1816166
0.11490301
0.21788357
0.1989677
0.20735727
1.9750653e-06
0.17765714
0.24301574
0.17933989
0.15537572
0.21891068
0.12284864
0.17663124
0.17650597
0.18803273
0.221188
0.20664625
0.2056599
0.14215136
0.11584635
0.19044703
0.20725408
0.164431
0.22963563
0.16984466
0.21118976
0.15048936
0.15823726
0.20786561
0.21248576
0.1661299
0.21533258
0.18065463
0.26257804
0.17300397
0.15699588
0.14812402
0.29796138
0.27536488
0.15528421
0.27451223
0.18116845
0.11368378
0.15979381
0.2877164
1.1574486e-07
0.12700313
0.10117851
0.13427813
0.24016635
0.22576527
8.086951e-06
0.256682
0.21722661
0.20784976
0.35700476
0.15836276
0.20482972
0.20658308
0.18836734
0.20292151
0.14647633
0.1315862
0.19038184
0.22047278
0.20899524
0.16067183
0.29162157
0.22842981
0.13502748
0.10891902
1.8691344e-09
0.22240181
1.4417545e-06
0.1520267
0.14179972
0.22910868
0.10740678
0.41218588
0.2563521
0.19248706
0.27150953
0.18038288
0.12771243
0.2239072
0.22360742
0.23338625
0.33069694
0.248426
0.12307062
0.246175
0.2303051
0.23180363
0.18786073
0.19936042
0.15810038
0.2537372
5.0871716e-08
0.18355751
0.19710259
0.27801114
0.3221566
0.22429536
0.22175834
0.15377444
0.1714773
0.21421283
0.17378272
0.21832828
0.20362747
0.23700428
0.12835181
2.9911757e-06
0.27567926
0.27044782
0.27085584
