0.15264183
0.13706012
0.16809008
0.14861624
0.096082546
0.17784111
0.10797531
0.15146975
-1.1203215e-08
0.1523992
0.15220127
0.1311296
0.13960233
0.17060554
0.13235514
0.1396924
0.13642755
0.14468889
0.004166604
0.163803
0.15190712
0.20569713
5.1843354e-08
0.12578559
0.14548269
0.14651543
0.19804005
0.14599918
5.454136e-06
0.16717829
7.910165e-09
3.899654e-07
0.15375254
0.14187509
0.15453571
0.07941118
3.0080437e-07
0.08861487
0.14569859
0.15027736
0.14036588
0.15875262
0.11347999
0.12718469
0.16482928
0.11108276
0.12124785
0.13716632
0.1522766
0.14521909
0.15439586
0.16471286
0.15053584
0.1611806
0.1641054
0.151278
0.20273995
0.15011956
0.11819996
0.13619013
0.09100989
0.12865308
0.17348525
0.15950765
0.14000365
0.14996567
0.12654465
0.14231704
0.12208501
0.1418758
0.12623829
0.16002098
0.17881179
0.12861586
0.16218133
1.2889152e-06
0.16453129
0.1476048
0.13507631
0.13718772
0.14118548
0.13854048
0.13144042
0.089992024
0.21229632
0.16215453
2.1586354e-06
0.16972709
0.15155467
0.14303996
0.13500407
0.17808291
0.13618553
0.14594172
0.15908554
0.16614851
0.14017485
0.17058346
0.14305498
0.049247637
0.0003299632
0.15132286
0.07546083
0.13373081
0.17885691
0.11560509
0.13705274
0.077223115
0.17962854
0.16780888
0.13492696
0.14135876
0.18532965
0.08059217
0.12558407
0.170047
0.1085016
0.14408915
0.14671345
0.14955889
0.14064819
-3.085419e-07
0.14250532
0.15012991
0.12460909
0.17983676
2.3917925e-08
0.14293547
0.16542543
0.16151479
0.15944502
0.1788401
0.1486114
0.15079568
0.19431797
0.15025793
0.17401865
0.119377576
0.12923458
0.18046162
0.11584116
0.12735096
0.1651587
0.16464208
6.6990724e-09
0.1301589
0.13094349
0.1354885
0.11547301
0.13925958
-1.3149078e-07
0.1729671
0.20049223
1.7222952e-07
0.26676515
0.16267051
0.16365272
0.053087108
0.13410692
0.15459128
0.16316836
0.15592155
1.2842992e-06
0.15417352
0.15330803
0.12590694
0.13084097
0.1697455
0.1589717
0.12844664
-2.8009612e-09
0.15409483
0.1900284
0.1637156
0.1371589
0.21797663
0.14914225
0.12279577
0.15139443
0.17662832
0.17294903
0.13118708
0.16406976
0.13185892
0.1420973
0.18064427
0.18530081
0.17179337
0.1690044
0.14603919
0.15090397
0.122210324
0.1615468
0.119731955
0.14380229
0.14844893
0.15250051
0.16416952
0.13558602
0.14365208
0.15302512
0.15309998
0.12540376
1.0615997e-05
0.15852033
0.1648273
0.1440424
0.21442647
0.048859134
0.17122139
0.15345725
0.13519093
0.15008856
0.15323201
0.13981621
0.091880895
0.1418443
8.39663e-08
0.13042088
1.825601e-08
0.13019699
0.13039076
0.13600469
0.11672476
0.12084058
0.119060405
0.16714498
0.15178967
0.16310747
0.104825646
0.11988893
6.8744654e-08
0.14222245
0.14277492
0.18056715
0.14086106
0.1355411
0.16026452
0.15893275
0.18806303
0.1667562
0.11067306
0.16682109
0.15286726
0.15348369
1.0387123e-06
0.14195332
0.17169742
0.1182149
0.13071334
0.16130841
0.15012032
0.14297205
0.16309725
0.1341867
0.13057472
0.1401356
7.798241e-07
0.13533075
0.098477155
0.12818898
0.14205429
0.1469962
0.17533071
0.0962398
0.14881676
0.1128677
0.116464175
0.14825892
0.15633346
0.12845142
0.14919056
0.14898296
0.12892325
0.1352182
0.16188367
0.16343291
0.16002789
0.11332621
0.15481144
0.18068911
0.11760735
0.15930803
0.13552646
0.13114923
0.16525748
0.12998304
0.16619594
0.14881231
-8.587504e-09
0.13372971
0.13997658
0.0972427
0.14170462
0.14179388
0.16423655
0.16572262
0.12848872
0.15043887
0.15754484
0.16197897
0.19628274
0.14518127
1.5488693e-09
0.108922325
0.15932542
0.15116006
0.20112972
0.13834639
0.15169488
0.12274951
-3.3174392e-09
1.944205e-07
1.3771763e-07
0.13430446
0.11830432
0.16008165
0.16007115
0.1391989
0.12880799
0.14976276
0.1301827
0.11296158
0.12822764
0.16300176
0.16623262
0.23345071
0.14988449
0.17504731
0.14648029
0.15258385
0.09636175
0.0045103366
0.1614919
0.09412836
0.19886921
0.16724707
0.145149
0.09664669
0.16631305
0.14753412
0.15629269
0.16151199
0.1299264
0.14726467
3.5975766e-08
0.16154395
0.15293999
0.18908493
0.15222943
0.14757124
0.14717783
0.15434214
0.16184439
0.13652351
0.13938794
0.14120683
0.13278596
0.15044843
0.13266514
0.15880583
0.10773324
0.16767892
0.13628733
0.12197455
0.16983801
0.15022
0.15609175
0.116253324
0.16663238
0.1373642
2.2682845e-07
0.15053923
0.14831758
0.09396761
0.14505751
0.15524566
0.10989579
0.15406972
0.15544163
0.13433683
0.13060528
0.13518955
0.122181475
0.16570075
0.12974407
2.0987532e-06
0.13177434
0.13733079
0.14425945
3.1748727e-06
0.17510355
0.1878398
3.4559478e-09
0.13980342
0.12434414
0.15851678
0.15553607
0.13251925
0.17448255
0.14185344
1.2730585e-07
0.12810345
0.14390928
0.14143299
0.15307538
0.16306442
0.1553965
0.16426934
0.14833859
0.15278326
0.14931712
0.1309695
0.13359185
0.13102
0.17393288
0.15846089
0.11118905
0.11788213
0.14914107
0.17798312
0.14826944
0.13045554
0.0916215
0.12225491
0.18590826
0.14528988
0.15631418
0.15010113
0.14195901
0.11428291
0.13670816
0.12709469
0.19236836
0.041587118
0.17676
0.058416653
0.12881665
0.15605755
0.12631688
0.11473961
2.0919815e-06
0.166498
0.13761114
0.17938513
0.099918365
0.14593038
1.5667761e-06
0.12124484
0.1492132
0.07306183
0.10532707
0.14082621
0.18097617
0.13654508
0.14589542
0.14934584
0.13638803
0.18441902
0.163152
0.14181893
0.0867067
0.16748175
0.120462656
0.117190495
0.16401713
0.16443785
2.3517662e-06
0.14558211
2.4918556e-08
0.1190134
0.1422995
0.25906467
0.15569673
0.11867771
0.15936665
0.1182148
0.054968137
0.13376354
0.16346301
0.107515804
0.14682136
0.15659018
0.13206282
0.13095725
0.1509453
0.12924655
0.12750776
0.14639556
0.12435589
0.14418043
0.12258927
0.15639398
2.0109239e-07
0.12450711
0.17424354
0.14898555
0.13913296
0.13582844
0.14365889
0.12289882
0.1406413
0.1635698
0.14804308
0.12622985
0.14806637
0.10176851
0.14847173
1.13595355e-08
0.11719765
0.120157905
0.11681623
