0.004881852
0.005741569
0.0245983
0.011671452
0.02229328
-0.10634082
-0.004357988
-0.0031745047
0.00014418611
0.017277922
0.0179674
0.02890118
-0.042527836
-0.008164223
-0.1131722
-0.0029753023
-0.007899327
-0.024312962
0.016164016
-0.010166753
0.0011662481
6.0216603e-19
0.0005062925
0.0021042768
0.04524966
0.00046691188
0.0041025975
0.00059951155
-0.055051703
-0.0017373073
0.0179019
0.0046453
0.01736853
0.0274509
0.022933938
-0.011375573
-0.0069555817
-0.3455542
-0.0065585366
-0.0029558816
0.032479793
-0.041886266
-0.0027189055
-6e-45
9.789941e-20
0.009553567
-0.030591715
0.0018367866
-0.00420989
-0.103963144
-0.031105604
-0.0018105137
-6e-45
0.020897163
0.0020143639
-0.03056056
0.0019200732
0.0118577
-0.017047407
0.00043469612
-0.013987794
0.013810129
-0.06803424
-0.0059895273
0.019136338
-0.0050840196
0.029501906
-0.0013336528
0.01065606
0.0036425793
0.030974941
-0.0026608014
-0.03425781
-0.012637491
-0.033341773
0.019564485
0.01960788
-0.0034406516
0.023914002
0.014379088
-0.004361212
0.011691745
-0.0043914034
-0.07784639
-0.03363046
0.008373919
0.012277202
-0.052550714
6e-45
0.012883095
-0.009844024
-0.003174524
-0.007338592
0.0061584674
-0.0014011826
-0.06489528
0.016815193
0.0023450106
-0.012553196
0.0141943265
-0.005094837
0.025350899
-2.4839239e-16
0.0009068538
0.0049882615
0.025479848
-0.083474375
-0.05800716
-0.048308764
-0.010410004
0.054838937
-1.3813176e-15
0.014081946
-1.2745257e-15
0.020100057
0.008653786
0.0116748335
6e-45
0.019388078
0.029146574
-6e-45
0.023007723
0.023600528
-0.0020925538
0.0039951485
-0.0038838538
0.007621371
0.024428353
0.039610956
-0.017507445
-0.004970881
-0.05080801
0.031630293
-0.003471986
0.014263322
-0.013350605
-0.0019214939
-0.044185344
0.016617486
-0.005257929
0.019740546
-6e-45
0.004549765
0.024819117
-0.0059100357
-0.008551024
-0.0017342239
-6e-45
0.055511866
0.017471023
0.011230388
-0.09291838
0.02253661
0.0027713948
0.03709238
0.0031984576
-0.0043626963
-0.00494996
-0.027107796
0.010695465
0.024402155
-0.15371333
0.040229566
0.004405382
0.017193126
-0.23642348
0.018683085
0.011698807
0.003667596
-0.004763116
-0.003959067
-0.012069638
-0.08383567
-0.015229287
-0.011300274
-0.004900513
-3.333996e-17
0.005163052
0.022344355
-0.0024449436
-0.010908162
-0.04505624
-0.0023393342
-0.023563672
8.64275e-05
0.011182268
0.029362272
-6e-45
0.002419028
0.00616792
-0.034377262
-0.0031036928
0.01598693
-0.01368102
-0.050861314
0.01573226
0.00056378887
-7.2366342e-06
0.002422219
-0.018490542
-0.0075844256
-0.0047690812
0.017773814
-0.0873318
-0.019724166
0.02892078
-0.013787348
-0.018186945
0.02020228
-0.042033434
0.007987264
-3.7661866e-05
-0.005526949
-0.005203329
1.2410819e-05
8.242978e-05
-0.0051140273
-0.00781266
0.019633915
0.018906452
-2.9523826e-18
0.007758402
-6e-45
0.030808633
0.0132231265
-0.013134679
0.0059002107
0.008566644
-0.11436851
0.027856408
-0.005597979
0.025656229
6e-45
6e-45
-0.07654405
-0.0047467942
0.0011812712
0.005800088
-0.0495433
-0.000813095
-0.0022919008
-0.018061025
-0.026635753
0.0077662026
-0.0027798496
0.0247375
0.012455096
-0.008355596
0.003040823
0.00062227086
-6e-45
-0.010338274
0.015500729
-0.059708804
-0.008512863
6e-45
6e-45
0.014935129
0.017598031
-0.012215379
-0.07583815
0.03311891
-0.0063105333
0.014598744
0.0011969316
-0.039491355
-0.06464559
-0.020607032
0.0004598165
-0.0028637992
-0.08005051
-0.017222626
-0.005238564
0.032890353
-6e-45
0.022692274
-0.07189711
0.019878702
-0.008835599
0.022880865
-0.01488576
0.012653771
0.0139754275
0.0056518167
0.0011497133
-0.000744072
0.006869437
0.012002939
0.015440326
0.015407583
-0.0024294502
0.0056528226
-0.08538983
0.0017705513
0.0184738
-0.008376288
0.021781355
-0.030794444
0.00027185967
-0.11583781
0.0015522873
-0.00425501
0.0015726918
-0.019646347
-0.007883956
-0.010723312
0.01799116
0.008802674
-0.011716583
-0.00021770861
0.00023101085
0.03789695
-0.004021539
0.00432392
-6e-45
-0.0034446325
-0.0019617267
-0.016119728
-0.06573412
-0.035868354
-0.0007168688
0.0017114661
-3.1618441e-18
0.052788533
0.0069074547
0.023168966
0.012934343
-0.023922214
0.009365082
6e-45
0.026664859
9.288488e-17
-0.028326409
-0.0037180642
0.018136239
0.030309891
-0.020145092
-0.0040828246
-0.086501345
-6e-45
0.0055896626
0.016212327
0.013885134
0.014785941
-0.016414054
-0.0030563143
2.1400877e-18
-0.039303824
-0.0071656476
-0.0021543517
-0.07902254
-0.000647296
-0.0033286738
0.008638955
0.010582912
0.0015055023
-0.0016581217
0.014483532
-0.0012140846
-0.014943281
-6e-45
0.025641706
0.00538509
-0.0027073135
0.0063377856
-0.06565474
-0.009587127
-0.00716183
-0.0028479807
0.006601332
0.024545139
0.020638347
-0.055124577
-0.0018754499
-6e-45
-0.018794637
0.0030741275
-0.025903221
-0.0011905701
0.0010288104
-0.010587634
-0.03208927
-0.027712299
0.04640942
0.04325848
0.022082109
0.004278535
0.024183562
-0.0064420723
-0.0059859995
-0.014044481
-6e-45
0.0019731363
-0.0061385706
-0.06779231
-0.07171217
0.017600384
0.0030644005
0.007035423
-0.008790145
-0.0019494937
-0.029166834
0.0019832859
0.006406525
-6e-45
-0.018074177
-0.00043341846
-0.036086515
0.009179637
0.03238784
0.012630636
0.003327707
-6.7033293e-16
0.018395444
-0.0080435565
-0.0019051019
-0.012343575
0.023633
-0.06557977
0.013152035
-0.0051079392
-4.967867e-16
0.016987083
-0.005090487
-0.007222696
-0.019245991
0.018865008
0.024180913
0.0019168407
0.03083789
-0.016550228
0.0023627328
-0.0012790896
-0.0058425395
0.0049405918
-0.0025325697
0.00039394308
0.0137553895
0.009572188
-0.0042325757
-6e-45
-0.094278134
0.011415879
-0.054035686
0.019094132
-0.0074445275
-0.0024477195
-0.00825546
0.0065773157
-0.0111964755
0.008925113
-0.025739118
-0.033861183
-0.0037668957
0.026151827
0.02637408
-0.056439336
0.014379228
-0.0057468866
0.002086877
0.0002262272
-0.019200591
0.015712127
-0.016612247
-0.015511086
0.020259444
-0.009712554
-6e-45
0.016876658
0.023602623
-0.012906435
-0.10993716
-6e-45
-1.9949128e-05
-0.004211501
-0.042774003
0.017301083
-0.0074541816
0.0042339065
-0.025959076
4.3863863e-19
0.022223111
-0.004289019
-0.00078931515
-0.0068608616
-0.0038037957
-0.00438268
-0.0071139107
-0.0041430085
-0.0033954277
0.013818138
0.0022778886
-0.008700781
0.0013996216
-0.009362446
0.003242419
0.02501831
-0.03183164
0.0010763987
-0.004272611
0.04384935
-0.060676444
-0.011314404
0.024780303
-0.004634139
-0.119606696
-0.10950781
0.0036570851
-0.01958034
0.007972178
-0.00020621158
-0.00959127
