0.0011762559
0.00064324
0.00051932054
0.00037234314
0.0008197199
0.0024660518
0.0021113956
0.0006658472
6e-45
0.00038658493
0.00026085158
0.000557491
0.0008007775
0.00047526704
0.001991335
0.001783049
0.00017286162
0.00068458694
6e-45
0.00079125765
0.0006417671
0.0014023704
6e-45
0.00084561657
0.0003817066
0.0012216836
0.0031589484
0.00027319975
6e-45
0.0004360372
6e-45
8.238192e-37
0.00044689054
0.00039070766
0.00046037504
0.00051444373
6e-45
0.0010653522
0.0003849279
0.0013964304
0.00037043553
0.00042442553
0.00020008955
4.240435e-05
0.00066671584
0.0014929278
0.0030118
0.0004124627
0.00083372975
0.00028986423
0.0013251847
0.00046888943
0.000354785
0.00019148845
0.0013295116
0.00020153927
0.0016965114
0.0005669145
0.0003148954
0.0012721255
0.00074885436
0.00065773935
0.0007191506
0.00072315236
0.00059471006
0.0007223627
0.00022933177
0.00019107496
0.0015290882
0.00021465865
0.0005641748
0.0003457603
0.001016126
0.00035754094
0.00034644658
6e-45
0.0017761354
0.00056810357
0.0008643006
0.00033594467
0.0006211734
0.0003544488
0.0005135941
0.00044309505
0.0053311097
0.00077671587
1.038642e-33
0.0006083499
0.0012110851
0.00045117975
0.0015073898
0.004217739
0.0003172013
0.00023277052
0.0005025246
0.0024977943
0.0006517691
0.00038540742
0.005234263
0.00030908763
6e-45
0.0010728627
0.00079692656
0.0010556318
0.00053387595
0.00082972826
0.001235416
0.0008328354
0.0030286796
0.00089821446
0.00040466455
0.0025276528
0.00059098017
0.0007732721
0.0016921093
0.0014120893
0.0010875682
0.00035156892
0.00045336448
0.00021269573
0.0006245831
6e-45
0.00034536584
0.00081566017
0.0002784201
0.00094254053
6e-45
0.00010197041
0.0004428772
0.00031231178
0.001303081
0.0005448989
0.00066362537
0.0011080138
0.0015533462
0.0007515562
0.0066909413
0.0016600997
0.00077693624
0.00010559461
0.00071785203
0.0009406281
0.0009812523
0.0021092123
6e-45
0.001029588
7.7784316e-05
0.0007792867
0.0010948317
0.0025200287
6e-45
0.0016918499
0.0017481997
6e-45
0.003561878
0.001041786
0.0002774685
0.0002806938
0.0012884112
0.00031291536
0.003270864
0.0011737243
6e-45
0.0017773104
0.0004031981
0.0007630301
2.7534777e-05
0.0005846107
0.0018260785
0.0003318915
6e-45
0.0002080057
0.0006844784
0.0004518934
0.00032134535
0.0024724645
0.00033736078
0.00051764806
0.0015200335
0.0021483991
0.00047782325
0.00093729206
0.0006275638
0.0006089776
0.0005420474
0.0006481668
0.0014970142
0.00066289364
0.00057301455
0.000635289
0.00055158226
0.0011311065
0.0011732486
0.0015189232
0.00024293402
0.0006176325
0.0005951579
0.0014771231
0.00031796223
0.00023491863
0.0009929443
0.00036010225
0.00049409975
6e-45
0.0004525575
0.00081129285
0.00025138192
0.0021358642
0.00047137504
0.0042801476
0.0010384015
0.0005884339
0.00050229626
0.0013387569
0.0002687208
0.0008689206
0.00041510022
6e-45
0.000421676
6e-45
0.0011155405
0.0003677866
0.00045445803
0.0010603103
0.00030325027
0.0010578783
0.0005601918
0.0011118645
0.0004755395
0.0010886001
0.00082096376
6e-45
0.000553247
0.0010172949
0.00061583205
0.00051440584
0.00034285188
0.00027960294
0.0003277851
0.0029229207
0.00031849268
0.0018044184
0.00066806306
0.00035957765
0.00053060165
1.2587993e-35
0.0005839594
0.0013988217
0.00033289663
0.00017017321
0.0004783494
0.0005098758
0.00065095053
0.0010132713
0.00018274607
0.00053219456
0.00021294177
6e-45
0.00036316007
0.0005129398
0.00036247226
0.00033318027
0.00077966135
0.00054532767
0.0009690348
0.00028113977
0.0011302709
0.0011306294
0.00034460632
0.0005182646
0.0003902408
0.00041793872
0.0008288675
0.00036926736
0.0005315598
0.0011127305
0.00035940626
0.0001464976
0.0010615326
0.0005034866
0.00036609767
0.0015479326
0.00016330426
0.0006538762
0.0007018835
0.00055552763
0.0005140269
0.0008737889
0.00115904
6e-45
0.002445584
0.00030667294
0.0009496503
0.00022235337
0.00063525455
0.00077709625
0.00051683903
0.00053467316
0.0017024712
0.000275454
0.00063090486
0.002624411
0.00037718716
6e-45
6.067983e-05
0.0016102863
0.0019057018
0.000776124
0.0007073082
0.00030025473
0.0003602455
6e-45
6e-45
6.3228e-41
0.0002810025
0.00048453707
0.0009969634
0.0003664675
0.00020740964
0.00095056556
0.00048046245
0.00023214235
0.0008099139
0.00043710633
0.0007691246
0.00031629947
0.0031998788
0.00038396395
0.0001610829
0.00021223359
0.000388958
0.000993742
1.05253404e-26
0.00036825682
0.0007797942
0.00079438725
0.0005474635
0.00024515737
0.00095698616
0.00039789645
0.00029809095
0.000259889
0.0012561829
0.00051798584
0.00024812974
6e-45
0.0006866405
0.0001439515
0.0010477761
0.00022589449
0.0027474996
0.00036037577
0.00030937325
0.0006266427
0.000104415594
0.001137765
0.00018883635
0.00017006055
0.0004764722
0.0006664413
0.00020974512
0.00020859358
0.0011958372
0.0005109198
0.000514869
0.00030135177
0.00022997615
0.00028952578
0.001225008
0.0010794349
0.0010528091
6e-45
0.00020234364
0.0002790314
0.0007482028
0.00046756928
0.0024946474
0.0009966758
0.0009738515
0.00053803634
0.00031842705
0.0006524511
0.0008500705
0.00058244664
0.0005829456
0.00018422632
4.4807655e-35
0.0005232309
0.000460569
0.000512508
6.718355e-35
0.0012331763
0.0017670903
6e-45
0.0004506587
0.00052357547
0.00079379114
0.00037683727
0.00056130515
0.0014386529
0.00059675646
6e-45
0.00043148798
0.0003668275
0.0012786306
0.00038606714
0.0006591891
0.0003051046
0.0009007806
0.0008878301
0.00084583706
0.00021935158
0.00039859288
0.00056386174
0.0006138927
0.00034654583
0.0003590822
0.00027177538
0.0006177805
0.0006051053
0.0008895187
0.0010387863
0.00034257828
0.0017866371
0.0011274094
0.0008021066
0.00022212896
0.00027214916
0.00040263345
0.0007837356
0.00010327092
0.0003192236
0.00067572086
0.002401681
0.00026436127
0.0016240943
0.00041639694
0.00042952536
0.00027315895
0.0010560359
0.0015106656
6e-45
0.00042736583
0.00024242185
0.0014064594
0.0013019535
0.00042708678
6e-45
0.0011578939
0.0011256171
0.00052917213
0.0017584832
0.0003210229
0.00091140566
0.0006789356
0.00028557607
0.0006043104
0.0001435025
0.00068914256
0.00044909862
0.0002990518
0.0011672303
0.0011644589
0.00083150313
0.0006285996
0.0005436575
0.00020861595
4.4922844e-34
0.0013977767
6e-45
0.0009358771
0.00059489656
0.0013468621
0.00019683616
0.013033167
0.00044943532
0.0003219603
0.0006791944
0.0016216261
0.00043584406
0.00045890737
0.00088311225
0.0010908124
0.0011393683
6.455239e-05
0.0004575845
0.003391596
0.0006985045
0.0003653358
0.00043829717
0.00052044826
0.00029133377
0.0010061976
6e-45
0.0003708902
0.0011270068
0.0011171754
0.0005268929
0.0008905761
0.00040424525
0.00044370498
0.00028891998
0.0007313951
0.0002896051
0.0015437036
0.00039455
0.0012891535
0.00052886386
6e-45
0.0007655087
0.00095804845
0.0014377605
