-0.24857137
0.036547557
-0.0457006
-0.11069359
0.120114654
0.052459504
4.0705524e-07
0.006230761
-0.20103699
-0.13075005
-0.0006114022
0.025059013
-0.019263424
-0.026484238
-0.10026899
0.02794711
-7.480045e-08
-0.16595368
0.015810303
-0.11765152
0.010688074
-0.0133504225
-0.11656151
0.042545896
-0.05769899
0.070002206
-0.27455837
0.15570085
0.051093604
0.079750024
-0.017026069
-0.0913847
-0.03959471
0.0682897
0.008964118
-0.021477826
-0.09517401
0.28489086
0.06298104
0.1327972
-0.04511768
0.12340975
-0.117962845
0.022722758
0.011114981
0.05920378
0.14507255
-0.18778598
0.015204196
0.087968186
0.1275966
-0.042975552
-0.09951717
0.004092967
-0.07541314
0.100801736
-0.14769234
-0.083958514
-0.09357148
0.08432928
0.09446893
0.027371202
0.0035496189
-0.09604688
-0.09076291
-0.03947855
-0.009537247
-0.010196436
0.009732565
0.035945904
0.0011945239
-0.072320625
-0.060881402
0.20930396
0.020809632
-0.16236778
0.060471535
-0.053127743
0.010330325
-0.027245885
-0.13549009
0.10936219
-0.03976767
-0.13856378
0.045071516
-0.017281592
-0.04641566
0.013144547
0.033044167
-0.17532179
-0.054452844
-0.22673424
-0.057593837
-0.03519326
-0.16063917
-0.07007842
0.035327516
5.198207e-07
4.3947296e-07
-0.009968349
0.028517572
-0.13899992
0.013596681
0.020651238
0.041554704
-0.11450823
-0.113724686
0.22397171
-0.017730564
-0.1466203
0.07853404
-0.07832496
0.13604759
-0.11480242
-0.031779476
0.13304177
-0.07557615
-0.0545542
0.06634816
-0.1357315
-0.12913273
-0.13060151
0.008314466
-0.13731907
0.012474312
0.07842091
0.029871512
0.14989738
0.10884322
0.01225049
0.05743837
-0.1223801
0.026170826
-0.08806254
0.13772415
-0.13698645
-0.049883366
0.01859535
-0.05652518
-0.08766691
-0.10921424
-0.16942795
-0.102320105
-0.021742448
-0.32309383
-0.10270393
-0.1589601
0.12972188
0.10827183
-0.036408786
-0.007178716
0.033485204
-0.04476915
-0.09463691
0.05273795
0.07364526
-0.12422887
-0.070264496
0.0043408684
-0.06778355
-0.09934692
0.07317157
0.09160773
-0.04203054
0.16302483
0.010774011
-0.080655634
0.007986852
0.03516627
-0.09001204
0.084084235
-2.3641726e-07
0.00249925
-0.3325157
0.044868372
-0.0787954
-0.116636366
-0.060402695
-0.082715936
0.019184154
-0.234675
-0.032208588
-0.037629288
-0.005730406
-0.041129638
-0.15382019
0.10298047
-0.10879896
0.019124893
0.0891536
0.007877927
0.04443599
0.02937848
-0.013694107
-0.21286611
-0.08881879
-0.1301031
-0.20580731
0.045292273
0.010916832
-0.19441156
-0.00062021165
-0.039698564
-0.053856865
-0.15459362
-0.014408108
-0.12200499
0.30888897
0.07948028
-0.09092092
-0.079739735
-0.1161362
0.028352808
0.17370723
-0.052702807
0.14078899
0.026228627
0.034058284
-0.099249385
0.11635416
-0.13545048
0.0831503
-0.22754966
-0.01678167
0.14853776
0.003512473
0.01879581
-0.072042726
-0.05744595
0.028313238
0.03043009
-0.035800792
-0.29064813
-0.018719353
-0.108393244
-0.094849385
-0.124419615
0.05801929
-0.0012054791
0.08348757
0.09613177
0.11361085
-0.20666222
-0.0241309
0.008492047
0.039442185
0.16134655
0.0024207504
0.12691386
-0.1998583
-0.10362547
-0.19251613
0.012432692
0.11080572
-0.070354864
-0.021054732
-0.17874485
0.045213304
-0.24808164
-0.007663927
0.0033485568
-0.1527468
0.1748151
-0.07355865
0.054215766
-0.17697246
-0.04314116
0.04767
-0.049662683
-0.18973139
-0.09383189
0.04595446
0.15122002
-0.09485401
0.02682046
-0.03952641
-0.062288653
-0.0326606
0.070239745
0.050893847
-0.031055605
-0.1299898
-0.252268
-0.00041534586
-0.07523211
0.037883937
-0.012070891
0.07669449
0.03284465
0.016689196
0.06375199
-0.11199487
0.077405296
-0.050205816
-0.06954113
0.06666013
-0.02523187
0.03050201
0.036706872
0.06103322
-0.091946505
-0.022163542
-0.05936539
0.0023192663
0.17045629
0.01359578
0.11187226
0.10452968
0.10001308
0.21011487
-0.12802863
-0.02983369
-0.08119532
-0.009605336
-0.010518686
-0.26821092
0.17128621
0.18178113
-0.041140214
0.0726844
-0.06951807
-0.21258566
-0.059646003
0.07489837
0.06277605
0.02283945
-0.018736701
0.03256795
0.049539052
-0.0029952724
-0.087615825
-0.04983416
-0.03212868
-0.20693351
0.02976817
-0.3054653
0.011083091
0.0033418862
-0.010503839
0.20753077
0.14385836
-0.04569414
0.033999447
0.0906556
-0.16881683
-0.094763495
0.08925756
0.01878442
-2.6060445e-07
0.08867141
0.07794736
0.10932155
-0.04854397
0.1245498
-0.09918311
-0.10900983
-0.013128653
-0.025603632
0.00526226
0.037919592
-0.04279908
-0.05801165
0.05835212
-0.03643226
-0.12598342
-0.063330874
0.04801306
0.031870093
-0.15852553
-0.022825025
-0.119722195
0.048757274
-0.1800186
0.14914417
-0.20227732
-0.11732654
-0.08778732
-0.13513897
0.008279426
-0.18893173
-0.086007245
-0.025426418
-0.089426644
0.04528117
-0.21201932
0.05161144
0.12479748
-0.1324616
-0.04229449
0.06627043
-0.13059472
-0.106209196
-0.18442135
-0.117367834
0.22194745
0.03663073
0.021174233
-0.06794137
-0.017176846
-0.029635632
-0.025655035
-0.10561405
-0.0727611
0.06737875
0.16112307
-0.14354637
-0.0807362
-0.071311265
0.21586038
0.11046772
-0.005777067
-0.06256505
-0.10270223
0.05599441
0.09985939
-0.072377555
0.04323992
0.14070405
-0.07078859
-0.27370387
0.006327281
0.07957556
-0.13245726
3.2156677e-08
-0.015535732
0.02933739
0.029565472
-0.102946535
-0.11650085
-0.21907431
-0.08632396
0.0792222
0.0345064
-0.021637566
-0.07857155
-0.14457595
-0.16347773
0.07917658
-0.15104775
-0.16101593
-0.021332279
0.020487187
-0.30398116
-0.059801526
-0.050582383
0.108727425
-0.015332225
-0.03102374
-0.11839669
-0.14987595
0.046191424
0.010389161
0.18162331
-0.0041399086
2.3208995e-07
-0.006688352
-0.17122486
0.09795941
-0.12189972
-0.10270718
-0.026839357
0.15189733
-0.15552947
-0.16697283
-0.014489062
0.11195244
-0.0565092
-0.053742047
0.011831979
0.13248397
0.07936853
0.08347631
-0.09065434
0.06075682
-0.0046346695
-0.013955201
0.119894065
-0.09899786
0.057341717
0.037250858
0.027778395
0.006119971
-0.012579618
-0.19118851
0.13517404
-0.09510444
0.12849633
-0.03440451
0.012168883
-0.042631675
-0.19853304
0.050108723
0.10581319
-0.050097562
-0.017000603
0.011503405
0.068603225
0.055417877
-0.09714817
0.0067389654
0.08966276
0.023434643
-0.072041035
0.018459959
0.006406974
0.054526452
0.05082997
-0.18003467
-0.026131956
0.033801265
-0.11002949
0.08218317
-0.1996999
-0.04454439
-0.02505739
-0.037361093
-0.046024524
0.010301387
0.024005327
-0.022371573
-0.0033968294
-0.0818761
-0.05484011
0.07929529
0.11175228
0.117362164
-0.07941204
-0.022132486
-0.02391046
0.09324314
-0.120738134
-0.081936665
0.025797993
-0.11312798
-0.01662504
-0.14601414
-0.21580146
-0.10310785
-0.0009906954
0.014950062
0.100890815
-0.10466138
0.15548848
-0.13084848
-0.10551303
-0.03712994
-0.11006114
0.13855195
0.08403531
-0.09220409
0.037824657
0.048934918
0.03883243
-0.12688798
-0.1470478
-0.00974965
-0.29707503
-0.19206911
0.11334906
-0.09257405
-0.0043589985
0.00039235133
-0.045595285
-0.039142825
-0.10403685
-0.10114081
-0.23830819
0.024979882
-0.087542765
-0.05933349
-0.0704421
0.074159384
0.014473194
-1.6151436e-07
-0.16974714
0.087159835
0.19560708
-0.17695725
0.116068356
-0.09247396
-0.089627326
-0.036849
-0.096656226
0.11834001
0.05003161
-0.026701568
-0.012654335
-0.112363964
0.0642477
-0.11224688
-0.10286232
0.052901305
-0.03934561
-0.033727437
-0.010747489
-0.37944046
-0.07439036
0.01704011
-0.02295034
-0.14217037
-0.032341715
0.051972862
-0.12013239
-0.1451612
0.0012833255
-0.23204349
-0.014973184
0.031202922
-0.07439653
0.013990079
0.11811396
0.061707214
0.04471723
-0.037497077
0.06971891
-0.07634343
-0.05694514
-0.040958665
-0.016605128
0.01310468
0.11343824
0.04462384
-0.19234435
0.13496535
-0.086483166
-0.092009306
-0.089151055
0.074323714
-0.16489153
-0.020534422
0.21628888
0.031328715
-0.25902098
0.011782347
-0.09929785
-0.06174751
0.054309968
0.0031778354
0.058800295
-0.023303939
0.0025695323
-0.22996686
-0.23387362
0.20068009
-0.13705942
0.090406515
-0.2927174
0.023154771
0.034459285
-0.0366371
-0.06756465
-0.0049626534
-0.10952512
-0.0881183
-0.026413938
-0.119822085
0.0005450019
0.08500888
0.0016144507
-0.13368583
0.042969275
-0.096318424
-0.07247235
0.14653005
-0.11758073
0.24311072
-0.15499713
-0.015395818
-0.07028984
0.056965493
-0.0010829245
0.039927326
-0.12331549
0.17616162
0.04455041
-0.11696122
-0.226089
-0.21189551
-0.036928885
0.07367343
-0.19513631
0.04537803
2.9709093e-07
-0.064390525
-0.05088191
0.068338364
-0.19925888
0.02375654
0.14221637
-0.0032002383
0.1223832
-0.082636535
0.023513922
-0.001098783
0.10178354
0.08581909
-0.05477134
-0.061019953
-0.1502326
-0.06062792
0.07532182
0.040709697
-0.0984673
-0.03357158
0.06078566
0.0841954
0.062347382
0.03394342
0.045441404
0.037183408
-0.010340308
-0.15093367
-0.041893616
-0.01525145
-0.05488151
0.039113335
0.0987257
-0.028488215
0.13489252
0.09324349
-0.039939452
-0.088127024
0.013475204
-0.023687676
-0.021775398
-0.051639117
-0.060069043
0.017545275
0.04341822
-0.0670325
-0.11486485
0.023761751
-0.12509672
-0.15132865
-0.022406446
-0.05748939
-0.027429363
-0.019968791
0.105630524
0.0049188277
0.026149467
-0.07810175
-0.10255591
-0.07601823
-0.18119206
-0.024484055
0.018821588
-0.103255145
0.14701103
-0.11738269
-0.036056947
-0.010165264
-0.037521124
0.019690681
0.008489666
0.0040501365
0.05048755
-0.036435068
-0.13427354
-0.103042044
-0.00847871
-0.26908773
0.036643934
-0.038162917
-0.054902058
-0.3171116
-0.21353276
0.11444372
-0.037794042
-0.00720338
-0.03239822
-0.025091363
0.19537355
-0.01532569
-0.081670485
0.062115148
-0.031650055
-0.27255142
-0.1560925
-0.1618108
-0.01826638
-0.12277148
-0.28958195
0.017050443
0.017025687
0.011818548
0.07655154
0.033650964
-0.05216026
-0.08200324
0.05165994
0.08853259
-0.065644495
0.1604516
-0.048498765
-0.048148416
0.0085025905
-0.09610511
0.20353691
0.072403274
0.118766315
-0.10527613
-0.011655711
-0.011330184
-0.12539001
-0.15530224
-0.020267496
0.04692128
0.07653301
-0.12418895
0.07445154
-0.002391491
-0.0025507594
0.16350284
-0.07591574
-0.011881318
-0.02739826
-0.06556368
-0.031046854
-0.049835008
-0.048571825
-0.14707635
-0.01259883
0.06893138
-0.11634678
0.13825725
-0.023993036
0.098906696
-0.22778922
-0.07577427
-0.096141204
-0.002314994
-0.022238633
0.21101429
-0.031680457
-0.024719914
-0.36337635
0.061072037
-0.11355639
-0.12540573
-0.073160015
0.10590954
0.118698195
0.042093508
-0.13535763
0.054683477
-0.3453236
-0.091298185
0.01350806
-0.083766565
-0.15215985
0.08020686
0.014906296
-0.07927197
0.03674386
-0.1355201
0.18153898
0.13161899
0.015469627
-0.0011989805
-0.21042405
-0.14371245
-0.067232646
0.051258896
0.18462552
-0.05515676
-0.01644508
0.086888924
-0.07217412
-0.03985625
0.19593787
-0.07310826
-0.12181243
-0.15087953
-0.28837448
-0.114785336
-0.05691983
-0.00029971052
-0.108593926
0.14699186
-0.16254313
0.049623236
-0.15558206
0.09154513
-0.07064014
0.043157015
-0.11374422
0.017254347
0.057260755
-0.13481131
-0.1541746
0.033964742
0.052045345
-0.0028376924
0.041616324
0.031997114
0.09811516
-0.13748464
0.07773857
-0.024054706
-0.17613116
0.051275034
0.059143156
0.16600159
-0.024915311
0.0018075538
-0.03623789
-0.07841556
-0.17997728
-0.145327
0.0022014421
0.021684704
-0.02821748
0.0030280296
-0.16582611
-0.011879597
0.13258363
-0.039397
0.05729925
0.0035017976
-0.048377134
0.099897034
-0.24232781
0.019248815
-0.26146647
-0.051235087
0.11258076
-0.11749525
-0.093507335
-0.048269946
-0.065665096
-0.018610558
0.0052705696
0.103027664
-0.05332725
-0.08784091
0.070923574
0.15694362
-0.06269357
-0.099617474
-0.08080415
0.09161967
-0.21738265
-0.15298954
-0.14890994
0.027795201
0.08886127
0.08310954
0.027348464
0.085375234
-0.16756172
-0.007262232
0.012568511
0.09513232
-4.5962392e-07
-0.09450106
-0.16708305
-0.05228525
0.16222888
0.10068848
-0.035644658
0.031212848
0.039513584
0.0122837955
-0.01575515
0.05316772
-0.01700461
-0.04815279
-0.07581444
-0.16145764
-0.13058773
-0.25342098
-0.1612398
-0.124766424
0.0059902766
0.003711262
-0.0033688354
-0.07984239
-0.21006212
0.011661333
-0.17177288
-0.134831
-0.048013363
0.07784031
0.012076785
-0.008038419
0.048502468
-0.15308115
-0.089238726
-0.10556327
0.02839335
0.015135792
-0.07884836
0.052050695
-0.045007467
-0.124342546
0.06593089
0.06669838
0.06719666
-0.14291187
0.026802968
0.039826684
-0.098093286
-0.08616555
-0.1856971
0.110901654
-0.05598435
-0.14173691
-0.13324979
-0.10722173
0.017071929
-0.069219604
0.1065702
-0.042364534
0.08102374
0.013720619
0.12215741
-0.029253757
0.14228263
0.05215405
-0.0103162695
-0.14055257
-0.07688582
-0.07393407
