-0.044909023
-0.111179054
0.14330839
-0.15786083
-0.16684455
-0.15201771
0.12508702
-0.017436503
-0.15442373
-8.8855745e-07
-0.12201149
-0.10383221
-2.1229664e-11
-0.16192181
-0.028885517
-0.14462708
-0.08976386
-0.14997585
0.12051237
-0.10390712
-8.0595385e-08
0.097649075
-0.08337604
-0.14413345
-0.15268612
-0.17600621
0.036291033
-0.09919736
0.01534343
-0.19545372
0.021491138
-0.16005526
0.042505648
-0.18346484
-0.16024123
-0.14557958
0.038879547
-0.12801392
-0.17650287
-0.1953012
-0.06536922
-0.09476829
-0.18503687
-0.113754526
-0.07853882
-1.34434595e-05
-0.14411141
-0.082750954
0.01595402
-0.13350707
-0.07048147
-9.282151e-09
-0.22402182
-0.11800241
-0.14812055
-0.16474609
-0.12639365
-0.1703542
-0.17410405
-0.10286382
-0.0911851
-9.860655e-05
-0.11063509
-0.06613425
0.06621159
-0.15139598
0.101018995
-0.015708951
-0.087653026
-1.3745061e-05
-0.09489049
-1.254506e-08
-0.13873334
0.046103265
-2.240507e-05
-0.13724783
-0.13273247
-0.15023121
-0.10868887
0.0030153533
-0.10416509
-0.14924976
-0.16305427
-0.018612912
-0.10027038
-0.16130003
-0.139741
-0.13747503
-0.14791042
-3.3616296e-05
-0.04505481
-0.122394204
-0.13928185
-0.1847159
0.019953717
-0.15535289
-0.12658976
-0.13201773
0.1571295
-0.11379695
0.022504115
-0.13100135
-0.17054501
-1.6601106e-09
-0.15987878
0.015059949
-9.565186e-06
-0.084111415
-0.15058793
-0.13055848
-0.12758955
-0.018296396
-0.13029566
-0.12412334
-0.16216597
-0.16818531
-0.12528372
-0.16275728
-0.013950009
0.092478536
-1.3773697e-09
-0.04632823
-0.11381654
-5.2426556e-05
-0.12979667
-0.064812884
-0.14082593
-0.15412594
-0.111525975
-0.1388957
-0.09003567
-0.12010676
-0.11002276
-0.15145424
-0.09795586
-8.892796e-08
-0.13327955
-0.107070155
-0.16948307
-0.00048760494
-5.454665e-13
-0.14307453
-0.14147685
-0.10966494
-0.09120346
-0.10883032
-0.1655557
-0.13984078
0.15634081
-0.06649372
-0.093479306
0.047172006
-0.07249043
0.14113206
-0.1401154
-0.11032779
-2.775283e-06
-0.1182282
-0.076068886
1.3093162e-07
-0.15948285
-5.4956164e-08
-0.09300671
-0.16342953
-0.09150229
-0.13727286
-1.4873487e-05
-0.15977278
0.06542811
-0.15016238
-0.05384667
-0.04788301
-0.073467016
-3.8440376e-06
-0.09001797
-0.11178529
-0.11032889
-0.10808691
-0.11052974
-0.1583906
-0.023357555
-0.18481506
-0.10894907
-0.10938181
-0.06182921
0.0840809
-0.116822064
-0.09559957
-9.607888e-06
-0.11406512
-3.833392e-06
-0.13627186
-0.12050509
-0.109304555
0.04891744
-0.1757008
-0.14312011
-0.086273625
-0.075388804
-0.119168915
-0.13199347
-0.12789194
-0.00967924
-0.093842275
-0.105032206
-0.13042681
-0.11216334
-0.039003085
-0.10405103
-0.019507157
-0.11718313
-0.07290563
-0.12558736
-0.06906285
-0.13680317
-0.19108872
-0.113194816
-0.154907
-0.16743255
-0.085955635
-0.12492154
-0.103141904
-0.16202086
-0.100096844
-0.11682147
-0.11802562
-0.15579467
0.12626511
-0.1758316
-2.2154944e-05
-0.07399296
-0.15853505
-0.12791073
-0.18677573
-4.2111058e-08
-0.14577156
-0.10421277
-0.04143263
-0.17333288
-0.16182724
-0.21751554
-0.12760568
-0.09233178
-0.13682386
-0.14106497
-0.12142816
-0.14869665
-3.3776923e-10
-0.10258083
0.041293275
-0.11689152
-0.051687066
-0.16859855
-0.10610273
-0.15876569
-0.12479028
-0.12639378
0.052223872
-0.0052420213
-0.0701668
0.10210222
-0.15939447
-0.110408805
-0.15985924
-0.1572693
-0.13703899
-0.12581815
-0.11662114
-0.10576292
-0.0010349179
-0.11959281
-0.011105389
-0.12392218
-0.13764364
-0.1422811
-0.05903489
-0.06777253
-0.10220325
-0.16977964
0.15651076
-0.090218626
-0.113228396
-3.5448247e-09
-0.14000683
-0.11821343
-0.13719429
-0.13264824
-0.13233401
-0.072713606
-0.09472719
0.2709257
0.13354807
-0.09981981
0.12926276
-2.7385554e-06
-0.17549269
-0.1534672
-0.15380104
-0.09795831
-0.14616555
-0.14323586
-0.11441833
-0.14031368
-0.11123726
-3.7898758e-08
-2.8503388e-13
-0.1199216
0.0100419745
-0.18696141
-0.05050319
-0.12689957
0.13160133
-0.19431214
-0.12873717
-0.10376627
-0.1515874
-0.12780716
-0.13371933
-0.04626658
-0.0885818
-0.21946838
-0.088929385
-0.07016489
-0.14505664
0.11214462
-0.110066004
-0.10650718
0.019855218
-0.16626044
-0.13505355
-0.11180233
-0.0043116645
-0.20503078
-0.14610557
-0.07045987
-0.0460796
-0.19458008
0.14449467
0.10696222
-0.11707738
-0.16018412
-8.459155e-06
-0.15311511
-0.15225033
-0.14924254
-0.08350379
-0.001112472
-0.15731838
-0.09649043
-0.10418401
-0.15330207
-0.16367269
-0.13338427
-0.092879735
-0.095076755
-0.14612617
-0.10774162
-0.14512928
0.14452416
-0.12662433
0.14561553
-0.07562382
-0.07162161
-0.0996239
-0.0148575045
-0.04746609
-0.0475482
-0.13496752
-0.116069056
-0.09671473
-0.18663684
-0.10061148
-0.087311566
-0.14302738
-0.18462677
-0.13682036
-0.14154586
0.13100652
-0.051302917
-0.01154777
-5.1440063e-10
-0.09826818
-0.11542464
-0.12564568
0.119191885
-0.17785634
-0.23812799
-1.0483944e-05
-0.17496358
-0.010014791
-0.07506027
-0.07062156
-0.14563933
-0.06554916
-0.12932518
2.1314284e-07
0.14912777
-0.08308708
-0.03460767
-0.17116848
-0.046863507
-0.1615296
-0.07159868
-0.030986648
-0.13235496
-0.14419895
-0.103933185
-1.3013718e-08
0.14508685
0.04971285
-0.08679147
-6.8623034e-05
-0.18665828
-0.0814132
-6.8331785e-11
-0.14664732
-0.034196768
-0.1554947
-0.1436825
-0.08237615
-0.14622578
-0.12105108
0.12049853
-2.3632307e-10
-0.12208342
-0.12907892
-0.10996792
0.115650736
-0.058768105
-0.13364114
-2.959429e-08
-1.3525235e-05
-0.1029764
-0.07251888
-0.18945292
-0.1382164
-0.1338882
-0.08716765
-0.1594028
-0.06611756
-0.0037662603
-0.13410337
-0.106045485
-0.1544574
-0.003986309
-0.14532752
0.107939936
-0.09167841
-0.13293947
-0.05026919
-0.1378718
-0.13537814
0.11366381
-0.14076705
-0.051205594
-0.011043962
-0.0035877232
0.12747753
-0.1348101
-0.14948693
0.11929671
-0.11203195
-0.12380968
0.018119173
-0.16338748
-0.14319667
-0.118792385
-0.09480551
-0.104205154
-0.065138124
-0.12943894
-0.049307212
-0.11171333
-0.14318359
0.049742904
-0.14248925
-0.16214328
-0.0863051
-0.033477414
-0.14394423
-0.1117306
-0.15897119
-0.100652575
-0.109791316
-0.12860227
-3.6769674e-09
-0.15466256
-0.11944964
-0.1095201
-0.27886993
-0.1331901
-0.13840818
4.9067337e-09
-0.14891583
-0.16088364
-0.10459189
-0.13307723
-0.15426147
-0.11331703
-8.191033e-08
-0.1480476
-0.094614185
-0.124004945
-3.332157e-09
4.2866412e-11
0.012946426
-4.001171e-06
-0.21029538
-0.17307363
-0.12827817
-0.06357954
-0.13686663
-0.13201594
-0.13665754
-0.13265762
-0.18303025
-0.13014159
-0.12897938
-0.14529887
0.031486176
-0.09366948
-0.10797153
-0.1029645
-0.124423355
-0.15890473
-0.06866471
-0.034688234
0.031433772
-0.098018676
-0.16404434
-0.14651996
-0.13182773
-0.15241988
0.07849444
-0.010851115
-0.12340876
-0.08817654
-0.15885012
-0.07356218
-0.13389014
-0.18058513
-5.4051014e-10
-0.1580773
-0.11424462
-0.13298203
-0.12844029
-0.14421834
-0.082753055
-3.5340517e-07
-0.16388585
-0.12303036
0.050986446
-0.14091986
-0.11492248
-0.14067407
-1.0649079e-06
-0.15503882
-0.09547819
-1.3882449e-06
0.015130458
-0.05007143
-0.15790054
-0.12355575
0.1533678
0.08708441
0.10243992
0.09745029
-0.11648818
-0.089497395
-1.2570406e-05
-0.13634261
-0.18870606
-0.16556807
-0.12921812
-0.10533099
-0.15726808
-0.1693668
-0.06607516
-0.08144489
-0.12728076
0.09897152
-0.18335581
-0.11272171
-0.07048083
-0.12497499
-0.10133405
-6.00459e-07
-0.14722341
-0.13011964
-0.12407201
-0.11968405
-0.107068524
0.12963761
-0.12469286
0.13928494
-0.044526145
-0.19376771
-0.14671722
-0.12310454
-0.11948798
-0.12313742
-0.122061126
-0.08698886
-0.024175884
0.15727258
-0.21153145
-0.083887845
-0.036447648
-0.11490094
-2.6486623e-06
-0.11762274
-0.09991624
-0.23042005
-0.19673893
-0.11110789
-0.05938591
-0.16986023
-0.07389333
-0.026365636
-0.19559523
-0.12975606
-0.11554572
-0.17462295
-0.12671943
-0.08971195
-0.04325102
-0.10027109
0.038436458
-0.1119013
-0.12931834
-3.6885405e-05
-7.6203573e-06
-0.1480393
0.01454365
-4.057823e-08
-0.09550881
-0.12046591
0.14211136
-0.13707563
2.2498925e-08
-0.09333837
-0.06930107
-0.118520886
0.07985499
-0.15663849
-0.13713337
-0.10763699
-0.09584781
-0.14574602
-0.13121092
0.14405006
-1.1266709e-08
-0.14394441
2.396122e-09
0.008718922
-0.07723924
-0.17209035
-8.453085e-09
-0.17205964
-0.022260789
-0.0001460023
-0.14298338
-0.047545712
-0.14235044
-0.15491347
-0.12018349
-0.08721965
0.11755299
0.04896192
-0.11441742
-0.14562327
0.11957695
-0.053801153
-0.042680036
0.12313311
-1.0840001e-08
-0.11464529
-0.08921808
-0.10978673
-0.08677551
-0.052730396
-0.108537406
0.016891979
-0.19379485
-0.10331917
0.060575023
-0.0062171146
-0.06805224
-0.13407312
-0.019513479
0.1403112
-0.1315246
-0.017255496
-0.15187939
-0.076011956
-1.5655222e-06
-0.16269824
-0.040767644
-0.048647024
0.1452701
-0.21602385
-0.1224326
0.03130286
-0.10161939
-0.19867088
0.07061393
-0.16342282
-0.1318068
-0.10294508
-0.09959876
-0.1110939
0.14194366
-1.6621841e-06
0.06392333
-0.16631989
-0.16775118
-0.16990285
-0.02293524
-0.14036436
-0.13987264
0.0456628
-0.22473593
-0.09851866
0.15155917
-0.113147326
-0.17449096
0.08890753
-0.14370999
-0.15429485
-0.124641426
-0.1265398
-0.16094461
-0.05536742
-7.7389115e-05
-0.108397804
-0.12934913
0.10386927
-0.095946826
-0.12366427
0.11148526
-0.12834217
-0.09414833
-2.8501863e-09
-0.15696838
-0.01158027
-0.10767747
-0.11157891
0.1444931
-0.081146725
-0.10799734
-0.025326902
-0.11199113
0.011539397
-0.14201626
-2.159152e-06
-0.17194779
-0.114607796
-0.10433532
-0.14376116
-0.15590136
-0.19727604
-2.5988438e-06
-0.1162302
-0.118275546
-0.123567455
-0.0071558664
-0.12474991
-0.08556114
-0.09585456
-0.09805743
0.049826212
-0.17191593
-0.14119613
-0.09243507
-0.12292232
-0.10966547
-0.1091879
-1.9039424e-08
-0.10595962
-0.21544072
-0.13677818
-0.154028
0.112005234
-0.14064112
-0.15693691
-3.7762786e-06
-0.18923192
-0.15077059
-0.09274492
-0.12777716
-0.18709536
-0.09546681
0.10607984
0.062755734
-0.16712348
-0.102464646
-0.106363654
-1.6630157e-10
0.13202007
0.1510178
-0.20323104
-0.049917664
-8.3026305e-07
-0.15392688
-0.12769309
-0.10846108
-0.10773307
0.030150626
0.0017667632
-4.2861803e-08
-0.104859315
-0.036836985
-0.09295971
-1.9252368e-06
-0.113967165
-0.120749
-0.0985958
-0.09198625
-0.11953656
-0.10476034
-0.10650233
0.082960375
-0.14848903
0.0062110634
-0.0978765
-0.17382951
-0.15398088
-0.09898123
-0.15835096
-0.1808176
-0.108707175
-0.06994694
-0.08243989
-0.053903516
-0.11485988
-0.0649083
-0.10287373
-0.11714736
-0.14261574
-0.1611495
0.0065483637
-0.078580424
-0.15544845
5.612178e-09
-0.14680594
-0.019611107
-0.16256094
-0.010229629
-0.10184348
-0.0644588
-0.15785712
-0.10439536
-0.102933556
-0.14327884
-0.13496876
-0.16194609
-0.15445414
-0.10731964
-0.13750209
-0.025023025
-4.2551687e-06
-0.11741723
-0.11994424
-0.08926637
-0.033729352
-0.13682462
-0.060946524
-0.17394473
-0.00042438874
-0.09638002
-0.11910291
-0.103359595
-0.18380791
-0.14114596
-0.10422719
-0.06784835
-0.13670895
-0.0868047
-0.12117286
-0.15248834
-0.0850555
-0.16259538
-0.091681615
-0.11611462
-0.12851697
-6.415913e-06
-0.12893164
0.08880858
-0.100654095
-0.06208669
-0.11213372
-0.13572058
-0.079202645
-0.13582672
-0.1109904
-0.10155578
-0.13407928
0.12696017
-8.670282e-06
-0.01823781
-0.16054264
-0.15096019
-7.874555e-07
0.14041556
-0.14060897
-0.009325491
-0.12272843
-0.12665036
-0.14872621
-3.057813e-08
0.15170524
-0.14861521
0.09911018
-0.06435371
-0.15784241
-0.268521
-0.089123785
-0.11300707
0.031083645
-0.011266318
-0.13508812
-0.13144824
-6.372813e-09
-0.12411616
-0.071435526
0.009653281
-0.11794038
-0.07373586
-0.021390902
-0.11944847
-0.17731684
-0.15048149
-0.119829
-0.11551577
-0.09693669
-0.14323652
3.7055041e-09
-0.119126484
-0.12147962
2.4732662e-07
-0.16138649
-0.11579438
-0.08912596
-0.110117175
1.4095113e-08
-0.17857485
-0.100901574
-0.13320713
-0.032661743
-0.15217732
-0.16901842
-0.14263673
-0.12715514
-3.189828e-06
-0.098486505
-0.18723997
-0.14083149
-0.109871686
-0.12669304
-0.1366538
-1.8793989e-08
-0.08756616
-1.1395642e-05
-0.14349183
0.13551083
-0.1073972
-0.13089082
-0.093552366
-0.0998042
-0.13428132
-0.13961947
-0.0987421
-0.12609302
-0.119640775
-0.13643412
-0.13525906
0.058562227
-0.036356386
-0.049639683
-0.14698373
-2.4269498e-06
-0.13378642
-0.072829254
-0.1365
-0.07600081
-7.555323e-07
-0.15657343
-0.18112941
-0.07448892
-0.15267152
-0.12023902
-0.1173405
-0.09171003
-0.08718746
-0.12754136
-0.12997653
-0.12169563
-0.098646075
-0.0108296005
-0.030235834
-0.048008166
-0.14648515
0.11005603
-0.15600681
-0.1145359
-0.14324091
-0.11270688
-0.13734229
-0.1082587
-3.7982682e-06
-0.09927426
-0.03735704
-0.08632248
-0.16820973
-0.062466867
-2.1052505e-05
-0.1143804
-0.16722333
-0.12692268
-0.13839367
-0.11146313
-0.11136333
0.099655874
0.015821856
