0.046584677
0.014879508
0.092721984
0.01990422
0.053400945
0.04541058
0.083059266
0.054540016
0.01948368
0.051802486
0.0164863
1.2125903e-13
0.042185493
0.030436726
0.07443718
0.014010692
0.03361587
0.033565912
0.030177303
0.04935259
0.032560635
0.05168398
0.05940369
0.11285705
0.04620798
0.029320316
0.039088752
1.5891588e-13
0.055965435
0.020364057
0.03651231
0.03588466
9.20517e-14
0.06946766
0.022182062
0.06695358
0.05148975
1.2686626e-13
0.047030162
0.049956452
0.038301528
0.040607702
0.02693609
0.023568835
0.048997216
0.0742606
0.050087165
0.02142928
0.04167458
1.5031e-13
0.10106282
0.058571022
0.0353352
0.04468521
0.05007895
0.048829157
0.0533066
7.758019e-14
0.03152452
8.920433e-14
0.024958964
1.6069553e-13
0.105997965
0.084401935
0.03967533
0.0874711
0.04692408
0.043330964
0.07700458
0.030721057
0.03332558
1.9594152e-13
0.069281146
0.053449444
0.034290135
0.08054058
0.044242583
0.02399657
0.03297155
0.08717445
1.04860964e-13
0.042485457
0.042963605
0.021945793
1.5398854e-13
0.04989329
0.04201128
0.04561196
0.028552597
0.05323428
0.029844522
0.03997931
0.03834407
0.041332614
0.039579354
0.06423439
0.055729758
0.03378206
0.044894062
0.17631029
0.04970253
0.034257445
0.115742825
0.03396827
0.019224292
0.021143464
0.057841294
0.022909591
0.031620454
0.027515735
0.046730347
9.573359e-14
0.06368996
0.061440427
0.0353374
0.05654539
0.03128736
0.065597475
0.026242105
0.05035527
0.02781415
0.022612922
0.050614055
0.033630826
0.038894508
0.04828051
1.0888279e-13
0.041097846
0.033068366
0.05427863
0.061305393
0.05762421
0.06862889
0.05876757
0.02942108
0.037478533
0.026718449
0.028676013
0.034609087
0.063320324
0.04854935
0.039980415
1.1293688e-13
0.07419422
0.059931096
0.0491232
0.036580153
0.048784267
0.06889918
0.038198676
0.046984788
0.07426152
0.057973024
0.057877835
0.042402305
0.044101417
0.025187453
0.06945056
0.048886463
0.038246885
0.029049898
0.07329562
0.027711138
0.024780981
0.064568296
0.03174216
0.03666806
0.027613496
1.9902446e-13
0.024201997
0.061451856
0.020317554
0.040833768
0.03219684
0.03837983
0.03202842
0.05067304
0.07847993
0.025996707
1.2263862e-13
1.2124568e-13
0.046964508
0.031883933
0.037590496
0.059375867
0.052900914
0.15680648
0.019536946
0.01835676
1.2136066e-13
0.045013856
0.03622278
0.036056902
0.030944763
0.023336371
0.056738034
1.4395028e-13
0.038078085
0.021073824
0.026952367
0.048911076
0.03415984
0.02447734
0.07697518
0.02395487
0.040283136
0.02315666
0.02419729
0.039965995
0.022630172
0.05212362
0.024611838
0.023361934
0.023952119
0.021270886
0.08359059
0.03140136
0.04699894
0.06432257
0.020760663
0.046326496
0.08760529
0.023763541
0.031412195
0.037252188
0.028341848
0.025490968
0.04100602
0.07784678
0.049859047
0.047906317
0.0819852
0.023537325
0.065912314
0.027828142
0.035919875
0.043862
0.060727354
0.04731958
0.021649504
0.040271096
0.10832324
1.6321577e-13
0.05632372
0.06963885
0.051985815
0.051389974
0.045178294
0.040679947
0.054923657
0.020156514
0.0738888
0.038903575
0.037468083
0.0659806
0.04710539
