-0.08792452
-0.092947945
0.56138074
0.00091500743
0.043611817
-0.023832487
0.063929126
0.06417549
0.018077573
-0.09186883
-0.019786404
-3.892502e-09
0.17879768
0.16180974
-0.02943698
0.04097903
-0.013907224
0.0814435
-0.09500444
0.39973336
0.049838953
0.0018015626
0.1311256
-0.057405002
-0.040115647
-0.0932525
0.17136683
-2.06526e-08
-0.068573296
0.06057121
0.1531916
0.073854044
-2.1207507e-07
0.217733
0.13362408
-0.0053992113
0.50537986
-9.0327585e-09
-0.06693478
0.31395215
-0.017739719
0.106025614
0.001652418
-0.047085408
0.07645226
0.15310766
-0.04169945
0.011218687
0.0519583
-1.1451557e-08
-0.04960724
0.11263763
0.30548432
-0.05944576
0.034129348
-0.012796695
0.54869026
-3.666789e-08
0.35549432
-5.6490414e-08
-0.16856956
-6.920432e-09
0.032039378
0.18263584
-0.031613953
0.26456898
-0.02980497
-0.058081686
0.15560107
0.010244322
0.0074332682
-4.2432717e-08
-0.055303413
-0.0827664
0.08409303
0.15859717
-0.06690705
0.006745362
-0.07927778
0.04803077
-2.9786115e-08
0.029300196
0.041834235
0.48093516
-1.0385692e-07
-0.08720114
-0.011431763
-0.061051592
0.0383848
-0.019995594
0.29611006
-0.02291698
0.3187693
0.40824524
-0.060542215
0.16543517
0.19059286
-0.17255937
0.42649618
0.23704298
-0.17096955
-0.060212646
0.07448339
-0.055066686
-0.0555527
0.01405939
-0.06376513
-0.09604467
0.063032284
-0.077226155
0.09321444
-2.2757266e-08
0.04178871
0.021164082
0.13611177
-0.0005306707
0.023664307
0.06920337
0.11376595
0.1620415
-0.01041243
-0.04433547
-0.06310776
-0.085077025
-0.1917827
0.017694993
3.5189245e-08
-0.06358354
-0.046092875
0.46346846
0.066653624
0.2870016
0.031694
-0.0981892
0.107003205
-0.03221198
0.024922319
-0.06629501
-0.08215613
0.08790568
-0.039722063
0.14379717
-2.3136451e-08
0.023675822
0.027977383
0.38593617
0.10274346
-0.06848752
0.06612499
-0.06262637
0.19074689
0.05391852
-0.07028316
-0.12078543
0.25323895
0.3023948
0.043384485
-0.07268799
0.40319604
-0.11893031
-0.03046513
0.08006698
0.0041158088
-0.03092993
0.029077454
0.23693593
0.1602367
0.49954048
-1.6082833e-08
0.016467566
0.35360608
-0.040309697
-0.11101046
0.24557707
-0.06876285
0.009321874
0.0102164475
0.12544948
-0.16372108
-2.5982597e-08
-8.9235165e-08
-0.19206107
-0.112640254
-0.061301418
0.31530774
0.3758951
0.10672875
0.07529328
0.075917356
-7.9441634e-08
-0.051632643
-0.033730414
0.06146477
-0.0008867055
0.036584087
-0.13206147
-1.845881e-08
0.024476387
0.031469014
-0.001671455
0.31296948
0.20266783
-0.025142858
-0.091388956
-0.023737254
-0.08748156
-0.0241939
-0.038649462
0.029653644
0.06843528
0.027550636
0.12820607
0.005853692
-0.010020162
-0.0027738912
0.050040353
0.10645599
0.30025882
0.11540307
-0.006308224
-0.09671573
0.0010818685
-0.038785104
-0.10632683
0.3320858
0.11145874
-0.078534044
0.016624626
0.029252881
0.024710119
-0.06468154
0.014240346
-0.06374401
-0.17734273
0.10469533
0.29126075
0.16807619
0.6104749
0.0039064605
0.107747465
0.20867711
0.0742028
-3.6449425e-08
0.35619146
-0.039469074
-0.041231494
0.20864064
0.07897788
-0.04021005
0.29192778
-0.033071127
0.0148986755
0.041630574
0.05819531
0.36024454
-0.03378234
