0.023455052
0.013769872
0.028458094
0.021504479
6.3679314e-14
0.035430226
0.02257369
0.02310285
0.016174544
0.022460459
0.030954154
0.024219386
0.014086084
0.08228881
0.035573646
0.019495673
0.026150437
0.019663252
0.03793373
0.021785228
0.028186342
0.016336242
0.026410092
0.02926602
0.03610765
0.023384731
0.026596354
0.024890192
0.019230621
0.023077529
0.04702854
0.014557742
0.02454585
0.015853763
0.02279887
0.0195346
0.019222891
5.3388477e-14
0.02588937
0.030867208
0.027609559
0.037975334
0.025616731
0.02265341
0.024912868
0.019657755
0.019813988
0.021163937
0.014409936
0.043629814
0.08691136
0.024074093
0.03289086
0.022265164
0.02702812
0.021766441
0.028087921
0.026638182
0.048797224
0.038468402
0.022908483
0.026967783
5.6313796e-14
0.040542684
0.02438029
0.021580834
0.017126601
0.024213813
0.025681218
0.025348682
0.021137806
0.020097246
0.028649965
0.03786724
0.046941422
0.0239348
0.029943584
0.038692456
0.022029113
0.014281574
0.022209192
0.031389892
0.03459468
0.031423856
0.020523883
0.030636568
0.028892376
0.021213854
0.01509978
0.016375022
0.031315204
0.03927174
0.020223467
0.024562052
0.05333049
0.016807234
0.023071771
0.020273471
0.025615824
0.027615417
0.02300258
0.025248436
0.02127615
0.027465338
0.018757988
0.018532088
0.027248232
0.01868112
0.019702729
0.0237865
0.021031985
0.03503839
0.020080654
0.013640018
0.020347666
0.045245577
0.020986864
0.018996555
0.014000809
0.021060629
0.023738887
0.024769766
0.023266403
0.02153854
8.3595545e-14
0.024534946
0.031866003
0.021093046
0.079443604
0.02461076
0.023382017
0.022403685
0.02802093
0.03268977
4.2495803e-13
0.035592828
0.025415268
0.02166597
0.032381747
0.026938599
0.01874209
0.023749676
0.028477257
6.455733e-14
0.026683975
0.03665126
0.013447731
0.04122079
0.031290498
0.018959688
0.02024263
0.020639438
0.020127306
0.04099819
0.026777258
0.02099655
0.027136065
0.02272278
0.01794168
0.021119073
0.011623455
0.02376026
0.02618542
0.013634087
0.02360453
0.01864672
0.023752104
0.032644525
0.034964483
5.6216675e-14
0.011345854
0.025611231
6.2344864e-14
0.02118945
0.02754114
0.028384453
0.019641776
0.013757632
0.016675748
0.020070784
0.021396881
0.012103169
0.017974792
0.021671245
0.037219726
0.028711969
0.031997345
0.021153525
2.306336e-07
0.018718172
0.016684966
0.011121033
0.033442233
0.02209999
0.020668462
0.030715147
0.019850144
0.02054182
0.017028786
0.026531601
0.04008097
0.025740007
0.043912154
0.038823493
0.024746832
0.024447907
0.026030907
0.026725521
0.020455932
6.537654e-14
0.047703005
6.0504065e-14
0.021222783
0.020234471
0.019881723
0.015053917
0.018932154
0.023507223
0.023690658
0.023003293
0.021816473
0.025778601
0.017050462
0.02288695
0.02837945
0.03740448
0.021652255
0.020766042
1.3009958e-11
0.019672155
0.018187437
0.018325048
0.03248279
4.94854e-12
0.024870718
0.018567933
0.017053995
0.022441894
0.027715301
0.021041105
0.030393988
0.023960067
0.019300168
0.02670066
0.03240269
0.023612589
0.015435917
6.280902e-14
0.024813652
0.018148012
0.015374808
7.4733116e-11
0.01351092
0.016491931
0.030008342
0.042416126
0.021802332
0.08589257
0.0361951
0.016335715
0.030616801
0.022364594
0.05627293
0.015654363
0.019962456
0.039218053
0.018100034
0.03384929
0.03031242
5.186824e-14
0.057472672
4.2680434e-13
0.016505357
0.021624688
0.057578847
7.0384514e-14
0.022251984
0.039366025
0.02676756
0.048804224
0.022796309
0.051593237
0.016747622
0.042518552
4.130965e-08
0.014088189
0.02771618
0.025925906
0.02039863
0.035601575
1.09386174e-13
0.039166734
0.023584872
0.027480723
0.018758176
0.041905608
0.02745557
4.5378068e-12
0.021217186
2.6936282e-13
0.041481983
0.030734044
2.2953474e-08
0.02325602
0.022885552
0.02178668
0.03887009
0.016746458
0.029662678
0.021199582
0.018270947
0.023951909
0.030197917
0.017825445
0.01722078
0.023921495
0.01850166
0.016820282
0.031253893
0.023760883
0.02242262
0.031566698
0.016234469
0.025556674
0.030611103
0.032191824
0.01878117
0.013403457
6.201925e-14
0.02749272
0.027301216
0.020915646
0.027076809
0.021548185
0.020808686
8.067683e-14
0.017388571
0.01928076
0.015490716
0.01997828
0.014579907
0.025972497
0.038955938
0.030152414
0.033830646
0.022966819
0.024295112
0.05721298
0.034068387
0.016048256
0.038619973
0.0337115
0.01727236
0.017407
0.018551325
0.026598448
0.024020128
0.018696442
0.042874068
0.023982363
0.028328033
0.022023605
0.02450845
0.018529225
0.01929068
0.028429927
0.03258615
0.027284117
0.025663778
0.023405854
5.909365e-14
0.022448342
0.023222456
0.013483038
0.018982563
0.040777184
0.021583391
0.02119774
0.047908757
0.022569949
0.02197964
0.025213387
0.017996535
0.016820014
0.035118937
0.021553848
0.038199652
0.022357281
0.013159207
0.019284073
0.018105531
4.550944e-13
0.020706445
0.025474817
0.017486239
0.031443935
0.026046926
0.034625877
0.051429007
0.027818298
0.04011525
0.013872877
0.05227215
0.016115302
0.033192832
0.016238576
0.03455318
0.015099538
0.022769287
0.048388604
0.028747713
0.04984412
0.024638208
0.046586085
0.010392793
0.016444024
0.037578322
0.021989705
0.028093006
0.029070903
6.3530466e-14
0.034783952
0.048797123
0.015516894
0.032693833
0.019874187
0.018181432
0.015187083
0.02235375
0.027820302
0.025206141
0.02052769
0.014695849
0.040044915
0.054037467
5.6562627e-14
0.017031431
0.015835168
6.334395e-14
5.4837377e-14
0.029450541
0.026164997
0.028357156
0.04952402
0.05011681
0.02516239
0.02363065
0.018027257
0.025921237
0.013412755
0.02359963
0.028043311
0.027029986
0.03503158
0.021160675
0.024776198
0.031197939
0.02552195
0.021014353
0.026587032
0.021800194
6.261629e-14
0.035937984
0.019327182
0.022124914
0.022932049
0.026519
0.0246774
0.028117264
0.015337703
0.026326539
0.020169895
0.023164041
0.021212203
0.026058238
0.027992943
0.020432338
0.02785276
0.025531322
0.023202049
5.699353e-07
0.022186248
6.7001614e-14
0.016943196
0.018039653
0.057051156
0.024837328
2.8299013e-07
0.010936735
0.020540504
0.013858957
0.015100374
0.025217384
0.02397798
0.033381835
0.018169193
0.015671981
0.040965777
0.029944835
0.03358904
0.026602102
0.033421893
0.021580458
0.026983535
0.01834168
0.046150018
0.023820398
0.026423642
0.0271379
0.040320165
0.02408645
0.029962784
