0.21267761
0.16800743
0.19165279
0.16874978
1.2815212e-06
0.17380412
0.15626569
0.19961289
0.12933688
0.17395315
0.16137621
0.27725697
2.8416075e-06
0.14362669
0.33029392
0.26254427
0.24273159
0.21139495
0.14982353
0.16777425
0.1496833
0.23517354
0.23929104
0.23707867
0.16828278
0.26243258
0.24478522
6.328122e-06
0.28820935
0.26616496
0.20716989
0.18109387
0.28664657
0.21241792
2.8051215e-06
0.25544015
0.18997201
0.2866943
0.18037295
0.13054487
0.1553015
4.8049316e-09
0.18287136
0.17822969
0.35205317
0.21346809
0.21136688
0.22164412
0.2054441
0.16975623
0.1318411
0.19382147
0.14263985
0.16102965
0.12703162
0.28539446
0.14139521
0.18535954
0.11624983
0.123085074
0.16182934
0.31702983
0.1715297
0.1610981
1.6446705e-06
3.672246e-06
0.14848195
0.378945
0.1595652
0.24427657
1.0798605e-08
0.21539563
0.123992935
0.23738061
0.17974167
0.1834434
0.17177899
0.29892927
5.329207e-07
-4.957522e-10
0.24096964
0.2092261
0.155501
0.2058338
0.21545444
0.16449852
0.20237823
0.13857561
0.19517167
0.19202177
0.22791924
0.12872262
0.21685824
0.19455427
0.18247409
0.16634697
1.7604522e-06
0.17226782
0.14595181
0.20918208
0.19741106
0.00017882187
0.16811295
0.22122225
0.19435808
0.19072513
0.43635723
0.19700174
2.1998367e-06
0.27546385
0.21714076
0.21610919
0.26352158
0.24070267
0.19364473
1.3751334e-06
0.110837646
0.17939635
-1.6461886e-08
0.20999682
0.17198187
0.1648453
0.18263082
0.17162791
0.2853729
0.19419381
0.18566564
0.0026307134
0.15381463
0.2216715
0.12677138
0.10901613
1.5756565e-06
0.21405657
0.21937242
0.15394409
0.22061346
0.325976
0.10448309
0.19398089
0.16942436
0.15927319
0.23582435
0.27095515
0.31026286
0.16621289
0.23826073
0.24917233
0.27415127
0.22252263
0.0009167139
0.100215964
0.22706209
0.20156366
0.16029198
0.14321908
0.26155463
0.25303078
0.17048852
0.10852697
0.19569372
0.22710356
0.16439451
0.2177682
0.24343157
0.1460244
0.15848434
0.24177358
4.1307147e-05
0.17394654
0.15169233
0.12521024
0.22441393
0.1788145
0.17789164
0.2104169
0.18243486
0.2337958
0.17708257
0.25015756
0.15476334
0.109710224
0.17823467
0.20808917
0.17798495
0.12301417
0.17320445
0.20189635
0.19307454
0.26975912
0.14016218
0.17798091
0.22844306
0.23296137
0.15074994
0.25678873
0.17097831
0.104133934
0.3518105
0.22699036
0.19445789
0.2052982
2.6266305e-06
0.098754965
0.20919923
0.2655582
0.2586765
0.12743787
0.19118157
0.17707601
0.28525516
0.22004469
0.15576907
0.17494847
0.21922094
0.197199
0.15602787
0.20626019
0.20814677
0.13951845
0.2781431
0.15315448
0.12210802
0.11126065
0.1664478
0.21983865
0.229622
0.13503806
0.25121877
0.21836035
0.15320843
0.14108586
0.20009404
3.7185437e-09
0.18077256
0.16644304
0.23583157
0.11998791
0.16873176
0.25474167
0.32831472
0.15537487
0.14199728
0.22603907
0.19399408
0.13172539
0.12905501
0.1967552
0.15674597
0.20078066
0.1116121
0.17229304
0.16418211
0.19249547
0.15952182
0.17915691
0.10371918
0.13929802
0.13399264
0.1660897
0.21360748
0.24340439
0.14424352
0.23529302
0.1880228
0.15525445
0.1259105
0.1862562
0.22572953
0.19645493
0.23454587
0.30699185
0.18683752
0.165865
0.22183353
0.21017621
0.17545754
0.09628489
0.11003544
0.18429428
0.24652578
0.135661
0.2035463
0.1556886
0.21032505
0.1729885
0.16958861
3.2045934e-06
0.20792364
2.0737123e-06
0.20591445
0.15007152
0.16533099
0.19880058
0.28644568
0.26314127
0.23040117
0.00040797732
0.20848067
0.22142734
0.17140228
0.15426609
0.10218326
0.20721859
0.15788497
0.010971641
0.14113037
0.19057803
0.16280635
0.17206025
0.10491488
0.16188006
0.2260523
0.20501158
0.17167868
0.20540507
0.2918501
0.18697016
0.103207685
0.14955819
0.16694528
0.2751032
0.2679361
0.22351566
0.21930894
0.22428623
0.14483996
4.6181567e-06
0.201265
0.21419461
0.26857206
0.30601612
0.1589175
0.109149046
0.17075719
0.18533657
0.23458712
4.7378893e-07
0.12079758
0.23733696
0.192079
0.2137802
0.15783897
0.02361771
0.29264092
0.21762383
0.15182202
0.2454538
0.20234549
0.12055907
0.1486791
0.13803
0.16555266
0.22678411
0.20299636
0.00034591698
0.1934954
0.13384646
0.11199955
0.16186908
0.17115305
0.18721564
0.26123217
0.23389417
0.2978795
0.16120316
0.10540686
0.26000756
0.22076227
0.122084506
0.11068561
0.26852682
0.20273343
0.21026097
0.20239499
0.14427987
3.715415e-06
0.15901022
0.19826394
0.20855272
0.20046976
0.1864386
0.19476141
0.122198306
0.27692682
0.17001984
0.12218399
0.23864967
0.16566335
0.20016426
0.20920178
0.2556118
0.14398266
0.22601116
0.23252417
0.22839043
0.14764185
0.094655424
0.16261701
6.25468e-09
0.24129513
0.17396332
0.17350334
0.1663256
0.21200098
0.16366008
0.27545595
0.18723902
0.22715129
0.1942458
0.2675854
4.2385564e-06
0.20155604
0.2359079
0.14752235
0.1356058
0.1355605
0.21241435
0.20285554
0.18014714
0.15687315
0.23306951
0.17533943
0.1984849
0.19487527
1.3397038e-06
0.23733549
0.18194555
0.27414775
0.18773851
0.18103947
0.10306836
0.18748608
0.17699578
0.23909886
0.1097455
0.11486829
0.26110604
0.23087433
0.11669361
0.15664645
0.12943347
0.18083791
0.2180079
0.28346375
0.19879778
0.10555904
0.24113831
0.19851448
0.2304871
0.2104329
0.20774901
0.17441101
0.1514478
0.105074845
0.15619111
0.19055295
0.22190888
0.23287804
0.18464431
0.23127377
0.17326307
0.18598214
0.19772537
0.21445534
0.11046708
0.15609816
0.22091006
0.1706824
0.22594935
0.15847297
0.17069195
0.119827494
0.20239288
0.23781888
0.10389982
0.23670499
0.15698126
0.20029905
0.21040344
0.23215038
0.11044369
0.26268506
0.13414668
0.20868573
0.12869775
0.2326949
0.12968542
0.29680744
0.13124031
4.295796e-06
0.19220264
0.15481555
0.1390196
0.14591277
0.16840242
0.14782317
-0.15861915
0.10600927
0.24523768
0.13004138
0.1746095
0.21279767
0.12463285
0.16728991
0.19751886
0.14189395
0.19059248
0.13688336
0.34351915
0.110535756
0.15325816
