0.024266517
0.09090926
0.04167858
0.033510037
0.05485473
0.03035857
0.019765703
0.045824148
0.038106848
0.035864495
0.018233122
0.021228561
0.01767298
0.033640124
0.01822498
1.5004923e-13
0.029576097
0.037322726
0.02699718
0.026855513
0.030746348
0.02347715
1.5212215e-07
0.07902354
0.074631125
0.026299927
0.021218302
0.050135463
0.03957535
0.022303969
0.020746993
0.01888039
0.030576257
0.04809377
0.09883839
0.029445345
0.03112485
5.899784e-14
0.024797492
0.052317053
0.02579676
0.041385178
1.1637055e-11
0.028345488
0.08193322
0.04652592
0.02566995
0.02500573
6.290627e-14
8.27222e-14
0.062461738
0.084749155
0.027652243
0.025273077
0.044027068
0.033312254
0.022559779
0.02847741
0.03863464
0.024055222
0.027531715
1.0084341e-10
0.019422177
0.021674778
0.02826542
0.028971449
0.028356997
0.019836528
0.017505396
0.031411115
0.035838205
5.3100045e-14
0.035049405
0.034034472
0.04337843
0.09156323
0.052079167
0.021438641
0.080181696
0.041837025
0.043738786
0.026550872
0.062357694
0.021114932
0.05040585
0.063794784
0.023426928
7.188084e-14
0.027651966
0.028639488
0.026291251
0.026507912
0.052000076
0.024426688
0.0327343
6.1563256e-14
0.031042505
0.026678175
0.029656049
0.024999369
0.08973042
0.025170458
0.025677972
1.1349736e-13
0.021699574
0.03566552
0.051973596
0.046399005
0.017308723
0.030134799
0.037052013
0.037984982
0.068531044
0.031412497
0.033641487
0.02036477
0.02498788
0.041833043
0.06717956
0.03792659
0.023452738
0.030685062
0.031955466
0.027630117
0.022945723
0.034830023
0.055285506
0.026273364
0.021712432
0.028349955
0.053120926
0.028583117
0.020617384
0.07177403
0.02127978
0.024815002
0.025575442
0.024489481
0.052072294
0.029142288
0.040093545
0.021465132
7.753754e-14
0.036373194
0.02784261
0.020095488
0.03145625
0.033288006
0.06648947
0.031399183
0.023055859
0.03970839
0.023412295
0.037189465
0.03314899
0.024046317
0.027208516
0.03266287
0.022722319
2.4215878e-11
0.055482935
0.042274527
0.018502291
0.03039687
0.029399898
0.028356774
0.033149075
0.046821482
0.028914364
1.07696004e-13
0.023815807
0.02204179
0.026852965
0.041353058
0.019473556
0.027859818
0.034464307
0.04299768
0.018218469
0.026703516
0.023156248
6.8060846e-14
0.03764399
0.026408121
1.9247964e-13
0.024640994
0.037997536
0.027308041
0.03439888
0.050611977
0.050025266
0.032348033
0.023820698
0.03163924
0.034019627
0.027808145
0.027070671
0.071208395
0.021807922
0.025987564
0.033179954
0.018669486
0.042260308
0.027291855
9.340545e-14
0.044638254
0.034891814
0.023538353
0.06262458
0.052934956
0.03336319
0.01952412
0.035998825
0.038574744
0.039818585
0.03774656
0.056498125
0.021365639
0.055312593
0.022446658
0.023435185
0.027085748
0.020251077
0.03690138
0.030814549
0.04227605
0.03438855
0.030261839
0.022008346
0.020264238
0.03076763
0.038774878
0.03381988
0.027919475
0.026967535
0.083989054
0.036212992
0.019915128
0.023408247
0.032249913
0.027716279
0.03679513
0.06336242
0.02661358
0.025055759
0.032504074
0.029100738
0.023077259
0.026472637
5.2238626e-14
0.022125635
0.06566402
0.05984527
0.02468838
0.05784419
0.03731436
0.03038437
0.041467894
0.032098632
0.071393
0.023939049
0.029807633
0.04028302
0.01785104
0.03609965
0.050998084
0.048946526
0.029529493
0.11900753
0.033162266
0.022142746
0.0254812
0.05922755
0.02358736
0.018773342
0.024250465
0.04611073
0.015641272
0.020204201
0.04514935
0.053102538
0.04052322
0.026733246
0.02460484
0.043026935
4.574787e-14
0.104716465
0.027951516
0.027869478
0.026547274
0.018976359
0.02690108
0.029698154
0.032045186
0.03934481
0.044926204
0.03606869
0.024875114
0.041810576
0.030425148
0.1375274
0.03611151
0.040177114
0.06255152
0.027055573
0.025088742
6.5436385e-14
0.030063437
0.022070374
0.040256176
0.027043642
0.041427307
0.03750204
1.4999349e-13
0.023337616
0.023921316
0.028327895
0.017314188
0.052465364
0.045208972
0.032792237
0.020880144
8.063528e-14
0.046344645
0.039855905
0.03005773
0.03414338
0.018449131
0.038477093
0.021343961
0.023291577
0.03415569
0.027396936
0.040622965
0.042819917
0.016761478
1.2300417e-13
0.024173593
0.030074416
0.05975364
0.051726338
0.033491828
0.02465014
0.05276159
0.02839061
0.026609376
0.032105815
0.024551092
0.04305273
0.043516073
0.03129104
0.054276366
0.03686677
0.037264057
0.01850179
0.02776534
0.030390348
0.021840846
1.5395506e-11
5.636475e-14
0.027226863
0.033012003
0.025952086
0.06730078
0.04999612
0.016024917
0.01991841
0.023467671
0.046268713
0.055554383
0.02827701
0.020732608
0.026653318
0.02981672
0.028403023
0.038600016
0.021759469
0.033030275
0.022246888
0.018964786
0.018199207
1.461908e-12
0.033728436
0.053580493
0.021604612
0.037943657
0.025181195
0.0378148
0.041723914
0.045493983
0.031369317
0.038083196
0.028759873
0.03041952
0.030427469
0.03728722
0.021481745
0.025903085
0.034148473
0.02588312
0.03639949
0.034376305
0.03767652
0.02654908
0.024632802
0.028844854
0.022294154
1.6064888e-12
0.048962858
0.03487048
0.022543104
0.023001488
0.020452872
0.04913332
0.048568778
0.022434628
6.353551e-14
0.034194734
0.04654081
0.054268487
0.03528124
0.034645505
0.061827946
0.049159896
0.022885352
2.6908922e-13
0.027924536
0.034957837
0.052246504
0.026497098
0.030029463
0.027226038
0.031978566
0.03384998
0.021736108
0.03163585
0.018872648
0.019417072
0.024667772
0.021286316
0.031761836
0.058866434
0.039355386
0.03160107
0.027327651
9.88002e-12
0.03185709
1.3835233e-13
0.03156891
0.029280178
6.629363e-14
0.02499991
0.032136608
0.028810382
0.018434491
8.613174e-14
0.021289008
0.041920394
0.029207332
0.02677539
0.03131851
0.035161577
0.020545796
0.021712396
0.03006854
0.028145887
0.03673964
0.03400206
0.044099215
0.02636874
0.04321733
0.027659565
0.031209372
0.049932696
0.03989095
0.047491062
0.047609203
1.0106204e-13
0.031046981
0.03034145
0.025651148
0.022002393
0.027158342
0.037924588
0.11304262
0.027176796
0.030196749
0.031146286
0.025780559
0.04608605
0.02012971
0.027417142
0.05969873
0.05012291
0.03197946
0.03359852
0.017777503
0.034518674
0.023053668
0.028779676
0.020451875
0.026304279
0.062337518
0.02695284
0.03359159
1.380742e-13
0.030602554
0.046131257
0.026319046
0.028196633
0.02699819
0.02066853
