0.07987022
0.0017280325
-0.021677162
0.52272624
0.09433007
0.124399416
-0.19436371
-3.0463664e-08
0.0009096735
0.10106416
-1.9770743e-08
0.15735646
0.20462386
0.46901003
0.51726335
0.020438118
0.12082095
0.18032634
0.1248424
0.25047362
0.13726255
0.25220597
0.037623767
0.19801424
0.20193416
0.46992376
0.1655813
0.1967452
0.14709821
-0.049221165
0.3766055
0.4666481
0.2192728
0.539302
0.24539539
0.11542871
0.11471552
0.08218462
-0.06761249
0.18270704
0.17537645
0.06353156
0.16528106
0.15139654
0.24051905
0.12483414
-0.18036316
0.27946848
0.25409746
0.17975262
0.1700151
0.09827548
0.14582789
0.50776607
0.27774662
2.1750884e-07
-0.11726684
0.24867609
0.19376259
0.12424858
0.10487576
0.031958148
-3.5265815e-09
0.040451586
0.22959004
0.25695905
0.27875733
-0.026373409
-0.15514013
0.10767522
0.19075048
0.10701594
0.1664014
0.15096943
0.1865644
0.16554941
0.12404797
0.12121376
0.23756306
0.15944028
0.23759317
0.45389822
0.03520263
-4.3210726e-08
0.14819121
0.11168476
-0.1158511
0.08583461
-1.500906e-07
-4.0769216e-08
-0.12491565
0.014510531
0.05401175
0.503797
0.12702967
0.13232967
0.16717784
-0.122830704
0.07620656
0.14367612
0.23781241
0.06167478
0.0881858
0.46802902
0.1176019
0.0884288
0.09458332
0.1817882
-0.08784134
0.09276038
0.13511015
0.24129446
0.08092951
0.10305356
0.14883073
0.20573643
0.13465992
0.45800942
0.07688166
0.5410603
0.05500424
0.15615962
0.051107112
0.34531862
0.38073075
0.11637495
0.14048366
0.01850199
0.08603978
0.32790068
0.22056347
0.14425498
0.41486314
0.1748856
0.10850392
0.064798266
0.19562718
2.0221829e-07
5.027994e-07
0.17380106
0.40224043
0.20570238
0.13652009
-0.040952817
0.14983432
0.22002095
0.006090553
-0.042634524
0.14416969
0.21161982
-0.04680727
0.10574727
0.047664586
0.11244822
0.0072153737
-0.1490929
0.034964997
-6.573896e-08
-0.12660962
0.10905533
-0.010420969
0.14349091
0.13611527
0.10741491
0.1434806
0.039221097
0.1436698
0.30567116
0.20460609
0.13685444
5.5049377e-06
0.42610404
0.21878988
-1.8376026e-08
0.21580221
0.15760525
2.0183718e-08
0.4418922
0.1679493
0.18366596
0.1501821
0.13249537
0.25863525
0.2524485
0.14602534
0.031255092
0.11555879
0.13290744
0.12770867
0.5458557
-0.00039495312
0.14249438
0.13502805
0.1691849
0.32310548
-4.3306912e-08
0.1757032
0.18491213
0.122028954
0.041557234
0.13452925
0.15806103
0.103041135
0.15921158
-0.042618725
1.0269917e-05
0.12899704
0.3282288
0.17107116
0.04573695
0.13288088
0.38685563
0.14152747
0.41360715
0.13561888
0.15915745
-0.089106016
4.118712e-07
-0.0134119345
0.13070942
0.3972453
0.21052755
-0.13063149
0.32380587
0.21187937
-0.087093815
0.12217404
0.14691024
0.4066672
-9.704081e-09
0.1209422
0.055802498
0.31086496
0.52712417
0.029304707
0.26338008
-2.0758252e-08
0.5108322
0.1174117
0.31692365
0.47994295
0.1206102
0.14862435
0.5503675
0.2720027
-0.039821327
0.10502189
-0.13216004
-0.066428125
0.11487647
0.12763205
0.18299574
0.09078345
0.24875346
0.24337824
0.0003563614
