0.011635037
0.05591222
0.0845996
-0.04377472
0.13812709
0.11527152
-0.032917917
-0.0029691756
-0.06413139
-0.03500054
-0.024836576
-0.045460995
-0.056815162
-0.061894853
-0.05280651
-0.06672182
-0.03684289
-0.06316428
0.050115086
0.08665085
0.052799277
0.12586538
0.019398533
0.12958546
0.013117887
0.0243925
0.020129161
0.009377971
0.15417324
0.028783133
0.018970564
0.089424625
0.015639944
-0.12390661
-0.25400898
-0.13758269
1.4857379e-08
-4.7432835e-08
-2.7817606e-08
2.7621132e-07
1.253106e-07
9.48161e-08
4.0791716e-07
4.9642324e-07
5.490296e-07
-0.042658307
0.009917741
0.15045255
-0.026462141
0.091887526
0.121011026
-0.0022077572
-0.04038464
-0.07315193
-0.024044555
-0.03985924
-0.02329485
-0.014197166
-0.09822103
0.18978485
-0.03435974
-0.029617114
0.17672485
0.041251834
0.20443927
0.04121146
-0.061093334
-0.12738928
-0.056114975
-0.0708837
-0.10125379
-0.07788482
0.06488381
0.013678658
0.048989646
0.043037895
0.046541903
0.055782992
0.040220685
0.14148186
0.02950791
0.011477711
0.0077022132
0.015211148
0.023313506
0.23762234
0.021940146
0.025045771
0.009730157
0.03320917
-0.03736524
-0.08679866
0.14830004
-0.0019143637
-0.09627884
0.21475811
-0.03803612
-0.06524909
0.17693955
-0.12449927
-0.043591164
-0.10183532
-0.021816324
0.07187703
-0.029667472
-0.080184825
-0.04552345
-0.08583314
-5.0233474e-08
-5.251597e-07
-3.136653e-07
-4.502994e-07
-5.3839887e-07
-2.739018e-07
1.0403257e-06
2.465612e-06
1.8681025e-06
0.012979565
-0.022297718
0.014160169
0.04764546
-0.107263885
0.0626053
0.08900834
0.15094434
0.074059576
0.0008592639
0.03175976
0.013422755
0.053757835
0.19694972
0.061496347
0.053195197
0.08291446
0.051013093
0.009654166
0.05998155
0.027244885
0.0051199677
0.2408366
0.013832118
0.00030887153
0.034308862
0.0097033065
-0.06492408
-0.03575843
-0.05342753
-0.041605737
-0.1511727
-0.058412552
-0.043235715
-0.056522496
-0.042999864
0.0058562933
-0.012438531
0.001852528
-0.02082788
0.35678098
-0.0071054045
0.0005986359
-0.019137325
0.0039315
-0.044087455
-0.030454515
-0.05733199
-0.04258289
-0.084443055
-0.052130144
-0.0665634
-0.05400793
-0.04794666
0.028251905
0.07035285
0.026664624
0.0068857004
0.22403343
0.013365331
0.00963237
-0.065695
0.006647909
0.10180815
0.22159487
0.11431984
-0.019992318
-0.11389813
-0.015865957
-0.022776648
-0.09585743
-0.035142045
0.039116
0.039394874
0.02919855
0.066944666
0.13488027
0.07466402
0.022954177
0.057920337
0.013933334
0.020615557
0.04836384
0.090737246
0.0494284
0.102314085
0.034914758
0.098734595
0.04462406
0.0032023084
-0.02316225
-0.07908472
-0.013028825
-0.047632888
0.45618367
-0.059222452
-0.022287058
-0.05280701
-0.027161567
-0.061439995
-0.040081143
-0.07069515
-0.013043436
-0.10914182
-0.028929992
-0.06746615
-0.07275857
-0.05010466
0.017488418
0.030109165
0.017022142
-0.05589591
0.25891364
-0.064165264
0.05144062
0.097623
0.029578382
0.016073534
0.030769425
0.018681599
0.0015804386
0.295699
0.020579273
0.00506252
-0.00090610416
0.01632872
2.1507844e-07
-1.3949328e-06
5.1181723e-07
1.7797413e-06
4.6193613e-06
1.952153e-06
3.9237307e-06
8.0314993e-07
3.6863896e-06
-0.00068172655
-0.055681393
0.0018572877
0.000996718
0.41837832
0.0056450986
-0.028859522
-0.046187997
-0.0157965
0.041985087
0.12696803
0.04387337
0.025218405
0.16255832
0.01221229
-0.14325453
-0.24195473
-0.1273912
-0.0053942003
0.027021548
-0.01116968
-0.00190554
0.2962489
0.029160718
-0.0074418364
0.023883352
-0.00990425
-0.019538783
0.0049433797
-0.006807797
0.006540707
0.30552095
0.0019319805
0.007171817
-0.026073353
0.0125654675
0.1094599
0.041274093
0.020812629
0.049307268
0.092281565
0.05661127
0.031494964
0.03209003
0.11312409
-0.031297203
-0.02948386
-0.043945372
-0.025429802
0.46314493
-0.012261024
-0.014874264
-0.0038844098
-0.011820265
4.0559232e-08
-3.087544e-08
-1.7749297e-08
-3.0254352e-09
-2.9734057e-08
-4.583831e-08
2.6133987e-08
1.4974837e-08
-3.0561516e-08
-0.057585176
-0.037408713
-0.042278416
-0.06816116
-0.04498901
-0.053747952
-0.046176985
-0.044179253
-0.05332797
0.0034466076
0.022517031
0.0073216786
0.033885296
0.24037081
0.035147388
0.00022824902
0.04298057
0.00032319367
-0.03580129
-0.051144868
-0.036343515
-0.05581391
-0.06388515
-0.066352844
-0.07349829
-0.055724725
-0.06317102
-0.005578143
0.013380734
-0.007092155
0.01430939
0.24347924
0.023971986
-0.012034134
0.018521601
-0.006665679
-0.20580009
-0.087126866
-0.24430004
-0.021591138
0.06032376
-0.011257804
0.06507224
0.13957486
0.06987557
-0.014096055
-0.079645425
-0.004844394
0.0020819895
-0.09997259
-0.010879401
0.038772356
0.3240491
0.055615485
-4.14424e-08
-4.409409e-08
1.0804478e-08
-1.17027605e-08
3.751699e-08
-2.8190572e-08
3.214175e-08
-2.0549413e-08
1.1075478e-08
0.01001072
0.03227436
0.014389233
-0.0026342073
0.31320158
-0.002572936
0.01825574
-0.025175767
0.033335492
0.0059627243
-0.025352662
0.019913113
0.015715783
0.2187232
0.0034496118
0.034162566
0.022814728
0.047146503
0.053569335
0.23446952
0.17729652
-0.031807017
-0.076220594
-0.10348581
-0.056422196
-0.13293636
-0.063542
0.04398831
0.08653762
0.053734634
-0.07231299
0.13810803
-0.053362742
0.06384116
0.081653096
0.07550878
0.054657944
0.08077651
0.0065552182
0.13532495
0.1374686
-0.043936852
-0.0020972416
-0.030509716
-0.051164217
-0.10968601
-0.102311395
-0.09672848
-0.08640874
-0.021318441
-0.06426707
-0.051085588
0.047083806
-0.043515127
0.0027021738
0.043089658
-0.00441617
0.03523046
0.19546418
0.06524098
-0.00603511
0.019717015
-0.014668084
0.0674625
-0.055082485
0.051996313
0.08728766
0.13352609
0.11762902
0.011725052
-0.00065204763
0.016806677
-0.025954086
-0.04426767
0.094233766
-0.08621585
-0.04624538
0.21478148
-0.06980002
-0.05328154
0.19466187
-0.016472615
-0.018564817
-0.022899693
-0.018632365
0.35322186
0.0007377154
-0.0065865153
0.020044185
-0.0038437783
-0.064063914
-0.08296029
-0.04734304
-0.027405523
-0.19776835
-0.039569214
0.09098867
0.13713793
0.08557532
0.049942292
-0.04579126
0.046146322
0.06268839
-0.052907433
0.08081905
0.07039568
0.13901709
0.078186534
0.018290443
-0.04157889
0.02273744
0.008933768
-0.05177044
0.01025618
0.10401491
0.15875663
0.09272386
0.005320053
0.14979559
0.002804634
0.07207739
0.15205349
0.08821533
0.02547628
-0.05199
-0.0045336084
-0.02369292
0.035405096
-0.01921459
0.031548977
0.22623242
0.046777178
0.007287119
0.04859432
0.02413265
0.41117427
-0.0077315043
0.01893124
-0.06052444
-0.08311145
-0.04289353
0.041522462
-0.032191638
-0.03427646
-0.050814062
-0.00441374
-0.045503147
-0.031607646
-0.07057699
-0.048548505
-0.07814249
-0.072937526
-0.09186177
-0.037682828
-0.06490799
-0.04972972
-0.074175484
-0.063197434
-0.06400717
-0.045124307
-0.06680664
-0.04981991
0.046257284
0.033787508
0.04004537
0.03788694
0.17566882
0.053137407
0.025271391
0.07105256
0.040160824
-0.012476135
-0.039991554
-0.008696976
-0.05231224
-0.24368668
-0.04968951
-0.011748321
-0.061891627
-0.015394022
0.04195244
-0.0398826
0.035476025
0.14165068
0.022788092
0.1599531
0.016312888
-0.016361421
0.025299737
-0.018915126
0.01194196
0.04421001
-0.1151033
0.042538315
0.15216507
-0.052374013
0.091402434
0.09169424
-3.8858707e-07
-4.6170587e-07
-6.448543e-07
-2.5718253e-07
-3.539059e-07
-5.4916705e-07
-2.6142146e-07
-3.338767e-07
-5.7871347e-07
6.1883077e-07
2.9817897e-06
6.302347e-07
4.7065643e-07
6.947135e-07
-3.386181e-08
-5.8454253e-07
-1.2313221e-06
-1.1747845e-07
0.11657205
-0.03339047
-0.14546894
0.21357834
0.00015827287
-0.13907519
0.041995615
-0.0079748
-0.0629101
0.00042189524
-0.13202788
0.007075768
-0.1141537
-0.073364146
-0.1157366
-0.0140231745
-0.10811378
-0.032001562
0.21131302
-0.02857571
-0.018725896
0.16993238
-0.13635655
-0.033062577
0.16858543
-0.042874567
-0.023424197
-0.04705256
-0.04023897
-0.053025372
-0.09321654
0.50773686
-0.04602573
-0.05484447
-0.07529632
-0.060170524
6.7024956e-08
2.5057343e-08
7.2763974e-08
-5.678816e-08
-3.884496e-08
-2.5946772e-08
-4.083655e-08
-1.7515934e-08
-1.7326538e-08
0.0034586862
-0.1890267
0.0035773476
-0.08782129
-0.10365129
-0.0759576
0.012852662
0.004001456
0.017961744
-0.08342647
-0.028237138
-0.10280615
-0.03812037
0.13867037
-0.017076395
-0.09951273
-0.026374323
-0.10577538
-2.5829804e-05
0.119416885
0.12676668
-0.09832738
-0.09131761
0.07469407
0.029912487
0.14667542
0.08160784
-0.06689179
-0.07168508
-0.06483842
-0.051201925
-0.09332176
-0.03190744
-0.06260863
-0.027301602
-0.048612308
-0.028762413
-0.059858672
-0.030476164
-0.00066029234
-0.18695146
0.014582937
0.074409954
0.244882
0.09317107
0.001962707
0.04192307
0.007664009
0.005687338
0.22475412
0.020431843
0.0058296546
-0.002896559
-0.0023749375
0.022174781
0.05777467
0.11417568
0.03487224
0.098981515
0.051197182
0.10078624
0.04675004
0.0139647275
3.3623504e-08
2.7292133e-08
1.2236635e-08
3.403646e-09
-1.8468832e-08
-3.8513054e-08
2.3633552e-08
-5.278609e-09
3.7436315e-08
1.5270585e-08
-2.1539082e-08
3.072161e-08
1.6493974e-08
4.4099714e-08
-5.8809877e-09
2.5793977e-08
-2.859412e-08
1.1093651e-08
0.107116185
0.1137773
0.15882401
-0.057863995
-0.039484605
0.07567797
-0.097466886
-0.16426797
-0.10311031
0.0415402
0.14060383
0.05561455
0.04840044
0.14628999
0.06295088
-0.06806752
-0.031400695
-0.07694776
0.08073707
0.10728651
0.08465269
0.015083755
0.15575524
0.038536705
-0.026321778
-0.06780854
-0.028390417
-0.013608292
0.02596447
-0.010430745
-0.034780152
0.30625308
-0.017425634
-0.003022729
-0.059375722
0.000113545546
0.07835563
0.11541025
0.02815345
-0.12913509
0.11149586
0.005045829
0.112788424
0.1115872
0.01695004
0.04126225
0.03471967
0.055354893
0.02179315
0.10082188
0.028466271
0.072780736
0.07567477
0.073203094
0.012444632
-0.029678766
0.017494746
-0.0329349
0.3722116
-0.02304174
-0.009437941
0.0025123518
-0.008088186
-0.024144413
-0.0327546
-0.031140536
-0.05656874
-0.10309853
-0.068116404
-0.04842343
-0.05910655
-0.063366994
0.024384506
0.017094824
0.035983127
0.011962443
0.22760314
0.0151937315
0.036935195
-0.006078112
0.04144911
0.007113792
0.046237327
0.006631126
0.0042307912
0.26497665
0.00789168
-0.021794198
-0.009370916
-0.02263884
-0.00013324137
0.049397696
0.0013670063
0.0089473985
0.18403754
0.049577415
-0.0040362137
0.113204256
0.012184229
0.17529723
-0.01896124
-0.022851352
0.12996763
-0.07459893
-0.10222302
0.16123211
0.003409886
-0.019411819
-0.04722738
0.028450329
-0.03511394
0.008258932
0.24742205
0.035679147
-0.030986395
0.052275047
-0.03472442
0.032578185
0.02333974
0.03095697
0.010501897
0.21521191
0.01695804
0.044745494
0.015528835
0.02253005
-0.040036295
-0.058710992
-0.023308296
-0.033118013
-0.026297746
0.070087194
-0.02179425
0.027575
0.20600271
-0.053648558
-0.07565924
0.031301938
0.059322122
-0.021450698
-0.056448266
0.30041885
0.06862256
-0.13567816
-5.8911564e-08
-1.5948075e-08
-1.0169575e-08
-6.1648315e-08
-1.5987204e-08
-8.395197e-09
2.3741855e-08
-1.0911103e-08
6.833747e-08
-0.007236248
-0.06950688
0.0013054815
-0.048319925
0.15063658
-0.03815392
-0.030200606
0.2565289
-0.014017669
0.08051552
0.23235454
0.107132554
-0.06579078
0.0023531513
-0.08951005
-0.03970967
-0.13845603
-0.034203533
-0.027773894
-0.055386532
-0.032718446
-0.06673991
-0.13032807
-0.05180838
-0.058726504
-0.069870844
-0.07165314
-0.00011599123
-0.0038289302
0.0018237572
0.02100519
0.23540106
0.020623907
0.008207718
0.048480053
0.015534036
5.7723697e-05
0.0001870923
2.3521157e-05
-3.0329297e-06
0.00013305536
8.765368e-05
9.427126e-05
-0.00013568651
1.5032375e-05
-0.08098413
-0.028740596
-0.058761917
-0.03106233
0.048531156
-0.03262456
-0.042043675
-0.051550057
-0.06413706
-0.0654882
-0.040937908
-0.060311377
-0.04002644
-0.09160369
-0.031402458
-0.055066176
-0.04291986
-0.06365705
-0.022544948
-0.038614616
-0.03158728
-0.081332184
-0.07912504
-0.09092755
-0.030924164
-0.056457967
-0.031703413
0.011750678
-0.095219
0.0018600547
0.06772741
-0.007816753
0.058461413
0.08242332
0.16952378
0.093516156
-0.03318912
-0.017445453
-0.006184344
-0.009940289
0.28571996
-0.009841003
-0.011623378
-0.010356858
-0.02146675
0.020276943
0.12846893
0.0040786387
-0.020041732
0.18316506
-0.0049870587
0.04851937
0.04774988
0.045804366
1.1303838e-06
1.0063641e-06
1.0054393e-06
7.7180977e-07
1.7367834e-07
4.992106e-07
-1.8420835e-07
-3.383709e-08
-4.5768054e-08
0.03731848
-0.008521117
0.057578914
0.13243379
0.13657759
0.12020561
0.041271314
-0.023952516
0.04069934
0.029454175
0.040202666
-0.03636908
0.10517452
0.02755725
-0.05945129
0.05891895
0.14904884
0.014699262
-0.020055976
-0.07929838
-0.033968113
-0.063812405
0.4556488
-0.04512247
-0.018309643
-0.017858196
-0.016439114
-0.034427926
-0.12228906
-0.043930266
-0.121077575
0.44744104
-0.119365364
-0.044653047
-0.12233318
-0.031444293
0.04304003
-0.07457095
0.051629342
0.17252363
-0.3566692
0.21718223
0.051066864
-0.17587747
0.060612112
0.00018376939
-0.014991536
-0.0061634136
0.003955135
0.31703684
0.030321259
0.014906814
0.0080259405
0.019056302
3.5861166e-07
5.8326117e-07
1.6267553e-07
3.6119783e-07
2.557253e-07
1.5561325e-07
2.75098e-07
2.4933792e-07
1.7352414e-07
-0.056579694
-0.049667317
-0.058510154
-0.02969028
-0.1217084
-0.027381284
-0.058788415
-0.005531011
-0.049819395
-0.010072302
0.025361475
-0.0096268635
0.0016448898
0.2915752
0.014563094
-0.007404803
0.009578729
-0.0019861988
-2.7246884e-08
-2.4308077e-08
3.7349913e-08
-2.0422451e-08
-4.8181157e-09
-9.049407e-10
-8.592095e-09
2.6187967e-09
-2.659773e-08
-0.02947765
0.00010110682
-0.02720298
-0.024117362
0.4619208
-0.023513481
-0.043241177
-0.04622375
-0.045563355
0.050269447
-0.057817277
0.055027906
0.032397132
0.059934113
0.03609172
0.10698116
0.01845489
0.11087054
-0.00049494184
0.011691686
0.0046275193
0.024756974
0.21387032
0.03876807
-0.03076464
0.030654732
-0.024880065
0.04859281
0.002312268
0.05823093
0.029272344
0.09682844
0.033065423
0.06415601
0.06815655
0.09154576
0.0059191263
0.08760882
0.024725623
-0.036223523
0.13365942
-0.02918786
0.07584423
0.0714813
0.07941598
-0.023213005
0.039406464
-0.012891603
0.13656087
0.039063122
0.13204357
0.025279053
-0.0067580896
0.006127477
-0.00222639
0.0078108213
-0.002469573
0.027658027
0.27448928
0.028920641
0.01246839
0.01195425
0.023217214
0.0015446016
0.02966759
0.0019446159
-0.0014917442
0.26421615
0.00789331
-0.0051104305
0.0014779991
0.00019160988
0.00091573125
-0.0004090485
0.0006157362
0.0001875132
0.0027241635
-5.2663552e-05
-0.0003632595
0.0002598176
0.0001116217
0.13788117
0.15831617
0.14189133
0.013794994
-0.11344536
0.037071183
-0.026552556
-0.17246622
-0.0075375005
0.0105257295
0.15291594
-0.00089288625
0.01979214
0.06969612
0.017940443
0.018065112
0.1437548
0.022093354
-0.00068496616
0.016133696
-0.0034339165
0.084670864
0.10413782
0.093588494
0.068464786
-0.057311367
0.08585267
-0.046576697
-0.051746927
-0.04994781
-0.078941435
-0.029589772
-0.070939064
-0.047334716
-0.08125811
-0.06132135
-3.4386545e-07
-2.5821714e-07
-2.417843e-07
2.709962e-07
9.673048e-07
1.1890216e-07
3.6698452e-07
4.6280766e-07
2.6194851e-07
0.0973364
0.033269204
0.097682945
-0.0022244162
0.091909505
0.009591014
0.051219035
0.038356014
0.06189204
0.024916306
0.03034462
0.010183415
0.0020490938
0.2506093
0.038125653
0.029178368
-0.03153863
0.015418925
0.0025245864
-0.047203496
0.007934841
0.07866725
0.033460468
0.07561704
0.015400363
0.17023148
0.019200902
0.015671566
0.025467621
0.014575655
0.01316096
0.27935645
0.035792626
0.013698178
0.004373537
0.018184455
0.045059483
0.048931193
0.016939148
0.074180745
0.122314565
-0.2311712
0.039486594
0.07442399
0.12668741
-0.056805868
-0.045649584
-0.06540034
-0.04493714
-0.053760592
-0.053858448
-0.06918928
-0.054081105
-0.064401545
-0.017596629
0.3141928
-0.0074135
0.01589148
-0.16216971
0.01462333
-0.040985566
-0.04824303
-0.03838219
-0.11082444
-0.047371306
0.05553143
-0.22499582
0.03627548
0.23335242
-0.10522068
0.017200164
0.13093105
-0.03724442
-0.023101928
0.015131315
-0.18316108
0.0042349566
0.24650167
-0.062483236
-0.01992035
0.06426708
-0.036693066
-0.047205314
-0.03045919
-0.061281808
-0.064183146
-0.084346995
-0.059965592
-0.070780694
-0.06193202
0.029594706
-0.052365918
0.021229817
-0.083621785
-0.22773068
-0.102611564
0.01245984
-0.050768826
0.019474063
0.008884188
-0.17563488
0.011610392
-0.053742293
-0.14941038
-0.046630714
0.030341167
-0.10945834
0.022238722
0.054547332
0.16332097
0.065228835
0.018604908
-0.21003513
0.0075539094
-0.0072904252
-0.22539301
-0.02470104
-0.053184006
-0.013520004
-0.059642576
-0.03064281
-0.06925276
-0.0389464
-0.08168886
-0.034336884
-0.06351555
0.0571952
0.010340889
0.057672344
0.091315426
0.11335853
0.103822604
0.01953107
0.013249496
0.034237266
-0.041961417
-0.06105862
-0.049047776
-0.056691747
-0.08452536
-0.05405044
-0.052206647
-0.047684237
-0.0649072
-0.0500087
-0.03235928
-0.008381984
0.12608328
0.16065772
-0.04506366
0.1114044
-0.01595945
-0.00327386
-0.000119265555
-0.00032048314
-0.00047345075
-0.0003249321
-0.00026861994
-0.00040177233
-0.00030057604
-0.0002052002
-0.00021038609
-0.045300882
-0.06163847
-0.037488353
-0.052545078
-0.076780505
-0.06018886
-0.03408002
-0.06318852
-0.029156208
-0.007663263
0.058788
-0.037374232
-0.03858083
0.08488789
-0.032794945
0.016146518
0.23385955
0.009318539
0.009600385
0.006084176
0.0045228377
0.0009543106
0.3104559
0.024476951
-0.0086193215
0.0039902744
-0.0033513003
0.02531646
-0.0041832114
0.019421056
-0.064452425
-0.24973819
-0.042698726
-0.06842463
0.01788846
-0.08449962
-0.05778165
0.00030808145
-0.062999286
-0.08334146
-0.07981485
-0.08122444
-0.06205561
-0.021100707
-0.063914776
0.038043678
0.06193215
0.037619505
0.031431787
0.15908258
0.034283087
0.03899981
0.09105205
0.03785268
-0.058631577
-0.044086214
-0.06468568
-0.025155978
0.025032688
-0.04396145
-0.09263096
-0.044962525
-0.09951676
0.027999386
0.08835304
0.019862704
0.094823495
0.043520547
0.08367093
0.049483493
0.101993285
0.06138217
-0.05549195
-0.01950995
-0.04556386
-0.0680293
-0.07724612
-0.070144504
-0.052123465
-0.028776897
-0.06908214
-0.0078080096
-0.020551806
0.0651618
0.030983122
0.097636126
0.13132994
-0.0033953248
0.013512191
0.057197686
0.015978707
0.1750789
0.009696318
0.040447
0.12378306
0.04316746
0.04355799
-0.05901413
0.008707044
0.03682748
-0.009538234
0.03440045
0.021945478
0.16688894
0.036216706
0.023422616
0.064976536
0.03945014
-0.048821546
-0.10519781
-0.063293144
-0.09265694
-0.054211915
-0.09016765
-0.024716359
-0.01740222
-0.024945883
-0.04320241
-0.040985297
-0.05180046
-0.06510128
0.55418366
-0.04765957
-0.055713497
-0.0713384
-0.05580254
0.035360917
-0.005395055
0.035636358
0.009364816
0.20952514
0.024235437
0.036269918
0.03392942
0.046217307
-0.056439795
-0.019582476
-0.13283989
0.07578197
0.05745319
-0.04179401
-0.07609078
-0.03187572
-0.108826086
0.015473244
0.005863273
0.0018294777
-0.0016927747
0.267132
0.044203732
0.022579169
0.058521673
0.019672338
-1.0121722e-05
-1.7195653e-05
-1.3123604e-05
-7.174817e-06
-1.42559165e-05
-1.3808571e-05
-3.9939378e-06
-8.908564e-06
-2.0490435e-05
0.002483546
-0.073357165
0.012063368
-0.092843466
-0.14659864
-0.096820176
-0.04272554
-0.0726809
-0.08513668
-0.041491408
-0.06375935
-0.0359238
-0.064684026
-0.06609318
-0.07700435
-0.05719827
-0.04807792
-0.057964806
-0.06263921
0.0021810927
0.23365283
-0.06547688
-0.05294376
0.15662202
0.013276269
-0.029707035
0.0067032697
0.015846416
-0.02043249
0.02402191
-0.033624347
-0.2920162
-0.047234032
-0.0031308886
-0.054256316
0.0034783434
0.058620643
0.06458686
0.04716121
0.0775582
0.16299707
0.083746836
0.053170975
-0.052810878
0.06302433
-0.0052369316
0.00075146643
0.0012459789
0.01609281
0.30955985
-0.0027214112
0.0008873522
-0.024871763
-0.005471219
-0.07373485
-0.014392454
-0.06872895
-0.05016965
-0.15133126
-0.05531824
-0.043562826
-0.05309652
-0.043413248
-0.12540108
-0.21314716
-0.119470194
0.03963341
0.021222793
0.04413899
-0.015197201
0.0395515
-0.01462296
-0.052273106
0.0144867785
-0.053035088
-0.06947679
0.45460933
-0.06524304
-0.007500983
-0.12855028
-0.012878213
-0.0007337312
-0.0031178747
-0.0067243073
0.041833185
0.1596546
0.051573247
0.04754403
0.116659604
0.057838447
0.03403916
0.015998505
0.033899613
0.0130520305
0.28027248
0.016144948
0.031728294
0.008443777
0.034471896
0.011573065
0.07747895
0.019388098
0.10317134
0.1834138
-0.093398795
0.06511378
-0.07610367
-0.0041147177
-0.05110065
-0.030560331
-0.051468514
-0.07003256
-0.07356917
-0.0687757
-0.046169523
-0.036933623
-0.06261177
0.017555144
0.32658044
0.017719343
-0.019979212
-0.09149188
-0.06751432
0.007657962
-0.043531843
0.015396907
0.0014517166
-0.019138444
0.0052170707
0.024573224
0.24330069
0.02423392
-0.01552258
0.017449196
-0.0022189927
0.073042504
0.016635055
-0.11853737
0.17958517
0.0052552945
-0.22433344
0.1891007
0.024909403
-0.19322966
-0.045846432
-0.030915882
-0.038119197
8.497592e-05
0.033710126
-0.007212156
-0.12260827
-0.1347177
-0.121268466
-0.047315553
0.024640488
0.024658667
0.24084431
-0.0020839956
-0.25116894
0.04824994
0.025982035
-0.08635044
0.00935276
0.059227712
0.018346809
0.015681598
0.2116749
0.041726805
0.015854305
0.014943614
0.020993456
0.0030625595
-0.026618915
-0.0069289743
-0.03429994
0.4178323
-0.03556945
-0.012717779
-0.040250458
0.0017289034
0.055468727
-0.017009728
0.038384475
0.104210496
-0.01599455
0.096175104
0.018507164
0.21431896
0.035859734
-0.06066381
-0.033661712
-0.043543726
-0.05108228
-0.07118376
-0.07327138
-0.027207963
-0.08047766
-0.025760397
0.0120456
0.39605063
-0.012224361
-0.10524011
0.04940942
-0.10465034
-0.0049248924
-0.090742625
-0.006470646
0.015341644
0.024536721
0.083622694
0.09002888
0.14397843
0.02431049
0.057586376
0.0050559365
0.07666229
0.02236531
0.003022556
0.018216288
0.028836163
0.25886473
0.01754211
0.031895295
0.03731257
0.025457436
-0.010133899
0.041252967
0.11008887
-0.089045174
-0.15708329
0.17994922
-0.040173683
-0.018629748
0.13655144
0.0329959
0.014480154
0.031590816
0.0037174697
0.3083424
-0.01038753
0.009810783
0.012016271
0.015446474
0.04889317
0.07132201
0.04832152
0.065785475
-0.07440551
0.060489904
0.057477124
0.04598291
0.06101901
-0.052848816
-0.05321665
-0.060213346
-0.019676965
-0.07180889
-0.013160038
-0.062320415
-0.067853875
-0.07352629
-0.06745057
-0.074193835
-0.06577181
-0.07654221
-0.015596341
-0.0692914
-0.04595714
-0.07049022
-0.061351616
0.007165676
0.11890875
-0.002828155
-0.017346866
0.22600953
0.013466551
-0.034219045
-0.09200997
-0.04252745
0.040828537
0.02370421
0.02998155
0.057583533
0.17296933
0.0789626
0.026884744
-0.08524739
0.041492406
0.062157802
0.10432228
0.07220803
0.07756048
0.088805
0.04971987
-0.018473946
-0.15451777
-0.007557174
3.1447346e-08
-1.1809943e-08
5.6930098e-08
-2.6837114e-08
-1.7081828e-08
-2.6083738e-08
2.8689142e-08
-2.513461e-08
-3.7232283e-08
-0.029220004
-0.072525695
-0.034309547
-0.051735662
-0.0761807
-0.04441564
-0.055691894
-0.05691844
-0.0673235
0.0068356087
-0.0047758967
-0.003395764
0.095818646
0.22798188
0.0895395
0.02396459
-0.027677463
0.041694924
-0.039278064
-0.06125134
-0.043596454
-0.104338974
0.4983835
-0.0703075
-0.021249093
-0.07625927
-0.041849717
0.08841465
0.15990373
0.0735794
0.08812824
-0.18761751
0.088705435
0.03937486
-0.08764341
0.029104255
0.024520386
0.13486592
0.04088647
0.027385348
-0.22006185
0.038051024
-0.09443834
-0.08459648
-0.100351766
-0.013972245
-0.0038220107
-0.018739576
-0.024255378
0.377513
-0.004740602
-0.0011441229
-0.025240688
-0.012282025
-0.029199976
-0.042040974
-0.030681834
-0.027148454
0.3948363
-0.007835502
-0.0016378941
-0.0039446717
-0.015351057
-0.07012649
-0.10410047
-0.06807512
-0.12660797
0.24716535
-0.09495645
-0.06358563
-0.1306104
-0.057322238
-0.00092708186
-0.004283992
-0.0022072708
0.019579789
0.2304081
0.043727297
0.010844894
0.021957692
0.01103213
0.012039077
0.0817839
0.008337748
0.04800422
0.19675148
0.07061524
-0.00843427
0.030655757
-0.0024527933
-0.06078229
-0.04534518
-0.06850249
-0.06808271
-0.08240596
-0.07935061
-0.042475265
-0.05542503
-0.049937442
0.000588167
-0.0839446
-0.014361582
-0.08403394
-0.093774654
-0.0744263
-0.06118675
-0.034667365
-0.061472993
0.0054167397
0.06890948
0.00333466
0.0025276388
0.2801648
0.022019247
-0.01836086
-0.0575123
-0.027756086
0.040698618
0.16633031
0.056994688
0.056004077
0.009337088
0.06007408
-0.016671352
-0.050708257
-0.0067733247
0.014826191
0.039296266
-0.055818856
0.039196327
0.002163085
-0.19220395
-0.010326978
0.027214153
-0.17382017
0.051098462
0.005597955
0.04769376
-0.048455086
0.20258248
-0.045646507
-0.0020402416
0.13858691
-0.0097169
-0.026248638
-0.042389333
-0.035029523
-0.02457214
-0.001102895
-0.016444545
0.084488995
0.2084152
0.07278146
-0.03783348
-0.079110965
-0.043351695
-0.07610676
-0.05892682
-0.07777586
-0.032000102
-0.0878869
-0.04959823
0.054093882
0.1862658
0.0424923
0.03352687
0.010084958
0.05367657
-0.016214395
-0.014462026
-0.016936135
0.09664225
0.20865585
0.10379118
-0.0012933818
0.07422554
0.0039762324
-0.12222233
-0.14781865
-0.13395683
-0.03468243
-0.061662536
-0.049912386
-0.09051259
-0.04753379
-0.07040165
-0.018647458
-0.072835065
-0.046535525
-0.02917594
0.24320784
-0.020594053
-0.037789848
0.09308795
-0.025877984
-0.052645456
-0.21279843
-0.063748
0.011914246
0.03983322
0.037718326
-0.010866274
0.19212288
-0.014113176
0.04764957
0.085509494
0.045032106
-0.088199206
-0.10667764
-0.092511564
-0.029588534
-0.04892425
-0.028568257
-0.047441036
-0.06394745
-0.055392195
-0.19431375
-0.020114223
0.12273686
-0.18552887
0.008938513
0.14671054
-0.017371645
0.049166404
-0.012425667
-0.033611696
-0.039928094
-0.038001943
-0.06582124
-0.11730258
-0.04421109
-0.039766684
-0.053035058
-0.05845407
0.05201277
0.18387482
0.051670857
-0.04392792
-0.05770809
-0.018402236
-0.1009337
-0.16563925
-0.13368042
-0.01103062
-0.1016916
-0.0120122405
0.019288618
-0.17389141
0.006734165
0.09059792
0.25519022
0.09840751
0.02947555
-0.016020909
0.033844147
0.050485834
0.1460102
0.044358607
0.048953902
0.08774937
0.054026593
-0.004641868
0.08564821
0.007207987
-0.16566895
-0.09539071
-0.1879172
-0.024201205
0.044116605
-0.020193283
-2.7142294e-08
1.8189438e-08
1.543356e-08
4.9756235e-09
8.054458e-09
4.210922e-08
3.2814757e-08
-4.3211177e-09
5.1979853e-08
0.0016633773
0.021469127
-0.008762351
-0.0032734703
0.2348236
0.038589913
0.017619358
0.038723223
0.016091129
0.031204894
-0.01825071
0.041730605
0.008199205
0.21597382
0.023346862
0.02776125
0.04692344
0.033507288
0.0908371
-0.0010263879
0.029681694
0.08154286
0.07799672
0.05792244
0.002268965
0.03546922
0.118506916
-0.08162189
-0.030876452
-0.104479566
-0.032373156
0.18055674
-0.040913172
-0.10018453
-0.03687465
-0.10686829
-0.012795457
-0.09053926
-0.102227256
0.16602217
-0.025975343
-0.08870042
0.2935674
0.033764426
-0.04028635
0.015138361
0.031988896
0.02359273
0.034639936
0.25101727
0.030026969
-0.011305179
0.024849297
0.0066324193
0.016374907
-0.027148223
0.0019338208
0.036078483
0.25257948
0.07193194
0.042843357
0.096746646
0.040490653
0.017188963
0.08254791
0.012408281
0.11601502
-0.043109372
0.09896434
0.03950316
0.06600617
0.047944184
0.028692368
0.005414572
0.019089421
0.048098322
0.17275327
0.057728622
0.035442494
0.050589826
0.048022863
0.027838439
0.040899497
0.03256913
0.04590065
0.25211063
0.043594003
0.013642726
0.031965923
0.023349702
-0.040737063
-0.07093569
-0.04703745
-0.05335669
-0.07999902
-0.055542286
-0.051357303
-0.056000397
-0.050629467
-0.04564914
-0.06033751
-0.034403507
-0.06382466
-0.032699153
-0.07898114
-0.08115672
0.007879119
-0.07027768
0.17337194
0.08640938
0.1650948
0.027838666
-0.08945765
0.02632679
0.0025263825
-0.0739244
0.022881798
0.030092124
0.08602167
0.00499225
0.03957671
0.1749399
0.059867617
0.0003360433
0.0021784354
0.00086668856
-0.016718516
-0.07766758
-0.0116559565
-0.047972992
-0.04438078
-0.042937666
-0.05186586
-0.10728237
-0.052613482
0.012039701
0.030994432
0.030076891
0.029138336
0.22034581
0.039222065
-0.018371616
0.05172482
-0.0032564022
-0.03932451
-0.036483623
-0.036122147
-0.07558463
-0.087682724
-0.09563757
-0.042538572
-0.06416506
-0.048701238
-0.013273567
-0.015613679
-0.022294499
0.032978952
0.1647033
0.030568816
0.06019146
0.10286535
0.07658187
-0.16975094
-0.054117534
-0.1333153
-0.04600135
0.0341877
-0.051898237
-0.026099607
0.0011035042
-0.02323924
-0.0025370978
0.015607879
0.009461438
0.0105034355
0.29321054
0.005676757
0.011099276
0.0025363404
0.0069889417
0.016811809
0.32025522
0.03711237
0.016169403
-0.09803678
0.010819537
-0.019937063
-0.062221576
-0.011208881
-0.07666785
0.005046203
0.0059367027
0.0041003614
-0.015868565
-0.1401521
0.054547425
-0.012841954
0.42730168
-0.0415044
-0.03708752
-0.06279921
-0.058259677
-0.050962377
-0.04728789
-0.043330602
-0.07672018
-0.060015175
0.03400922
0.05652754
0.03892739
0.05453917
-0.14109679
0.020746697
-0.09648818
-0.11735194
-0.10572314
-0.05127705
-0.04967197
-0.051997367
-0.064662814
-0.050931294
-0.07304674
-0.042252652
-0.06731751
-0.037523746
-0.0011799951
0.041455302
0.0018515267
0.038783576
0.019083511
0.046931326
-0.10970283
-0.21135956
-0.13773194
-0.021413006
-0.04776175
-0.01741183
0.026269866
0.12389229
0.017545864
0.029018974
0.13137196
0.035535045
-0.0014719878
-0.049518008
0.012496398
-0.037266064
-0.2657999
-0.057727296
0.008762372
-0.043653235
0.015855687
-0.060927544
-0.05540288
-0.010953864
-0.15161794
-0.051838577
0.1609405
-0.04481541
0.041320153
0.25045237
0.0025966323
-0.011513518
0.0074660196
0.011744014
0.3101889
0.03084278
0.019906439
0.026205832
0.03183988
0.047876913
-0.08590893
0.024417344
0.0076853223
-0.03060636
0.007975522
0.054503202
0.26001552
0.075414315
0.09138989
0.24907012
0.0705646
-0.021306379
-0.03808423
-0.027668688
0.020758322
-0.014248822
0.014688528
-0.04477412
-0.063365094
-0.031319745
-0.048526905
-0.048538588
-0.06018243
-0.07715575
-0.054453906
-0.07935494
-0.017389402
-0.0052252496
-0.012698267
0.022628961
0.23497692
0.030375492
-0.019220967
0.034076132
-0.0128488755
0.035270553
0.02063555
-0.008288968
0.1639587
-0.03298286
-0.08475462
0.08825278
0.07317417
0.0562901
-0.025211256
-0.05237674
-0.026447238
0.1023785
-0.062415846
0.10895153
0.07656404
0.13184126
0.07143915
0.14019896
0.11450979
0.0004012835
0.10429143
-0.005979075
-0.082919285
0.045310486
0.115910724
0.038111698
-0.0575997
-0.06422929
-0.050941873
-0.05865057
-0.024524756
-0.07604438
-0.054282397
-0.059267312
-0.05710883
0.032426815
0.15054539
0.04561277
0.0040402277
0.11945665
-0.0033150944
0.05794107
-0.007998112
0.050814588
-0.011851171
-0.105991036
-0.024898425
-0.116637535
0.06483439
-0.11903691
0.041467257
0.2997503
0.024510963
0.052241307
0.036416423
0.028013311
0.18455334
0.12370249
-0.0061707636
0.014330867
-0.027750343
0.020281274
-0.010688241
-0.004473375
-0.025172368
-0.021729201
0.17044769
0.008065828
0.10905886
0.108205914
0.11689438
-0.014951149
-0.055768177
-0.023138665
-0.069567844
-0.13602541
-0.08296763
-0.035543036
-0.09496123
-0.03915883
-0.046487648
-0.055958323
-0.051843274
-0.043414336
-0.059011903
-0.050979443
-0.037909202
-0.061070465
-0.054267347
-0.028379023
-0.07258534
-0.049807332
-0.072625645
-0.08023221
-0.06888844
-0.03213497
-0.043537106
-0.045560606
0.009392736
0.03709205
0.012210222
0.019836053
0.21832491
0.042052843
0.026844734
0.0045851627
0.037883297
0.0007906283
0.022131389
0.007767061
0.0615815
0.22428365
0.058219213
0.0293976
0.04138429
0.02516756
0.008129503
-0.0594869
0.02705771
0.042002488
-0.02045619
0.014311698
0.09115108
0.16012998
0.10538597
0.105783254
-0.04967434
-0.073882155
0.22392008
-0.1840462
-0.07326256
0.0013743117
0.113032974
0.04071536
0.0020966057
0.0150979785
-0.0015349383
0.027352722
0.1787568
0.022067403
0.02147699
0.08285129
0.0378313
0.04051852
-0.020627707
0.026010271
0.16152224
0.048084345
0.15603212
-0.013049574
-0.07945105
-0.010631072
-0.0591473
-0.0077471314
0.22768168
-0.038223177
-0.10207285
0.15736698
0.029662687
-0.000780542
-0.085453145
0.107920185
0.18127863
0.11180552
-0.006463808
-0.0499783
-0.026681434
0.040482525
-0.009626586
0.033877376
1.2432222e-06
1.3457947e-07
-3.9356557e-08
7.4183953e-07
-1.9532443e-08
-9.9654926e-08
2.0215934e-06
2.7955246e-06
6.5519265e-07
0.036288295
-0.0071167
0.058399215
0.12837744
0.10461311
0.12190655
-0.03737739
0.06623952
-0.0061847186
-1.17151355e-08
-4.4842423e-09
-4.6380634e-08
1.2209921e-08
-1.9176229e-08
2.7476323e-08
-5.1785833e-08
-8.2558785e-08
-7.242639e-08
0.012631938
0.028823478
0.004619622
-0.0009718307
0.30814892
0.006763006
0.0012227002
-0.012627721
0.0064643333
0.03205299
-0.16140184
0.018610587
0.12734315
0.020212416
0.12527257
0.03668041
0.10632004
0.05634772
-0.04531935
-0.046466295
-0.043253306
-0.07917056
-0.025886752
-0.08991269
-0.05343084
-0.04980745
-0.035264626
0.006016306
0.027738167
0.010824577
0.05096481
0.27478966
0.045179434
0.0032053392
0.05346673
0.011553352
0.012961277
0.10676703
0.03198433
-0.013062885
0.29453766
0.0029214409
0.028701646
0.0579336
0.05482281
0.046514332
0.02052721
0.05290708
0.0429509
0.1516843
0.05347414
0.030471908
0.0074797007
0.034924466
-4.0702394e-05
0.054991383
0.009341468
0.020220669
0.24802433
0.020264164
-0.01242505
0.045044467
0.011061257
-0.00014069783
-7.884405e-05
-0.000103097875
-6.2116014e-06
0.0005155259
4.307719e-05
-9.570525e-05
1.8487064e-05
-0.000110076035
-0.008771987
0.01943663
-0.00330604
0.013967924
0.26975393
0.0025655862
-0.0022295853
0.012734004
0.016262027
-0.02188965
-0.06059274
-0.00018082572
-0.040976185
-0.20636521
-0.06903068
0.003260627
-0.0473658
-0.012788244
-0.12765181
-0.1553681
-0.12967657
-0.05272148
0.267869
-0.058808338
-0.020572517
0.10976952
0.010174766
-0.06329004
-0.04524412
-0.044877972
-0.05151088
-0.09757575
-0.053563528
-0.039411336
-0.06361428
-0.045310076
0.025415149
0.04591891
-0.13489649
0.018379703
0.19068192
0.027609725
-0.17334364
-0.016600667
-0.19100773
0.030643666
0.008641488
0.028966816
0.009457811
0.3206009
0.023330526
0.0090648765
-0.021215273
0.02269977
0.14406171
0.1319216
0.13648699
0.037525292
-0.23615375
0.03930906
0.021313617
-0.1231527
0.019769764
-0.0003053672
0.005592816
0.0025031394
0.0018844855
0.011507404
0.002261344
-0.0011064386
-0.0023642862
0.00016274491
0.24197868
0.009319164
-0.07608258
0.15599588
-0.047704786
-0.023675157
0.005960079
-0.08934783
-0.045854535
-0.0085817985
0.023848169
-0.01343456
0.031748973
0.27892947
0.024825666
0.01389862
0.010725822
0.00051828835
-0.050915007
0.056574516
-0.041621093
-0.0053752116
-0.26511574
-0.012710508
-0.051304147
-0.035329252
-0.059696082
0.00594646
-0.06459135
0.008862186
0.043056767
0.09377635
0.04095685
-0.025213296
0.18728201
-0.00914356
-0.060417913
-0.041795067
-0.06282006
-0.040718455
-0.064213015
-0.05290249
-0.073076494
-0.037168127
-0.07307977
-0.05675106
-0.06767195
-0.07214398
-0.056696527
-0.045762677
-0.0659363
-0.043435313
-0.03767511
-0.053813297
-0.07540984
0.008356094
-0.101729065
-0.053114392
0.003998475
-0.056152266
-0.081832066
-0.009693537
-0.11207384
0.03235614
-0.026691796
0.052425627
0.07429922
0.19872919
0.05911153
-0.0047303806
0.01212289
-0.008501326
-0.059480872
-0.05199789
-0.061521243
-0.060960464
-0.07622548
-0.048994254
-0.029348735
-0.037757877
-0.03311488
-0.043154277
-0.07077643
-0.042933993
-0.08192987
-0.063708164
-0.074322745
-0.033248123
-0.05924096
-0.035282757
-0.02405323
-0.014394243
-0.005036077
-0.03602823
-0.28008902
-0.064941116
-0.015852418
-0.06847832
-0.01085329
-0.0118324375
0.01220513
0.0005714489
0.022433776
0.22234678
0.03887889
-0.0065340498
0.015701503
0.0025931369
-0.056237765
-0.065923035
-0.05027658
-0.057928573
-0.020918483
-0.052983046
-0.06255404
-0.065622725
-0.06072953
0.008130992
-0.030175634
0.08243753
-0.05413133
-0.019359693
0.2423349
-0.006552153
-0.035081625
0.09665962
-0.033968423
-0.07627598
-0.03486252
-0.029718788
0.3557638
-0.020179331
-0.0056439643
0.04202426
-0.009760682
-0.04975385
-0.067025155
-0.047430214
-0.0382615
-0.06927584
-0.0437102
-0.048141453
-0.12828773
-0.043986976
0.07186784
0.12804627
0.069775224
-0.007772982
0.1548021
0.03148133
-0.013257499
-0.042682998
-0.022232251
0.054285213
0.008521362
0.058636177
-0.051973734
0.16523357
-0.069789164
0.0675882
0.12530108
0.06833172
-0.01794352
-0.00077650644
-0.00044488002
0.022974057
-0.483961
0.012239155
-0.00505617
0.012203025
-0.001444994
-0.048538983
-0.04888357
-0.05655786
-0.080865785
0.51304275
-0.07001041
-0.03953545
-0.04905337
-0.048278563
0.078490876
0.25411403
0.052559927
0.0029839666
-0.036822915
0.029016037
-0.04241041
-0.13355798
-0.04152848
1.4030347e-06
2.9377838e-06
2.5355819e-06
4.1745377e-08
3.8710727e-06
1.3501547e-06
-1.6303024e-06
-2.881484e-06
-2.3629461e-06
0.023671385
0.027769221
0.023180194
0.02986748
0.25424072
0.03325366
-0.0046053324
-0.0009456846
-0.012420264
0.022873642
0.056377735
0.038783003
0.051725343
0.17104195
0.042214215
0.037471086
0.039330415
0.047035746
0.073382534
0.0008102674
0.06703025
0.12618122
0.04052216
0.1338775
0.047868233
-0.016914478
0.071773455
0.026777375
0.06752347
0.045588847
-0.22990826
0.10409516
0.06306557
0.11110942
0.08139319
0.040041693
0.009368277
-0.053637985
0.0103689935
0.026257189
0.19027564
0.02909538
0.020966597
0.09267727
0.019712895
-0.050808534
-0.05389462
-0.04832325
-0.04704604
-0.054729607
-0.058620047
-0.0434146
-0.066104084
-0.05084302
0.010499193
-0.028166786
0.35950175
-0.035887484
-0.042626593
-0.04904102
-0.016948808
-0.0036344049
0.0068384097
-0.009400604
0.0057454603
-0.0021005021
0.022070287
0.29041532
0.030466504
-0.00743428
0.01219642
-0.0025950707
-0.017174218
-0.044104952
-0.016982324
-0.074382246
0.48547596
-0.074100874
-0.038510792
-0.07555298
-0.030465601
-3.194217e-08
1.1756839e-08
1.6312722e-08
-1.8554845e-08
-4.330075e-08
3.7609084e-08
8.655437e-09
3.727041e-08
-2.4477995e-10
-0.07596043
0.008982922
-0.06796794
-0.056564976
-0.07322941
-0.072753824
-0.052838076
-0.033552658
-0.053151865
-0.022091111
-0.011042352
0.08860245
-0.036371917
0.111695185
0.13711697
0.013949136
0.091648035
-0.14923674
0.017915307
-0.031918034
-0.050245408
-0.062562846
-0.0866321
-0.004234254
0.42633295
-0.022776466
0.056470014
0.04107996
0.0009949801
0.051241808
0.02785219
0.22600208
0.029556017
0.032613367
0.028707227
0.033100534
-0.039032698
-0.03299509
-0.05060198
-0.06357699
-0.08389863
-0.07518479
-0.026912363
-0.07750239
-0.034797158
-0.0043199407
-0.0007799315
-0.0017483579
0.0011099894
0.031183487
0.0014505319
-0.005540207
-0.0012026164
-0.004017726
0.0009955573
0.060542323
0.023083456
0.059076443
0.2838909
0.026222132
0.0119007565
0.0068315826
0.053977147
0.0042337943
-0.031953573
3.0444505e-06
-0.017322434
0.34013084
0.0018314605
-0.0007206979
0.012236333
0.0091653885
0.047046956
0.09298397
0.059764463
0.0476748
0.088629745
0.049818095
0.023474686
0.04140736
0.030657748
-0.048200767
-0.06545776
-0.06885159
-0.04468718
-0.06586429
-0.041261308
-0.07552939
-0.08065607
-0.054755453
0.012941544
0.050433923
0.015291636
0.051326603
0.2593373
0.052174408
0.015972963
0.020979255
0.015204779
-0.056592193
-0.0078617055
-0.068341814
-0.020487636
-0.21056776
-0.01621866
-0.05545198
-0.039069768
-0.06351867
0.060379036
-0.04338258
-0.028771529
0.22436954
0.118033096
-0.20921542
0.09409356
-0.008576614
-0.08409341
0.007028952
0.10147705
0.122093946
-0.13915826
-0.17621426
0.115308285
-0.05161805
0.001097163
0.07793842
-0.014283436
0.3097306
0.0104980115
-0.09532656
0.064912766
-0.09360185
0.008193291
-0.05073692
0.0061755106
0.046079397
0.08010269
-0.16305348
-0.03906704
0.12437189
0.10950941
0.03370423
-0.0015913101
0.06471708
0.026252309
0.06591879
0.024487365
0.022272186
0.21516043
0.032572344
0.009838404
0.00097333785
0.00285918
2.7346265e-05
5.9905255e-05
2.3553468e-05
0.00018048886
0.0003324232
0.00014137012
5.0881205e-05
-0.00012535085
-7.680558e-05
0.007583884
0.011216465
0.016770905
0.044237822
0.21663508
0.05101266
0.019217419
0.03364078
0.027367348
0.10199066
-0.017118411
-0.0700676
0.23796587
-0.05454401
-0.11048554
0.09059542
-0.019904396
-0.06792047
-0.020245235
-0.056700874
-0.024675567
-0.048690952
-0.09045317
-0.07232032
-0.03988021
-0.08763277
-0.043428876
0.0082371775
0.0888125
0.02309565
0.03700106
0.20279193
0.037350874
0.035947412
-0.037315123
0.048291508
-0.0066759223
0.2756672
-0.005358242
-0.038712073
0.061183434
-0.03556112
-0.058103945
-0.20498154
-0.047600854
0.014078681
0.009503987
0.024408381
-0.010642004
0.28232172
0.01377054
0.01918872
0.009745217
0.015151133
0.026683832
0.03504061
0.020797776
0.031055337
0.26901034
0.024609629
0.013327338
-0.00089147605
0.013877103
-0.00958591
-0.019430952
-0.027163604
-0.045223016
0.4337267
-0.016516203
-0.037953723
-0.07131256
-0.042212967
0.03298502
-0.19142029
0.051538102
0.05400909
0.21759574
0.049367707
0.035046984
0.041487686
0.038219806
-0.030658735
0.027814638
0.10484553
-0.118003435
0.057650167
0.175443
-0.04960432
0.0024607775
0.09849687
-0.029024696
-0.04914311
-0.04415859
-0.059250295
-0.04841161
-0.060156282
-0.07187938
-0.07973821
-0.06645018
-0.051413048
-0.065355755
-0.056306906
-0.08874857
0.5102677
-0.062334653
-0.06701306
-0.08009729
-0.061026625
-0.065482445
-0.03058622
-0.06875677
-0.053821422
-0.17431305
-0.042435504
-0.028363323
-0.06447956
-0.03449591
0.040925674
-0.020036764
0.026989313
0.027226832
0.045277476
0.033785865
0.06125994
0.16171473
0.07758644
-0.050938755
-0.04676182
-0.046223927
-0.048782617
-0.012663932
-0.07416545
-0.07824441
-0.06534947
-0.08273586
0.01604588
0.051315192
0.027344385
0.012014843
0.31599846
0.017933901
0.017847242
-0.013037443
0.010567165
0.062029507
0.025532126
0.019329954
0.012712084
0.18052945
0.08202627
0.0031074008
0.003961585
0.0355506
0.010079091
0.005156837
0.01532883
0.004922901
0.30007675
0.02964352
0.013864141
0.014921913
0.010074972
0.08042896
0.12455019
0.014883924
-0.04579486
0.020592306
0.12821
-0.016821321
-0.040207848
0.09670898
-0.027669003
-0.030707685
-0.021752674
-0.06506079
-0.05596151
-0.08619719
-0.065800585
-0.108894415
-0.05337458
-6.44888e-07
6.0065423e-07
-5.1557805e-08
1.5889894e-07
2.4841981e-06
1.0848319e-06
-1.5297981e-07
2.6469064e-07
-1.5500689e-07
0.011367905
0.08189158
0.016127624
0.053062428
0.15200187
0.04263546
-0.01443342
-0.022712322
0.02749197
-0.0387147
-0.026409894
-0.053689692
-0.06287643
-0.037587527
-0.052144792
-0.06991904
-0.079073645
-0.07814559
-0.005755187
-0.023303393
-0.01885188
-0.016691327
0.4144437
-0.003985634
0.011725438
0.0058825654
0.013965937
0.018413035
0.030291878
0.017491687
0.0015592405
0.2276499
0.048735227
0.015723905
0.0015552457
0.004402118
-0.0019375444
-0.050005592
-0.007188138
-0.00380835
-0.25276536
-0.026540607
-0.013722876
-0.03924494
-0.005284978
-0.009752183
0.010779823
-0.013595095
-0.006987916
0.31177408
0.013491566
0.03263507
-0.006368213
0.03482194
-0.08912224
-0.027663855
-0.08654139
-0.097312614
-0.021621373
-0.13300273
0.01192632
0.13272539
0.016442824
-0.0062052393
0.047518913
0.02404663
0.063268974
0.21209407
0.064144336
-0.016527232
0.05205695
-0.012153867
-0.013466426
-0.065438405
-0.00043582145
0.070744485
-0.23063847
0.059014514
0.105581224
0.15814187
0.09452512
-0.038706806
-0.0652976
-0.048945267
-0.054351516
-0.048205227
-0.064470604
-0.05479822
-0.060501873
-0.05939734
0.0907965
-0.09059324
0.08920048
0.1191548
0.07385219
0.13731432
0.033162035
-0.069672845
0.036106337
-0.034024164
0.040584967
0.06462558
-0.04712325
-0.21448411
0.21920222
-0.057954658
0.039636705
0.048937105
0.01320143
-0.011378842
0.009975387
-0.02233526
-0.29293033
-0.028842812
0.008225545
-0.06827973
0.010324476
-0.0035709406
0.024694005
-0.00051752815
0.013795753
0.33560473
0.015121527
-0.016557237
-0.024568133
-0.015894748
0.06339049
-0.022653759
0.03887254
0.0302211
0.17182833
0.046892807
0.008838043
0.12914577
0.015654586
0.12228246
0.2047342
0.1256664
-0.035093922
-0.074932165
-0.02847793
-0.1041339
-0.0660378
-0.103827946
-0.050845556
-0.05103779
-0.07545455
-0.0712125
-0.09860483
-0.039975457
-0.051956158
-0.035080824
-0.07014775
0.010263817
-0.005133755
0.011004166
-0.015971899
0.32583657
0.0010366794
0.015133256
-0.01547934
0.0062212627
0.004980054
0.023089176
0.0165243
0.010606877
0.25697556
-0.003881439
0.028572869
-0.0046753567
0.03309181
0.0016713175
-0.04187756
0.07704537
-0.075973146
-0.062379356
0.30647233
0.00742314
-0.04681389
0.00031795484
-0.054561667
-0.05860946
-0.06129665
-0.042723272
-0.0590561
-0.047378615
-0.049568847
-0.04718807
-0.043760713
-0.0042597777
-0.045720965
0.0013403539
0.022396976
0.20646055
0.016281407
0.022507323
0.080190435
0.040664725
-2.7455216e-09
2.850921e-08
4.047639e-08
-2.0579535e-08
1.5410423e-08
5.195375e-08
-1.3629111e-08
-2.7110483e-08
2.9352437e-08
0.056299236
-0.019367026
0.07069719
0.038471688
0.18297571
0.031992245
0.053916793
0.03534896
0.056305546
-0.018936371
-0.026119383
-0.020357188
-0.014693265
-0.1536137
-0.018973347
-0.046631426
-0.13156565
-0.063681714
-0.056189593
-0.045052107
-0.058638744
-0.04980107
-0.08094506
-0.057055045
-0.051367696
-0.05840506
-0.048905157
-0.0016681337
-0.13330701
0.0057348185
0.04122429
-0.22386135
0.01927809
0.09946503
0.18685639
0.1196703
-0.031175124
0.013250468
-0.037762724
-0.04372937
-0.025100816
-0.01981199
-0.09040681
-0.19499364
-0.09907601
0.25236726
0.064131506
-0.10315413
-0.047506724
-0.06255943
0.009337077
-0.036362212
-0.020120746
0.12515144
-0.09324072
-0.0065044584
0.108753935
-0.1797968
-0.052691
0.22591339
-0.084620535
-0.027364042
0.07790722
0.011110017
0.070550315
0.051020354
-0.077615865
0.078727104
0.1541169
0.016339242
-0.02718752
0.02554272
-0.06550414
-0.04991607
-0.06345576
-0.05387047
-0.060814884
-0.051232062
-0.05740304
-0.06206892
-0.059399925
0.039755136
0.26325777
0.042660844
0.0040923157
-0.15023768
0.0045629647
-0.022770068
-0.06854942
-0.032097198
-0.02944474
-0.036367424
-0.030499134
-0.07429652
-0.10300595
-0.09034652
-0.04707952
-0.087742984
-0.06034594
-2.2581969e-07
2.657358e-06
1.2829311e-06
1.9349952e-06
2.1227802e-06
-8.195423e-07
1.9721772e-06
8.6355084e-07
2.1316238e-07
0.03902174
-0.031110028
0.0088623585
0.17095946
0.11089875
-0.06655997
-0.06377976
0.057754256
0.008746657
0.00044540552
0.025362553
0.024691073
0.074179746
0.14368887
0.07068047
0.03704806
0.09670952
0.05610598
-0.04733962
0.0075256513
0.024394657
0.16050725
-0.14997344
-0.1332913
0.22583826
0.05589863
-0.05072505
0.075049825
0.012785582
-0.12766589
0.12610184
0.0480893
-0.17405692
0.0941867
0.018772759
-0.15817708
0.008910644
-0.07201214
0.007720798
0.02262872
0.10653654
0.017530952
0.034608554
0.14938699
0.031522773
0.0016985488
0.03650871
-0.0024159285
0.06199145
0.23768377
0.043318585
-0.016108047
-0.00031162475
-0.003033043
0.043994706
0.08458335
0.059030674
0.07012842
-0.464737
0.06745203
0.03509959
-0.044293467
0.040352732
-0.0013557397
0.21430129
-0.0030656895
-0.045656256
0.06914694
-0.06192405
0.015849723
0.16167438
0.011677212
0.05432797
0.0035164922
-0.09062422
0.16049607
0.15349
-0.12288997
0.02733666
-0.031931378
-0.04191039
0.00041423668
0.1957221
0.013595667
-0.0349522
0.080454536
-0.016112551
-0.0011676747
0.21780026
0.0021990698
-0.050217487
-0.063387364
-0.06010363
-0.04860372
-0.10051918
-0.054103766
-0.053977743
-0.056616697
-0.061468903
0.018872585
0.03198226
0.012802426
0.019546423
0.21327889
0.052049786
0.01499233
0.024299663
0.016176367
0.029330725
-0.026534539
0.021721937
-0.055730674
-0.0007838063
-0.04671504
-0.056484133
0.40034938
-0.04004709
-3.9483428e-08
-1.3464371e-08
2.4792357e-08
-1.7338408e-08
-2.9220029e-08
4.2389225e-09
-2.7169868e-08
1.1490236e-08
2.992256e-08
-0.019859111
-0.029936144
0.0018398014
-0.039684776
0.4752211
-0.014859709
0.0016903587
-0.030697843
0.009143626
-0.04624367
-0.03606421
-0.05812157
-0.04555757
-0.0484593
-0.050551564
-0.06810306
-0.05039283
-0.070411414
-0.06213218
-0.024754614
0.08631025
-0.22115903
-0.040043186
0.2452645
-0.079962164
-0.037895236
0.117510445
-0.021667872
-0.043131184
0.0071510854
0.056107525
-0.40356123
0.0463335
0.095949925
0.112365
0.11038813
-0.034679566
0.012359459
-0.03006388
0.022279507
0.2517087
0.03370777
-0.0422521
-0.010484673
-0.028892409
-0.05866021
-0.059678216
-0.0504629
-0.07423364
-0.020148821
-0.0868207
-0.051226586
-0.07736651
-0.051184665
0.024148798
0.060073797
0.033713482
0.018929336
0.17992347
0.015754037
0.014143688
0.049492076
0.02270688
-0.033326976
-0.026246171
-0.018493336
-0.03354644
-0.24857
-0.044286173
-0.014420231
0.046914995
-0.0012225317
0.05925823
0.03486181
0.05777623
0.062921114
0.0035714041
0.069832176
0.102987066
0.030963374
0.10058683
-0.04446159
0.01735245
-0.054065615
-0.05698685
-0.1051405
-0.06182112
-0.04387815
-0.082274765
-0.039480373
-0.040002223
-0.04829678
-0.038004562
-0.06760865
-0.059263386
-0.07671517
-0.034895137
-0.079956405
-0.062057726
0.050725956
0.054171436
0.02117421
0.14356586
0.2018037
-0.014793548
0.03909841
0.022407826
0.036562473
0.07337345
0.07784014
0.08795788
0.12494404
-0.2317335
0.094029814
0.08608048
0.064422585
0.08902833
0.12737733
0.023437528
-0.07555001
0.1755474
-0.13067769
-0.08463855
0.12038808
0.022661014
-0.05574414
-0.036807716
-0.10158216
-0.03278505
-0.06094009
-0.017210217
-0.06866129
-0.055465344
-0.04243886
-0.06459294
0.048774686
0.031720046
0.020002902
0.14627132
0.07279523
-0.12004703
0.082936384
0.046426333
0.0012807777
0.009908007
-0.015858177
-0.0076355296
-0.006953012
0.3237507
0.0135526145
-0.0014872118
0.0005127334
-0.010098498
-0.04815863
-0.040324338
-0.057932366
-0.08363083
0.4988351
-0.059918962
-0.05762224
-0.07107158
-0.064530246
-0.050769936
-0.18524109
-0.065562025
-0.020168107
-0.039342046
-0.019699605
0.07084275
0.2676025
0.061017532
0.013029834
0.022836555
0.019987725
0.013305304
0.23696956
0.021055581
0.030347431
0.03411615
0.049217887
-0.069054075
-0.061049003
-0.056167904
-0.0524895
-0.03435511
-0.05271448
-0.05700878
-0.058826637
-0.060646646
0.010111955
0.0059644566
0.010066319
0.028457373
0.22446848
0.03191891
0.035814766
0.024076657
0.03835989
-0.007236203
0.012318143
-0.0039783064
-0.0041556517
0.26822355
0.025653545
0.02733379
0.044418916
-0.0049771145
-0.03358985
0.008384191
-0.031018173
-0.06669567
0.5226853
-0.05966717
-0.042182893
-0.1279479
-0.0428984
0.0042854166
-0.0010356137
0.004568787
0.01530712
0.2762063
0.01360641
0.019428622
0.018212985
0.013679875
0.022198768
0.042350028
0.036747184
-0.010704125
0.28816414
-0.006557754
0.023156175
-0.037414987
0.026476003
-0.060878105
-0.052431114
-0.052066904
-0.03951307
-0.103822604
-0.046604663
-0.056243982
-0.030866018
-0.058841266
-0.048785158
-0.052132163
-0.04911477
-0.06355429
-0.078896895
-0.06142018
-0.0516745
-0.03245157
-0.05772539
-0.053156562
-0.07365678
-0.055925325
-0.05573699
-0.05337092
-0.068177946
-0.032502014
-0.059207708
-0.04123652
-0.057472862
-0.10078145
-0.04868428
0.058249846
-0.25143993
0.02430907
0.108579315
0.15128592
0.12581523
0.012294909
0.015856521
0.013806665
0.0067202672
0.23593143
0.01276541
0.0048470385
0.011687828
0.0046900925
0.03159846
0.03955925
0.03815477
0.051743466
-0.46164164
0.038565237
0.015824338
0.009541079
0.017383358
-0.0133196395
-0.11671778
-0.011140556
-0.06519775
0.510582
-0.059722845
-0.0410366
-0.09151144
-0.024924623
0.01629038
0.060381066
0.01512877
0.04197596
0.17430528
0.06981845
0.03412485
0.058798105
0.03308188
-0.0022182611
-0.021962794
-0.09212032
-0.066250674
0.13352247
0.13051012
0.0009516026
-0.02081589
0.13634682
0.051287845
0.16013771
0.046271127
0.07098735
-0.022181807
0.08482855
-0.03205949
-0.031835757
-0.042777747
-0.008152157
-0.03177842
-0.022608211
-0.004548015
0.28247163
0.00375551
0.0037043903
-0.0029817303
-0.006050152
0.016687064
0.018263541
0.016569652
-0.042423233
0.26213205
-0.023132866
0.029338706
0.04419452
0.04025294
-0.07228361
-0.022341061
-0.075388655
-0.03960826
-0.05673614
-0.040814135
-0.043793697
-0.038090166
-0.03237454
-0.029903572
-0.04653643
-0.04038247
-0.07007498
-0.090930276
-0.09682384
-0.023100493
-0.078867376
-0.044141017
0.003007926
-0.0104936045
0.0031795967
-0.032683928
0.02578952
-0.023748433
0.073998496
0.18378541
0.09568487
0.016472079
0.005563602
0.028552363
0.14819252
0.08160539
0.1537605
0.02566418
-0.012252924
0.02618356
0.04547443
0.111687414
0.049305666
0.02301564
0.15983163
0.02004507
0.008211999
-0.108158395
0.009152019
0.046568684
0.0487266
0.040450856
0.030605953
0.21043493
0.057291202
0.048029594
-0.028353145
0.042891085
-0.08924775
-0.2691899
-0.09901509
0.031369794
0.012384328
0.03215619
0.05115985
0.21624091
0.07237422
-0.103700124
0.026983557
-0.09673115
-0.08075612
-0.1593314
-0.06125965
-0.0036757705
-0.0027714656
-0.0019645616
-0.026696594
-0.030402422
-0.0075913956
-0.076061614
-0.109090745
-0.07570171
-0.014375954
-0.045342997
-0.030046606
0.007254285
-0.02571438
-0.0012048079
-0.014903719
0.3229362
-0.002453289
-0.015190157
-0.008406986
-0.010225019
-0.053142864
-0.0601656
-0.05249605
-0.05641308
-0.06678107
-0.052682057
-0.018008979
-0.065568425
-0.048284248
-0.04423572
-0.0387073
-0.04187625
-0.08067802
-0.02021896
-0.078269616
-0.066465385
-0.048161965
-0.057287026
0.013890298
0.023775922
0.029087657
0.038490184
0.2147772
0.047949348
0.037797026
0.057465907
0.05768841
-0.10929883
-0.24127816
-0.12648267
0.06603377
-0.0030910168
0.06412199
0.031872466
0.097683854
0.046426594
0.022328166
-0.0010461286
0.014736087
-0.0031761597
0.36471796
0.0025619238
0.0074268314
-0.022193365
0.00798339
0.015903039
-0.050946843
-0.0020282897
-0.072529614
0.46539724
-0.062940605
-0.016502695
-0.06551079
-0.027529452
0.016576758
0.08541853
0.043276947
0.030093843
0.23523219
0.033740122
0.04070566
0.013947851
0.04525137
-0.046887435
-0.025809154
-0.0558837
-0.021380048
-0.039458353
-0.013116785
-0.06652607
-0.104477584
-0.091988094
0.026911039
0.047800466
0.05015081
-0.016938252
0.16568494
0.18489073
0.01974691
0.023295466
0.056833863
-0.0006278045
-0.06920743
0.008376599
0.03397579
-0.097516686
0.020235753
0.09971341
0.19099817
0.11048211
-0.052695103
-0.0449342
-0.051174674
-0.06273261
-0.06983954
-0.045360256
-0.04590631
-0.040617798
-0.059385687
0.18827602
-0.060222708
-0.03163111
0.12933819
0.08187832
-0.058185477
-0.06447017
-0.050278522
0.023627533
-0.033501998
-0.09326389
-0.047523927
-0.058785647
0.5227829
-0.06983887
-0.054689612
-0.07684858
-0.04733432
-0.13771498
0.019486167
-0.013606112
-0.19709477
0.07361963
0.051907923
-0.14501904
0.003085253
-0.006836068
0.093989715
0.10185138
0.10619553
0.09001036
-0.049976572
0.075820275
0.0921234
0.04838053
0.12199554
0.05882954
0.17616282
0.049146064
0.033954076
-0.010217937
0.052242678
0.005151963
-0.02488507
-0.0065083723
1.1443924e-06
3.315248e-06
1.6093006e-06
7.02542e-07
8.8320377e-07
4.2601593e-07
4.2009353e-07
1.1402837e-08
9.795012e-07
-0.05621479
-0.033442862
-0.048024017
-0.03685996
-0.0806551
-0.047530014
-0.040900458
-0.09349188
-0.049840227
-0.06325962
-0.07069007
-0.055377617
-0.055533696
-0.09098158
-0.06194035
-0.052666098
-0.037792098
-0.0517757
-0.012543142
0.020950748
0.01354059
-0.018807506
0.017696321
-0.044814136
0.11069645
0.15009628
0.11054327
0.03975219
0.013716259
0.04087911
0.028362263
0.069805525
0.015166461
0.03469223
0.16468967
0.03584664
-0.025891403
-0.048055913
-0.051427174
-0.05109282
-0.0858031
-0.054348525
-0.042427108
-0.078471616
-0.054004733
0.055916227
0.13787802
0.07097776
0.027888918
0.11461775
0.01629897
-0.014758616
-0.032282982
-0.00035694227
0.03128798
0.033459518
-0.34501335
0.023434918
0.1036685
-0.027887026
0.06630526
0.053170566
-0.06268124
-0.045171186
-0.08322595
-0.037960503
-0.0694144
-0.050511338
-0.07141391
-0.03148531
-0.057444725
-0.028727928
0.002112057
-0.0031962749
0.008141886
0.03071724
0.281443
0.03820983
-0.0074980413
-0.06601974
-0.010186005
-0.13808866
-0.13069366
-0.15133585
-0.021246772
0.06392651
-0.019900609
-0.03872619
0.05385068
-0.0045956345
-0.05565877
-0.043681394
-0.05571191
-0.042237822
-0.07159148
-0.049894523
-0.07343846
-0.06998173
-0.056660507
0.051046263
0.015988836
0.071317814
0.10392078
0.042893555
0.06396135
0.076516636
-0.032249738
0.057116434
-0.056220528
-0.043836147
-0.08002182
-0.06374406
-0.03460265
-0.0635813
-0.037379265
-0.033595018
-0.041699328
0.035859473
0.02918316
0.046317514
0.068597585
-0.10056422
0.06894929
0.046950314
0.20680489
0.05420809
-0.013753088
-0.025253957
-0.014997729
-0.018179543
0.31193686
-0.01698686
-0.004320187
0.013405372
0.00023714258
-0.015086492
-0.007456352
-0.03059635
0.03405945
0.024660407
0.038587503
0.04147164
0.19300748
0.057517096
0.011640665
0.012493144
0.015292982
0.023910988
0.26863307
0.029606028
0.008067321
-0.00082159304
0.0028105252
-0.09312671
-0.14998236
-0.109111205
-0.017752059
-0.065359905
-0.008796615
0.10188126
0.14137639
0.12197105
-0.0376225
-0.08894171
-0.04173374
-0.08721612
-0.022630844
-0.09057275
-0.04996773
-0.07596096
-0.06594026
-0.012263074
-0.0249852
-0.013154892
-0.06449415
-0.1457573
-0.06800378
-0.01744343
-0.08018624
-0.030378493
0.03543231
-0.019536741
0.034244504
0.054345634
0.043266628
0.056981795
0.07089719
0.10577523
0.08534219
