-0.007502343
-0.0010937658
-0.037499078
0.0006197435
0.00048404734
-0.0010562142
-0.033734374
-0.006382274
0.0005536742
6e-45
-0.0012856418
-0.001531727
-4.101563e-18
0.0006640402
-0.008883909
0.00068115466
-0.002466956
0.0008121986
-0.03288057
-0.0017990287
-6e-45
-0.013040122
-0.0033352368
0.0006212512
0.00079158513
0.00050910667
-0.02301669
-0.006272597
-0.00904252
0.00040302303
-0.013593968
0.00043160404
-0.01403423
0.00047311367
-0.00064644084
0.0007628493
-0.017338205
0.0006620634
0.00056853896
0.0003751753
0.0013160862
-0.0017280311
0.0004397515
-0.001434466
-0.0035886317
6e-45
0.0005959197
-0.0033719228
-0.011618562
0.0010006883
-0.0021450864
-6e-45
0.00019002978
-0.0010897155
0.0005949903
0.0005046875
-0.0011982294
0.00054709683
0.00039809674
-0.0011984502
-0.0021573044
6e-45
-0.0014620922
0.0012251958
-0.021090426
0.000891623
-0.028245313
-0.011217551
-0.003326469
6e-45
-0.0016053455
-6e-45
0.00065263064
-0.017736306
6e-45
0.0007724612
-0.00089191884
0.000559172
-0.0020399517
-0.006579826
-0.0014747456
0.0006231031
0.0006238452
-0.009480277
-0.0016435497
0.0006230258
0.0007143516
-0.0008545813
0.0005981385
6e-45
-0.004711651
0.00088499684
0.0008315794
0.0004530896
-0.011737234
-0.0012422475
0.00075401587
0.00057439035
-0.04451943
-0.0015784831
-0.013195227
-0.0012124381
0.00045805195
6e-45
0.0006271367
-0.012525271
6e-45
-0.00209892
0.0006968459
-0.0011720818
0.00082738616
-0.01026229
0.00058281806
0.0008719887
0.00036001665
0.0005933023
0.00082031806
0.00072701264
-0.008268314
-0.02441296
7.6735047e-22
-0.0057961787
0.0009026351
-6e-45
0.0008684499
-0.0062261294
0.0007093117
0.0006859632
0.0006460122
0.00071604137
-0.0049190475
-0.0012517462
0.0011186248
0.0005794523
-0.0014377886
-6e-45
0.00059244735
-0.0021158287
0.0005845187
6e-45
-4.854328e-19
0.000709845
0.0007772884
0.00092877354
-0.0022043656
-0.0021808585
0.0005750987
-0.0013679527
-0.045379832
-0.0025271298
-0.0018009874
-0.017194116
-0.0052592023
-0.03841192
0.00057836995
0.00089604274
6e-45
-0.0022396622
-0.0017130176
-1.4157088e-13
0.00042781638
-6e-45
-0.0016144874
0.00045624335
-0.001637435
0.0006498697
6e-45
0.0004422622
-0.017133247
0.00058326096
-0.0072450787
-0.0034104506
-0.0016015222
6e-45
-0.0019157557
-0.0011661976
-0.0014383206
-0.001248213
-0.0017303787
0.00046736433
0.005022633
0.0003740939
-0.0012960929
-0.0013784813
-0.004025504
-0.008191581
-0.0018404081
0.000951389
6e-45
-0.0016979148
-0.008056469
-0.0011420429
0.00083222677
-0.0012049386
-0.015383785
0.0005194506
-0.0010545134
-0.0046351883
0.0015010185
-0.0009646065
0.0008268274
-0.0014020432
-0.012583799
-0.0018331861
-0.0022361784
0.0007231604
-0.0011588185
-0.006761679
-0.001669186
-0.0074912114
-0.0013689061
0.0010312091
0.00082397455
0.0018981817
-0.0020993003
0.00045867247
-0.0029429917
0.00058471784
0.0006111959
-0.003814434
0.0008104516
-0.0020175297
0.00054047344
-0.0015154196
-0.0019268201
-0.001083978
0.0006375766
-0.034466263
0.0005641115
6e-45
-0.003964787
0.000612092
0.00079310086
0.0005082976
6e-45
0.0006008285
-0.0018161463
-0.0035773185
0.00034162748
0.0005228161
0.00029661081
-0.0010843101
0.0007547059
0.0008600624
0.0006507682
-0.0010928086
0.00068571256
-6e-45
-0.0016097235
-0.016247699
0.00093560945
-0.0029395053
0.0006384029
-0.0016587932
0.0005788935
-0.0012856014
-0.0011681645
-0.01800394
-0.013073153
0.0014980844
-0.034782503
0.0005363249
-0.001639903
0.0005569063
0.00072283176
0.0007964337
-0.001014538
-0.0018198952
0.0010404872
-0.011713257
0.00081457617
-0.008873312
-0.0023314543
0.0008694443
0.0008311012
-0.0067989454
-0.002644069
-0.0013388583
0.0004672045
-0.04407015
-0.0025242278
-0.0013868517
-6e-45
0.0011380212
0.0009325253
0.00063215586
0.0006954429
0.0006471846
-0.0052857427
-0.001441609
-0.12699713
-0.035792477
-0.0013052768
-0.035110056
6e-45
0.00051051506
0.00084676215
0.0006901638
-0.001846468
-0.0014760398
0.00071350735
-0.0018219333
-0.00084114505
0.00096392515
-6e-45
-1.4126264e-20
-0.002142025
-0.013276453
0.0004038123
-0.004553602
-0.0012090727
-0.033822767
0.0005594988
-0.0016312669
-0.0013693616
0.00041450746
0.00080624374
-0.0018507973
-0.0046655284
-0.0019115992
0.00021192619
-0.009518897
-0.008176389
0.0006372919
-0.02808783
0.00088243536
0.00073118985
-0.011360327
0.0005022355
-0.0018049062
-0.0017836718
-0.0077570737
0.00038628632
0.0005630788
-0.0032655506
-0.0059255497
0.00033084222
-0.03979251
-0.031122575
0.00076488283
0.00056553463
-6e-45
0.0006060816
0.0006844191
0.00052739115
-0.0018829961
-0.005746728
-0.0012023732
-0.0037677414
-0.001596846
0.0007125667
0.000504432
0.00079147535
-0.0021566884
-0.002390766
0.00060422835
0.0007318185
0.0005080005
-0.04193973
0.0007692899
-0.038333222
0.0009866889
-0.005805381
-0.0019504013
-0.0081743235
-0.0035335075
-0.0044629024
0.0008982819
0.0005051366
-0.0018888168
0.00055125135
-0.0021417881
-0.0021946616
0.00086916547
0.00041031546
0.0008080763
-0.0010822163
-0.035244886
-0.005183573
-0.008230673
-2.0443766e-19
-0.0031806333
-0.0012229452
0.0008880889
-0.030045198
0.0004108334
0.000259563
6e-45
0.00038387513
-0.0073916786
-0.00336773
-0.00379
0.00059495575
0.0011863807
0.00085336686
2.2313687e-13
-0.043196984
-0.0031457704
-0.008975913
0.0005516993
-0.005843655
0.00062896503
-0.0053497297
-0.008401721
0.00085193757
0.0005843957
-0.001847421
-6e-45
-0.03941943
-0.018904073
-0.0020253018
6e-45
0.0006287919
-0.0024522473
-1.1867291e-18
0.0005026889
-0.0074969647
0.0007469422
0.00072765065
-0.002541936
0.00061068527
-0.0016047162
-0.0050158426
8.619544e-22
0.00078991475
0.0008755711
-0.0015121952
-0.031872276
-0.0057631857
-0.0013176707
6e-45
6e-45
-0.0011787862
-0.0031046842
0.0004297664
0.00068945374
-0.0008709298
-0.0018887616
0.0005772955
-0.006232368
-0.0054624076
0.0007563457
-0.0011117549
-0.0020426605
-0.0059795207
0.0006856644
-0.026293175
-0.002188694
0.00033903777
-0.007086535
0.0007858822
0.0006010695
-0.02948203
0.00069230533
-0.0052251844
-0.009612602
-0.0037433442
-0.037063356
0.0011083819
0.00065983704
-0.028465962
0.0007669925
-0.0016251391
-0.015057014
0.0005363971
0.0005970155
-0.0015298841
-0.0016907046
-0.0011315336
0.0010000409
0.00069540774
-0.0073861703
0.0008299963
0.0006006232
-0.015866915
0.0006487611
0.00066561816
0.00091006496
-0.008401559
0.000543797
-0.0021299957
0.00060683396
-0.0013320388
0.00089198735
-0.0007834955
-6e-45
0.0006672206
-0.0019200647
-0.0018838047
8.5070045e-05
-0.001801074
0.0009305764
-2.68711e-16
0.0005812834
0.0006222868
-0.0018581613
0.0009966284
0.0005896494
0.0008784066
-6e-45
0.0006508253
-0.0027403908
0.0007037083
-6e-45
-8.664823e-18
-0.013154996
6e-45
0.000290992
0.00057126227
0.0012030356
-0.0057159606
0.00078819104
0.00088511966
0.00084997807
0.000887864
0.00029348343
0.00074059586
0.0010472601
0.0007800418
-0.006559327
-0.0018879523
-0.0018146007
-0.0020653645
-0.0011884331
0.0006669504
-0.006103329
-0.0045793783
-0.012102671
-0.0014102216
0.0006158173
0.00062242936
0.0008656795
0.0005811828
-0.022464104
-0.011883427
-0.00067582616
-0.0057468712
0.000476307
0.0011501908
0.0006307824
0.00075705466
-6e-45
0.00066446053
-0.0025673439
0.0007214465
-0.001730964
0.00069582637
-0.002420117
6e-45
0.0005607829
-0.0012869067
-0.01048799
0.0006984863
0.0009691415
0.0007077051
6e-45
0.000496048
-0.0038377284
6e-45
-0.013272654
-0.008342619
0.00092262274
-0.0017003281
-0.04621648
-0.021681208
-0.007796019
-0.023460077
-0.0021104242
-0.0023397356
6e-45
-0.001187531
0.0002798374
0.00062317867
0.00083593826
-0.0014602118
0.0004899831
0.00045637542
-0.0048709936
0.0012185933
0.00054495997
-0.024370303
0.000574099
-0.0020892173
-0.0065892353
0.00093518646
-0.001662766
6e-45
0.0006612066
-0.0014402549
-0.0014234855
0.00089302706
-0.0024368707
-0.033224218
-0.0012959006
-0.037809916
-0.004167053
0.0002995712
0.00083850435
0.0009716803
-0.0020421268
0.0007984434
0.00091817003
-0.001980974
-0.009403193
-0.044801027
0.00033299578
-0.00358195
-0.005020087
0.0009886279
6e-45
0.00090366695
0.0010604108
0.00022596397
0.00031651097
-0.001017671
-0.0068221055
0.0005198011
-0.002569678
-0.0046113804
0.0003690264
0.00075258175
-0.0012385875
0.0006745147
0.0012737383
-0.0014893175
0.0011497091
-0.002086661
-0.014753582
-0.0017431538
0.00063439325
6e-45
6e-45
0.0008044382
-0.006929338
6e-45
-0.0013325609
-0.00090518396
-0.0397335
-0.0010642427
-3.60783e-16
0.0005620596
-0.0058618113
0.00066582754
-0.021282582
0.0006371456
0.0006903035
-0.0017569744
0.0012341703
0.00077860174
0.00053946284
-0.039045084
-6e-45
0.00054191065
-1.4276649e-16
-0.010293014
-0.0021172655
0.00042963008
-6e-45
0.00053612527
-0.009999343
6e-45
-0.0009852537
-0.00557067
0.0006221691
0.0005633291
-0.0013674031
-0.002700432
-0.03163921
-0.016772946
-0.0025580395
0.0005320171
-0.034739997
-0.006833968
-0.0034722304
-0.03330522
6e-45
-0.0014807533
-0.0014210589
-0.0012520795
-0.0014719716
0.0014053849
-0.0014877176
-0.014586435
0.00040701003
-0.0041551962
-0.019579193
-0.0076857423
-0.0029593261
-0.0007828372
-0.008861432
-0.039214455
0.00067919877
-0.010128119
0.00065443764
-0.0031240385
6e-45
0.00074906735
-0.005063172
-0.0041241823
-0.041726742
0.00037342924
-0.001212599
-0.01609521
-0.0014831128
0.00044750495
-0.024401633
0.00061061926
0.00093031034
-0.0012082369
-0.0013645232
-0.0009927864
-0.039535932
6e-45
-0.021273775
0.0005619398
0.0007225547
0.0005356197
-0.010611995
0.0006865295
0.00080153515
-0.018135918
0.00036554938
-0.0013044076
-0.04205662
-0.0019714867
0.00070553034
-0.026009781
-0.0014410928
0.0005782829
0.0008074877
-0.0016331277
0.0003993033
-0.0065556453
6e-45
-0.0031524766
0.0007720092
-0.025587624
-0.0012749288
-0.0015999685
-0.028912961
-0.0010940417
-0.0033457398
-6e-45
0.00058761495
-0.008587162
-0.001721592
0.0008698193
-0.039398417
-0.005760713
-0.0012933124
0.0016956609
-0.001408401
-0.0098379655
-0.0011146896
6e-45
0.00048533033
-0.0013895918
-0.0016289864
0.00049914693
-0.0017050848
0.0003366007
6e-45
-0.0012838711
-0.0013456446
-0.0011263179
-0.0055702594
-0.0014063306
-0.001812174
0.0010377318
0.0010204961
-0.011220025
0.00055653974
0.00090910826
0.0008034503
-0.0010546996
-0.0015277406
0.0006575949
-6e-45
-0.0026542363
0.00034209996
0.0007301821
0.00074321113
-0.03109501
0.0005967006
0.00059823436
6e-45
0.00028339162
0.0006309817
-0.0018150245
0.0008632303
0.0003451305
-0.0015267184
-0.027369218
-0.018747691
0.00056850666
-0.0012055963
-0.001151955
7.5383533e-22
-0.034133177
-0.043562945
0.00041473686
-0.00528166
6e-45
0.0005510419
-0.00083036354
-0.0016658034
-0.0013871721
-0.0131325275
-0.009474675
-6e-45
-0.0026034021
-0.007958125
-0.0016458607
6e-45
-0.0019571034
0.0008915387
-0.0013075402
-0.0013653345
-0.0015699886
-0.0023298427
-0.0014974667
0.020121988
0.0006872352
-0.009943999
-0.0018239359
0.00030115843
0.0005494768
-0.0014653679
0.00045235912
0.0003939827
0.0011508767
-0.00359613
-0.0017391274
-0.0056417543
-0.0026432932
-0.0037687016
-0.0032175824
-0.0017213138
0.0010120232
0.00043857488
-0.014935337
-0.0019328037
0.00062023563
-8.8666064e-16
0.00054657634
-0.007643379
0.00065802055
-0.005141391
-0.0018208036
-0.0061594467
0.00061115867
0.00126658
-0.0041953237
-0.0016613336
0.00073214713
0.00068217004
0.0006339066
-0.0011873418
0.0005680176
-0.0066886437
6e-45
0.00084870454
0.0007854163
-0.003966511
-0.004498892
0.0006356897
0.0010138671
0.0006365961
6e-45
-0.0015805889
0.0009514541
-0.0013133909
0.00049258926
0.00074622344
-0.0014036259
-0.0023988162
0.0007086597
-0.0019728183
-0.0010801016
0.0009942141
-0.0018504494
0.00071096164
-0.0029676938
-0.0031532208
-0.0015309177
6e-45
0.0006843158
-0.0033229594
0.0010215647
-0.007758315
-0.0023052108
0.0008441179
-0.001934154
0.00070678385
-0.0012261375
-0.0013820553
0.0008012587
-0.03334723
6e-45
0.0023174789
0.0005429439
0.00096298876
6e-45
-0.03869322
-0.0011043984
-0.008506739
-0.0010352603
-0.0022483482
0.0005665741
-6e-45
-0.046093766
0.000577619
-0.02874608
-0.0042683436
0.0005909641
0.00020417346
-0.001463069
-0.001194342
-0.0024599812
-0.008313906
0.00089110725
-0.0012476677
-6e-45
-0.0014475203
-0.0045815227
-0.009611673
0.00069105794
-0.002999898
-0.0039378363
-0.0016204246
0.00047380346
0.0006534913
-0.001893138
-0.0019223935
-0.0017596427
0.0005743103
-1.2229163e-16
0.0008605727
-0.0015071232
-3.4504875e-13
0.00090504915
-0.0018579083
-0.002234929
0.000761353
-9.730439e-16
0.00048648918
-0.0022546398
0.000803097
-0.0033859997
0.00068435277
-0.00068460125
0.0005774147
-0.001086939
6e-45
-0.0039857966
0.00030190547
0.0010004493
-0.0017840847
-0.0013788526
0.00073076057
6e-45
-0.0020428423
-6e-45
0.00049718656
-0.036324587
0.0006285165
0.000803
0.001386622
0.0006589137
0.0006929912
0.0007227637
-0.013884897
0.00082669314
-0.00201657
-0.0016389104
0.00084566494
-0.017555993
0.0067329956
-0.0026620433
-0.0017841961
6e-45
0.0005145113
0.00119412
0.0007067841
-0.00209719
-6e-45
0.0005280918
0.0005021089
-0.0029344351
0.0007165278
0.000834245
-0.0010148443
-0.0013997111
0.0008420536
0.00092422
0.000804151
0.00077549974
-0.0014766864
-0.010902355
-0.0046969843
-0.00715117
0.00074577157
-0.028773334
0.0005853698
-0.0010049777
0.00065585866
0.0008577116
-0.0009798004
-0.00088273967
-6e-45
-0.001985801
-0.007910393
-0.0021579214
0.00089894456
-0.00613931
6e-45
0.0007962089
0.00066758855
0.0007415749
0.00057264476
-0.0013816697
-0.0014797805
-0.02369073
-0.012790459
