0.026673546
0.08115152
0.06132461
0.06436901
0.18795381
0.13940965
0.06446555
0.14179517
0.10498074
-0.085156925
-0.1409782
-0.08707526
-0.1323693
-0.29267532
-0.19655885
-0.08094309
-0.18520501
-0.12733367
0.038863935
0.099723406
0.07657574
0.08114516
0.20100862
0.14480093
0.07643179
0.15124683
0.07954006
0.04341723
0.092194565
0.07458619
0.10574487
0.18889591
0.1394702
0.068339586
0.13080049
0.104294725
0.07770577
0.12527125
0.036691334
0.10318903
0.23493765
0.15449096
0.038264208
0.16081314
0.13544388
-0.0091177635
-0.08447974
-0.07936688
-0.07873811
-0.20934984
-0.14816919
-0.0808644
-0.15775102
-0.11046155
0.076735765
0.07811047
0.03783478
0.13606048
0.19864118
0.12430685
0.06833487
0.16363804
0.102917954
0.051623538
0.106752075
0.075147785
0.12439764
0.23856834
0.16303058
0.08707807
0.17137273
0.11460334
-0.0456869
-0.16946271
-0.12711127
-0.16063185
-0.14745131
0.037187193
-0.06895981
0.083641924
0.21500206
-0.038467176
-0.081855685
-0.0689549
-0.0967711
-0.19375424
-0.13381037
-0.075201906
-0.15251394
-0.09901065
-0.060859654
-0.078433454
-0.049455173
-0.091399685
-0.19059563
-0.12367806
-0.052907135
-0.13975349
-0.1066692
0.059795108
0.10424032
0.06749719
0.10225009
0.21661747
0.15651223
0.067319855
0.1647107
0.121156394
-0.055504713
-0.11384276
-0.053799536
-0.1046438
-0.21647768
-0.13686727
-0.055862498
-0.15918632
-0.13101293
0.053170394
0.08535602
0.07274411
0.08199673
0.1899145
0.14871329
0.07051005
0.16095507
0.10751755
-0.013644778
0.012947855
0.05244526
0.047823027
0.15066327
0.14897914
0.036853805
0.16035908
0.13208216
-0.04633744
-0.11353948
-0.06723835
-0.10217199
-0.23002738
-0.15877166
-0.0567993
-0.15326743
-0.13805135
0.05894646
0.11207978
0.0740342
0.1097398
0.21640179
0.15705067
0.06310356
0.1377307
0.108526506
-0.05953752
-0.11411887
-0.083986506
-0.080138795
-0.1720691
-0.12406725
-0.027658379
-0.10869612
-0.092520975
0.009753214
0.10460733
0.09105592
0.066644885
0.19680761
0.13284534
0.0765427
0.12808241
0.064012796
0.05471291
0.08889228
0.06452724
0.13250455
0.23373394
0.14624375
0.07246539
0.17137145
0.13163511
0.08302153
0.14047767
0.07402587
0.103350654
0.1343951
0.11207197
0.03668552
0.080526955
0.065212995
0.0301964
0.08967702
0.06612483
0.088213556
0.16393997
0.14274527
0.0679596
0.152503
0.10714001
-0.026797099
0.040753637
0.047705997
0.07234024
0.18313776
0.13268076
0.09244859
0.15630308
0.0934294
0.07296599
0.11613947
0.05768485
0.1349527
0.24939182
0.15186599
0.065145895
0.1600667
0.11261739
0.037798174
0.09675762
0.09949571
0.07490771
0.21205564
0.15145129
0.062388085
0.1348262
0.080433734
2.9396805e-08
-5.736798e-08
-2.2668219e-07
6.8988797e-09
-3.014513e-07
-1.1284564e-07
6.6059314e-08
-1.087453e-07
1.859151e-08
-0.059105083
-0.10684534
-0.052624553
-0.13119438
-0.16876882
-0.09057591
-0.0654029
-0.10084502
-0.053029504
0.03513481
0.014051158
-0.019439634
-0.018831398
-0.17296451
-0.20387748
-0.036514167
-0.20449129
-0.21135168
0.07135355
0.11223764
0.055977434
0.10639327
0.22739355
0.15292986
0.038596667
0.15312524
0.11810501
-0.032235622
-0.063600756
-0.034810282
-0.10758719
-0.17995586
-0.11144485
-0.09334096
-0.14659733
-0.09954641
0.054374766
0.10581963
0.0519312
0.0900959
0.21284398
0.13658002
0.040896937
0.13936795
0.11653047
0.06713938
0.21332584
0.18041354
0.06842435
0.067450255
0.0033455992
-0.14098436
-0.2477605
-0.20592497
-0.0209999
-0.06327387
-0.058073852
-0.065337785
-0.2378178
-0.17505929
-0.031780303
-0.18008865
-0.16077864
-0.012771332
-0.06238794
-0.03765883
-0.08577598
-0.27599537
-0.09164583
-0.07498417
-0.13585603
-0.024661472
-0.05301242
-0.09513563
-0.049765922
-0.105918765
-0.16335437
-0.11046221
-0.055378437
-0.10148081
-0.08940306
-0.05573799
-0.08799507
-0.07038756
-0.07202691
-0.12930119
-0.12531896
-0.07228047
-0.11152603
-0.07942688
0.019854622
0.09886121
0.08814507
0.105484836
0.21110998
0.14091547
0.09280373
0.14737737
0.07590129
0.08583921
0.11914466
0.06455172
0.09574305
0.23486617
0.1715405
0.059240073
0.17344631
0.1301927
4.0306554e-09
2.836114e-07
-9.1153844e-08
3.233904e-07
-8.126497e-08
-1.2932438e-07
-1.4615038e-07
-1.6362391e-07
-6.3991564e-08
-0.055717822
-0.09464199
-0.061852846
-0.09894685
-0.20537394
-0.12749319
-0.043778006
-0.13522673
-0.09964061
-0.12655082
-0.15630402
-0.0291683
-0.09215738
-0.07532681
0.06902618
0.032198917
0.110901766
0.17859805
0.04956643
0.13785063
0.091187656
0.07554194
0.1962632
0.15913706
0.020056544
0.09963494
0.07496854
0.075610325
0.12698524
0.07744695
0.13179693
0.2950581
0.18765867
0.0871433
0.19886923
0.1469863
-0.022590112
-0.03255126
-0.0074207513
-0.09547631
-0.2007284
-0.12885341
-0.08285413
-0.18364754
-0.12713043
0.090628944
0.12097248
0.031585865
0.12605485
0.23778854
0.14557494
0.03827414
0.15450183
0.12843248
8.760893e-08
-1.3294382e-09
4.8220357e-08
8.893279e-08
-7.075351e-08
4.4000514e-09
-2.6077862e-08
-1.023088e-08
4.44743e-08
0.04066259
0.08548365
0.07031137
0.07728983
0.20271467
0.15739632
0.07506081
0.17260097
0.14155841
0.04229819
0.08862008
0.051894333
0.08090824
0.19733329
0.14254601
0.056960132
0.1578201
0.12189213
0.06992061
0.116282105
0.04457573
0.108138636
0.21892038
0.14448164
0.03849186
0.13834734
0.12686536
-0.046775073
-0.092221364
-0.08675328
-0.12072104
-0.19234224
-0.16799137
-0.09530576
-0.17795035
-0.10714164
0.044899866
0.10176228
0.06658928
0.08613236
0.19905797
0.15631406
0.057947487
0.15409468
0.12810342
2.914525e-07
-7.0879686e-08
4.6271595e-08
6.906929e-08
2.0329676e-07
1.5234502e-07
7.809233e-08
3.0894603e-07
1.7268795e-07
0.051230226
0.103937514
0.0535627
0.09352959
0.1923019
0.12744886
0.05627475
0.13543627
0.12186963
-0.046268955
-0.10482765
-0.06663685
-0.09320267
-0.19301388
-0.14522137
-0.07750216
-0.14908084
-0.0860158
0.070787154
0.060701564
-0.04879413
0.10420395
0.096895486
-0.12801513
0.08591756
0.061320275
-0.12577507
4.6676803e-08
7.240325e-08
8.339838e-08
9.2266774e-08
1.9031832e-08
1.2142497e-08
1.0265689e-08
2.0103911e-08
-4.7102485e-08
0.035943653
0.12613669
0.08695843
0.1262119
0.24303684
0.15482703
0.10844899
0.16785447
0.09836359
-0.050979055
-0.10504816
-0.05476041
-0.12119802
-0.23626354
-0.1426861
-0.084911115
-0.14078154
-0.09906108
-0.14777707
-0.22327305
-0.097554855
0.058223445
-0.07245867
-0.1570918
0.14710903
0.19974205
0.0676368
0.055423874
0.11594076
0.07811085
0.082507364
0.2576086
0.19126533
0.055970676
0.17128785
0.1310708
0.02744811
0.122952126
0.102710806
0.10762853
0.25091994
0.17661278
0.08164313
0.16028053
0.10489165
0.009287118
0.019024165
0.011831757
0.07075265
0.22679253
0.16111141
0.076053575
0.24328198
0.1894932
0.08946046
0.12045979
0.07108289
0.1361678
0.16210091
0.13971992
0.078406796
0.13844746
0.13052943
-0.052272093
-0.096392855
-0.059634626
-0.09883271
-0.23503347
-0.17446932
-0.05741803
-0.1734384
-0.13116616
-0.14267655
0.05568812
0.14170183
-0.18854903
0.02087658
0.21807957
-0.10323234
-0.10085595
0.098878175
-0.06431535
-0.1005994
-0.05845045
-0.094637014
-0.20140852
-0.12937427
-0.050521914
-0.13566428
-0.11371961
0.0032065113
0.079416245
0.08170539
0.09820545
0.21494219
0.14499114
0.09457485
0.15279496
0.07927376
6.178334e-08
9.943334e-09
3.4289453e-08
3.130393e-08
-1.6614894e-08
1.0422706e-08
2.8166005e-08
-2.0613271e-08
-3.1934857e-08
0.03771711
0.10506416
0.07558967
0.11147412
0.21731858
0.14805709
0.07756592
0.1588163
0.09437793
-0.06759946
-0.10042172
-0.04634313
-0.11303748
-0.20393807
-0.1324439
-0.056662023
-0.12625073
-0.093558535
0.033789016
0.08731176
0.07321384
0.099350564
0.20618893
0.13710038
0.08548152
0.15463012
0.087231085
0.06148555
0.116214275
0.051929746
0.12281599
0.21985398
0.12576595
0.07274086
0.15187147
0.10025101
-0.04823951
-0.11031436
-0.055805452
-0.115486324
-0.20054315
-0.1335621
-0.059353538
-0.13532294
-0.09494878
-0.053265832
-0.11534388
-0.07883434
-0.07812959
-0.15949349
-0.12935221
-0.03751073
-0.11019365
-0.084095925
-0.041615903
-0.09995058
-0.05994248
-0.09404778
-0.1966055
-0.13096479
-0.055941388
-0.12930603
-0.090384744
-0.054312553
-0.1201668
-0.06067617
-0.093262404
-0.18621996
-0.13666153
-0.03936594
-0.12729228
-0.09721689
-0.03981152
-0.124030955
-0.070896536
-0.108525194
-0.18641998
-0.1322703
-0.058296315
-0.1247687
-0.09806191
0.09331154
-0.057726175
-0.12021644
0.14851527
0.05673247
-0.22723697
0.14955725
0.14329399
-0.16625391
0.026224626
0.095122844
0.07196476
0.05207272
0.20538488
0.17121634
0.057765126
0.16287076
0.1236533
0.025393153
0.08719878
0.065148436
0.09560902
0.23038729
0.16151947
0.07211974
0.17910083
0.13109346
-0.03771372
-0.09272357
-0.060238317
-0.09693858
-0.19974661
-0.13836925
-0.06410617
-0.1393792
-0.10355228
-0.05232261
-0.10660784
-0.04857789
-0.09287229
-0.20011713
-0.15545666
-0.060107842
-0.14884116
-0.12805721
-0.055536807
-0.08982924
-0.06759471
-0.096659265
-0.1538936
-0.112739734
-0.08306087
-0.10759004
-0.083225854
-0.14519787
-0.13266271
-0.012907104
-0.11474682
-0.05471255
0.08127471
0.00994795
0.13237204
0.22502176
-0.11926516
0.015596717
0.16819304
-0.2042069
-0.11825418
0.13201588
-0.026602464
-0.14852715
-0.06434403
0.06366116
0.12157045
0.06774852
0.15120125
0.26992467
0.14593749
0.11624619
0.19245522
0.09019952
1.3469321e-07
-9.328565e-08
2.9525498e-09
5.8791624e-08
-5.7511134e-08
-2.9202601e-08
-1.9160481e-08
1.9469213e-07
-1.13776814e-07
0.03623996
0.10403148
0.08406308
0.066292614
0.21238305
0.18312548
0.06406122
0.17322202
0.14950097
0.02714948
0.08034008
0.0471882
0.07623452
0.17127669
0.1265764
0.051627394
0.12286808
0.09726928
0.050684582
0.10179712
0.06544659
0.096455336
0.2141418
0.16019993
0.06773064
0.14957625
0.13058643
0.040481128
0.090351954
0.072347544
0.10100742
0.20400874
0.13514934
0.04826095
0.12606329
0.08606634
0.04197502
0.105768874
0.0712267
0.0829474
0.19013885
0.14001307
0.05950218
0.12505242
0.09720738
0.046536602
0.10647838
0.047457486
0.08298429
0.19904897
0.12382981
0.04415686
0.1000544
0.07582838
0.070771
0.10525663
0.054415748
0.15284592
0.24471213
0.14625785
0.112626
0.17430754
0.11605282
-0.05941441
-0.09394269
-0.06044097
-0.12043111
-0.1874495
-0.13544197
-0.068816796
-0.11202251
-0.07572819
-1.3895365e-07
-2.9399408e-07
-1.5517429e-07
-1.37001e-07
-1.763715e-07
-4.947794e-08
9.640281e-08
-5.8588125e-08
-2.448011e-08
0.046541404
0.12160388
0.09717964
0.12697802
0.28068158
0.2074263
0.10460138
0.21584299
0.15001483
-1.5287328e-07
-1.518945e-07
-5.4645714e-08
1.2043757e-08
-5.505276e-08
1.0249778e-07
1.14321644e-07
5.078689e-08
4.7554063e-09
-0.031317882
-0.11963439
-0.10416382
-0.11976279
-0.2380846
-0.15993956
-0.091980286
-0.12778187
-0.06768862
0.04658301
0.11680278
0.0801547
0.10927366
0.1979385
0.123364836
0.07534521
0.110045664
0.061131015
0.09607926
0.14073691
0.07113088
0.14282829
0.17900747
0.058974817
0.06922349
0.06588298
-0.006929079
-0.08182283
-0.13965568
-0.052939095
-0.0794688
-0.2725544
-0.14726873
-0.024203422
-0.059391625
-0.04707229
0.04928434
0.113223225
0.08749954
0.10969882
0.24624553
0.17807674
0.07641393
0.17238711
0.111548826
0.05273578
0.09952736
0.056659907
0.11181522
0.21680683
0.15296626
0.08931152
0.1504415
0.11866033
0.04223353
0.105111785
0.05781748
0.102866285
0.23450188
0.15604557
0.06496653
0.14186297
0.11376197
-0.045960095
-0.10856671
-0.045983605
-0.0861045
-0.20724384
-0.14431538
-0.055090826
-0.13168764
-0.114415124
0.045694392
0.08823571
0.030183544
0.08142402
0.21134323
0.16310015
0.043816656
0.15177856
0.15062815
-0.05552433
-0.091975436
-0.06322599
-0.100086786
-0.14543636
-0.12864868
-0.06312126
-0.123971745
-0.09047445
-0.02853696
-0.117635585
-0.090130486
-0.113393806
-0.23112403
-0.16592789
-0.089664675
-0.15611196
-0.10539337
0.03600577
0.08551405
0.057677686
0.07191892
0.20408279
0.15630354
0.03543039
0.13804024
0.114029735
0.07738776
0.015454824
-0.06067418
0.21218199
0.14627805
-0.07871892
0.19500403
0.1374625
-0.030623306
0.1428561
0.19468302
0.027444046
0.15684022
0.14090846
-0.053793214
-0.011992677
-0.098786205
-0.2001885
3.7175443e-08
-3.429871e-08
1.3055092e-07
8.4475076e-08
-1.958193e-08
-3.9846113e-09
1.681279e-08
1.5134509e-07
9.94064e-08
-0.07860337
-0.14041865
0.0036956074
-0.12761891
0.026248151
0.19438002
-0.06455549
0.14492522
0.26111266
0.04029791
0.09956275
0.06411817
0.10037799
0.23495685
0.16318749
0.06768417
0.16246048
0.11840575
0.09334306
0.13787106
0.054960232
0.13008784
0.23180243
0.13214096
0.04376193
0.12046277
0.102263235
0.03822915
0.10163804
0.061261415
0.10665646
0.20915423
0.13793638
0.06748468
0.15254693
0.09710241
-0.061556738
-0.10234523
-0.06279647
-0.110053085
-0.1744209
-0.12444298
-0.06977307
-0.12972501
-0.077182695
-2.9110848e-07
3.5336245e-07
1.9942458e-07
2.1641492e-07
5.8907574e-07
3.9141187e-07
-5.1495977e-08
-8.439741e-08
-1.4218176e-07
0.052743543
0.10980064
0.06411967
0.09565434
0.21193159
0.14340945
0.048539113
0.14773582
0.11833191
0.046783373
0.1069149
0.07593834
0.08597742
0.22554913
0.16176862
0.060724836
0.15797396
0.106671825
0.055854455
0.10419025
0.059867807
0.122445986
0.21346879
0.11658001
0.104052305
0.16029942
0.078439526
-0.049027562
-0.09633828
-0.056930557
-0.11706713
-0.24656771
-0.14879379
-0.075476676
-0.15666033
-0.10862277
0.026442485
0.095255375
0.086686775
0.1020231
0.19063407
0.12960716
0.08077862
0.13911153
0.06887318
-0.05139102
-0.11232883
-0.04974782
-0.117214486
-0.17400058
-0.11267104
-0.05704119
-0.112574205
-0.09854508
-0.14924495
-0.14600591
-0.0054195994
-0.15378506
-0.026804969
0.13258828
0.09302866
0.17485102
0.17551623
0.04823834
0.093624584
0.05046151
0.111437924
0.19973265
0.13026638
0.06596379
0.1351517
0.10289751
0.086307205
0.13447073
0.08004512
0.12002712
0.21572112
0.16618736
0.06484233
0.16055517
0.1323836
