0.0852009
0.083475426
0.051948626
0.12683621
9.5131037e-07
0.11918821
0.13574143
0.14885244
0.123432025
0.13182889
0.16284245
0.14912257
0.09785116
0.124322705
0.08719391
0.14889278
0.16196127
0.16618426
0.15278399
0.15169822
0.1366742
0.12716557
0.14150245
0.15162295
0.122640185
0.13750885
0.16303448
0.12499839
0.12912908
0.15542987
0.19036746
0.124426894
0.113850676
0.111966886
0.13246332
0.106824666
0.16036282
-5.3707243e-09
0.12617102
0.13799678
0.07177913
0.13655707
0.13535771
0.14847578
0.15445505
0.11376821
0.113145016
0.12598883
0.12255337
0.18613428
0.23389396
0.09335841
0.13622996
0.15218692
0.14226672
0.13914782
0.13287453
0.14194967
0.15662259
0.14917392
0.103806004
0.13856235
6.4134844e-09
0.17172612
0.14072753
0.13383934
0.13085267
0.13923433
0.15283832
0.12627175
0.11909436
0.1511979
0.13491361
0.14115542
0.11820681
0.12626615
0.13388512
0.15167849
0.14457361
0.11515706
0.13963586
0.12801003
0.1640396
0.15258747
0.1480524
0.1285142
0.04514019
0.1395221
0.105016075
0.11904553
0.16031426
0.14513494
0.12225699
0.10237506
0.1383866
0.13630256
0.13209721
0.119473726
0.123821564
0.14353943
0.15004745
0.054440107
0.09387777
0.123022445
0.12302453
0.14304999
0.13612233
0.1357639
0.13193479
0.17136097
0.061889343
0.124123625
0.13025054
0.098410055
0.11257337
0.18009713
0.10591813
0.12417987
0.10022851
0.13788116
0.14072241
0.1237484
0.122032635
0.15281461
7.741895e-08
0.14600538
0.16136666
0.068465546
0.14727476
0.13249654
0.14912249
0.16060527
0.13624488
0.126927
-1.5922713e-07
0.11643798
0.124199264
0.13638861
0.1074155
0.12755603
0.11245161
0.14842552
0.14026462
7.715018e-10
0.120196536
0.14695837
0.09321711
0.14127924
0.14852445
0.14545901
0.14059803
0.1135512
0.1242657
0.16375262
0.15946206
0.13376544
0.12302626
0.17097613
0.10221101
0.12793036
0.10542562
0.078782395
0.14983138
0.093176216
0.14252266
0.14269207
0.17099413
0.162884
0.13516612
4.1555015e-08
0.08858769
0.14530317
8.081606e-09
0.1441254
0.12740332
0.15500124
0.13088045
0.110976815
0.12824522
0.118534036
0.120606095
0.087586
0.10817976
0.16716763
0.12847184
0.13365303
0.14647247
0.12931678
2.3687566e-05
0.13885158
0.11453189
0.10097729
0.12012619
0.1204768
0.12179925
0.13370419
0.15516017
0.14238004
0.1027355
0.12612388
0.11312287
0.13448054
0.1369656
0.1348079
0.1543175
0.13941474
0.14558363
0.14484194
0.11732663
1.5924459e-07
0.1816115
2.2888098e-09
0.13953182
0.13671184
0.1300998
0.09837495
0.19094622
0.13022824
0.12913054
0.08687409
0.124428935
0.14127544
0.10697676
0.12437445
0.13654798
0.10504655
0.10298237
0.1378925
-8.563539e-07
0.12150904
0.107516244
0.12696598
0.15448393
-4.4148243e-07
0.13873833
0.110806845
0.07741079
0.10155791
0.11839063
0.10745928
0.1086239
0.12663454
0.10173135
0.17079492
0.13643204
0.13506149
0.10871206
-2.2078307e-08
0.15069781
0.1336311
0.10627151
-7.230371e-07
0.06126581
-0.066702046
0.13872045
0.15619378
0.1356045
0.28436065
0.13630955
0.13730827
0.09462353
0.094848886
0.18422468
0.13422267
0.10818316
0.15177451
0.12862484
0.16565613
0.07245204
1.9188924e-09
0.114375785
3.6713799e-09
0.12904027
0.12761962
0.075806804
1.6208455e-08
0.14427143
0.18116286
0.09523362
0.15070674
0.1140951
0.08259664
0.13507654
0.1849704
-8.494107e-07
0.1101808
0.15172678
0.13824855
0.12103274
0.16343705
2.5779947e-08
0.15697974
0.13117796
0.15605281
0.13684669
0.17910236
0.14905304
-1.8456258e-07
0.14322753
3.4925534e-07
0.15303011
0.14544977
3.233448e-06
0.11860788
0.16227618
0.055691514
0.14993316
0.14567657
0.1318351
0.1058898
0.14458671
0.12106324
0.1316323
0.15975815
0.1392509
0.116374515
0.13391869
0.09954457
0.09207545
0.13399585
0.13618004
0.063975565
0.08924317
0.14357756
0.052393895
0.092247404
0.1282979
0.10886955
1.9455905e-08
0.124080405
0.1275746
0.15534614
0.119233705
0.13683736
0.109352015
3.9820787e-08
0.11749562
0.12467737
0.121257335
0.08933822
0.13057734
0.12241336
0.13861507
0.13973016
0.16293083
0.14110799
0.14067778
0.16732836
0.16183983
0.11149404
0.1693225
0.1639487
0.122656405
0.108776934
0.14038803
0.14351949
0.10949175
0.13285398
0.19169593
0.13007292
0.158784
0.15292211
0.13774398
0.09195429
0.13156517
0.12451937
-0.1391415
0.12472655
0.12606335
0.11720752
2.3058758e-06
0.11716549
0.14521192
0.087448366
0.13972151
0.15798444
0.10204117
0.14639828
0.08215643
0.12684232
0.112059444
0.15967524
0.115175694
0.10855544
0.15269394
0.13500187
0.11041524
0.10725967
0.07514926
0.08070934
0.123135604
1.1436594e-07
0.14076397
0.12613557
0.113096684
0.1333791
0.04206735
0.17292698
0.2122107
0.0943453
0.17805803
0.10987761
0.15262477
0.12839592
0.05939205
0.10806318
0.15773918
0.10029043
0.12814909
0.15837125
0.14115165
0.17704593
0.116998896
0.1647241
0.086449765
-0.10338793
0.062021017
0.14959222
0.14550845
0.14954549
2.137649e-06
0.15975899
0.12678024
0.1299027
0.17893754
0.11600897
0.11552927
0.12681575
0.13582416
0.1323086
0.1595224
0.1277799
0.11561146
0.13599621
0.104526564
1.1893436e-06
0.12681341
0.08645002
1.3020562e-09
1.1500497e-08
0.1561633
0.14082117
0.14740928
0.16998412
0.16447487
0.14394973
0.13476224
0.13963942
0.12800173
0.10799209
0.15451597
0.102556884
0.13045141
0.15969186
0.1166829
0.15318802
0.13115062
0.1837592
0.1587929
0.12637213
0.13594984
6.0833054e-09
0.1536515
0.10304645
0.15407826
0.13576622
0.08031777
0.13780612
0.15255915
0.13352238
0.08959845
0.12503058
0.12831128
0.10590164
0.12815927
0.120842636
0.093390085
0.1277845
0.10937783
0.093275346
0.00012616153
0.12771918
1.7382192e-06
0.12797685
0.08797349
0.07930477
0.15254441
7.302798e-05
0.091681026
0.09470947
0.114162125
0.11947883
0.15130456
0.1422086
0.16755311
0.14482462
0.12954643
0.16451582
0.14246446
0.07837683
0.13598447
0.16839637
0.122937635
0.12842613
0.12849359
0.18449663
0.09180843
0.15028562
0.1378444
0.063301496
0.14571789
0.13321997
