-0.12702422
0.09744568
-0.096347205
0.21307147
-5.873785e-08
-0.0710448
0.27674004
0.13596286
0.053801894
-0.021164117
0.20945008
-0.012707387
-2.0255838e-07
-0.009896068
-0.15653397
-0.12650177
0.019455498
0.09458287
0.14267671
0.074711
0.2604696
-0.19218156
-0.18051355
0.3557188
0.060736157
-0.074643895
-0.07715887
-3.3145927e-06
-0.0551391
0.046662103
0.053557746
0.090094015
-0.21065485
0.18594073
-1.1882745e-10
-0.030310275
-0.009237893
-0.056471378
-0.041899636
0.26697615
0.18646623
-2.1601302e-08
0.03933401
-0.0038719305
-0.19671686
-0.117972344
-0.11812208
0.17715542
-0.07190744
-0.021681292
0.32406962
0.1409924
0.31410283
-0.025694666
0.07911917
-0.09833354
0.07837804
0.16943428
0.20516255
0.20180461
0.009972367
-0.11381992
0.0079457825
0.19107416
1.6886223e-06
-4.2766015e-07
0.26839653
-0.19882137
0.23705317
0.42250904
-7.097051e-08
0.04680197
0.14811382
-0.07593293
0.08026651
0.26463166
-0.014604912
-0.23760815
-1.2306044e-08
-1.8041226e-09
-0.0469978
-0.15845384
0.033320192
0.012263077
-0.06681579
0.03045302
0.065684244
0.18348202
-0.08674727
-0.005297759
-0.17014699
0.22319871
-0.13194506
-0.03219406
-0.03458585
0.24882106
-3.8552404e-08
0.096184194
0.26457846
0.031717736
-0.043310165
-8.232841e-06
0.061970714
0.023615593
0.043725375
-0.023800083
-0.017131606
-0.07182479
-8.5208006e-07
-0.08865157
-0.091317356
0.36534333
0.50913393
0.15661804
-0.0026636985
-2.0169529e-07
0.23463605
0.04891098
2.1566612e-08
0.29109415
-0.0075964676
0.013393614
-0.056276135
-0.05869308
-0.51219314
0.010146774
0.01528077
-0.0015230897
0.19859065
-0.17575563
0.057808593
0.33839288
2.677916e-07
-0.09575275
-0.01002239
0.009496256
-0.042954598
-0.15722057
0.28646794
0.34176657
0.310528
0.34217086
0.03578413
-0.09080258
-0.10407922
0.262364
-0.017933417
-0.177793
-0.028454535
-0.11884688
0.001215323
0.3144147
-0.038417
0.005719565
0.2675181
0.22628914
-0.17111214
0.0035627813
-0.013154902
0.27034408
-0.113421895
-0.059576005
-0.008172507
0.0905007
0.4947512
0.020011496
0.13137417
-0.08179452
6.0755738e-05
0.098271474
0.092770584
0.2320677
0.014503089
-0.029973151
0.1055862
0.029201493
0.1524439
0.28685436
0.04191476
-0.060856372
0.17429404
0.43354404
0.23171194
-0.05882561
0.2921667
0.28465334
0.38224173
-0.18905029
0.18271764
-0.19216433
0.16348931
0.34879184
-0.14649339
-0.07617353
0.28632125
-0.028541826
-0.055037014
0.30731907
-0.09342787
-0.09590075
-0.042815033
0.035253987
-2.3249862e-08
0.34255677
0.007846864
0.37726122
-0.18402529
0.3207733
0.1729655
0.22301827
0.0061544753
-0.079364195
0.0326786
0.09789105
0.0027594953
0.05212931
-0.005047503
0.13968846
0.0064060665
0.12694556
-0.099948935
-0.016881015
0.26173085
0.30946916
0.29902238
-0.12903014
0.01405772
0.4661068
-0.053299095
0.08270545
0.32641765
0.021572419
0.11011932
-3.1897144e-08
-0.042534813
0.018488854
-0.17907146
0.1616769
0.24939592
-0.048577823
-0.3697069
0.0593003
0.033290464
-0.013373351
0.08359176
0.21958727
0.12183577
-0.13356525
0.08207304
-0.010327168
0.3231755
-0.03722116
0.16900189
0.0128411325
0.19152975
0.18153349
0.32107374
0.34438002
0.253554
0.17251772
-0.19431895
-0.017168008
0.34892672
-0.1435455
0.02224647
0.07791902
0.18839684
-0.004986583
-0.14001907
0.008445698
-0.07868763
-0.09549813
-0.046551183
0.26579216
-0.05590022
-0.045326337
0.20379065
0.39607865
0.31072643
-0.043281633
-0.08216533
0.07183731
0.26931146
-0.01977237
-0.049542986
0.19466919
-0.036295533
-8.999161e-08
-0.07938768
-1.3036651e-08
0.012375287
0.16665341
0.12981938
-9.886337e-05
-0.038258307
-0.20370264
-0.04302734
-0.00027847989
-0.06532271
-0.03956263
0.3540796
0.14438729
0.4162187
0.08070741
0.2759279
-0.002566749
0.2546164
0.023277711
0.17306031
-0.009059144
0.27645168
0.13126247
-0.02263283
-0.072081715
0.06526512
0.11764592
-0.05324509
-0.063096516
0.3141032
0.13105235
0.23307408
-0.07346476
-0.21745703
-0.124404125
0.22818424
0.42382795
0.28843263
-3.899055e-06
-0.03996492
-0.091269344
-0.11290485
-0.114990495
0.0069615175
0.22611736
0.12572123
0.042194046
0.45897034
-2.4993343e-08
0.29373208
-0.12727877
0.25179645
-0.09814291
0.11268028
-0.014229848
-0.0779686
0.034592032
0.0042967275
-0.04063262
0.018354021
0.3118178
0.3692653
0.3350177
0.21270107
-0.09809365
-0.036801197
-4.215976e-05
-0.058935456
0.319328
0.38187343
-0.0055434243
0.35250017
0.016858159
-0.16547455
0.1878871
-0.11143724
0.30480078
0.36668044
0.39717624
0.047491368
0.042151336
0.2760052
-0.10261046
-0.10195503
-0.03170447
-0.112678416
0.3611719
8.4918696e-08
-0.009888836
0.018979441
0.1367674
-0.07629487
0.062894486
0.01143712
0.4001498
-0.12797835
0.25386137
0.1976431
-0.1393807
0.26394042
0.059587333
0.070828825
-0.12611505
0.27618265
-0.08087747
-0.04949729
-0.0919597
0.2141166
0.29553854
0.052955598
-4.143545e-08
-0.09951389
0.21415052
0.1963045
0.30951867
0.08291446
0.20126683
-0.08601495
-0.06326801
0.0040202634
0.2256343
-0.05281694
-2.3015416e-06
-0.08829307
-0.33794558
0.33512968
0.35235652
0.028639596
-0.053900056
0.45564318
0.020454554
0.26393723
-0.049436096
0.105127715
-0.06590392
0.23670906
1.359412e-08
0.1774224
0.06542987
-0.05110405
0.40131775
-0.029111782
0.34671867
-0.06832063
0.11421545
-0.21271966
0.35807964
0.23926891
-0.06504492
0.02331311
0.3281063
0.13256676
0.1581712
0.0985494
0.39567867
-0.07330892
-0.028118193
0.33131507
-0.08035536
-0.0133224195
0.383585
-0.03633651
0.0041680834
0.09749385
0.089416
0.2725654
0.2814722
0.015340213
0.28752804
0.49686247
-0.028682852
-0.15213513
-0.041495167
0.088365026
-0.018397951
0.02759931
0.37170067
0.013847118
-0.053914968
0.027320959
-0.12113688
0.2686302
0.29694077
0.3234549
0.10430145
-0.076091796
0.32572514
-0.08361904
0.29644966
0.100594915
0.2895124
-0.14314817
0.31872606
-0.05273945
0.14658311
0.036428604
0.13068739
0.41753843
0.4077395
-0.11884078
0.044962704
-2.5741995e-06
0.031474557
0.12706548
0.006688404
0.015841832
0.09269087
0.029410468
0.23703492
0.28359988
0.044251174
0.3006821
0.039429445
-0.12284402
0.21744421
0.05287504
0.08786146
0.031136137
0.012364058
0.27915037
-0.24741064
0.41172695
-0.0053728116
