0.15415673
0.11620633
0.19612704
0.17748392
0.22113746
0.15378772
0.067497216
0.18659349
0.17661075
0.13441458
0.15701547
0.15088974
0.04101342
0.15436783
0.044960763
4.531218e-09
0.15567063
0.06801187
0.15355864
0.13254091
0.15121125
0.15267435
2.256883e-05
0.20861743
0.30846566
0.10113954
0.055414576
0.2486795
0.16444895
0.15143824
0.16926433
0.1264105
0.16755521
0.13930044
0.21596348
0.1686562
0.18833683
5.9899424e-10
0.058730572
0.18296336
0.1516487
0.12961131
2.7625376e-07
0.17232332
0.2056836
0.21643648
0.14119284
0.15110047
4.3144684e-08
3.348157e-07
0.23157533
0.22697353
0.14280432
0.15443149
0.20260827
0.17770816
0.1648535
0.14599383
0.19673735
0.05653697
0.1497447
8.375168e-07
0.11695043
0.05633164
0.072803535
0.06938251
0.14703362
0.13925168
0.051571343
0.1395135
0.15591617
6.6344477e-09
0.18089978
0.1324187
0.16185945
0.19143878
0.19981273
0.1276231
0.22530615
0.16994175
0.17680094
0.14943558
0.21555853
0.113396116
0.18340221
0.1938898
0.15301213
6.4879197e-07
0.15826881
0.15942556
0.16422695
0.16067441
0.16277105
0.07475758
0.16491295
3.612205e-08
0.15356696
0.13048884
0.14957842
0.10297452
0.17620085
0.12893254
0.0690169
-1.9656753e-08
0.14039925
0.16319185
0.2038429
0.19240226
0.11828354
0.1557057
0.06817187
0.15881348
0.20542042
0.15887062
0.18241727
0.13156183
0.15046746
0.1836752
0.21561515
0.09086865
0.05411408
0.1627067
0.16200356
0.072696865
0.14344552
0.19027053
0.21329813
0.15046622
0.087899625
0.1469047
0.14608338
0.19432627
0.04611786
0.14399832
0.14330986
0.1608614
0.15799697
0.14185467
0.1796778
0.16430894
0.08133193
0.15710127
7.14115e-07
0.17183024
0.168327
0.1469254
0.1693352
0.16091911
0.21447444
0.076623105
0.07846263
0.18304236
0.16070044
0.2014624
0.1809017
0.1570865
0.156102
0.17040548
0.13276398
6.370613e-07
0.21773478
0.18445821
0.1423219
0.17424935
0.15061939
0.16644111
0.11553208
0.18110965
0.15289773
1.261382e-08
0.0627317
0.062346008
0.16998672
0.16688406
0.14435953
0.15082231
0.17184159
0.13471127
0.11439911
0.09335443
0.15005146
4.0069033e-09
0.17417568
0.15592867
4.23773e-08
0.14937223
0.14546654
0.16500098
0.06933163
0.17992763
0.17767511
0.07381633
0.13092725
0.08889115
0.13288243
0.19320635
0.15402643
0.14237817
0.16335459
0.17452648
0.14846182
0.052848738
0.17190641
0.14847636
1.2125076e-06
0.17839092
0.1810185
0.058698013
0.19482385
0.1361532
0.0941444
0.15457772
0.14235677
0.18895042
0.17094693
0.16227454
0.13441433
0.14124778
0.19400935
0.1545792
0.0865498
0.14298105
0.055298008
0.15603514
0.060834333
0.16652773
0.189911
0.1646969
0.060983915
0.053567
0.15113053
0.14337859
0.10778802
0.15620792
0.13182029
0.17137793
0.17787729
0.05426388
0.15392663
0.1496609
0.08033939
0.17553137
0.19963136
0.11483706
0.12950829
0.14617756
0.143077
0.09449409
0.15419374
-1.1056496e-09
0.13021281
0.24508677
0.20231421
0.18585661
0.25706536
0.16200384
0.16022472
0.16816783
0.1520852
0.21005957
0.059841365
0.067320034
0.16244343
0.12104701
0.1777346
0.18586686
0.15206403
0.13319439
0.30583003
0.16875385
0.15445147
0.12965599
0.17897439
0.17759897
0.10090646
0.09393937
0.22736704
0.077844575
0.15287657
0.17855562
0.20028935
0.18637075
0.14152463
0.12371875
0.17212363
4.2344483e-10
0.26042372
0.15603223
0.15745088
0.13924333
0.05789194
0.13162908
0.16751793
0.16097797
0.16905548
0.15900421
0.18654989
0.07104253
0.07204695
0.1701741
0.30468118
0.15603971
0.15429293
0.102560826
0.15001598
0.12383075
6.7251205e-09
0.16728355
0.14504193
0.16460603
0.15213679
0.17515278
0.19110067
3.320448e-08
0.13659011
0.1686951
0.14776757
0.0521475
0.19340706
0.07854674
0.17361744
0.16700432
4.269113e-08
0.18876517
0.19011068
0.06958349
0.16059208
0.046776056
0.18300252
0.1795782
0.07030574
0.18361412
0.15142395
0.17802887
0.16519795
0.13015182
8.975968e-09
0.15950789
0.20141566
0.16671455
0.07050973
0.16568951
0.15416904
0.19649416
0.16580626
0.15233892
0.1728198
0.14438319
0.17943212
0.14329779
0.19961555
0.17761421
0.17448583
0.19061281
0.1424909
0.15750194
0.17919861
0.14625779
6.968105e-07
4.7655204e-09
0.16844088
0.13551717
0.062374193
0.22908856
0.24542831
0.13798258
0.13192852
0.062451806
0.18974166
0.07275112
0.13230292
0.14068805
0.15801091
0.16161928
0.15631457
0.18868062
0.14874023
0.056137454
0.14356782
0.14860159
0.14651923
2.9458374e-07
0.16524674
0.16570757
0.15575334
0.13934727
0.070964985
0.14887406
0.1687449
0.08108779
0.17434268
0.19100304
0.2044287
0.1584786
0.18592033
0.1657051
0.16327621
0.111597255
0.056254715
0.123984516
0.07095436
0.15808712
0.17583267
0.18047518
0.074588515
0.09038626
0.058418628
2.0899933e-09
0.18876669
0.12873723
0.12855878
0.058504
0.046391208
0.21625501
0.18688534
0.124361575
3.3669352e-07
0.14324738
0.1857155
0.19187172
0.18463041
0.16187002
0.20465408
0.18944794
0.060873155
6.634653e-08
0.15909287
0.15023752
0.09097893
0.15658106
0.16346239
0.15854384
0.16038162
0.16141604
0.09584518
0.15409027
0.04584601
0.15258728
0.1578956
0.15320359
0.07113979
0.2184224
0.18170412
0.15297237
0.15174396
3.2101835e-07
0.16706502
1.0913418e-07
0.16947214
0.16405846
2.0880364e-06
0.12383486
0.15976933
0.06334849
0.1516108
1.9423083e-09
0.10402197
0.1904945
0.1424352
0.17237256
0.11604759
0.19744776
0.15058053
0.14216967
0.15501174
0.1527441
0.17718257
0.14639452
0.15949711
0.071704954
0.16805725
0.16219255
0.07425383
0.17269772
0.16227914
0.16256335
0.16377777
2.746729e-09
0.1336415
0.14840262
0.067037284
0.1290617
0.15383765
0.15529612
0.24749848
0.0951749
0.14408039
0.17117733
0.16532974
0.18048882
0.12035114
0.06341853
0.19423561
0.11826269
0.16598852
0.16342334
0.13295406
0.07100039
0.15680222
0.15660837
0.0833161
0.1101509
0.21879397
0.071794935
0.17919837
1.4378432e-08
0.16749163
0.18659797
0.055359136
0.16496286
0.14990433
0.1575418
