-0.15033606
-0.8525241
-5.768203e-08
0.414196
-0.31897637
0.038715854
-0.51060313
0.29677087
-0.17720768
-0.40475154
0.20764951
0.016890552
0.10694111
0.050710194
-0.5320302
0.03471719
-0.34006026
-0.01248052
0.3735261
0.28124893
6.5844734e-09
-8.953838e-08
3.165348e-07
0.5270792
-5.056893e-07
-0.4984542
0.08445024
1.638425e-06
3.978209e-07
0.10730009
-0.560252
-0.03015418
0.30905896
1.5731629e-06
0.6704663
-0.49659488
-0.23145315
-0.3694056
0.059154365
-1.1711237
-0.11118525
-0.4310706
0.31568736
-0.26216644
-0.2779068
-0.32761055
5.0934085e-07
-0.91173285
-0.22037394
-5.909188e-07
-0.5645886
-0.42201588
-0.5206171
-3.1740012e-07
-0.08753847
0.077605285
0.29098633
-0.17571987
0.43784803
0.26703545
0.06790888
-0.45237285
0.14206138
0.08606829
