0.00022320109
0.0009892703
0.00064326695
0.0015937046
6e-45
0.00027551298
0.0003555728
0.0009772663
0.00032058902
0.00042929215
0.001055811
0.002622498
6e-45
0.00019481839
0.0010963504
0.00063570216
0.0013548756
0.0013088066
0.00073641073
0.00039357223
0.0007250622
0.00033341808
0.0004948232
0.0025599045
0.0013399064
0.0009375398
0.0011339369
6e-45
0.0012310816
0.0023776337
0.0008245807
0.0007453843
0.0010732632
0.0031457045
6e-45
0.0005684866
0.00053827115
0.00097473606
0.00036300032
0.0018034081
0.0008432311
1.5794463e-35
0.0010571477
0.0002944081
0.0014114721
0.00033021695
0.00027821722
0.0013373105
0.00038421425
0.00030734413
0.0008921117
0.0011692661
0.0006257938
0.00021877614
0.00034806432
0.0007093451
0.0005645898
0.0011768368
0.00056530593
0.0004338437
0.00029391318
0.00087649823
0.00031548433
0.00027633866
6e-45
6e-45
0.0010668729
0.0017295114
0.0013057629
0.0038027216
2.1398384e-35
0.00066397956
0.000960402
0.00046458765
0.0006661197
0.0006646539
0.00019226113
0.0008611237
6e-45
1.9095561e-35
0.0012587284
0.00018201175
0.00021357261
0.00065837253
0.0005003938
0.00015304633
0.0015203764
0.00087793416
0.0003391238
0.00052266166
0.0004400683
0.00091224397
0.00045987344
0.00040429874
0.00015123007
0.0005076914
6e-45
0.0006227568
0.0008783432
0.001512369
0.00033735225
6e-45
0.000613382
0.0013712045
0.0011561972
0.00026622094
0.0007922809
0.0005598742
6e-45
0.0007633951
0.0002448076
0.0016026676
0.0033620745
0.0007138019
0.0011576904
6e-45
0.00041059143
0.0007500346
6e-45
0.0024024404
0.00012955321
0.0002834663
0.00021000631
0.00033392775
0.00022313434
0.0007874425
0.0004432711
6e-45
0.00057631504
0.00054443587
0.00015195795
0.00027068434
6e-45
0.0002972483
0.0005749281
0.000218801
0.00097050535
0.0005303459
0.00027921586
0.00086897117
0.0017966626
0.0008904129
0.0017008712
0.00038317638
0.0023589581
0.0011152935
0.0008375063
0.00053791504
0.000938521
0.00034164457
6e-45
0.00019684955
0.0005671589
0.0010466266
0.0014610111
0.0004508854
0.00071922276
0.001331972
0.00020572526
0.00021972565
0.00018485909
0.00033895316
0.00013703803
0.0011008364
0.0030189028
0.0002251373
0.00073006947
0.0007636998
6e-45
0.0020508561
0.0006173894
0.00037157335
0.00030516952
0.00026325518
0.0008347368
0.0021970582
0.0013970939
0.0018196214
0.00043059277
0.0011223671
0.0002930098
0.00020840348
0.00082976447
0.0003109214
0.0024983743
0.0006175668
0.0010400735
0.00032338616
0.002201544
0.00072228175
0.00060833053
0.0010388468
0.0005993924
0.0007047268
0.0005567938
0.0011303565
1.1286903e-05
0.00031109515
0.0024112386
0.00036879425
0.0003534377
0.00075017125
6e-45
0.0002128494
0.00088788697
0.0038245532
0.0007177588
0.0007414712
0.0009629035
0.0013387993
0.002085563
0.000267231
0.00027908498
0.0007613787
0.0009262409
0.0007353947
0.00023359011
0.0013795363
0.00039374322
0.00024958243
0.0016454186
0.0002155596
0.0013515531
0.00030260909
0.0009446818
0.00057852006
0.0018833961
0.00055060146
0.00094132754
0.0011047315
0.00085322105
0.00023381811
0.0010315469
1.3537808e-34
0.00030832447
0.0003316562
0.0006299974
0.0009681236
0.001526763
0.0007646874
0.0004962963
0.00011968509
0.00028478712
0.001084347
0.001648018
0.00043932904
0.0006334078
0.00030332187
0.0004700576
0.0004265402
0.00029990362
0.00018922938
0.0010524674
0.0008700048
0.00073277927
0.0013054512
0.00025037266
0.0005742851
0.00036222997
0.0011572359
6.926798e-05
0.0002725625
0.0012486548
0.0011421003
0.00077540096
0.00063953915
0.00052065065
0.0003128785
0.00037409915
0.00017737331
0.0006845243
0.0014287683
0.0005672734
0.0010421561
0.00059353886
0.0005206988
0.00087908306
0.00011050001
0.00030845546
0.0003752264
0.00072454615
0.00028306092
0.00066163397
0.0002848461
0.00050486735
0.00042737808
0.0004999936
6e-45
0.00059643586
6e-45
0.000999339
0.0005374125
0.0007725072
0.00096678495
0.0025650223
0.00024811996
0.0007973294
6e-45
0.0006191989
0.00063098595
0.0013306868
0.00057519175
0.0003869059
0.0012982663
0.00093568
6e-45
0.0005436284
0.00066316116
0.0010205948
0.00020129196
0.00021230546
0.00046278356
0.0009813235
0.00040404274
0.0008427635
0.0023458127
0.0011427397
0.00026171887
0.000253147
0.0006984696
0.0005980734
0.0018670321
7.549132e-05
0.000410881
0.00048580056
0.0023074215
0.0004797796
6e-45
0.000634815
0.00030179726
0.0009833276
0.00044954996
0.0002646515
0.0002861779
0.0006021002
0.00076040137
0.002242199
6e-45
0.00042931034
0.0003099013
0.0019197674
0.0007944038
0.00076102343
6e-45
0.0013974971
0.0012285514
0.0003633651
0.0022293734
0.0010666334
0.00073430024
0.0006889836
0.00047717552
0.00065630866
0.0002470155
0.0004197095
6e-45
0.00054222735
0.00053786655
0.0002483529
0.00032516586
0.0012684088
0.00064956653
0.0008839872
0.0012830235
0.00079431146
0.0005574286
0.00030431055
0.002600884
0.001959394
0.00019317378
0.0003096967
0.0015135878
0.00044000248
0.0010873154
0.00025358205
0.0006222306
6e-45
0.00010463499
0.00060283905
0.0019927288
0.0002851724
0.00028049212
0.0010044599
0.00030644157
0.00044962476
0.0006166243
0.0003241738
0.000466562
0.0007372167
0.00026832198
0.0012383778
0.0007688528
0.0006355489
0.0011953863
0.0008904964
0.0006125507
0.00051978574
0.0002338926
0.00032309204
2.0608905e-34
0.00062507024
0.0012866476
0.0004910297
0.00084507844
0.0028097027
0.00025280035
0.0013648494
0.00021018693
0.0009355167
0.00052644947
0.0023014518
6e-45
0.00020709497
0.00011518494
0.0006376489
0.0013057579
0.000146755
0.0005328462
0.001682675
0.00057887926
0.0004905037
0.0015930416
0.0007781464
0.00031419878
0.0013804456
6e-45
0.0027996534
0.0005765094
0.0016498389
0.0013828337
0.0003974553
0.00023812198
0.00019189755
0.00028953308
0.00048108524
0.00023862404
0.00027783285
0.0011235916
0.00016871943
0.00045149282
0.00042356816
0.00036212683
0.00090890005
0.002055289
0.0016553837
0.00059963885
0.00021643759
0.00055232726
0.0006521055
0.0025134452
0.0006488431
0.00061002333
0.00057033973
0.0005896399
0.00020239012
0.0009450685
0.00036905034
0.00078052713
0.0031360206
0.00025723534
0.00034899925
8.482863e-05
0.00049155735
0.0005633916
0.0009145606
0.00035276928
0.00034139224
0.0008320944
0.00030177078
0.00059446687
0.0010324199
0.0014482295
0.00023627638
0.00087688933
0.00087877427
0.00018589941
0.00070796383
0.0011843236
0.0014698331
0.0026921278
0.00093360915
0.00044283445
0.001111746
0.0002924044
0.00065372617
0.0002664104
0.00416169
0.0010022799
0.0007102281
0.00020831371
6e-45
0.0008178419
0.0007446241
0.00034412125
0.0002384822
0.00066644873
0.00027786402
0.001094854
0.0002553431
0.00077526894
0.0008319073
0.0006765141
0.00048421748
0.0003834804
0.0005865845
0.0007909431
0.00020375696
0.0006779536
0.0008656454
0.002200623
0.0004886022
0.00043780115
