0.00055144285
0.0006127777
0.00039549443
0.00064710865
2.1005494e-36
0.0023910082
0.0009822466
0.00023145042
0.0003324145
0.0005173355
0.00025032883
0.0006687352
0.00024250768
0.0025055024
0.0011024108
0.000635127
0.0005288481
0.0010712327
0.0007483239
0.00022387909
0.0010952174
0.00070427585
0.0020037484
0.0003399029
0.0006180269
0.00042790524
0.0003276637
0.00077882485
0.0007018549
0.00089117925
0.0010944811
0.00053842546
0.00037377657
0.0011432793
0.00047146424
0.000102934515
0.00054666953
6e-45
8.869466e-05
0.0005675107
0.00070719735
0.0015639238
0.0007227274
0.000918838
0.0004135732
0.00055481377
0.00082255225
0.00031900147
0.0010176708
0.00033467438
0.00063147186
0.0008158732
0.00085150386
0.00040480116
0.00061406137
0.0007119084
0.00027029423
0.001568657
0.0006185808
0.0007050789
0.0019251871
0.000650901
6e-45
0.0008417386
0.0016643651
0.00033261965
0.00041698158
0.00056463387
0.0006517893
0.00066733325
0.0003248045
0.0012888563
0.0005882158
0.0005635085
0.0009313357
0.0006616552
0.0005521739
0.0030837005
0.00018642338
0.0006239249
0.0005317607
0.00072937284
0.0008773867
0.0005468124
0.00096808944
0.0023977836
0.0003415561
0.00036469815
0.0012381993
0.0001182778
0.00058273546
0.0028288548
0.0005878475
0.0015369435
0.0020835907
0.0007042809
0.00052320195
0.0005356718
0.00038616735
0.00055255886
0.0010368517
0.00040250848
0.00059563876
0.0013602554
0.00040211956
0.00045091347
0.000454699
0.0003699225
0.0008113752
0.0007649294
0.0004114991
0.0013561745
0.0003624939
0.0011117528
0.00082113885
0.001184339
4.2106763e-05
0.00052450266
0.00063050655
0.000364376
0.00043219232
0.0005492976
0.00058375805
0.0007489415
6e-45
0.0002573229
0.00064537144
0.0005736937
0.001952917
0.0007646421
0.00034586355
0.0010612014
0.0010568263
0.00096670573
6e-45
0.0015249826
0.0009354234
0.00063931564
0.0016589669
0.0005610237
0.0014860788
0.00035966455
0.00029566424
6e-45
0.001345599
0.0021265282
0.00032383995
0.0007412776
0.0017989366
0.0009423499
0.0014097714
0.0014635103
0.00056171685
0.0011554182
0.0012004294
0.0011090857
0.0007442242
0.0011426834
0.002604544
0.0013188894
0.0004416361
0.00059524964
0.00065333187
0.00017503249
0.00074813724
0.00030385223
0.00027756827
0.0010152768
0.0011814934
6e-45
0.0008304523
0.00042848923
6e-45
0.00083262014
0.000867098
0.0006393196
0.0003684518
0.00069179747
0.0012547473
0.00051348703
0.0008345708
0.0008549567
0.0009189812
0.00014688424
0.0014386239
0.002589837
0.00034454762
0.0019275717
6e-45
0.00044206463
0.00031945095
0.0008295267
0.00070770195
0.00050290715
0.00039497574
0.0010326148
0.00053042435
0.0005588694
0.00044257383
0.0007763085
0.0027277272
0.0002939561
0.0006556897
0.0027947244
0.00063391635
0.0001746751
0.0020239507
0.0004619761
0.0005340813
1.7861719e-36
0.0011447122
6e-45
0.00033623248
0.00043338546
0.0003695568
0.00038826786
0.0010488399
0.00033139976
0.00052400416
0.00080590235
0.0007113909
0.00017027355
0.0003263002
0.00031311502
0.0002911571
0.0012855398
0.0009690808
0.000339608
6e-45
0.00027413847
0.0010033054
0.00044911503
0.00033603606
6e-45
0.00080960785
0.0004904746
0.001028193
3.733475e-05
0.0010259344
0.0013147551
0.0019835914
0.00047461462
0.0006018535
0.0007304522
0.0003316319
0.00035772417
1.1211153e-05
6e-45
0.0009939856
0.0003091805
0.00017381339
6e-45
0.0005697209
0.00044662866
0.00037144366
0.00087919045
0.0015276122
0.0017308596
0.00062970276
0.00045331908
0.0008751339
0.00066225446
0.0002086274
0.00031249228
0.00052445574
0.00033906155
0.00029387025
0.0006766981
0.0003248909
2.0437934e-32
0.0018953064
6e-45
0.00027378125
0.0013296254
0.0011589708
6e-45
0.00045235324
0.0027127115
0.0016144363
0.00044482644
0.0012323618
0.0016061045
0.00046435485
0.00602847
6e-45
0.0007720957
0.00036685634
0.0016599831
0.0001058407
0.00077517354
6e-45
0.0017341244
0.00062186783
0.00042112768
0.0005899636
0.0020660092
0.00046441876
6e-45
0.0017100384
6e-45
0.0016906566
0.0010054453
6e-45
0.00023827459
0.0009455017
0.00034335692
0.0015835564
0.00018791466
0.0005833717
0.0008757326
0.0009191544
0.00046786419
0.0010495766
0.00026700133
0.0006732845
0.0010165896
0.0003121669
0.00081416196
0.0009904074
0.00044171812
0.0006112045
0.000537123
0.00081344816
0.002846723
0.00042622985
0.0015753338
0.00040723511
0.00058796536
6e-45
0.001638961
0.00069636584
0.0005504675
0.00043239305
0.0009283935
0.001524884
6e-45
0.0008834871
0.001363731
0.0004905431
0.00061728375
0.0006282578
0.0010243717
0.0011115564
0.0003902786
0.0012832405
0.00032747927
0.00052737404
0.00075464475
0.0005983876
0.00031084527
0.0011635622
0.0005154709
0.00054105377
0.00085721654
0.0002741369
0.0005284792
0.0018705409
0.0005423002
0.005854791
0.0016942275
0.0014332238
0.00050497486
0.0005023139
0.0007716433
0.00028123928
0.0021672833
0.0036454466
0.0013295286
0.0011037334
0.00032956048
1.3942652e-34
0.0005976857
0.0010066628
0.00108653
0.0010302282
0.0020843665
0.0009587396
0.0006095462
0.0011032675
0.00025004675
0.00094302744
0.0010973267
0.0009730629
0.0007139731
0.0010942182
0.00020203434
0.001240206
0.0009993953
0.00042803702
0.0032163279
0.0012934958
6e-45
0.00023626167
0.0010970028
0.0013536038
0.0015684898
0.00022312805
0.00068549067
0.00036142734
0.0013882237
0.0009130465
0.0012974499
0.00047772913
0.00037853056
0.0006219981
0.0007501081
0.0016069945
0.0010071921
0.00038591432
0.0008401241
0.0011528167
0.0008979439
0.00076726417
0.00083262677
0.00069378363
0.0011445753
0.0007924498
0.0006665795
0.00083835353
0.0012447252
5.400737e-35
0.0006390573
0.0011595383
0.00062220404
0.0009603334
0.0002643752
0.0008330215
0.00054477825
0.00041112723
0.00059029687
0.0012850558
0.0008424536
0.00015551948
0.0021264632
0.0019247368
5.9489976e-33
0.00033931053
0.00045105861
6e-45
6e-45
0.0011122406
0.00015010656
0.0037807696
0.0011509779
0.001327205
0.00051488914
0.00026652054
0.00017834063
0.0004220207
0.0008593527
0.00075895514
0.001516828
0.0007333493
0.0020382479
0.0005001127
0.002275156
0.0013969954
0.0016100279
0.00034871857
0.00080023916
0.00040864333
6e-45
0.0022997623
0.00042881788
0.001247778
0.0005988455
0.00078489434
0.00016302569
0.00095206936
0.00065068447
0.0009810512
0.00060131954
0.0016328567
0.0019382994
0.0006004099
0.00059951405
0.0010588306
0.0009882194
0.0014887402
0.0007435289
6e-45
0.00062331796
6e-45
0.00042342723
0.001335845
0.001025602
0.0003362402
6e-45
0.0003047754
0.0011012257
0.000642078
0.00018095494
0.00040246214
0.0003610983
0.00047634027
0.0009841762
0.0005289949
0.0030768602
0.00041369116
0.00087315775
0.00025901574
0.000880584
0.0012897645
0.00055623695
0.0008231001
0.0009985978
0.0005809869
0.0004926245
0.00023228287
0.0008267943
0.00025154406
0.00072626054
