-0.47262347
-0.021302644
0.70216286
0.00850043
-0.1409028
-0.4786273
0.034284383
0.34863615
0.07624667
0.023965085
-0.29871294
0.36479577
0.51020336
0.098379605
0.41814238
0.017878497
-0.18364094
-0.35317048
-0.051922303
-0.00063791906
-0.010402762
0.07962103
0.0368121
0.12682974
-0.08437511
-0.027831402
0.35345402
0.07066286
0.42453417
-0.14555395
7.800554e-08
0.034058195
-0.10878663
-0.32032713
-0.02665355
-0.08446112
-0.21659909
0.18221588
-0.14981817
0.20285161
0.6480346
-0.12234167
-0.21225372
-0.11596005
-0.0692744
0.02472804
0.20212911
-0.37037957
-0.09202007
0.061466634
-0.16389509
-0.18720107
0.08961024
-0.0051508155
0.14500727
-0.19992577
-0.6372895
0.37489805
0.07270749
-0.32540134
-0.06857727
-0.21938628
1.0068336e-06
-0.16503306
0.16218744
-0.1810644
0.24260505
-0.34022528
-0.289493
0.059254162
-0.18348224
0.24135236
0.49276152
0.16062081
0.0017446027
-0.06433684
5.1615706e-07
0.36945313
0.3604202
0.38497436
-0.7882669
0.027501222
0.09424037
0.5482541
0.241087
0.041208256
-1.6703648e-08
-0.025416916
-0.26157957
-0.5219715
-0.016700717
-0.42389104
0.18953294
0.06836723
0.18025608
-0.10159054
-0.02395671
0.055237703
0.4346225
0.011153983
0.4276204
0.005210719
0.08650693
-0.16730846
0.08946852
-0.0041066436
-0.10005055
-2.7887927e-07
-0.41586083
0.14425434
-0.31025293
0.24931264
0.04945592
0.14583936
-0.2793432
-0.33266607
4.9037833e-08
-0.031298082
-0.26952082
-0.42233086
-0.011111264
0.30571294
0.23650248
-0.21141076
0.15420613
0.4908489
-0.34845567
-0.27298623
