0.0028728964
0.003089836
0.0032536238
0.0030425387
0.0031070202
0.0024942646
1.4800003e-14
0.0028114275
0.003285119
0.003168409
0.0031313791
0.0031095631
0.0029166762
0.0026308452
0.0021103753
0.002188504
1.5957477e-14
0.002872481
0.0026293139
0.0032030188
0.0031607538
0.002536157
0.0009725079
0.0031328055
0.002850758
0.0026582133
0.0025104047
0.0026511378
0.00086047716
0.0024993415
0.0027716677
0.0014027011
0.0021903606
0.0014885613
0.003834231
0.003291312
0.002950261
0.0029784543
0.0032655345
0.0024880446
0.0028521665
0.0010003666
0.002963944
0.0029875147
0.00017489941
0.0025792236
0.0017578715
0.002741133
0.0017268525
0.002724415
0.0026690443
0.0022586556
0.0032472415
0.0027088053
0.002970324
0.0027140935
0.0038873355
0.0034284762
0.0032352977
0.0033204507
0.0027507206
0.0029109532
0.0024101702
0.0032215952
0.002695599
0.003530529
0.0025535307
0.0033490215
0.0025021501
0.002785178
0.0022856416
0.0014875844
0.0023124067
0.0027196456
0.0034135184
0.0031336828
0.0033978377
0.002475236
0.002424251
0.002976742
0.003064879
0.002584141
0.002962377
0.002651161
0.00084519346
0.003498516
0.0026661658
0.0006206747
0.0032142627
0.002137753
0.0010539598
0.0024846727
0.002381082
0.0027931652
0.0029576074
0.0028336507
0.0036131064
1.3392856e-14
1.7464505e-14
0.0025798471
0.0029526718
0.0040176976
0.0028877314
0.0034760665
0.002768365
0.0020103047
0.0029837633
0.0030195552
0.002762698
0.00229548
0.0034781462
0.0022509662
0.0019961153
0.0032300153
0.0032565147
0.0019472952
0.0030961959
0.0030495361
0.003129762
0.0028748822
0.0027004003
0.003118282
0.0028679352
0.0027616199
0.0030523431
0.0026530714
0.0025471884
0.0020896648
0.0030143992
0.0029295008
0.0025823512
0.00266394
0.0034787445
0.0028094742
0.0029868884
0.0038589847
0.0029460313
0.0027488715
0.002719449
0.0027014327
0.004228053
0.002143239
0.002718618
0.0022307888
0.002440767
0.0028688172
0.0025048829
0.0031450368
0.002590392
0.0034833422
0.0028138743
0.0024423664
0.0028160424
0.0026860423
0.0024288066
0.002205823
0.002922635
0.0028023638
0.0025660254
0.0034445783
0.0030521292
0.0023898366
0.0028477553
0.002226625
0.0026139717
0.0019020423
0.0030555613
0.0026867753
0.003246606
0.004088762
0.0028849689
1.2731931e-14
0.0024975645
0.003475272
0.0025948645
0.003294827
0.0031947275
0.0031242864
0.0030065079
0.0031213232
0.002933642
0.00018213547
0.0029373926
0.0027428896
0.0007353253
0.0028341839
0.002080901
0.0030459443
0.0028614057
0.0024592264
0.0029162795
0.0022824553
0.0035634504
0.000966952
0.0036361665
0.0019794106
0.002183046
0.0032342153
0.001915459
0.0017797049
0.0031923277
0.0027357019
0.0038779213
0.0026138478
0.003031806
0.0026750136
0.0037088075
0.0026249946
0.0016824502
0.0033418438
0.002892565
0.0028360614
0.0028831298
0.002278479
0.0027416518
0.0026236875
0.0025007727
0.0020588106
0.0007218393
0.0021943622
0.003105978
0.0034004126
0.0033406564
0.0027513083
0.0019218166
0.0027272576
0.0034961514
0.0031858615
0.002200728
0.0025938107
0.00250794
0.0026656815
0.0022878202
0.0031371503
0.0036491316
0.0022938976
0.0025512243
0.0024650549
0.0028624674
0.0030048143
0.003417012
0.0026946794
0.0033180844
0.003031408
0.0022472765
0.0029045702
0.0030798058
0.003324598
0.0030195436
0.0024192499
0.0033487503
0.0039548716
0.0018578323
0.0032150936
0.0032123034
0.002803435
0.0030477652
0.0035266175
0.0032396428
0.0032718454
0.0024884965
0.0034419568
0.0031332825
0.00021556458
0.0033813315
0.0024781125
0.0032506045
0.0017123314
0.0030535685
0.0026765796
0.0028628618
0.0030098653
0.0031536254
0.00283047
0.0023585411
0.0034112323
0.002961706
0.0029755489
0.0029302486
0.0022901432
0.0023457091
0.0023852764
0.0035531875
0.0034451063
0.0025561296
0.0034041232
0.0024400575
0.0013888082
0.0035904632
0.0025752722
0.0024292476
0.0031953547
0.0011240414
0.0030948294
0.0032475877
0.0030952129
0.0032447246
0.0030033519
0.0030141242
0.0026857504
0.0033514565
0.0030492733
0.002235947
0.0025811633
0.0023967114
0.0017167451
0.0028198734
0.00093297596
0.0022512402
0.0027796384
0.002817174
0.0027970255
0.0034587632
0.002794169
0.0018292442
0.0032465684
0.0025740543
0.0017684156
0.0039161383
0.0032070407
0.003474421
0.0020361783
0.0028892958
0.0027446747
0.001923303
0.0032940826
0.003305982
0.0022910067
0.003087991
0.000117318115
0.0031449462
0.0033449521
0.0030433636
0.0033437673
0.00039725445
0.002794811
0.00061929435
0.0030039283
0.0029835775
0.0027534738
0.0029395027
0.002841934
0.0031719424
0.0021844737
0.0030839853
0.0032702112
0.0025508213
0.0026156574
1.2183408e-14
0.002461219
0.001701324
0.0033980438
0.0027214508
0.0022652997
0.0029923297
0.0016989285
0.0030820633
0.0031486556
0.0027315293
0.0028986905
0.0028137832
0.0019629747
0.0030969004
0.0030083472
0.0021399532
0.0017580747
0.0033067896
0.0015299026
0.002667295
0.0032170676
0.0032021136
0.0026445715
0.0031627805
0.0040778266
0.0032131723
0.003483159
0.0031062125
0.0036054181
0.0031227341
0.0026925867
0.0030566703
0.0025702973
0.0031377054
0.0028732424
0.003309757
0.0033697698
0.0017467286
0.0031186973
0.003204156
0.0032879491
0.0034038958
0.0032750405
0.0035626634
0.0034484807
0.003403248
0.002496331
0.0032706845
0.0027942648
0.0029040084
0.0026223082
0.0030285951
0.0025065653
0.003076694
0.003174385
0.0026271718
0.0028979224
0.0029959863
0.0033939546
0.003342117
0.0018092884
0.0023412034
0.0034163455
0.003105863
0.0026912247
0.001719843
0.0028030507
0.0031610294
0.0030974436
0.0027127785
0.003717018
0.0027269498
0.0037873327
0.0031239341
1.5767518e-14
0.0037993118
0.0024162023
0.0024244182
0.0011773558
0.0031063857
0.0028579142
0.0029772886
0.0016134796
0.0028392025
0.0028793537
0.003314622
0.002885797
0.0028473323
0.0024165197
0.0034071733
0.0031846191
0.00015061232
0.002773098
0.0031905915
0.0020082067
0.002880981
0.0033313695
0.0030161843
0.0032109434
0.002933987
0.0031193655
0.0028916462
0.0030052196
0.0015178241
6.716285e-05
2.288309e-14
0.00058138225
0.0031408498
0.0021825226
0.0029307716
0.00081289245
0.0031594976
0.0033586451
0.003072125
0.0026186488
0.0031460414
0.0027393915
0.0021681497
0.0022585208
0.0030992674
0.0032061844
0.0018865584
0.0042201164
0.0023720127
0.0032081478
0.00040295298
0.0026175778
0.0034913493
0.0033527333
0.00308772
0.0023679498
0.002860964
0.004099001
0.0022144378
0.0034168323
0.0028403606
0.0028476592
0.0027404632
0.0028604337
0.0021190601
0.0023717606
0.0034374793
0.0032108005
0.0027714814
0.0028832115
0.0033346026
0.0011952217
0.0027398474
0.0031165997
0.0029780117
0.0030082457
0.0033318438
0.003361648
0.0028950735
0.002780833
0.0034921751
0.0034833672
0.0028394316
0.002923023
0.0025645588
0.0030540964
0.002541405
0.0032706729
0.0038080027
0.001369585
0.0032625708
0.0029540728
0.0022728534
0.0023792533
0.0012094709
0.0026595395
0.0022838959
0.0028191218
0.0004292577
0.0025385574
0.0033958033
0.0035071874
0.003253218
0.0031081224
0.0018911078
0.0039055168
0.0028440608
0.0036487961
0.003265517
0.0021792552
0.0026026557
0.0026668543
0.0029390324
0.0030178204
0.0028148524
0.0014797598
0.0031883856
0.003471835
0.00269434
0.0032056235
0.002628433
0.0020213872
0.0028831586
0.00273848
0.0030015586
0.0035802333
0.0014818244
0.002534793
0.001689271
0.0027155667
0.0033791682
0.0027759536
0.003148628
0.003697777
0.003574247
0.0026813839
0.003653647
0.0034127517
0.0035473914
0.0003828237
0.0031294748
0.0014058348
0.002313033
0.003181255
0.0041392506
0.0025575585
0.0029218832
0.0027991536
0.0025156715
1.8071641e-14
0.0031225055
0.0034274044
0.0024070533
0.003246146
0.0030874417
0.0025186578
0.0027427515
0.003086319
0.0031857335
0.002830971
0.0032224196
0.0007139394
0.0019918538
0.003334321
0.0025083544
0.0032286313
0.0031072656
0.0022383505
0.0028853512
0.0039134417
0.0026092525
0.0034131103
0.0022493168
0.0028622602
0.0016134235
0.0031422316
0.003083487
0.0026702129
0.0029033492
0.002163521
0.00253296
0.0035847414
0.0025324293
0.0031911763
0.004024297
0.0022152332
0.0026170688
0.0019599404
0.0024217684
0.0027096847
0.0033864712
0.0027829732
0.0018993632
0.0036190157
0.00033251924
0.0023358772
0.0028730158
0.003446633
0.0035507812
0.002928332
0.0038194403
0.0033789594
0.0030288536
0.0026014647
0.0031219074
0.0023504458
0.0033045844
0.0028758089
0.002763261
0.0033376669
0.0015542997
0.0032628542
0.0019616333
0.0023661808
0.0033256407
0.0025922558
0.0017633267
0.0035705145
0.0035133213
0.0035477586
0.0031898024
0.0019655782
0.004375655
0.002377679
0.0034201196
0.0032358728
0.0037252323
0.0032238748
0.0026088012
0.0024072968
0.0016747379
0.0023761967
0.0027042516
0.0026794767
0.0013709345
0.0036878516
0.0026740034
0.0006230028
0.0033232712
0.003630419
0.002522758
0.0029961944
0.002804064
0.002578096
0.0029705227
0.0027116488
0.003164756
0.002446848
0.003273513
0.0025737064
0.0028671909
0.002457975
0.003777774
0.0031413466
0.0031623647
0.002956617
0.0035555698
0.0029356612
1.9410206e-14
0.002542631
0.002718019
0.0032896798
0.003174413
0.0030211147
0.0020182007
0.0021802743
0.003272371
0.003210278
0.0011279988
0.002792137
0.0028254683
0.0028277754
0.0036582195
0.002961175
0.0031068204
0.0027542114
0.002444494
0.0019927204
0.0028541265
0.001984257
0.0035159362
0.0024311112
0.0022490493
0.0028864394
0.0025596952
0.0017086108
0.0036150315
0.0027093864
0.0023311682
0.0031116635
0.00125104
0.0030280077
0.002049385
0.002275061
0.002872121
0.002091618
0.0031073268
0.0029419505
0.0020507372
0.00066793733
0.0033679947
0.0034202097
0.00260492
0.00315607
0.0016166683
0.0023648713
0.0038930716
0.0022026359
0.0029181011
0.002092566
0.0030447487
0.0030278424
0.0023933568
0.0026721938
0.0012523931
0.0031507302
0.0037019996
0.0035972474
0.0026652722
0.002185866
0.0031464726
0.0024027026
0.0025281971
0.003197108
0.0038619838
0.0018532276
0.0026884167
0.002764967
0.002090008
0.0027723594
0.0033857552
0.0020216287
0.0032165234
0.0027486675
0.002550963
0.00283292
0.0028075262
0.0033354647
0.0023071745
0.0016356171
0.0032708694
0.0034797564
0.0032283156
0.0033614484
0.0028082442
0.0017061157
0.00330726
0.0025803552
0.002738403
0.0022171363
0.002714831
0.0022045914
0.0034261637
0.0031469665
0.002956245
0.0026530994
0.0019472551
0.0027033456
0.0027509124
0.003501708
0.0028718617
0.0023470183
0.002910411
0.003621791
0.0023039149
0.0028847859
0.0028719737
0.0026384816
0.0029163158
0.0034242705
0.003125962
0.0022831874
0.0028539058
0.0021389676
0.0031155413
0.0027779692
0.0032140755
0.0027016643
0.0026696648
0.0024290825
0.002484424
0.0032579284
0.0027040737
0.0022745258
0.003152559
0.0040644263
0.00062283874
0.0030809864
0.0030073903
0.0030681563
0.0024622863
0.0019022813
0.0013452478
0.0026715586
0.0033162301
0.0027468037
0.0025891415
0.003623611
0.00372114
0.0034152644
0.0018849248
0.003532033
0.0010730383
0.0033896614
0.003161564
0.0029188204
0.0026667428
0.0030474921
0.003314593
0.0020982448
0.0028560022
0.0031650458
0.0035514997
0.0014532099
0.0030166071
0.003501163
0.0018568729
0.0022850442
0.0030014864
0.0027151764
0.003043579
0.0009468064
0.0036306914
0.0027241379
0.0021773155
0.0031518668
0.002999418
0.002932257
0.0032485584
0.0036150108
0.0024516673
0.0028072612
0.0028115201
0.0029382291
0.0027163045
0.0027619072
0.0034673049
0.0028684828
0.003464005
0.0030331726
0.003261503
0.0027660397
0.0034364467
0.0033696035
0.0027923381
0.0032469882
0.0028255254
0.0032165695
0.002865237
0.002958421
0.003238545
0.0028963387
0.003955151
0.002435172
0.0032408694
0.003491496
0.0029388876
0.0038125834
0.0030441382
0.0025646014
0.001205676
0.00333167
0.0014421957
0.000114364884
0.0035751404
0.0026496893
0.0033329774
0.0022882153
0.0013710015
0.0034452763
0.0011239592
0.0036217023
0.0032698782
0.0022262812
0.002856699
0.002380501
0.003061393
0.0012543505
0.0030495177
0.0024936344
0.0032107544
0.0023022713
0.0029390366
0.0034557323
0.0014642708
0.0038747997
0.0025158015
0.0032155602
0.0033571261
0.0034757692
0.0029424904
0.0027900424
0.0027521243
0.0026117044
0.0028878804
0.002856247
0.0030788472
0.0031396428
0.002619947
0.0025662088
0.0031073417
0.0015743877
0.0027384623
0.00325303
0.0025495565
0.0010871711
0.0027569318
0.0030524416
0.0030333993
0.0022588328
0.0025503705
0.0014780896
0.0031324138
0.0034108644
0.0034045875
0.0040847384
0.0032558534
0.0024007708
0.0040567154
0.0025739467
0.0021175072
0.0028867056
0.0033988524
0.0037932375
0.0023427121
0.0026446413
0.0025932635
0.0031253826
9.3002556e-05
0.0025875014
1.3931233e-14
0.0030079659
0.0037414993
0.0021466308
0.0020777544
0.002831642
0.0030710145
0.0033829506
0.0028695855
0.0031383839
0.00211466
0.002926812
0.001154982
0.0035301924
0.0025199011
0.0040984023
0.003002371
0.0030919123
0.0031119199
0.0016304308
0.0021615825
0.0028275975
0.00047946253
0.0032601247
0.004131409
0.0033767605
0.0024062295
0.0033455444
0.0032093972
0.0013953679
0.00396003
0.0020030246
0.0022720688
0.0019759885
0.0020015393
0.002740856
0.00054444105
0.0029449363
0.0040509757
0.0024888504
0.0028736426
0.0031939307
0.0036083502
0.003002569
0.0022239184
0.0025146273
0.0031599212
0.003350784
0.0011588811
0.0025889347
0.0022549203
0.0026921725
0.0029442725
0.0032102577
0.0036884204
0.0025102503
0.002999654
0.0029701013
0.0017190783
0.00018941367
0.0026108457
0.0041702115
0.0027114693
0.003211055
0.0030347821
0.0036293182
0.00042383833
0.0027538037
0.0023162013
0.0032197663
