0.03398156
0.19168568
-6e-45
0.13334338
0.05197776
0.18867214
0.15413088
0.18789995
0.054025378
0.008118852
0.14310259
-0.20050046
-0.14521354
0.07080283
-0.1642835
-0.15146272
-0.00045993738
0.12868078
0.06742427
-0.08684162
-6e-45
6e-45
-6e-45
0.26756448
6e-45
0.013849766
-0.026280876
-6e-45
-6e-45
-0.060839012
0.32464457
0.23393658
-0.20677932
6e-45
0.26445296
-0.20930631
0.20512444
-0.0011914066
0.07678101
-0.23086224
0.045571312
-0.08282019
0.07479574
-0.05219329
0.0013147536
-0.37409532
-6e-45
0.20356597
-0.009058881
6e-45
0.045274533
-0.078204185
-0.23017348
6e-45
-0.12022313
-0.20322895
-0.070248984
-0.49011317
0.068689734
0.033299897
-0.19561398
-0.27424946
-0.34631503
0.20897801
