0.21188515
0.16359644
0.18965806
0.15608026
4.048782e-09
0.2066028
0.17212905
0.10999725
0.18506487
0.18663418
0.17544529
0.13707979
0.14949065
0.32712692
0.25818485
0.18307464
0.14599526
0.17254806
0.21674384
0.10451438
0.18022394
0.1369864
0.15573522
0.23945804
0.17908943
0.18187928
0.11827396
0.1297673
0.14462328
0.25550157
0.1927253
0.13630335
0.1868319
0.20635922
0.15067835
0.22278696
0.15416493
1.36024e-06
0.15410039
0.18142019
0.2199442
0.18771325
0.265252
0.18812586
0.14579879
0.23582812
0.22319888
0.15249206
0.1398088
0.12830386
0.1971074
0.2319972
0.17713553
0.12330982
0.20625854
0.15752609
0.16587631
0.1802658
0.18755548
0.20553736
0.21875161
0.21599093
2.4110484e-06
0.21877395
0.18204333
0.1057852
0.11642575
0.190076
0.14682671
0.21581441
0.17523944
0.14361702
0.18778095
0.17688914
0.25708446
0.19488895
0.20202732
0.3244393
0.201791
0.12876016
0.18984494
0.22158468
0.15950611
0.115027815
0.18738128
0.2173249
0.21606489
0.18640704
0.14026235
0.12698905
0.22286041
0.27620858
0.16505916
0.23199208
0.20921366
0.1270241
0.19942129
0.11317833
0.19637504
0.16108133
0.1872116
0.20494856
0.17955844
0.22373874
0.1707914
0.14650305
0.1881236
0.20376454
0.16734721
0.17011572
0.17541389
0.19455609
0.15964073
0.20211399
0.29465753
0.24653809
0.22308597
0.18930335
0.23324741
0.105416216
0.1297214
0.21221071
0.16504964
0.15351585
3.1346676e-07
0.19545597
0.13026944
0.2651876
0.35076523
0.24200144
0.25673133
0.18975699
0.22347952
0.1769687
1.9862034e-06
0.1964604
0.17444272
0.1996389
0.19434354
0.16640924
0.16717
0.19015151
0.15969211
4.951602e-07
0.1842698
0.2507558
0.17866781
0.20416054
0.24688645
0.13598481
0.1959919
0.18987489
0.19724028
0.19517682
0.16354701
0.15050516
0.20164503
0.19861874
0.26748127
0.1460555
0.122201525
0.2764331
0.14881964
0.18511167
0.1483547
0.12104021
0.13862948
0.16100517
0.18473378
1.584731e-06
0.13358277
0.12354936
1.6003532e-06
0.14436257
0.16580087
0.19175704
0.13467751
0.12727325
0.27686375
0.21114036
0.14630575
0.15252976
0.1635084
0.24243791
0.17741366
0.23778701
0.18048173
0.15622483
0.00066880183
0.13691421
0.13455905
0.13782668
0.18463142
0.17695983
0.1442624
0.20856951
0.13584508
0.1712784
0.15447424
0.17237076
0.21502826
0.16048224
0.17140305
0.21317399
0.12113146
0.1777644
0.20377348
0.13368322
0.17677055
1.1747544e-08
0.19572729
2.273721e-06
0.13409722
0.21717617
0.15410048
0.16335303
0.14212945
0.15520912
0.1519846
0.29954115
0.1629083
0.17173724
0.15913753
0.14954676
0.11983342
0.30271083
0.30653277
0.18615761
4.6405175e-06
0.1776922
0.21117176
0.1439604
0.21765067
3.2942548e-06
0.16375399
0.1735764
0.22142498
0.20749868
0.20626506
0.15592355
0.21547401
0.19177245
0.16409948
0.13708965
0.17127486
0.16695814
0.1881121
2.0820373e-06
0.16168539
0.13868771
0.1345784
1.2065633e-05
0.19018997
0.22230195
0.18694127
0.22442305
0.2921653
0.48536715
0.22172073
0.15824954
0.26092628
0.19476314
0.17162769
0.13001162
0.16830303
0.15369947
0.2177621
0.16673824
0.19267485
1.1599205e-06
0.2964675
1.4757863e-06
0.10649191
0.2916756
0.25670987
2.1429585e-06
0.22372279
0.28549328
0.18973248
0.20220986
0.19842531
0.33629158
0.15787938
0.40107688
0.00021716542
0.1284291
0.19598186
0.1753037
0.17402197
0.22859791
1.0502501e-06
0.26495528
0.20892245
0.117482476
0.20597261
0.23747611
0.120229594
2.584924e-06
0.17542139
2.4565309e-06
0.2860341
0.17513052
0.00016845106
0.19445077
0.121858336
0.21597944
0.15392521
0.15776047
0.18075791
0.16600107
0.2417429
0.20575689
0.15986538
0.101948634
0.13086101
0.28002617
0.20580807
0.15249711
0.19849356
0.15942463
0.20454915
0.18685707
0.2766482
0.330281
0.24031861
0.21502794
0.15614149
0.13836983
1.3561024e-06
0.20435265
0.18410261
0.15794958
0.18549575
0.25345498
0.23329379
2.921312e-06
0.12797858
0.24481438
0.121324584
0.24091528
0.12027482
0.22028397
0.17027238
0.18936989
0.2784518
0.21657732
0.23697017
0.21627775
0.1897628
0.20321502
0.16678125
0.16711158
0.16416268
0.14882286
0.15292335
0.1627082
0.19953968
0.20838687
0.41572234
0.20368798
0.16826151
0.14245525
0.17033812
0.23354024
0.14595908
0.18491195
0.228542
0.19831713
0.13412668
0.1437387
1.9211905e-09
0.18686065
0.21254694
0.16770299
0.20735711
0.26105168
0.18184535
0.15788776
0.2930944
0.17239186
0.18969671
0.20499112
0.16121344
0.14988133
0.2791308
0.21810262
0.28584057
0.27671584
0.118083484
0.36693537
0.22640596
1.1983517e-06
0.24192731
0.16947813
0.23928143
0.17212492
0.22201861
0.14303169
0.16036347
0.20989096
0.18465711
0.22627436
0.18805438
0.14545196
0.2980948
0.15551077
0.2939546
0.1998691
0.17364442
0.23528227
0.18711208
0.23144293
0.17340966
0.22541119
0.13988255
0.2102152
0.3228533
0.14774835
0.14242788
0.17819527
2.4033682e-09
0.2052619
0.2099917
0.18414918
0.17438397
0.17142111
0.14198065
0.13679016
0.14140917
0.2176218
0.13832809
0.14358523
0.17689584
0.25053877
0.33712792
1.4608641e-08
0.11766603
0.26162353
7.317557e-07
9.3552376e-07
0.14963154
0.15296277
0.22121471
0.24275035
0.25239754
0.21931332
0.1987847
0.17880255
0.19454569
0.1707066
0.14288452
0.17660107
0.18764804
0.2597464
0.17279169
0.22666143
0.24180618
0.20962082
0.16091079
0.17378438
0.17747156
2.0578457e-06
0.28278986
0.17715222
0.21442066
0.23148821
0.22459786
0.14883092
0.15046625
0.132375
0.18213929
0.1554965
0.31023583
0.18231735
0.14235885
0.22958606
0.23251812
0.22323698
0.26677063
0.20100416
0.000563914
0.21697842
7.580051e-08
0.1405637
0.17052557
0.30691552
0.11502304
0.0006884967
0.17831367
0.19540307
0.14772053
0.16358499
0.11552615
0.13664387
0.14366975
0.15126388
0.15269691
0.3096621
0.3044594
0.2380097
0.16463405
0.18205692
0.16636026
0.1982082
0.13533139
0.2288186
0.24054976
0.19105268
0.18229051
0.3273387
0.1329543
0.1634921
