4
-9
-9
-15
6
11
-20
-10
7
15
8
-8
1
17
21
0
-3
16
0
-1
-10
-11
-17
2
5
-1
17
17
7
-2
-8
-5
-3
-4
-3
-14
12
-3
12
14
-21
-22
3
-12
4
-20
-18
-7
-20
-3
19
16
37
33
17
21
18
2
11
13
-5
-7
-13
-17
-10
-23
-5
-23
-18
-10
-25
-29
-15
-6
-9
-1
-14
-15
1
3
-14
-2
15
15
14
1
21
19
13
-1
6
5
-8
2
23
7
5
-2
18
12
-11
-22
-23
-17
-10
-2
-23
-4
-9
4
-23
-1
-19
6
20
-7
-11
-8
-6
19
-2
-11
-5
23
29
14
-7
10
10
-11
7
-11
-10
-10
8
-17
-17
-18
-11
-21
-3
-9
0
-11
-3
-7
-5
-17
-18
-9
-12
-10
-4
-6
7
-5
-11
-11
7
4
-2
6
13
-3
15
20
-8
23
27
-10
-7
15
20
25
17
-10
0
-15
-2
-14
13
3
-2
9
-17
9
14
5
-17
-3
13
-3
14
-6
-16
2
14
-14
-19
7
5
22
11
11
13
-1
1
0
-5
1
-19
-11
6
4
-13
-21
-1
-18
11
-12
-16
-3
-11
3
-1
-7
1
-12
-6
-6
-23
-21
-23
18
19
-25
-5
8
28
-8
9
31
31
8
4
20
28
-5
4
-19
-5
-7
-21
-3
-11
8
7
-27
-16
0
-6
19
-16
-6
-16
16
36
31
3
15
-6
-1
27
8
10
19
11
-4
-18
-15
-24
-27
-14
-24
-18
-24
-18
-7
10
13
14
3
5
6
14
3
2
8
-4
11
-4
15
3
-12
-26
5
-4
-14
-25
-6
29
32
-1
3
6
16
39
31
-2
-14
11
27
14
10
6
-22
-17
23
19
-2
-27
-5
18
32
-8
-26
-10
15
31
-9
-11
5
26
9
2
-15
-7
19
17
-8
-1
-11
10
-14
-18
3
-8
9
-1
-10
6
-11
-4
-10
-2
-10
13
4
-18
7
4
21
9
-4
19
-16
-12
15
20
-6
-2
14
26
7
-2
5
26
7
-20
-9
7
16
-14
-9
3
-8
7
-18
-11
-17
15
0
5
21
20
14
7
17
12
-8
24
13
-8
-1
-20
9
-7
-24
3
-19
-14
-4
2
4
1
0
9
30
30
9
-8
12
15
23
30
10
-8
-8
-17
-13
-8
-9
-2
-17
-13
5
-15
-21
-26
-19
15
-17
-12
-16
-17
4
-15
-4
-9
11
14
-3
-4
20
22
-9
-17
-8
17
9
-12
-19
11
-5
11
-4
-2
-21
-12
-19
8
-7
5
-25
-28
15
-1
0
-3
-23
-4
4
18
12
-10
17
14
22
35
30
