-0.071883
-0.458705
-0.901989
-1.204733
-1.968743
-1.948360
0.846840
2.744684
-0.962601
-1.896258
-1.816332
-1.305733
-1.848407
-2.922771
-2.649393
-0.600942
-0.637061
-1.123646
-1.156660
-0.869076
-0.527584
-0.893635
-1.612715
-1.416175
-1.315815
-2.154675
-2.307658
-1.483670
-1.070850
-1.621334
-1.793875
-1.931633
-0.921517
-3.312575
-2.953240
-1.844858
-1.977783
-2.367397
-1.599270
-1.182715
3.047386
-0.354166
-2.618386
-2.904167
-2.536151
-1.969018
-1.073743
-0.505365
4.565641
6.094572
4.849362
2.713263
1.506746
0.637359
0.000273
-0.693602
-1.074480
1.646859
3.083828
2.484228
1.279028
0.580765
-0.292668
-0.729625
-0.635948
-1.332810
-0.963424
-0.551745
-0.939202
-1.390110
-0.165984
0.718352
-1.228641
-1.325553
-1.314233
-1.697055
-2.311182
-2.529156
-1.931086
-1.794242
-2.234081
-2.390981
-2.511674
-2.514334
-1.986945
-1.934263
-2.145519
-2.562407
-1.866275
-3.727556
-3.996149
-3.161070
-2.108545
-1.678790
-1.756535
-1.594567
-0.207936
-2.983774
-4.300480
-3.167545
-1.334337
-0.994072
-1.576780
-0.860723
4.585284
5.602387
5.106328
4.266915
2.797431
0.179410
-0.383311
-0.297361
1.492519
3.423582
3.795731
2.576106
1.202083
0.065697
-0.136035
-0.727763
-1.917394
-1.100138
0.201519
0.529487
0.072781
-0.331304
-1.096021
-1.450252
-2.858121
0.197932
3.240304
1.955837
0.229236
-0.419479
-0.319231
-1.337463
1.136074
1.302533
0.629293
-0.306637
-0.242536
-0.158174
-0.819279
-2.545773
0.114442
-1.026518
-0.822744
-0.532283
0.014851
-1.372017
-3.006117
-3.168483
-1.195060
-1.218338
-0.149933
0.751081
-0.331307
-3.827140
-3.872952
-1.273147
-1.466850
-0.983502
-0.009160
-1.241837
-5.355443
-5.630900
-0.862884
1.390409
-2.414590
-3.602486
-4.442791
-6.110672
-4.578427
0.133683
3.250424
1.503523
-2.491967
-3.609636
-2.902624
-0.630075
2.736095
4.092152
1.271403
-0.640143
0.181233
0.114923
1.358686
3.111479
2.472912
0.008914
-1.185835
-0.932182
0.554972
-0.733517
0.668390
0.295588
-1.564549
-1.973307
-1.063517
0.236278
-0.606301
-0.551109
-1.254078
-2.561472
-3.065284
-3.210927
-2.060052
-0.455286
-0.270006
-1.139878
-1.107269
-0.843129
-0.652304
-0.605223
0.074559
0.094324
-0.116321
-0.469568
-0.495826
-0.602556
-0.210700
0.164811
-0.134041
-1.002709
-0.297737
-0.375553
-0.248902
0.128227
0.443067
0.150005
-0.792843
-0.439880
0.089225
0.168514
-0.293118
-0.090657
-0.165806
-0.594293
-0.309754
0.625080
0.505140
0.812555
0.767959
0.454786
0.190115
0.353350
0.113869
-0.904050
-0.946632
-0.062608
0.628736
0.737775
0.354804
-1.210374
-1.918745
-1.436045
-0.994159
-0.520571
-0.303652
-1.014958
-2.335878
-2.486273
-0.436295
-0.259320
-0.297350
-1.321977
-2.316921
-2.179284
-1.404683
-1.470574
-1.533551
-1.704935
-1.704257
-2.707238
-1.662432
-0.019031
0.530100
-0.529726
-1.608096
-1.454327
-1.549001
-2.156168
-0.751173
0.290642
-0.312780
-1.409576
-1.225487
-1.030047
0.289452
-1.122609
-0.683603
-0.422096
-1.195317
-1.172760
-0.770849
-0.872985
2.563496
2.289643
1.566035
0.524732
-0.212555
-0.082654
-0.575423
-1.138570
-0.094819
0.520217
0.459471
0.578459
1.216614
0.006857
-1.676913
-1.876151
-2.632572
-2.351278
-1.532623
-0.646339
-1.757094
-2.717837
-2.302349
-1.044943
-1.739239
-1.539894
-1.169850
-0.960073
-1.582055
-1.123071
0.633097
1.128242
-0.778342
-0.215573
-0.063474
0.308612
-0.655947
-0.877849
-0.812145
-0.437465
0.109294
0.583712
0.398551
-0.147656
0.093138
0.425882
-0.868184
-0.702264
0.454869
0.542733
0.326495
0.591371
1.445881
0.631017
-1.292232
-1.002229
0.583893
0.482164
1.497975
2.194766
0.897981
-1.148503
-1.606253
-0.805569
-0.059524
-0.666504
-0.211914
-1.598574
-2.925041
-2.503935
-1.346564
-0.274288
0.802209
1.027634
0.415813
-1.635597
-1.005884
-0.614011
-0.133459
0.064805
-2.747329
-2.190922
-0.867955
-0.252963
-0.022982
0.386630
0.601443
0.017914
-1.072362
-0.353342
0.481429
1.793678
2.208607
2.522681
2.620988
1.240347
0.215252
0.517417
0.536512
-0.094341
-1.215628
-0.254833
0.636267
0.145469
0.350966
-0.098807
-1.030903
-1.344930
-1.671594
-1.045786
-0.401352
-0.898082
-1.318556
-1.808351
-1.466929
-1.383967
-1.409632
-0.848502
-0.830417
-1.607428
-2.897670
-3.664321
-2.564574
-1.441100
-1.375181
-1.214260
-2.270431
-1.966182
-0.946712
-3.060785
-4.760399
-5.098313
-3.908959
-2.580364
-1.813740
-0.061892
2.133899
1.324719
-0.478692
-1.651981
-0.793409
0.442618
1.161743
0.381168
2.656887
4.066308
5.478116
5.461385
4.602427
3.385632
1.206810
-0.128276
-1.423193
-2.906030
-2.754820
-2.941658
-3.710121
-3.622372
-2.142555
-1.473910
-2.167443
-1.774460
-1.011114
-1.238360
-1.666793
-2.152999
-1.196611
-0.822251
-1.368535
-0.525561
-1.201389
-1.164781
-0.612739
-0.368048
-1.019689
-0.784255
0.316708
0.143349
-1.851671
-1.099797
0.042143
0.061405
-0.459402
-0.300897
1.934934
2.547100
1.408105
1.952463
1.486138
0.893796
-0.356375
-0.717795
2.388353
5.637201
7.146310
6.114755
3.560015
0.125548
-1.322771
-1.174363
-4.009164
-4.618180
-5.275179
-5.262446
-5.282041
-4.345821
-2.588731
-1.781896
-3.897765
-5.372283
-6.495514
-6.125306
-4.474348
-2.527950
-1.781113
-1.391986
-3.461295
-2.109938
-1.481166
-1.591479
-1.243923
-1.505225
-3.630285
-4.190650
-3.029681
-0.342267
0.124997
-0.061350
0.753291
0.199206
-3.667764
-5.222440
-1.918626
0.662805
0.455971
0.673462
0.973543
-0.999110
-4.020498
-4.260806
-1.294119
1.012206
0.053570
-0.114171
-1.050837
-3.114070
-4.109537
-2.339806
-1.283224
1.545836
-0.388785
-2.090503
-3.017985
-3.483985
-2.827190
-0.883720
-1.833650
1.498597
0.979124
-1.424805
-2.558579
-2.878072
-1.836570
-0.561469
-3.393317
-1.624785
-1.070395
-2.448085
-2.839350
-1.964163
-0.909497
-0.070318
-3.492514
-3.723835
-2.189268
-1.839614
-1.499660
-0.317558
0.093302
0.316721
-3.918648
-1.835668
-0.854095
-1.284048
-1.542221
-1.613619
-1.790733
-2.067697
-1.323613
0.640793
0.474454
1.299019
1.576305
1.580110
0.166142
-1.790313
0.086939
0.990867
1.009884
1.473584
1.343847
0.883477
-1.469859
-2.201743
0.264006
1.145845
0.462386
0.686257
1.123096
-1.451789
-3.830133
-1.536242
0.023222
0.717798
1.038212
0.402532
-2.017459
-4.646646
-2.608668
1.037753
-0.220439
-0.000800
-0.475774
-2.942564
-4.534371
-2.282599
0.378711
0.944202
-1.200876
-1.338689
-1.444475
-2.572839
-1.481779
0.081261
0.610852
0.865539
-2.545771
-3.551603
-3.214494
-1.572717
-0.442637
0.401025
1.038885
1.117323
-1.291700
-1.209828
-1.491217
-2.098327
-1.429095
-1.606845
-2.199511
-1.253555
-2.300641
-0.521861
-1.065377
-1.217624
-0.899990
-0.950624
-2.028323
-1.870377
-1.228715
1.310181
-0.710319
-0.859435
-0.643449
-0.847973
-1.376820
-2.323007
0.538793
1.596493
-1.764279
-1.326641
-0.916196
-0.845541
-1.966954
-1.970059
1.287222
1.463158
-1.616207
-1.410850
-0.509164
-1.236373
-2.949888
-1.559545
0.931446
1.748649
-0.035734
-0.691682
-0.814527
-2.766034
-2.872159
-0.277895
-0.488570
0.677673
-0.352258
-1.386487
-3.108482
-3.115781
-1.648767
-0.035015
-0.873360
0.100759
-0.859442
-2.608427
-2.796692
-1.413564
-0.028829
-0.407664
0.674921
4.231209
2.216792
-0.240085
-1.862277
-3.122295
-2.587309
-0.746490
4.863955
2.105722
-1.798308
-2.236912
-1.815070
-1.945403
-2.531812
-0.677140
2.713294
-1.989863
-2.223532
-0.441231
-0.513999
-3.389298
-3.072070
2.304518
-0.067648
-3.039006
-1.393139
-0.535614
-3.093154
-6.065550
-0.271701
5.394831
-0.798579
-2.746407
-2.737113
-3.582380
-5.753754
-3.319724
5.542634
4.520565
-1.218727
-2.394157
-3.456274
-3.978170
-1.715637
5.062312
5.513747
-0.847447
-1.974452
-2.362586
-2.115847
0.030514
4.022585
3.991715
-0.727861
-3.238729
0.361278
-0.288860
-0.209386
0.787375
0.711641
-1.925275
-3.447352
-1.888263
-1.880924
-0.289040
0.243336
1.490382
1.011128
0.281835
-0.531914
-1.723365
0.922301
1.252027
1.145313
1.364354
1.691317
2.173700
1.115895
-0.664647
0.397016
-0.035982
-0.239307
-0.350548
0.088831
0.521056
-0.702256
-0.532693
-0.262517
-0.343532
0.305477
0.633459
0.640137
-0.299606
-1.086810
0.250268
-0.581561
-0.478551
0.923718
1.382276
-0.575600
-1.844396
-1.002344
-0.684367
-0.500597
-0.734854
-0.719414
-2.439995
-2.990317
-1.763344
-1.127922
-0.434176
-3.428890
-4.885299
-4.992631
-3.331283
-1.094276
-0.084497
-0.178608
-0.086600
-0.097998
-0.776804
-0.859467
0.284630
0.317160
0.046441
0.148158
0.051346
-3.631303
-2.993587
1.356808
2.438602
0.930447
-0.643493
-1.876669
-2.496830
-4.406436
3.241436
4.026121
0.393066
-1.208556
-2.136645
-2.121744
-2.173250
1.176807
5.367899
-0.728504
-2.067359
-0.955290
-0.619247
-1.210634
-4.110470
2.818116
1.251697
-2.114872
-0.824692
-0.855204
-0.245919
-4.192822
-4.945655
1.282664
0.077615
-1.304955
-1.440707
-1.275682
-3.083963
-6.069530
1.261378
-0.603539
-1.220433
-2.123300
-2.130434
-2.983196
-5.011430
-0.395743
6.741917
-1.204736
-1.957088
-2.306775
-2.624689
-3.183900
0.529078
5.831455
2.665059
-1.062942
-1.314011
-1.260704
-1.189433
1.334398
3.947723
1.298246
-2.406396
-0.782679
0.658813
0.614729
-0.606808
-0.411764
-0.288461
-0.065614
0.727042
0.611296
0.489069
-1.021484
-0.464550
0.444405
0.050468
0.025774
-0.251580
1.727094
-0.729276
-0.415195
0.394072
0.520544
0.552511
-0.310266
-0.676319
0.803416
0.087397
1.753474
1.540406
1.336793
-0.106087
-1.280983
0.487182
-0.118265
1.384335
2.170844
0.930774
-0.285708
-2.024722
-0.433039
1.127509
-2.512136
-3.070534
-3.488690
-3.611639
-2.977680
-1.643941
1.551868
-0.831306
-1.433766
-1.670937
-1.012116
-0.730603
-0.688863
1.298874
-0.024085
-1.737446
0.066380
0.377760
0.614810
0.078745
0.848769
-0.008755
-1.015511
-0.415209
-2.147794
-3.580633
-1.353704
-1.100626
-0.487325
-0.621816
-0.922746
-2.748417
-4.295432
-2.178442
0.529740
-0.266167
-0.079100
-0.386295
-1.271461
-2.740838
-4.446763
0.380703
1.016429
-0.727782
-0.088856
-0.183575
-1.605418
-3.477399
-3.109521
0.806176
0.384395
-0.529007
0.195034
0.470733
-1.258635
-4.378912
-2.831502
-1.003742
-0.838134
0.228486
0.530950
0.033211
-3.426422
-3.131426
0.000639
-0.025384
-0.066556
0.438211
-0.170624
-3.002185
-3.603670
-1.034341
-0.235957
-0.282444
-1.356483
-1.812878
-3.158610
-3.586232
-2.017114
1.025125
-1.642372
-1.427221
-1.638422
-2.703221
-2.712270
-1.668477
0.310813
0.034644
-1.208874
-1.184587
-0.870837
-0.883816
-1.375836
-2.186523
-1.350451
-0.200759
-0.365671
0.072112
0.392479
0.263728
-0.240660
-0.841197
-0.437016
0.067145
0.313674
-0.198267
-0.574119
-1.182175
-1.017276
-0.684201
-0.906735
-0.433634
-0.902544
-1.702335
-1.191187
-0.942176
-0.627244
-0.641266
-0.687527
-0.430024
-0.844826
-3.195224
-2.514424
-1.213393
-0.944912
-0.938656
-0.391174
0.246737
2.433178
-0.242245
-1.041757
-0.901224
-1.161371
-0.773823
0.150187
-0.201344
2.768566
2.878926
2.133491
1.586104
1.150155
0.976689
0.304140
-0.464984
-2.126172
-2.405781
-2.393419
-1.354655
-0.189544
-0.270154
-0.676325
-0.989314
-1.955829
-2.207602
-1.447027
-2.000534
-2.252387
-1.052185
2.686841
-1.072406
-1.541100
-2.218824
-1.352096
-1.084914
-1.726477
-0.768154
3.231590
-0.136493
-2.695049
-2.244651
-0.730487
-1.091373
-2.143298
-1.965179
1.090196
-0.630468
-3.846629
-2.944235
-1.395953
-1.540260
-2.182378
-1.932763
0.223768
-0.745398
-3.430451
-3.890256
-2.425854
-2.298178
-2.977735
-1.848350
0.153771
-1.734558
-0.560953
-1.940115
-1.423444
-1.713684
-1.596796
-0.214375
-0.667488
-2.270802
-0.208818
-1.627931
-1.467131
-1.215016
-0.831655
-1.110759
-2.062978
-1.608917
0.280544
-1.275688
-1.961985
-1.531352
-2.094863
-2.169509
-1.243379
-0.536606
-1.283640
-1.644823
-0.606408
0.905954
2.031880
1.942963
1.095654
-0.584820
-1.574033
-1.141297
0.273722
1.088600
0.680121
0.124919
-0.418456
-1.073327
-0.836334
0.465172
0.389545
0.330554
-1.028287
-1.425815
-1.578256
-2.023204
0.725023
0.469352
-0.105505
-0.368616
-1.426096
-2.177304
-2.931655
-3.197623
0.036920
-0.806440
-2.279762
-3.135725
-3.701855
-3.947109
-4.309659
-2.227179
-4.014103
-6.872174
-8.192935
-7.255489
-5.585472
-4.112434
-2.221377
0.760032
0.138879
-1.607386
-2.046525
-1.799267
-1.456187
-0.716194
0.988907
2.021290
3.601407
3.813823
2.808650
1.697066
1.442906
2.173028
2.420918
0.693186
-1.342226
-1.646421
-0.941631
0.651086
0.927157
-0.384298
-0.283512
1.751684
-0.866872
0.454994
2.188481
1.781483
-0.097339
-1.156135
-0.828836
0.562534
1.138666
2.363254
-0.022040
-1.581241
-1.988191
-1.258143
-1.092390
-0.358666
2.089049
-0.303413
-2.381345
-1.888513
-1.474581
-1.367562
-1.537367
-0.980643
2.351046
-0.790036
-2.636400
-1.848995
-2.231898
-2.289112
-1.977105
-0.310893
1.775708
0.252316
-1.398590
-1.771948
-2.126471
-2.109535
-0.472951
1.646213
-0.243716
-0.073625
-1.246734
-1.626592
-1.542022
0.571632
2.269876
2.067965
-0.650419
-0.827948
-0.581728
0.056322
2.036861
3.357303
2.406762
-0.615702
-0.425108
-0.479227
0.739305
2.253284
1.382435
0.794998
1.055880
0.970783
0.413713
0.446243
-0.301806
-1.049525
-1.325248
-1.127665
0.246922
0.194103
0.043396
-1.206937
-1.673943
-0.459089
0.254584
0.644386
0.032190
-0.140012
0.203993
-0.554314
-0.677800
-0.206388
0.525762
-0.127344
-0.680147
-0.701534
-0.263746
0.855957
0.591823
0.588251
0.959452
-0.371559
-1.276546
-0.964769
-0.180721
0.854079
2.122036
1.777276
-0.002221
-0.845101
-0.201691
0.308640
0.329102
-0.889061
-1.618225
-1.864334
-0.568301
0.834028
0.954188
-0.170579
0.524226
1.181940
2.239051
3.238113
2.449659
0.560870
-0.697753
-0.661755
-2.903172
0.802935
3.523033
2.867644
1.058131
-0.755421
-1.011685
-0.439153
1.635136
3.277467
2.311566
0.109146
-1.161315
-1.677931
-1.841675
-1.567941
2.188004
0.771771
-0.212836
-1.357933
-0.728041
-2.288362
-3.744121
-1.556821
0.337008
-0.609479
-1.180667
-0.680943
-1.440234
-5.003971
-4.024076
0.807249
-0.154560
-1.216940
-2.178795
-2.670789
-5.382444
-5.909793
0.018554
3.186291
-1.188070
-2.306500
-3.611573
-5.619946
-5.206153
0.054997
4.702768
3.328594
-0.689461
-1.284497
-1.967088
-1.385400
2.449627
5.656804
4.013982
1.191916
0.141603
0.952880
1.902138
3.868471
5.170928
3.035989
0.216406
-0.812537
-0.791405
0.751074
1.156947
1.839981
1.997303
3.064426
3.468671
0.154084
-0.076912
-0.628798
-1.762930
-2.226159
-2.953031
-1.241817
-0.525195
-2.267587
-1.948551
-2.508269
-2.553273
-1.997636
-1.708636
-0.790587
-1.392115
-2.381606
-3.004546
-2.880411
-2.180558
-1.693080
-1.794119
-1.493996
-2.232180
-1.711284
-1.995336
-3.198751
-2.791709
-2.869974
-2.171349
-1.747557
-2.195465
-1.665448
1.483560
-0.216115
-1.054429
-1.713543
-1.104596
-1.247072
-1.702475
-0.990072
0.704197
0.599348
0.784128
0.604946
0.458555
-0.066833
-0.110211
-0.656689
1.907569
3.118237
5.289566
5.357114
3.143455
0.933071
-0.740844
-1.711020
-5.325020
-3.056569
1.990892
4.373393
3.069024
0.595280
-0.203466
0.232360
-1.349263
3.951620
5.265855
3.049567
0.578448
-1.484715
-0.606810
-0.897911
3.807900
3.781874
2.160817
1.000519
-0.159934
-0.588049
-1.408141
-2.896926
1.781386
0.862060
0.116880
-0.918764
-0.658655
-1.953953
-4.195405
-2.445210
-0.976972
-0.660387
-0.850259
-1.023364
-2.190485
-6.203821
-4.482090
1.245028
-1.061010
-1.546639
-3.027632
-5.322983
-8.303237
-6.203122
1.902743
4.854136
-1.602306
-3.142194
-5.188327
-6.700664
-3.640342
4.354999
6.932205
3.483832
-0.036433
0.603076
1.612736
4.196383
8.379400
8.162176
3.848059
0.861154
1.205906
3.959182
3.522842
0.535746
-2.117511
-2.780101
-1.531735
-0.739652
1.701876
-0.105090
-3.007936
-3.086098
-1.770613
-1.496516
-1.772395
-2.196386
-1.093901
-1.463066
-0.757811
-0.352076
-0.370061
-0.568347
-1.110241
-1.243467
-1.599422
-0.030187
-0.466863
-1.075170
-1.274215
-1.417012
-1.190415
-0.403284
-0.723583
-0.095964
-1.007092
-1.487978
-2.164572
-1.240936
0.286810
0.861723
-0.239514
-1.709034
-2.959593
-2.549550
-0.097539
2.807265
2.504841
0.449753
0.560650
1.389689
3.378548
6.341387
7.314840
3.983243
0.134035
-1.546628
1.824765
3.183026
3.468547
2.305137
-0.496973
-2.789653
-2.536900
-0.473248
-2.812420
-2.799833
-0.937614
0.495660
0.777745
-0.282073
-2.443921
-1.901852
-3.878570
-0.452161
1.296669
0.498012
-0.367312
-0.299773
-2.749462
-2.705718
-2.131901
1.307934
0.322192
-0.668953
-0.501595
0.518538
-3.097084
-3.792738
-0.096109
-0.345153
-1.010317
-0.764126
-0.159109
-0.129436
-4.443368
-4.171747
0.104793
-1.302308
-1.761715
-1.085062
-0.695944
-2.370597
-5.357426
-0.802269
-0.444462
-0.893737
-0.691160
-0.454520
-1.629709
-4.174546
-2.371720
2.525674
-1.053314
-0.577954
-0.989708
-1.473376
-3.000256
-2.263656
1.090333
2.538669
-1.213796
-0.928555
-1.249815
-1.906417
-1.169434
0.772049
1.403869
0.001258
-3.436720
-0.177029
-0.107964
-1.019271
-0.840493
-2.121911
-4.047935
0.141182
-0.592936
2.271642
-0.071798
-1.411506
-1.297579
-2.898663
-5.562515
-1.202744
2.480025
1.857592
-2.357587
-2.076242
-1.673558
-3.010745
-6.323528
-1.502355
2.627525
-0.339544
-2.648591
-1.269754
-0.910978
-4.926199
-5.416046
0.884818
2.039355
-0.438436
-2.224138
-1.827312
-4.147236
-6.192116
-1.858828
3.222420
0.451337
-0.808777
-2.738706
-3.323585
-4.853737
-2.676282
1.793114
2.475614
-1.459966
-1.740432
-3.620282
-4.668689
-2.844272
0.332208
1.522499
-0.795857
-2.067496
-1.394128
-2.887286
-2.801092
-0.524076
0.613732
-1.061897
-2.139713
1.362732
2.435305
1.305072
0.424541
0.118583
0.763426
0.222944
-0.085687
1.261431
-0.026132
-1.484553
-1.180236
-0.980411
-0.442970
-1.000238
-1.138922
-0.133966
-1.242247
-0.387451
-0.242026
-0.072802
-0.294448
-0.813188
-0.141856
-0.166016
-0.179461
-0.192641
-0.620423
-0.416637
-0.259479
-0.416263
0.808938
-0.056682
0.102572
-0.044787
-0.217559
-0.116241
0.074722
0.321142
0.053941
0.040150
0.144589
-0.345601
0.059739
0.707744
1.057004
0.485305
-0.301608
-0.860976
-0.954759
-0.200061
0.969733
1.695193
0.493482
-0.679342
-0.928143
1.849752
2.604614
2.623605
1.341202
-0.049550
-1.050911
-0.908391
-0.258865
-2.131506
-2.777894
-3.303855
-3.345659
-4.072726
-3.295907
-0.864509
-0.691860
-2.813738
-3.012022
-2.572033
-1.583549
-0.938465
-0.525494
-0.217531
-0.469772
-1.180773
-1.237045
-0.354944
1.169863
2.396589
1.487386
0.033901
-0.486565
0.479124
-0.394669
1.687025
2.934122
2.358124
-0.178103
-2.237549
-1.493396
1.745542
1.478433
3.296991
2.397010
0.120249
-2.586210
-2.947153
-1.334713
-0.846164
-2.112154
-1.753095
-2.759677
-3.927381
-4.400467
-2.313763
-1.502070
-1.851705
-3.042232
-2.596424
-2.706894
-3.226802
-3.014409
-1.660539
-1.785496
-2.164591
-3.144747
-3.786402
-4.214972
-3.823620
-2.265069
-1.545213
-0.601176
0.446777
0.064012
-0.290663
-0.406600
-0.676636
-0.512406
0.680592
0.316959
-0.726168
-0.336678
-0.687832
-1.059315
-1.791007
-2.689761
-1.635951
-0.234423
-0.166046
-0.241322
-0.935650
-1.972176
-2.792853
-2.278769
-1.399169
-0.730662
-2.182465
-1.538854
-1.258488
-2.094252
-1.614738
-0.560798
-1.125898
-1.117466
-3.770571
-5.051920
-3.426260
-1.957027
-0.972591
-0.273956
-0.134034
-0.220220
0.391723
-4.097572
-4.309509
-1.807297
-0.304761
-0.192528
-0.200667
-0.239783
6.730994
6.360189
5.355794
3.831745
1.949155
0.688363
0.064815
-0.614041
1.774357
2.829883
2.320856
1.600036
1.229929
0.361430
-0.559803
-0.951289
-0.514762
0.132733
0.190127
-0.329066
-0.796742
-1.115698
-2.024968
-1.161056
-0.016499
0.258580
-0.765167
-0.648143
-0.111643
-0.761640
-2.571974
-1.170654
0.470356
-0.339675
-0.455699
0.340572
0.203086
-1.909642
-3.220208
-0.923199
-0.529167
-1.749081
-1.406585
-1.189161
-2.309483
-3.290146
-2.779762
-0.232338
-1.068097
-2.351251
-3.755261
-4.260603
-4.323501
-3.595484
-0.973789
0.745311
-1.086422
-2.102640
-4.107000
-4.107011
-3.024425
-0.218590
1.101915
0.815863
1.183250
1.675945
1.371171
1.335774
2.217572
2.405534
1.373456
-0.080111
0.387732
1.072277
0.683375
0.516700
0.707652
0.287565
-0.186623
0.094570
1.042688
0.106430
-0.925936
-1.337431
-1.569262
-1.948854
-0.752790
-0.164027
0.202344
-1.754089
-1.941931
-1.626935
-1.257626
-1.553511
0.061234
0.619009
-1.346936
-1.576684
0.114178
0.148734
-0.141512
-0.677134
1.484570
1.730670
-1.264766
-1.275288
-0.012167
-0.237798
-1.074679
0.393803
1.783270
0.527482
-1.135604
-1.520768
-0.567615
-0.463182
0.769788
1.842370
1.238695
-1.332547
-0.881294
-1.339668
-0.489004
0.426801
0.987734
0.438027
-1.850694
-2.158118
0.086051
-0.677406
-0.722409
-0.313832
-0.483779
-2.252542
-2.587373
-1.598482
0.290793
-0.331992
-0.246706
-0.731867
-1.896423
-2.173178
-1.270309
-0.033198
-0.252706
-1.393435
-1.564707
-1.788911
-1.966456
-1.844774
-1.029885
2.935317
-0.528536
-0.877901
-0.392875
0.126980
0.242474
-2.087234
-3.593277
1.932031
0.740692
0.225621
0.610304
0.750758
0.751848
-1.509083
-2.458833
0.149996
1.034062
-0.308674
-0.060379
0.095451
-0.173160
-0.933428
-1.009083
-0.780702
1.067977
-0.771026
-0.058691
-0.214152
-0.807371
-1.270466
-0.697840
-0.627204
1.989396
0.248432
-0.802295
-1.222797
-1.882171
-1.179999
-0.474139
-0.001290
1.653960
1.609623
-0.400392
-1.303403
-0.762752
-0.489633
-0.467214
-0.429411
-2.135717
-0.769119
-1.204660
-1.315062
-0.860196
-0.238527
-0.107755
0.248470
-0.923229
-1.857545
-4.802149
-4.788941
-4.031570
-3.951485
-4.051896
-1.803627
-1.018854
-2.059969
-2.804609
-0.745805
0.879881
-0.182079
-2.046896
0.204261
1.334750
0.000334
-0.462406
1.355958
2.546683
0.502757
-1.624309
1.229095
2.070387
0.657030
0.792402
2.083001
2.036221
-0.695788
-1.480531
0.527307
1.389203
1.417181
2.180935
2.302289
0.471665
-1.643711
-1.009483
-0.706125
-0.915326
-1.237507
-1.278287
-1.726277
-2.882189
-3.194502
-2.852232
-2.570535
-1.581458
-1.763218
-3.074922
-4.628135
-4.728794
-4.337261
-3.061770
-2.161395
-3.044940
-4.530884
-6.542253
-6.687453
-4.816166
-2.608828
-1.326628
-0.190572
-1.293247
-0.423281
-0.452747
-0.114230
0.213063
-0.829679
-1.118286
-2.060204
0.281130
0.787217
0.338290
-0.393459
-1.094915
-1.256640
-0.006294
-0.662326
0.470505
-0.248272
-1.747577
-2.422126
-2.570549
-1.550027
0.312914
-0.350765
-0.870517
-1.546197
-1.592366
-1.428823
-1.768678
-0.728374
0.315551
0.359211
-3.246818
-2.761901
-1.341470
-1.021947
-0.874301
-0.354906
0.213174
-0.589405
-3.160774
-3.704694
-2.650173
-2.058736
-1.576494
-1.296262
-1.052043
-1.538599
-2.380526
-4.730638
-4.722807
-4.163336
-2.875418
-1.314367
-0.957777
-1.799778
0.782499
-0.739298
-0.756086
-0.022697
0.348177
0.134699
-1.140762
-1.862572
2.931557
3.449537
0.070481
-1.810388
-2.538875
-2.716262
-1.367621
-0.788779
2.707964
-1.524053
-4.873322
-3.474436
-2.738903
-1.841184
-1.558965
-1.461093
-1.515945
-3.952250
-3.450118
-1.073802
-1.298475
-1.769976
-0.709474
0.443346
-2.460247
-2.560501
-1.982507
-1.565684
-2.708559
-1.709699
1.800425
1.269078
-1.520831
-1.867446
-2.606404
-3.077247
-2.012074
1.494624
3.012235
-1.825952
-0.841960
-1.163154
-1.321475
-0.690832
1.901026
3.463340
-0.884257
-4.744384
-1.098762
-0.504825
0.224209
2.219998
2.972204
-0.790951
-4.726002
-4.295564
0.005489
0.658497
1.098320
0.548031
-2.395901
-4.996056
-3.986902
-1.376344
-1.241398
1.367310
-0.550579
-2.237248
-2.161117
-2.179635
-4.010769
-1.435403
1.120348
0.565435
-1.500266
-1.838334
-1.168781
-1.691617
-5.555408
-2.502256
1.224195
-0.673972
-1.740110
-1.753351
0.009122
-1.705921
-5.768811
-0.517895
0.095416
-0.806704
-1.428028
-0.511359
-0.570334
-3.878953
-3.033854
2.178867
-1.154235
-1.105179
-1.121322
-1.154629
-3.107951
-2.876132
1.272582
2.555192
-0.532944
-0.670907
-1.158043
-1.785567
-1.452892
0.809201
1.340409
-0.877917
-1.299711
-0.629162
-1.739089
-2.397358
-0.914636
-0.637747
-1.833491
-2.556816
-2.359903
-2.086520
-1.971538
-1.817887
-1.224561
-1.868655
-2.328434
-2.041107
-0.155258
-1.098116
-0.216762
-0.710088
-1.310888
-1.747152
-0.283845
0.291468
-0.674594
-0.705063
-1.049694
-1.841192
-1.975003
-1.449983
-0.132683
1.467915
-0.125625
-1.276438
-1.956118
-1.675628
-1.583426
-0.659998
-0.045438
0.972400
-0.567726
-2.109650
-2.608850
-2.037099
-1.304269
-0.181296
-0.696547
0.284117
-1.262709
-2.874582
-2.763325
-1.612068
-0.548630
-0.984092
-0.523953
0.883860
0.659008
-0.382603
0.356315
1.138926
0.572731
-0.427511
0.703772
0.477219
1.518886
0.186715
-0.094614
0.080459
-0.528381
-0.263495
-0.282648
-1.538118
1.008042
0.550633
-0.439335
-1.284670
-1.233966
-1.144016
-1.456088
-1.679160
-0.190209
-0.643150
-0.312881
-0.876338
-1.483363
-1.751746
-2.102011
-3.045880
-1.898411
-0.911173
-0.064393
-0.789894
-0.587705
-0.953635
-0.767496
-2.310284
-1.354030
0.597254
0.859391
0.935781
0.692873
-0.162827
0.655426
-0.621576
-1.219328
0.565674
1.158964
0.218322
-0.486773
-0.053771
-0.190139
-1.343807
-2.241582
-0.578191
0.038341
-0.326180
-0.242607
0.342667
-1.220991
-1.288536
-3.663637
-2.793414
-2.624098
-2.045151
-1.176432
-1.522672
-1.620492
-0.579102
-1.124234
-0.589219
0.046135
-0.306476
-0.746586
-1.326082
-0.803728
-0.269866
0.028831
-0.362923
0.634161
-0.099845
-0.529904
-0.529167
-0.595874
-0.007180
-1.818015
-2.289156
-2.680017
-3.060205
-3.841364
-6.012694
-4.206543
1.903704
-2.195655
-2.495652
-2.258962
-2.046603
-1.770112
-3.914560
-5.790118
-2.875629
-1.850952
-2.436649
-1.279778
-0.642871
-0.615640
-1.240053
-3.182905
-3.317926
-1.110461
-1.380746
-1.040159
-1.059198
-1.818966
-1.437665
-2.735111
-2.204575
1.743091
0.452674
-0.905936
-1.635259
-1.828974
-1.929346
-2.021795
-1.493213
3.298327
4.651191
1.791620
-0.597439
-0.798033
-2.035091
-2.357534
-2.044412
-3.725118
1.191988
1.976593
0.270853
-1.249436
-1.958367
-2.241630
-1.874861
-7.959889
-6.825470
-3.469803
-2.302687
-2.143234
-2.230362
-1.816481
-0.996677
3.615462
1.666065
-3.724830
-6.687895
-6.147668
-4.686887
-3.502919
-3.404462
-1.310219
-4.912105
-4.881155
-2.718600
-1.653004
-2.209831
-2.747375
-2.113323
-3.171857
-2.276319
-0.903999
-1.077426
-1.648903
-2.127163
-0.754258
0.338221
-1.650675
-1.160301
-1.803311
-2.150745
-2.611844
-1.512331
1.141984
1.111226
-0.541925
-1.523546
-2.569998
-2.716489
-0.835788
2.561082
3.768921
-0.230784
-0.619280
-0.035249
2.664452
5.672750
7.881760
5.729084
-0.020196
-3.989979
1.531966
3.643014
6.387350
6.894596
2.652130
-3.834852
-6.107274
-3.970962
-1.259595
-3.141068
-6.101592
-8.761579
-9.606983
-7.209240
-3.778232
-1.465171
3.874191
0.787758
-2.939683
-3.194201
-2.500625
-1.922388
-1.403118
-1.816783
-0.192084
-4.092808
-3.423220
-1.953255
-1.097625
-0.559664
-1.382400
-2.029713
-3.299411
-2.490531
-1.232222
-0.760997
-0.065678
-0.060480
1.227037
0.624579
-1.047028
-0.445195
-1.127051
-0.255747
-0.733139
1.029391
3.515715
-0.549148
0.933007
0.968327
-0.238556
-0.726745
1.025669
4.537187
1.401353
-3.810747
-0.625894
0.874467
0.845744
1.849858
4.596335
2.880648
-3.823674
-3.694435
-2.156490
-0.432288
0.827663
2.431250
1.114142
-4.116289
-4.555625
-1.351977
-1.179210
-1.531092
-0.979012
-2.268167
-4.743674
-4.352801
-1.567135
-0.622293
-2.130105
-2.617145
-1.269656
0.294147
0.083246
-1.237828
-1.982227
-1.331506
-1.160997
-0.258557
1.877409
2.683629
1.831426
-0.707317
-1.117356
-0.757244
0.597059
1.216691
1.316451
0.558177
-0.966472
-3.019665
-1.501363
-1.042896
1.590285
0.529120
-0.302389
-0.670888
-2.548926
-3.148674
-0.903254
-0.831032
1.278729
-0.044941
-1.475053
-2.449409
-3.475226
-2.575598
-1.187399
-0.560515
-1.387597
-0.651207
-1.475705
-2.296555
-2.319398
-1.550754
-0.813168
0.970380
-4.427341
-5.329401
-5.115088
-4.184675
-2.867509
-0.854216
1.043700
1.706082
-1.319744
-2.884206
-3.134217
-1.977810
-0.102207
1.649061
2.168846
0.903370
-2.225801
-0.019729
2.545635
3.891370
3.904266
1.492606
0.310632
-0.073524
1.460293
3.489887
2.993635
1.935680
1.350585
0.547007
-0.243586
-1.128330
1.705027
0.630273
-0.936093
-1.216795
-1.242111
-0.567970
-1.865443
-2.911960
-0.067630
-1.220568
-1.368613
-0.725735
-1.347481
-1.578316
-2.773024
-1.684098
-1.356186
-2.272366
-2.600448
-2.556740
-3.399447
-3.724389
-1.955043
0.015176
-2.177972
-3.560710
-4.902161
-5.334020
-4.395643
-1.833615
0.924591
1.362857
-1.581607
-2.600360
-3.633151
-2.527187
0.580341
3.229672
2.642438
0.808501
1.697508
2.512412
3.178781
4.680297
5.373954
3.779976
1.083301
-0.472203
0.167418
-0.409693
-0.417078
0.201246
0.872526
1.480963
2.053412
1.829339
-0.309636
-0.608344
0.296071
0.009353
-1.118826
-1.361055
-0.471265
0.341869
0.409450
-0.154223
-0.391603
-0.689913
-0.799075
-1.406831
-0.312518
-0.118902
0.354464
-0.623245
-0.740934
-0.638707
-0.874586
-1.006324
-0.003230
-0.104990
-0.600103
-0.411184
-0.541837
-0.728815
-0.589300
-0.243644
0.080530
-0.594980
-0.398358
-0.129225
0.146055
-0.338636
-0.775094
-0.479410
-0.057585
-0.263577
0.876817
0.860778
-0.264767
-1.550813
-1.420001
0.049799
0.224578
0.380460
0.222976
1.060051
2.253041
2.137809
2.124004
1.972349
0.814183
-0.296878
-0.113231
1.079785
-0.009527
-0.443411
-1.477358
-2.949279
-2.967392
0.848617
2.166196
1.912139
-1.322550
-2.499570
-2.781284
-3.003422
-2.259352
2.338997
4.015930
-0.482920
-3.324351
-2.383279
-1.814806
-2.019237
-1.715212
2.831223
3.095054
-3.425191
-3.174590
-1.488803
-1.319399
-1.661901
-1.251063
3.604389
1.591603
-3.291203
-1.955233
-1.247418
-0.925585
-1.490172
0.185469
3.948262
1.322703
-1.875750
-1.694935
-0.974366
-1.204137
-0.791412
2.136075
1.599578
0.795620
-1.703996
-2.191381
-1.224528
-0.468369
0.724557
1.118439
-2.602922
0.715195
-0.942371
-2.235040
-1.656834
-0.376080
-0.399525
-2.722910
-3.423041
-0.829985
-0.716217
-0.695207
-0.165183
-0.228665
-0.950343
-1.015107
-0.793853
-0.962042
0.803336
0.309695
-0.280487
-0.997714
-1.553613
-1.649811
-0.440824
0.431031
1.654856
-1.369555
-1.524203
-1.311643
-1.870292
-1.517784
-0.682839
1.483559
-0.336887
-3.102927
-1.814264
-1.779026
-2.008341
-1.784586
-0.844936
0.741424
-1.126989
-3.525459
-2.648174
-2.337888
-2.476712
-1.665802
0.942599
0.406551
-0.224097
-1.778745
-1.565638
-0.918209
-0.914480
0.548276
1.837068
1.065718
1.179335
0.093714
-0.054270
-0.407655
-0.082270
1.426650
0.711646
0.280044
0.293689
-0.417313
-0.624877
0.093468
1.651155
0.714005
-1.484878
0.639814
-0.106746
-0.810716
-0.948483
-0.505782
-0.382821
-0.034955
-1.453718
-0.576082
-0.781388
-0.326730
-0.516897
-0.972012
-0.584116
-0.154239
-0.293135
-0.086392
0.047520
0.284131
-0.452809
-0.627756
0.806538
0.971578
0.829788
-0.356844
-0.223075
0.051264
-0.598267
0.403066
1.524136
1.358661
0.512167
-0.738734
-0.654318
0.430495
1.024781
2.012362
1.735173
0.669127
-0.707900
-1.375281
-0.980575
0.912640
1.505018
1.021036
-0.152439
-0.713446
-0.901850
-0.420559
-1.577430
-0.629453
-0.073137
-0.998962
-1.141515
-0.943160
-0.561498
0.766240
-0.080879
-1.168016
-1.589004
-1.105164
-0.866354
-0.758927
-0.860690
0.039249
-0.873352
-1.164308
-1.091712
-0.283366
-1.364613
-1.531591
2.761176
-0.117787
-0.875778
-0.553265
-0.612402
0.365265
-1.022570
-2.892616
1.076502
0.392176
-0.249451
-0.544287
0.051641
0.133850
-0.639529
-2.043956
-0.054635
1.682250
0.194886
-0.043714
-0.040845
-0.465883
-0.940276
-1.151086
-0.694743
2.582906
0.962425
-0.473507
-0.750086
-0.971946
-1.447974
-1.214873
-0.523161
1.245634
0.990011
-0.656946
-1.251442
-1.013109
-1.400995
-0.731464
-0.378115
-0.540739
0.601396
0.201300
-0.750929
-0.814448
-0.879622
-0.656060
-0.441074
-1.474782
-0.416359
-0.243345
-0.465484
-0.858387
-0.248553
-0.371541
-0.388221
-0.243582
1.253279
1.341957
0.168432
-0.314065
-0.445910
0.096799
-0.797954
1.356099
1.669957
-0.136713
-1.216521
-1.387293
-0.947315
-0.583739
-0.640845
1.947055
1.367794
-0.892020
-1.044390
-0.391329
0.447936
0.267790
0.315291
1.858916
1.062054
-0.448008
0.461977
0.659167
0.200920
0.790454
1.504421
1.563961
1.232437
0.603267
1.876146
1.186642
0.285944
1.733631
1.047683
-0.701362
-1.375316
-0.907662
-0.646578
-0.819859
0.626559
1.006392
0.188983
-0.749386
-2.208467
-2.456716
-2.235457
-0.550788
0.804610
0.121647
-1.005394
0.934586
0.405907
-0.251704
0.345978
1.096865
0.199597
-1.134904
-1.751657
