-0.702308
1.473112
-1.051924
-1.097181
-1.836195
0.920465
-2.390264
1.757918
-5.791587
-2.131923
-0.574920
0.638696
-0.888791
-2.090904
3.284891
1.521269
1.283197
-4.204135
1.666282
-0.336059
0.610348
-1.370837
1.298394
0.523802
-5.006714
1.253642
-1.096310
-1.828630
0.755278
-1.947956
-0.750126
-1.370937
1.333381
0.865611
0.777230
1.891971
-1.686979
-0.450576
1.084928
2.784027
-1.801340
-3.640499
-0.089236
-0.541973
0.112338
-3.461694
-1.960925
1.177340
-0.013307
-0.871914
-0.052676
1.805945
-0.966634
1.342207
2.302485
-0.745095
-0.087569
-1.597833
0.749564
1.596715
-1.241685
-1.146293
2.326246
2.316217
3.363513
0.426021
-3.381840
0.046097
-0.446244
0.270315
1.362906
-1.067596
-0.526216
1.211124
1.133148
0.398227
1.373026
-0.590485
-0.019585
-1.625530
0.992414
-3.941116
0.162183
0.638906
1.917439
-1.813530
0.480290
-3.806665
1.603099
-1.761191
0.164222
0.242233
-1.698362
-0.328810
3.915351
-0.189866
-1.300019
-0.454481
1.158679
-0.096639
-1.860476
3.144188
-1.329916
-3.481882
6.886374
1.645228
-1.053180
-5.352668
1.094917
1.564581
1.512593
0.919316
-0.481139
-2.291176
1.163831
1.240259
1.452059
-2.561033
0.471385
1.491726
2.088831
0.225574
-5.356780
-0.444765
0.074132
1.052250
1.538123
0.372530
1.319138
-0.101543
-1.785605
2.400747
0.988655
-0.014918
-2.178503
-1.662091
-3.528607
2.618273
2.569945
0.401753
-2.055779
2.490276
3.192671
2.941716
-2.806237
-2.654092
-0.232256
-1.062021
-1.108976
2.431725
0.614502
-1.248388
-1.633740
-1.540986
-3.284504
2.168518
3.135628
1.012276
1.699012
-1.286387
4.755649
-2.566398
0.278741
-0.591102
1.084722
-0.620213
-1.231634
0.700079
1.619357
-3.623500
1.439142
-1.352647
-0.760123
-4.722358
3.156599
-4.602593
-1.351934
0.794849
-0.340827
-6.773325
3.145094
-1.039201
-2.179880
2.143076
-2.045040
1.373595
0.917588
-4.081165
0.823282
-1.249988
-0.186315
-0.362144
-1.873729
0.904528
-0.754584
-3.546576
-2.814444
-1.325469
-1.781628
-1.154258
-0.552850
-0.123966
0.081977
-1.113092
0.822941
5.433856
0.535502
4.180537
0.912223
3.949162
-4.157938
-1.923333
-3.129653
-1.514362
1.855611
-4.472329
-0.929716
3.216116
1.105053
-0.092813
1.217391
-1.142719
5.640857
-0.079325
-1.669518
-0.861222
-0.194209
1.569128
-2.638493
2.004157
-0.771811
1.461006
1.273227
-0.106907
-0.476365
2.096956
-2.920524
1.786073
-1.791344
3.443449
1.901963
-2.683381
-2.344320
3.706146
1.619558
-0.638570
0.282000
-3.004328
-2.741093
0.696521
-3.765816
1.630180
2.330733
1.917590
0.863982
0.173883
1.976768
-5.010908
-0.175196
-1.065067
2.207223
1.602800
1.204620
2.275758
-0.570152
-2.208923
1.477253
-1.490552
-1.915118
1.761607
-0.976980
-3.779839
-1.104361
1.676849
1.466981
-3.693662
-1.073376
-1.253817
-4.609577
0.071839
-0.817507
0.464619
-2.255372
-1.338584
-0.296519
0.080831
-0.529344
1.935752
0.246023
2.457753
1.954298
1.023386
-0.876726
0.798002
0.666188
1.869358
-0.538764
-1.964908
-2.482080
-4.133758
-2.532239
-0.189773
-0.144309
0.280536
-0.191274
1.280886
-4.114839
-2.644258
-2.111885
-1.642614
1.615642
1.059697
-1.958362
-1.128407
-1.459275
-2.903893
3.548455
2.575486
-1.533021
0.929502
-2.541373
1.217888
-0.081373
-4.761816
0.105041
-5.240094
0.488417
-1.785609
-0.780516
1.521790
0.780290
-2.741297
-0.258742
0.793050
-0.979901
-1.498233
-2.087417
-3.060787
0.589504
-0.363388
2.506043
-4.322596
-1.633139
-5.064409
3.595485
0.306797
-1.577287
1.675613
0.920249
0.157001
0.514240
3.388930
-2.164510
2.619769
-1.695192
0.949767
1.529084
2.044348
-3.459720
-2.491407
-0.013004
-1.502591
0.190149
3.796279
-1.925778
-1.184771
-1.884058
-1.230400
0.083697
-1.118289
-3.065090
-6.204653
-4.079973
1.575760
0.033863
3.143648
0.799639
0.211292
-2.367899
-1.239627
2.009735
-0.591239
-1.839919
0.103852
-0.719962
-1.768255
0.021582
0.645384
-2.324537
-2.712345
-2.563834
5.228152
-2.940567
2.137504
0.423175
-1.171180
-1.848706
-1.245961
2.597397
-6.373338
0.124827
-2.865893
-1.603595
1.422690
1.177834
-1.613318
-2.575865
-2.999592
0.697710
-2.523877
-1.319304
1.508964
2.722999
-2.218556
1.800694
-2.288785
-2.703064
-3.165542
0.513840
-1.839025
-0.374600
0.364544
-1.403477
4.011573
-3.967402
-0.087402
1.045430
1.151191
-6.681483
-1.575210
0.516995
-0.473412
-3.977149
-2.551587
-0.089843
-1.282942
-1.577967
0.886341
-2.893903
0.492206
-0.041207
0.640416
1.887176
-2.210532
2.116257
0.295513
3.577509
0.571421
-1.357002
-1.655123
2.406952
-1.904898
0.282708
1.434577
-0.036674
-1.240216
3.100614
1.479392
3.696551
2.071320
4.034097
-1.441801
-5.952029
0.678542
1.140573
3.466914
1.660107
-0.845407
2.392189
-0.826954
0.069777
1.960158
-1.926842
-0.333208
-2.747083
-1.554538
2.028207
-3.957635
-0.673116
1.234612
-2.551491
-0.915566
1.600464
0.153526
0.819614
-1.803111
4.245892
-0.583833
-0.942051
4.658480
3.031137
2.390798
2.777473
0.627230
2.717022
-3.527449
-0.792402
3.736833
2.624287
0.825182
