-0.137394
-0.967500
-1.913918
2.679173
-0.702572
-0.934587
-0.593095
-1.481686
2.981875
-1.910369
-2.034529
-0.570876
6.029061
4.783851
1.441235
-0.065238
-0.730230
-0.646027
-1.033484
0.624070
-1.960557
-2.605956
-1.773072
-1.688849
5.508105
5.012046
2.703149
-0.391643
3.329300
3.701449
1.107801
-0.230317
1.278098
3.215869
0.204801
-0.343666
0.090007
0.726646
-0.009584
-1.297582
-1.007937
-0.033595
0.109248
3.225989
0.156798
3.087044
4.067717
1.246968
0.495264
0.608682
-1.624256
0.176570
-0.176029
-0.555534
0.105103
0.034616
0.108806
0.068519
0.383359
0.565372
0.752847
0.708251
0.295096
0.054161
-0.342900
-0.349202
-1.450233
-0.304870
-1.594551
0.245092
0.484550
-1.075597
2.517946
1.520485
-0.128204
-0.620973
0.474667
0.532909
1.171064
-1.090493
-0.251633
0.272552
-0.692007
1.092182
0.547652
0.555311
1.409821
-0.738324
0.547833
2.158706
0.861921
-0.310348
0.991574
0.379753
0.350570
0.565383
0.447545
1.723806
2.452809
2.551116
0.281094
-1.100775
-0.918374
-0.471224
-1.016584
-1.510972
-1.284132
-0.131764
3.996436
5.408244
4.532555
1.136938
-1.476914
-1.064835
-1.720514
-0.875972
0.262987
-1.153518
0.007684
-0.354618
5.583479
7.092588
3.506294
-0.410096
-3.951486
-5.316167
-2.581671
-1.445707
-0.351099
0.116165
0.744459
-3.639117
1.003374
0.664630
0.964711
-2.348638
1.537004
0.970292
-2.567411
-0.570301
-1.633617
-1.079227
-0.326390
0.307889
0.605320
1.263546
1.544636
0.130669
1.110372
1.438111
1.308374
-1.505332
0.682325
1.002738
-2.052932
1.002280
-1.236349
-1.479949
0.365552
1.081850
-0.578593
-1.122109
-0.956722
-1.310287
1.539761
-0.767051
-0.700181
-1.433552
1.691917
-0.092466
-0.565896
-0.334627
0.620941
-0.408990
-1.470296
-0.085561
4.779967
2.132804
-1.899058
-0.761128
2.629306
-0.525219
-0.597987
5.310843
-0.882567
-2.821101
4.978324
5.458646
0.277290
0.703387
3.938597
-0.811849
1.207844
1.446199
2.129518
1.071712
0.352833
0.589276
0.595954
0.206086
-0.522734
1.338094
-0.619783
-0.478359
-0.142181
0.240447
0.272978
0.103975
3.135491
3.920176
0.824502
-1.982614
5.261953
-0.834449
-0.351864
-1.316579
1.176719
-1.410900
-1.381627
6.635972
-1.168887
-1.295378
3.841778
5.725510
0.626459
0.582375
0.412051
0.694688
1.694740
1.721120
1.304439
0.454828
1.351981
2.138490
-0.318062
1.519514
0.345406
0.582456
1.266520
-0.056439
-2.169336
0.508198
-0.100642
-0.944288
0.784634
0.994887
0.449191
-1.280177
-0.020903
0.416669
0.509408
-1.055883
-0.257499
-1.378025
-1.690019
1.003583
0.038505
0.358872
-0.274267
0.033538
0.280067
-0.607726
-0.660851
-0.463631
2.399571
-0.934831
-0.807430
0.213130
2.845319
2.099884
1.116548
0.270533
-1.580302
-1.124115
-0.807356
3.192389
-2.283853
-0.769689
-1.971964
1.050995
-0.600155
-1.462646
-0.253577
0.114569
0.241342
-1.254218
-0.870857
-0.575808
-1.153018
1.076879
2.020159
1.083933
0.713302
0.377824
-1.040008
-1.589977
0.025199
-2.291483
-3.713576
0.748311
3.802102
2.796929
2.161307
2.409197
0.372159
2.105646
0.844322
1.668849
2.280419
-0.104875
-1.340978
-0.441501
2.268211
-1.481425
-2.192370
1.563378
-0.156460
-0.026513
3.274468
2.323927
0.395884
2.202925
1.332076
1.005521
0.153634
-0.256747
0.594027
-0.018169
0.805598
2.071677
0.909093
0.258281
1.131581
3.187754
2.399300
0.903829
3.218598
3.464164
0.999262
-0.498022
2.129135
-0.271705
-0.786910
0.748380
-0.213429
-2.237664
-0.003872
4.643899
0.894011
3.809602
5.597936
3.955113
0.662186
1.751093
2.975538
3.379783
-2.037439
-1.781968
-0.879475
-1.481003
1.394672
-1.143317
-1.193484
-1.078960
3.029349
5.268226
3.054567
-0.199099
3.893987
5.208222
3.011391
0.174727
3.750267
2.103184
-0.217567
-1.465774
-0.718020
-0.907892
-2.248118
4.796503
0.545443
4.138750
8.321767
6.874572
3.821791
3.385451
-1.633907
-0.877043
-0.167578
-0.489467
-0.507452
-0.540675
-0.233355
-1.144483
2.669874
2.367450
3.045635
6.203996
7.177449
-0.003356
-0.465806
1.283024
0.764100
-1.915497
1.294289
0.308547
0.504893
-3.110729
0.091148
-0.468165
-0.709589
2.512029
-0.591599
-1.003353
0.758404
2.525024
2.194945
-0.148495
-0.917190
0.064485
2.550828
-1.346451
-0.987675
0.808121
1.962658
-1.904009
-2.752979
3.145723
-1.470825
-2.877789
0.537035
1.445802
2.419817
1.289584
0.747938
0.207456
-0.149454
-0.208129
-0.088290
0.793450
0.129101
0.044251
1.041516
0.469817
2.589126
2.608117
1.679705
-0.274353
-2.126967
-1.579010
-0.520956
-0.212993
0.483662
2.938661
2.401128
0.038439
1.750081
3.301530
0.124787
-1.330174
-1.847166
-2.591886
-2.260530
-0.596638
0.371570
-0.365870
-0.587613
0.605385
-0.241253
-1.010857
-0.636005
-0.805869
0.316516
-1.882504
-0.267735
-0.209241
6.655787
5.280587
1.873948
-0.010392
0.217734
0.149281
-0.152489
-1.201902
0.429510
0.299726
0.162240
-0.273184
-1.108943
-3.796107
-0.259436
1.061069
1.635099
1.330325
2.364688
1.332610
1.019083
-0.949541
-1.281231
0.595404
-1.288371
0.125129
0.370198
1.759665
-0.904899
0.403196
1.818765
1.215090
0.267188
-0.270311
-0.507384
-0.056803
-0.281970
0.097716
0.213210
2.906053
1.004798
0.721494
0.722584
0.120732
1.960132
-0.087955
-0.836635
-0.030554
1.624696
-0.429656
-0.267791
0.219206
-0.914584
-0.737160
0.888526
0.212906
2.079032
2.091646
2.555328
1.237740
1.425826
2.310934
0.480310
-0.697480
-1.572813
-3.066277
-2.600183
-0.181927
0.816258
0.367332
0.242104
0.022747
0.499546
-1.399781
-0.699333
0.388252
-2.732859
-0.992906
-0.325864
0.242215
0.811540
0.006344
0.377218
-0.928736
3.374879
-0.004177
-1.915842
-0.863437
-1.590603
-1.148460
-1.373133
1.725767
-0.916618
-0.765490
3.388682
2.937577
0.583839
2.145339
2.897546
-1.451002
1.330051
-0.587838
-1.206041
-1.472662
1.186936
-0.548618
-0.028137
2.141608
-0.570203
-1.158581
0.771942
2.517932
-0.666421
-1.776348
-0.675006
-1.870750
-0.232828
-0.294332
-1.388458
1.390345
-0.203195
-1.753198
-0.258866
0.894830
0.581438
1.061356
0.495161
0.806290
1.441316
0.002889
-0.341065
-0.360218
-0.159477
-0.033661
-0.556973
-0.736764
0.627986
1.189696
0.723605
0.686158
-0.547459
0.069073
0.373399
-0.548370
0.059563
0.664893
-0.498435
0.023552
-1.870874
-2.099462
-1.822971
1.850845
-1.163320
-0.695730
-0.668499
-2.257434
4.598332
1.738761
-0.850892
-1.546072
1.139129
1.923734
-1.302295
-1.049536
3.455604
-2.878458
-1.812863
-2.273181
-1.320159
-1.063857
-1.672189
0.982126
-0.195107
5.512891
7.721901
3.609062
3.483155
6.734737
2.492271
-1.625029
3.802624
-2.024823
-0.631232
-1.453968
-0.516763
-0.327315
0.957824
3.444147
0.896759
1.778291
4.524767
1.329785
-0.503856
2.359683
1.042574
-0.693861
-0.231905
2.710281
1.858078
-0.730592
1.616937
1.343103
-0.939820
-0.804380
1.305381
-1.448401
-1.524102
0.997032
-1.293092
-1.951158
1.675713
2.195498
3.479392
3.880875
3.893771
0.300137
1.694532
-0.736230
-0.578465
-1.694593
-1.366681
-2.567235
-1.844110
1.352362
2.501917
4.669802
5.363459
2.631943
0.119553
0.248206
1.433098
2.005547
0.361585
-0.439468
-0.846940
-0.051095
-0.177090
0.098190
-0.291509
0.032665
1.012186
2.205176
2.076138
0.766318
2.078811
-0.096912
-1.564743
2.251611
3.928545
-1.576188
-1.406784
3.517004
1.504218
-1.061751
-0.878797
3.860877
0.708235
-1.311913
0.637172
1.031054
0.751610
0.257969
-0.280391
-0.492550
1.603130
-1.421281
-1.363369
-0.734565
0.689698
-1.617364
-0.966206
1.785342
1.127609
0.041988
1.599429
1.374924
0.601564
-0.364980
-0.421071
-0.073205
0.009270
0.245881
1.485886
1.320411
-0.692568
1.466768
1.974112
0.630877
0.727990
-0.111387
-0.904604
-0.599748
0.013892
-0.578622
0.339908
2.735820
1.656893
0.026284
0.108493
-0.079992
2.557549
-0.498864
-0.997303
-0.403472
0.576039
0.175943
-0.273910
-0.396898
1.636849
1.308849
-0.347174
0.063691
1.913947
0.428869
0.626059
1.471313
1.530853
1.843037
1.153534
1.700523
0.901478
0.312869
1.063757
0.088539
