0
0
0
-3
10
0
0
0
0
-3
0
0
5
-5
-10
0
1
47
-5
0
-5
-4
0
0
0
-1
0
11
-25
0
16
-5
0
0
0
-1
1
0
0
0
0
-14
0
0
0
0
-1
0
-2
22
-3
0
-1
-1
0
0
0
0
0
8
-5
0
5
-1
0
0
0
-3
0
0
0
0
0
-36
0
0
-7
13
-5
0
15
55
1
0
-1
-3
-1
0
0
0
0
22
-6
0
1
-1
0
3
0
20
-7
4
0
2
0
-15
0
0
-11
5
50
0
-2
2
30
0
1
36
24
0
1
13
0
-12
-4
0
-6
-2
0
0
0
2
8
0
0
0
0
12
0
0
16
-3
-4
0
-7
0
-11
0
1
-5
-1
0
0
-1
0
8
0
0
5
3
0
2
0
7
-1
2
0
0
0
-10
0
0
-5
1
11
0
-2
0
11
0
0
16
12
0
0
3
0
-3
2
0
1
0
0
0
0
-8
-10
-2
0
0
0
39
0
0
-11
19
-1
0
18
-19
-7
0
10
-9
-4
0
0
-2
0
16
19
0
-20
4
0
0
0
-4
13
-2
0
0
0
27
0
0
11
-8
-26
0
0
3
-19
0
0
-10
-2
0
0
-4
0
21
0
0
17
0
0
0
0
-6
-5
1
0
0
0
5
0
0
-6
5
4
0
23
0
19
0
0
-1
-5
0
0
0
0
-2
0
0
-4
-1
0
0
0
-1
11
0
0
0
0
-18
0
0
29
7
-14
0
0
28
-3
0
-1
-2
-1
0
0
0
0
25
-7
0
4
0
-1
0
0
-17
3
-2
0
0
0
1
0
0
-21
11
-26
0
22
69
-9
0
-5
-9
0
0
0
-2
0
58
-18
0
11
-9
0
0
0
0
0
0
0
0
0
1
0
0
-1
0
0
0
0
0
0
0
0
0
0
0
0
0
0
0
0
0
1
0
1
0
0
15
7
0
0
0
0
-1
0
0
20
-2
0
0
-5
-1
-2
0
-1
1
4
0
1
0
0
-5
-3
0
8
1
0
0
0
-2
14
-1
0
0
0
-2
0
0
29
2
-17
0
-4
14
-8
0
0
-4
-1
0
0
-2
0
27
1
0
9
1
0
0
0
-19
-19
-4
0
-1
0
47
0
0
5
68
-6
0
16
-56
-18
0
28
-19
-12
0
-1
-6
0
63
70
0
-63
22
0
0
0
2
0
0
0
0
0
-4
0
0
-1
0
3
0
-1
0
2
0
0
5
4
0
0
1
0
-1
0
0
0
0
-1
-2
0
-10
-13
-2
0
0
0
59
0
0
-28
16
37
0
0
-4
-9
0
13
-9
-14
0
0
2
0
0
12
0
-17
5
0
0
0
0
0
0
0
0
0
0
0
0
0
0
0
0
0
0
0
0
0
0
0
0
0
0
0
0
0
0
0
0
1
2
0
19
-3
2
0
1
0
-13
0
0
-3
2
29
0
-4
0
15
0
0
26
20
0
1
8
0
-8
0
0
1
-1
0
0
0
-11
0
-2
0
-1
0
32
0
0
0
15
-23
0
7
-6
-18
0
6
-13
-3
0
0
-5
0
29
9
0
-13
3
0
0
0
0
-1
2
0
0
0
-4
0
0
-3
0
8
0
3
0
12
0
0
7
3
0
0
2
0
-5
0
0
-1
0
1
1
0
9
2
1
0
0
0
-9
0
0
6
-3
4
0
-4
5
2
0
-2
9
9
0
0
1
0
1
-4
0
7
-1
0
0
0
8
-8
1
0
1
0
-3
0
0
-9
7
38
0
0
-2
15
0
3
15
6
0
0
8
0
-11
-4
0
-8
-1
1
3
0
17
5
2
0
1
0
-29
0
0
0
-7
12
0
-11
29
8
0
-5
23
24
0
1
6
0
6
-12
0
17
-5
0
0
0
-6
-4
3
0
0
0
-8
0
0
-6
4
3
0
29
6
26
0
0
0
-4
0
0
0
0
-4
3
0
-4
0
0
0
0
0
0
0
0
0
0
0
0
0
0
0
0
0
0
0
0
0
0
0
0
0
0
0
0
0
0
0
0
0
0
0
0
2
0
0
0
0
0
-2
0
0
0
0
1
0
-1
0
1
0
0
2
2
0
0
1
0
0
0
0
0
0
-1
0
0
-14
-6
-2
0
0
0
2
0
0
-11
30
-25
0
24
13
-7
0
3
-11
-1
0
0
-3
0
53
7
0
-13
0
0
0
0
-8
6
-1
0
0
0
-9
0
0
-1
3
-11
0
6
37
-4
0
-3
-2
0
0
0
0
0
35
-5
0
15
-3
0
0
0
0
0
0
0
0
0
0
0
0
0
0
0
0
0
0
0
0
0
0
0
0
0
0
0
0
0
0
0
0
0
0
0
-7
0
0
0
0
0
-2
0
0
-8
2
-8
0
3
24
-4
0
-1
-3
0
0
0
0
0
22
-6
0
4
-3
0
1
0
8
6
0
0
0
0
-15
0
0
0
-12
8
0
-8
39
-3
0
-4
6
10
0
0
3
0
1
-21
0
14
-3
-1
0
0
-10
-13
-4
0
0
0
72
0
0
-17
28
8
0
12
-27
-20
0
17
-12
-6
0
0
-2
0
25
27
0
-32
9
0
0
0
-4
-3
1
0
0
0
11
0
0
-4
7
0
0
20
-1
11
0
1
-4
-4
0
0
0
0
-2
-1
0
-5
0
0
0
0
-5
5
0
0
0
0
4
0
0
2
-1
-8
0
0
3
-8
0
0
-3
-1
0
0
-1
0
26
10
0
11
1
0
2
0
14
-1
4
0
1
0
-13
0
0
-6
-2
23
0
1
1
28
0
-1
27
19
0
1
8
0
-9
-2
0
2
-2
1
0
0
12
-1
0
0
0
0
4
0
0
1
1
19
0
-7
-1
-2
0
2
4
5
0
0
3
0
-7
-1
0
-1
2
3
1
0
30
18
0
0
0
0
1
0
0
47
-5
1
0
-8
2
-7
0
-3
2
9
0
1
1
0
-6
-10
0
19
3
0
0
0
0
0
0
0
0
0
0
0
0
0
0
0
0
0
0
0
0
0
0
0
0
0
0
0
0
0
0
0
0
0
0
0
-12
-11
-1
0
0
0
18
0
0
-13
15
-1
0
23
-13
3
0
5
-9
-7
0
0
-1
0
13
13
0
-12
0
-1
0
0
-23
-8
-5
0
-1
0
46
0
0
-23
31
-38
0
30
-12
-28
0
9
-23
-5
1
0
-9
0
63
30
0
-15
3
-1
-1
0
-17
-23
-4
0
0
0
95
0
0
-33
36
15
0
39
-37
-13
0
21
-17
-11
2
0
-2
0
31
35
0
-32
7
0
1
0
4
-2
5
0
0
0
-13
0
0
-10
0
23
0
8
-1
35
0
0
23
11
0
0
7
0
-15
0
0
-1
-2
0
0
0
-3
-3
2
0
0
0
-14
0
0
-6
6
2
0
24
17
20
0
0
0
-2
0
0
0
0
-1
1
0
-3
0
0
0
0
-13
20
-2
0
0
0
9
0
0
19
0
-34
0
4
40
-17
0
-3
-9
-3
0
0
-3
0
52
-9
0
26
-3
0
1
0
4
0
2
0
0
0
-7
0
0
-4
2
11
0
-1
0
12
0
0
15
9
0
0
3
0
-3
1
0
0
0
0
0
0
-10
-7
-1
0
0
0
18
0
0
-7
20
-13
0
14
-16
-6
0
6
-9
-3
0
0
-3
0
20
17
0
-16
3
0
0
0
-1
-1
2
0
0
0
-6
0
0
-3
0
3
0
8
3
13
0
0
4
1
0
0
1
0
-2
1
0
0
0
-1
0
0
-6
-3
0
0
0
0
3
0
0
-11
7
-14
0
23
2
0
0
0
-5
-1
0
0
-2
0
20
5
0
1
-1
0
0
0
-12
10
-1
0
0
0
-3
0
0
0
2
-27
0
5
43
-10
0
-4
-6
0
0
0
-2
0
39
-14
0
15
-6
0
0
0
-4
13
0
0
0
0
-14
0
0
33
11
-20
0
-4
16
-7
0
0
-3
-3
0
0
-2
0
41
8
0
10
3
0
0
0
-12
25
-2
0
0
0
0
0
0
28
-2
-46
0
5
58
-17
0
-7
-10
-2
0
0
-4
0
50
-24
0
32
-6
0
0
0
0
2
0
0
0
0
2
0
0
7
2
-5
0
0
-3
-1
0
0
-1
0
0
0
0
0
2
1
0
-1
1
0
0
0
-10
-8
3
0
0
0
0
0
0
-8
10
5
0
40
4
33
0
1
-1
-7
0
0
0
0
-1
5
0
-8
0
0
0
0
0
0
0
0
0
0
0
0
0
0
0
0
0
0
0
0
0
0
0
0
0
0
0
0
0
0
0
0
0
-1
-1
0
-15
-7
2
0
0
0
29
0
0
-20
1
6
0
42
-5
26
0
1
-6
-11
2
0
0
0
-4
2
0
4
-3
0
0
0
0
0
0
0
0
0
0
0
0
0
0
0
0
0
0
0
0
0
0
0
0
0
0
0
0
0
0
0
0
0
0
0
0
0
0
0
0
0
0
0
0
0
0
0
0
0
0
0
0
0
0
0
0
0
0
0
0
0
0
0
0
1
2
0
27
0
0
0
1
0
-13
0
0
9
1
24
0
-10
0
4
0
0
20
20
0
1
6
0
-7
-3
0
2
0
-1
0
0
-23
-13
-4
0
-1
0
43
0
0
-28
38
-28
0
28
-3
-23
0
11
-20
-4
0
-1
-7
0
57
25
0
-27
3
0
0
0
-1
1
0
0
0
0
-27
0
0
-10
-4
0
0
-5
41
-6
0
-2
-2
0
0
0
0
0
6
-12
0
8
-2
0
-1
0
-11
-10
0
0
0
0
27
0
0
-14
19
25
0
7
-3
5
0
9
-3
-12
0
0
2
0
4
13
0
-15
4
0
0
0
7
7
0
0
0
0
1
0
0
18
-1
-4
0
0
-1
-2
0
-1
-1
0
0
0
0
0
0
-1
0
6
2
3
0
0
23
46
-2
0
0
0
21
0
0
82
-27
-29
0
-21
16
-28
0
-8
-9
3
0
0
-4
0
12
-10
0
55
4
0
0
0
-8
-11
-2
0
0
0
44
0
0
-7
24
12
0
3
-20
-12
0
14
-8
-6
0
0
0
0
20
26
0
-27
9
1
6
0
39
-7
5
0
3
0
-24
0
0
-14
7
67
1
-9
0
35
0
1
56
46
0
2
19
0
-17
-1
0
-1
-4
0
0
0
-24
-10
-5
0
-2
0
32
0
0
3
45
-51
0
19
-55
-35
0
18
-26
-8
0
-1
-13
0
75
69
0
-37
18
0
0
0
-5
-5
1
0
0
0
10
0
0
-9
0
-1
0
24
-2
12
0
-1
-3
-2
0
0
0
0
-2
0
0
0
-1
0
0
0
2
2
0
0
0
0
0
0
0
3
-1
-1
0
0
0
0
0
0
0
0
0
0
0
0
0
0
0
2
0
2
0
0
12
25
-1
0
0
0
10
0
0
46
-16
-13
0
-12
17
-14
0
-5
-5
1
0
0
-2
0
5
-12
0
32
0
-1
0
0
-3
-11
5
0
1
0
-4
0
0
-21
6
48
0
11
-6
45
0
3
27
4
0
0
12
0
-24
-4
0
-14
-4
0
0
0
0
1
0
0
0
0
0
0
0
2
0
0
0
0
0
0
0
0
0
0
0
0
0
0
0
0
0
1
0
-1
0
0
-24
7
-2
0
0
0
2
0
0
-13
16
-33
0
28
77
-8
0
-6
-10
-1
0
0
-2
0
71
-26
0
15
-13
0
0
0
-14
18
-1
0
0
0
-14
0
0
7
6
-29
0
15
91
-7
0
-9
-8
-1
0
0
-1
0
52
-35
0
27
-11
2
1
0
21
11
0
0
1
0
-27
0
0
24
-12
4
0
-11
32
-4
0
-7
8
14
0
1
3
0
5
-24
0
23
-3
1
3
0
26
-4
3
0
2
0
-16
0
0
-6
4
42
1
-9
0
17
0
1
34
28
0
1
12
0
-11
0
0
0
-2
0
0
0
-1
15
-1
0
0
0
19
0
0
29
0
-25
0
-2
-8
-14
0
1
-9
-1
0
0
-4
0
23
10
0
7
5
0
0
0
0
0
0
0
0
0
-21
0
0
-3
5
0
0
4
28
0
0
0
0
0
0
0
0
0
12
-3
0
2
0
0
0
0
8
15
0
0
0
0
6
0
0
15
-16
-3
0
-7
24
-9
0
-7
-1
3
0
0
0
0
-2
-24
0
25
-5
0
0
0
-8
5
-1
0
0
0
-1
0
0
-8
-2
-14
0
12
35
-3
0
-5
-3
0
0
0
0
0
26
-11
0
19
-6
0
0
0
-1
-1
2
0
0
0
-5
0
0
-3
0
4
0
5
1
11
0
0
6
2
0
0
1
0
-2
1
0
0
0
1
0
0
16
8
0
0
0
0
0
0
0
18
-7
7
0
-6
12
-6
0
-2
0
4
0
0
1
0
-3
-12
0
14
0
0
0
0
0
0
0
0
0
0
0
0
0
0
0
0
0
0
0
0
0
0
0
0
0
0
0
0
0
0
0
0
0
0
0
0
-1
0
0
0
0
0
-19
0
0
-4
2
0
0
-3
20
-1
0
-1
4
3
0
0
1
0
19
-1
0
4
-2
0
-1
0
-6
-9
0
0
0
0
21
0
0
-20
3
23
0
1
-9
2
0
4
-2
-7
0
0
2
0
-11
0
0
-8
0
0
0
0
-2
-1
0
0
0
0
-26
0
0
-12
3
-2
0
20
44
8
0
-2
-1
-1
0
0
0
0
7
-7
0
2
-1
0
-1
0
-21
33
-4
0
-1
0
33
0
0
56
13
-67
0
-5
16
-32
0
3
-20
-7
0
-1
-10
0
82
11
0
7
8
1
1
0
29
0
-1
0
1
0
10
0
0
12
2
39
0
-14
1
-5
0
4
6
10
0
2
8
0
-14
-10
0
1
3
1
0
0
14
7
0
0
0
0
-3
0
0
18
-3
1
0
-3
1
0
0
-1
6
8
0
0
1
0
-2
-4
0
9
0
0
0
0
-6
-4
-1
0
0
0
37
0
0
-16
0
14
0
4
0
-7
0
3
-4
-5
0
0
0
0
2
0
0
0
0
1
0
0
0
14
-1
0
0
0
-19
0
0
47
13
-22
0
-10
8
-8
0
1
-3
-1
0
0
-2
0
32
5
0
0
6
1
0
0
12
6
0
0
0
0
-18
0
0
11
-8
3
0
-7
24
-3
0
-4
4
8
0
0
1
0
3
-14
0
15
-2
0
0
0
-3
-2
2
0
0
0
-6
0
0
-5
-2
2
0
17
3
19
0
-1
4
1
0
0
1
0
-3
2
0
0
0
-1
-2
0
-23
-21
-4
0
0
0
101
0
0
-37
33
35
-1
27
-21
-10
0
23
-20
-23
1
0
0
0
16
32
0
-31
9
0
0
0
-3
2
0
0
0
0
-22
0
0
-7
4
-2
0
6
46
0
0
-2
-1
0
0
0
0
0
18
-10
0
6
-2
3
1
0
42
40
-1
0
0
0
14
0
0
63
-33
-4
0
-10
42
-14
0
-15
0
13
0
1
1
0
-14
-44
0
62
-6
4
1
0
41
25
-1
0
0
0
6
0
0
64
-8
1
0
-11
4
-11
0
-3
1
12
0
2
1
0
-9
-14
0
24
5
1
0
0
11
0
0
0
0
0
-8
0
0
0
-2
7
0
-4
0
3
0
-1
9
9
0
0
2
0
-2
-2
0
2
0
3
0
0
33
25
-1
0
0
0
12
0
0
70
-4
-7
0
-10
-3
-13
0
0
-8
2
0
2
0
0
-8
-5
0
15
9
0
0
0
-3
-3
2
0
0
0
-2
0
0
-7
1
-2
0
29
8
22
0
0
0
-2
0
0
0
0
-3
1
0
-2
0
2
4
0
40
-7
1
0
2
0
-23
0
0
-3
1
56
1
-19
-1
12
0
1
37
36
0
3
15
0
-17
-7
0
-1
-1
0
0
0
-4
0
0
0
0
0
-39
0
0
-2
17
-2
0
6
53
-1
0
-1
-1
0
0
0
0
0
31
-6
0
0
-1
0
2
0
7
-1
5
0
1
0
-24
0
0
-9
4
21
0
3
9
28
0
0
27
16
0
0
7
0
-3
5
0
0
-1
0
1
0
5
0
1
0
0
0
-22
0
0
-9
-1
11
0
-4
27
5
0
-2
12
10
0
0
3
0
4
-5
0
6
-2
2
4
0
31
0
2
0
1
0
-24
0
0
0
-3
26
0
-12
0
11
0
-2
29
29
0
1
9
0
-9
-7
0
6
-2
0
0
0
-9
8
-1
0
0
0
12
0
0
1
7
-21
0
8
30
-12
0
-1
-7
0
0
0
-3
0
34
-7
0
4
-2
0
0
0
0
0
0
0
0
0
0
0
0
0
0
0
0
0
0
0
0
0
0
0
0
0
0
0
0
0
0
0
0
5
0
0
46
33
-1
0
0
0
8
0
0
87
-11
-6
0
-12
1
-16
0
-4
-4
8
0
2
0
0
-8
-11
0
31
8
0
0
0
-6
-4
-1
0
0
0
33
0
0
-17
4
-1
0
10
0
-7
0
3
-5
-1
0
0
-1
0
7
0
0
-4
-1
0
0
0
-6
21
-2
0
0
0
0
0
0
15
-11
-34
0
5
52
-14
0
-10
-8
0
0
0
-3
0
32
-27
0
37
-8
1
0
0
0
27
-1
0
0
0
16
0
0
58
2
-35
0
-13
-1
-20
0
2
-11
-2
0
0
-6
0
36
11
0
11
8
0
0
0
0
0
0
0
0
0
0
0
0
0
0
0
0
0
0
0
0
0
0
0
0
0
0
0
0
0
0
0
0
0
0
0
-6
-6
0
0
0
0
7
0
0
-8
8
12
0
13
0
9
0
2
-3
-6
0
0
1
0
-1
0
0
-6
0
0
0
0
-3
-2
0
0
0
0
5
0
0
-5
0
-3
0
17
-4
8
0
0
-2
-1
1
0
0
0
0
1
0
1
-1
1
3
0
15
5
1
0
1
0
-24
0
0
0
-7
13
1
-10
27
5
0
-4
19
20
0
0
5
0
4
-10
0
14
-4
0
0
0
0
0
0
0
0
0
0
0
0
0
0
0
0
0
0
0
0
0
0
0
0
0
0
0
0
0
0
0
0
2
0
0
18
18
-1
0
0
0
13
0
0
40
-11
-7
0
-8
-1
-11
0
-2
-6
0
0
1
-1
0
-4
-4
0
22
5
0
0
0
-5
-10
5
0
0
0
-4
0
0
-13
3
40
0
18
-7
44
0
3
15
-1
0
0
10
0
-24
-5
0
-13
-3
0
0
0
0
0
0
0
0
0
0
0
0
0
0
0
0
0
0
0
0
0
0
0
0
0
0
0
0
0
0
0
0
0
0
0
-6
20
-2
0
0
0
14
0
0
38
2
-29
0
-7
11
-14
0
1
-9
-2
0
0
-4
0
36
4
0
11
3
0
0
0
-2
10
0
0
0
0
10
0
0
-6
-20
-13
0
12
29
0
0
-10
-2
0
0
0
0
0
1
-22
0
36
-8
0
0
0
-6
-2
-1
0
0
0
17
0
0
-4
6
-10
0
11
-11
-3
0
2
-5
-1
0
0
-2
0
12
9
0
-5
1
0
0
0
-2
0
0
0
0
0
-28
0
0
0
12
-2
0
9
37
0
0
0
-2
-1
0
0
0
0
18
-3
0
0
0
0
0
0
0
0
0
0
0
0
0
0
0
0
0
0
0
0
0
0
0
0
0
0
0
0
0
0
0
0
0
0
0
0
0
0
-3
0
0
0
0
0
-6
0
0
-4
1
-9
0
9
1
-1
0
-1
-2
0
0
0
0
0
20
5
0
7
0
1
3
0
28
-9
5
0
3
0
-22
0
0
-14
10
64
0
-3
2
38
0
2
46
31
0
2
18
0
-15
-4
0
-7
-3
1
2
0
21
-10
1
0
2
0
2
0
0
-9
15
63
0
-8
-4
14
0
6
25
15
0
1
14
0
-15
-6
0
-12
0
2
0
0
28
7
-1
0
0
0
2
0
0
26
-3
13
0
-11
-3
-7
0
0
1
7
0
1
3
0
-15
-10
0
4
4
