0
-14
1
26
-12
-13
-12
-26
1
2
0
7
-9
4
5
-5
-12
-16
-13
-3
46
42
-17
-7
-21
-30
31
-13
-6
-2
30
40
0
54
0
-15
6
0
10
-10
-7
-9
1
-8
4
-5
-1
5
9
45
-3
-9
-4
-7
0
1
-12
-2
-5
-6
-2
18
6
-4
0
0
-7
-17
1
9
-5
-7
-2
0
-2
-3
-1
-2
8
0
-15
-13
3
-1
5
20
5
7
-12
18
1
-3
0
2
4
17
0
-3
-4
-49
-1
12
-6
-28
-6
0
0
-3
1
-1
27
-5
-25
-18
2
-7
30
69
-9
2
-4
8
7
-3
6
7
15
43
0
5
27
22
65
-12
-6
-3
0
23
3
-11
-7
13
-20
1
-10
0
-5
-9
3
0
4
-6
-17
-1
-4
-14
-3
2
-10
12
0
-6
-6
-25
-12
26
-7
-17
-3
-3
-1
-10
0
-7
26
-1
-15
-16
20
-2
11
22
15
3
-16
8
5
-1
18
0
8
40
0
-8
-10
-8
0
-15
-22
-23
-2
73
-3
-9
3
4
-21
0
-9
-3
-16
10
7
-5
19
13
-15
8
9
-3
8
2
-11
13
0
0
-2
-4
0
0
3
0
6
-1
0
-10
24
-1
0
0
-2
-1
-6
-4
-1
-4
-11
-5
9
-1
0
32
0
0
-2
-9
0
-2
-6
-1
-3
-3
-4
-6
-2
19
-1
-4
-2
1
-4
0
-3
-2
0
5
0
-1
0
4
-4
6
0
3
2
0
-1
0
0
-5
-4
-2
-3
-5
0
-11
-5
14
1
9
-3
-3
-4
-1
-1
-3
21
5
-7
-7
-8
10
-1
-7
-3
1
18
-3
-14
-2
0
-8
-3
8
-13
34
-5
2
-3
-6
-4
-7
0
-2
19
4
14
25
-3
-5
9
-23
-6
-3
-6
-5
1
-2
-8
0
-15
-14
0
-6
-1
-25
14
7
-15
-20
-9
32
1
-11
2
0
1
-1
-23
-14
4
-8
17
54
24
7
-27
17
3
-3
14
8
25
42
0
-5
0
-13
-4
7
-2
-8
0
-5
-1
-4
-1
-2
6
3
-4
1
17
-1
2
-4
4
-3
-3
9
-1
-1
0
0
-3
0
0
-3
0
9
-2
1
-2
-4
17
4
4
-2
-3
-1
-13
0
-6
-1
-3
1
-9
-9
-9
-3
7
-3
6
-10
-9
-1
-4
19
0
-3
-6
-5
-5
-1
1
-7
-11
18
-1
26
-7
-3
-9
-2
-2
-5
15
0
-8
-3
-9
5
-6
-10
-4
-3
9
-2
-11
-3
0
-6
-10
-4
-8
-12
-1
-15
-7
30
-1
5
-7
-4
-8
-2
-4
-7
29
10
-8
-7
-17
14
-4
-1
-3
5
13
-4
-14
-6
0
0
6
7
10
-1
-1
0
0
3
2
-2
0
3
-5
0
-4
0
0
-1
-1
0
0
0
-4
-2
-2
-1
-1
0
-3
2
0
-6
-5
-13
-10
-5
-9
2
-8
0
-2
5
-1
-3
-21
2
-7
-4
50
4
0
-9
-8
-1
0
-2
-3
-8
-2
-1
5
-7
0
-2
-2
-5
13
-1
-10
-4
-4
21
2
-9
4
2
-13
0
-10
-1
-12
0
-1
2
34
1
-14
12
-5
-2
3
6
-4
2
0
0
-1
-2
0
1
4
-1
0
-1
1
4
0
0
0
0
0
0
-2
0
-2
0
0
-1
0
0
0
0
1
0
-2
-1
0
-6
-4
4
-2
-3
-7
0
-8
-4
-2
-9
-3
0
-1
5
45
37
-13
-5
5
-6
-21
-9
-17
0
6
-4
0
3
5
-5
0
0
7
8
46
-2
-12
-1
-4
16
2
-15
0
14
-19
2
-3
-2
-8
-7
2
0
29
0
-14
14
-3
-7
0
3
-3
-7
0
10
-3
-7
-2
-4
0
-4
-4
-5
0
-5
11
-2
-9
0
-6
-2
-4
2
-1
-3
19
11
-2
0
-4
-5
2
5
-7
-2
0
-6
-1
-4
3
-6
-3
16
0
-6
-2
24
-6
-2
-11
0
-5
-8
1
0
9
-8
0
-11
-7
-4
0
-8
-3
-2
6
-8
0
-2
-1
0
0
7
4
-4
3
-3
4
7
-4
0
-4
0
-2
-1
-2
1
-5
-4
-1
-1
3
-2
-1
0
0
0
-2
0
0
-9
-12
66
-41
-20
-27
39
0
-20
-13
5
-3
-2
16
-1
39
39
-31
-2
64
-31
-17
-11
-32
-34
21
-12
-3
4
-23
-5
0
-5
3
4
-3
1
-6
-5
22
5
5
-4
-4
-2
-19
0
-7
-2
-5
1
-14
-12
-5
-1
18
-7
8
-11
-1
0
-12
36
0
-13
-7
-18
4
-12
-9
-13
5
16
0
-8
0
9
7
-1
14
0
-19
0
50
42
-7
10
-15
-13
50
-5
0
4
61
15
0
-4
-3
-2
-4
-5
-1
-2
-4
14
0
-4
4
-1
-2
0
-4
0
-1
4
1
0
5
10
-3
0
-1
2
6
0
-1
4
0
0
-6
-15
22
-2
-8
-7
-3
28
0
-8
1
9
-7
1
-8
-3
-14
-6
12
15
8
0
-15
12
7
-6
4
5
11
15
0
-6
-3
-7
0
-4
-4
15
0
6
-2
8
-2
-3
-14
-1
-10
-11
-6
-2
7
-11
0
-1
-3
-8
1
-9
-6
-3
21
-4
0
-2
-1
-6
0
-8
0
10
-4
-6
0
-8
0
-1
3
5
0
8
19
1
0
-8
-4
-7
-2
2
-4
-4
-1
-1
3
-1
0
-1
-8
0
-5
-3
2
-1
-4
14
0
-1
4
-1
-2
0
-2
-1
3
8
-1
-3
-5
9
-4
-3
-4
9
5
-2
-4
-2
0
-8
-10
-3
-9
-7
-3
-17
-4
29
-2
0
-9
0
-10
-2
-6
-11
31
8
-11
-7
-9
7
-3
16
-3
-4
0
-5
-14
-7
0
-6
0
-20
2
13
0
-15
-1
-10
-3
-6
0
-1
7
6
-2
0
22
-1
4
-10
2
-4
-3
14
-3
-1
0
2
-13
-2
0
-4
44
90
44
-28
-3
2
14
-1
5
0
-1
13
-32
-1
-18
-19
0
-3
11
-12
-9
-9
-18
-19
-6
-16
-10
0
-23
16
0
7
0
-17
6
-14
-5
-3
-4
-7
-2
-1
0
-4
-16
-1
10
-8
-10
-8
-7
17
37
5
-7
19
0
-3
-5
5
-6
-17
0
0
-9
-4
15
-5
-10
-11
-2
47
-3
-3
-6
12
-18
0
-4
-8
-7
2
3
-8
6
8
-14
13
5
-8
1
3
-2
7
0
3
-7
0
-10
-6
-2
-8
-2
34
-4
-2
4
-1
-12
-1
-7
-5
-13
2
-3
-3
-3
20
-11
-1
2
2
-3
-1
8
5
0
-1
-6
4
-1
3
-7
2
-5
-4
-2
-3
-5
-3
6
4
31
46
-16
-4
7
-13
-13
-11
-12
-4
-6
-3
0
3
-4
-8
0
24
-2
-1
-1
0
4
-7
-1
-6
0
-6
9
-1
-3
0
-3
10
-7
-3
-2
-2
3
5
-6
-7
-4
0
-2
7
-6
-3
0
-4
3
-10
18
13
-9
-8
-4
6
3
-14
0
-1
-17
0
-23
-5
-2
-8
-10
6
50
-4
-19
18
-7
-6
8
6
0
2
0
-6
-4
9
-10
-11
-4
-11
1
-8
-1
2
0
4
10
-4
2
-5
-16
0
42
28
-9
-3
-12
-23
28
-3
0
0
25
14
0
-11
-4
-15
-8
-10
-10
-21
-7
37
0
-14
18
-5
3
-3
-15
-8
-11
6
13
22
15
25
-12
0
12
-1
15
0
23
18
0
0
-3
3
0
2
-1
-1
-3
-2
0
-3
-2
-1
0
1
13
17
-5
-2
0
-5
-6
-5
-5
0
0
-1
0
0
1
-2
0
-7
-11
16
-5
34
-7
30
-1
-10
-4
-13
-1
3
8
2
12
30
-10
3
22
-23
-10
-5
-6
-18
5
-11
-10
0
-30
-15
0
-11
0
20
-6
-18
-3
-7
-7
2
-1
-6
-5
5
-3
-1
39
-4
-5
2
-18
20
-9
-3
-13
7
12
0
0
-4
-8
-6
0
-3
29
17
10
-13
-6
-4
2
0
0
0
3
0
-10
0
-8
-2
-2
-3
-1
4
5
4
-12
-8
-6
-2
-1
2
-8
1
0
-14
22
-17
5
-16
-18
-1
19
21
-8
5
-8
4
-34
1
15
-8
-31
-5
20
-22
-7
-9
-13
-17
34
-20
-10
4
60
-4
0
3
2
0
17
-2
-2
1
-2
0
-1
-3
-3
3
-7
0
1
-1
-2
-2
0
0
5
-3
0
4
0
-2
0
0
0
-5
0
-5
-7
-12
-2
-9
-5
21
-10
-2
-3
-5
-2
-4
-21
3
-10
-9
46
4
0
-9
-7
-4
0
4
-4
-11
-8
-3
14
-8
0
-12
-5
5
0
11
0
48
4
-20
0
5
-1
0
-3
-1
2
11
-10
8
25
-20
-4
-14
-3
-18
3
-22
-8
-3
-30
-14
0
37
-2
-6
1
-2
6
-6
-2
-5
0
-2
5
-2
-2
-1
-8
18
-8
-7
-5
-4
0
4
-9
-8
-6
-5
0
12
-3
-2
0
-10
-2
-13
0
0
-7
-25
-1
12
-3
-20
-10
2
-20
1
-11
-10
31
1
-11
-17
2
-2
-6
47
0
-7
-5
0
-11
-7
0
0
-4
-5
0
0
7
-1
4
-3
0
-10
25
-1
-1
0
-2
-2
-5
-4
-3
-4
-10
-3
0
-2
-2
38
8
0
-2
-10
0
-5
-6
-1
2
18
0
24
0
-10
1
-2
0
4
0
1
5
18
-2
3
14
-15
-3
-5
-1
-8
0
-9
-8
0
-19
-12
0
2
12
-21
1
-11
-14
-5
-5
-12
-1
-15
18
-8
-10
-1
2
0
-2
-8
-1
-7
15
-6
48
-12
-7
-6
-5
2
-10
-13
0
0
-1
0
0
-1
0
-3
0
-2
0
0
-1
-2
6
0
0
-1
-3
-1
-4
3
-1
-1
-2
6
0
0
0
0
-5
-1
0
-4
-10
-7
-7
-4
-1
-8
-15
20
2
24
-6
-3
-9
-2
-2
-2
31
14
-17
-12
-10
20
-7
-18
-10
2
41
-2
-22
-8
0
-3
-2
16
1
1
3
16
11
-16
2
29
-2
-1
-9
-1
-6
-4
-11
0
17
-12
-6
-12
-6
-7
5
-18
-8
-1
-11
5
0
-1
-10
25
-10
29
-2
42
-3
-15
-5
-7
0
6
18
-2
-7
8
-13
6
38
-9
-13
-5
-7
-31
4
-18
-13
-2
-49
-13
0
-3
8
-10
-3
-4
-4
-2
0
-2
1
-10
15
-1
-3
0
-2
0
-4
-4
-1
0
2
0
14
-4
-2
-4
0
1
-3
6
0
46
0
-3
-3
-1
6
-13
-2
-12
-1
-7
14
-2
-12
-2
-11
12
-7
-10
-5
-1
5
17
-14
-14
-8
0
-2
15
-12
-2
0
2
3
-4
-1
-1
-3
-1
0
-1
0
-3
4
-1
-1
0
0
-1
-1
-3
0
-1
1
-2
8
-2
0
-2
-1
0
0
-2
0
-9
9
-39
9
-13
-14
-21
-8
26
0
-5
11
0
5
-1
-16
-12
-12
-2
30
58
6
16
-12
-6
11
0
3
8
46
16
0
8
-13
-1
-2
-3
17
4
-2
5
-1
-16
21
-3
-2
0
-3
0
-7
0
-3
-7
-13
13
-7
-4
-4
22
-9
-2
-3
-10
0
-2
-2
-37
-12
34
-7
-25
-7
-13
-5
0
-4
-12
58
2
-13
-15
31
-12
27
37
-10
-5
-7
24
1
0
7
4
4
47
0
-9
-4
-20
0
-20
0
21
-8
-6
-1
-18
0
-4
12
10
-8
4
38
1
12
-18
-9
-14
-1
13
-8
-8
-9
-3
10
-10
0
-4
-3
-4
3
4
-13
-4
-6
31
2
-10
7
3
-13
0
-18
-5
-16
-2
3
5
31
1
-17
5
-1
-6
6
4
-5
21
0
8
-10
39
-14
-1
-3
19
4
-15
-4
6
0
0
3
-4
-9
-8
-12
1
24
-8
-8
-1
-8
-15
7
-15
-9
-1
-24
12
0
-1
0
16
0
1
0
-4
8
-3
4
0
-7
0
-10
0
-2
-2
-1
0
-6
-5
-5
-2
1
-3
1
-6
-6
0
-5
12
0
5
2
-1
-2
0
0
-2
0
-1
0
0
3
0
-2
0
0
0
-2
-1
-1
0
0
8
-3
-1
0
-2
-2
4
0
0
0
-2
-6
-6
1
7
-3
-11
1
2
3
3
-1
0
4
-1
-10
-5
2
-3
10
24
-10
-5
0
-2
2
0
1
0
7
22
0
-11
-12
-23
-6
-19
-4
34
-19
0
-3
-11
-4
-6
-20
7
-10
-4
73
6
0
-14
-13
-6
0
8
-10
-13
-8
-7
20
-7
0
0
-6
-3
-4
0
5
-1
-4
7
1
3
3
-3
-1
0
-2
-2
4
6
-4
-3
-4
10
-7
-6
-5
17
20
-1
-6
0
0
-1
1
1
-1
0
-2
-1
3
1
0
-5
-1
0
-7
0
0
0
-2
0
-2
0
-1
-1
2
-3
3
-3
-3
0
-2
14
0
-1
-15
-8
-9
0
10
-3
-18
16
3
19
4
-6
-4
-2
-3
-5
11
11
-17
-5
-13
21
-13
-16
-10
35
50
-2
-20
-3
0
-6
11
7
0
-7
-3
-2
2
-1
0
-12
-3
2
-11
0
-4
-3
-2
0
-9
5
2
-1
9
-7
3
-5
-6
0
-7
15
0
-1
1
1
19
19
4
-1
-1
-5
4
-6
0
10
-5
2
2
0
4
2
0
-13
-1
-3
6
4
-2
-4
-4
0
-3
-10
0
-6
0
-10
5
44
1
-27
-1
-2
8
-7
2
-2
18
-3
-23
-19
11
-6
-2
2
14
-2
-14
-16
-2
-2
7
0
-3
11
0
-4
-9
19
-16
32
-8
-9
-9
-4
-6
-18
-1
-5
34
2
3
22
-5
-7
6
-25
-12
-2
-10
-13
-5
-2
-8
0
-13
-19
0
13
0
-1
-1
0
1
-2
-1
0
0
-1
2
0
-1
0
-2
5
-3
-3
-1
-1
0
6
-4
-4
-2
-3
-1
5
-2
-1
0
-11
70
29
12
-26
-5
-11
3
-7
-1
0
-11
2
-25
-1
-1
-10
-1
-10
-16
19
1
0
11
-20
-6
-15
-13
1
-28
3
0
0
-8
-4
0
0
14
-1
7
-2
1
-15
47
-3
-1
0
-3
-2
-9
-4
-2
-7
-15
-6
8
-2
-4
48
-2
0
-3
-11
0
17
1
-3
-9
-3
0
-14
-5
-5
-1
-12
21
-2
-8
-2
-2
0
-8
0
-2
3
9
30
-11
-7
-7
-9
-2
13
-9
-2
0
-4
-3
2
-1
5
-4
-2
11
-2
2
-2
-7
-1
-7
0
-6
-1
-2
1
-6
-9
-8
-4
14
-2
1
0
2
-1
-2
12
0
-20
1
-20
-3
-21
-5
16
-4
-6
-1
-17
5
-4
10
9
-2
-1
32
4
8
-18
-4
-12
25
9
-3
-6
-7
-4
3
-5
0
-5
0
-25
-8
23
-7
-14
0
1
0
-7
0
-6
20
-1
-18
-15
17
-5
9
22
15
5
-18
12
4
-4
18
1
9
38
0
-2
32
-42
-1
-19
-19
-7
0
-14
2
-22
41
-10
-17
0
-5
3
-5
-14
-3
-8
22
-8
69
-16
-15
-22
-7
6
-14
0
0
18
3
-6
0
-1
0
-2
-2
-8
-1
-3
8
-3
-5
-1
-2
8
-6
-4
-1
-4
6
2
15
-12
-4
-1
0
6
-6
-4
0
-5
0
-19
-4
13
-3
-4
-1
-7
0
-8
0
-2
9
5
-3
7
19
-2
4
-11
3
-4
-3
2
-2
-3
-2
0
-14
-1
0
0
-1
-11
0
13
-2
-15
-3
-4
-2
-2
-2
-4
25
0
-5
-9
7
-5
3
18
-1
-3
-7
7
0
-1
1
0
-6
19
0
-1
-8
-4
0
-2
8
-6
-3
-2
0
-17
53
-4
-2
0
-7
-4
-7
-5
-1
-7
-15
1
5
-6
-11
35
-2
-3
-3
-17
0
-3
1
2
1
-5
-2
11
6
-12
-2
21
-3
-2
-10
0
-3
-3
-7
0
11
-7
0
-11
-4
-2
2
-6
-3
-1
3
2
0
35
-3
-2
2
0
6
-6
-2
-3
0
-3
2
-3
3
2
-1
23
0
-5
0
-2
-3
2
-11
-1
-1
-3
0
9
2
0
0
-4
21
17
6
-12
-3
-6
-5
-2
0
-1
-8
3
-12
-1
17
-6
0
-3
-12
13
0
0
5
-5
-2
-1
-3
-1
-9
-10
0
-2
-9
6
2
19
-12
-5
-8
-7
-2
-7
-7
-2
8
7
42
66
-22
-5
2
-25
-17
-16
-12
0
-10
-4
-2
4
-3
-10
0
-4
21
22
7
-13
-3
-6
-8
-5
0
-3
-7
5
-11
-2
33
-8
-3
-2
-13
20
6
-1
10
-2
0
-1
-4
0
-11
-17
0
-1
0
-2
-4
4
-2
-3
0
-2
0
-1
0
-1
6
0
-3
-1
7
-2
1
3
3
0
-3
0
0
0
4
0
0
3
0
-5
0
-7
0
0
-1
-5
0
-3
0
-4
0
0
3
2
-3
-2
14
0
7
-7
-1
-4
0
8
-2
-1
-2
0
0
-4
0
-10
-12
-6
-7
-12
-8
-2
6
1
-1
-7
-1
5
8
0
17
2
-11
-1
43
33
-11
-2
-14
-14
44
-11
-4
0
47
15
0
-12
42
-21
-8
-20
-10
-5
12
0
0
-33
18
-5
-20
0
-9
-2
-10
-8
-14
0
-2
3
35
-15
4
-12
-3
4
-17
33
0
26
-2
-1
-1
-1
6
-4
0
-5
-1
-7
7
-1
-5
-1
-3
7
-8
-4
-4
-4
1
4
-4
-9
-3
2
-2
6
-6
-2
0
2
0
-6
-1
-3
-1
-3
-2
-5
0
-11
24
-2
0
0
-2
0
-1
-1
0
-3
1
0
11
-3
-6
1
0
0
-3
-3
0
0
0
0
15
-3
1
6
0
0
0
-1
0
1
-6
0
1
-2
-5
0
6
-5
-1
-4
0
-3
2
-4
0
-1
4
-5
0
-1
0
-11
1
-11
2
9
-3
-4
0
-10
-1
-3
8
5
-5
5
16
0
4
-10
-4
-6
-2
7
-4
-2
-4
0
5
-5
0
-1
1
11
1
-1
-1
-2
4
0
1
0
-3
1
-5
0
-2
-1
0
0
-3
-2
-2
-1
0
-2
0
-3
-3
0
-2
7
0
0
54
-28
8
-22
-14
-7
-6
-6
-2
-6
-8
-7
-23
-2
21
-4
-1
-12
-10
12
17
0
36
-20
-1
-19
-9
10
-16
-14
0
2
1
1
55
-3
-3
-1
-3
34
-2
-17
-16
17
-21
4
2
-2
-13
-6
6
0
5
-9
-17
14
2
-15
-7
2
0
-5
0
3
17
22
80
6
-2
-9
-4
29
9
-23
-7
25
-27
3
-12
-3
-6
-10
2
-12
9
-9
-12
13
-7
-11
-5
1
-6
-14
0
-3
5
14
3
-7
-2
-5
6
1
0
1
-8
1
-10
0
0
-3
-1
0
-3
-2
-4
-1
-2
-5
8
-4
-6
0
-1
11
0
31
-5
-2
2
0
5
-4
-4
-5
0
-4
3
-3
7
1
-1
23
0
-4
0
-7
-2
1
-9
0
-3
-4
0
7
-1
-1
0
16
-3
-20
-4
-3
-6
-9
-9
-1
0
-13
13
2
-17
-1
-7
10
-18
5
-2
-1
33
16
11
-12
-13
-10
4
11
-9
13
0
-5
-12
38
4
0
6
33
17
-26
0
37
-2
-1
-1
-5
-12
-3
-32
3
36
-20
-4
-18
-12
-16
6
-32
-12
-3
-37
8
0
-2
0
10
3
-9
-2
15
6
-14
-1
21
-2
-1
-9
-1
-6
-6
-10
0
14
-8
0
-8
-6
-5
4
-10
-3
-1
-7
3
0
-10
-8
-23
1
-11
-10
-26
0
8
0
0
-6
6
5
-3
12
-4
-12
-2
48
50
-12
0
-8
-17
47
2
14
4
64
23
0
-8
-14
-16
-5
-14
-6
40
-15
3
-3
-16
-5
-6
-20
5
-14
-4
63
7
-2
-12
-15
-5
-1
13
-7
-11
-12
-8
21
-8
0
-2
-5
-1
-2
-9
-2
-1
-1
0
0
0
-2
0
3
0
18
0
-6
0
-8
7
-2
-3
-4
7
6
0
0
-1
-5
-3
0
-7
23
-19
36
-16
-12
-17
0
28
4
-15
5
9
1
0
-13
-11
-15
-1
26
55
14
12
-11
-3
14
-2
-1
9
45
6
0
8
2
0
-2
-1
1
-5
-1
-1
0
-5
9
0
-3
0
0
2
-4
-1
-1
2
1
9
-6
-3
-2
-1
-3
6
-3
0
0
-9
-24
-3
-17
-13
3
-12
-16
40
0
-13
19
-5
-6
-1
-10
-4
-9
23
-1
-6
-3
36
-21
-12
-17
22
20
-4
-15
0
0
0
-2
17
-6
0
0
17
4
-7
0
0
0
1
-1
-2
-1
2
-14
2
15
-7
-3
-3
0
-16
6
-7
-3
-1
-15
0
0
-1
0
0
0
-2
-2
1
-1
-2
0
8
-2
-1
-2
0
-2
-2
3
0
1
-2
0
-2
-2
-1
-1
-2
0
0
2
-1
0
-24
-2
-14
59
-17
-7
18
7
23
-3
-25
-11
20
-28
4
21
-9
-39
-2
49
-8
-12
-16
-18
-20
35
-19
-3
-4
47
-13
0
3
16
-6
-1
-5
-7
-1
5
11
-4
3
-1
0
-15
0
-1
-1
-12
-4
-1
-5
-1
1
-7
-4
5
-6
-4
5
18
5
0
0
-7
-1
-6
-5
1
-4
-3
17
-1
-6
7
-1
-3
-1
-5
-3
-6
5
0
0
1
18
-7
0
-1
4
1
0
0
0
0
-4
6
-3
-5
-8
0
21
-7
-1
-1
-6
-3
-2
-10
0
-2
-8
16
2
-16
-2
-1
4
18
-7
0
-4
-5
-2
3
5
0
-2
-8
-5
-5
0
12
-3
-4
2
3
1
18
-6
-1
-1
-3
-2
2
0
-6
-4
-13
10
-9
-7
-8
32
31
-1
-12
-1
