0
0
0
0
0
0
0
0
0
0
0
0
0
0
0
0
-1
0
-10
0
0
-1
10
12
0
0
10
0
0
-1
0
0
0
0
0
0
0
0
0
0
0
0
0
0
0
0
0
0
1
1
7
0
0
3
-7
-5
0
0
-2
0
0
2
0
-1
-2
0
-24
0
0
-5
14
32
0
0
10
0
-1
-4
0
-2
0
0
0
0
0
0
0
-1
0
0
0
0
0
0
0
0
0
0
1
0
0
0
3
0
0
0
-1
0
0
0
0
1
0
0
9
0
0
5
-7
-3
0
0
0
0
0
2
0
-2
-5
-4
4
0
0
2
4
61
0
0
-13
0
-3
-11
0
-5
0
0
16
0
0
8
-13
-7
0
0
1
0
1
4
0
-3
0
0
0
0
0
0
0
0
0
0
1
0
0
0
0
0
-5
-2
30
0
0
18
-24
22
0
0
-10
0
-1
-1
0
-8
-1
-1
15
0
0
8
-10
7
0
0
-4
0
0
0
0
-3
0
0
-17
0
0
-3
14
3
0
0
19
0
0
0
0
0
0
0
-1
0
0
0
2
2
0
0
0
0
0
0
0
0
2
1
-3
0
0
0
4
-2
0
0
6
0
0
1
0
2
0
0
-8
0
0
-1
8
1
0
0
10
0
0
0
0
0
-3
-2
10
0
0
7
-7
33
0
0
-7
0
-2
-5
0
-6
-2
0
-16
0
0
-4
4
24
0
0
0
0
-1
-3
0
-3
0
0
0
0
0
0
0
0
0
0
0
0
0
0
0
0
0
0
-1
0
0
0
3
-3
0
0
5
0
0
0
0
1
0
0
-11
0
0
-1
8
2
0
0
12
0
0
0
0
0
-2
0
-9
0
0
-5
8
46
0
0
-11
0
-1
-7
0
-3
-3
0
-39
0
0
-9
3
22
0
0
4
0
-1
-5
0
-6
0
0
0
0
0
0
0
0
0
0
0
0
0
0
0
0
0
0
-6
0
0
-1
5
-1
0
0
6
0
0
0
0
1
0
0
-7
0
0
-1
2
10
0
0
0
0
0
-1
0
0
3
2
6
0
0
0
0
-7
0
0
0
0
1
2
0
1
-2
0
-22
0
0
-3
22
27
0
0
26
0
0
-2
0
0
2
1
3
0
0
0
0
-5
0
0
0
0
0
2
0
0
0
0
-7
0
0
-2
12
8
0
0
8
0
0
0
0
1
-3
-1
28
0
0
16
-20
11
0
0
-7
0
0
1
0
-6
0
0
0
0
0
0
0
0
0
0
0
0
0
0
0
0
5
2
0
0
0
-1
7
-5
0
0
0
0
1
2
0
4
1
2
36
0
0
21
-35
-5
0
0
-9
0
2
10
0
-10
0
0
9
0
0
5
-11
-1
0
0
-3
0
0
1
0
-3
0
0
-8
0
0
-1
10
9
0
0
11
0
0
0
0
0
0
0
0
0
0
0
0
0
0
0
0
0
0
0
0
0
0
0
-12
0
0
-2
10
2
0
0
12
0
0
0
0
0
0
0
-5
0
0
0
6
5
0
0
6
0
0
0
0
0
-2
-1
33
0
0
18
-27
7
0
0
-9
0
0
4
0
-8
0
0
4
0
0
1
-2
-3
0
0
0
0
0
1
0
-1
0
0
-6
0
0
-1
4
8
0
0
0
0
0
0
0
0
1
0
-6
0
0
-1
5
-1
0
0
8
0
0
0
0
1
-1
0
1
0
0
1
0
0
0
0
3
0
0
1
0
-2
-1
0
-12
0
0
-2
14
14
0
0
15
0
0
-1
0
0
-2
-2
8
0
0
6
-7
30
0
0
-7
0
-1
-5
0
-5
3
2
8
0
0
1
0
-11
0
0
3
0
1
4
0
1
0
0
-1
0
0
0
1
0
0
0
1
0
0
0
0
0
0
0
-11
0
0
-2
18
12
0
0
19
0
0
-1
0
2
2
1
2
0
0
0
1
-3
0
0
0
0
0
1
0
1
0
0
0
0
0
0
0
0
0
0
0
0
0
0
0
0
-1
-1
8
0
0
4
-7
9
0
0
-3
0
0
-1
0
-2
0
0
-5
0
0
0
3
0
0
0
6
0
0
0
0
0
0
0
-11
0
0
-2
12
14
0
0
6
0
0
-1
0
0
0
0
10
0
0
5
-10
-2
0
0
-2
0
0
2
0
-2
-6
-3
27
0
0
16
-22
27
0
0
-11
0
-2
-3
0
-8
2
1
-1
0
0
-1
5
-2
0
0
0
0
0
0
0
2
0
0
-10
0
0
-1
8
-1
0
0
12
0
0
0
0
1
0
0
-1
0
0
-1
7
1
0
0
0
0
0
0
0
0
-5
-2
49
0
0
29
-41
16
0
0
-15
0
0
3
0
-12
3
1
0
0
0
0
2
-3
0
0
0
0
0
1
0
2
0
0
-4
0
0
0
2
0
0
0
4
0
0
0
0
0
0
0
-4
0
0
0
3
0
0
0
6
0
0
0
0
0
