0
0
0
0
0
0
0
0
0
0
0
0
0
0
0
0
0
0
0
0
0
0
0
0
0
0
0
0
0
0
0
0
0
0
0
0
0
0
0
0
0
0
0
0
0
0
0
0
0
0
0
0
0
0
0
0
0
0
0
0
0
0
0
0
0
0
0
0
0
0
0
0
0
0
0
0
0
0
0
0
0
0
0
0
0
0
0
0
0
0
0
0
0
0
0
0
0
0
0
0
0
0
0
0
0
0
0
0
0
0
0
0
0
0
0
0
0
0
0
0
0
0
0
0
0
0
0
0
0
0
0
0
0
0
0
0
0
0
0
0
0
0
0
0
0
0
0
0
0
0
0
0
0
0
0
0
0
0
0
0
0
0
0
0
0
0
0
0
0
0
0
0
0
0
0
0
0
0
0
0
0
0
0
0
0
0
0
0
0
0
0
0
0
0
0
0
0
0
0
0
0
0
0
0
0
0
0
0
0
0
0
0
0
0
0
0
0
0
0
0
0
0
0
0
0
0
0
0
0
0
0
0
0
0
0
0
0
0
0
0
0
0
0
0
0
0
0
0
0
0
0
0
0
0
0
0
-4
-2
-10
-5
14
-1
-8
6
-6
11
-29
0
26
13
-9
0
-13
0
5
-6
-3
9
-6
12
-3
0
0
-17
-12
0
-10
3
-11
-4
-2
1
9
53
0
-12
-22
-27
-6
-3
-3
-2
-5
-2
-9
-10
12
1
5
-9
0
-14
0
0
19
-23
-3
-13
18
78
-10
5
-3
-6
4
42
-16
1
-26
-16
28
5
19
-3
15
-11
-2
22
0
-4
-8
-4
18
25
22
-10
24
15
-3
-26
-9
72
72
7
72
-3
15
-10
-5
-1
18
-11
0
92
-11
-1
38
0
-7
-3
9
0
43
-16
0
19
-3
-4
-4
0
-3
-4
-4
37
36
-16
-8
0
21
-2
-43
3
6
42
2
15
-1
0
-3
0
22
-5
-44
-8
0
-14
-20
-85
-1
29
18
2
-3
-29
-22
19
0
-4
-22
-2
0
16
0
-5
-1
13
-35
12
-42
17
23
0
-42
-26
17
-12
-20
-27
-14
-11
-19
-14
11
-28
-21
0
-4
-11
-9
4
-6
24
-25
-10
-5
0
13
11
-11
-8
-1
-31
-23
-7
-5
15
-16
-26
-7
-11
21
40
-17
23
7
-12
0
46
-2
-1
-32
2
-5
41
-16
-5
-3
-5
-3
5
-12
-5
-30
58
-21
3
4
14
-6
16
16
8
-8
-11
-36
-1
-25
-23
0
7
7
16
-9
-3
-7
-15
-3
-3
-4
-5
-6
-7
-14
0
-3
-5
5
-1
-9
0
-9
-4
-3
-3
-10
-7
-6
0
0
-7
-7
0
-4
-8
-5
-5
0
-9
-4
-8
0
-5
-8
-12
-10
-5
-11
-3
-1
-2
-4
-9
-4
-15
0
-10
0
-12
0
0
-6
-9
-4
-5
-2
-15
-1
-20
3
-5
0
-9
-16
0
-16
-18
-10
-13
-1
-3
-9
-8
-2
-6
0
-2
-6
-6
-9
-12
-3
-6
-4
-6
-4
-13
-7
-22
-10
-3
-7
-5
-16
-5
-7
-4
-9
-7
0
-11
-7
-14
-4
0
-4
-3
-6
0
-6
-15
0
-6
-10
-1
-4
0
-2
-19
-17
-7
62
3
56
-24
-11
-6
-45
10
5
-24
-3
52
-5
0
-8
0
13
50
54
-3
-1
-24
-22
-45
-4
41
-22
1
72
-14
-6
56
0
-3
-7
-3
0
-19
-1
-23
-1
-35
-11
-6
-73
4
24
8
-33
-42
1
-13
-48
-22
-18
3
-16
-20
9
-17
20
-3
-30
-29
18
-9
-8
-9
-41
-39
0
-23
3
-28
19
-22
-7
-20
-19
-5
-9
-6
-9
18
-1
-13
-19
88
-11
94
-5
-20
-2
-7
0
2
-14
0
24
-28
-9
-3
-3
-14
-3
-66
-11
-12
13
3
-20
-5
0
28
19
0
-22
-8
-6
88
-7
-2
73
-18
-5
-38
26
17
-9
-3
-6
-25
-4
-6
5
4
0
-8
1
0
-5
-6
7
-1
-2
0
-15
5
-4
-1
-16
-4
-1
0
0
6
-3
0
0
-6
3
0
3
-14
-8
-13
0
6
19
12
-14
-1
0
-7
6
-2
7
-1
-8
-6
-1
0
0
5
0
0
-11
13
0
-2
-4
-19
0
-34
18
4
0
-12
-23
0
0
-11
-5
-21
0
-4
-6
1
-2
-6
0
-3
-2
-3
-1
-18
-4
1
-9
-2
0
7
-8
-18
-19
-3
-21
0
-25
-7
-13
-3
-13
2
0
-23
4
-5
-8
0
-1
4
-3
0
-9
-17
0
-4
0
5
-5
0
4
-33
-27
-12
37
-11
112
-65
0
-15
117
18
-62
-14
-1
-57
22
1
-2
4
-69
44
-17
14
-3
-20
-26
-50
1
-12
-6
0
76
-24
-8
36
0
0
-19
0
0
-13
-1
-20
-3
-71
36
-42
-19
1
27
7
-25
-22
-8
-20
-34
-8
17
1
8
-2
7
-6
87
4
-10
-16
42
-13
-9
-7
-30
-6
2
-31
-4
-3
10
-11
4
7
23
8
-1
1
15
63
28
5
-19
26
-23
9
-6
11
2
-1
3
-25
41
-4
-49
-20
-21
-63
0
-12
-9
-37
10
-22
-3
-28
21
-29
4
-15
41
-22
-6
-22
-24
-3
13
-4
-17
-8
17
-41
53
-20
-19
-4
-5
-14
12
-6
43
20
3
2
1
0
-2
7
103
-2
42
0
-12
38
-4
-5
-3
-15
-3
0
-1
27
-1
0
1
-17
72
9
10
-12
2
-5
0
25
62
89
-11
-3
5
-6
31
-2
9
-1
10
-6
6
1
0
17
0
0
-11
58
-9
29
0
4
54
-26
92
5
0
-5
-7
0
1
-15
-20
-15
29
-4
-17
-7
-2
-8
0
-1
16
-6
54
1
-5
19
14
-13
-3
85
-7
-34
-3
-5
11
-2
-20
-4
-14
-10
-16
8
0
0
20
-18
35
0
7
3
-14
0
6
-5
0
21
-20
19
-4
0
5
-19
-4
0
35
-11
-57
-63
-6
6
-36
11
-56
-38
6
-11
-10
2
-10
6
-49
47
-27
1
-1
-27
-24
-55
-5
-28
-23
2
-7
-12
-22
53
0
-3
-40
14
0
-4
-1
-46
2
0
-9
-40
-25
6
48
9
-65
-31
-15
-33
-35
-38
1
28
-3
21
23
51
-61
0
45
-53
25
-8
2
-5
-52
-46
-8
-22
-2
-35
22
-41
3
-7
-2
0
-10
94
1
-43
-2
-32
0
40
1
57
-4
-49
-1
-14
17
-12
6
-4
-17
2
10
-49
-6
-21
4
-9
-1
-13
3
-18
1
17
8
-1
21
-10
-9
-9
-18
3
-28
-3
37
-39
3
25
25
2
0
-1
-4
-10
7
-5
29
27
8
-9
10
2
-3
-3
19
-1
39
0
-9
23
-2
-3
-1
-6
2
0
0
6
-2
0
1
-3
49
13
4
-10
0
-6
0
17
41
73
-7
-1
13
-5
14
-2
9
6
-9
11
1
9
0
38
0
0
-11
33
0
17
1
17
25
-21
26
15
0
5
-1
0
10
2
-7
-13
13
-3
8
10
-2
-2
0
-2
20
-4
18
0
-4
28
-10
-3
0
73
-3
13
-5
-4
-1
6
-18
-6
-13
-4
-14
12
0
-5
28
14
5
0
8
10
-5
0
11
2
0
4
25
14
-5
0
2
-15
-5
-2
-71
0
-51
-3
-1
0
55
-13
-41
9
-2
-49
5
0
27
4
-36
-32
-39
11
-5
-33
-24
59
12
-36
-7
-1
-38
-15
11
8
-1
-2
-21
0
0
-8
0
-68
0
-19
38
-19
-38
-4
-14
-55
51
-24
-20
-23
32
-25
10
0
9
22
-7
0
4
7
17
-22
-20
-15
6
10
-37
68
-3
-13
-12
-41
-11
-42
7
19
92
13
9
-22
29
-8
46
55
-31
-63
9
-35
-8
-5
1
-4
-3
9
76
0
-28
-53
30
-2
-2
-20
0
40
37
-3
28
-25
10
-3
3
-27
-1
-45
-2
-16
-19
-62
14
-5
-21
14
14
-30
-26
-21
-2
0
-2
36
3
7
5
-7
-1
-6
-11
0
4
-7
-2
1
37
0
23
-5
2
2
27
7
-6
0
1
-11
-5
0
-3
7
17
0
-6
14
19
9
0
0
-13
21
11
-5
-15
6
-3
-1
-7
-9
-9
-15
-1
-6
0
5
0
0
20
-11
0
16
0
-7
14
52
-20
-2
0
-1
26
0
-15
-10
4
35
-9
-1
0
-6
0
9
0
-1
20
-2
-27
41
3
16
-9
2
-3
37
-1
5
14
5
10
-5
48
-2
6
3
20
-8
0
10
5
-11
-14
0
6
-3
7
0
4
17
0
-12
-4
-3
-2
0
-4
47
51
20
-10
-7
-29
-43
6
11
-23
-1
-15
17
0
-9
0
1
1
3
-16
12
-41
0
0
-29
5
-28
0
-11
14
0
-14
-11
-16
-36
-1
2
-23
2
0
0
0
-9
3
-10
2
-19
-61
0
10
-12
-17
-7
9
-24
-4
-23
-8
27
-17
10
12
58
-18
-4
28
-29
-13
-10
4
-2
-3
-11
1
12
1
-29
4
0
-12
-22
2
-9
-4
81
-14
-19
-5
7
-8
-7
10
20
-7
-12
-1
21
6
-4
-10
0
-24
-7
19
-12
-1
-5
6
-26
4
0
-28
5
-9
16
-9
-17
27
2
6
0
2
37
-6
-4
0
-6
-1
34
-13
4
-13
-5
-15
-3
-1
0
-4
-6
-6
-10
-25
0
1
-8
-7
0
-9
0
1
-4
-2
0
-3
-3
-8
0
0
-14
-16
0
-9
-10
-5
-3
-8
-1
0
2
0
-9
-17
-15
-5
-8
-19
0
-4
-2
-7
-16
-12
-22
0
-12
0
-11
0
0
3
-15
-11
-8
1
-6
-3
1
-8
-5
0
-4
-10
0
-29
-28
-8
1
-1
-7
-8
-15
-1
-2
0
-7
-5
-13
-15
-1
0
-8
-6
-5
-4
-16
-13
-12
4
1
6
-7
4
-14
-3
-4
4
-11
0
5
-7
-20
-2
0
-5
-3
-3
0
0
-11
0
-8
-14
-3
-9
0
-6
-4
-3
1
-2
-32
4
-30
14
4
-30
8
-36
25
21
9
-4
0
-5
-1
-29
-12
-19
-7
-1
-69
-12
22
-1
-39
15
0
15
23
39
-6
0
0
-42
3
0
18
0
-16
0
-40
19
-10
88
-5
2
51
5
-33
-24
0
-84
-27
80
8
2
72
-7
60
-4
-5
77
-37
35
4
-16
-10
-13
-29
5
11
-8
21
-40
-1
-7
5
-4
-11
-9
106
-17
7
-11
20
13
-24
-19
-31
-2
-4
-4
21
-6
-47
5
-2
-14
95
-22
-34
-4
-25
-1
-35
-6
-25
-60
43
-26
15
-15
-7
-11
-14
30
-14
28
-8
24
-3
-55
4
18
80
-24
-16
-4
-1
-6
22
-8
7
-9
-16
4
-7
-21
0
-2
-8
-23
1
0
0
12
-15
5
0
13
3
4
0
0
-17
-9
0
-6
-1
-14
0
-8
15
1
-7
0
-4
-30
-17
17
0
-19
7
-10
3
-8
-14
-9
-20
-2
6
0
3
0
0
6
-26
-1
3
-3
-24
-7
27
-32
0
0
-11
27
0
-26
-19
-4
16
-15
-1
-6
-11
4
-3
0
-1
4
-3
-35
2
-1
-3
-9
-2
4
-8
-4
-17
-10
2
-13
2
15
-4
14
3
10
-13
0
-16
-7
-15
-21
0
3
0
2
0
-11
23
0
-16
-5
-7
-3
0
-7
28
18
-3
12
-14
31
-38
-8
12
-42
12
-28
-32
1
58
2
0
8
0
-2
14
33
1
-4
-51
-14
-36
0
-2
-26
0
26
-28
-8
6
1
-3
-5
-9
0
-11
0
-32
1
-36
28
10
-19
-1
14
13
-19
-19
-9
48
-8
-4
8
12
1
18
5
26
19
3
-15
-6
74
4
-2
-20
-9
-2
8
-5
1
-43
24
-32
22
0
-22
1
-5
6
11
36
-7
21
2
12
46
26
4
26
0
-7
0
-22
-26
-1
21
48
41
0
-1
-26
6
-11
4
-8
1
12
2
26
3
-14
12
-5
-10
39
57
37
12
1
24
-4
-3
-20
-32
9
-10
-3
3
-9
-5
-4
23
-7
5
0
9
0
-8
-1
74
-1
12
0
-8
14
-1
-7
-4
-18
2
0
-1
31
3
0
2
-15
31
5
5
-11
-4
-18
0
20
40
49
-7
1
-2
-3
21
-1
12
0
7
-9
0
8
0
7
0
0
-9
40
-6
19
-6
-41
28
-17
56
2
-1
-24
-5
0
11
-3
-22
-11
-2
0
-17
0
-1
-12
0
3
0
-3
5
-10
-8
2
4
-12
-2
40
-2
-44
-25
-5
-21
0
-16
5
-5
-7
-15
4
0
-30
5
-14
-6
0
7
2
-15
0
-18
-2
0
-3
-13
9
3
0
8
-12
-6
-12
-38
-16
-43
14
0
4
-89
-2
-27
-23
0
59
-5
4
-9
9
-26
24
19
0
0
-77
42
-96
-4
-62
6
-1
11
-6
-33
-37
0
-6
6
14
0
13
-1
56
1
-11
-29
-13
-106
-6
15
-7
-70
18
-2
-7
-9
-19
15
19
-2
-24
19
36
-19
-7
30
12
6
-10
10
11
38
-59
-9
91
-3
19
16
36
-2
16
-6
-7
-1
27
-16
-9
-20
-37
-5
7
6
36
-12
-78
-2
-14
20
-23
-26
-3
-2
28
5
-41
-3
-12
3
-23
5
-40
3
9
10
2
-4
-17
-12
8
0
-19
-20
52
-54
-10
78
-31
-13
91
-30
-10
-3
0
-3
10
0
0
14
-3
10
-3
-6
0
-1
-4
11
0
27
0
1
2
2
-2
11
-6
5
0
0
-2
-4
0
-2
-2
23
10
-4
3
3
-3
0
11
2
37
7
0
-9
1
3
1
0
-6
-5
-10
0
12
0
24
0
0
-3
3
-1
19
-1
-10
16
5
-2
8
0
-5
21
0
-8
-8
-5
3
-4
-1
-3
-4
1
-1
0
-2
15
-2
-14
6
-2
13
-4
-2
3
44
-2
-7
-4
-2
-4
4
1
-3
0
-4
-5
-4
0
-6
10
-8
-8
0
10
4
-5
0
-3
21
0
-7
0
3
-2
0
-2
12
16
0
-15
12
-18
-20
-2
8
-6
-1
-2
-1
0
-12
-4
0
9
1
-15
-2
-14
-1
0
-15
-14
-11
0
-9
-6
0
-4
3
0
12
0
0
-10
1
0
-3
0
-12
2
-16
10
-18
-36
0
1
-12
-8
3
0
-13
15
-5
-12
7
0
4
7
21
6
-3
4
2
6
-9
12
-6
-8
6
-1
-10
-1
-10
50
-7
-5
1
-6
-4
0
0
-3
-11
-5
13
-6
-4
28
8
-4
19
-1
-5
7
-4
-10
0
-4
-17
25
1
0
-3
6
-14
8
5
44
-13
-8
9
-3
-5
-1
-1
-6
3
4
-5
4
-2
19
-4
0
-6
-15
-2
-12
-3
-9
16
-13
5
-2
-24
5
-16
-36
0
-6
-19
3
1
8
0
6
-17
5
-2
11
-2
5
0
0
-18
-18
0
-13
-9
-5
0
-12
8
0
-18
0
3
-26
-1
14
2
-39
7
-3
3
-9
-27
-19
-41
-2
8
0
3
0
0
-1
-21
-4
15
-6
-45
3
15
-18
-1
-1
-25
22
-1
-46
-39
-13
7
-21
-2
-15
-20
4
-12
0
-2
6
-6
-59
-4
-6
-3
-18
-7
3
9
-9
-42
-24
-1
-23
0
2
-8
14
2
0
-25
0
-31
-8
-32
-33
0
6
-2
-2
0
-20
18
0
-29
-16
-5
-4
0
-8
20
14
-11
1
-18
20
-51
-9
2
-38
7
-24
-26
-2
45
0
0
1
-1
-34
32
-19
-6
4
91
-11
27
0
-50
-28
0
18
67
57
-17
-2
27
77
-20
0
-25
0
16
9
-31
45
-36
-72
-2
7
71
-20
37
-9
-14
-5
-37
60
15
8
21
-9
25
-31
2
30
-13
39
-14
-4
-13
18
-16
30
49
-7
-67
-2
11
-1
10
-17
-14
-2
27
-19
0
-24
79
-36
-16
1
-1
-10
86
-3
-10
-7
-40
-39
0
-13
-15
5
-19
-6
41
2
-69
0
70
-29
29
-23
0
-11
-9
63
-37
-21
-19
-14
82
43
2
-24
-22
-6
7
-39
-15
-4
-1
-3
29
-4
7
1
-12
1
-11
-14
0
1
-12
-4
2
20
0
19
-6
3
2
21
9
0
0
1
-9
-9
0
-5
4
4
2
-9
15
11
2
0
0
-16
7
13
0
-20
7
-3
1
-5
-13
-16
-22
-1
1
0
3
0
0
17
-12
-1
13
-2
-23
5
44
-19
-1
0
-11
25
0
-20
-16
0
28
-12
-1
-5
-9
1
3
0
-2
11
-2
-33
25
1
4
-15
0
1
20
-3
-9
2
5
-2
0
37
-4
11
5
18
-10
0
-3
-1
-16
-19
0
6
-2
9
0
-6
20
0
-17
-7
-4
-2
0
-6
40
38
11
-18
30
-42
-30
-8
3
-29
-5
78
-9
-5
38
-4
-1
0
-3
44
2
31
-6
2
-30
0
-20
0
-1
-2
-1
-2
-25
-16
-4
-1
0
-10
-11
0
-22
1
-20
-1
9
-20
20
-36
-3
-16
-37
-8
40
14
-1
22
68
-23
-11
-9
-12
-3
-11
-17
-6
-3
10
-23
-8
5
7
20
-8
-1
1
8
-40
55
1
-13
-8
-7
-10
-4
-30
-15
-19
-20
-8
-17
0
25
42
-3
-34
-2
-4
-7
18
-48
3
43
-53
9
5
16
-4
2
-5
9
-13
53
-3
-18
1
-12
-3
-3
-8
-15
2
-10
36
-11
-5
76
-1
-16
-70
-35
13
-9
-1
0
1
-3
0
24
-1
11
0
11
0
-7
-1
52
0
18
0
-1
16
1
-1
3
-2
6
0
0
27
2
0
2
-5
31
10
3
0
-3
-16
0
23
39
52
2
2
0
0
19
0
15
1
1
-6
0
17
0
21
0
0
-4
39
-2
19
-5
-33
23
-1
47
10
-1
-19
9
0
12
-2
-6
-1
0
0
-14
1
0
-10
0
1
8
-1
5
-7
-5
8
2
-3
2
44
-2
-37
-23
-1
-23
6
-3
1
-1
-1
-3
6
0
-29
11
-10
-5
0
10
7
-2
0
-16
11
0
-2
-8
11
0
0
7
1
2
-11
29
-12
-5
-7
-5
0
8
-4
-41
-4
-1
-14
-9
1
-7
1
-20
-10
-5
21
0
-35
0
-22
-2
2
-2
-1
-4
-13
22
0
0
-1
-25
5
0
0
0
-19
0
-5
6
-20
-37
-2
-28
-10
-49
-24
-13
-10
-30
-22
-9
-3
45
-7
0
1
-11
3
-6
-11
-18
-4
0
2
-19
-29
-2
-3
-4
10
-7
-16
2
46
41
23
-2
-6
30
7
61
0
27
-3
-5
9
-2
-44
0
-13
4
-4
24
-1
-4
-28
1
0
-3
-16
0
24
-8
-8
0
-9
56
1
18
-13
0
4
-15
-5
-7
-5
-17
-1
7
-10
50
-6
15
-3
42
15
25
-6
8
0
-18
20
-3
25
53
0
4
20
-56
0
-7
0
-1
1
0
8
-5
27
-1
0
0
3
30
0
20
33
-24
-3
9
-2
-2
13
0
-14
-4
-34
-5
4
49
0
-14
0
0
41
18
65
0
-6
0
-7
0
0
1
-3
28
-8
4
51
-22
-3
-41
-3
1
34
-11
1
63
77
35
-2
8
14
33
32
0
14
0
12
-5
21
44
-1
6
2
14
23
0
-25
31
64
18
1
10
0
-3
27
2
19
2
29
0
21
2
59
21
0
-2
-3
24
0
14
-10
0
26
34
-6
17
0
1
-7
-8
2
31
-7
4
-17
9
0
57
3
-15
10
4
-83
16
1
-10
6
-21
-9
-63
2
-2
-52
-25
42
-2
-72
8
2
-12
14
52
-7
0
1
-35
7
0
-7
1
-45
-1
-24
-14
-4
90
11
44
0
61
-30
-9
-52
-55
0
-54
11
-3
-14
12
14
-11
7
-3
-29
-19
5
-3
-15
-31
-6
14
-67
11
12
-13
-19
28
-2
2
1
1
50
-1
-25
6
-16
16
-14
-22
-22
-1
28
4
11
6
1
7
-7
-46
-28
-30
-73
3
-19
-2
-8
-6
-11
-45
-34
4
5
20
-35
6
16
-16
-6
-8
-87
33
-3
-54
-25
10
23
44
0
-4
-2
-7
-3
3
0
3
4
-1
0
-6
0
0
3
13
0
-1
0
-2
5
0
0
-2
-2
-2
0
0
0
-2
0
-1
-4
7
0
1
-1
-1
2
0
0
4
5
-1
-2
1
0
3
0
-1
-1
2
0
1
-3
0
-2
0
0
-2
3
-3
0
1
8
5
-5
13
-1
0
3
-3
0
-4
-5
-2
-3
7
-3
0
-3
0
-1
0
-2
-1
-5
14
-2
0
0
5
-2
0
2
-5
0
3
0
6
-2
-4
-6
-1
-2
-2
0
0
5
0
-1
11
0
-1
0
-2
0
4
-3
0
7
-4
2
-4
0
0
-5
-5
0
-1
-2
-15
19
-4
0
-25
0
-7
-13
0
3
-2
0
0
0
-5
-7
-1
-2
-1
-12
-8
8
0
9
-6
0
-5
-2
-4
-11
0
-2
-10
0
0
5
0
-13
0
-11
-5
-1
33
-1
0
5
-1
-8
-5
0
-3
-2
15
-2
-3
2
-1
-3
-10
-1
3
-4
-1
0
1
-6
-5
-4
-1
-6
-4
14
0
-9
-1
-2
-4
-1
0
-6
-3
-5
-4
-2
12
-9
0
-6
0
-19
0
-6
-1
-3
-13
0
0
-1
-4
-2
0
-6
0
0
-1
-5
0
-2
-2
0
-1
-4
-8
-15
-1
-1
-1
-7
-4
0
-7
5
-2
-5
-12
-6
0
0
-9
-23
2
-6
0
19
-2
8
15
0
-4
13
-1
-1
-16
0
-15
7
-3
-1
-15
-7
-4
0
-1
9
13
0
6
-6
-2
-1
16
-12
-11
-6
0
1
24
2
-10
-6
30
-6
4
-1
8
16
19
29
1
-5
0
2
0
0
-15
12
-4
-12
1
21
-5
-33
24
3
0
9
-21
0
22
15
-1
-21
15
-5
5
15
-1
-3
0
2
-6
-9
38
-24
-3
0
12
0
-1
-13
-2
9
-9
-4
-8
-2
-29
-6
-11
-7
-15
12
0
-6
2
24
18
0
-4
5
-6
0
5
-16
0
18
16
6
-7
0
12
-31
-26
-15
8
-37
76
-39
-3
-3
-61
-13
-21
-16
3
-3
-6
0
-5
0
20
-73
-5
5
-9
-24
1
-36
0
53
-17
0
3
-39
3
-2
-1
-3
-47
1
0
5
-1
-22
0
99
0
-1
68
6
-5
-7
-17
-22
-20
0
-65
-6
-7
-2
3
-12
-4
-28
-22
0
-33
-25
-3
-11
-12
9
-16
-35
-8
-21
7
-17
-24
-21
34
2
31
10
-2
-28
10
63
19
-10
40
13
-1
-44
8
-76
0
-9
-3
39
44
-2
25
14
-4
57
-2
-20
0
59
0
-5
-32
-8
3
-5
8
31
-18
-17
-17
-2
-8
-35
0
-6
-1
3
28
0
8
24
1
-3
-16
-5
10
-1
0
14
-4
3
-14
0
8
9
-9
0
-3
0
-3
5
-1
0
-3
-3
-5
0
0
-11
-7
0
-4
-2
3
0
-2
-2
0
21
0
-5
-5
-4
-4
-6
9
-1
-1
-1
-6
0
5
15
4
-9
0
-3
0
0
0
-6
-5
-6
9
50
-2
-6
0
-1
2
26
-7
1
-9
-2
5
-4
18
-7
14
-3
-1
8
0
-7
-2
-9
28
4
5
0
12
1
-2
-5
-9
42
30
0
34
-4
-3
-16
-4
-5
0
0
0
42
0
12
29
0
-3
0
-3
0
24
-8
0
18
6
1
-11
0
-3
-6
-5
11
2
-22
27
-29
-1
4
-38
-3
-39
19
-4
-18
0
-1
6
-1
-28
-49
-29
-6
-2
-14
-17
42
2
94
-3
0
-11
-14
34
-8
0
-3
-20
-6
0
14
0
-41
0
-22
25
-16
41
3
0
5
20
-16
-11
-26
-47
-10
25
-4
6
29
-9
-23
-12
-1
-23
-24
-4
3
-10
5
-13
0
1
-30
1
14
-22
-29
9
8
9
-9
-5
-39
-13
11
-11
31
6
-9
0
-36
-1
-20
0
-3
-9
-30
-1
6
-18
-29
3
52
0
-19
2
-23
9
-6
-17
-5
-17
1
-2
-21
-6
-12
1
-5
-3
-50
8
0
-48
67
13
-39
-32
-1
-3
-4
-5
-25
1
-6
6
6
1
4
7
-1
-1
7
16
-1
-18
0
-15
12
-3
-3
-19
-11
0
0
-1
13
0
0
2
-8
5
4
0
-13
-12
-1
0
2
15
3
-11
0
10
-5
7
-1
6
6
4
11
3
3
0
-2
0
0
-11
16
-5
-9
2
8
0
-34
19
1
0
3
-20
0
12
5
-9
-22
11
-5
0
0
-1
-6
0
-3
-13
-6
30
-23
0
-8
11
-6
0
-12
-5
0
-1
-3
2
2
-27
-6
-11
-7
-13
9
0
1
1
4
18
0
-2
2
-9
0
0
-13
0
13
-2
5
-6
0
2
-32
-33
-8
-63
-10
-95
84
-1
-3
-34
-25
-54
-15
6
-14
-4
2
-2
5
-58
-59
-27
-2
10
25
-4
85
-1
-48
-11
-1
-45
54
50
-63
0
0
-26
1
0
20
0
41
-2
-60
-34
-31
31
-5
-20
-3
20
16
-29
-24
59
-35
50
-12
43
-7
0
0
-32
8
40
0
-68
10
21
-16
-13
3
-1
44
-5
90
-8
25
-4
63
24
1
6
-12
-16
-39
17
1
10
-47
-12
-67
0
-48
1
-19
13
-41
-42
-3
-34
16
-30
-24
-3
35
-3
-45
-7
-21
-22
9
0
-3
12
-21
-62
16
13
-20
-5
-63
-1
-1
-42
2
18
37
-44
-14
-7
-1
-5
-3
-4
-5
15
-8
8
-11
-14
0
-6
-12
21
-2
25
0
-6
0
0
-5
4
-12
3
0
-1
0
-8
0
-6
-5
23
7
-3
-6
0
-14
0
15
8
40
-1
-1
-20
-3
7
-1
3
-14
-12
-25
-1
10
0
21
0
0
-9
8
-1
17
-4
-31
17
-13
10
7
-1
-17
7
0
-20
-23
-9
-8
-10
-2
-8
-7
-1
-6
0
-4
13
-3
-31
-2
-6
12
-14
-4
0
45
-6
-23
-20
-4
-18
2
-11
-6
-8
-7
-14
-11
0
-24
9
-19
-22
0
9
4
-10
0
-11
10
0
-18
-4
4
-3
0
0
-4
4
-8
-35
30
-2
37
2
-2
-33
-8
2
8
2
-47
-2
3
-2
8
-3
-33
-27
12
-3
-62
17
-24
0
-30
22
-1
-5
-3
-10
-19
0
-9
-38
37
0
19
-1
8
0
17
3
3
-22
-4
3
-2
-22
-44
13
10
-29
-6
11
8
15
-7
5
11
11
0
-1
10
-17
-8
2
19
11
-15
-4
-8
0
54
-4
11
0
30
21
14
4
-13
27
11
13
-5
22
-14
2
-45
1
-31
0
-8
14
7
0
0
-21
5
18
-10
-1
-30
-1
104
8
-33
-17
-34
61
-7
-1
-10
-18
0
17
5
14
-43
-4
-5
-34
-7
7
81
-32
-9
6
4
27
-30
-4
-7
20
2
5
8
49
0
-9
2
52
-1
1
0
-16
25
-4
-3
-19
0
6
0
0
44
17
0
15
1
24
8
5
-18
-7
-22
0
17
52
37
-19
13
19
-9
21
0
19
23
4
19
0
11
0
4
0
0
-11
57
8
7
-7
-36
18
-36
50
6
-2
-22
-33
-1
56
41
-8
-21
0
11
-12
17
-2
-12
0
7
-5
21
27
-17
-9
0
1
-2
0
22
16
-40
-30
-3
-25
9
-23
25
-8
5
-11
25
0
-37
12
9
-1
0
4
3
0
0
-20
-24
0
4
-3
11
18
0
8
-38
-28
-14
17
-13
-24
-9
-10
-8
-80
9
-26
-56
6
-21
0
1
-13
4
-43
-2
-17
-7
-6
-56
-22
40
-6
3
-12
0
15
54
47
-46
0
-15
-10
5
0
-5
0
-40
-1
-62
10
-42
65
-3
-1
57
37
-49
-12
-15
-39
-20
73
0
21
11
1
7
-41
0
-12
-16
52
-3
2
-47
-38
-40
6
-13
-10
-34
-15
-42
3
38
-11
-8
-1
0
-27
7
-11
14
39
-41
-30
-4
-4
44
-1
-16
5
-54
-41
-2
-24
1
-39
-33
0
-27
-7
-41
-26
-44
-47
-50
-4
-13
7
-33
-4
-45
-23
-24
-6
-23
49
-4
-18
-5
14
-48
-64
-28
34
20
51
-17
1
-4
-12
10
-4
33
66
0
-3
23
-9
-1
-18
0
-10
3
-2
2
-10
19
0
0
0
30
41
0
24
25
-22
-6
15
-12
-5
-6
0
-5
15
-26
-11
10
48
-4
-2
0
9
43
35
60
-1
-3
0
-16
0
0
-10
15
34
-10
-1
16
-13
-22
-2
-7
0
11
-17
0
77
81
18
-15
3
28
13
34
-1
2
0
27
-8
32
43
-13
-2
-8
26
16
-2
-32
41
18
-10
-3
-12
0
-20
56
-1
21
-12
30
0
-11
-3
49
14
0
-3
-4
18
0
-3
-15
0
23
20
-3
37
0
12
-22
-16
-10
1
-7
-32
-30
-10
-3
53
3
-13
-44
-7
8
8
0
-9
0
-16
45
-39
0
0
-33
16
-49
0
-57
-23
-1
-1
-24
-7
1
0
-1
-49
-2
0
-20
0
-10
0
46
-3
-7
-86
7
7
-68
-13
-42
-14
-28
-31
-10
-62
8
0
-37
9
-10
15
9
-33
-16
-1
0
2
68
-34
-29
6
-19
35
-57
36
-23
12
-9
-2
2
-4
-29
-5
-7
2
-7
-14
64
-2
51
-2
-5
4
-14
-2
61
2
-4
5
-14
0
-30
-2
-11
0
-1
10
0
22
-7
9
-5
20
13
-2
30
-31
-2
-12
-17
-3
-5
71
-34
-1
-36
41
71
-7
-1
0
-33
3
-9
8
9
-5
-3
-2
0
0
-2
22
-2
-8
0
-19
8
-7
-3
-21
-10
-4
0
-1
5
-3
0
-1
-8
11
-1
4
-21
-4
-3
0
1
17
12
-22
-1
-1
-9
7
-3
4
-3
0
-6
1
-7
0
-4
0
0
-12
12
0
-8
0
5
6
-44
31
0
0
-1
-36
0
-5
-9
-10
-26
10
-1
-5
0
-4
-4
0
0
-6
0
10
-12
-2
0
0
-5
-3
0
-2
-10
-3
-4
4
0
-31
-2
-19
-5
-17
0
0
0
3
-5
9
0
-6
1
-8
0
4
-30
0
2
0
6
-2
0
3
-43
-31
-2
-17
127
-66
40
-6
-2
18
-20
56
-18
-7
-37
-4
2
1
8
12
-19
-22
2
-3
-43
-3
-64
2
-28
-22
0
-33
-30
-12
22
0
-6
-37
12
0
-9
-1
-7
-1
41
-29
-14
-86
5
28
-40
-7
-33
27
-22
57
-22
-42
-4
-10
-34
6
-18
3
1
-23
49
-68
-8
-1
39
-11
11
-5
-21
-1
-14
14
-13
-8
-16
-2
10
14
-32
23
-33
-3
-11
-12
27
11
11
-1
-52
2
-7
5
91
9
0
-4
-35
30
-12
-7
-21
0
87
23
-12
60
-30
13
-5
4
41
-39
-18
-6
7
-11
-58
-30
-2
35
-30
-12
-35
46
0
-3
-1
-5
-9
-10
-1
-19
-19
-7
-1
-14
-1
0
-4
-28
0
-29
0
-2
-20
-3
2
-9
4
-6
0
0
-8
-5
0
-5
0
-36
-8
-6
-5
-5
0
0
-12
-30
-46
-8
-5
-16
-2
-11
-3
-5
-10
-3
-17
-2
-10
0
-21
0
0
3
-26
-3
-16
-1
-21
-23
-6
-31
-7
0
-9
-17
0
-17
-12
8
-4
-16
-1
-5
-7
-3
-1
0
0
-15
-6
-33
-8
1
-18
-2
6
-5
-47
-4
-10
-2
1
-7
-6
-1
-3
-5
-1
3
-12
0
-4
-16
-12
-17
0
-7
-4
3
0
-12
-15
0
-13
-10
-9
-1
0
-2
-10
-11
-3
-19
45
-1
54
1
-4
3
-5
-3
60
-3
36
-6
4
-1
10
-1
-28
-19
0
8
20
56
-28
0
55
40
-1
-3
-8
-9
-49
0
3
-17
17
0
10
1
69
-1
30
-13
-35
-53
18
9
-2
-16
12
42
-26
35
-6
6
2
5
2
28
-13
0
-3
-24
39
-15
-5
16
50
-1
8
0
14
45
36
17
46
-3
10
-3
-2
6
-43
-7
10
-2
-6
-10
11
-18
19
-4
-45
0
-10
28
26
-27
7
11
-8
-16
56
4
18
-3
-1
-8
-5
-11
19
5
-11
-2
-13
-6
115
0
-24
-24
51
-15
-6
34
3
-8
-8
-13
91
-9
-4
-13
9
-4
1
-4
-5
10
-13
-29
0
-2
-10
-24
0
7
0
2
-13
5
-2
8
-5
12
0
0
-22
-12
0
-10
-7
-7
4
-2
9
-1
-5
0
1
-24
0
15
5
-18
3
-9
6
-4
-17
-11
-22
-1
15
0
20
0
0
-5
-29
-5
5
0
-4
-5
5
-20
7
0
-2
23
0
-34
-29
-10
2
-6
-5
-3
-9
5
-3
0
-7
9
-4
-28
-2
-1
4
-13
-7
10
9
-11
-5
-6
-2
-6
9
-2
-14
8
-3
-4
-17
0
-6
-3
-14
-13
0
5
5
-5
0
0
24
0
-13
3
-3
-9
0
-3
10
5
-5
22
-5
19
-57
-22
-1
-66
-11
58
-51
-4
-11
-8
-2
17
-5
66
-20
70
-1
-5
-10
-21
6
-1
23
-57
0
17
-37
-39
104
1
-4
45
-14
0
-30
-2
-50
0
59
-1
54
-33
1
-8
-60
-17
-22
-25
46
-46
24
-51
-19
-22
-19
-6
-35
26
-4
-30
-23
-6
-19
-22
23
7
0
-2
-25
4
-49
-13
-50
-15
-30
3
6
-11
-45
27
4
5
21
-16
26
31
-2
8
1
-1
-23
-15
-14
52
0
58
-49
48
31
-8
-12
1
11
7
16
15
-46
-16
-10
-1
83
-30
-15
-41
50
43
-5
-6
11
20
-9
-8
-94
-10
23
8
4
4
-22
17
-3
5
32
-8
28
42
0
1
34
34
0
-14
0
-13
23
-3
1
-17
1
-8
0
0
29
29
0
18
0
10
-5
24
-9
-9
9
0
1
40
5
-11
-5
55
-4
11
-3
11
36
43
56
5
-13
0
-13
0
0
-9
31
2
-10
7
64
6
-28
53
-4
1
33
-23
1
56
45
7
-19
37
2
11
22
-2
4
0
13
-12
-4
96
-17
1
-2
41
4
-3
-11
10
26
13
-3
17
-7
-24
11
-9
0
-10
28
0
23
3
38
60
0
-8
0
0
0
20
-22
0
51
6
9
3
0
16
-29
-28
-4
18
-1
-50
81
-13
0
-46
-14
-27
-16
-7
-44
-12
4
-10
8
-44
-19
-36
1
9
-47
-7
-55
-2
-32
-11
0
-44
-49
-40
-6
0
5
-46
4
0
0
0
11
0
2
-21
-17
23
5
36
-76
-32
-23
-1
-24
-16
-20
-43
11
12
-54
22
-14
-26
0
-24
-14
-62
-1
6
6
-30
-42
-1
-15
8
97
2
10
-1
26
36
4
0
-1
3
-37
16
-19
24
-5
-9
-3
-3
-76
0
-22
21
49
1
-3
-14
-63
-11
-41
-1
-16
0
11
0
-7
-26
8
10
-2
16
-4
-13
77
-48
-3
-18
-46
-13
0
-9
-12
10
-8
18
18
3
4
16
-2
-9
0
-6
-12
4
2
13
0
-7
-2
-5
0
-10
0
-2
-7
1
-2
-1
0
8
0
0
8
7
0
4
0
-15
0
0
0
-4
-17
0
1
-3
-13
2
9
0
0
-2
2
4
3
1
0
-2
10
0
0
0
0
-5
0
5
0
-5
-31
-7
-5
-9
1
-1
-16
1
0
12
12
-7
-4
-13
8
-8
4
2
-8
0
6
-3
12
-15
-10
-6
-6
-3
-2
4
-14
10
-27
-24
-1
-24
7
-7
17
5
4
-4
1
0
-30
-5
0
-18
0
1
0
0
0
-17
4
0
-9
-3
-2
11
0
3
-3
-4
-12
-4
-34
78
-33
-3
-5
-42
1
-8
-27
2
48
13
-2
-4
-3
43
-46
54
-1
-5
-26
6
-36
-2
29
-11
0
29
-8
0
-24
0
-8
13
-4
0
1
0
-14
-2
13
3
20
13
-6
-19
9
1
-7
-19
66
-45
-12
6
-9
4
-12
-10
-20
27
12
-19
-15
36
1
-7
-21
11
-21
2
28
-7
-45
-36
-10
52
-3
8
4
-2
-38
5
90
8
-7
20
-23
-5
-53
15
13
2
-2
-9
-35
-8
-1
34
84
-5
17
-3
-10
-3
35
-6
-13
-37
3
-6
-8
10
3
-23
-22
3
15
34
-18
31
2
-15
-12
10
-4
-41
-5
-4
-2
-8
39
-15
22
-29
-15
-7
-9
-18
0
0
-9
-51
7
-41
0
32
-20
8
14
10
40
-1
0
4
-20
-8
0
-5
11
-52
-12
-5
35
0
-4
0
-21
-36
-70
27
0
-14
17
-16
6
-12
-9
-12
-14
-3
-8
0
-25
0
0
26
-33
-3
-24
-5
-25
-36
69
-41
-9
-1
-12
19
0
-23
-15
17
41
-15
0
-4
-9
8
-2
0
7
-17
-2
-29
-1
7
-24
-14
10
6
-76
-5
-12
-10
14
-27
-2
46
-8
37
22
44
-11
0
-22
-21
-10
-23
0
-10
-6
34
0
-18
8
0
-14
-10
-12
-5
0
-7
50
17
-6
-26
0
-21
2
-1
0
-21
-5
3
-49
-4
23
0
-2
2
-4
24
-6
22
-4
-3
48
21
-26
0
-25
4
0
-22
-16
-35
-74
7
5
58
18
0
-3
3
11
-1
5
3
62
-28
-4
-21
-20
-1
35
-18
60
10
34
-15
-4
-21
-3
-16
2
-29
5
-16
20
-14
89
-12
-17
48
7
24
26
-3
-28
-48
11
17
-33
-12
7
0
-20
22
-6
-7
8
-14
-15
-7
-11
30
14
-1
-9
-15
-17
-53
-3
0
48
14
-14
0
13
-2
62
-5
24
-11
3
27
5
-4
-13
-3
-42
15
49
59
-3
4
9
-30
-9
-14
49
-24
-29
-5
-2
-5
-2
-8
-2
-5
-14
12
-9
-18
0
-4
-10
-23
-1
-8
0
-6
-15
4
-3
0
-8
16
0
-1
-12
-11
0
-7
-6
-15
8
-8
4
-6
-10
0
3
-25
-9
11
11
-20
0
-7
6
0
-14
-13
-20
-1
20
0
17
0
0
-10
-23
-2
1
-2
-18
-10
-13
-29
8
0
-9
15
0
-22
-19
-7
-10
-13
-3
-5
-8
5
-6
0
-6
-1
2
-35
-13
-4
-5
-11
-3
11
-5
-6
-15
-14
-4
-11
13
-18
-10
5
-4
-11
-14
0
-13
-5
-14
-18
0
5
6
-8
0
-9
19
0
-15
0
-4
-4
0
-3
-3
-8
-10
-33
36
-29
11
-7
-6
-16
-11
-7
-26
-2
-12
4
0
11
-2
-25
-16
30
6
1
86
11
-20
2
-8
-26
0
-20
-19
-15
-35
0
-2
44
-4
0
-5
-1
45
-2
-23
-8
-20
-41
-1
-14
-43
-5
55
-12
21
65
9
-23
-9
15
-7
-7
-18
-3
7
-6
68
-17
-11
8
-10
51
37
-3
3
-6
-10
0
22
6
10
-5
12
9
-26
16
-4
4
-5
-16
-8
-9
-12
0
-15
2
-20
-2
-16
-15
-1
-19
-13
-12
-6
-1
34
-2
36
4
16
21
-26
13
-11
14
-16
-16
-21
-11
-10
0
-23
-5
13
10
-7
0
-42
-30
-14
0
0
-2
-6
5
-2
1
4
-2
6
-1
0
3
8
13
0
-2
0
-3
5
-1
0
-4
-1
-2
0
0
2
0
0
0
-1
4
0
1
-3
0
9
0
-1
2
0
-4
-2
5
-2
2
-1
-1
2
9
6
2
-3
0
-6
0
0
0
3
-2
-1
4
19
4
-8
12
-2
0
10
-7
0
2
3
2
-4
10
-1
1
-1
-1
2
0
0
-3
-2
21
0
2
-2
12
0
-1
-2
-1
8
13
0
16
-2
-4
0
-4
-3
-2
2
0
18
-1
1
18
0
-1
-1
-2
0
9
-5
0
12
-4
1
0
0
0
-8
-5
4
-3
20
-33
7
-4
-1
-22
0
10
20
-3
24
-3
0
0
0
4
6
-16
-3
1
-5
-7
-8
-1
52
0
0
-4
0
2
-20
0
-1
-11
0
0
0
0
0
0
-14
-9
-16
-25
4
2
-2
0
-8
22
-17
0
-11
-4
-1
-1
-11
10
-17
-12
-1
-20
5
-12
-3
2
0
-12
-4
-2
-14
3
4
13
-4
-2
-1
-9
-4
-2
-32
-8
-7
-3
-1
-5
13
-2
33
-2
-5
0
-6
4
4
-32
5
2
-27
0
26
-1
1
0
-10
-5
0
4
-4
-3
-7
3
-14
3
17
-9
-5
-4
24
-4
-1
26
9
-5
-23
-18
11
4
7
16
-19
0
-4
-19
-6
-7
28
9
-1
0
21
5
-1
-41
0
-12
-4
-1
0
-14
2
-3
0
0
13
15
0
5
0
-34
-10
5
-9
-10
3
0
-12
-12
-56
-8
2
17
-4
-4
-1
-2
11
34
21
2
-8
0
-29
0
0
-9
-8
6
-19
2
13
-18
-28
6
-12
0
8
-17
0
19
23
7
-19
6
10
-2
1
0
-2
0
12
-21
5
34
-21
0
-26
37
5
-3
-64
12
-4
0
-3
3
-6
-23
28
0
4
-11
5
0
5
-22
8
25
0
-8
-7
1
0
-1
-14
0
21
-14
-6
18
0
5
-25
-26
-10
32
-34
-39
-25
-16
0
-90
13
-73
-23
0
92
-10
1
-16
2
-42
19
17
-4
2
-27
6
-50
-8
53
-32
1
15
32
33
-45
0
5
5
-8
0
22
0
8
-1
-70
-43
-31
47
3
15
85
-91
-11
-32
14
-55
-26
92
-2
8
-4
7
-13
-57
-2
-17
-25
13
-6
3
-39
-29
-71
10
61
16
16
-21
-17
-1
13
-26
-7
-8
-11
-13
-17
-15
-37
11
-3
-2
10
-3
-42
-2
-25
4
-70
-63
-2
11
33
-17
6
-4
-14
0
-25
-21
-10
-40
105
-18
2
-4
-24
-4
42
-20
-17
-8
98
40
1
-19
-5
-3
-8
-25
37
2
4
31
-13
-16
-6
0
-18
24
3
19
0
-3
-5
-15
-2
-25
0
-13
-10
7
-4
-9
-1
38
0
-1
17
5
0
2
-2
-21
17
-6
2
-10
-10
0
12
-2
-4
14
34
-5
-3
0
13
19
2
-2
-2
-2
47
0
30
0
0
-15
1
11
-2
-2
-34
-16
-29
-15
19
0
-17
10
0
20
15
-6
-21
-19
14
-10
8
9
-10
0
3
-7
31
-27
-21
-4
-14
-2
-1
22
-15
13
-24
-14
-5
-9
35
-30
24
15
6
-15
1
0
-13
-3
-1
-24
0
9
14
-1
0
-14
23
0
-14
6
1
22
0
7
-19
-23
-10
-20
6
4
-2
-6
-10
-2
-3
-26
-2
0
29
38
-1
10
-3
-59
23
77
-1
-6
-7
-8
-44
1
-34
-12
0
52
7
29
24
0
-17
78
-7
0
-10
-1
-25
-2
-53
-19
-49
-73
1
-9
4
-28
-19
12
46
18
-15
-5
-18
21
-25
-4
-27
110
30
-20
26
44
-24
-2
-19
-5
42
9
26
-8
-23
40
-27
44
20
18
11
6
-28
12
46
28
-30
-24
12
9
27
-7
64
12
-16
-12
-12
-6
1
-18
-13
12
-24
-1
-26
-4
68
10
-18
76
-22
8
-17
31
4
-20
-21
-17
-2
19
1
-23
15
87
-28
5
-71
-22
4
