11
3
7
8
40
0
21
33
27
30
6
-6
33
-34
28
19
20
40
-8
17
24
2
29
33
14
10
-12
16
22
26
-15
37
-1
12
18
-6
8
17
-17
-19
19
5
-31
-12
24
-30
29
6
-1
21
9
-31
9
28
27
-24
24
-4
-41
22
-17
19
-21
8
18
3
26
19
19
-37
14
20
-42
-11
18
-24
-16
21
-20
1
0
-28
-14
-29
9
-23
-21
-37
15
12
-21
10
-43
-35
-20
-16
-32
-35
21
6
-27
-27
-8
20
20
19
-15
-15
16
29
33
12
-28
3
5
-8
-30
14
20
-16
-20
13
10
-25
0
-2
-21
7
-23
-35
21
-24
34
-32
7
1
6
-37
21
-19
-19
-11
-10
7
26
-11
-26
-29
16
4
-27
9
23
10
22
-11
-36
11
29
1
-30
-27
6
-31
-30
29
-19
36
11
0
-28
13
-29
-28
17
21
-20
-29
19
-18
14
18
7
-16
-12
11
-28
-23
27
-29
-13
-14
-32
17
-21
24
-1
-46
-12
-1
7
-13
10
-32
-50
-20
3
-39
-38
-28
-33
-21
-33
-3
-1
19
-5
-15
-4
-31
1
14
28
-12
-33
3
-12
-28
-12
-2
-18
0
10
24
-23
18
33
12
34
32
8
10
-16
25
24
11
27
15
27
25
13
0
30
23
30
6
6
29
-32
-25
14
2
24
2
-24
2
-27
-19
6
-15
-15
-3
33
-24
10
27
-23
10
-10
-13
0
-30
-24
7
-12
30
-18
-39
14
-7
-29
32
11
22
25
16
4
25
34
9
-27
-29
-32
16
-6
-11
6
0
-5
-30
-18
-1
-11
-9
11
-9
-4
32
-25
-5
20
-18
-8
-11
31
0
19
30
-13
15
-10
-26
26
-21
-25
-8
7
-29
-15
27
-5
-20
26
-18
-34
8
1
26
-24
17
6
15
8
0
18
-13
-18
-29
13
20
-29
-25
33
-5
7
28
-11
-18
15
-7
-15
-32
-2
12
32
-28
20
-13
-20
19
-35
22
-29
19
-5
-7
-18
32
-23
17
1
16
11
-5
26
-15
4
31
-18
-32
0
27
0
19
-18
-13
1
-13
0
5
-22
1
-3
12
3
-6
-30
11
22
-3
5
-10
-24
-31
3
4
-3
4
29
-16
25
29
-30
24
-33
-2
-24
18
-7
-35
16
-9
13
-2
4
-11
29
-11
-29
-32
6
10
32
-33
11
-24
-28
15
15
-16
0
20
2
13
-4
0
30
-37
-5
1
-38
21
17
19
-24
-24
-23
6
21
2
22
-6
-10
-20
25
-31
13
-2
11
-15
-1
10
19
29
-33
6
0
-25
18
-6
-1
-27
-37
-30
11
18
21
25
-5
11
-16
-2
-15
12
-25
-15
-20
31
8
-35
15
-28
15
-31
4
-29
5
-29
-6
-19
24
-15
-24
-1
-21
2
18
-28
2
0
16
36
17
-16
-2
17
-16
16
0
6
18
31
3
2
26
23
-8
-20
3
-8
-9
32
18
17
35
15
35
9
26
-13
37
-23
20
-13
8
33
-9
-16
2
32
8
12
1
21
35
-29
-3
-21
20
31
-21
-33
28
-7
13
-3
-5
-7
8
-32
13
-32
-31
27
-14
-31
30
-3
27
13
7
-19
8
23
-15
25
-32
20
-21
0
-27
-8
9
8
34
7
-3
19
-26
-21
24
-31
18
8
-33
-10
6
3
-10
2
7
-10
-21
-10
13
26
-26
3
-19
0
12
-1
-24
-4
5
2
8
-15
25
14
9
-18
-31
-2
-1
-30
33
23
26
-28
-28
23
-13
9
-8
-31
26
-20
-21
-12
1
0
-21
-14
2
-12
7
0
5
2
0
9
-38
14
-14
-6
21
29
-17
-40
18
1
28
7
7
-30
7
-20
20
25
-19
18
21
-30
-13
1
-29
-33
-6
-12
-20
-5
13
-3
1
28
-34
3
-24
-34
24
1
-29
-35
-11
-28
-7
-29
-36
-12
-31
-7
28
11
-22
-39
3
17
15
-6
-12
-27
-23
27
-39
5
23
10
25
-19
-4
-14
32
11
-15
2
-29
11
18
10
33
-36
14
-22
-17
4
-10
-23
0
-8
1
20
2
3
-22
-16
-14
27
6
-38
11
12
-3
-15
-18
-23
3
-8
6
-17
5
4
13
-18
-28
32
-11
9
-21
-7
18
-36
5
-26
5
-8
15
6
18
18
30
0
0
25
-19
-27
13
29
-33
-15
22
-30
20
26
-30
-24
30
-22
5
-13
-11
-27
9
32
21
8
-6
-10
-21
16
-27
-30
-5
-33
0
-22
-13
-25
5
22
-32
-28
19
16
15
0
-11
6
25
7
27
28
-14
24
3
7
-2
-31
-30
-16
-8
23
6
-6
3
-38
0
-39
-34
-10
12
-23
24
13
-20
-7
13
10
-40
-21
-41
0
16
3
13
-31
21
16
19
-15
14
3
-21
28
-30
0
-30
28
-25
-4
17
-8
7
13
26
10
13
20
-9
-21
-9
2
8
-7
15
15
1
12
15
-19
27
26
-13
2
6
26
-13
21
17
-19
-8
38
-12
3
-3
21
-1
-25
16
11
-3
-1
28
0
10
-27
0
21
0
-29
-8
-8
28
-23
-1
15
-18
0
11
-13
8
20
-12
-3
-24
6
4
-17
23
18
-16
-9
5
9
-28
0
-9
-7
-19
-6
23
18
24
0
-21
-26
-23
-7
17
12
-12
-1
-18
-5
-35
-14
4
-32
-32
-20
22
19
-12
-27
14
16
-31
-1
-20
0
-25
28
30
0
-30
-30
20
18
16
6
23
30
-1
30
-29
4
2
-14
-27
19
-33
-15
-17
-34
-9
33
-34
-18
-8
7
-17
-16
-1
17
29
-34
-31
-2
-21
-18
-6
5
31
-13
13
3
-17
-28
6
6
6
-19
-17
-14
-32
-25
18
-23
-24
7
10
1
5
1
-11
5
24
-3
-4
4
-31
21
-15
-24
34
0
-2
4
22
5
-9
3
-20
-20
-6
-11
16
27
-17
22
-19
-4
15
-14
-23
22
-11
-1
-7
-4
-21
6
9
18
22
41
36
-2
-19
-29
-3
6
7
16
-26
24
-10
-21
-2
28
21
-16
-14
-13
-33
21
24
26
-22
-37
-18
25
13
-7
23
-24
-16
19
-38
-22
28
-18
12
11
-43
-11
-3
-21
-21
-33
-17
-13
-25
13
-37
-10
7
10
3
-38
-43
2
-11
-40
-39
-36
-41
-9
-25
0
-13
13
-26
-31
-28
13
0
-8
-11
-14
-3
-6
-17
-12
-18
14
-19
-20
-46
5
12
6
-9
-35
-47
7
-35
-88
-107
-126
-93
-66
10
-55
-36
-89
-112
-31
-12
-14
14
-26
0
-27
-24
-39
26
9
5
9
-37
-8
-23
63
57
61
35
35
-6
13
43
58
81
73
70
8
41
61
95
106
84
65
30
59
12
-13
-22
32
17
-15
-25
-13
24
29
32
20
-20
0
7
9
15
16
21
9
-4
19
-13
-18
6
17
-20
14
-7
-22
-30
2
-10
-4
18
0
20
22
-32
21
-19
-5
4
-9
23
19
-18
-32
-46
7
-20
-43
10
-3
-23
16
12
11
-1
-3
24
-35
-30
-17
28
-24
-20
-36
-21
9
0
28
-27
-10
23
-20
13
-11
-29
-4
-20
-2
19
21
6
-6
-19
-9
-19
-21
-11
28
21
5
22
15
25
31
-28
-1
-37
11
-31
11
-9
-36
7
-32
-23
-13
-29
5
-27
-22
-19
2
-4
-26
16
22
11
3
-39
21
-32
-6
21
-31
23
-10
-17
30
-22
28
-34
-4
7
14
18
26
-29
34
10
33
16
-4
-7
15
-29
12
-20
-41
-12
-9
-26
-34
-12
21
-18
7
23
-26
-14
-33
-39
0
-16
21
23
-3
20
7
-33
28
25
6
-16
-9
-7
-29
18
-1
29
6
-14
5
5
-26
-17
33
36
23
8
-12
-21
4
-29
7
-31
6
-16
-15
2
-7
-2
8
6
-43
-7
-10
8
18
-28
-25
0
7
-7
14
-29
-9
7
14
-18
-7
2
5
26
-22
-35
9
19
4
-28
25
-7
16
-8
18
13
25
-32
26
14
21
31
6
-27
26
2
21
5
-32
-11
5
3
11
-16
12
-12
-23
-3
-1
-30
30
28
-26
31
-34
5
20
-4
-9
30
24
30
18
32
-22
27
10
-32
-8
-24
23
5
-6
-6
-34
-30
6
6
-18
-9
12
14
-24
21
5
33
-1
20
13
17
16
-6
25
12
30
-32
-26
6
-27
-6
6
13
19
-5
-16
1
5
-41
3
-15
-32
-4
-29
18
-17
32
24
-16
-45
-33
-43
-27
-9
23
-34
-38
-19
-33
-13
2
19
-9
15
-16
3
-17
10
-25
-33
-26
-16
-33
-8
19
13
21
-13
7
-19
26
25
-22
23
-17
-25
20
-14
29
19
-5
-2
-20
-16
-31
-28
31
-4
-13
-28
12
-32
-30
-27
26
29
-4
-34
-28
-9
-11
-31
-6
-21
-30
21
-33
10
-23
23
26
17
0
19
-1
29
-31
1
27
1
-3
22
-3
-18
-34
-19
0
-10
-22
19
-23
-22
-6
-30
-32
21
30
-29
-13
16
23
-32
0
13
9
-21
-10
-32
-1
26
-3
9
21
15
28
-25
19
-23
22
-17
0
30
-36
-13
-17
-17
29
-18
-26
-20
-11
14
-12
3
17
-6
-7
15
-24
-12
-16
0
27
8
-27
0
-41
-15
-6
22
-12
13
-33
-27
-14
11
1
0
6
-53
-1
-14
-7
-42
-31
-45
-45
-44
-32
-47
10
-47
-42
-48
-15
-24
-49
-45
20
-1
15
-35
13
-14
-17
-21
-24
25
25
-36
12
32
14
32
-32
3
17
28
11
22
37
11
34
-5
34
12
21
-3
9
4
-3
24
-17
-32
20
-13
8
17
-20
-4
-33
20
-1
-3
1
-24
27
-37
-33
-28
12
-20
16
-4
-12
28
-7
29
-10
-5
27
-29
30
1
16
-19
11
-23
-31
16
-32
-9
-1
-20
-3
-10
-34
15
-31
12
26
14
-12
-22
33
12
30
-23
-20
-20
24
-20
-25
-3
-26
10
24
-16
32
-17
33
15
17
29
4
-3
-2
-12
-11
-18
-2
-22
8
34
-34
23
-9
-19
-7
6
-29
-33
-7
-8
26
16
0
29
-26
-25
15
-24
26
5
-28
3
16
25
-34
-27
4
17
-29
1
-6
-34
-27
-22
6
-7
0
6
14
26
-28
-23
3
11
15
27
-17
-23
-8
-27
-7
-31
-1
24
-8
31
24
14
-22
17
32
-24
-29
32
5
-7
-25
3
28
-14
25
27
7
29
18
-12
-30
4
28
-20
17
-3
14
0
-12
24
-30
-33
-33
11
-28
-32
-15
11
4
28
-10
-4
-21
-33
-8
13
21
13
25
6
0
-24
-40
40
101
76
78
98
78
22
65
81
46
50
74
4
55
14
20
55
87
6
13
-35
-18
4
16
-4
35
13
-8
-3
-14
-25
12
6
-9
-52
-59
-17
-37
-3
-29
-38
-43
-82
-63
-92
-97
-82
-66
-92
-15
21
-8
19
7
2
24
-34
12
-4
21
-31
12
-24
4
3
-25
19
1
6
12
12
-27
-14
13
-17
-21
-11
5
19
5
-7
16
30
-15
10
17
10
-5
-11
18
25
18
15
6
-18
-16
8
21
13
25
6
-5
-6
23
1
28
-27
-5
9
5
-1
6
30
4
18
35
1
12
14
13
32
3
-3
19
-4
-25
-2
22
-19
-7
8
-6
25
-27
14
-32
5
-26
27
-5
-39
-10
-7
-10
-29
14
5
1
-15
-20
-6
2
-6
-28
9
30
-16
32
-5
10
10
-2
0
-12
10
-28
-33
-20
20
21
-33
20
8
11
-28
-29
28
-22
15
2
7
-14
25
9
-22
15
4
-28
-6
-33
4
-23
11
20
-12
13
-27
-8
31
-22
-21
0
17
-13
-22
-4
-5
-8
16
-20
-25
-22
4
-15
5
-32
30
-4
2
-15
20
5
7
9
22
-14
-6
4
-16
-6
-6
0
33
-9
19
-8
-24
-25
-30
20
20
33
2
-14
25
-17
-18
27
-10
7
-3
-21
-14
14
8
-22
-21
-33
-7
4
17
-4
-17
-9
-11
21
1
12
-30
-2
28
27
25
32
-15
-25
-5
-5
-5
-25
-10
4
3
27
9
-22
30
-34
1
-7
9
-18
16
21
-30
-14
-37
-56
-30
4
-55
-1
5
-15
-41
8
-47
-35
3
-33
-6
8
-32
-42
-6
16
10
-12
30
-27
-14
0
-25
-35
-25
14
36
-17
-10
-13
-11
18
42
28
46
28
6
12
-6
10
41
46
56
-28
14
-9
33
-10
12
-2
15
-31
-31
-13
-15
2
9
33
-11
-11
-5
29
-35
3
-30
-32
10
-8
-29
-9
-18
-26
-25
17
-20
-23
10
26
-33
-21
-16
-33
7
19
25
9
-27
27
22
-10
-16
21
-13
-29
-30
4
4
-9
-1
-16
23
-41
6
-22
0
-19
5
-25
-37
-3
-22
13
34
34
-14
26
24
-27
34
0
7
-23
-11
-14
11
1
-11
6
32
4
-20
-20
-17
24
0
16
4
-23
33
0
-8
-7
39
10
1
14
-17
11
34
-4
-29
20
-2
-31
15
9
0
27
-4
2
-14
14
14
22
2
18
-20
-17
-26
15
-17
-10
20
-26
12
-19
-7
23
-12
-19
-9
24
-40
20
-6
-21
12
1
-22
-25
0
18
30
11
28
9
-26
-6
-31
6
-3
23
26
14
-24
14
-29
-5
-24
25
-37
-19
-13
-6
28
13
-35
3
27
27
-30
9
-11
-3
15
-35
2
-10
-33
-18
0
-34
-13
18
-9
-40
-38
12
-39
10
7
20
17
-11
-3
0
-28
11
-22
33
11
-2
7
10
27
5
2
11
25
18
18
20
-4
2
16
18
-20
2
-12
-14
3
1
-30
9
21
13
5
-13
-18
-11
-31
7
3
-31
-22
6
-14
21
24
-36
-24
1
8
-13
19
0
17
0
3
-15
28
-17
-16
22
27
26
-10
-20
-22
-23
-5
-31
-27
-13
17
-35
-25
-37
8
10
13
-22
30
27
28
-13
-9
11
-19
15
-17
14
-5
6
17
1
6
-24
-27
-27
29
-2
0
15
20
-10
23
5
-34
5
24
-18
-19
8
32
-31
-15
-18
-16
27
11
33
11
28
4
30
-18
8
18
-13
0
23
27
-34
18
-3
-19
-8
22
-21
-35
-26
-31
-36
17
20
-10
-18
-51
-89
-84
-28
14
-31
-55
-77
-64
-68
-39
17
3
-49
-69
-58
-41
1
59
26
-4
-39
-14
0
49
76
31
-26
-8
-38
-5
48
71
2
29
18
33
-20
27
73
-25
23
44
20
14
62
66
-4
11
4
-21
20
22
-13
-15
22
-8
-39
-37
-5
19
-27
19
-28
-5
6
-22
13
-39
-6
-4
7
11
2
20
-14
-8
-9
31
-3
26
38
-37
-33
-22
3
-4
-17
-7
-2
-15
2
23
14
21
-17
-27
-3
34
-33
-23
-13
-13
0
-2
9
-27
-13
18
-34
-21
-15
-4
9
-30
28
19
6
3
11
-18
25
-30
-16
-24
-26
24
-18
25
23
-30
13
16
-29
23
-32
17
18
-19
15
-17
-22
3
24
13
-33
-51
-23
-16
-34
-18
8
-42
-28
-15
9
-29
-15
-8
-33
-37
14
-32
7
-11
14
-10
-42
1
-36
-24
8
34
-4
-37
-34
-9
7
-26
27
24
22
18
25
-12
40
15
5
3
0
15
6
8
4
-34
-17
-14
0
-4
-17
26
-38
9
23
22
-18
8
-6
-36
26
5
-39
19
17
-15
-28
7
-14
-38
-27
29
13
-13
7
-14
-14
-3
29
-27
20
-29
-4
-16
24
-19
-20
18
20
7
-4
20
27
-10
22
7
-1
-21
-33
-24
-14
4
20
12
0
25
-35
15
-36
8
26
25
18
1
-4
5
27
6
0
15
-32
24
-38
-14
-8
-28
28
-36
8
27
-13
-35
-1
11
-28
21
17
-14
-9
-35
-37
-27
-35
22
-29
22
-14
25
10
-4
-9
21
-9
-3
7
-7
-8
-31
25
-4
22
16
-26
12
14
-4
-10
-28
7
5
-6
21
-3
18
-16
16
-8
28
22
-18
-32
-12
19
-16
-24
-5
0
23
6
9
22
12
32
-20
-33
21
-15
35
-13
-21
-5
34
-29
-24
-33
14
-17
-7
23
20
-11
-1
31
-21
11
29
-7
-8
33
24
4
1
23
35
-22
-4
13
-12
1
1
-25
-11
14
-23
-27
1
8
-8
-5
8
-5
-47
-28
-59
-21
2
1
-32
-2
-36
-28
-52
2
-12
16
10
14
-39
-18
-9
-33
17
-45
1
-8
16
-1
-10
-23
-36
-14
4
-7
-5
33
5
-25
24
11
33
-16
23
35
-24
17
0
36
33
14
23
