-2
-1
0
0
3
1
-1
-3
0
0
0
7
2
-1
0
0
-2
3
0
4
0
0
-4
5
0
-3
-2
-2
-2
7
-4
0
10
4
0
15
-6
60
22
22
0
-2
29
19
10
2
-7
0
5
-4
0
-5
-4
-11
23
-12
0
-1
-1
1
6
-1
-1
0
-10
26
0
13
-5
2
-9
19
0
30
-3
-11
-3
-12
35
0
-5
13
0
7
-2
0
-3
10
0
21
-1
-6
-1
-6
26
0
20
-9
0
-1
0
-20
16
-5
0
-8
-22
-16
-3
45
-7
0
5
0
0
5
-10
29
18
25
0
-3
25
13
-1
-3
-4
0
-3
3
0
8
-2
-6
-5
0
0
10
1
-5
-1
-7
13
0
-6
9
0
-4
20
35
-12
3
0
5
15
31
1
-11
15
0
-2
8
0
0
17
42
-17
-2
0
9
36
42
5
-25
22
0
-1
12
0
0
3
0
-3
5
0
12
-4
-4
0
-3
14
0
6
-5
0
-4
-4
-10
23
-13
0
-1
0
2
9
-3
-1
0
16
1
0
8
-15
80
25
31
0
-6
31
18
7
-2
-6
0
-2
1
0
0
0
10
-8
4
0
0
6
5
-1
-6
2
0
-6
17
0
8
3
3
-13
19
0
-8
-6
-8
-5
24
-15
0
-11
24
0
1
-1
3
-9
27
0
-5
-5
-8
-4
20
-16
0
9
9
0
17
-17
84
31
40
0
-4
44
29
13
-2
-5
0
0
27
0
-12
1
6
-6
27
0
-5
-10
-13
-5
34
-15
0
0
3
0
0
0
0
0
1
0
4
-1
-1
0
-1
4
0
0
1
0
0
2
0
-1
1
0
0
0
0
0
1
-1
0
8
-6
0
1
0
-10
10
-7
0
-2
-11
-8
-1
19
-2
0
0
3
0
-2
1
0
0
4
0
0
-2
-2
0
6
-2
0
-3
20
0
-2
1
2
-5
16
0
-2
-4
-6
-1
17
-10
0
0
-1
0
-1
-2
1
9
-10
0
0
3
9
8
-10
0
0
11
-2
0
0
4
11
1
-24
0
0
40
31
18
-24
-4
0
-14
-2
1
-7
43
16
-18
-7
0
5
0
21
-7
-11
23
0
-1
0
0
3
0
1
-2
1
0
0
1
-1
0
0
0
0
-11
20
0
13
-4
-1
-10
19
0
24
0
-7
-3
-12
24
0
-2
34
1
-14
0
9
-7
42
0
-8
-8
-13
-6
37
-20
0
0
-3
0
-1
2
4
2
-16
0
0
13
18
11
-18
2
0
-15
41
1
-13
5
2
-21
33
0
-3
-12
-11
-6
26
-21
0
2
-1
0
0
5
6
0
-5
0
0
10
10
4
-5
1
0
10
4
0
19
2
26
7
8
0
3
18
1
6
3
0
0
0
4
0
6
-8
25
15
32
0
-2
24
8
-2
0
-5
0
1
4
0
5
-2
20
11
16
0
0
15
9
1
0
-2
0
12
-11
0
8
-2
-13
23
-18
0
-3
-12
-13
0
20
-5
0
-3
5
0
-6
21
28
-5
-2
0
6
9
22
-1
-7
17
0
0
-1
0
0
7
3
-1
-2
0
0
1
5
1
0
0
0
10
-6
0
2
0
-20
15
-9
0
-2
-12
-9
-1
21
-2
0
-6
3
0
-1
13
22
-11
1
0
2
8
19
0
-11
11
0
12
22
0
31
-12
85
29
48
0
-1
46
21
11
12
-9
0
0
0
0
0
9
1
-2
-1
0
0
0
1
0
0
0
0
13
-5
0
-1
0
0
6
3
0
-6
-14
-12
-4
30
-6
0
-12
37
1
2
-2
6
-9
30
0
26
1
-5
-2
-10
20
0
-8
-2
3
-4
41
8
-15
-5
0
1
0
13
-5
-5
11
0
0
0
1
-2
18
11
-5
-6
0
2
6
16
1
-7
8
0
0
6
0
0
1
0
0
2
0
7
-1
-2
0
-1
7
0
-8
21
0
12
-3
6
-6
19
0
32
-1
-6
-3
-9
41
0
-15
4
0
5
-1
34
-23
16
0
-3
6
6
-5
-14
3
0
0
0
0
0
0
0
0
0
0
1
0
0
0
0
0
0
-1
3
0
0
-8
19
13
29
0
-3
19
7
-5
0
-6
0
-2
16
0
0
3
0
-2
7
0
21
-4
-5
-1
-3
19
0
14
-7
0
0
0
-20
16
-8
0
-3
-18
-12
-3
32
-4
0
0
-3
1
0
18
5
-4
-4
0
-1
2
8
0
0
0
0
-23
11
1
-27
42
60
-42
12
0
2
5
49
-10
-19
29
0
-3
-12
4
0
57
11
-17
-19
0
-4
14
24
-1
-11
0
0
23
-4
0
31
-2
49
18
-2
0
-5
19
-1
9
6
-5
0
-4
9
0
-2
23
40
-15
0
0
6
24
36
0
-18
21
0
-2
0
0
0
4
5
-2
0
0
0
0
5
-1
-1
3
0
-15
5
0
9
-1
30
-22
17
0
-4
6
4
-5
-12
2
0
-2
5
0
6
-1
-1
-2
4
0
7
0
-3
0
-2
7
0
19
1
0
23
-2
59
16
12
0
-4
14
1
4
14
-5
0
11
3
0
8
-14
55
19
30
0
-5
33
15
4
-3
-4
0
