0
-6
0
1
-6
0
-2
4
40
7
0
44
18
-7
-1
-2
-5
34
4
0
-2
-4
23
0
0
-3
0
-2
-14
0
-8
33
0
-5
23
9
-6
0
-5
-3
35
0
-2
-3
1
-8
30
-3
0
-11
-1
0
14
-1
-8
5
44
-4
-4
-5
58
-1
-1
-1
2
0
0
0
4
-34
6
3
16
-28
-3
-1
-10
3
1
7
23
-1
-1
-8
0
-77
-29
-9
0
-8
-5
15
10
-29
0
-6
0
-22
8
0
-1
0
-29
0
11
0
12
-8
23
-1
0
-1
-3
1
9
2
26
0
3
2
-14
3
0
-11
0
-19
0
15
0
-10
0
7
-14
1
-1
6
-40
12
0
4
4
-6
-1
1
-6
-13
-9
0
0
-4
-30
-11
0
-3
-3
8
-23
6
-9
8
0
4
31
8
-10
0
-5
-6
16
2
-3
0
0
-14
-11
9
0
-18
3
0
0
-1
-11
8
-1
0
-3
-6
19
4
-1
-1
0
0
0
2
-3
-9
-2
59
1
-24
33
-6
-8
0
0
-6
-5
10
1
-5
-4
71
0
-1
0
-5
-1
-3
-22
-14
0
0
1
-19
1
0
0
0
-9
1
0
0
-1
40
-2
31
0
-5
-3
9
-3
0
-9
0
0
1
-18
0
1
-4
-1
-53
0
-21
0
1
0
0
1
0
0
0
-4
0
0
-2
-1
2
0
0
1
-2
0
0
0
1
-2
1
0
1
0
0
3
0
1
-2
0
0
0
0
1
0
1
0
-1
0
0
1
0
2
-2
0
0
2
0
0
0
1
0
0
-3
0
1
0
-3
0
0
1
2
0
0
0
10
1
0
0
10
1
0
0
0
2
0
0
0
7
5
0
4
-11
-5
-1
0
0
0
0
1
1
1
1
1
0
6
5
0
0
-1
0
5
0
0
0
10
4
0
0
0
0
0
4
0
0
0
0
1
0
0
0
0
5
0
1
0
-5
0
-2
-10
0
0
-2
22
-3
0
15
6
-8
0
-2
-4
13
-2
0
-1
-5
9
-9
0
-3
-2
-1
-11
0
-4
10
0
0
-6
0
-4
0
-5
-2
7
-1
-1
-3
-1
-6
11
-2
0
-7
0
0
5
-2
-4
-2
16
0
-5
0
17
0
-1
-2
0
0
0
-1
-5
13
7
-33
2
126
-9
23
6
0
0
18
19
-1
-3
-3
0
-12
-44
-19
0
-4
0
12
6
18
0
-1
0
-15
0
-3
1
0
49
-1
0
0
11
0
5
-10
0
-2
0
-7
6
-1
27
0
1
2
7
-9
0
22
-1
-31
0
50
0
21
0
-2
31
0
-2
-3
-36
0
1
-42
-20
31
1
8
17
-25
9
0
6
19
-11
27
0
11
6
-1
49
-1
15
-33
0
0
-21
-8
19
0
21
12
-31
0
4
13
3
28
-22
2
3
32
0
0
-13
10
15
-4
-43
-1
20
0
-54
0
8
10
11
0
1
0
51
25
-3
-5
47
-11
8
2
-1
-1
1
-5
-12
39
33
4
21
-19
-61
-1
0
5
-1
-5
12
-9
10
9
6
0
29
30
1
0
-14
0
20
0
-5
9
44
34
-1
11
3
-2
-2
16
-14
0
-1
-1
25
-15
0
-3
0
108
0
7
0
-5
0
-6
-3
-1
-3
-5
45
-9
-1
18
5
-15
-1
-7
-8
30
10
0
-6
-9
32
0
0
-7
0
-9
-13
-6
-7
7
0
-12
-15
-3
-6
0
-10
-3
0
-3
-2
-8
-1
-8
27
-14
-2
-13
-4
0
8
-5
-6
-4
23
-7
-11
-5
9
-5
-4
-5
-2
0
0
0
-12
-1
6
22
8
-24
-13
-7
-26
-4
-1
8
31
-11
-9
-3
-21
46
-48
-14
0
-4
-1
19
-16
-69
-3
-4
-2
23
4
-9
-2
0
-55
0
4
0
11
-7
17
-19
-1
8
-1
1
8
-3
28
0
4
5
36
-10
3
-9
0
83
0
23
0
-5
0
-3
-18
0
1
0
66
-2
0
48
22
-16
0
-3
-4
39
1
0
-2
-9
42
-17
0
-5
-3
-3
-13
-2
-6
37
0
-2
1
6
-4
0
-10
-2
30
0
-3
-6
1
-7
34
-6
-1
-7
0
0
17
-4
-6
-2
54
-2
-8
2
58
0
-3
-3
1
0
0
1
-1
-23
2
-15
3
-49
2
0
16
7
1
5
14
-5
-10
6
-2
-76
79
15
0
5
-2
6
74
43
-2
-8
-2
14
1
-7
-1
0
0
0
6
0
6
-2
9
-12
3
-2
-4
-2
7
0
19
0
1
0
-42
25
-1
7
1
-39
0
23
0
-1
0
0
-3
0
0
1
16
2
0
15
6
-3
0
-2
0
12
0
0
-2
-2
9
-3
0
-1
0
-2
-3
-1
1
12
0
-1
10
2
0
0
-1
0
13
0
0
-2
0
-1
11
-4
0
0
-1
0
4
-1
-1
2
15
-1
-3
0
21
-1
-1
-1
0
0
0
2
-3
-2
-7
25
-2
-18
-25
-7
9
-1
0
-13
-19
-3
-4
2
-4
77
30
16
0
4
-3
-17
-49
30
0
-5
0
-9
0
-4
0
0
20
1
0
0
-18
-26
-2
-10
0
-10
-4
1
-7
1
-17
0
-4
-8
-30
2
-1
-13
0
-39
0
-58
0
0
0
0
0
0
0
0
0
0
0
0
0
0
0
0
0
0
0
0
0
0
0
0
0
0
0
0
0
0
0
0
0
0
0
0
0
0
0
0
0
0
0
0
0
0
0
0
0
0
0
0
0
0
0
0
0
0
0
0
0
0
0
0
0
0
0
0
0
0
0
0
0
0
0
0
0
0
0
0
0
0
0
0
0
0
0
0
0
0
0
0
0
0
0
0
0
0
0
0
0
0
0
0
0
0
0
0
0
0
0
0
0
0
0
0
0
0
0
0
0
0
0
0
0
0
0
0
0
3
0
0
3
0
2
-3
-35
-3
0
-27
-11
4
1
4
2
-22
-1
0
1
2
-16
0
0
3
0
5
7
3
5
-20
0
10
-9
-4
3
0
3
1
-19
0
4
4
-2
4
-19
6
1
7
3
0
-9
1
5
-2
-29
6
2
2
-35
5
0
0
1
0
0
0
8
30
-1
18
5
31
24
4
0
2
0
-1
-3
20
9
0
14
78
8
-2
0
-1
2
-2
4
16
3
5
2
-4
3
8
0
0
25
0
1
0
-4
34
3
43
0
-2
2
0
-2
1
-6
0
-1
-1
3
-4
0
3
0
-25
0
8
0
14
0
-7
39
0
-1
-10
73
-18
0
-4
-5
-7
2
-3
-1
30
42
0
-3
-4
67
40
0
-3
15
-4
32
-2
6
-13
0
-4
-39
-11
9
0
-4
6
-27
-5
11
-4
-2
15
27
-6
0
10
-1
0
2
-3
18
-10
4
-2
-6
2
-32
-2
-2
-3
-3
0
0
0
-17
2
0
-24
-10
10
-2
23
20
0
0
5
2
-15
-17
1
-1
-8
-20
9
0
5
-3
0
5
40
-5
-10
-4
-31
-6
-15
0
0
46
0
-7
0
1
-2
-10
-14
0
2
-1
3
2
-5
8
0
0
0
-8
-4
-1
25
-1
-7
0
25
0
17
0
-6
36
0
1
-8
20
-14
0
-35
-17
11
3
0
9
-3
24
0
0
6
33
40
0
4
10
-2
36
-1
15
-33
0
1
-36
-12
14
0
8
9
-42
-2
9
0
0
22
-3
-4
0
23
0
0
-8
0
20
-8
-28
2
3
9
-63
0
0
0
-4
0
0
0
-17
-25
-2
7
-23
-38
2
0
0
-7
-1
-9
-8
-10
-10
8
-16
-7
-11
17
0
9
0
0
2
-5
-2
-1
-2
39
-11
-9
0
0
-11
1
-16
0
0
0
-30
-1
0
13
0
0
-1
-6
-11
0
0
-1
-2
-2
0
-4
2
68
0
-1
0
1
0
-1
5
0
0
-1
25
-4
0
6
2
-5
0
-1
-2
14
9
0
-1
-3
20
9
0
-1
2
-1
0
-1
-1
2
0
-1
-8
0
0
0
-3
0
-1
-1
1
-1
0
0
12
-2
0
-2
0
0
3
-1
1
-2
10
0
-2
0
1
0
0
-1
0
0
0
0
-6
-24
1
-9
-5
-17
0
-1
-2
1
0
1
3
-1
-5
3
-3
-62
-1
0
0
0
2
4
19
-14
-1
-1
-1
50
-3
-5
0
0
-22
0
-1
0
6
-1
-4
0
0
4
-2
-2
3
-1
5
0
1
2
-9
6
0
2
1
17
0
12
0
-15
0
12
-26
0
-1
16
0
28
0
51
24
-5
-2
-2
-3
16
-23
0
0
-3
-18
-26
0
-2
-9
1
-31
3
-8
46
0
-1
68
18
-11
0
-2
-7
58
6
-7
-3
3
-16
14
2
0
-15
0
0
13
-1
-16
18
46
-3
-4
-5
85
0
-1
-1
3
0
0
3
6
-18
5
25
13
-4
-16
-4
-4
2
2
9
20
0
1
-9
5
-4
27
-8
0
-8
-2
8
1
1
0
-5
1
-7
7
0
-1
0
0
1
12
0
7
-20
24
-2
1
-10
-5
2
7
2
26
0
1
0
-39
9
0
-10
0
-65
0
3
0
3
0
-6
5
0
0
-9
-33
-14
0
-44
-21
1
1
1
1
-24
1
0
0
1
-13
2
0
1
1
-1
7
-2
3
-37
0
2
-37
-12
2
0
1
1
-42
-3
3
1
-3
3
-21
-2
0
5
0
0
-13
0
4
-8
-43
2
1
1
-66
1
0
0
0
0
0
0
0
33
0
20
-4
64
14
4
-9
-1
0
0
-1
14
1
-3
3
102
-60
-11
0
-5
1
-1
-10
-9
0
1
0
-18
-2
0
0
0
16
0
-5
0
-3
31
-8
31
-1
0
5
-3
-1
0
-1
0
-1
-1
38
-11
1
2
-1
25
0
4
0
0
0
0
0
0
0
0
0
0
0
0
0
0
0
0
0
0
0
0
0
0
0
0
0
0
0
0
0
0
0
0
0
0
0
0
0
0
0
0
0
0
0
0
0
0
0
0
0
0
0
0
0
0
0
0
0
0
0
0
0
0
0
0
0
0
0
0
0
0
0
0
0
0
0
0
0
0
0
0
0
0
0
0
0
0
0
0
0
0
0
0
0
0
0
0
0
0
0
0
0
0
0
0
0
0
0
0
0
0
0
0
0
0
0
0
0
0
0
0
0
0
0
0
0
0
0
0
