0
0
0
0
15
0
0
0
0
0
0
0
0
31
33
29
28
30
22
0
6
0
0
0
0
0
0
0
0
0
3
0
0
0
0
0
0
0
0
0
0
0
0
0
10
28
0
0
0
173
222
0
0
0
0
0
0
0
0
0
0
0
0
0
0
0
0
0
0
0
0
0
0
0
0
0
0
0
0
0
0
0
0
0
0
0
0
0
0
0
0
0
0
0
0
0
0
0
0
0
0
0
0
0
51
0
0
0
0
0
0
0
0
0
0
0
0
0
0
0
0
0
0
0
0
0
0
0
0
0
0
0
145
0
0
0
0
0
0
0
0
0
0
0
0
0
0
0
0
0
0
0
0
0
0
0
0
0
0
29
0
0
21
0
0
0
0
0
0
0
0
0
0
0
0
0
0
0
0
0
0
0
0
0
0
0
0
0
0
0
0
0
0
0
0
0
0
0
0
0
0
0
0
0
0
0
0
0
0
0
0
0
0
0
0
0
0
0
0
0
0
0
0
0
0
0
0
0
123
0
0
0
0
0
0
0
0
0
0
0
21
0
0
0
0
0
0
0
0
0
0
0
0
0
0
0
0
0
0
0
0
0
0
0
0
0
0
0
0
0
0
0
0
0
0
0
0
0
0
0
0
0
0
0
0
0
0
7
111
274
307
209
0
0
0
0
0
0
0
0
0
0
0
0
0
0
0
0
0
0
0
0
0
0
64
82
112
0
0
0
0
0
0
0
0
0
0
0
0
0
0
0
0
0
0
0
0
0
0
0
0
0
0
0
0
0
0
0
0
0
0
0
0
0
0
0
0
0
0
0
0
0
0
0
0
0
0
0
0
0
0
0
27
0
0
0
0
0
0
0
0
0
0
0
0
0
0
0
0
0
0
0
0
0
0
0
0
0
0
0
0
0
0
0
0
0
0
0
0
0
0
0
0
0
0
0
0
0
0
0
0
0
0
0
0
0
0
0
0
0
0
0
0
0
0
0
0
0
0
0
0
0
0
0
0
0
0
0
0
0
0
0
0
0
0
0
0
0
0
0
0
0
0
0
0
0
0
0
0
0
0
0
21
33
0
0
0
0
0
0
0
0
0
0
0
0
0
0
0
0
0
0
0
175
242
0
0
0
0
156
344
297
0
0
0
0
0
0
0
0
0
0
0
0
0
0
0
0
0
0
0
0
0
0
0
0
0
0
0
0
0
0
0
0
0
0
0
0
0
0
0
0
0
0
0
0
0
0
0
0
0
0
0
0
0
0
0
0
0
0
0
0
0
0
0
0
0
0
0
0
0
0
0
0
0
0
0
0
0
0
0
0
0
116
0
0
0
0
0
0
0
0
0
0
0
0
0
0
0
0
0
0
0
0
0
0
0
0
0
0
0
0
0
0
0
0
0
0
0
0
0
0
0
0
0
0
0
0
0
0
0
0
109
54
0
0
0
0
0
0
0
0
0
0
0
0
0
0
0
0
0
0
0
0
0
0
0
0
0
0
0
0
0
0
0
0
0
0
0
34
0
0
0
0
0
0
0
0
0
0
0
0
0
0
0
0
0
0
0
0
0
0
0
0
35
0
0
0
0
0
0
0
0
0
0
0
6
122
96
88
69
0
0
0
0
0
0
0
0
114
457
327
0
0
0
0
0
0
0
0
0
0
121
382
387
321
435
483
424
369
394
477
509
482
475
454
381
309
259
281
225
0
0
0
0
0
0
0
0
257
421
589
700
711
626
656
670
776
790
721
614
578
570
566
532
415
425
542
535
63
0
0
0
0
0
68
61
0
0
35
0
0
0
0
0
0
0
0
0
0
0
20
0
0
14
335
66
0
0
0
0
0
107
0
0
0
0
0
0
0
0
0
0
0
0
0
0
0
0
0
0
0
0
0
0
0
0
0
0
53
0
0
0
0
0
0
0
0
0
0
0
0
0
0
0
0
0
0
0
0
57
0
0
0
70
69
0
0
0
0
0
0
0
0
0
0
0
0
0
0
0
0
0
0
0
0
0
34
0
0
0
362
226
0
0
0
0
0
0
0
0
0
0
0
0
0
0
0
0
0
0
0
0
0
0
0
0
0
271
205
0
0
0
0
0
0
0
0
0
0
0
0
0
0
0
0
0
0
0
0
0
0
0
0
0
38
0
0
0
0
0
0
0
0
0
0
0
0
0
0
0
0
0
0
0
0
0
0
263
471
0
0
0
0
0
0
0
0
0
0
464
483
11
0
0
0
0
0
0
0
0
0
0
0
0
788
548
0
0
0
0
0
0
0
0
0
0
125
0
0
0
0
0
0
0
0
0
0
0
0
0
0
577
176
0
0
0
0
0
0
0
0
0
0
0
0
0
0
0
0
0
0
0
0
31
217
0
0
0
0
0
0
0
0
0
0
0
0
0
0
0
0
0
0
0
0
0
0
0
0
285
410
128
0
0
0
0
0
0
0
0
0
0
0
0
0
0
0
0
0
0
0
0
0
0
0
0
161
74
0
0
137
0
0
0
0
0
0
0
0
0
0
0
0
0
0
0
0
0
0
0
0
0
0
0
0
0
0
0
0
0
0
0
0
0
0
0
0
0
0
0
0
0
0
0
0
0
0
0
0
0
0
0
0
0
0
0
0
0
0
0
0
0
0
0
0
0
0
0
0
0
0
0
0
0
0
0
0
0
0
0
0
0
0
0
0
0
0
0
0
0
0
0
0
0
0
0
0
0
0
0
0
0
0
0
0
0
0
0
0
0
0
0
0
0
0
0
0
0
0
0
0
0
0
0
0
0
0
0
0
0
0
0
0
0
0
0
0
0
0
0
0
0
0
0
0
0
0
0
237
47
0
0
98
74
0
236
0
0
0
0
0
0
0
0
0
0
0
0
0
0
0
0
0
0
0
0
0
0
0
0
0
0
0
0
0
0
0
0
0
0
0
0
0
0
0
0
0
0
0
0
0
0
0
0
0
0
0
0
0
0
0
0
0
0
0
0
0
0
0
0
0
0
0
0
0
0
0
0
0
0
0
0
0
0
0
0
0
0
0
0
0
63
0
0
0
0
0
0
0
0
0
0
0
0
0
0
0
0
0
0
0
0
0
0
0
214
0
0
0
0
0
0
0
0
0
0
0
0
0
0
0
0
0
0
0
0
0
0
0
0
260
507
46
0
0
0
0
0
0
0
0
0
0
0
0
0
0
0
0
0
0
0
0
0
0
0
0
0
0
0
0
0
0
259
145
0
0
0
0
0
0
0
0
35
0
0
0
0
0
0
0
0
0
0
0
0
0
0
337
505
0
0
0
0
0
0
0
0
0
0
0
0
0
0
0
0
0
0
0
0
0
0
0
0
0
0
0
0
0
0
0
0
0
0
0
0
0
0
0
0
0
0
0
0
0
0
0
0
0
0
0
0
0
0
0
0
0
0
0
0
0
0
0
0
0
0
0
0
0
0
0
0
0
0
0
0
0
0
0
0
0
0
0
0
0
0
0
0
0
0
0
0
0
0
0
0
0
0
0
0
0
0
0
0
0
0
0
0
0
0
0
0
0
0
0
0
0
0
0
0
0
0
0
0
0
0
0
0
0
0
0
0
0
0
0
0
0
0
0
0
0
0
0
0
0
0
0
0
0
0
0
0
0
0
0
0
0
0
0
0
0
0
0
0
0
0
0
0
0
0
0
0
0
0
0
0
0
0
0
0
0
0
0
0
0
0
0
0
0
0
0
0
0
0
0
0
0
0
0
0
0
0
0
0
0
0
0
0
0
0
0
0
0
0
0
0
0
0
0
0
0
0
0
0
0
0
0
0
0
0
0
0
0
0
0
0
0
0
0
0
0
0
0
0
0
0
0
0
0
0
0
0
0
0
0
0
0
0
0
0
0
0
0
0
0
0
0
0
0
0
0
0
0
0
0
0
0
0
0
0
0
0
0
0
0
0
0
0
0
0
0
0
0
0
0
0
0
0
0
0
0
0
0
0
0
0
0
0
0
0
0
0
0
0
0
0
0
0
0
0
0
0
0
0
0
0
0
0
0
0
0
0
0
0
0
0
0
0
0
0
0
0
0
0
0
0
0
0
0
0
0
0
0
0
0
0
0
0
0
0
0
0
0
0
0
0
0
0
0
0
0
0
0
0
0
0
0
0
0
0
0
0
0
0
0
0
0
0
0
0
0
0
0
0
0
0
0
0
0
0
0
0
0
0
0
0
0
0
0
0
0
0
0
0
0
0
0
0
0
0
0
0
0
0
0
0
0
0
0
0
0
0
0
0
0
0
0
0
0
0
0
0
0
0
0
0
0
0
0
0
0
0
0
0
0
0
0
0
0
0
0
0
0
0
0
0
0
0
0
0
0
0
0
0
0
0
0
0
0
0
0
0
0
0
0
0
0
0
0
0
0
0
0
0
0
0
0
0
0
0
0
0
0
0
0
0
0
0
0
0
0
0
0
0
0
0
0
0
0
0
0
0
0
0
0
0
0
0
0
0
0
0
0
0
0
0
0
0
0
0
0
0
0
0
0
0
0
0
0
0
0
0
0
0
0
0
0
0
0
0
0
0
0
0
0
0
0
0
0
0
0
0
0
0
0
0
0
0
0
0
0
0
0
0
0
0
0
0
0
0
0
0
0
0
0
0
0
0
0
0
0
0
0
0
0
0
0
0
0
0
0
0
0
0
0
0
0
0
0
0
0
0
0
0
0
0
0
0
0
0
0
0
0
0
0
0
0
0
0
0
0
0
0
0
0
0
0
0
0
0
0
0
0
0
0
0
0
0
0
0
0
0
0
0
0
0
0
0
0
0
0
0
0
0
0
0
0
0
0
0
0
0
0
0
0
0
0
0
0
0
0
0
0
0
0
0
0
0
0
0
0
0
0
0
0
0
0
0
0
0
0
0
0
0
0
0
0
0
0
0
0
0
0
0
0
0
0
0
0
0
0
0
0
0
0
0
0
0
0
751
2741
2997
2485
3369
3759
3201
2665
2846
3572
3851
3562
3522
3387
2850
2128
1464
1650
1994
331
0
0
0
0
0
0
0
1562
1840
3861
5699
5503
4718
5325
5429
6235
6288
5550
4052
3426
3461
3616
3326
2032
2175
3341
7101
7808
741
0
0
0
0
328
0
0
0
0
0
0
0
0
0
0
0
0
0
0
0
0
0
0
0
871
3155
0
0
0
0
0
507
0
0
0
0
0
0
0
0
0
0
0
0
0
0
0
0
0
0
0
0
4104
0
0
0
0
54
0
0
0
0
0
0
0
0
0
0
0
0
0
0
0
0
0
0
0
0
0
4179
383
0
0
805
320
0
0
0
0
0
0
0
0
0
0
0
0
0
0
0
0
0
0
0
0
0
489
0
0
0
3131
996
0
0
0
0
0
0
0
0
0
0
0
0
0
0
0
0
0
0
0
0
0
0
0
0
0
1663
116
0
0
0
0
0
0
0
0
2706
326
0
0
0
0
0
0
0
0
0
0
0
0
420
0
0
0
0
0
0
0
0
0
1288
1692
1102
0
1925
1095
0
0
0
0
0
0
0
0
0
0
1844
4167
0
0
0
0
0
0
0
0
0
0
6446
8110
1327
237
0
0
0
0
0
0
0
0
0
0
0
7064
3052
0
0
0
0
0
0
0
0
0
0
0
0
0
0
0
0
0
0
0
343
2299
6904
8311
6792
649
3749
0
0
0
0
0
0
0
0
0
0
0
0
0
41
0
0
0
0
0
1720
3854
4282
6458
0
0
0
0
0
0
0
0
0
0
0
0
0
0
0
0
0
0
0
0
0
0
0
0
2068
3832
1358
75
44
0
0
0
0
0
0
0
0
0
0
0
0
0
0
0
0
0
0
0
0
0
0
0
35
0
116
4841
0
0
0
0
0
0
0
0
0
0
0
0
0
0
0
0
0
0
0
0
0
0
0
0
0
0
0
0
0
0
0
0
0
0
0
0
0
0
0
0
0
0
0
0
0
0
0
0
0
0
0
0
0
0
0
0
0
0
0
0
0
0
0
0
0
0
0
0
0
0
0
0
0
0
0
0
0
0
0
0
0
0
0
0
0
0
0
0
0
0
0
0
0
0
0
0
0
0
1008
0
1583
1077
0
0
0
0
0
0
0
0
0
0
0
0
0
0
0
0
0
2284
5675
6244
2443
455
2651
4223
4181
8770
7751
0
0
0
0
0
0
0
0
0
0
0
0
0
0
0
0
0
2093
3569
83
0
0
0
789
513
4141
0
0
0
0
0
0
0
0
0
0
0
0
0
0
0
0
0
0
0
0
0
0
0
0
0
0
69
0
0
0
0
0
0
0
0
0
0
0
0
0
0
0
0
0
0
0
0
0
0
0
0
873
2629
0
0
486
0
0
1602
0
0
0
0
0
0
0
0
0
0
0
0
0
0
0
0
0
0
0
0
0
691
2064
0
0
0
1519
0
0
0
0
0
0
0
0
0
0
0
0
0
0
0
0
0
3957
6103
3755
0
0
0
1371
0
0
0
0
0
0
0
0
0
0
0
0
0
0
0
0
0
0
0
0
0
0
0
0
3066
4347
0
0
0
0
961
4834
1783
0
0
0
0
0
0
0
1369
0
0
0
0
0
0
0
0
0
0
0
0
0
0
2940
6905
6758
3035
0
0
0
0
0
0
0
0
0
2288
1695
1123
1047
722
0
0
0
0
75
0
0
417
5688
12301
12191
0
0
0
0
0
0
0
262
477
696
0
0
0
0
0
0
0
0
0
0
0
0
0
0
0
0
0
0
0
7712
10899
7693
1591
400
0
0
0
0
0
0
0
0
0
0
0
0
0
0
0
0
0
0
0
0
0
0
0
6324
9211
5515
2242
0
0
0
0
0
0
0
0
0
0
0
0
0
0
0
0
0
0
0
0
0
0
0
2655
5387
4153
2386
238
0
0
0
250
1863
1965
2033
2177
2053
2452
3626
3631
3073
2723
1876
1034
779
340
351
1139
731
0
6000
8598
6060
2712
424
0
0
0
1307
2605
3123
3302
3088
2535
2489
3999
4972
5143
4050
2696
2097
2666
2386
1955
2410
2649
237
0
9324
7308
3320
0
0
0
0
1597
3232
4579
5069
6082
4646
1521
1108
2109
3544
4023
3880
3514
2599
2589
2534
2625
3752
2182
0
4747
6281
3678
0
0
0
299
2232
3007
2408
3711
5685
9774
11637
10012
5451
1649
1831
2891
3362
2819
2988
3101
3394
3209
1648
0
2518
4916
3308
0
0
0
1510
1660
1575
1050
1982
1587
2592
8424
12451
11750
8409
4911
1806
1624
1507
1709
1664
1959
2293
1428
187
383
1859
2204
0
0
612
2245
3126
2657
2390
5146
8574
6089
1188
3524
8419
9202
8182
6372
3385
2904
1974
1176
387
156
1344
0
0
0
2058
0
0
2276
2693
2230
2109
0
0
0
0
0
0
2724
2403
4889
7361
7812
7353
8119
10858
10859
9871
5486
0
0
0
2543
0
0
2043
2194
920
594
627
0
0
0
355
0
0
0
0
5149
8437
9258
9858
11549
11377
11638
6285
0
0
1371
2543
2674
2448
2084
2231
984
404
61
411
0
2571
4267
1088
0
0
550
0
3816
3831
2410
0
0
0
3931
2330
854
3245
2462
2468
2572
2530
2495
2680
2521
1879
1393
704
0
0
0
282
971
1627
642
0
0
0
0
2180
4032
0
2011
3730
3073
2351
1891
2179
2539
2564
2777
2759
2743
1683
1172
1285
1873
2201
2072
1851
2411
2024
0
0
0
0
0
0
0
1560
3849
3483
2692
1990
1912
2649
2885
2861
2981
2966
2902
3263
3299
2921
2941
2482
1403
1712
1559
454
0
0
1746
395
0
2118
2968
4153
3769
2537
1879
1629
2733
2835
3080
2878
2684
2958
2190
2433
1379
409
917
1904
2075
1575
1361
432
0
0
0
0
22
3273
4103
4737
2716
2299
2099
2476
2948
3004
2929
3266
4080
3528
3172
6643
7845
11059
11168
7314
4759
1221
1501
1224
1113
781
0
0
1890
3494
4466
3180
2389
2288
1877
2523
3452
4390
6840
9903
11137
7736
2455
3010
6776
12402
13929
11292
6275
3514
2891
2146
1764
0
878
2109
2052
3570
3493
2638
2481
2913
2474
2536
6133
7791
7394
8850
8841
6525
6814
6090
6666
7772
8040
6907
4547
3042
3660
2545
504
1713
3412
3075
3906
4353
3004
2796
3562
2534
2115
293
0
0
0
0
0
0
0
0
0
1781
2571
2598
3349
3801
1275
1309
2681
1777
2047
2507
4509
3488
3094
2644
3191
3613
935
0
0
0
0
1222
2626
2891
1686
0
6527
8846
6223
4141
3270
0
1398
5452
5585
5129
3506
2482
2885
4007
3136
2574
2820
2655
1632
671
900
1069
0
0
0
1399
2208
1431
6365
6245
5297
2552
0
2546
3740
3912
5235
4321
2624
1680
3363
3226
3362
2863
1753
1674
2925
4590
7460
7488
7028
4109
1021
0
0
578
2155
0
0
0
573
0
0
493
887
613
475
3571
4707
3798
2866
2151
1392
0
0
0
2954
8137
9349
5528
525
0
0
0
0
0
3860
7829
8169
6147
5294
4334
3654
0
740
4203
6025
5383
4417
3330
3224
2621
699
0
0
0
1321
0
0
0
0
5049
7500
7883
5402
6136
3820
2896
1976
641
556
0
0
3805
7165
7916
7379
7831
7713
6092
3113
1330
742
0
0
0
1115
7787
11672
8367
1160
0
0
936
1899
2934
1810
0
0
0
0
4156
7942
8512
8358
7837
7786
8519
8807
8560
4637
10981
12080
12992
11990
7206
888
0
2811
6452
6817
7170
7360
6482
0
0
0
81
331
318
242
405
404
309
285
308
414
399
369
392
403
351
268
225
251
0
0
0
0
0
0
0
0
0
397
1081
1332
1177
1266
1344
1358
1347
1446
1477
1389
1298
1262
1177
977
783
784
877
968
75
0
0
0
0
36
106
95
316
554
1116
1227
1056
903
978
1054
1242
1298
1215
1022
952
1067
1137
1148
1006
939
1211
927
0
0
0
0
0
0
180
0
0
0
0
0
0
0
0
0
0
0
0
0
121
241
289
278
143
215
597
0
0
0
0
0
0
60
0
0
0
0
0
0
0
0
0
0
0
0
0
0
0
0
0
0
0
201
0
0
0
0
0
66
272
174
0
0
0
0
0
0
209
101
0
0
0
0
0
0
0
0
0
0
0
247
0
0
0
274
234
133
0
0
0
0
0
0
0
0
0
109
214
0
0
0
0
0
0
0
0
0
240
0
0
0
956
680
202
0
0
0
0
0
46
0
0
0
0
0
0
52
0
0
0
0
0
0
0
0
0
0
0
327
354
0
0
0
0
0
0
0
0
0
0
0
0
0
0
86
224
375
485
460
283
0
130
228
0
0
0
94
0
0
0
0
250
684
337
475
719
107
0
0
0
0
0
0
0
0
0
0
0
869
859
0
0
162
110
0
0
0
0
0
169
967
224
0
136
66
80
16
0
0
0
0
0
0
0
0
1474
926
0
0
0
0
0
0
95
246
254
35
0
0
0
0
444
231
41
0
0
0
0
0
313
0
0
0
0
0
0
0
0
0
0
0
0
37
5
0
136
533
486
129
5
0
135
674
376
511
772
0
0
0
0
0
0
0
0
0
0
0
0
0
0
0
105
175
1
0
0
0
0
0
423
794
0
0
0
0
0
0
0
0
0
0
0
0
0
0
0
0
0
0
0
0
0
0
0
0
0
26
581
0
0
0
0
0
0
0
0
0
0
0
0
0
0
0
0
0
0
0
275
383
398
176
144
112
0
239
532
441
203
13
0
0
0
0
0
0
0
0
0
0
0
0
0
66
0
0
0
0
0
0
0
0
0
74
4
0
571
222
0
0
0
0
0
0
0
0
0
0
0
0
0
0
0
0
0
0
0
0
0
0
0
0
0
0
0
0
0
0
0
0
0
0
0
0
0
0
0
0
0
0
0
0
0
0
0
0
0
0
0
0
0
0
0
0
0
0
0
0
0
0
0
0
0
154
0
0
566
1064
809
441
48
0
0
0
0
0
0
0
0
0
0
0
0
0
0
0
0
0
159
590
1006
685
89
0
0
0
0
413
0
0
0
0
0
0
0
0
0
0
0
0
0
0
0
0
0
0
0
294
375
448
1013
467
0
0
0
0
0
0
0
0
0
0
0
0
0
0
0
0
0
0
0
0
0
0
0
0
0
0
0
58
655
0
0
0
0
0
153
0
0
178
311
259
157
0
0
0
0
0
0
0
64
200
3
0
0
0
0
0
0
98
0
8
686
696
0
0
0
0
0
0
0
0
0
0
0
0
0
13
203
346
699
1050
1220
388
0
0
451
925
782
23
0
0
0
0
0
0
0
0
0
0
0
0
0
0
0
0
0
0
194
543
534
393
1737
1932
743
0
0
0
0
87
129
85
0
0
0
0
0
0
52
0
0
0
0
0
0
0
0
0
0
0
0
0
0
0
0
0
0
0
0
0
0
0
0
0
0
0
0
0
0
0
0
0
0
0
0
0
0
0
0
0
0
0
0
0
0
0
0
0
0
0
0
0
0
0
0
0
0
0
0
0
0
0
0
0
0
0
0
0
0
0
0
0
0
0
0
0
0
0
0
0
0
0
0
0
0
0
0
0
0
0
0
0
0
0
0
0
0
0
0
0
0
0
0
0
0
0
0
0
0
0
0
0
0
0
0
0
0
0
0
0
0
0
0
0
0
0
0
0
0
0
0
0
0
0
0
0
0
0
0
0
0
0
0
0
0
0
0
0
0
0
0
0
0
0
0
0
0
0
0
0
0
0
0
0
0
0
0
0
0
0
0
0
0
0
0
0
0
0
0
0
0
0
0
0
0
0
0
0
0
0
0
0
0
0
0
0
0
0
0
0
0
0
0
0
0
0
0
0
0
0
0
0
0
0
0
0
0
0
0
0
0
0
0
0
0
0
0
0
0
0
0
0
0
0
0
0
0
0
0
0
0
0
0
0
0
0
0
0
0
0
0
0
0
0
0
0
0
0
0
0
0
0
0
0
0
0
0
0
0
0
0
0
0
0
0
0
0
0
0
0
0
0
0
0
0
0
0
0
0
0
0
0
0
0
0
0
0
0
0
0
0
0
0
0
0
0
0
0
0
0
0
0
0
0
0
0
0
0
0
0
0
0
0
0
0
0
0
0
0
0
0
0
0
0
0
0
0
0
0
0
0
0
0
0
0
0
0
0
0
0
0
0
0
0
0
0
0
0
0
0
0
0
0
0
0
0
0
0
0
0
0
0
0
0
0
0
0
0
0
0
0
0
0
0
0
0
0
0
0
0
0
0
0
0
0
0
0
0
0
0
0
0
0
0
0
0
0
0
0
0
0
0
0
0
0
0
0
0
0
0
0
0
0
0
0
0
0
0
0
0
0
0
0
0
0
0
0
0
0
0
0
0
0
0
0
0
0
0
0
0
0
0
0
0
0
0
0
0
0
0
0
0
0
0
0
0
0
0
0
0
0
0
0
0
0
0
0
0
0
0
0
0
0
0
0
0
0
0
0
0
0
0
0
0
0
0
0
0
0
0
0
0
0
0
0
0
0
0
0
0
0
0
0
0
0
0
0
0
0
0
0
0
0
0
0
0
0
0
0
0
0
0
0
0
0
0
0
0
0
0
0
0
0
0
0
0
0
0
0
0
0
0
0
0
0
0
0
0
0
0
0
0
0
0
0
0
0
0
0
0
0
0
0
0
0
0
0
0
0
0
0
0
0
0
0
0
0
0
0
0
0
0
0
0
0
0
0
0
0
0
0
0
0
0
0
0
0
0
0
0
0
0
0
0
0
0
0
0
0
0
0
0
0
0
0
0
0
0
0
0
0
0
0
0
0
0
0
0
0
0
0
0
0
0
0
0
0
0
0
0
0
0
0
0
0
0
0
0
0
0
0
0
0
0
0
0
0
0
0
0
0
0
0
0
0
0
0
0
0
0
0
0
0
0
0
0
0
0
0
0
0
0
0
0
0
0
0
0
0
0
0
0
0
0
0
0
0
0
0
0
0
0
0
0
0
0
0
0
0
0
0
0
0
0
0
0
0
0
0
0
0
0
0
0
0
0
0
0
0
0
0
0
0
0
0
0
0
0
0
0
0
0
0
0
36
142
153
121
163
186
163
140
146
173
186
180
178
172
143
112
91
94
101
0
0
0
0
0
0
0
0
86
175
275
317
316
289
310
320
364
364
334
271
246
238
220
194
159
172
212
198
7
0
0
0
0
0
16
0
0
0
34
7
0
0
0
0
0
0
0
0
0
0
20
0
0
34
158
46
0
0
0
0
0
25
0
0
0
0
0
0
0
0
0
0
0
0
0
0
0
0
0
0
0
0
0
0
0
0
0
0
0
0
0
0
0
0
0
0
0
0
0
0
0
0
0
0
0
0
0
0
0
16
0
0
0
19
8
0
0
0
0
0
0
0
0
0
0
0
0
0
0
0
0
0
0
0
0
0
0
0
0
0
139
64
0
0
0
0
0
0
0
0
0
0
0
0
0
0
0
0
0
0
0
0
0
0
0
0
0
159
77
0
0
0
0
0
0
0
0
0
0
0
0
0
0
0
0
0
0
0
0
0
0
0
0
0
57
0
0
0
0
0
0
0
0
0
0
0
0
0
0
0
0
0
0
0
0
0
0
43
131
0
0
0
0
0
0
0
0
0
0
224
269
126
30
0
0
0
0
0
0
0
0
0
0
0
259
173
0
0
0
0
0
0
0
0
0
0
81
50
0
0
0
0
0
0
0
0
0
0
0
0
0
242
59
0
0
0
0
0
0
0
0
0
0
0
0
0
0
0
0
0
0
0
0
0
23
20
0
0
0
0
0
0
0
0
0
0
0
0
0
0
0
0
0
0
0
0
0
0
0
139
193
136
17
0
0
0
0
0
0
0
0
0
0
0
0
0
0
0
0
0
0
0
0
0
0
0
55
77
0
0
31
0
0
0
0
0
0
0
0
0
0
0
0
0
0
0
0
0
0
0
0
0
0
0
0
0
0
0
0
0
0
0
0
0
0
0
0
0
0
0
0
0
0
0
0
0
0
0
0
0
0
0
0
0
0
0
0
0
0
0
0
0
0
0
0
0
0
0
0
0
0
0
0
0
0
0
0
0
0
0
0
0
0
0
0
0
0
0
0
0
0
0
0
0
0
0
0
0
0
0
0
0
0
0
0
0
0
0
0
0
0
0
0
0
0
0
0
0
0
0
0
0
0
0
0
0
0
0
0
0
0
0
0
0
0
0
0
0
0
0
0
0
0
0
0
0
0
0
75
29
0
29
125
126
46
106
0
0
0
0
0
0
0
0
0
0
0
0
0
0
0
0
0
0
0
0
28
0
0
0
0
3
31
0
0
0
0
0
0
0
0
0
0
0
0
0
0
0
0
0
0
0
0
0
0
0
0
42
19
0
0
0
0
0
0
0
0
0
0
0
0
0
0
0
0
0
0
0
0
0
0
0
0
0
0
0
5
15
0
0
0
24
0
0
0
0
0
0
0
0
0
0
0
0
0
0
0
0
0
0
0
0
0
0
1
81
0
0
0
0
0
0
0
0
0
0
0
0
0
0
0
0
0
0
0
0
0
23
33
0
28
185
0
0
0
0
0
0
0
0
0
0
0
0
0
0
0
0
0
0
0
0
0
0
0
0
0
36
0
0
0
0
0
24
0
0
0
0
0
0
0
0
0
0
0
0
0
0
0
0
0
0
0
0
0
0
0
0
0
107
0
0
0
0
0
0
0
0
0
0
0
0
0
0
0
0
0
0
0
0
0
0
0
0
0
0
0
0
0
0
0
0
0
0
0
0
0
0
0
0
0
0
0
0
0
0
0
0
0
0
0
0
0
0
0
0
0
0
0
0
0
0
0
0
0
0
0
0
0
0
0
0
0
0
0
0
0
0
0
0
0
0
0
0
0
0
0
0
0
0
0
0
0
0
0
0
0
0
0
0
0
0
0
0
0
0
0
0
0
0
0
0
0
0
0
0
0
0
0
0
0
0
0
0
0
0
0
0
0
0
0
0
0
0
0
0
0
0
0
0
0
0
0
0
0
0
0
0
0
0
0
0
0
0
0
0
0
0
0
0
0
0
0
0
0
0
0
0
0
0
0
0
0
0
0
0
0
0
0
0
0
0
0
0
0
0
0
0
0
0
0
0
0
0
0
0
0
0
0
0
0
0
0
0
0
0
0
0
0
0
0
0
0
0
0
0
0
0
0
0
0
0
0
0
0
0
0
0
0
0
0
0
0
0
0
0
0
0
0
0
0
0
0
0
0
0
0
0
0
0
0
0
0
0
0
0
0
0
0
0
0
0
0
0
0
0
0
0
0
0
0
0
0
0
0
0
0
0
0
0
0
0
0
0
0
0
0
0
0
0
0
0
0
0
0
0
0
0
0
0
0
0
0
0
0
0
0
0
0
0
0
0
0
0
0
0
0
0
0
0
0
0
0
0
0
0
0
0
0
0
0
0
0
0
0
0
0
0
0
0
0
0
0
0
0
0
0
0
0
0
0
0
0
0
0
0
0
0
0
0
0
0
0
0
0
0
0
0
0
0
0
0
0
0
0
0
0
0
0
0
0
0
0
0
0
0
0
0
0
0
0
0
0
0
0
0
0
0
0
0
0
0
0
0
0
0
0
0
0
0
0
0
0
0
0
0
0
0
0
0
0
0
0
0
0
0
0
0
0
0
0
0
0
0
0
0
0
0
0
0
0
0
0
0
0
0
0
0
0
0
0
0
0
0
0
0
0
0
0
0
0
0
0
0
0
0
0
0
0
0
0
0
0
0
0
0
0
0
0
0
0
0
0
0
0
0
0
0
0
0
0
0
0
0
0
0
0
0
0
0
0
0
0
0
0
0
0
0
0
0
0
0
0
0
0
0
0
0
0
0
0
0
0
0
0
0
0
0
0
0
0
0
0
0
0
0
0
0
0
0
0
0
0
0
0
0
0
0
0
0
0
0
0
0
0
0
0
0
0
0
0
0
0
0
0
0
0
0
0
0
0
0
0
0
0
0
0
0
0
0
0
0
0
0
0
0
0
0
0
0
0
0
0
0
0
0
0
0
0
0
0
0
0
0
0
0
0
0
0
0
0
0
0
0
0
0
0
0
0
0
0
0
0
0
0
0
0
0
0
0
0
0
0
0
0
0
0
0
0
0
0
0
0
0
0
0
0
0
0
0
0
0
0
0
0
0
0
0
0
0
0
0
0
0
0
0
0
0
0
0
0
0
0
0
0
0
0
0
0
0
0
0
0
0
0
0
0
0
0
0
0
0
0
0
0
0
0
0
0
0
0
0
0
0
0
0
0
0
0
0
0
0
0
0
0
0
0
0
0
0
0
0
0
0
0
0
0
0
0
0
0
0
0
0
0
0
1079
2047
1854
720
1992
3457
4200
4596
3858
5058
5270
5234
3936
2888
2897
2602
2466
1553
831
519
0
4152
18283
17714
14199
1223
3700
795
444
701
0
0
1343
3097
2838
2509
4216
4055
4108
3864
2749
815
0
0
0
0
0
0
0
2708
15514
15570
4488
1378
907
8
0
0
1059
2978
2151
2133
2920
2677
3222
3650
3674
3044
1856
1230
890
411
232
1180
708
3552
1930
15303
14064
4792
1109
1905
2334
0
0
0
0
0
0
0
0
0
607
1404
679
60
0
946
2528
1815
1489
1061
4169
1841
11018
12971
8736
1384
1998
2218
0
0
64
0
780
1774
770
0
0
681
2521
3384
853
0
0
0
0
0
0
1474
1498
1994
5135
5467
2294
1476
0
0
734
1673
997
3429
8745
11096
13250
9846
6778
2165
1196
567
2344
1477
0
0
0
0
1123
604
0
705
3602
2663
1453
0
0
362
0
0
6095
12956
15488
26463
27775
20577
13242
6092
1508
2019
382
0
0
0
190
0
0
0
0
0
2916
2813
0
74
72
0
0
11329
18551
21569
23370
20997
23506
24828
15711
8200
1089
0
0
0
0
0
0
922
1403
0
565
3303
8735
0
1659
0
3194
3245
12110
18710
23557
23486
16361
9708
11071
9617
9850
6754
2554
3959
4964
5243
4380
2565
1311
2463
0
1172
2888
5857
1070
969
0
0
953
3416
1608
6745
12376
13778
6020
4426
4307
5425
7513
10138
11452
15490
25334
26876
24101
11985
2734
0
2532
2272
3902
1333
0
0
0
0
0
571
4249
20977
23464
9289
1655
2348
1742
6593
8172
9175
10948
20124
21410
22383
15034
9316
4031
1150
1505
1746
0
0
0
0
967
803
0
0
6466
9958
3962
0
0
0
0
10501
12202
12021
6194
10802
13738
8449
7637
1454
0
1368
1272
0
0
0
0
1008
244
0
0
0
0
43
0
0
0
0
0
4565
9591
7051
16803
14847
3040
2251
0
0
1899
0
0
0
0
0
0
0
0
0
688
3063
3307
97
0
0
194
0
0
5915
19944
11593
4269
1369
465
120
0
2211
902
0
0
0
0
0
0
471
1127
2549
2797
1547
0
0
0
0
0
0
3311
10942
3821
0
4769
2147
0
0
1426
719
0
0
0
0
0
0
0
182
4183
14554
13158
11182
5106
2047
2442
1165
115
0
405
1060
569
7289
2631
0
1064
2055
1140
0
0
0
0
0
3294
8011
8238
8331
30423
33806
33960
21951
9172
6217
0
255
0
0
1349
2593
1166
0
0
175
2589
592
0
0
0
0
5739
12756
16045
16189
18003
24039
28172
26427
18061
18167
18435
11372
3132
0
0
2224
0
0
497
0
0
3755
889
0
2120
850
0
10018
15979
15104
15829
19683
20572
20484
18304
10330
16408
18722
16602
3622
0
1203
3125
0
246
0
0
178
6449
1483
0
0
0
422
6517
8525
1664
3401
7919
13829
14330
9673
10686
7684
17677
16806
4065
7
5559
3713
235
544
0
474
0
9458
1042
1298
550
0
1227
2969
2460
2969
3602
5179
15657
18462
20160
18419
8307
16456
13012
6591
1624
5368
6791
7912
6473
7416
8915
7280
7942
1298
1609
676
12
341
0
640
5958
7241
6817
8133
11842
13513
15325
12516
8570
3895
6522
6930
8263
10774
14886
10544
7497
6690
5865
6345
1128
135
319
815
272
0
0
1502
6625
16540
21090
23311
23770
14648
9486
6293
5703
4747
9583
4264
8073
8712
6538
4574
3024
4803
6221
0
2614
5451
4084
10
0
0
697
3624
9637
10898
16199
16461
15148
11737
10722
7008
6942
6944
10940
15203
18517
15754
11828
11059
9421
8159
0
1900
6382
6603
5729
4907
4191
8389
9446
5665
4412
2483
4062
7937
9443
10528
3312
12268
14096
15110
12981
15104
15268
5477
6750
3811
5682
4719
0
1435
5785
7128
8648
8199
10292
10603
9677
6954
5880
6555
8608
12887
11594
19539
20631
24244
26121
19381
281
2291
6181
7726
6855
7938
4492
1118
0
0
5798
9356
9323
8293
6302
7892
12210
14349
13659
16758
40072
39183
32396
26050
17973
9174
13443
18004
17213
11595
8205
7458
7655
0
0
0
0
0
0
0
0
0
0
0
0
0
0
0
0
0
0
0
0
0
0
0
0
0
0
0
0
0
0
0
0
0
0
0
0
0
0
0
0
0
0
0
0
0
0
0
0
0
0
0
0
0
0
0
0
0
0
0
0
0
0
0
0
0
0
0
0
0
0
0
0
0
0
0
0
0
0
0
0
0
0
0
0
0
0
0
0
0
0
0
0
0
0
0
0
0
0
0
0
0
0
0
0
0
0
0
0
0
0
0
0
0
0
0
0
0
0
0
0
0
0
0
0
0
0
0
0
0
0
0
0
0
0
0
0
0
0
0
0
0
0
0
0
0
0
0
0
0
0
0
0
0
0
0
0
0
0
0
0
0
0
0
0
0
0
0
0
0
0
0
0
0
0
0
0
0
0
0
0
0
0
0
0
0
0
0
0
0
0
0
0
0
0
0
0
0
0
0
0
0
0
0
0
0
0
0
0
0
0
0
0
0
0
0
0
0
0
0
0
0
0
0
0
0
0
0
0
0
0
0
0
0
0
0
0
0
0
0
0
0
0
0
0
0
0
0
0
0
0
0
0
0
0
0
0
0
0
0
0
0
0
0
0
0
0
0
0
0
0
0
0
0
0
0
0
0
0
0
0
0
0
0
0
0
0
0
0
0
0
0
0
0
0
0
0
0
0
0
0
0
0
0
0
0
0
0
0
0
0
0
0
0
0
0
0
0
0
0
0
0
0
0
0
0
0
0
0
0
0
0
0
0
0
0
0
0
0
0
0
0
0
0
0
0
0
0
0
0
0
0
0
0
0
0
0
0
0
0
0
0
0
0
0
0
0
0
0
0
0
0
0
0
0
0
0
0
0
0
0
0
0
0
0
0
0
0
0
0
0
0
0
0
0
0
0
0
0
0
0
0
0
0
0
0
0
0
0
0
0
0
0
0
0
0
0
0
0
0
0
0
0
0
0
0
0
0
0
0
0
0
0
0
0
0
0
0
0
0
0
0
0
0
0
0
0
0
0
0
0
0
0
0
0
0
0
0
0
0
0
0
0
0
0
0
0
0
0
0
0
0
0
0
0
0
0
0
0
0
0
0
0
0
0
0
0
0
0
0
0
0
0
0
0
0
0
0
0
0
0
0
0
0
0
0
0
0
0
0
0
0
0
0
0
0
0
0
0
0
0
0
0
0
0
0
0
0
0
0
0
0
0
0
0
0
0
0
0
0
0
0
0
0
0
0
0
0
0
0
0
0
0
0
0
0
0
0
0
0
0
0
0
0
0
0
0
0
0
0
0
0
0
0
0
0
0
0
0
0
0
0
0
0
0
0
0
0
0
0
0
0
0
0
0
0
0
0
0
0
0
0
0
0
0
0
0
0
0
0
0
0
0
0
0
0
0
0
0
0
0
0
0
0
0
0
0
0
0
0
0
0
0
0
0
0
0
0
0
0
0
0
0
0
0
0
0
0
0
0
0
0
0
0
0
0
0
0
0
0
0
0
0
0
0
0
0
0
0
0
0
0
0
0
0
0
0
0
0
0
0
0
0
0
0
0
0
0
0
0
0
0
0
0
0
0
0
0
0
0
0
0
0
0
0
0
0
0
0
0
0
0
0
0
0
0
0
0
0
0
0
0
0
0
0
0
0
0
0
0
0
0
0
0
0
0
0
0
0
0
0
0
0
0
0
0
0
0
0
0
0
0
0
0
0
0
0
0
0
0
0
0
0
0
0
0
0
0
0
0
0
0
0
0
0
0
0
0
0
0
0
0
0
0
0
0
0
0
0
0
0
0
0
0
0
0
0
0
0
0
0
0
0
0
0
0
0
0
0
0
0
0
0
0
0
0
0
0
0
0
0
0
0
0
0
0
0
0
0
0
0
0
0
0
0
0
0
0
0
0
0
0
0
0
0
0
0
0
0
0
0
0
0
0
0
0
0
0
0
0
0
0
0
0
0
0
0
0
0
0
0
0
0
0
0
0
0
0
0
0
0
0
0
0
0
0
0
0
0
0
0
0
0
0
0
0
0
0
0
0
0
0
0
0
0
0
0
0
0
0
0
0
0
0
0
0
0
0
0
0
0
0
0
0
0
0
0
0
0
0
0
0
0
0
0
0
0
0
0
0
0
0
0
0
0
0
0
0
0
0
0
0
0
0
0
0
0
0
0
0
0
0
0
0
0
0
0
0
0
0
0
0
0
0
0
0
0
0
0
0
0
0
0
0
0
0
0
0
0
0
0
0
0
0
0
0
0
0
0
0
0
0
0
0
0
0
0
0
0
0
0
0
0
0
0
0
0
0
0
0
0
0
0
0
0
0
0
0
0
0
0
0
0
0
0
0
0
0
0
0
0
0
0
0
0
0
0
0
0
0
0
0
0
0
0
0
0
0
0
0
0
0
0
0
0
0
0
0
0
0
0
0
0
0
0
0
0
0
0
0
0
0
0
0
0
0
0
0
0
0
0
0
0
0
0
0
0
0
0
0
0
0
0
0
0
0
0
0
0
0
0
0
0
0
0
0
0
0
0
0
0
0
0
0
0
0
0
0
0
0
0
0
0
0
0
0
0
0
0
0
0
0
0
0
0
0
0
0
0
0
0
0
0
0
0
0
0
0
0
0
0
0
0
0
0
0
0
0
0
0
0
0
0
0
0
0
0
0
0
0
0
0
0
0
0
0
0
0
0
0
0
0
0
0
0
0
0
0
0
0
0
0
0
0
0
0
0
0
0
0
0
0
0
0
0
0
0
0
0
0
0
0
0
0
0
0
0
0
0
0
0
0
0
0
0
0
0
0
0
0
0
0
0
0
0
0
0
0
0
0
0
0
0
0
0
0
0
0
0
0
0
0
0
0
0
0
0
0
0
0
0
0
0
0
0
0
0
0
0
0
0
0
0
0
0
0
0
0
0
0
0
0
0
0
0
0
0
0
0
0
0
0
0
0
0
0
0
0
0
0
0
0
0
0
0
0
0
0
0
0
0
0
0
0
0
0
0
0
0
0
0
0
0
0
0
0
0
0
0
0
0
0
0
0
0
0
0
0
0
0
0
0
0
0
0
0
0
0
0
0
0
0
0
0
0
0
0
0
0
0
0
0
0
0
0
0
0
0
0
0
0
0
0
0
0
0
0
0
0
0
0
0
0
0
0
0
0
0
0
0
0
0
0
0
0
0
0
0
0
0
0
0
0
0
0
0
0
0
0
0
0
0
0
0
0
0
0
0
0
0
0
0
0
0
0
0
0
0
0
0
0
0
0
0
0
0
0
0
0
0
0
0
0
0
0
0
0
0
0
0
889
1016
0
0
0
0
0
0
0
0
0
0
0
0
0
0
0
0
0
0
3290
15544
20117
13314
216
0
0
133
57
0
0
0
0
0
0
0
0
0
0
0
0
0
0
0
0
0
0
0
5121
22832
24700
8488
0
0
0
0
0
0
0
0
0
0
0
0
0
0
0
0
0
0
0
0
0
0
0
0
13205
15633
6955
0
557
0
0
455
1114
1263
1297
1249
1370
1475
2010
3121
2793
1966
1510
712
0
0
0
0
256
0
0
18641
19668
7494
0
358
0
0
565
1763
1786
2303
2123
2016
1363
1560
4372
5971
5939
3509
1679
1270
1996
1535
1064
1871
1090
0
7326
22531
12086
0
256
0
0
0
888
2302
3951
4026
5181
3212
0
0
3256
5537
4900
4456
2931
1879
1776
1899
1823
3095
0
0
12912
10503
0
1081
0
0
393
1119
2500
2217
5660
10517
18052
21143
15413
3790
96
1803
4000
3958
2108
2321
2416
2734
2545
0
0
7710
8405
248
0
0
0
824
437
94
0
839
2806
10581
21767
23264
20640
12022
3573
525
783
547
1270
1465
2330
2220
0
0
5432
6237
0
0
0
177
1113
2337
1669
2735
9811
16169
12936
4002
11946
19439
13600
12410
7312
2006
909
0
0
0
0
0
0
659
3577
0
0
0
1395
1708
2150
1533
0
0
4197
1468
0
603
4957
6333
11850
12070
9643
6146
7073
10680
11141
10174
2773
0
0
2825
0
654
0
1315
1714
0
337
1063
0
0
82
1689
477
0
0
367
9656
12666
10546
11821
17012
19661
22419
14085
0
0
343
0
3815
1649
1377
1536
0
0
0
0
0
6178
8690
2884
0
0
0
0
8433
7841
5416
4364
743
6286
13555
9611
0
2014
0
3515
1902
1958
1936
1741
1256
715
22
0
0
0
0
0
331
819
0
0
0
0
0
9949
8532
3162
7963
3460
2138
0
3127
1670
1973
1890
2195
2006
1963
382
0
0
325
274
769
1273
1538
0
0
0
425
1067
2549
6475
2630
3082
3905
2456
0
3149
1399
2291
2271
2291
2383
2311
1827
1773
1951
941
1865
2950
1049
676
191
0
0
2579
5857
1595
2079
8185
3206
4551
3193
0
3111
955
2590
2315
2455
2420
2105
1948
950
998
0
0
0
0
0
0
0
0
0
0
0
187
9255
5270
4825
5088
0
3495
1545
2069
2671
2526
2322
1678
1895
1391
1705
10938
14179
20117
17839
6123
1857
0
472
106
0
0
0
0
2596
4292
5721
0
3768
1803
1237
2270
3346
3241
4279
9387
13178
9629
6246
9273
18541
20476
19121
16143
7021
2203
2088
1115
0
0
212
1386
1087
4748
0
3829
1954
2448
1562
2496
4614
7943
11060
18413
17181
11150
10129
10860
13349
17875
21734
16945
5472
2243
2821
0
0
200
2833
2356
4084
1419
4675
2283
3433
1895
1141
0
0
0
1230
796
0
0
1047
584
2846
9070
4595
2917
2546
850
0
2278
1462
483
798
2927
2965
5485
2921
2057
2806
2920
0
0
0
0
1139
5181
8617
9745
8136
5118
16850
14376
6641
3451
0
0
2111
3503
4528
4368
1671
157
4731
4170
2795
2010
2151
2237
584
0
0
0
0
1947
7559
9975
7819
5087
12763
9738
2856
3539
1779
822
3754
4841
6495
4138
267
3481
5087
2897
3106
2526
1070
1209
2913
5095
11051
12220
12755
6910
2048
3813
3011
5462
4223
0
0
4502
0
0
0
0
0
0
1479
6862
8185
3681
2576
1279
344
0
0
5117
12830
20134
19366
11502
1507
0
0
0
0
0
1699
6577
7742
5923
3842
2529
1263
0
3841
10505
11508
6258
3978
2051
1338
347
0
0
0
3777
6291
1884
0
0
0
2831
3541
3737
9047
12320
6207
3932
2185
0
2478
149
4488
10841
12917
11673
7736
7161
7456
5849
1854
0
0
0
0
0
363
3273
10709
9224
150
0
821
0
125
1238
0
1607
1910
125
1721
12026
15761
12971
11731
11072
11409
10704
9720
8686
10632
21217
14657
12654
12460
10161
6807
8
4460
5838
6471
7802
8591
5739
53
328
182
0
0
0
0
0
0
0
0
0
0
0
0
0
0
0
0
0
0
0
1327
6493
6651
7902
4048
0
0
0
895
2522
622
0
589
1405
1295
1469
668
509
813
1509
1443
680
0
0
758
1024
17
0
6119
7750
5563
1586
0
776
0
4736
7371
4932
4694
5852
6614
6654
6590
6724
6943
6719
7495
6969
5685
4906
4861
5289
5566
3870
2024
3281
9005
7502
1445
908
0
751
6404
7559
5279
5218
5251
4865
5280
5150
5037
5200
5223
5239
5397
6286
6747
6445
6391
6274
4573
877
431
8957
5193
1452
135
0
2927
7363
6767
4788
4149
3489
3914
3979
4302
4640
4379
4601
4410
4926
5365
5043
4853
4957
5198
4209
0
0
6341
5152
922
0
806
5793
7744
5791
3933
2873
2433
2131
4076
5814
6284
6845
5619
5049
5095
4479
4997
4632
4828
4440
3756
0
0
5196
5625
1118
0
1838
6487
7290
4278
3373
3041
3584
3197
4045
4522
4621
3562
5786
6216
5568
5236
4447
4130
3978
3799
3362
241
0
4194
7691
1898
2238
4584
7674
5767
4924
4264
3696
3555
4578
6535
5423
3742
5146
4543
3043
5372
6151
5896
5566
4877
4601
4185
2262
0
5050
10290
2609
0
5276
7103
4540
3954
3606
1443
553
159
1236
1965
3589
5461
776
3252
3703
5498
5721
6228
6632
7129
7159
959
0
3812
10380
2115
497
6341
4691
3703
4334
3898
4093
3954
427
4782
6315
2556
2616
2767
5522
5128
3726
1778
1251
0
0
567
0
0
5365
10609
1581
7642
6174
4488
5104
4900
4875
5400
4914
1165
6632
6823
0
6028
8310
8784
4459
1847
0
0
0
0
0
2740
1014
7839
8408
1475
5563
3856
4700
5264
6196
6488
6977
6350
5049
5366
2407
1993
6751
8095
6231
3590
0
69
48
0
3827
5137
6918
10626
7580
6243
1455
4876
3851
4640
4926
5493
5315
5869
5494
5687
6262
6995
7379
7052
7355
6597
3789
1534
0
2540
5006
1838
2440
6903
10444
5838
6616
1634
5403
4210
4676
4992
5089
5171
5248
5477
5877
6503
5461
4216
4965
6226
5795
3521
2585
1757
6193
5290
0
2182
9273
8320
6358
6129
1318
5295
4030
4745
4624
4910
4955
5060
5044
4034
4482
3292
3114
5741
6983
5647
4419
4885
5104
6595
3167
1771
5405
8905
6066
5817
5724
1414
5428
4468
4503
4375
4707
5049
5178
4335
4341
5421
6034
6826
8179
7249
6148
5030
4476
6058
6975
7148
6035
6892
10597
6743
5377
5451
1292
5479
4440
4204
4499
5199
5670
5150
3851
4146
2423
5559
5962
6581
7244
2613
1438
3410
5940
6109
5861
4009
6101
10551
6849
4882
5790
1110
5129
4597
4897
4587
4435
4260
130
0
0
1567
6652
6324
6771
3090
0
533
1795
4035
4825
5414
1719
5011
7613
6511
5167
6421
559
4763
4294
4649
3737
4726
0
0
0
1131
2195
132
0
0
0
174
5056
7694
4807
4589
4291
442
5467
5976
4586
5487
5073
0
4656
3178
3287
3740
4447
1978
608
1435
4198
5542
5115
3098
3431
2715
1283
8128
7412
6045
4759
914
1389
7438
5045
5613
6151
5687
184
4400
3092
3210
3683
3643
3917
3821
3619
5815
6320
4470
4158
6273
4631
1759
4594
2491
2169
3566
0
3580
9307
3269
3576
4823
4878
1601
4469
2701
2964
3835
3005
3172
4100
5508
5322
4636
4723
6331
6708
3427
2587
1988
2407
3644
0
0
3922
5036
4777
4628
4771
4654
2134
4070
3144
2927
3202
3183
3563
4246
3462
2275
2493
4302
5495
2688
1301
1990
1073
3558
3244
1531
3883
7816
7422
8544
8883
7254
6384
2299
3717
2627
3646
2520
3459
4162
5074
5989
6835
6119
3408
363
1075
3582
1470
0
1209
5563
7313
7277
3838
493
1240
3756
3005
3471
1214
4698
3089
2403
3164
2719
3155
4355
4439
4269
4549
3897
4512
6658
5014
0
0
4465
5391
3609
0
0
0
3890
5442
5679
6310
3805
6103
4015
3159
501
2140
2258
932
416
628
2165
4369
5399
4387
3784
5084
5721
3538
0
0
0
0
3268
9246
7168
6817
5922
1072
6366
4585
3127
2893
665
1430
179
0
0
1436
1291
424
0
4954
6529
91
0
0
0
0
4424
5508
2062
1687
2828
2888
0
0
541
0
1578
6488
6918
6712
9107
9214
8462
8333
8451
8523
8093
7247
7524
7359
5918
4358
3412
3425
5221
0
0
0
0
0
446
712
298
5772
10456
14594
16800
17286
16591
19147
19213
20455
20229
18143
14633
12764
11861
10221
8353
7808
9058
11110
12956
8161
0
0
0
994
703
1331
2553
326
4655
6094
5249
1683
2912
3084
4146
3885
2859
1494
947
2412
3098
3790
2720
1976
4710
12272
10054
0
0
0
0
444
3867
0
0
0
0
0
0
0
0
0
0
0
0
0
0
0
0
0
0
0
2996
4477
0
0
0
0
1759
1906
0
0
0
0
0
0
0
0
0
0
0
0
0
0
0
0
0
0
0
0
10565
0
0
0
2063
2304
1926
0
0
0
0
0
0
0
0
0
0
0
0
0
0
0
0
0
0
0
0
4924
0
0
0
7289
5199
0
0
0
0
0
0
0
1730
0
0
0
0
0
0
0
0
0
0
0
0
0
1830
0
0
0
13123
6101
0
0
0
0
0
331
5490
10849
3863
0
0
0
0
0
0
0
0
0
0
0
0
0
1758
0
0
13210
5569
0
0
0
0
1800
5229
2236
6001
8930
4492
0
0
0
0
0
0
0
0
0
0
0
3763
12224
0
0
10238
2881
0
0
0
0
1198
6505
17219
25664
22018
11348
0
0
0
0
0
0
0
0
0
0
0
20286
14200
0
0
0
0
0
0
0
0
0
0
9632
14349
5424
5306
5783
2624
0
0
0
0
0
863
4472
3608
1143
22216
10860
0
0
0
0
0
0
0
0
0
0
0
0
0
2544
0
0
0
0
2585
6145
8032
12616
10852
9858
329
0
0
0
0
0
0
0
0
0
0
0
0
0
0
0
0
0
0
0
0
1770
10917
19645
19347
6380
2304
4972
0
0
0
0
0
0
0
0
0
0
0
0
0
0
0
0
0
0
0
0
0
5441
12602
8246
9346
10288
293
0
0
0
0
0
0
0
0
0
0
0
0
0
0
0
0
0
0
0
0
0
0
2683
2999
2650
3080
0
0
0
0
0
0
0
0
0
0
0
0
0
0
0
0
0
0
0
0
0
0
0
0
0
0
10522
3699
0
0
0
0
0
0
0
0
0
0
0
0
0
0
6522
9532
3661
0
0
0
0
0
0
0
0
5724
2198
0
0
0
0
0
0
0
0
0
0
0
0
0
0
10517
14606
7661
0
0
0
0
0
0
0
0
0
0
0
0
0
0
0
0
0
0
0
0
0
3354
3150
1235
2774
3715
6014
0
6732
8232
0
0
0
0
0
0
0
0
0
0
0
0
0
0
0
0
0
13250
13402
7865
6029
11572
15175
14809
13117
13656
4185
0
0
0
0
0
0
0
0
0
0
0
0
0
0
0
0
0
0
5173
7790
3037
5511
5730
6675
8023
7538
0
0
0
0
0
1315
0
0
0
0
0
0
0
0
0
0
0
0
0
0
0
0
634
7726
12182
10437
4429
940
0
0
0
4782
5833
0
0
0
0
0
0
0
0
0
0
0
0
0
0
0
0
0
0
2729
4762
9201
9043
2127
0
10299
15247
4287
0
0
0
0
0
0
0
0
0
0
0
0
0
0
0
7022
8667
4606
130
31
2950
6668
13897
8115
2731
0
0
0
0
0
0
0
0
0
0
0
0
0
0
0
0
0
0
964
5759
8599
1506
9745
19399
11109
0
0
0
0
7570
2610
0
0
0
0
0
0
2961
216
0
0
0
0
0
0
0
0
0
702
14902
10104
141
0
0
9388
17449
14693
0
0
0
0
0
3489
0
0
2851
571
0
0
0
0
0
0
0
0
2876
0
0
0
587
11758
19687
10730
0
0
0
0
0
0
0
0
0
0
0
0
0
0
0
0
0
0
0
0
0
0
0
0
0
0
0
0
0
0
0
0
0
0
0
0
0
0
0
0
0
0
0
0
0
0
0
0
0
0
0
0
0
0
0
0
0
0
0
0
0
0
0
0
0
0
0
0
0
0
0
0
0
0
0
0
0
0
0
0
0
0
0
0
0
0
0
0
0
0
0
0
0
0
0
0
0
0
0
0
0
0
0
0
0
0
0
0
0
0
0
0
0
0
0
0
0
0
0
0
0
0
0
0
0
0
0
0
0
0
0
0
0
0
0
0
0
0
0
0
0
0
0
0
0
0
0
0
0
0
0
0
0
0
0
0
0
0
0
0
0
0
0
0
0
0
0
0
0
0
0
0
0
0
0
0
0
0
0
0
0
0
0
0
0
0
0
0
0
0
0
0
0
0
0
0
0
0
0
0
0
0
0
0
0
0
0
0
0
0
0
0
0
0
0
0
0
0
0
0
0
0
0
0
0
0
0
0
0
0
0
0
0
0
0
0
0
0
0
0
0
0
0
0
0
0
0
0
0
0
0
0
0
0
0
0
0
0
0
0
0
0
0
0
0
0
0
0
0
0
0
0
0
0
0
0
0
0
0
0
0
0
0
0
0
0
0
0
0
0
0
0
0
0
0
0
0
0
0
0
0
0
0
0
0
0
0
0
0
0
0
0
0
0
0
0
0
0
0
0
0
0
0
0
0
0
0
0
0
0
0
0
0
0
0
0
0
0
0
0
0
0
0
0
0
0
0
0
0
0
0
0
0
0
0
0
0
0
0
0
0
0
0
0
0
0
0
0
0
0
0
0
0
0
0
0
0
0
0
0
0
0
0
0
0
0
0
0
0
0
0
0
0
0
0
0
0
0
0
0
0
0
0
0
0
0
0
0
0
0
0
0
0
0
0
0
0
0
0
0
0
0
0
0
0
0
0
0
0
0
0
0
0
0
0
0
0
0
0
0
0
0
0
0
0
0
0
0
0
0
0
0
0
0
0
0
0
0
0
0
0
0
0
0
0
0
0
0
0
0
0
0
0
0
0
0
0
0
0
0
0
0
0
0
0
0
0
0
0
0
0
0
0
0
0
0
0
0
0
0
0
0
0
0
0
0
0
0
0
0
0
0
0
0
0
0
0
0
0
0
0
0
0
0
0
0
0
0
0
0
0
0
0
0
0
0
0
0
0
0
0
0
0
0
0
0
0
0
0
0
0
0
0
0
0
0
0
0
0
0
0
0
0
0
0
0
0
0
0
0
0
0
0
0
0
0
0
0
0
0
0
0
0
0
0
0
0
0
0
0
0
0
0
0
0
0
0
0
0
0
0
0
0
0
0
0
0
0
0
0
0
0
0
0
0
0
0
0
0
0
0
0
0
0
0
0
0
0
0
0
0
0
0
0
0
0
0
0
0
0
0
0
0
0
0
0
0
0
0
0
0
0
0
0
0
0
0
0
0
0
0
0
0
0
0
0
0
0
0
0
0
0
0
0
0
0
0
0
0
0
0
0
0
0
0
0
0
0
0
0
0
0
0
0
0
0
0
0
0
0
0
0
0
0
0
0
0
0
0
0
0
0
0
0
0
0
0
0
0
0
0
0
0
0
0
0
0
0
0
0
0
0
0
0
0
1852
0
627
942
332
339
1061
1304
502
1000
2171
2396
1747
609
428
200
112
0
57
320
257
0
0
5316
12592
18184
21865
2223
342
342
1140
4696
6096
2906
2606
3753
3413
3705
3811
3504
4217
4311
4643
4535
3666
2740
3533
3510
3297
0
0
389
10797
18341
1693
1201
976
3820
10483
13692
12894
11503
12539
12657
12970
14086
14293
14705
13995
14190
14127
13581
12424
12083
12451
15203
9787
0
3548
10798
18552
601
2040
1953
5464
8413
10355
10593
10698
10624
10520
10154
10744
12188
12926
12641
12372
12974
13748
13598
12855
12116
15982
15193
220
774
11028
18384
335
1004
3875
6903
9136
10141
9763
9938
9551
10275
9920
8889
8158
8927
10619
11674
11561
11112
11063
10617
9922
12448
17124
2695
0
7770
17971
97
1487
5355
9191
9728
9456
7825
7703
7723
10801
13043
13161
11057
9280
8819
9926
11111
11094
10673
10216
9943
9641
15296
9801
0
7823
17232
43
1852
7306
9217
10060
8953
7332
5467
4399
775
665
6319
13216
14446
11732
10109
9521
10580
10179
9710
9330
9034
13131
10671
1135
7534
17285
4097
5152
8909
10057
10957
10939
10278
10373
9432
3616
0
0
1313
8467
12453
12770
12292
12665
11974
10781
9564
8791
11087
9979
1699
7753
18127
10799
7626
9849
10605
9442
10419
8261
3793
1516
4270
6707
0
0
3873
5832
9477
12668
13659
13882
14415
14235
13009
12444
8858
2526
9645
19068
8813
7319
9540
10314
9497
9817
13283
12549
2865
0
4248
5196
2214
2513
3218
4664
6986
9726
8751
7658
8244
8428
12214
6880
4995
10645
18833
11336
9832
9443
9897
11598
11014
10527
12825
12995
5389
8795
10876
5798
8861
9655
5439
2897
3777
1237
0
0
0
4734
11678
10071
13622
18714
7449
9236
9936
10543
13144
14237
13835
12674
11261
6030
4408
6938
9694
11455
12639
14379
4433
0
176
0
4492
2482
3192
7581
14530
13873
18616
7371
8710
9761
10297
11323
12326
13154
13157
12135
12676
13918
13170
11957
12013
12497
16204
14648
5089
1222
4599
3285
2480
5695
7030
13048
13740
18955
7406
8870
9454
10167
10475
10859
11110
12415
13068
12817
12452
12457
11936
11667
11497
14671
14752
11865
1726
9760
8746
0
8081
11503
12695
13784
18912
7540
8817
9109
9963
10601
11007
10979
11382
11427
10895
11185
10300
10247
12465
12890
13429
13425
14263
8523
4927
7485
6753
9148
13530
12065
13390
18372
7424
9432
8981
9433
10408
10783
10883
11156
10874
10759
14613
15068
15226
14817
14787
15281
13099
13824
13932
12920
12072
8412
6701
11326
12170
12669
18728
7139
9219
9035
8850
9832
10532
11193
11104
12009
13034
6228
2602
968
3382
11814
14102
13547
13047
12930
12048
13555
15619
11956
12197
11696
11223
18523
6551
8867
9395
9666
9415
9773
8957
6133
5905
9772
5722
1680
0
0
1554
5063
10561
11232
11471
11582
14609
14443
14529
13402
13980
11910
18614
6581
8279
9075
9999
9149
6859
3757
1364
0
1146
4979
3442
1548
0
0
0
554
7502
10438
10174
12531
14255
14942
13607
13169
11722
17567
5541
7965
8257
9157
9951
13325
8790
4384
2803
5781
8677
9206
5305
4860
0
3529
7274
9436
9948
11269
9154
10352
14798
14198
14092
12030
13973
5019
7609
8220
8413
9197
13261
13082
13547
9092
7678
6666
5261
3536
6399
5949
1625
2535
7893
8823
11540
10472
9790
12673
11918
13437
14097
14575
4325
6514
7155
8062
8981
8796
9500
12256
12034
11840
14188
9318
4321
2616
4103
4214
0
3602
7123
6150
7936
9363
8088
7805
9084
9898
13623
4953
4402
7014
7308
8726
9361
8865
8087
6794
2309
4119
6047
11012
11070
5549
1815
2641
4672
8368
7635
6115
10203
11747
12784
13878
13752
16743
6603
4153
3107
6693
7810
9644
10573
12838
11989
6758
1198
0
0
5227
9959
10267
5155
7108
13670
13614
10661
9192
8867
9790
10827
10743
13246
7508
5594
2922
1259
5360
8232
9883
12259
13323
14410
14575
12544
5326
2115
3922
5717
8729
9951
10365
10327
8727
1122
724
6143
8188
9387
14064
7563
9292
5136
1216
833
3183
6417
7597
7753
8730
11984
13291
13381
12005
14377
14170
9971
8799
4049
2930
5257
6137
9002
12479
13126
13222
16950
10409
10443
11613
8331
0
0
0
228
1327
2928
5656
7128
7818
716
948
7661
7454
2284
0
0
9470
9962
10989
10454
9363
9048
13338
1689
0
785
0
0
0
0
0
0
0
0
0
0
0
0
0
0
0
0
0
0
0
7508
27008
27323
31621
26099
32
0
0
0
0
0
0
0
0
0
0
0
0
0
0
0
0
0
0
0
0
0
0
0
9067
25443
23982
0
0
0
2217
8348
5604
5550
6003
9915
8649
8759
9423
10156
10792
11355
11012
8306
6625
5396
6086
7475
6276
0
0
11578
25175
24383
683
0
0
7364
16390
21664
21515
21978
21471
21155
22753
25805
26914
25801
24769
22192
19494
19577
18523
18595
19702
18115
5226
0
19005
27138
25001
442
0
73
9396
19300
22873
22854
21921
21606
21869
19685
21990
21976
23486
24783
23493
22496
23222
22609
21506
22182
22026
11955
0
20460
26890
25057
0
0
3035
13002
20490
22513
22118
20410
20852
17318
16390
16667
15727
18452
22725
22401
22902
23764
23226
22865
22615
23849
14550
0
14730
27195
25036
0
0
7843
17504
20938
20258
6741
2697
2568
1012
6223
18807
21829
19607
18528
18443
21626
23133
22032
21767
22093
21068
13530
1417
9327
26943
24297
0
967
11669
21401
19797
18968
6725
3786
0
0
0
9427
10562
22024
22553
21321
22090
20938
19159
16037
15605
16949
15251
4347
0
17370
23977
0
0
19251
22209
17991
16074
0
0
134
0
0
0
7434
22358
20240
24011
26191
25330
22188
20296
18363
17864
14391
2701
0
15916
25279
0
1275
21912
21315
16853
15361
3975
0
0
0
0
0
7838
1196
8225
22292
25484
26361
24377
18766
16083
15406
12072
0
0
17289
25283
11369
15509
19948
20825
16362
12636
12355
11255
0
0
1104
0
0
2828
6641
12735
20170
18725
14420
785
0
0
1532
0
3759
29442
24929
20345
19893
20880
22729
19487
17700
16865
18212
13277
5119
0
0
7260
17449
19464
14593
0
0
0
0
0
0
3243
12224
27331
31270
24656
18665
19472
21799
22738
24170
23182
22316
21011
17797
15067
10143
11219
18774
20360
22736
17255
6060
0
0
0
0
0
0
16480
29882
30111
24772
18085
19542
21973
23095
24284
24332
24511
21745
20704
21155
21919
20561
20164
22794
24425
21049
10033
2913
0
0
0
0
4070
22356
30049
30306
25079
17396
18258
22266
23534
24218
24672
24878
24807
23349
21924
18912
17292
20130
23385
22138
18779
14591
8843
0
0
0
0
14886
24328
29774
29850
24395
17010
18272
22082
22799
24013
23773
24211
24099
19209
18416
12079
11975
18979
26069
24889
21460
18280
17914
13977
12829
12554
0
0
23003
27234
29558
24792
18807
19590
20199
22331
23576
24760
24919
23780
22116
15972
0
0
0
20131
31332
23295
16407
21140
19963
19987
17488
567
4981
23333
22829
27108
25276
18639
20139
19374
20685
23609
24900
22993
18828
21518
12287
0
0
0
17238
19306
13773
16396
23909
23765
22839
18270
13343
22716
23984
23346
27139
24841
19430
20005
20374
18773
20427
16463
4757
0
0
0
0
305
0
0
0
0
3583
19556
24559
25152
16074
14737
25230
24839
25932
25464
23660
18499
19354
21045
18849
19891
5111
0
0
0
0
0
0
0
0
0
1279
9179
20678
25293
22760
3882
13338
25974
23297
23766
20289
18010
18751
18759
18737
21250
22585
15217
10577
2201
0
1614
0
0
0
0
0
4503
18574
21830
24864
11850
284
15974
28269
26080
24630
22738
15036
16146
19678
18349
19622
18999
18080
16324
15212
15632
15104
7995
0
0
0
0
0
11531
19446
14947
0
0
7550
7795
10223
17532
17391
13441
11237
15881
19314
19458
18097
17043
16898
16486
13350
7027
6786
7162
3836
2287
0
0
0
5370
0
0
0
6632
8097
15028
18743
18268
16048
8725
9829
13764
17375
19016
19428
18532
14807
5124
0
0
0
2810
2982
1608
0
0
0
4579
14398
20513
18371
19490
20504
18742
16396
14242
8128
2343
6067
12528
19501
21695
22207
21513
20019
16093
7589
2416
0
179
0
0
0
11803
25204
25712
13302
0
0
11544
9872
10772
11863
7066
8078
0
1701
14252
19896
23143
24208
22891
20579
19184
19335
17369
6374
0
2336
9012
19254
8572
0
0
0
8701
18436
19672
22711
17389
0
7389
7009
1066
649
9602
13602
14172
15974
18878
21340
21313
18705
0
6126
12667
11522
33
0
0
0
12003
18103
21410
24429
24743
19651
623
0
0
1030
3163
3248
2917
4336
4097
3809
3888
3975
4040
3604
3320
3525
3647
2966
2350
2082
2203
1186
0
0
2001
5930
5890
995
370
0
3938
10946
13569
11257
11968
13018
13292
13335
14057
14120
13727
12773
12419
11686
9737
7790
8050
8825
9672
3953
0
0
0
3144
1209
1570
1259
4957
9201
14808
15524
14034
12594
13596
14274
16440
16752
15968
13834
13086
14021
14031
13672
12427
12185
14919
13534
7067
3373
1912
3252
343
649
2691
3416
3365
3159
3922
3735
3327
3276
2776
2864
3993
4735
4315
4319
5726
6904
7049
6660
5600
7131
12195
1544
0
2910
3251
0
314
2337
3961
3415
2963
2396
2342
2251
2113
1694
417
88
532
2265
3947
3679
2776
2865
2903
2823
3593
7968
3168
0
0
3241
175
1510
5283
6164
3462
1851
382
845
1065
5361
7936
7281
3863
1566
1123
1720
2585
3105
2786
2947
2586
1767
3544
6229
0
0
2556
3707
3286
5257
3853
2005
946
107
0
0
0
0
0
7557
7987
4155
2228
1504
1955
1662
1554
1172
962
2865
6213
10
0
1968
10951
8717
6574
2827
3612
3753
4253
6281
9520
4940
0
0
0
2025
5852
5662
4441
4178
3616
2704
1711
1630
2286
4395
778
2827
2749
9775
9339
4390
2331
1418
1656
958
0
0
785
3909
0
0
0
0
1886
5974
7292
8638
9931
9744
7929
2726
4542
5804
4995
3097
7130
7778
2038
1839
1630
1487
8185
11453
8808
9160
13188
7808
0
0
0
0
9
2939
2337
0
0
197
3715
11431
13177
6457
2360
7407
5481
1994
2490
3682
3299
3261
5834
14271
11833
6488
8279
6174
6953
6512
0
0
0
0
0
0
0
0
19746
15619
3841
2850
872
2080
2946
2981
5725
7341
7247
5031
3953
0
0
3675
8475
6411
4724
4661
0
0
0
156
8638
7258
932
5953
6291
2202
2947
506
1708
2282
2572
3435
4086
5177
4850
4320
5777
9619
9390
5349
4797
4406
6485
10630
7210
7784
11777
4585
0
3725
3050
2171
3852
3390
1249
2370
2440
2663
2488
2641
2823
4381
5777
6303
4963
4138
3827
3471
2538
3680
8719
10877
6510
7072
7252
1422
4433
4171
2672
3393
3082
1037
2052
2170
2125
2476
2489
2603
3255
2689
2463
1947
930
1900
3494
3006
3106
5152
9665
5409
0
3661
5400
2160
2843
2267
3071
3020
1196
2824
2090
1935
2287
2748
2775
2035
2519
3770
9568
10721
10735
7844
7041
6980
4538
6754
8942
8224
5915
8237
4972
43
2345
2388
3475
1118
2644
2258
1703
2311
3386
4940
5034
6374
3423
1428
1496
0
0
4622
5046
4025
4958
5460
4371
4609
12583
10653
2689
2017
2029
3113
713
2539
3211
2903
2026
3068
424
0
0
1483
6751
4776
0
0
0
0
1769
2814
3517
4401
4115
5606
5355
4109
4292
3574
3006
835
2155
2453
2930
2049
0
0
0
0
0
0
0
0
0
0
0
0
0
2694
2505
2129
4981
4711
2481
3081
2548
1852
322
1299
869
2415
3143
4338
7183
6713
4530
5306
11936
15053
13688
9843
5217
7137
7363
3433
2698
693
598
3325
4006
5340
4687
3443
0
0
1724
2129
1691
1696
6265
9261
14000
11839
6877
4340
3875
2252
5990
9313
570
0
1008
1741
0
3981
5452
1986
1852
3548
5414
1944
0
354
1400
2092
1651
1224
3103
7253
8063
8407
14896
13146
6824
3921
1852
504
0
0
0
0
3948
832
0
0
0
398
1980
301
0
952
957
1974
2808
1940
653
0
0
0
1513
9639
13245
6546
2835
372
0
6229
9841
7438
4961
9010
9253
8131
7196
5650
1022
0
0
1433
2005
3596
4667
6636
6865
5286
1284
0
0
667
6511
5618
5629
7260
12933
12809
5448
0
0
1088
1340
1853
1287
2908
1617
325
0
296
2933
4703
6953
8316
11326
14299
15671
10441
1126
3694
8839
14165
13258
6094
398
0
0
0
0
626
2433
4365
659
2748
2972
442
0
0
49
478
802
2722
6763
9560
9496
8271
22561
23732
14495
645
0
0
3809
8042
7933
6352
5939
5416
4757
4880
3484
4444
5073
0
0
0
0
0
0
0
0
0
0
0
0
0
0
0
830
5322
3167
0
0
0
0
0
0
0
0
0
0
0
0
0
0
0
0
0
0
0
0
0
0
0
0
0
0
0
0
0
0
0
0
0
0
0
0
0
0
0
0
0
0
0
0
0
0
0
0
0
0
0
0
0
0
0
0
0
0
0
0
0
0
0
0
0
0
0
0
0
0
0
0
0
0
0
0
0
0
0
0
0
0
0
0
0
0
0
0
0
0
0
0
0
0
0
0
0
0
0
0
0
0
0
0
0
0
0
0
0
0
0
0
0
0
0
0
0
0
0
0
0
0
0
0
0
0
0
0
0
0
0
0
0
0
0
0
0
0
0
0
0
0
0
0
0
0
0
0
0
0
0
0
0
0
0
0
0
0
0
0
0
0
0
0
0
0
0
0
0
0
0
0
0
0
0
0
0
0
0
0
0
0
0
0
0
0
0
0
0
0
0
0
0
0
0
0
0
0
0
0
0
0
0
0
0
0
0
0
0
0
0
0
0
0
0
0
0
0
0
0
0
0
0
0
0
0
0
0
0
0
0
0
0
0
0
0
0
0
0
0
0
0
0
0
0
0
0
0
0
0
0
0
0
0
0
0
0
0
0
0
0
0
0
0
0
0
0
0
0
0
0
0
0
0
0
0
0
0
0
0
0
0
0
0
0
0
0
0
0
0
0
0
0
0
0
0
0
0
0
0
0
0
0
0
0
0
0
0
0
0
0
0
0
0
0
0
0
0
0
0
0
0
0
0
0
0
0
0
0
0
0
0
0
0
0
0
0
0
0
0
0
0
0
0
0
0
0
0
0
0
0
0
0
0
0
0
0
0
0
0
0
0
0
0
0
0
0
0
0
0
0
0
0
0
0
0
0
0
0
0
0
0
0
0
0
0
0
0
0
0
0
0
0
0
0
0
0
0
0
0
0
0
0
0
0
0
0
0
0
0
0
0
0
0
0
0
0
0
0
0
0
0
0
0
0
0
0
0
0
0
0
0
0
0
0
0
0
0
0
0
0
0
0
0
0
0
0
0
0
0
0
0
0
0
0
0
0
0
0
0
0
0
0
0
0
0
0
0
0
0
0
0
0
0
0
0
0
0
0
0
0
0
0
0
0
0
0
0
0
0
0
0
0
0
0
0
0
0
0
0
0
0
0
0
0
0
0
0
0
0
0
0
0
0
0
0
0
0
0
0
0
0
0
0
0
0
0
0
0
0
0
0
0
0
0
0
0
0
0
0
0
0
0
0
0
0
0
0
0
0
0
0
0
0
0
0
0
0
0
0
0
0
0
0
0
0
0
0
0
0
0
0
0
0
0
0
0
0
0
0
0
0
0
0
0
0
0
0
0
0
0
0
0
0
0
0
0
0
0
0
0
0
0
0
0
0
0
0
0
0
0
0
0
0
0
0
0
0
0
0
0
0
0
0
0
0
0
0
0
0
0
0
0
0
0
0
0
0
0
0
0
0
0
0
0
0
0
0
0
0
0
0
0
0
0
0
0
0
0
0
0
0
0
0
0
0
0
0
0
0
0
0
0
0
0
0
0
0
0
0
0
0
0
0
0
0
0
0
0
0
0
0
0
0
0
0
0
0
0
0
0
0
0
0
0
0
0
0
0
0
0
0
0
0
0
0
0
0
0
0
0
0
0
0
0
0
0
0
0
0
0
0
0
0
0
371
147
0
0
0
0
0
0
0
23
0
0
0
0
0
0
0
0
0
0
176
246
0
0
0
0
0
39
0
229
426
72
113
452
540
800
817
581
459
359
289
111
0
0
0
0
32
0
446
1933
2118
0
0
13
201
0
365
402
200
151
391
271
342
338
393
391
253
307
200
78
0
20
96
69
0
23
1634
2397
0
0
238
0
76
273
71
0
0
0
0
0
0
0
0
0
0
0
0
0
0
0
0
0
0
571
1469
0
0
160
250
87
268
0
0
0
0
0
0
0
0
0
0
0
0
0
0
0
0
0
0
0
485
420
0
0
43
194
501
470
0
0
0
0
0
266
551
391
143
0
0
0
0
0
0
0
0
0
0
0
346
0
0
0
73
268
0
0
0
689
1547
1579
2415
2116
452
0
0
0
0
0
0
0
0
0
0
0
0
290
0
0
969
345
413
0
0
0
664
1216
2289
3781
2879
2059
2415
265
0
0
0
0
0
0
0
0
0
0
897
932
0
512
650
0
0
0
0
1104
1512
1035
1206
1622
2245
2162
0
0
0
0
0
0
100
292
158
0
0
548
787
0
785
884
0
0
0
0
476
839
699
2694
3170
1516
388
595
874
0
0
0
0
0
0
0
0
0
567
682
0
550
0
0
0
0
0
0
0
0
2310
1926
58
1260
1546
1219
0
0
0
0
1128
1646
1998
1036
769
557
0
0
0
0
0
0
0
0
0
0
0
737
645
333
348
40
0
0
174
1826
2061
1495
1812
2662
1860
1361
0
0
0
0
0
0
0
0
0
0
0
0
0
291
371
0
0
0
0
0
119
1980
2315
926
1448
1917
1111
0
0
0
0
0
0
0
0
0
0
0
0
0
0
0
0
0
0
0
0
0
1576
1596
566
1239
1495
0
0
0
0
0
0
0
0
0
0
0
0
0
0
0
0
0
0
0
0
0
0
625
781
140
308
370
0
0
0
0
0
0
0
0
0
0
0
0
0
0
1047
1057
681
0
0
0
0
0
0
116
0
1831
2225
0
0
0
0
0
0
0
0
0
0
0
0
0
0
4168
4798
4095
1962
0
0
0
0
0
0
0
1124
1795
0
0
0
0
0
0
0
0
0
0
0
0
0
0
4079
5219
4720
1382
0
333
0
0
0
0
0
0
0
0
0
0
0
0
0
0
0
0
0
45
510
1739
1893
1358
40
596
763
1946
3026
2765
0
0
0
0
0
0
0
0
0
0
0
0
0
0
0
102
1171
1290
1962
2320
2107
1890
1539
1484
1445
2629
2541
342
0
0
319
696
0
0
0
0
0
0
0
0
0
0
0
0
265
1318
1345
1763
1667
2173
1491
628
1459
0
0
0
0
1078
1186
0
0
0
0
0
0
0
0
0
0
0
0
0
0
0
694
2224
2405
1543
1157
567
231
179
0
427
1800
1738
1379
669
133
113
0
0
0
0
0
0
0
0
0
0
849
1202
1214
871
550
1181
852
1134
683
961
1101
1752
1910
2131
1421
268
133
0
0
0
32
0
0
0
0
0
1029
2072
1554
699
1099
1408
559
0
777
1284
1250
635
0
0
0
0
0
0
0
150
123
77
164
0
0
0
0
0
0
35
313
1728
1555
24
539
982
796
0
0
0
1446
2049
389
612
600
0
760
0
189
0
0
0
0
0
0
0
0
0
0
779
2112
1201
789
0
0
1177
815
1525
1691
309
179
0
0
1244
0
0
0
0
395
0
0
0
0
0
0
0
1694
2071
127
0
866
253
1447
1018
91
0
0
0
0
0
0
0
0
624
2700
2827
2476
3493
3636
3129
2832
2948
3442
3617
3163
3300
3268
2906
2278
1846
1979
1295
0
0
0
0
0
0
0
0
4017
8097
9364
9699
10776
10751
11414
11419
12085
12177
11099
10050
9424
8522
7186
5878
5843
6570
7447
6160
1364
0
0
0
191
549
737
3245
2362
3944
5186
4996
3344
4052
4289
5082
5104
4265
3556
2928
3278
3805
4450
3667
3129
3982
6301
3467
0
0
0
0
0
2225
1140
0
0
0
0
0
0
0
0
0
0
0
0
0
0
0
0
0
0
67
0
0
0
0
0
29
1630
402
0
0
0
0
0
0
0
0
0
0
0
0
0
0
0
0
0
0
0
784
0
0
0
443
1068
3029
64
0
0
0
0
0
0
0
0
0
0
0
0
0
0
0
0
0
0
0
560
0
0
0
2888
3425
1236
0
0
0
0
0
0
0
0
0
0
0
0
0
0
0
0
0
0
0
0
0
0
0
0
7362
5557
816
0
0
0
0
0
0
0
0
0
0
0
0
0
0
0
0
0
0
0
0
0
573
0
0
3010
3036
0
0
0
0
0
0
0
0
0
0
0
0
0
0
0
0
0
0
0
0
0
0
6490
0
0
2120
1528
0
0
0
0
0
2522
6380
12245
9401
2495
0
0
0
0
0
0
0
0
0
0
0
8110
9737
0
0
0
0
0
0
0
0
0
0
4130
5207
116
192
2483
1357
153
0
0
0
0
0
0
0
0
11815
7921
0
0
0
0
0
0
0
0
0
0
0
0
0
69
1647
0
0
0
0
0
0
2552
4056
1891
0
0
0
0
0
0
0
0
0
0
0
0
0
0
0
750
540
0
0
0
0
897
3692
8576
9036
0
0
1070
0
0
0
0
0
0
0
0
0
0
0
0
0
0
0
0
0
0
0
0
0
3267
5353
1094
0
2617
691
0
0
0
0
0
0
0
0
0
0
0
0
0
0
0
0
0
0
0
0
0
769
0
0
0
1161
0
0
0
0
0
0
0
0
0
0
0
0
0
0
0
0
0
0
0
0
0
0
0
486
440
0
3360
0
0
0
0
0
0
0
0
0
0
0
0
0
0
0
0
0
0
0
0
0
0
0
0
0
0
2627
1616
0
0
0
0
0
0
0
0
0
0
0
0
0
0
0
0
0
0
0
0
0
0
0
0
0
0
0
0
0
0
0
0
0
0
0
0
0
0
0
0
0
0
0
0
0
0
0
0
0
0
0
0
0
0
0
0
0
0
0
0
0
0
0
0
2389
4412
1927
608
3880
6486
6513
4620
4608
1277
0
0
0
0
0
0
0
0
0
0
0
0
0
0
0
0
0
597
3275
4015
984
0
0
0
542
2473
0
0
0
0
0
0
0
0
0
0
0
0
0
0
0
0
0
0
0
0
0
0
1976
2627
2898
1230
0
0
0
0
0
0
0
0
0
0
0
0
0
0
0
0
0
0
0
0
0
0
0
0
0
0
1748
1721
1355
0
0
2055
5564
298
0
0
0
0
0
0
0
0
0
0
0
0
0
0
0
10
0
0
0
0
0
461
4223
3053
2536
1190
0
0
0
0
0
0
0
0
0
0
0
0
0
0
0
0
0
2059
4678
4010
0
914
7293
7034
1912
0
0
0
0
0
0
0
0
0
0
0
0
0
0
0
0
0
0
0
0
0
0
786
9651
8803
1563
0
0
0
2714
5805
389
0
0
0
0
0
0
0
275
0
0
0
0
0
0
0
0
0
0
0
0
0
0
0
5450
1296
0
0
0
0
0
0
0
0
0
719
2957
2949
2273
3268
3787
3062
2441
2628
3576
3939
3701
3726
3601
3138
2442
1919
2144
1572
0
0
0
0
0
0
0
0
1955
3162
4766
6084
6120
5388
5737
5809
6733
6902
6192
5085
4673
4612
4554
4198
3130
3300
4337
4677
0
0
0
0
0
0
418
0
0
0
0
0
0
0
0
0
0
0
0
0
0
0
0
0
0
0
1720
0
0
0
0
0
0
548
0
0
0
0
0
0
0
0
0
0
0
0
0
0
0
0
0
0
0
0
0
0
0
0
0
0
0
0
0
0
0
0
0
0
0
0
0
0
0
0
0
0
0
0
0
0
0
44
0
0
0
289
187
0
0
0
0
0
0
0
0
0
0
0
0
0
0
0
0
0
0
0
0
0
0
0
0
0
2889
1367
0
0
0
0
0
0
0
0
0
0
0
0
0
0
0
0
0
0
0
0
0
0
0
0
0
2141
1005
0
0
0
0
0
0
0
0
0
0
0
0
0
0
0
0
0
0
0
0
0
0
0
0
0
0
0
0
0
0
0
0
0
0
0
0
0
0
0
0
0
0
0
0
0
0
0
0
349
3268
0
0
0
0
0
0
0
0
0
0
3584
4426
0
0
0
0
0
0
0
0
0
0
0
0
0
5702
3393
0
0
0
0
0
0
0
0
0
0
0
0
0
0
0
0
0
0
0
0
0
0
0
0
0
3215
0
0
0
0
0
0
0
0
0
0
0
0
0
0
0
0
0
0
0
0
0
0
1212
0
0
0
0
0
0
0
0
0
0
0
0
0
0
0
0
0
0
0
0
0
0
0
0
1581
2736
902
0
0
0
0
0
0
0
0
0
0
0
0
0
0
0
0
0
0
0
0
0
0
0
0
164
0
0
0
442
0
0
0
0
0
0
0
0
0
0
0
0
0
0
0
0
0
0
0
0
0
0
0
0
0
0
0
0
0
0
0
0
0
0
0
0
0
0
0
0
0
0
0
0
0
0
0
0
0
0
0
0
0
0
0
0
0
0
0
0
0
0
0
0
0
0
0
0
0
0
0
0
0
0
0
0
0
0
0
0
0
0
0
0
0
0
0
0
0
0
0
0
0
0
0
0
0
0
0
0
0
0
0
0
0
0
0
0
0
0
0
0
0
0
0
0
0
0
0
0
0
0
0
0
0
0
0
0
0
0
0
0
0
0
0
0
0
0
0
0
0
0
0
0
0
0
0
984
0
0
0
0
46
0
1623
0
0
0
0
0
0
0
0
0
0
0
0
0
0
0
0
0
0
0
0
0
0
0
0
0
0
0
0
0
0
0
0
0
0
0
0
0
0
0
0
0
0
0
0
0
0
0
0
0
0
0
0
0
0
0
0
0
0
0
0
0
0
0
0
0
0
0
0
0
0
0
0
0
0
0
0
0
0
0
0
0
0
0
0
0
0
0
0
0
0
0
0
0
0
0
0
0
0
0
0
0
0
0
0
0
0
0
0
0
0
0
0
0
0
0
0
0
0
0
0
0
0
0
0
0
0
0
0
0
0
0
0
0
0
0
2434
0
0
0
0
0
0
0
0
0
0
0
0
0
0
0
0
0
0
0
0
0
0
0
0
0
0
0
0
0
0
0
0
0
0
0
0
0
0
0
0
0
0
0
0
0
0
0
0
0
0
0
0
0
0
0
0
547
3384
0
0
0
0
0
0
0
66
7
35
86
125
135
145
177
178
184
205
217
209
164
160
147
133
88
75
75
69
62
117
158
322
401
661
92
22
33
17
19
146
144
85
77
102
111
136
122
115
71
53
73
82
80
59
48
71
0
0
0
245
561
58
5
44
0
137
298
271
217
227
223
229
253
251
270
244
249
275
282
237
233
241
364
264
0
0
188
568
4
92
68
21
58
173
167
176
194
180
167
187
229
243
237
233
234
246
258
237
207
387
430
74
0
209
559
41
71
87
35
100
183
192
231
195
220
220
179
197
222
229
213
210
213
213
195
160
282
571
241
0
121
551
52
60
8
70
168
215
184
196
213
210
233
234
223
189
161
212
259
200
198
171
182
220
542
390
0
107
530
98
53
75
106
223
209
228
212
208
213
224
159
230
244
232
207
185
226
235
227
224
207
428
374
0
39
529
54
31
76
177
203
223
274
296
194
141
59
81
119
176
254
216
211
248
252
230
199
185
316
361
0
0
554
460
121
121
230
251
295
379
340
354
386
390
66
0
189
171
225
191
211
192
181
175
173
425
478
86
55
608
351
96
200
240
226
264
339
279
218
51
175
229
107
96
14
91
180
287
292
395
420
388
516
475
42
85
608
134
153
189
176
230
247
212
307
404
228
361
428
124
115
81
157
136
306
251
265
256
189
236
321
205
251
581
104
181
164
172
212
236
221
229
224
259
354
249
108
135
228
372
358
212
225
197
93
0
0
37
280
291
577
132
170
175
177
207
255
247
258
232
223
211
179
177
171
213
399
401
261
114
120
178
220
62
0
253
226
579
91
142
156
169
181
195
196
226
215
186
248
304
254
188
219
398
416
341
38
378
431
92
86
141
226
258
596
116
163
143
179
188
203
201
219
286
271
335
316
208
195
263
330
314
288
196
331
321
133
117
305
217
256
569
105
164
147
166
194
194
190
228
236
196
266
255
197
224
243
303
304
257
220
197
227
141
52
275
218
247
574
92
158
162
146
158
152
167
199
197
388
344
276
242
95
249
360
341
225
216
211
312
296
94
196
253
203
576
75
135
140
163
173
171
341
407
329
355
222
145
44
40
261
270
325
250
212
197
412
285
242
245
292
163
587
81
130
162
208
159
393
473
358
104
193
407
513
427
167
94
0
0
173
188
195
403
300
314
325
283
238
586
53
159
177
180
172
510
511
241
53
104
159
204
81
169
59
0
0
114
162
354
317
158
325
269
277
233
505
42
141
157
156
202
313
318
296
174
137
268
296
194
291
156
18
104
206
166
536
327
69
350
336
343
323
519
21
139
141
130
202
207
215
252
247
195
197
163
199
203
192
192
0
94
448
465
276
339
272
246
261
279
471
78
56
132
145
177
176
163
193
265
244
285
246
380
315
227
167
117
223
433
388
112
227
132
96
179
226
477
154
125
59
136
130
153
156
220
273
268
205
179
131
206
374
544
312
241
240
196
281
454
439
346
418
401
493
114
203
107
40
96
133
148
210
250
254
268
207
65
105
434
445
204
106
200
400
694
353
178
195
266
262
413
203
277
194
130
44
88
204
273
277
250
261
225
263
287
298
227
169
482
570
599
577
257
6
180
235
273
565
306
333
390
288
104
0
65
103
126
163
322
414
480
112
236
635
754
506
455
295
494
420
578
521
371
388
637
0
0
0
10
73
89
83
110
120
98
77
90
120
127
108
104
98
84
62
31
32
56
0
0
0
0
0
0
0
0
61
117
158
212
243
230
240
242
267
269
240
186
161
147
125
96
64
75
111
173
114
0
0
0
0
0
0
0
0
0
0
0
0
0
0
0
0
0
0
0
0
0
0
0
0
0
22
48
0
0
0
0
0
12
0
0
0
0
0
0
0
0
0
0
0
0
0
0
0
0
0
0
0
0
0
0
0
0
0
0
0
0
0
0
0
0
0
0
0
0
0
0
0
0
0
0
0
0
0
0
0
40
0
0
0
6
0
0
0
0
0
0
0
0
0
0
0
0
0
0
0
0
0
0
0
0
0
0
0
0
0
0
69
25
0
0
0
0
0
0
0
0
0
0
0
0
0
0
0
0
0
0
0
0
0
0
0
0
0
77
0
0
0
0
0
0
0
0
0
0
0
0
0
0
0
0
0
0
0
0
0
0
0
0
0
0
0
0
0
0
0
0
0
0
0
0
0
0
0
0
0
0
0
0
0
0
0
0
0
0
120
0
0
0
0
0
0
0
0
0
0
160
283
67
0
0
0
0
0
0
0
0
0
0
0
0
152
97
0
0
0
0
0
0
0
0
0
0
0
0
0
0
0
0
0
0
0
0
0
0
0
0
0
146
0
0
0
0
0
0
0
0
0
0
0
0
0
0
0
0
0
0
0
0
0
0
73
0
0
0
0
0
0
0
0
0
0
0
0
0
0
0
0
0
0
0
0
0
0
0
0
30
157
81
0
0
0
0
0
0
0
0
0
0
0
0
0
0
0
0
0
0
0
0
0
0
0
0
0
0
0
0
34
0
0
0
0
0
0
0
0
0
0
0
0
0
0
0
0
0
0
0
0
0
0
0
0
0
0
0
0
0
0
0
0
0
0
0
0
0
0
0
0
0
0
0
0
0
0
0
0
0
0
0
0
0
0
0
0
0
0
0
0
0
0
0
0
0
0
0
0
0
0
0
0
0
0
0
0
0
0
0
0
0
0
0
0
0
0
0
0
0
0
0
0
0
0
0
0
0
0
0
0
0
0
0
0
0
0
0
0
0
0
0
0
0
0
0
0
0
0
0
0
0
0
0
0
0
0
0
45
80
0
0
0
0
0
0
0
0
0
0
0
0
0
0
0
0
0
0
38
0
0
0
0
56
0
89
0
0
0
0
0
0
0
0
0
0
0
0
0
0
0
0
0
0
0
0
0
0
0
0
0
0
0
0
0
0
0
0
0
0
0
0
0
0
0
0
0
0
0
0
0
0
0
0
0
0
0
0
0
0
0
0
0
0
0
0
0
0
0
0
0
0
0
0
0
0
0
0
0
0
0
0
0
0
0
0
0
0
0
0
0
0
0
0
0
0
0
0
0
0
0
0
0
0
0
0
0
0
0
0
0
0
0
0
0
0
0
0
0
0
0
0
0
0
0
0
0
0
0
0
0
0
0
0
0
0
0
0
0
0
0
57
0
0
0
0
0
0
0
0
0
0
0
0
0
0
0
0
0
0
0
0
0
0
0
0
0
0
0
0
0
0
0
10
0
0
0
0
0
0
0
0
0
0
0
0
0
0
0
0
0
0
0
0
0
0
0
0
70
227
0
0
0
0
0
0
0
0
0
0
309
1468
1566
1384
1895
2013
1774
1630
1689
1909
1856
1725
1779
1742
1444
1075
848
883
930
0
0
0
0
0
0
2
0
1116
2462
3511
3781
3856
3761
4117
4156
4531
4515
4114
3401
3092
2944
2564
2099
1920
2155
2583
2088
20
0
0
0
0
83
226
364
0
941
1330
876
168
351
455
760
781
617
349
231
657
1012
1176
823
564
1327
2475
976
0
0
0
0
0
531
0
0
0
0
0
0
0
0
0
0
0
0
0
0
0
0
0
0
0
256
0
0
0
0
0
0
76
0
0
0
0
0
0
0
0
0
0
0
0
0
0
0
0
0
0
0
0
904
0
0
0
190
223
49
0
0
0
0
0
0
0
0
0
0
0
0
0
0
0
0
0
0
0
0
378
0
0
0
1514
843
0
0
0
0
0
0
0
0
0
0
0
0
0
0
0
0
0
0
0
0
0
0
0
0
0
2569
1124
0
0
0
0
0
0
3
182
0
0
0
0
0
0
0
0
0
0
0
0
0
0
0
0
0
1336
111
0
0
0
0
0
0
0
0
291
0
0
0
0
0
0
0
0
0
0
0
0
328
1761
0
0
342
0
0
0
0
0
0
897
2999
4071
3144
1297
0
0
0
0
0
0
0
0
0
0
0
3448
2186
0
0
0
0
0
0
0
0
0
0
1643
1185
0
81
377
0
0
0
0
0
0
0
0
0
0
3895
1178
0
0
0
0
0
0
0
0
0
0
0
0
0
0
0
0
0
0
0
0
0
805
1188
738
0
0
0
0
0
0
0
0
0
0
0
0
0
0
0
0
0
0
0
0
0
314
1960
2922
2857
479
0
0
0
0
0
0
0
0
0
0
0
0
0
0
0
0
0
0
0
0
0
0
0
1205
1186
0
488
743
0
0
0
0
0
0
0
0
0
0
0
0
0
0
0
0
0
0
0
0
0
0
0
0
0
0
0
0
0
0
0
0
0
0
0
0
0
0
0
0
0
0
0
0
0
0
0
0
0
0
0
0
0
597
0
0
0
0
0
0
0
0
0
0
0
0
0
0
0
0
0
0
0
0
0
0
0
0
0
0
82
0
0
0
0
0
0
0
0
0
0
0
0
0
0
0
0
0
0
0
0
0
0
0
0
0
0
0
0
0
0
0
0
0
0
0
0
0
0
0
0
0
0
0
0
0
0
0
0
0
0
0
0
0
0
0
0
0
0
0
0
0
0
0
0
0
1161
1554
736
132
1500
2682
2626
1915
1764
0
0
0
0
0
0
0
0
0
0
0
0
0
0
0
0
0
0
0
1042
1347
139
0
1
0
617
1211
0
0
0
0
0
0
0
0
0
0
0
0
0
0
0
0
0
0
0
0
0
0
9
946
1335
810
0
0
0
0
0
0
0
0
0
0
0
0
0
0
0
0
0
0
0
0
0
0
0
0
0
0
436
932
629
0
0
164
1534
0
0
0
0
0
0
0
0
0
0
0
0
0
0
0
0
196
354
0
0
0
0
448
1427
245
0
0
0
0
0
0
0
0
0
0
0
0
0
0
0
0
0
0
0
406
1536
1331
0
345
2731
1122
0
0
0
0
0
0
0
0
0
0
0
0
71
0
0
0
0
0
0
0
0
0
0
0
2264
1610
0
0
0
0
1011
857
0
0
0
0
0
0
0
0
304
0
0
0
0
0
0
0
0
0
0
0
0
0
0
0
1703
118
0
0
0
0
0
0
0
0
0
0
0
0
0
0
0
0
0
0
0
0
0
0
0
0
0
0
0
0
0
0
0
0
0
0
0
0
0
0
0
0
0
0
0
0
0
0
0
0
0
0
0
0
0
0
0
0
0
0
0
0
0
0
0
0
0
0
0
0
0
0
0
0
0
0
0
0
0
0
0
0
0
0
0
0
0
0
0
0
0
0
0
0
0
0
0
0
0
0
0
0
0
0
0
0
0
0
0
0
0
0
0
0
0
0
0
0
0
0
0
0
0
0
0
0
0
0
0
0
0
0
0
0
0
0
0
0
0
0
0
0
0
0
0
0
0
0
0
0
0
0
0
0
0
0
0
0
0
0
0
0
0
0
0
0
0
0
0
0
0
0
0
0
0
0
0
0
0
0
0
0
0
0
0
0
0
0
0
0
0
0
0
0
0
0
0
0
0
0
0
0
0
0
0
0
0
0
0
0
0
0
0
0
0
0
0
0
0
0
0
0
0
0
0
0
0
0
0
0
0
0
0
0
0
0
0
0
0
0
0
0
0
0
0
0
0
0
0
0
0
0
0
0
0
0
0
0
0
0
0
0
0
0
0
0
0
0
0
0
0
0
0
0
0
0
0
0
0
0
0
0
0
0
0
0
0
0
0
0
0
0
0
0
0
0
0
0
0
0
0
0
0
0
0
0
0
0
0
0
0
0
0
0
0
0
0
0
0
0
0
0
0
0
0
0
0
0
0
0
0
0
0
0
0
0
0
0
0
0
0
0
0
0
0
0
0
0
0
0
0
0
0
0
0
0
0
0
0
0
0
0
0
0
0
0
0
0
0
0
0
0
0
0
0
0
0
0
0
0
0
0
0
0
0
0
0
0
0
0
0
0
0
0
0
0
0
0
0
0
0
0
0
0
0
0
0
0
0
0
0
0
0
0
0
0
0
0
0
0
0
0
0
0
0
0
0
0
0
0
0
0
0
0
0
0
0
0
0
0
0
0
0
0
0
0
0
0
0
0
0
0
0
0
0
0
0
0
0
0
0
0
0
0
0
0
0
0
0
0
0
0
0
0
0
0
0
0
0
0
0
0
0
0
0
0
0
0
0
0
0
0
0
0
0
0
0
0
0
0
0
0
0
0
0
0
0
0
0
0
0
0
0
0
0
0
0
0
0
0
0
0
0
0
0
0
0
0
0
0
0
0
0
0
0
0
0
0
0
0
0
0
0
0
0
0
0
0
0
0
0
0
0
0
0
0
0
0
0
0
0
0
0
0
0
0
0
0
0
0
0
0
0
0
0
0
0
0
0
0
0
0
0
0
0
0
0
0
0
0
0
0
0
0
0
0
0
0
0
0
0
0
0
0
0
0
0
0
0
0
0
0
0
0
0
0
0
0
0
0
0
0
0
0
0
0
0
0
0
0
0
0
0
0
0
0
0
0
0
0
0
0
0
0
0
0
0
0
0
0
0
0
0
0
0
0
0
0
0
0
0
0
0
0
0
0
0
0
0
0
0
0
0
0
0
0
0
0
0
0
0
0
0
0
0
0
0
0
0
0
0
0
0
0
0
0
0
0
0
0
0
0
0
0
0
0
0
0
0
0
0
0
0
0
0
0
0
0
0
0
0
0
0
0
0
0
0
0
0
0
0
0
0
0
0
0
0
2882
757
2046
548
0
0
0
0
0
0
0
0
0
0
0
0
0
0
0
0
0
0
10390
24483
25969
26062
26918
1696
11
776
0
0
0
0
0
0
0
0
0
0
0
0
0
0
0
0
0
0
0
0
3456
13690
24023
24302
761
71
0
1694
6645
4642
3884
4846
7943
7392
7353
7310
7494
7902
7728
7513
5335
3674
3073
3652
4702
4689
306
1225
13098
22644
24549
1440
2090
0
5815
12340
16008
15657
16097
16284
16154
17054
19368
19861
19254
18355
16438
14186
13923
13169
13259
13699
15204
8387
5635
19206
23738
25074
2175
1146
1423
6869
14140
16844
17269
17615
17577
18031
17145
19572
20286
20629
19524
17924
17097
17595
17177
16308
16507
17958
14910
0
20894
25737
25135
0
19
3000
9885
15307
17758
18469
17979
18227
14997
14864
15146
14559
16525
18573
18754
18120
17681
17570
16930
17201
18657
17752
2467
14917
25522
25399
0
0
7135
13456
16875
16789
12382
11369
10902
10299
14308
18681
16999
15259
15477
16006
17758
18280
17888
17687
17945
17530
15915
5892
10305
22735
25040
0
1391
9541
16233
15468
15164
9825
7556
4114
2429
7867
17094
17009
20993
18217
16623
16541
16298
15299
13969
13982
14333
14940
8031
3299
15505
24571
1188
3775
14510
17231
16429
15948
9265
5974
6964
4849
2969
3965
17003
25377
20555
19732
19136
18402
16121
14947
13672
13400
16217
6647
0
14520
25474
2325
5126
17493
17276
15837
15398
6003
1381
0
0
0
0
12361
9839
14136
20841
22538
22270
21673
20757
18293
16854
16053
0
1396
15204
25531
10291
12632
16097
15955
14089
12032
11043
10102
1954
5647
14973
4436
1669
5363
7046
14462
21487
22958
20342
12826
9889
8605
11594
0
5193
23220
24926
16574
15746
16019
16853
14904
13214
11972
13449
12459
13753
11070
5886
5503
12265
14648
14453
7282
5688
2200
0
0
0
9361
14267
22198
24267
24674
16570
15767
16777
17356
17781
17587
16428
16203
14058
12034
7527
8005
13211
14635
16279
15175
6807
0
0
0
747
6598
4446
16557
24216
22528
24830
15368
15370
16829
17543
18210
18708
18637
16989
15788
15193
16410
16957
15963
16921
18456
18451
9725
2621
0
9890
3501
0
8915
17664
23746
23229
25251
15398
14574
16846
18087
18491
18898
18946
18819
19166
18587
18412
17985
17049
17510
18180
16979
12862
7430
4179
7296
7490
2747
14371
19064
23824
23324
24768
14962
14411
16746
17576
18563
18158
18304
19351
17588
16290
13045
13151
14899
19772
19092
17547
15222
13562
10372
9556
10045
0
6078
21032
22365
23503
25008
15440
14894
15480
17011
18005
18847
18966
19200
18219
18286
9165
6103
11997
23313
24465
22171
16987
16386
14726
14967
15231
4925
6417
19993
19932
22704
25738
15526
15215
14903
15861
18199
19905
22120
21511
21691
16449
4209
539
7497
24982
24007
18841
17831
19092
17797
16974
18328
16462
18163
19229
19211
21819
25913
15904
15488
15926
15753
16465
22352
15565
11455
7704
9505
9435
8287
6053
10038
3587
4683
12126
18839
18722
19276
19324
17716
21190
20972
20317
20990
26755
15511
15435
16873
15751
15882
12815
0
0
0
212
0
0
0
0
0
4300
9639
17279
19174
21810
16052
17308
21928
19109
18977
17205
24827
15509
15150
14905
16553
17465
13729
9828
2419
335
3719
5142
3698
5638
4100
0
9432
19942
18925
19650
20393
13719
16557
24064
22916
20496
18372
20411
13563
16067
15155
15445
15885
15547
13341
11765
11599
11384
6296
3859
0
0
2227
5544
16079
20533
21727
9164
8686
17143
16612
17514
20471
19680
19035
10367
13207
15175
15735
15230
13898
13652
15045
15808
14130
13151
11604
6591
6288
0
0
6551
14006
3608
0
4715
13913
12136
13699
15419
15546
17774
8592
11042
13258
14058
15392
14907
13850
11828
8507
3052
49
4574
8811
10091
8055
5106
0
4540
7736
11325
17819
20529
22510
21632
21493
19860
19396
8026
4930
8658
13164
16311
16777
16646
16422
15460
11998
5493
786
0
7289
3055
0
2276
10391
20423
25680
22540
9127
10708
15629
15074
14628
16722
9684
7047
2511
5844
14202
18466
19560
21529
20682
18310
15293
13915
13596
9796
2661
4765
9886
22982
19299
7651
1100
0
8092
14545
15715
17586
20116
3543
6137
6749
2690
3669
10906
15689
16494
17501
19050
21332
21249
20499
7641
17688
22985
23215
15874
6968
0
3424
13356
19883
21191
22340
22973
23411
1372
1304
948
429
0
0
0
0
0
0
0
0
0
0
0
0
0
0
0
0
0
0
0
0
2797
4513
8343
1869
726
655
2144
2239
484
26
970
1050
1382
1350
671
425
221
912
953
422
14
0
767
935
959
620
794
2805
3998
7862
2142
875
522
2070
2369
1956
1764
2624
2189
2806
2750
2725
2284
2005
1596
1905
1612
809
1130
1261
1420
1095
1741
2300
3435
3541
7831
1012
2611
2757
2292
2360
1726
1741
1736
2335
2656
2164
2181
1656
2279
2188
2056
2190
1873
1751
1756
1290
3086
4453
1661
2263
4940
8154
1684
3539
3259
2114
1325
1555
1828
2860
3786
3690
4600
4268
3575
2656
2817
3041
2558
2298
2452
2585
2217
3428
7058
3919
1440
4298
8242
1120
2206
4028
3404
1783
2330
3330
4063
4028
5291
6061
4575
3463
2938
2606
2628
2558
2106
2302
2009
2299
2117
7970
6360
1655
3535
8476
0
2206
3755
2586
2984
3413
9210
8664
7653
5440
3634
2281
4142
2897
2817
3137
3041
2823
2967
2792
2751
3675
7824
5769
2728
3120
7982
2318
3067
3539
1681
2965
3004
7768
7122
5659
6914
6370
4377
5217
2874
4037
3415
2444
3078
3068
4281
4342
3579
5233
5903
5080
4852
7492
11617
6935
2329
2109
4003
5169
8599
6844
1933
4315
7039
7132
7998
4816
2911
2515
2542
2630
3231
3872
3868
3593
7074
5221
3710
4644
7458
13699
7750
2369
2870
4563
5246
7240
5149
457
5027
7011
4108
5677
9727
7374
1333
2311
3933
4599
7040
6783
6025
7591
5777
5561
4207
7718
3163
2802
3168
2642
4787
4902
3832
3212
2962
5983
9928
8315
4754
5617
4007
2461
4046
8217
10441
15525
13523
8916
7561
8988
5668
2857
7554
1204
2766
2821
2231
3807
3613
2505
1975
4707
5874
10198
10162
3743
2325
2362
5093
5923
11548
11600
9971
6463
3264
4442
3746
3376
2876
7552
2263
3262
2588
2682
1853
2415
2236
3100
3506
4130
4364
3720
1781
2698
1651
4739
3931
1126
6787
6716
0
5788
10751
4554
3767
3161
7769
2024
2977
2567
2633
2228
2929
2704
3572
3591
2667
2016
3313
3451
2556
2353
4254
4003
1415
3435
8714
7366
5888
10730
2972
3086
3343
7767
2135
2968
2223
2633
2629
2673
2554
2361
3353
3659
5727
5968
3818
2975
4174
5342
4424
3919
1438
8005
9243
2237
1826
2163
3309
3565
8021
2084
2885
2072
2636
2729
2655
2477
3536
6318
5067
8114
7985
4196
3407
3767
4426
3681
3007
3034
3126
3264
8506
5790
2973
3918
3083
8068
1234
2344
2415
2352
2772
3199
3279
4148
5110
6683
10929
11593
9433
4589
3358
8512
7927
3358
2928
2765
4229
10940
7312
4109
4221
3710
8263
1484
2491
2963
2406
2186
3573
6317
6881
4674
8096
12291
13313
11951
7654
6628
8524
7002
2852
2341
2281
6684
10592
3676
4053
4311
3466
8451
1237
2641
2764
3990
3521
7729
13517
14115
8754
7907
6442
4420
7351
8488
9911
9542
6511
4887
2486
2259
9883
11336
4252
4144
3106
3672
8692
1147
2595
2762
4029
3300
9736
11013
9468
3812
5265
4943
4269
1357
2963
4404
4087
6304
3414
2517
5773
16160
10910
4701
4369
3889
4390
9338
870
2381
2527
2288
1828
4594
3479
3272
2031
1873
2991
808
2132
2128
736
1844
1492
3944
2947
14711
17946
7608
4432
4326
3363
3856
8479
1507
1939
3068
2696
3274
3816
3084
2148
1375
2419
4334
2677
2147
2585
3234
5552
6869
4486
9820
16956
17121
12888
12037
10749
7088
7658
9806
1671
1350
2150
2533
3414
3352
3115
3773
3815
4412
3574
2056
3465
5068
3750
4996
6114
10297
13902
11264
7211
11969
11387
7157
5053
5167
7952
1866
1690
780
2207
3091
2871
2761
3603
5497
4693
3360
1857
3492
5618
5285
8064
8080
8366
9873
4372
3798
6329
5944
5065
6665
7778
8508
2948
1182
695
843
2460
2526
2597
2919
3087
2908
2213
810
709
4463
9103
9455
10577
5274
3499
7764
14275
19174
12357
7913
9101
8685
8454
3124
563
257
550
474
1101
2526
3491
3489
3970
3173
1787
2762
9370
13021
8795
6480
9448
13140
20115
19079
17572
5265
4445
4557
3064
9015
3399
530
1836
561
0
1786
4057
5056
5355
3971
3794
3544
5028
7557
6252
9402
12531
19379
18236
15117
9954
2855
4366
3713
3503
3562
7497
0
0
0
0
0
0
0
0
0
0
0
0
0
0
0
0
0
0
0
0
0
0
0
0
0
0
0
0
0
0
0
0
0
0
0
0
0
0
0
0
0
0
0
0
0
0
0
0
0
0
0
0
0
0
0
0
0
0
0
0
0
0
0
0
0
0
0
0
0
0
0
0
0
0
0
0
0
0
0
0
0
0
0
0
0
0
0
0
0
0
0
0
0
0
0
0
0
0
0
0
0
0
0
0
0
0
0
0
0
0
0
0
0
0
0
0
0
0
0
0
0
0
0
0
0
0
0
0
0
0
0
0
0
0
0
0
0
0
0
0
0
0
0
0
0
0
0
0
0
0
0
0
0
0
0
0
0
0
0
0
0
0
0
0
0
0
0
0
0
0
0
0
0
0
0
0
0
0
0
0
0
0
0
0
0
0
0
0
0
0
0
0
0
0
0
0
0
0
0
0
0
0
0
0
0
0
0
0
0
0
0
0
0
0
0
0
0
0
0
0
0
0
0
0
0
0
0
0
0
0
0
0
0
0
0
0
0
0
0
0
0
0
0
0
0
0
0
0
0
0
0
0
0
0
0
0
0
0
0
0
0
0
0
0
0
0
0
0
0
0
0
0
0
0
0
0
0
0
0
0
0
0
0
0
0
0
0
0
0
0
0
0
0
0
0
0
0
0
0
0
0
0
0
0
0
0
0
0
0
0
0
0
0
0
0
0
0
0
0
0
0
0
0
0
0
0
0
0
0
0
0
0
0
0
0
0
0
0
0
0
0
0
0
0
0
0
0
0
0
0
0
0
0
0
0
0
0
0
0
0
0
0
0
0
0
0
0
0
0
0
0
0
0
0
0
0
0
0
0
0
0
0
0
0
0
0
0
0
0
0
0
0
0
0
0
0
0
0
0
0
0
0
0
0
0
0
0
0
0
0
0
0
0
0
0
0
0
0
0
0
0
0
0
0
0
0
0
0
0
0
0
0
0
0
0
0
0
0
0
0
0
0
0
0
0
0
0
0
0
0
0
0
0
0
0
0
0
0
0
0
0
0
0
0
0
0
0
0
0
0
0
0
0
0
0
0
0
0
0
0
0
0
0
0
0
0
0
0
0
0
0
0
0
0
0
0
0
0
0
0
0
0
0
0
0
0
0
0
0
0
0
0
0
0
0
0
0
0
0
0
0
0
0
0
0
0
0
0
0
0
0
0
0
0
0
0
0
0
0
0
0
0
0
0
0
0
0
0
0
0
0
0
0
0
0
0
0
0
0
0
0
0
0
0
0
0
0
0
0
0
0
0
0
0
0
0
0
0
0
0
0
0
0
0
0
0
0
0
0
0
0
0
0
0
0
0
0
0
0
0
0
0
0
0
0
0
0
0
0
0
0
0
0
0
0
0
0
0
0
0
0
0
0
0
0
0
0
0
0
0
0
0
0
0
0
0
0
0
0
0
0
0
0
0
0
0
0
0
0
0
0
0
0
0
0
0
0
0
0
0
0
0
0
0
0
0
0
0
0
0
0
0
0
0
0
0
0
0
0
0
0
0
0
0
0
0
0
0
0
0
0
0
0
0
0
0
0
0
0
0
0
0
0
0
0
0
0
0
0
0
0
0
0
0
0
0
0
0
0
0
0
0
0
0
0
0
0
0
0
841
100
814
1240
1683
1712
1094
1439
1646
1703
1348
1429
1783
1808
2418
2154
1963
1266
1072
970
860
443
8195
10017
7803
4329
7021
1043
0
467
0
0
0
0
0
0
0
0
0
0
0
0
0
0
0
14
0
0
0
0
3988
4854
6054
8728
159
0
0
0
0
0
0
0
0
0
0
0
0
0
0
0
0
0
0
0
0
0
0
0
293
4171
8971
0
845
0
0
0
2800
2797
3042
3356
2856
3582
5057
5245
4636
4253
3134
1175
756
701
721
1350
2705
1704
4144
3015
6907
9165
879
516
0
0
1010
4131
4791
5604
4815
4688
4250
5266
6415
6669
5923
3993
3059
4114
3921
3297
3286
4576
6356
0
5929
7172
9840
769
0
0
0
2612
5579
6497
6472
7448
3703
758
675
1332
3833
4903
4850
5339
4079
4218
3756
4288
6083
8183
1647
2120
6270
10060
870
0
0
0
4325
5344
3267
3523
5606
8267
9888
8413
4889
1266
1888
3020
4360
4990
5267
5227
5701
5574
6214
2693
683
4364
9211
0
0
0
2484
2798
3004
778
221
0
0
4851
9440
8135
7565
6027
2457
2280
2589
2695
2684
2883
3489
4497
3730
0
0
8062
0
0
489
4224
4844
4447
4529
6996
10380
6976
2535
1490
5620
11986
8299
7712
4144
3462
1653
371
0
0
6356
7826
0
0
9083
0
0
4169
5036
3582
3777
0
0
618
0
0
0
4009
2920
2679
6825
9177
10757
11316
15105
14383
12375
10493
2365
0
0
9634
0
0
3595
3219
2031
1468
766
137
0
0
499
3311
0
0
0
4261
10523
16544
16331
17079
15137
12624
5543
0
0
3128
9371
2481
3891
3171
3403
1169
240
0
731
176
2089
7289
3253
0
0
1143
2422
7306
5792
4274
2411
0
0
0
0
2766
6124
9235
2861
4133
3855
3890
3947
3741
2656
2598
1570
0
0
0
0
448
2196
3330
1251
343
0
0
1334
3186
0
0
5972
4747
9007
1474
3213
3854
3972
4303
4333
4141
2791
1823
1229
3068
4465
3274
2517
3779
5454
2379
0
0
0
2718
384
0
829
5447
5611
9675
1624
3141
3757
4511
4409
4639
4684
4627
6086
5212
5883
5637
3200
1933
3452
4133
1706
0
0
3575
2789
0
0
3618
5793
5849
9170
1286
2625
3901
4394
4774
4306
4104
5165
4074
2526
0
0
0
2135
2949
3024
3006
520
0
0
0
0
0
3605
5497
6348
9312
1824
2982
3647
4151
4088
3701
3993
5450
4047
5485
3625
4123
7516
7661
10055
8251
3629
2090
1451
1862
2928
0
0
2339
4845
5178
9876
1987
3018
2360
3500
5010
5709
11643
17235
15447
8948
0
0
1737
12291
18824
14328
7462
5386
4312
3175
6305
0
939
2825
3694
3795
10324
2640
3353
3655
3867
3543
12103
16184
14261
9385
8096
9690
13945
11862
9352
9500
5409
1642
5150
4805
5383
7072
1146
3698
5848
4968
5566
10827
2629
4418
5485
3919
3002
4741
2958
0
0
0
0
0
0
0
0
0
0
1832
4714
8743
3887
0
4952
3042
3313
2940
9773
3219
4273
4064
4611
5459
2396
342
0
0
0
0
2177
502
1200
0
2314
8793
8184
6013
11065
294
0
8703
8247
6448
4367
7281
2302
5577
4604
3659
4882
4709
2913
601
671
754
0
0
0
1425
1494
1405
5816
6672
12630
8210
0
2914
3883
4311
6235
5968
6743
1308
3690
4659
4825
4229
2972
2705
4360
6378
8124
6787
4776
4222
2029
0
0
0
3725
2190
0
0
0
0
0
0
554
4497
447
3541
3857
4580
4084
3081
1773
0
0
0
3135
9515
9544
4069
2155
4352
0
0
0
0
5917
12714
12428
8543
8897
7034
7452
0
735
3507
5230
6079
5224
3934
3658
3102
1176
0
0
0
0
7392
1789
0
206
6787
13126
20737
9831
6222
4281
3485
2159
3461
0
333
0
4836
7254
8780
10356
11789
11216
8073
4046
1537
1899
0
0
0
1678
16335
21950
18016
10890
0
0
0
1265
3677
7895
0
732
1605
0
4831
8118
10851
11913
11651
10217
12132
13730
14763
1141
7967
18697
23851
21311
18995
7382
1452
4434
11581
12414
10874
11249
13819
0
264
58
0
0
0
0
0
0
0
0
0
0
0
0
0
0
0
0
0
0
0
0
0
0
0
0
0
0
0
0
0
0
0
0
0
0
0
0
0
0
0
0
0
0
0
0
0
0
0
1063
1251
0
0
0
18
0
0
0
0
0
0
0
0
0
0
0
0
0
0
0
0
0
0
0
0
0
355
936
0
0
50
0
0
0
0
0
0
0
0
0
0
0
0
0
0
0
0
0
0
0
0
0
0
265
982
0
0
179
314
0
0
0
0
0
0
0
0
0
0
0
0
0
0
0
0
0
0
0
0
0
0
999
0
0
0
11
0
0
0
0
0
0
0
0
0
0
0
0
0
0
0
0
0
0
0
0
0
0
485
0
0
0
0
0
0
0
0
526
812
843
970
839
0
0
0
0
0
0
0
0
0
0
0
0
0
320
0
0
0
0
0
0
0
0
0
0
0
1493
2285
1709
1659
0
0
0
0
0
0
0
0
0
0
0
651
0
0
0
0
0
0
0
0
0
324
0
0
289
1820
2934
0
0
0
0
0
0
0
0
0
0
0
0
0
0
360
0
0
0
0
0
0
0
0
380
66
0
404
1136
824
0
0
0
0
0
0
0
0
0
0
0
0
0
0
0
0
0
0
0
0
0
0
0
0
0
0
0
0
85
535
1653
3766
3692
2974
735
0
0
0
0
0
0
0
0
0
0
0
0
0
0
329
475
0
0
0
0
0
2476
2674
1822
309
562
878
0
0
0
0
0
0
0
0
0
0
0
0
0
0
0
0
0
0
0
0
0
0
150
144
0
843
1348
0
0
0
0
0
0
0
0
0
0
0
0
0
0
0
0
0
0
0
0
0
0
0
0
0
860
978
0
0
0
0
0
0
0
0
0
0
0
0
0
0
0
0
0
0
0
0
0
0
0
0
0
0
0
0
0
0
0
0
0
0
0
0
0
0
0
0
0
0
0
0
0
0
0
0
0
0
0
0
102
0
0
0
0
0
0
0
0
0
0
0
0
0
0
0
2006
2486
2354
717
0
0
0
0
0
0
0
0
0
0
0
0
0
0
0
0
0
0
0
0
0
0
0
2117
3236
3756
2062
1004
1517
0
0
0
0
0
0
0
0
0
0
0
0
0
0
0
0
0
1263
2300
2773
1728
183
0
313
1934
3465
3646
1731
0
0
0
0
0
0
0
0
0
0
0
0
0
0
0
0
122
904
616
683
0
0
0
0
440
542
907
0
0
0
957
271
0
0
0
0
0
0
0
0
0
0
0
0
0
0
0
0
0
0
0
0
318
0
0
0
242
1179
0
0
0
0
0
0
0
0
0
0
0
0
0
0
0
0
0
0
0
0
0
0
1551
381
0
1398
1312
616
797
389
0
0
0
0
0
0
0
0
0
0
0
0
0
0
0
0
0
0
40
607
854
219
0
0
733
793
0
0
0
0
0
0
0
0
0
0
0
0
0
0
346
282
874
543
0
0
0
0
0
0
0
0
0
0
0
0
0
0
0
0
0
0
0
0
0
0
0
0
0
0
213
0
0
0
0
0
0
0
2680
2352
262
138
6
0
0
0
0
0
0
0
0
0
0
0
0
0
0
0
0
0
0
0
1188
2912
1512
1688
0
0
0
0
0
0
0
0
0
0
1028
1055
985
883
384
0
0
0
1045
119
0
0
3508
3314
2739
0
0
0
0
0
0
0
