100
0
0
0
0
0
0
0
0
0
0
0
0
0
48
0
0
0
0
0
0
0
0
0
0
0
0
5
384
399
70
0
0
0
0
0
0
0
246
94
1977
909
109
55
20
11
0
99
0
114
887
754
471
1029
0
0
482
751
1857
1416
809
973
1586
2081
1467
344
527
30
353
1481
2180
1827
3432
1235
292
392
235
0
0
0
78
0
345
1164
1194
1705
465
323
471
0
0
54
17
0
83
65
167
224
0
0
323
378
318
134
0
0
2
64
16
14
0
184
454
1774
1280
382
96
0
0
0
0
0
0
0
331
475
895
657
377
0
0
40
0
0
0
0
0
0
745
696
48
0
0
178
274
0
0
0
0
0
0
656
443
103
0
0
167
304
0
16
311
0
0
0
0
24
0
0
0
383
1343
2722
2038
2318
2928
3579
3875
3921
3252
2269
2150
2469
400
628
956
744
1495
2286
3279
4115
4348
3823
1905
688
1473
2
2
206
261
3
192
281
360
275
160
0
0
958
159
3175
776
349
225
10
96
243
297
45
41
468
541
72
3867
1549
1246
1757
1719
1008
1694
1532
1313
2084
2411
1793
35
1787
1818
2245
3199
3260
3314
4161
2786
1388
2547
3014
1856
170
255
543
126
1169
2681
1985
2047
840
443
700
921
276
0
0
0
170
120
190
102
308
537
1661
1934
673
203
0
0
8
0
20
0
0
0
782
2796
3028
1229
158
0
0
0
1701
2101
1458
515
426
729
1899
1616
759
0
142
33
0
1327
3581
2639
1517
728
888
748
51
0
0
198
50
0
624
2227
2344
2314
1503
882
365
22
0
0
180
69
0
13
521
337
524
276
435
334
0
0
0
721
1712
2330
1480
938
1140
1389
1371
1243
1097
1051
956
530
731
1213
1155
494
380
424
1279
1483
1127
930
376
78
425
50
17
0
0
0
142
835
899
840
642
568
270
47
40
749
225
0
255
13
0
0
345
62
17
347
339
22
1203
707
333
1198
1184
527
474
571
1347
2357
2192
918
225
1003
1301
0
1765
3415
3198
3225
1574
1336
1540
1760
837
58
0
57
86
928
2069
2545
786
199
156
969
1517
604
147
73
0
30
20
168
43
0
0
321
494
241
167
0
0
0
26
0
0
0
0
128
454
150
36
50
0
0
0
228
491
896
589
96
0
3
181
139
0
97
25
0
0
992
623
741
338
836
1066
54
0
0
225
29
0
142
827
644
782
0
446
471
54
0
0
368
192
0
38
663
339
203
0
0
191
0
0
0
450
1627
2282
1400
838
1312
1356
638
331
451
376
1989
2549
53
48
0
0
0
0
0
0
0
0
0
116
790
0
0
44
199
59
14
69
42
35
151
74
0
1058
14
1165
284
0
106
0
0
0
0
0
0
244
315
194
0
467
289
803
750
493
0
322
1318
1820
1908
2126
184
0
580
1147
2703
2564
1180
1700
2684
2073
4712
4502
2924
137
0
394
170
917
2852
2917
1975
999
0
607
1432
830
77
19
0
0
0
132
232
0
0
0
0
0
117
0
0
0
0
0
0
0
0
0
0
0
0
4
0
0
0
0
0
558
546
424
123
0
0
0
0
143
0
0
0
0
0
1333
0
1487
652
9
0
0
130
46
0
0
0
514
1468
1519
821
691
167
0
0
83
0
0
17
27
433
72
0
0
228
0
0
0
0
127
883
929
2604
3201
4056
4454
3981
3013
1964
1801
2308
0
0
0
161
1510
2260
3326
4062
4249
3663
1797
476
907
0
4
0
48
20
35
290
353
297
252
212
81
1245
398
600
111
0
61
0
0
7
229
74
128
1400
1076
172
0
888
431
0
0
0
0
0
1496
2553
3266
2883
67
0
0
564
0
0
0
0
1946
1840
3884
2701
1654
173
0
26
77
0
0
0
0
277
0
0
0
0
0
0
0
0
0
0
0
474
295
0
0
182
0
0
0
31
0
0
14
90
0
0
0
0
1
36
0
0
0
2346
3809
3656
1560
230
0
147
104
0
0
0
6
0
1915
6159
5724
3533
2318
313
361
21
0
0
64
0
0
1140
3157
3062
2511
2217
591
83
0
0
0
0
0
0
0
213
488
1171
1953
2214
587
0
0
0
161
787
1293
897
1665
2572
3310
3220
2525
2292
1508
1112
1167
64
0
155
51
79
160
1041
1371
1188
1085
396
0
526
6
20
117
48
0
173
726
1071
889
712
398
126
703
66
1015
624
231
0
0
41
172
393
61
0
352
244
230
1779
1063
521
1003
1093
249
1444
536
0
504
1886
2296
406
2141
685
859
1668
1876
754
144
1305
1526
3596
3929
2623
136
234
237
127
1447
3218
891
655
443
279
732
1224
503
19
0
0
63
35
187
180
372
248
764
1091
371
193
0
0
24
14
0
2
0
11
403
901
306
92
123
0
0
0
555
1576
1747
1016
303
140
331
614
352
0
0
0
0
211
3077
5106
4347
2664
1040
431
0
0
0
105
0
0
0
810
1800
2330
1780
965
170
0
0
0
140
0
0
35
186
61
389
545
682
349
0
0
0
0
0
0
0
225
126
123
0
0
0
0
42
915
0
0
0
0
0
0
0
0
0
0
0
0
162
6
0
26
40
0
0
36
0
0
0
0
0
650
0
0
24
105
0
0
81
0
337
115
171
701
355
483
0
0
0
0
0
0
51
202
0
0
1294
2537
127
765
0
630
1434
0
0
0
0
0
1422
2295
2354
23
0
0
0
46
118
0
294
62
0
32
383
226
0
0
0
0
0
0
66
499
74
0
0
0
0
0
0
0
0
5
0
0
0
0
0
18
112
85
0
0
0
0
1077
1777
761
151
128
263
34
87
0
84
31
0
0
1211
3518
4579
3245
2197
588
27
0
0
331
160
0
52
72
1074
2126
2647
1105
483
22
0
0
177
48
0
0
83
369
679
665
841
327
0
0
0
358
1197
1453
1023
211
0
0
86
151
241
0
1478
2723
896
943
953
294
0
0
47
129
39
0
0
0
1008
69
67
131
135
54
79
232
0
0
0
0
0
1626
63
1977
57
379
33
0
45
0
0
48
35
383
769
0
2273
1273
908
768
182
940
1453
1574
1408
1983
2739
2594
0
1319
510
1280
1399
960
2116
2785
2691
1940
3699
3243
2099
48
146
338
98
139
665
1237
1876
882
389
352
307
156
5
0
0
24
0
0
0
0
0
0
67
103
0
0
0
9
6
0
52
0
0
182
297
0
0
28
0
0
0
0
543
87
0
0
0
0
0
0
0
0
82
0
0
325
0
0
19
0
0
0
0
0
245
200
0
60
316
0
0
0
0
0
0
0
0
407
504
0
6
87
100
215
280
349
54
0
0
0
1322
3178
3859
2365
1816
1876
2177
2055
1442
1585
1645
2281
2238
376
631
1016
343
0
0
324
540
439
526
310
4
878
0
0
48
110
7
136
381
569
589
556
350
126
745
165
292
20
0
317
24
200
349
659
170
0
0
243
211
1414
482
0
1146
1456
1467
947
671
7
0
0
86
479
1554
1095
0
1296
3259
3037
4344
618
104
972
1869
1493
182
798
431
0
535
1551
2229
894
838
0
718
1282
408
36
32
0
30
10
94
107
101
80
396
522
355
97
0
0
9
4
0
20
0
72
257
345
574
324
66
0
0
0
0
941
1698
1033
120
73
98
879
475
0
0
0
0
0
2394
3135
2344
303
0
0
0
0
0
0
0
0
169
1446
3117
3543
2129
0
0
0
0
0
0
0
0
42
1171
1246
941
840
324
0
0
0
0
199
632
911
845
851
994
935
378
14
55
346
597
328
51
270
129
0
517
799
1231
1687
1845
1689
1180
297
0
0
0
255
119
0
0
0
0
0
0
70
36
0
0
2284
732
0
143
4
71
0
55
0
0
704
375
0
1497
233
0
1067
954
1389
1411
1369
1593
2636
3379
2072
254
355
0
0
1009
3028
2572
2412
448
887
2913
3715
2220
171
0
37
0
450
1361
1808
1487
625
0
787
2078
1268
29
61
0
0
0
61
14
218
90
0
0
0
96
0
0
109
42
0
0
384
239
0
0
155
308
90
0
0
0
370
0
0
226
530
120
0
0
113
0
353
189
0
109
0
0
9
0
866
569
0
0
0
678
351
0
33
0
0
0
0
4
0
119
0
0
788
364
0
9
616
251
0
0
0
0
0
0
0
308
325
275
381
205
205
400
244
210
202
162
53
335
850
1011
596
252
219
52
3
100
266
295
265
180
60
12
15
168
0
18
3
140
82
46
0
0
0
353
0
1132
324
0
17
0
0
0
73
109
0
195
126
157
667
686
94
0
0
0
0
0
697
904
1456
1975
0
626
0
747
0
0
0
0
2149
1775
3900
3667
2725
29
0
465
0
0
0
122
1104
708
0
84
456
335
98
0
0
0
0
0
0
0
0
129
473
376
0
0
0
0
0
17
6
0
0
0
893
1177
863
83
0
0
0
1720
1652
869
23
173
374
1096
965
465
0
48
32
0
1098
2554
1740
1430
2346
2318
1007
127
0
0
87
50
0
389
1438
188
310
1079
1727
1460
110
0
0
92
0
0
0
526
126
519
136
132
348
0
0
0
0
0
0
0
361
0
0
0
0
0
0
57
504
600
540
53
0
0
0
0
0
0
0
0
0
49
42
14
0
118
0
90
298
288
101
0
0
0
113
0
734
438
0
353
0
0
0
502
124
0
430
290
0
0
613
14
0
0
0
0
421
1595
2299
1901
1472
0
263
239
897
173
0
0
0
2963
2452
3112
1650
1060
0
0
0
0
0
0
0
0
415
0
0
5
578
0
0
0
117
95
0
0
0
87
293
0
0
0
0
0
44
0
8
0
0
0
550
1493
942
226
22
0
0
0
116
859
1118
214
0
150
245
156
185
0
0
0
0
0
402
0
476
0
228
234
34
0
0
0
0
0
0
251
461
722
244
544
531
42
0
0
0
0
0
21
195
380
455
16
65
290
0
0
0
0
257
1408
1246
1673
2182
2272
1655
1296
1528
1522
2493
2945
0
0
0
31
18
91
0
0
52
162
270
369
1266
0
10
46
69
0
0
0
0
0
0
0
0
1332
46
710
0
615
0
20
275
136
0
11
56
396
465
38
2413
530
886
21
8
163
73
64
0
0
73
1005
571
2518
763
690
0
0
0
0
0
0
167
1344
1251
203
753
47
252
483
266
0
0
0
459
1046
1045
740
0
0
0
0
0
0
162
0
0
388
961
538
35
0
0
113
72
0
12
120
36
0
0
0
36
82
0
0
0
569
1466
1787
1177
151
0
0
0
0
0
242
169
0
473
2692
4724
3532
2344
1406
454
0
0
0
510
336
0
10
715
2707
3383
2595
748
135
0
0
0
468
373
0
53
138
625
733
882
708
201
0
0
0
420
496
573
472
1348
1799
2241
2796
2719
2282
985
0
0
492
156
272
420
530
726
1777
2227
2049
1546
157
0
0
59
26
0
40
0
250
300
304
150
87
0
0
0
241
0
196
389
14
18
8
104
108
0
0
471
3
444
186
927
950
1266
1115
1500
430
0
0
9
0
21
430
1491
1646
1290
2115
2074
2493
2429
0
0
0
572
547
192
677
778
612
952
2714
2713
1287
1064
559
1357
872
256
0
34
0
0
0
40
192
0
0
0
44
464
57
0
0
94
74
0
10
311
343
0
0
0
0
12
0
0
0
940
2765
3287
1163
68
0
0
124
51
0
153
130
0
731
4631
5403
4569
2079
338
136
0
0
0
214
174
0
259
2028
3224
3540
2673
14
0
0
0
0
320
296
0
57
952
656
1217
1768
1724
514
0
0
0
403
654
817
354
392
640
956
1102
1262
590
0
799
1587
1215
763
554
361
648
811
1164
1249
1063
622
0
221
457
98
40
68
270
98
238
319
155
20
0
0
0
946
0
1158
270
437
221
0
0
74
144
16
0
805
152
374
1418
935
862
2
0
807
722
578
697
1085
1984
2089
363
1255
1879
2840
1920
56
584
1257
2180
911
2559
2530
2167
165
316
587
766
687
1143
1611
1374
181
472
941
1099
762
9
8
0
189
145
0
232
220
355
954
1254
354
0
0
0
53
90
25
8
415
292
805
3408
2719
1125
90
0
0
0
542
0
0
0
0
483
1778
2115
1099
0
208
110
0
1064
1970
606
0
0
0
31
38
0
0
393
209
0
239
1112
720
373
202
59
57
7
0
0
464
433
0
14
774
305
479
451
371
0
0
0
0
0
0
274
255
186
356
596
715
625
0
75
514
925
0
0
535
523
0
0
0
0
0
0
0
11
1047
0
0
74
55
69
18
4
0
0
31
0
0
1149
140
1019
72
0
48
0
31
0
49
2
6
618
403
0
1876
1791
345
638
236
0
0
420
523
1049
726
526
0
1285
1473
1145
1436
842
0
468
1158
622
680
411
279
0
247
0
112
240
631
0
0
0
0
358
305
215
82
0
0
0
0
0
216
761
305
0
0
52
0
0
0
0
18
0
58
31
65
0
0
0
0
0
0
0
0
478
552
1050
296
67
15
0
0
0
0
7
162
0
400
654
1339
2026
1200
604
125
21
0
0
28
219
0
0
323
844
1502
2131
398
274
98
0
0
174
261
0
0
721
932
1308
1237
881
104
0
0
0
97
326
455
234
533
612
562
620
617
602
369
672
1294
0
0
0
0
302
312
579
468
170
94
4
57
1017
0
0
103
20
71
169
38
202
230
262
64
0
812
235
914
273
539
104
0
0
117
441
83
0
0
0
285
1841
0
1187
1717
1519
1537
1032
87
0
0
0
0
207
996
3
743
1417
3872
4199
5094
591
208
0
0
0
226
440
251
0
1097
2362
1283
1281
1159
565
686
213
0
0
0
0
43
35
56
154
443
309
264
434
511
5
0
0
8
6
13
2
94
217
298
1417
1159
587
145
0
0
0
936
1756
1699
573
0
331
1532
1825
913
0
229
151
0
1003
3488
3173
1930
960
12
649
0
0
0
439
343
0
375
1774
1926
1903
937
188
0
0
0
0
502
339
0
7
461
824
1345
1645
1255
314
0
0
0
625
783
346
68
617
641
332
197
192
160
0
0
342
128
0
0
0
349
573
516
420
459
345
161
3
0
15
25
0
194
60
28
0
0
0
8
0
0
392
296
1680
389
0
50
9
145
242
0
17
373
1339
926
284
965
458
382
743
872
2220
891
0
370
563
2294
3511
179
207
1322
2255
2143
2122
4126
6328
2377
1189
2216
2822
2816
211
0
384
365
332
1242
3754
3308
1809
0
350
5
169
0
29
0
0
0
9
459
563
187
468
700
287
40
0
0
74
66
7
0
17
197
0
63
441
243
82
0
0
0
0
0
308
650
0
0
576
234
133
0
143
48
0
335
1192
3080
2852
2221
1123
646
49
0
0
450
303
0
222
18
433
917
1412
834
653
16
0
0
261
152
0
0
680
715
504
631
410
245
0
0
0
249
442
945
482
1420
1923
2425
2377
2178
2138
1719
1283
1154
0
0
0
0
515
811
962
968
852
766
399
362
789
20
11
0
0
0
19
258
373
384
411
280
108
364
504
752
286
0
0
30
367
551
0
0
48
740
782
533
7
0
0
430
997
2280
1613
0
90
677
1673
1466
351
0
0
0
0
1734
2173
4201
0
0
356
820
333
295
146
0
0
21
199
0
0
0
0
0
350
0
0
20
0
6
10
36
14
25
0
0
0
0
0
0
0
0
6
8
0
0
0
0
351
497
212
20
0
0
0
582
5
0
121
85
264
743
473
74
0
0
0
0
675
704
1626
1423
1711
1564
435
30
0
0
0
0
0
177
238
645
1445
2261
708
41
0
0
0
84
47
0
6
385
758
1094
978
1090
335
0
0
0
468
547
200
175
0
301
549
279
10
0
0
0
981
695
764
491
34
0
0
0
0
0
0
0
96
284
25
27
331
316
19
42
230
0
0
0
0
0
646
105
2850
742
16
13
3
56
0
0
0
87
1685
617
59
1602
1562
507
192
339
84
1289
1862
2088
3940
5319
5270
0
963
807
1703
948
44
0
0
3975
3857
7042
6084
4738
107
234
320
519
311
775
752
1314
767
31
782
987
1030
66
3
0
0
0
0
0
0
0
0
0
0
0
0
0
0
8
0
26
0
8
0
0
0
11
27
0
0
0
1076
1957
1610
45
194
121
0
0
0
0
34
34
0
221
913
1653
884
174
0
0
12
0
0
203
70
0
317
935
1539
1331
548
0
0
0
0
0
170
87
0
4
296
136
0
0
52
0
0
0
0
434
1039
863
247
409
420
344
299
239
220
0
446
1616
573
583
480
185
0
38
173
0
0
0
0
0
953
40
61
43
114
2
0
0
0
0
0
0
0
1313
30
554
177
149
362
0
0
0
265
92
0
0
581
0
1634
802
551
0
0
241
0
694
1319
1818
2354
2532
80
1802
1936
2369
2656
753
1083
617
3612
2685
5660
4942
3339
51
22
987
93
505
1508
2323
1845
1634
235
195
434
0
12
0
0
0
0
7
159
0
0
0
0
0
0
0
0
34
14
0
38
0
0
0
0
0
0
43
0
0
0
335
951
820
461
291
0
0
0
60
0
3
0
0
487
2363
1872
591
286
0
181
5
0
0
293
156
0
0
909
1288
724
0
174
0
12
0
0
396
300
0
33
65
0
0
281
462
283
0
0
0
383
650
1266
791
1138
1669
1528
1226
1477
1514
945
429
56
632
408
784
513
498
454
660
763
689
600
73
0
59
77
68
22
167
0
128
267
102
47
0
0
0
107
303
1128
236
323
195
14
168
262
123
65
279
1193
605
347
2912
1840
1101
1713
1654
2548
2870
1192
880
1265
1484
1438
230
2058
3288
2192
2499
3761
4854
7431
3583
1626
1156
1496
1484
189
425
442
699
478
1355
1898
1405
711
379
676
598
792
0
32
0
0
0
74
0
0
0
412
726
436
148
0
0
25
48
7
0
50
76
0
0
562
526
65
0
0
0
0
1016
2001
1247
125
329
80
134
180
0
180
313
0
0
0
267
1159
864
0
80
21
0
0
888
548
0
4
0
74
424
44
0
0
108
0
0
763
782
0
13
0
0
0
119
14
181
0
0
0
339
179
0
0
0
0
0
0
0
0
0
0
0
301
727
501
196
36
84
789
1087
882
838
573
136
0
32
27
47
66
0
0
43
0
0
0
0
0
0
34
0
0
0
35
0
0
0
78
90
0
0
0
20
0
618
165
152
211
0
0
327
906
1075
607
0
0
0
1133
608
1335
1085
1143
345
3127
1749
1089
334
0
0
256
575
120
0
574
2461
1031
841
155
387
302
226
141
47
0
81
65
35
0
0
12
144
108
0
23
0
0
0
0
0
10
0
0
357
533
0
0
10
0
0
0
470
1068
533
0
147
0
0
0
0
0
0
0
0
127
1226
88
0
0
174
521
39
0
0
0
0
0
12
318
0
0
0
0
541
100
0
0
0
0
0
28
523
0
0
0
0
362
0
0
0
545
1515
1982
1149
991
1051
1053
1021
1087
886
300
508
506
937
1006
708
170
0
0
24
175
339
198
0
0
0
48
62
37
45
12
12
0
0
0
0
0
0
0
145
333
242
503
62
0
0
13
253
16
51
463
150
661
0
0
926
138
54
0
0
0
0
0
0
47
556
809
0
1286
1822
0
0
0
0
256
0
0
0
205
612
416
118
489
1779
167
0
250
604
27
0
0
27
9
0
0
0
78
6
90
74
432
855
564
158
0
0
75
56
7
0
175
105
0
35
446
594
105
0
0
0
528
1131
1410
1004
338
92
117
501
422
0
270
180
0
278
2499
2731
1811
899
0
547
23
0
0
604
343
0
0
745
1652
1378
0
0
0
4
0
0
740
462
0
12
563
515
767
602
503
178
0
0
0
1178
2285
1831
949
766
593
667
575
235
0
0
0
0
626
1173
1046
140
13
145
791
1054
891
809
478
9
0
13
0
232
148
46
0
0
0
0
0
0
0
0
272
1062
446
26
201
0
0
15
201
54
98
340
228
582
370
94
227
616
443
0
0
329
1512
1410
382
226
368
0
1814
1129
2474
1016
212
1189
757
978
720
444
108
7
103
117
46
90
879
2553
1153
372
145
133
354
409
150
68
0
18
40
35
169
829
360
0
0
0
59
0
0
64
44
0
10
53
56
6
0
0
0
19
0
0
0
0
0
0
198
64
38
0
0
25
0
170
107
0
68
0
0
306
395
495
158
0
0
0
373
109
0
0
0
0
25
192
491
84
85
0
0
268
146
0
28
1107
851
706
328
0
0
0
0
0
706
1251
982
777
1181
1278
1183
908
782
566
212
0
0
539
658
464
97
0
0
80
32
0
0
0
40
0
30
2
211
160
101
0
0
0
0
0
0
0
0
0
740
340
0
33
2
231
483
20
0
24
0
16
394
944
764
197
331
423
1625
1839
363
134
622
883
198
143
1079
954
0
1296
477
162
1498
0
0
0
845
444
0
228
363
100
0
583
1462
1261
565
0
221
600
759
92
51
0
99
65
81
102
0
119
499
601
133
157
0
0
9
28
0
20
140
112
447
908
422
22
0
0
0
0
50
0
0
0
6
67
50
75
160
0
0
0
0
0
0
0
0
68
2019
650
52
0
0
0
0
0
0
0
0
0
0
623
1027
102
0
0
0
0
0
46
143
0
0
0
0
576
0
0
0
500
1614
2472
1617
1123
1323
1704
2001
1887
1738
1739
2454
2319
0
0
322
340
243
375
764
1122
1089
1069
501
300
1076
10
0
0
46
50
0
308
333
329
320
230
108
993
70
0
0
0
40
0
49
136
111
1
0
0
21
119
1163
0
0
0
0
258
194
0
0
0
0
0
151
658
158
0
0
0
356
219
0
0
0
0
0
20
269
0
91
0
209
644
711
0
0
0
0
0
0
28
0
16
20
0
13
257
154
0
0
0
0
0
0
0
0
0
6
22
0
9
0
0
0
0
0
0
0
925
840
414
100
8
32
0
0
0
0
158
165
0
426
943
1681
2056
2560
2521
39
0
0
0
258
157
0
0
0
546
1573
3266
1309
0
0
0
0
479
232
0
0
240
712
1472
1760
1867
403
0
0
0
1256
2449
2927
1523
1608
2244
2895
3022
2875
1862
1308
829
447
1782
2009
1610
483
21
0
418
828
928
874
196
0
0
148
104
2
0
0
81
364
100
0
0
0
0
0
65
892
0
304
0
0
0
0
118
28
140
739
112
419
2285
1038
710
93
41
787
200
0
0
93
118
301
57
1133
1130
1145
407
0
128
323
0
0
0
0
290
79
249
48
295
33
9
231
478
0
37
0
0
73
86
0
0
46
30
0
40
510
348
936
1247
537
0
0
0
27
0
0
0
210
118
227
912
403
0
0
0
0
0
0
0
0
0
311
252
0
0
0
0
0
118
0
176
0
0
940
1715
2736
427
22
0
0
187
278
0
0
0
0
0
1317
1199
232
41
0
0
282
436
0
12
100
274
244
579
588
250
0
0
0
825
1156
819
178
139
354
822
1335
1272
735
80
0
0
111
358
329
273
491
888
1872
2312
2062
1701
601
165
0
0
0
9
0
3
103
458
366
354
243
188
81
0
345
247
0
0
0
1
58
64
0
0
0
0
0
582
1349
0
0
0
0
1056
308
0
0
0
0
535
146
1203
1361
562
0
0
490
2205
146
0
524
725
1146
300
547
543
303
0
0
1618
1872
365
0
48
0
0
116
12
0
5
0
0
0
0
0
0
238
274
0
0
0
0
0
0
24
0
0
30
271
0
10
0
0
0
0
1300
1545
745
0
0
0
179
379
184
0
22
138
0
1015
1745
287
0
577
766
0
0
0
0
136
202
0
527
1008
0
0
101
553
171
0
0
0
224
229
0
0
187
0
232
715
1397
426
0
0
0
0
0
0
0
1094
1418
1607
1735
1152
277
0
0
0
39
0
0
0
869
1436
1833
1860
1676
1262
474
221
0
0
0
0
0
57
0
0
0
0
0
0
0
0
185
334
223
0
0
0
0
9
0
22
63
642
231
226
0
0
101
499
452
1887
101
0
0
329
3321
5159
16
275
1010
2059
878
1417
3653
6098
3899
1865
5003
5277
4661
71
123
686
487
0
63
1889
1496
1127
30
0
0
737
0
0
0
0
0
0
0
187
130
0
0
0
0
0
0
0
0
4
0
0
77
0
100
0
155
27
0
0
0
1273
2721
2829
1172
185
23
224
321
189
0
5
0
0
1106
2942
2331
1347
800
0
35
0
0
0
310
181
0
488
938
935
292
0
0
0
0
0
0
115
187
0
0
0
0
0
471
565
0
0
0
0
168
173
279
151
1080
1147
1139
1240
1182
662
185
0
0
39
0
208
304
524
575
469
304
316
196
0
107
311
0
15
82
63
40
128
253
140
70
13
0
0
126
632
3296
668
340
0
3
57
123
0
0
243
1492
755
1055
4049
2279
1030
588
307
1501
599
299
148
279
264
761
481
1917
2001
1178
137
59
193
2026
0
0
0
0
290
243
454
0
421
199
0
341
1076
0
160
168
315
541
2
0
0
0
0
0
188
334
205
101
189
296
2
0
0
94
50
9
0
265
228
0
384
672
459
122
0
0
0
31
1349
2329
1291
248
399
599
663
355
0
292
289
0
416
1946
3528
3682
2863
789
20
0
0
0
722
600
0
129
930
1306
1785
1666
648
0
0
0
0
576
661
0
6
6
182
1043
1744
1554
733
0
0
0
759
1833
2394
1674
1163
1124
1078
1481
1530
1075
1151
1265
1017
485
694
960
676
1103
1477
2205
2693
2727
2279
851
236
375
21
15
0
0
6
226
760
836
623
441
248
81
251
346
1319
328
232
55
3
0
0
126
0
140
668
602
566
2435
115
271
855
584
813
1442
592
75
0
0
0
473
1360
959
826
0
345
563
2076
1421
667
0
0
0
5
172
0
0
82
0
95
333
0
154
0
0
0
46
30
0
40
30
0
121
455
226
275
783
500
0
0
0
78
14
30
2
134
86
199
2159
2791
1848
116
0
0
0
377
0
0
0
0
476
1608
2222
1163
0
245
262
0
661
0
0
0
0
473
0
58
0
0
473
223
0
150
651
113
186
1564
831
189
0
0
0
564
361
0
12
1060
1260
2472
2195
2036
471
0
0
0
183
1089
2250
1278
524
420
484
162
70
167
782
1946
2640
155
0
0
0
0
53
0
75
465
584
329
0
344
0
10
32
126
79
84
132
99
172
287
262
126
334
41
342
153
377
104
19
88
0
88
76
100
1531
598
332
1219
468
278
923
438
921
2051
1382
996
1419
2605
2731
293
676
184
3026
2421
1217
1594
2673
4325
2084
3618
2888
1761
86
393
415
0
480
1290
1006
1010
497
509
1026
550
209
0
0
0
0
0
19
0
207
104
0
126
173
41
0
0
20
0
0
22
316
112
0
0
0
0
0
0
0
0
0
0
0
229
0
0
0
69
114
0
0
53
0
0
0
0
0
0
0
370
53
0
0
155
201
0
0
0
0
0
0
0
687
37
0
0
175
175
0
25
0
0
0
0
0
141
0
0
0
263
127
0
0
8
0
0
10
0
0
0
0
0
330
0
0
0
0
0
0
0
0
0
0
0
0
30
0
19
0
111
0
0
0
0
6
0
0
0
0
0
8
0
0
0
93
122
276
181
0
111
0
3
0
0
0
0
0
17
0
0
0
0
1296
2445
79
210
977
2276
913
0
0
0
1957
1441
3737
3839
3447
42
207
387
268
0
0
1575
1025
1113
0
155
494
696
0
8
0
0
0
0
303
294
60
0
0
0
0
0
0
0
0
14
0
0
63
0
562
644
632
45
0
0
0
181
0
0
0
0
180
755
855
515
0
1
0
0
455
662
924
701
663
852
199
39
0
0
34
0
0
75
755
1088
1410
1820
721
532
0
0
0
145
102
0
20
484
565
614
633
852
0
0
0
0
216
650
861
539
322
190
288
413
392
60
0
191
663
189
213
263
255
597
737
504
188
0
0
0
112
215
16
9
19
0
83
30
10
0
0
0
0
0
257
88
974
245
121
0
2
60
0
0
13
0
0
142
205
1966
850
159
344
32
271
359
210
66
213
506
537
169
1574
824
400
1069
0
771
1238
0
0
0
65
70
69
257
88
153
81
663
236
172
13
99
427
626
642
32
1
0
5
5
0
0
0
0
0
21
153
8
0
0
26
68
0
16
180
123
0
0
0
197
77
0
0
0
1445
1893
1997
827
412
32
0
827
592
0
84
152
0
888
4103
4641
3878
2440
506
92
0
0
0
240
243
0
138
1373
1524
1396
848
347
0
23
0
0
373
264
0
11
869
583
770
286
74
0
0
0
0
1054
1970
2386
1572
1170
1787
2212
2062
2131
1981
1393
633
218
1404
1388
1204
346
159
133
275
546
691
658
388
0
0
123
83
7
74
1
243
402
418
283
167
44
0
0
137
1805
59
111
272
0
0
0
191
97
99
1090
304
438
3409
1540
466
739
507
888
1640
2623
2035
3526
3653
1533
252
1557
1532
2442
2193
2345
2328
2087
4902
3823
4807
3347
1831
206
261
186
0
910
1902
2286
1603
859
84
1009
1258
553
2
24
0
0
0
34
331
133
0
0
0
0
6
0
0
92
42
0
34
452
340
0
0
0
0
0
0
0
0
0
0
24
230
0
0
0
0
0
0
7
125
0
0
0
10
277
507
693
130
13
0
0
400
299
0
0
0
0
0
197
356
212
41
0
0
380
559
0
8
0
0
0
375
552
0
0
0
0
0
187
1166
836
65
93
99
138
71
0
253
313
70
618
786
1446
711
136
89
159
93
34
0
0
0
483
113
54
0
0
27
92
384
146
149
124
136
72
10
296
738
0
383
148
20
329
461
0
0
166
575
515
441
2055
1427
753
540
190
145
100
301
422
392
560
686
357
1633
1705
2297
1803
485
1111
2084
854
415
0
0
13
170
699
385
470
242
423
0
0
0
395
112
0
39
0
0
0
0
0
0
0
345
185
0
0
0
0
0
0
0
36
1
28
145
48
0
303
266
98
0
0
0
0
569
558
500
320
0
81
357
249
25
0
229
54
0
549
829
809
1439
1737
2029
1060
46
0
0
265
128
0
347
850
829
925
110
989
653
35
0
0
356
262
0
0
464
200
0
32
442
612
0
0
0
683
1474
2084
1556
1122
1345
1650
1793
1809
1684
1619
1140
103
583
809
1098
567
294
440
869
1307
1526
1440
781
191
0
12
9
83
158
0
156
612
727
703
671
464
198
0
75
1501
291
403
0
0
0
0
124
45
59
83
0
438
2776
757
567
556
391
1404
593
164
0
0
0
0
386
2219
2605
899
376
1477
2337
5000
769
0
0
0
0
17
765
103
254
465
351
2434
1652
15
302
672
578
318
66
54
0
0
0
0
2
8
0
49
395
388
0
0
0
28
20
0
40
87
18
4
0
0
52
0
0
0
0
1171
3045
2985
1365
483
258
0
0
0
0
140
120
0
474
2883
3703
4264
2710
2231
492
0
0
0
371
258
0
164
1323
2310
2919
1989
1256
47
89
0
0
367
251
0
45
310
25
124
0
187
488
0
0
0
566
856
842
261
321
835
1029
788
681
454
0
273
889
351
518
0
0
318
875
1243
1730
2047
1652
610
105
149
0
15
274
92
43
0
0
0
0
0
0
0
525
122
515
152
74
56
2
46
47
247
95
8
826
324
254
1189
101
225
491
533
1725
1890
576
304
0
0
211
23
38
0
656
564
817
935
3117
979
0
0
121
124
22
0
0
0
159
372
435
1558
248
0
303
201
3
39
0
0
7
0
52
233
123
107
212
281
356
42
0
0
48
0
0
0
116
249
176
0
0
0
0
0
0
0
939
1298
861
318
28
0
0
0
0
0
190
126
0
521
2535
2038
504
0
0
269
0
0
0
492
300
0
199
1079
1111
887
515
152
482
0
0
0
426
344
0
0
17
0
92
199
707
30
0
0
0
0
0
0
0
220
0
233
584
259
260
373
567
986
254
25
0
0
86
114
292
469
576
596
538
436
795
40
2
59
334
84
0
0
0
0
0
0
0
461
0
119
436
136
191
0
0
0
177
92
0
0
0
0
0
0
0
0
0
0
0
0
0
0
0
0
219
251
0
0
0
0
0
0
0
0
0
0
0
0
248
0
0
0
0
0
0
0
0
0
0
371
37
37
0
0
0
0
0
0
0
0
0
0
0
0
0
0
0
0
0
43
0
0
0
0
0
30
0
0
0
426
1439
1621
751
617
179
0
0
0
0
0
0
0
0
828
2794
3459
2240
1558
812
9
0
0
0
0
0
114
0
552
727
464
407
0
0
0
0
0
0
0
0
0
0
0
0
0
6
0
0
0
228
893
900
661
941
1303
1892
2221
1899
1348
517
1032
1626
0
0
0
77
989
1426
2182
2525
2425
2015
885
187
423
0
8
0
0
42
128
573
420
439
310
254
99
865
0
0
0
0
218
2
0
0
299
43
0
187
263
0
441
0
113
1187
1255
2061
959
247
447
609
1250
2419
20
642
133
0
0
2491
3207
5152
56
58
2706
3577
2774
299
32
475
0
0
43
2076
2996
1595
0
0
23
0
0
31
0
13
0
7
96
137
88
407
712
359
19
0
0
27
28
0
0
0
218
262
911
308
111
0
0
0
0
491
0
0
14
0
0
654
899
349
0
132
107
0
771
0
0
0
0
0
346
17
0
0
187
72
0
386
429
0
0
0
45
289
0
0
0
176
172
0
0
11
346
250
0
392
0
0
0
0
0
153
402
106
237
207
213
200
133
0
0
581
1323
0
0
0
0
492
698
1148
1186
1048
891
579
272
526
0
6
0
89
75
186
555
487
343
201
168
36
976
356
655
21
234
0
0
49
96
241
21
313
1723
953
651
0
574
1056
432
446
262
0
0
0
264
1523
2851
325
713
1296
2578
1612
534
0
0
0
0
1776
2322
2826
411
266
755
800
82
504
1099
383
741
427
495
0
0
0
0
0
9
5
0
0
86
84
854
1382
851
11
0
0
10
0
26
0
50
0
67
1391
2025
1084
150
0
0
0
1328
1667
714
0
184
646
1505
1354
633
0
0
7
0
1167
1912
807
6
536
492
258
50
0
0
3
82
0
416
1100
664
164
0
794
106
22
0
0
0
0
0
0
0
11
74
22
412
375
0
0
0
429
656
455
531
1061
1244
1233
979
807
602
626
74
0
0
88
46
76
880
1298
1934
2216
2012
1707
872
274
0
0
0
32
96
37
10
309
357
297
255
132
54
0
232
821
132
0
0
0
0
0
67
0
77
281
275
457
1146
241
0
0
0
892
1221
0
5
308
82
0
227
291
0
0
0
0
535
1798
0
0
0
0
0
132
72
0
0
17
0
659
1435
75
0
0
384
60
24
16
0
0
0
0
42
182
18
0
0
158
0
0
0
31
34
0
46
38
70
10
0
0
0
0
0
0
0
666
290
0
0
7
43
0
0
0
0
16
47
0
373
857
0
312
659
1197
0
0
0
0
0
0
0
329
1043
1137
1197
1977
783
0
0
0
0
0
0
0
36
821
805
1490
885
1118
354
0
0
0
6
60
0
0
0
0
0
0
0
0
0
211
1039
1137
864
577
0
0
0
0
0
0
0
0
0
345
52
63
289
413
116
0
0
0
0
0
0
0
707
41
424
169
269
307
0
257
423
279
143
0
0
202
234
346
569
179
0
0
1684
2205
745
85
506
1937
1298
381
660
587
1919
0
287
2036
2101
4823
3160
3352
1966
1672
197
78
157
0
0
0
173
928
133
221
0
0
363
18
0
0
0
0
0
0
0
0
10
100
249
57
0
0
0
18
0
0
0
31
0
0
0
0
0
0
0
0
399
0
0
0
0
0
0
0
0
0
0
0
0
0
0
0
0
0
26
149
6
0
0
42
0
0
0
0
0
0
0
336
579
51
0
0
255
119
0
30
787
477
652
373
0
0
0
0
0
52
442
971
496
104
0
0
0
0
0
0
1738
2809
1037
525
569
113
0
102
436
384
299
324
309
246
1313
23
9
68
91
56
67
136
86
7
0
0
0
1506
33
2168
387
253
65
0
0
0
214
85
298
911
896
497
3831
2268
1190
584
214
94
0
299
249
733
1794
949
287
2798
2403
2726
2110
468
590
0
3078
1836
1418
1523
1071
0
540
612
0
0
1161
2698
1690
1648
410
551
47
0
0
3
0
0
0
20
94
403
253
407
809
776
90
0
0
10
60
5
0
0
75
0
416
512
469
129
0
0
0
725
2243
2683
1487
649
367
94
474
433
0
175
48
0
311
2643
3867
3857
2180
0
283
19
0
0
468
192
0
395
1946
2492
2760
908
55
0
73
0
0
440
240
0
21
591
140
0
0
0
337
0
0
0
0
0
395
678
1360
1415
1545
1184
607
0
572
1327
1779
0
0
0
17
0
0
402
497
269
307
270
195
1290
0
0
15
85
14
121
299
523
549
464
392
180
1099
31
861
114
350
125
17
162
148
276
110
0
313
448
192
2320
1504
474
1163
1087
2107
2509
27
0
0
422
216
345
1522
1096
384
1192
1745
2835
4749
991
0
0
25
0
22
243
0
0
316
432
293
1047
259
72
0
6
172
0
18
0
49
35
135
145
334
351
27
113
0
157
0
0
82
116
0
0
391
345
253
327
374
335
40
0
0
0
0
0
109
434
157
0
292
588
433
0
0
69
0
0
0
0
0
0
64
663
14
0
0
145
65
0
0
0
0
0
0
0
143
0
0
0
68
131
0
23
0
0
0
0
0
0
0
0
0
0
0
0
41
1973
2728
3289
3580
2795
1935
168
209
924
0
0
0
24
1053
1422
2106
2583
2877
2477
1001
152
331
5
73
0
48
48
108
259
163
125
0
0
0
939
172
0
61
0
39
0
0
0
100
0
7
138
119
232
0
0
0
0
126
1003
0
0
0
0
0
1529
298
759
0
0
0
352
1301
781
0
0
1616
2307
2169
374
243
420
301
280
1332
1953
1179
543
0
0
23
0
0
47
0
24
20
0
0
0
0
636
843
402
0
0
0
45
0
9
4
0
57
133
637
874
292
41
0
0
0
0
0
0
0
0
179
854
1053
427
0
0
19
0
230
187
0
0
0
198
443
8
0
0
0
2
0
116
0
0
0
0
114
0
0
0
0
3
248
0
8
0
143
86
644
631
147
0
0
0
577
1591
2485
1559
1150
1382
1903
2185
1991
1733
1313
1615
1892
213
99
458
261
207
389
1003
1288
1321
1250
639
89
925
0
8
143
285
55
108
434
492
553
512
470
180
506
0
978
109
235
105
0
0
0
368
174
14
216
97
0
1749
1524
678
406
789
1278
509
503
951
1622
913
0
124
604
626
561
119
375
819
1224
1665
665
0
0
0
0
5
3
0
0
0
974
345
0
117
0
0
0
9
41
0
13
0
61
77
0
83
235
202
110
72
0
0
0
0
7
6
0
0
139
919
1073
393
81
0
0
0
1012
1169
263
124
352
395
650
716
206
0
103
86
0
711
974
0
0
42
634
874
56
0
0
218
98
0
258
483
0
0
93
805
520
107
0
0
271
231
0
0
376
184
8
253
17
230
0
0
0
492
698
764
544
2073
2795
3403
3831
3700
2743
1396
252
0
0
151
149
336
1400
2033
2950
3684
3818
3280
1522
271
0
27
19
41
88
77
60
311
309
345
410
338
171
0
330
487
0
16
71
0
0
0
413
113
0
0
0
274
629
328
158
955
713
1548
1031
92
142
0
0
0
80
18
805
412
140
1301
2437
4720
1451
202
0
0
0
0
0
56
0
235
38
1913
2037
151
0
0
0
29
21
0
0
12
10
48
130
407
180
143
109
0
24
0
0
32
0
0
32
150
36
47
0
0
0
0
0
0
0
545
95
0
54
0
0
0
0
0
0
177
209
0
594
0
0
15
0
605
132
0
0
0
439
337
0
49
0
0
0
713
547
296
35
0
0
472
470
0
2
0
96
468
442
866
301
0
0
0
135
1155
2360
1432
1358
1649
2235
2617
2415
1975
1675
1707
1168
555
543
1153
585
164
274
1033
1437
1508
1465
676
0
318
110
68
104
396
60
166
648
659
538
413
242
108
235
297
2076
694
529
386
0
0
0
801
238
0
243
249
363
3771
1561
645
203
0
0
133
1324
1530
1021
839
0
855
2840
3531
2905
2022
662
929
877
4647
2802
1534
517
91
174
794
434
0
669
815
1966
685
787
486
1203
1143
215
0
30
0
0
0
0
132
87
18
603
1313
1101
2
0
0
127
138
0
10
430
374
60
77
294
460
38
0
0
0
467
2180
2971
1411
0
0
0
397
235
0
366
232
0
521
3727
5012
3590
1673
0
81
39
0
0
967
579
0
80
1311
2687
2497
826
97
0
71
0
0
1158
918
0
51
600
406
110
366
592
363
0
0
0
319
483
470
174
0
80
0
0
80
115
243
944
1281
591
271
193
87
0
0
0
0
0
0
0
288
631
0
18
249
352
135
46
0
0
0
0
0
0
622
30
1348
488
0
116
0
8
0
325
278
0
218
49
191
714
926
109
391
86
287
0
381
1044
1568
1323
569
101
415
1161
0
0
0
0
593
118
122
0
0
0
0
233
0
160
0
0
0
0
0
0
0
0
0
0
0
0
0
0
0
141
573
241
0
0
69
0
0
0
21
14
0
0
0
0
0
0
55
0
0
0
0
0
222
947
1340
290
34
0
87
39
0
0
0
92
0
94
1219
2194
1677
1207
762
69
19
0
0
49
64
0
59
459
354
932
1489
59
54
0
0
0
0
105
0
5
530
369
1002
445
421
98
0
0
0
562
1381
1635
1225
1729
1712
1906
2390
2065
1390
808
1361
1567
222
233
524
271
820
1375
2375
3039
3010
2487
966
145
700
22
27
18
1
31
189
439
375
352
353
168
18
896
50
872
271
448
0
14
0
0
0
0
0
0
402
388
2513
539
486
1461
1695
1918
902
114
76
0
1204
1734
438
1979
789
1414
926
2842
2723
4811
949
415
1227
1624
1474
352
397
383
113
616
1248
1199
1873
1167
493
68
310
359
2
0
0
65
45
18
174
548
334
254
549
549
29
0
0
67
70
1
0
96
250
361
1068
657
479
93
0
0
0
179
863
1163
802
63
0
445
1130
651
0
116
62
0
253
2415
3445
3112
1143
186
203
0
0
0
340
124
0
416
1580
2162
2318
1167
503
138
0
0
0
340
179
0
39
735
382
301
0
54
303
0
0
0
581
1725
2972
2074
1663
2099
2621
2301
2156
2019
1889
3130
4094
0
0
458
272
2
45
291
363
318
259
0
18
1487
0
0
0
0
24
80
272
250
264
271
214
90
1755
184
1690
265
341
149
20
17
0
101
0
107
1085
917
164
2795
1621
1038
1277
1210
1315
2266
760
882
1760
3373
4368
328
2266
2232
2221
2037
2184
1856
4399
2684
1157
3907
4788
3842
183
270
183
751
620
258
703
2141
305
290
830
1601
1991
0
0
0
46
30
18
167
350
203
370
376
109
112
0
0
0
52
17
0
34
4
223
1317
1754
1050
75
0
0
0
775
445
0
0
0
280
1347
1323
754
0
118
0
0
671
2132
371
0
806
2215
732
104
0
0
15
0
0
119
677
429
759
1683
852
1205
42
0
0
234
20
0
0
669
270
476
447
913
559
0
0
0
131
0
0
0
1018
1374
1367
833
550
161
0
0
0
368
0
0
10
0
0
0
0
0
0
0
6
195
0
14
21
97
0
11
0
0
0
0
0
0
392
151
854
317
687
360
21
194
192
98
2
137
502
514
545
1376
789
986
612
181
1158
818
0
0
199
823
1243
399
1426
1005
1591
518
0
60
141
14
0
0
509
1082
432
487
0
0
2
0
0
0
0
308
0
0
452
0
7
0
23
25
0
0
363
182
175
338
42
15
0
0
10
20
0
0
142
222
142
0
0
0
0
0
0
0
0
0
0
0
0
0
0
0
125
0
277
95
0
1
259
0
0
0
610
0
0
0
0
440
186
0
54
446
255
330
492
0
0
0
0
0
528
313
0
33
952
669
410
263
58
141
0
0
0
120
681
1343
780
991
1687
2286
2317
2503
1846
446
1524
2722
245
243
289
417
820
1255
1655
2063
2322
1878
660
60
600
0
35
30
142
50
242
289
192
141
69
62
0
1283
194
2506
335
350
60
0
84
92
35
2
121
769
378
102
3554
932
596
437
301
482
741
1615
609
1111
2649
3804
292
2517
1206
2254
1057
704
419
0
3042
2704
5633
5140
4183
165
241
568
375
653
996
0
109
0
489
372
519
614
14
0
0
76
60
0
0
0
105
772
1014
820
22
0
0
7
0
29
0
0
0
306
2180
2593
1408
301
0
0
0
1034
2967
3198
1462
681
895
2020
2433
1291
0
167
69
0
1029
4489
4557
3222
1622
1001
952
46
0
0
409
222
0
455
2388
2370
1609
10
948
398
99
0
0
237
159
0
49
514
184
299
210
171
556
0
0
0
35
0
0
0
552
440
558
916
537
184
0
0
0
253
135
42
97
905
1190
1467
1649
1492
1097
342
173
444
19
30
70
75
5
0
286
153
85
0
20
0
143
77
1963
407
0
134
16
0
0
4
89
114
516
468
229
2195
1287
199
2146
2280
1933
2024
873
579
618
1987
1854
154
1255
1033
0
1279
5197
5048
7433
1185
0
1066
2526
1974
102
125
88
285
928
2834
3977
2989
976
0
429
1607
830
12
59
0
0
0
181
216
0
0
0
0
0
183
0
0
53
48
0
0
105
262
0
0
0
0
78
0
0
0
579
1152
1049
670
217
0
0
295
229
0
50
46
0
325
2175
1696
1432
1170
0
410
0
0
0
378
283
0
66
969
676
682
315
95
0
24
0
0
432
535
0
0
224
0
0
265
778
303
0
0
0
114
521
715
443
321
156
165
163
0
0
130
1077
1690
347
89
105
56
0
0
0
0
0
0
0
93
784
1
10
72
137
39
45
275
339
384
377
376
171
800
207
1330
72
17
93
0
14
13
65
16
170
168
372
486
1377
884
232
0
0
0
0
0
0
0
0
0
374
1212
849
560
0
0
0
0
52
156
0
0
0
167
494
0
52
0
0
0
0
0
0
0
0
461
0
0
0
0
0
0
0
0
0
0
0
0
0
0
0
5
0
0
30
0
0
0
0
0
0
0
0
0
0
440
730
282
0
0
0
0
0
0
0
0
62
0
489
556
0
0
0
334
348
38
0
0
203
94
0
122
33
0
0
0
397
424
16
0
0
294
318
0
0
0
0
191
940
893
447
0
0
0
405
1323
2365
1859
2243
3207
3944
3878
3361
3047
2228
1964
2013
362
580
855
446
928
1324
2524
3314
3456
3109
1500
263
982
26
18
7
18
0
303
800
1011
936
829
542
189
917
401
848
331
0
0
0
0
0
0
9
126
765
799
202
766
0
0
0
116
2
0
0
49
556
1355
1166
371
261
0
0
0
709
617
0
0
0
661
503
250
183
21
258
145
0
43
286
0
755
0
326
341
179
27
0
0
12
0
0
100
248
114
166
157
67
0
0
0
96
34
20
0
205
184
122
1381
1864
956
208
0
0
0
986
2470
2765
1219
461
637
1593
1546
699
0
328
273
0
927
3772
4997
3790
2874
2157
746
90
0
0
555
436
0
608
2122
2807
3512
3057
1625
589
73
0
0
659
437
0
0
469
451
943
733
867
437
0
0
0
375
533
430
632
1403
2077
2511
2335
2175
1773
1374
427
0
0
96
0
2
797
1050
1376
1768
1900
1660
841
108
0
9
0
86
53
0
91
68
161
120
107
0
0
0
176
1892
304
0
65
19
64
0
0
0
0
321
0
182
994
0
0
1217
1758
1888
1587
643
0
261
979
293
155
0
0
0
384
3566
4202
6366
1293
65
388
590
226
130
0
122
70
259
1557
3113
3341
1189
0
510
524
111
11
21
0
0
0
86
359
899
374
42
166
169
101
0
0
67
36
0
30
295
379
0
0
0
0
29
0
0
0
483
313
120
221
541
352
0
0
0
0
0
25
0
534
921
2206
1642
1593
2428
98
0
0
0
0
0
0
145
689
1543
2454
2504
1245
0
25
0
0
0
74
0
1
448
385
471
264
403
153
0
0
0
194
409
712
656
1061
1413
1822
1643
1565
1521
1085
623
578
126
476
465
247
876
1411
2165
2657
2680
2384
1239
193
100
0
3
75
42
0
247
664
751
701
718
474
171
47
617
952
510
38
46
0
158
186
684
194
64
758
397
729
994
638
9
181
0
300
340
184
0
0
892
2171
476
1030
249
380
1229
411
5
677
0
0
1666
2485
2004
77
0
23
285
689
1267
1050
722
0
0
652
1530
689
76
33
0
183
125
58
47
404
442
1069
1117
52
0
0
0
54
6
0
4
259
89
902
1511
715
0
0
0
0
0
288
1122
2049
840
0
0
0
0
0
0
243
57
0
117
1394
1725
2720
0
0
0
0
0
0
432
136
0
75
829
1935
2221
726
0
0
0
0
0
528
180
0
48
1229
1113
1198
0
0
22
0
0
0
106
0
0
0
656
1155
1389
1254
1073
712
0
435
1149
0
0
0
152
684
1081
1520
1736
1550
1076
203
125
1128
0
0
0
39
0
34
20
0
0
0
0
0
1605
24
994
98
589
163
13
39
0
187
112
49
747
863
0
2086
1281
1250
1582
905
2227
2438
931
0
0
1004
2469
0
1350
1620
2405
199
1715
2960
6828
3012
842
2156
2083
2327
0
0
0
358
0
0
1005
2197
586
250
0
0
521
0
26
0
0
0
0
105
3
0
0
0
0
0
0
0
0
0
0
2
0
129
0
9
0
0
0
0
0
0
488
1294
1717
767
0
0
0
0
0
0
0
0
0
750
3123
4159
3576
1801
610
343
0
0
0
0
0
0
244
1322
2540
2424
2158
635
233
0
0
0
0
0
0
4
0
312
1059
1447
2090
615
0
0
0
320
966
1630
921
1029
1082
1287
1515
1029
499
0
0
367
55
289
350
184
591
1122
1829
1858
1467
1133
224
0
0
16
22
28
50
83
193
400
432
347
252
202
63
0
0
0
0
188
576
5
106
215
710
218
0
0
0
0
0
0
444
1090
691
992
19
0
33
0
0
1235
0
0
581
2371
3385
1593
736
2094
1049
251
2342
3001
2059
0
53
412
355
530
1270
825
236
629
247
357
331
155
53
0
0
10
0
81
126
91
112
245
414
55
57
0
0
0
0
0
2
0
0
96
566
234
114
52
0
0
0
1317
1783
1551
655
197
0
291
449
73
0
0
0
0
962
2801
2894
2086
969
0
732
50
0
0
0
0
0
381
1104
1192
613
4
519
3
13
0
0
0
68
0
0
244
624
596
492
337
0
0
0
0
775
1973
3061
2144
1857
2384
2953
2817
2604
2219
1860
2421
2991
623
671
1158
615
157
113
712
1195
1401
1468
786
408
1443
54
11
72
166
11
316
980
1153
971
758
444
171
1376
275
1397
217
0
214
0
199
296
526
173
172
1226
1205
144
2301
927
361
0
0
351
0
574
1312
1546
1510
1613
161
1460
217
256
110
0
0
0
16
790
1532
968
1316
126
549
0
280
148
0
0
0
0
14
995
850
385
0
0
0
122
80
0
0
425
311
933
1160
397
0
0
0
14
14
20
30
0
0
604
2512
2653
910
33
0
0
0
590
1476
1543
535
0
642
1362
1080
296
0
0
0
0
773
1242
2025
2117
1934
1540
166
16
0
0
0
0
0
429
1194
1299
1862
2477
1378
0
0
0
0
0
0
0
0
152
499
803
955
804
427
0
0
0
0
0
0
0
1276
1495
1677
1990
1773
1270
80
0
0
484
536
473
284
1037
990
1036
919
878
591
0
202
119
58
50
0
79
23
218
634
612
470
360
190
63
0
501
439
67
90
105
14
0
0
360
145
33
939
0
512
474
670
711
652
677
203
0
0
350
685
1521
2489
216
132
204
388
2102
1661
839
0
0
0
1930
3309
2551
304
0
488
693
978
2591
661
519
32
274
1223
1548
924
80
0
0
66
40
77
0
0
130
1165
1559
635
102
0
0
69
26
8
0
209
107
362
1306
1246
331
60
0
0
0
735
1348
1911
1314
389
532
784
726
123
0
247
135
0
899
3265
4039
2994
1776
0
430
23
0
0
663
391
0
158
1022
1580
2450
2462
0
0
38
0
0
596
554
0
0
256
606
1376
2021
1751
448
0
0
0
788
2564
3878
2266
1043
1022
1385
1543
1427
1257
1527
2405
2567
91
441
811
485
33
0
261
361
288
350
271
61
658
13
4
9
0
19
134
461
476
533
568
438
189
549
198
2856
424
321
86
0
0
0
47
0
0
66
0
282
4730
1856
738
284
232
254
713
459
128
259
1366
1157
437
2872
2660
1922
1262
1404
1506
3018
2216
991
1574
1573
1159
0
467
378
249
520
701
2623
2423
518
336
801
830
575
32
39
0
0
0
0
72
59
0
0
159
187
0
0
0
107
70
3
10
483
294
0
3
262
399
33
0
0
0
786
331
0
324
356
245
579
701
343
0
508
297
0
455
1094
0
0
7
647
826
72
0
0
840
557
0
177
748
0
0
0
393
501
111
0
0
1004
792
0
26
647
251
0
0
25
355
0
0
0
50
392
1372
572
683
1138
1489
1284
1017
440
0
491
706
136
133
387
231
318
712
1151
1781
2134
1883
734
77
599
8
10
0
63
0
105
35
0
0
0
0
0
506
376
0
133
266
15
0
0
124
0
0
0
386
161
909
728
492
783
402
452
1935
0
0
0
0
0
1126
598
986
89
532
11
1990
3775
4163
0
0
0
1638
1717
403
389
559
534
854
1433
2181
2007
388
129
674
801
530
7
33
0
14
10
0
226
0
0
386
485
71
0
0
0
18
22
0
0
63
55
111
0
0
0
51
0
0
0
517
1132
1220
983
692
74
0
0
27
0
90
0
0
238
1178
2919
2844
1511
882
1023
87
0
0
155
187
0
0
0
1212
1628
621
180
566
156
0
0
287
263
0
16
0
94
214
385
213
263
0
0
0
696
1724
2351
1890
1796
2217
2625
2512
1955
1590
1338
1620
1519
776
208
141
63
281
220
0
0
0
0
0
151
625
0
0
134
223
46
0
115
103
217
344
238
126
325
249
1108
478
187
248
3
0
62
285
137
133
670
381
799
919
254
0
0
396
1692
939
509
664
974
1213
1601
659
1226
946
896
0
46
2406
2977
1643
819
824
813
1176
329
433
197
544
76
111
636
757
517
0
0
423
257
96
7
0
0
0
0
0
155
46
0
0
0
0
0
0
0
0
0
0
0
0
0
0
0
2
0
0
0
0
985
1752
2021
1038
0
0
0
0
54
0
367
95
0
995
2615
1885
664
0
0
0
0
0
0
944
311
0
309
1679
2277
2891
2022
0
0
0
0
0
979
522
0
8
718
567
672
616
301
28
0
0
0
810
2027
2810
1801
1325
1362
1081
715
634
774
869
1582
1566
388
575
495
228
0
0
0
0
0
0
0
258
241
0
0
130
156
104
0
59
193
281
307
246
126
118
271
2591
818
0
0
24
295
531
106
0
30
800
283
500
1156
396
0
0
0
1421
2093
972
112
1422
2314
2352
301
306
0
0
0
0
0
2348
2266
2176
3740
2829
1594
0
0
51
0
0
0
0
18
0
0
0
59
432
87
0
0
109
75
0
0
0
84
1089
1509
736
0
0
0
0
0
6
0
0
25
516
1407
1575
733
15
0
0
0
793
1133
1043
404
0
175
458
456
329
0
0
27
0
348
1749
1071
1225
1595
2304
1013
112
0
0
0
0
0
462
1545
778
1010
1490
1075
975
90
0
0
0
0
0
3
785
743
1200
1139
1015
721
0
0
0
448
1551
2127
1705
891
553
403
412
331
704
877
1386
1612
0
0
30
74
0
0
519
524
68
64
272
398
676
0
0
23
0
101
0
0
0
0
0
0
0
76
189
2166
474
0
0
11
330
558
385
113
0
0
0
683
902
621
308
240
299
489
1312
197
0
0
0
0
411
661
964
0
0
511
0
2531
1065
645
0
0
0
0
161
222
0
0
0
1421
1927
256
0
0
0
0
43
21
0
113
75
34
216
54
349
745
648
289
45
0
0
58
42
15
0
106
90
589
2175
2139
801
107
0
0
0
1132
1954
1042
455
377
423
314
607
499
0
247
91
0
513
2266
731
0
0
0
94
61
0
0
234
109
0
350
1722
1187
806
1
191
63
115
0
0
140
140
0
47
720
463
768
0
0
366
0
0
0
214
445
158
0
0
125
538
490
272
106
247
283
286
276
320
0
0
0
0
121
275
342
365
353
286
238
23
17
0
71
52
168
359
243
164
10
26
18
368
119
1715
355
0
145
0
0
0
114
60
42
1213
946
0
201
1618
377
0
0
423
175
1478
2868
4159
3539
2475
0
0
1605
1516
0
0
31
43
6065
4180
4037
1417
837
0
0
191
92
0
0
690
449
654
48
0
0
0
0
33
0
0
0
0
98
0
0
0
0
402
0
0
0
56
122
21
40
539
386
0
623
982
600
72
0
0
0
583
434
0
0
142
449
1172
710
301
0
134
135
0
621
131
0
0
1131
1545
701
112
0
0
250
380
0
153
0
0
0
0
966
778
28
0
0
158
253
0
0
0
0
0
0
0
162
0
0
0
631
753
581
0
25
311
902
1550
1470
1102
309
0
0
614
581
372
293
646
840
1520
1824
1746
1538
584
126
0
55
23
55
194
0
311
491
512
399
249
148
27
0
168
1455
243
0
185
0
211
186
527
153
165
235
97
409
2136
234
0
266
0
489
1720
1044
643
361
726
492
164
572
1227
594
844
591
360
888
2580
1609
965
560
492
242
570
93
223
488
1015
2743
1819
0
15
975
987
533
0
56
0
12
0
48
303
24
51
269
507
138
51
0
0
38
30
0
0
110
81
202
997
0
0
16
0
0
0
960
1311
656
172
50
0
176
300
0
0
126
37
0
850
2070
2304
1114
809
271
510
0
0
0
301
199
0
219
774
1158
545
0
184
0
53
0
0
319
439
0
8
0
0
0
0
121
0
0
0
0
440
1236
1616
1089
410
56
2
151
61
0
321
237
0
96
385
407
172
0
0
0
0
0
0
0
18
51
0
0
325
279
88
1
0
0
0
0
0
0
0
35
0
423
27
405
20
57
136
0
0
0
0
29
54
0
0
0
189
229
0
1154
885
2068
2156
555
0
121
0
0
492
1706
886
658
527
0
0
0
0
0
15
74
529
507
755
2445
1114
716
512
210
428
88
0
117
8
0
9
5
13
0
133
44
56
69
333
0
0
0
0
0
0
28
0
0
3
0
0
0
0
0
0
0
445
739
1165
0
0
0
0
0
0
0
0
0
0
237
1231
730
910
0
0
49
7
0
0
0
0
0
162
901
1438
1626
810
0
96
0
0
0
0
0
0
41
1135
957
994
1251
1010
189
0
0
0
137
799
1090
515
141
0
0
0
0
0
341
845
549
295
329
249
91
0
0
0
0
0
0
0
84
115
58
35
59
120
1
36
433
360
299
188
162
90
0
99
0
20
0
392
0
70
233
671
145
0
0
0
450
0
0
0
0
0
0
38
59
460
494
427
0
414
0
217
0
0
0
0
79
0
54
0
0
0
0
0
0
0
0
0
989
603
6
0
141
617
212
3
47
0
0
0
0
32
0
0
312
741
479
0
0
0
26
28
0
0
23
87
0
0
132
356
54
0
0
0
503
1270
879
737
369
189
0
383
385
0
406
184
0
362
1231
950
763
1074
967
537
78
0
0
761
533
0
40
276
0
74
290
774
751
159
0
0
883
636
0
2
84
0
0
352
90
227
0
0
0
440
662
312
375
642
699
797
821
494
379
0
0
0
164
427
399
54
31
5
637
794
572
548
0
0
260
0
0
4
0
0
26
300
190
189
178
60
45
317
127
695
180
25
91
22
11
0
247
31
87
566
520
338
848
2
228
1306
1344
1268
3290
658
0
286
1719
2776
204
806
471
19
1888
3237
3329
7091
1124
0
1805
3774
2838
258
0
242
52
618
1674
2635
2470
323
0
514
1768
1039
149
67
0
60
40
72
90
76
136
632
882
390
105
0
0
41
42
12
18
12
61
336
1567
1646
940
159
0
0
0
91
244
460
309
300
376
910
946
654
0
101
30
0
0
0
714
1567
866
2011
1037
78
0
0
145
30
0
0
0
0
363
1050
1268
835
129
0
0
163
84
0
0
381
442
527
456
413
438
0
0
0
0
162
685
443
588
1262
1882
2073
1732
1629
920
1377
1898
0
0
0
0
353
609
892
1215
1432
1281
602
280
847
37
0
71
0
0
278
1005
999
831
645
400
135
1170
0
487
62
0
91
21
178
251
0
0
0
303
236
0
259
0
0
1373
1594
0
489
108
0
0
388
1837
0
105
0
0
2617
3128
685
1503
0
0
2407
3666
2717
243
0
515
251
1323
3931
2137
1540
1044
40
1086
1308
430
0
0
0
14
20
207
216
257
200
999
1467
766
220
0
0
0
0
20
12
0
0
49
1202
1697
804
224
0
0
0
1357
3138
3519
1411
712
829
1181
994
402
0
0
24
0
693
3876
5691
4473
3449
1729
859
68
0
0
114
0
0
391
1420
1570
1779
1713
1347
0
28
0
0
0
74
0
0
141
358
641
1543
1133
407
0
0
0
997
1475
1426
958
649
660
548
176
311
482
508
0
0
394
799
978
428
0
0
0
0
0
0
0
0
24
0
6
183
167
135
208
450
352
331
393
254
72
0
232
3466
473
0
95
20
295
334
63
14
295
1027
353
610
3822
1469
404
794
616
1668
2349
1401
976
1715
1366
1217
217
937
1606
1209
1051
1721
2462
5270
2385
450
652
469
773
247
217
0
424
207
131
1457
1680
43
0
408
518
511
135
21
0
26
20
9
204
592
230
31
0
279
0
0
0
16
0
0
38
90
90
136
245
290
6
13
0
0
0
0
0
97
0
0
97
388
189
60
0
173
122
0
0
0
0
837
655
1482
461
27
0
0
294
254
0
0
0
0
100
1101
957
476
22
0
0
96
221
0
0
0
0
0
328
427
393
0
0
0
200
308
189
116
175
139
2
35
113
229
201
582
740
190
105
271
91
0
2
321
488
549
524
140
45
214
45
15
36
60
0
134
426
379
385
347
278
117
674
36
51
4
124
0
0
0
0
289
42
0
0
196
148
0
0
120
208
0
0
0
0
10
0
102
889
209
1041
683
593
1393
0
0
0
0
0
404
869
868
0
280
432
38
429
1232
1325
792
747
330
994
679
213
24
0
0
54
30
0
0
0
68
856
1582
715
5
0
0
19
46
4
42
0
0
308
1154
793
410
0
0
0
0
372
0
0
0
0
0
46
339
234
0
0
43
0
217
294
0
53
618
693
0
24
0
0
141
0
0
74
80
0
0
651
303
77
6
0
0
275
80
0
13
702
714
819
659
266
0
0
0
0
0
0
0
0
0
28
38
0
0
0
0
0
0
435
0
0
0
0
0
67
0
0
0
0
0
180
7
8
0
0
79
166
273
147
162
93
0
0
0
131
172
0
104
97
0
0
0
404
152
161
387
270
148
579
1107
388
109
150
947
0
0
0
237
0
17
204
565
899
1710
1001
145
1298
1105
250
773
0
0
283
332
222
401
412
0
255
1189
1519
1307
122
648
391
290
0
21
0
44
30
0
60
279
231
937
1684
1147
11
0
0
53
68
13
0
197
332
336
1685
1482
811
64
0
0
0
0
0
0
0
0
282
751
805
477
0
89
188
0
31
0
0
0
279
962
203
27
0
0
177
371
0
0
0
0
0
136
615
0
29
0
0
371
517
0
0
160
339
271
540
273
0
0
0
0
547
1203
1569
1136
317
0
0
0
0
84
756
1454
1843
1250
1657
1363
413
0
0
0
0
0
0
0
93
961
69
29
419
246
0
2
229
176
28
32
0
0
643
273
2836
1232
293
36
7
264
465
115
0
0
749
844
833
2909
719
128
0
0
496
2441
748
1549
2255
2600
1663
586
2430
1543
1157
28
312
1284
1890
2697
1330
1643
874
593
0
273
204
0
1003
1299
1595
1892
2
217
430
466
0
186
3
0
29
25
37
199
582
364
280
397
46
0
0
0
0
36
0
18
0
0
67
276
33
0
0
0
0
0
814
153
0
182
213
161
0
0
0
0
48
0
0
128
1183
135
1398
847
1723
0
9
0
0
29
0
0
0
969
170
1359
2725
231
121
142
0
0
60
94
0
61
1316
939
1803
1330
904
363
0
0
0
358
705
999
449
0
0
0
0
0
0
0
690
1217
964
657
329
61
57
15
0
0
0
0
0
92
741
79
19
59
216
87
37
166
77
20
0
0
0
668
241
1494
381
0
244
17
335
557
400
160
63
274
316
402
1251
0
0
160
289
1345
1794
246
0
0
0
0
183
0
0
0
241
1532
2290
3375
962
317
0
0
0
97
0
0
0
256
1312
420
0
0
0
458
534
0
0
6
0
40
20
44
9
0
0
492
571
331
22
0
0
0
0
0
12
0
0
190
659
0
0
0
0
0
0
593
1311
2136
1451
373
0
0
0
0
0
71
45
0
241
1970
4225
3507
2693
471
218
0
0
0
405
121
0
0
352
1813
2135
1623
0
0
24
0
0
334
242
0
0
35
294
1044
1533
1201
193
0
0
0
0
0
0
0
116
0
0
0
0
0
0
0
0
0
0
0
0
129
255
0
0
0
0
0
86
0
0
0
97
0
0
0
0
0
0
0
0
0
0
0
57
124
116
84
15
352
640
21
108
55
0
0
448
764
866
46
329
661
1983
4688
1754
0
0
0
44
202
1182
743
1296
1969
2014
3506
6502
4265
1627
1395
979
317
60
49
466
55
300
1443
1423
2395
894
221
296
44
422
0
0
0
52
40
69
116
309
314
156
74
0
107
0
0
51
0
0
0
186
89
236
0
0
0
5
0
0
0
211
0
0
0
0
0
0
0
0
0
118
112
0
52
427
0
0
607
699
528
22
0
0
0
188
0
0
52
0
0
0
746
1131
92
0
0
0
0
0
46
507
197
497
381
289
373
0
0
0
19
0
0
0
0
0
0
0
0
97
0
0
0
447
0
0
0
0
0
23
37
102
121
0
0
176
6
1
20
124
78
196
0
0
0
0
0
0
219
52
1167
225
0
0
11
275
327
11
103
72
549
222
496
2390
698
0
1025
1330
2317
2586
921
0
21
1897
2775
338
1773
769
247
1970
2948
4541
6223
1930
1433
3980
5442
4090
359
652
910
340
132
2428
2955
3099
1386
57
1304
1008
678
0
39
0
22
0
78
0
0
0
0
0
0
125
0
0
54
50
0
0
274
269
224
566
0
0
0
0
0
0
552
866
775
62
0
0
0
81
0
0
32
164
0
180
1315
556
0
31
0
0
0
0
0
262
216
0
214
657
101
0
0
0
0
26
0
0
238
378
0
0
149
70
258
48
30
0
0
0
0
0
185
502
358
645
669
923
1304
1065
456
0
440
1301
556
313
179
108
512
376
818
815
769
665
169
115
644
40
29
0
0
64
77
443
209
205
60
86
27
788
262
1088
53
0
0
0
0
0
1
0
0
695
582
372
449
627
142
0
124
1016
0
0
581
1137
1151
1451
108
0
717
0
0
0
1755
2128
38
0
450
839
856
274
0
382
0
0
0
2642
2310
482
0
0
0
0
0
25
0
66
40
0
298
234
337
1115
1612
746
4
0
0
0
0
28
0
0
0
346
2561
2815
1144
115
0
0
0
1253
956
192
82
0
494
1775
2001
870
0
63
37
0
1067
1345
0
0
670
996
143
63
0
0
0
0
0
457
1121
0
0
984
685
398
0
0
0
0
91
0
0
311
321
616
845
757
185
0
0
0
0
0
0
0
0
0
0
0
0
0
81
1041
1742
0
0
0
0
440
534
597
670
828
636
343
406
623
0
0
0
0
0
48
302
329
330
360
184
81
726
79
41
94
106
0
0
0
0
86
61
72
638
466
0
0
0
0
0
0
462
172
50
61
432
1876
3775
0
0
0
622
0
615
1670
1992
528
640
3747
4117
3195
0
0
818
234
53
1428
2377
2248
1404
354
255
0
117
37
31
0
0
0
0
0
0
0
0
358
364
0
0
0
5
18
7
0
0
0
0
220
273
372
31
0
0
0
552
672
1322
709
78
287
613
524
273
0
0
74
0
527
793
2312
2656
2651
3066
684
35
0
0
0
64
0
581
1141
1186
2454
3474
1609
544
6
0
0
3
0
0
5
386
851
1191
459
639
199
0
0
0
0
0
0
0
170
124
293
425
0
0
0
187
257
0
0
0
0
103
153
0
0
57
71
50
0
275
0
0
96
0
9
0
0
0
0
0
0
0
159
59
0
28
341
7
7
0
0
0
12
0
0
0
0
0
860
491
502
675
510
28
0
0
0
162
965
0
0
540
1991
2431
1060
1839
764
942
282
2214
3005
2287
20
80
1232
429
487
2153
2217
3094
2017
413
401
346
318
18
0
0
0
0
33
146
630
295
0
0
0
34
0
0
2
0
0
0
237
214
0
0
0
0
0
0
0
0
798
1080
971
138
0
0
125
0
0
0
0
0
0
676
1773
1446
1077
1474
997
815
71
0
0
39
132
0
196
265
13
0
303
922
774
19
0
0
176
391
0
24
212
3
0
553
1018
281
0
0
0
313
3
0
23
996
1365
1586
1737
1597
1014
0
669
1782
1067
806
727
358
1072
1415
1916
2037
1925
1497
356
80
947
52
61
216
122
0
227
504
406
351
232
118
18
1329
90
332
100
122
136
0
0
12
80
82
59
342
2
347
1400
796
464
1027
1334
1477
674
478
0
0
854
1327
179
1199
843
1591
2236
2328
2889
3670
2760
1891
3775
3522
2534
408
367
397
97
449
1316
1866
2153
1661
280
792
588
0
56
0
0
65
55
99
183
172
199
1001
1600
839
113
0
0
54
0
20
28
41
164
325
1930
1937
929
140
0
0
0
75
805
1192
555
0
372
1403
1664
719
0
159
93
0
353
1288
855
826
0
0
354
58
0
0
391
132
0
138
1041
988
740
176
0
0
0
0
0
316
370
0
20
670
606
852
943
496
149
0
0
0
17
355
513
182
321
0
0
91
55
0
26
674
1151
0
0
0
162
407
448
295
392
487
170
0
251
870
0
0
0
78
0
0
0
0
0
0
0
0
452
37
0
0
410
322
0
72
74
237
67
102
184
582
0
290
1
800
347
0
1192
0
0
793
115
229
610
0
1009
692
46
0
0
0
1609
0
0
0
0
93
0
432
172
0
0
0
0
0
0
148
0
0
0
0
0
0
0
0
0
0
0
0
0
0
0
0
0
0
12
0
12
0
0
14
0
228
603
536
183
0
0
0
541
2033
2385
1219
350
251
949
922
520
0
0
56
0
393
2133
2997
2833
1885
1416
867
20
0
0
201
218
0
78
192
545
1182
1093
1790
610
32
0
0
152
227
0
22
0
0
354
537
1055
876
0
0
0
0
0
64
0
0
0
0
0
0
10
373
870
913
167
52
46
0
0
0
0
0
0
78
131
0
204
30
14
19
11
0
3
336
428
546
587
514
252
387
365
1120
198
0
67
1
19
0
72
0
47
775
453
370
1146
276
3
784
914
440
455
61
661
639
897
440
373
334
0
0
0
2063
1972
2906
0
109
0
0
0
89
9
0
0
122
338
734
793
0
0
226
361
0
0
43
0
0
0
39
114
0
0
0
0
36
4
0
0
66
36
0
46
262
55
0
0
0
0
0
0
0
0
743
317
55
161
0
0
0
0
0
0
295
265
0
591
1421
142
0
0
695
0
0
0
0
520
262
0
25
770
1363
1653
2339
0
0
0
0
0
787
582
0
1
666
1047
1831
1235
1528
0
0
0
0
0
0
0
0
0
0
0
0
0
0
0
0
0
0
0
0
0
59
489
566
957
1365
1284
927
264
0
0
0
75
0
53
119
193
324
462
575
466
225
0
296
2132
562
271
95
4
87
55
219
122
325
2157
716
687
1917
1323
485
1237
910
2213
2888
1525
630
1633
3149
2694
248
640
1908
1813
1801
3026
4659
7486
4778
2133
2152
2042
1565
133
220
0
263
959
1440
3273
2503
360
149
1332
1140
317
0
36
0
17
15
103
365
496
327
0
0
0
36
0
0
145
88
9
36
557
430
111
496
611
195
21
0
0
0
0
0
0
376
131
89
181
0
0
0
323
272
0
69
288
786
180
0
0
0
0
0
0
731
656
0
252
540
1218
1583
1385
0
0
4
0
0
608
729
0
0
257
742
947
153
46
0
0
0
0
1492
2889
3237
1716
1372
1723
1762
1845
1943
1742
810
1240
2047
1311
1549
1317
506
179
272
662
755
688
533
0
0
475
71
60
65
177
0
101
360
383
361
261
144
54
939
256
0
89
168
450
0
89
327
576
116
141
864
681
468
1245
0
187
323
641
1666
1125
197
213
564
2223
2485
66
450
65
1402
2243
1498
1532
1894
2621
1848
3041
2737
1751
49
106
89
0
562
1089
442
22
260
206
340
222
0
52
0
0
0
0
133
322
148
13
123
296
199
127
0
0
21
0
0
4
28
140
0
0
0
0
50
0
0
0
872
1701
2143
1594
476
0
0
68
44
0
317
74
0
603
2866
3554
1922
1158
683
914
13
0
0
636
207
0
208
951
1571
1645
56
934
547
0
0
0
376
76
0
0
204
217
478
561
873
453
0
0
0
0
0
0
0
0
0
0
0
0
0
0
403
1300
66
0
0
9
0
0
0
0
0
0
0
0
658
0
13
276
307
110
0
0
0
0
0
0
0
830
0
1752
603
398
146
26
113
13
29
69
0
0
0
40
1365
1158
1032
1574
1598
1519
1937
538
0
0
0
0
250
1428
356
529
3477
3745
1376
2572
708
686
2770
2256
824
0
193
262
0
1531
3683
665
500
344
385
872
1170
348
0
0
0
142
120
176
132
197
247
791
896
699
138
0
0
34
52
10
0
129
78
579
1692
1782
680
143
0
0
0
21
643
1102
432
487
607
699
738
422
0
0
132
0
57
604
1049
1890
1354
2204
782
81
0
0
0
252
0
0
308
224
902
1106
1026
188
195
0
0
0
104
0
18
464
212
430
50
0
261
0
0
0
303
322
0
0
804
860
1161
1384
1226
835
293
0
0
0
0
0
0
238
503
1007
1268
1132
852
280
15
0
0
14
196
156
50
99
267
446
403
319
284
99
0
73
0
260
0
378
1
260
607
216
54
68
578
163
57
0
0
196
434
297
1135
1242
536
860
2291
2297
1198
61
0
0
0
0
134
134
298
1578
3043
3707
1369
561
89
0
81
0
0
0
0
0
0
19
167
0
0
34
7
0
0
0
0
0
0
0
16
166
335
0
0
0
0
0
0
0
0
0
0
0
0
0
6
0
0
0
1193
1322
0
0
58
185
53
17
0
0
49
30
0
919
1780
0
0
105
0
279
38
0
0
208
131
0
505
1258
0
0
0
452
616
125
0
0
267
281
0
0
476
425
1023
1046
641
364
0
0
0
49
0
0
0
0
0
0
0
0
0
0
0
0
307
94
0
0
0
0
0
0
0
0
0
157
33
0
10
316
259
37
0
0
0
0
0
0
0
0
0
719
334
102
182
7
423
757
299
166
0
0
0
229
0
0
0
0
195
1689
2728
991
1540
1806
1126
0
246
0
0
108
1252
268
468
993
1199
376
832
250
0
45
153
269
103
251
1182
268
616
293
136
277
226
170
13
0
0
21
25
70
38
102
54
0
0
0
50
0
0
0
0
25
0
95
15
90
1468
1564
711
100
0
0
0
643
0
0
0
65
497
1869
1392
552
0
451
151
0
462
175
0
0
316
1563
764
81
0
0
750
292
0
93
259
0
22
1176
958
1055
22
0
0
776
340
0
6
1290
1115
1628
1257
924
139
0
0
0
80
0
0
0
0
0
0
0
0
0
0
260
215
430
450
221
0
0
0
0
163
149
17
0
119
231
2
0
350
478
38
0
0
0
0
0
0
0
134
111
2456
760
126
184
11
53
0
0
62
125
728
753
167
903
742
599
1849
1873
2426
3391
1637
1991
2728
2903
1071
61
0
0
0
1159
3469
3884
7393
2050
255
595
380
0
0
0
0
0
737
1705
2026
1876
0
12
71
179
80
74
0
0
0
0
110
0
325
39
0
0
0
106
0
0
0
0
0
0
0
0
0
0
0
0
35
0
0
0
0
0
0
0
0
0
0
0
0
0
0
0
0
0
0
0
316
508
917
118
56
0
0
0
0
0
0
0
0
38
793
0
593
71
0
0
0
0
0
5
578
318
503
0
0
198
0
0
0
798
819
518
321
356
134
0
0
0
51
556
0
0
348
350
379
222
196
127
0
0
0
0
0
128
0
15
0
164
286
58
0
0
0
0
0
0
0
0
139
0
0
157
126
3
421
578
481
221
114
0
0
469
1071
27
20
685
370
1503
2776
318
0
0
0
0
374
640
673
65
416
1181
1419
4497
526
74
0
0
0
0
492
0
0
403
326
0
411
0
95
1160
1130
562
102
0
0
0
0
0
168
291
36
0
23
145
0
0
0
13
30
0
54
122
79
0
0
0
0
0
0
0
0
528
525
235
35
0
0
0
0
0
0
227
143
0
639
2127
2394
1781
1875
575
0
0
0
0
485
323
0
192
771
701
989
1901
694
0
16
0
0
478
320
0
4
747
493
775
1000
751
0
0
0
0
536
679
644
328
803
997
978
952
898
758
618
0
0
374
399
470
209
236
172
652
969
1180
1312
892
310
129
4
6
51
63
17
265
633
640
622
485
328
126
0
197
2467
316
40
0
0
34
93
248
96
187
768
231
440
3451
1859
531
0
0
1097
624
286
714
579
785
0
157
1092
1607
466
0
0
61
0
749
0
0
0
0
212
165
11
234
79
0
991
604
160
44
553
254
347
27
15
0
6
0
0
64
82
60
0
0
158
0
0
0
76
38
22
8
368
288
64
1241
1692
938
65
0
0
0
1209
536
0
0
49
594
1701
1552
643
0
184
222
0
956
1754
78
0
1240
1697
317
76
0
0
277
307
0
438
1353
345
957
2028
1185
701
21
0
0
193
355
0
0
522
443
874
583
799
303
0
0
0
533
908
832
128
0
0
0
138
256
325
422
511
473
976
1005
684
38
238
221
20
0
0
0
173
303
244
86
43
69
260
57
321
869
1018
944
761
586
234
354
0
707
261
0
0
0
209
60
291
145
50
0
178
86
0
0
0
0
0
0
0
0
0
0
396
1166
0
0
0
365
356
0
0
0
0
255
1065
597
801
0
0
398
344
0
16
0
0
431
0
64
0
198
41
0
0
0
0
0
15
511
290
74
276
237
0
0
0
0
46
2
10
0
0
0
440
362
59
24
0
0
0
333
0
0
133
181
196
288
516
148
0
37
47
0
0
0
0
0
444
0
198
80
0
0
318
54
0
0
0
0
0
0
0
0
102
0
0
352
117
0
0
378
441
249
0
0
0
0
0
0
318
503
554
382
294
0
0
0
0
0
0
0
0
578
1171
760
264
162
157
443
358
34
1
65
56
0
32
16
293
255
0
67
375
404
376
258
288
144
0
534
2100
1184
0
140
6
229
234
155
0
134
1376
894
480
411
235
0
38
0
337
825
306
1256
2192
3515
2922
330
0
537
621
1128
420
1664
2953
2651
1378
1815
1948
1062
0
0
301
83
0
0
446
672
246
174
365
145
167
107
0
0
89
75
46
0
0
101
133
197
0
60
0
0
48
94
0
24
177
111
319
684
328
202
0
0
0
0
1086
44
0
0
419
184
0
0
0
0
0
32
0
492
1600
990
545
1410
1136
418
70
0
0
0
0
0
74
378
0
0
704
469
877
157
0
0
0
0
0
0
658
533
1139
791
920
459
0
0
0
850
2183
2858
1798
1359
1411
1879
2079
1933
1762
1915
2159
1991
120
479
462
218
294
597
1160
1545
1573
1466
1032
279
194
5
19
67
0
0
0
182
357
433
421
398
198
302
228
709
281
187
141
32
179
521
171
0
0
231
449
114
53
0
174
1200
1501
1011
1801
29
360
1325
1577
1228
114
563
0
297
2779
3004
1376
722
0
0
1025
1424
528
0
0
134
233
1717
3278
646
164
156
313
1563
1785
683
33
0
0
7
15
164
18
484
254
0
0
0
94
0
0
0
12
0
44
87
0
31
22
176
0
6
0
0
0
176
0
0
0
0
18
0
0
0
0
0
3
0
127
0
0
0
0
166
240
34
0
0
0
0
0
35
0
0
0
0
13
0
179
0
0
132
44
0
14
0
316
391
316
0
0
0
0
0
0
0
0
0
489
258
251
36
0
159
162
286
387
0
0
0
0
0
0
0
0
0
0
0
0
311
0
0
0
0
0
0
0
0
0
45
0
0
0
12
0
0
0
55
24
394
478
0
0
0
57
0
37
0
0
0
946
1188
1312
2347
348
0
247
0
462
0
0
0
0
980
1678
966
2323
0
0
888
1070
438
4
0
418
1
448
2532
740
963
677
0
66
358
178
70
0
0
0
0
59
0
50
0
0
0
0
47
0
0
0
0
0
0
311
125
0
0
0
0
0
0
0
0
133
420
920
484
101
0
0
0
0
0
125
34
0
0
39
679
1495
780
337
0
0
0
0
305
210
0
0
0
0
812
1713
0
154
93
0
0
242
152
0
0
488
664
961
324
0
68
0
0
0
